0.06043437495827675
0.12439391016960144
0.05546094477176666
0.04998126998543739
0.12523145973682404
0.0600709542632103
0.29169362783432007
0.2097257524728775
0.14790837466716766
0.30063313245773315
0.20080536603927612
0.1572253406047821
-0.04106579348444939
0.24402521550655365
0.2408270239830017
0.2996557950973511
-0.016994137316942215
0.28137335181236267
0.08196625858545303
0.19024446606636047
0.128183513879776
0.06717941164970398
0.3053141236305237
0.29355281591415405
0.05646701902151108
-0.07196547836065292
0.042981699109077454
0.03227471932768822
0.16841404139995575
0.13979041576385498
0.24526000022888184
0.2144167125225067
-0.10353288054466248
0.0744425505399704
-0.018027791753411293
0.09686070680618286
0.062482837587594986
0.13082025945186615
-0.05108680576086044
0.23435215651988983
0.10101460665464401
-0.08838789910078049
-0.011001878418028355
0.008731291629374027
0.10409735143184662
0.16649116575717926
-0.03834119066596031
0.07949694246053696
-0.0706813633441925
0.11628418415784836
0.1981765776872635
-0.05649354308843613
0.2422298640012741
0.14387474954128265
0.12734420597553253
0.22620293498039246
0.2383546382188797
-0.13659293949604034
0.06416589021682739
0.05656783655285835
0.07453863322734833
0.3161959648132324
0.14815911650657654
0.37571850419044495
0.5565847754478455
0.39631661772727966
0.6514380574226379
0.3310668170452118
0.3177226483821869
0.2221270501613617
0.2870260775089264
0.6919296383857727
0.5765899419784546
0.3472099006175995
0.6049998998641968
0.6333552002906799
0.5285505056381226
0.1521453559398651
0.29337313771247864
0.1721576601266861
0.5220726728439331
0.5288230180740356
0.5844189524650574
0.49140095710754395
0.3807171881198883
0.3886517882347107
0.14317281544208527
0.07531100511550903
0.313494473695755
0.7431477308273315
0.5976494550704956
0.2950096130371094
0.26493188738822937
0.35781168937683105
0.41022583842277527
0.27963462471961975
0.11809603124856949
0.38597989082336426
0.46002888679504395
0.3393670618534088
0.24056749045848846
0.5388835072517395
0.39360588788986206
0.11459672451019287
0.4216669797897339
0.3049129843711853
0.2997896671295166
0.48959773778915405
0.39040276408195496
0.39419761300086975
0.4014674425125122
0.2869962751865387
0.2747720777988434
0.5039107203483582
0.4809474050998688
0.6867900490760803
0.592276930809021
0.40772545337677
0.16193027794361115
-0.3152586817741394
0.5543110966682434
0.27582255005836487
0.3340582251548767
0.4745240807533264
0.4137026071548462
0.036039818078279495
-0.011432806961238384
0.2886645793914795
0.4443228244781494
0.6423491835594177
0.5535323619842529
0.5569469332695007
0.6753365397453308
0.6768841743469238
0.5850147604942322
0.6081202030181885
0.4282938241958618
0.5828341841697693
0.566184937953949
0.6373434662818909
0.5671152472496033
0.7888403534889221
0.6805242300033569
0.6046720743179321
0.5728299617767334
0.5897095203399658
0.5608877539634705
0.4811926782131195
0.6055795550346375
0.5143372416496277
0.6150779724121094
0.8085694909095764
0.3638947606086731
0.5952389240264893
0.5591073036193848
0.6223800778388977
0.5200599431991577
0.8221439123153687
0.5363929867744446
0.7877267599105835
0.5377262830734253
0.7528197169303894
0.7407272458076477
0.6183579564094543
0.5235188007354736
0.48018521070480347
0.6215218305587769
0.7148476243019104
0.6931938529014587
0.6142935156822205
0.6101364493370056
0.5854185819625854
0.5216594934463501
0.5719009041786194
0.4372272789478302
0.5803488492965698
0.4467574954032898
0.7298352718353271
0.5308114290237427
0.49250897765159607
0.4620268940925598
0.5704602599143982
0.4846540093421936
0.5253148674964905
0.42179572582244873
0.5414635539054871
0.6755294799804688
0.6178991198539734
0.881942093372345
0.7259349226951599
0.4841606616973877
0.608041524887085
0.06175168231129646
-0.057068679481744766
0.09319067001342773
-0.02338436245918274
0.2634769380092621
0.14722217619419098
0.5136632919311523
0.4548819065093994
0.004476918838918209
0.5548880696296692
0.12635594606399536
-0.07074100524187088
0.0017242796020582318
0.2506471574306488
0.1559690535068512
0.17876975238323212
-0.11608100682497025
0.17433717846870422
0.2027517855167389
-0.022894691675901413
0.12832850217819214
-0.03539580479264259
0.1733100265264511
0.13215585052967072
0.004339837934821844
-0.13319464027881622
0.043413951992988586
-0.09880758076906204
0.06566203385591507
-0.07317200303077698
0.17811784148216248
0.22323913872241974
-0.4194469749927521
-0.002357587218284607
-0.07539068907499313
0.05885788053274155
-0.14084979891777039
0.13675442337989807
-0.0016154523473232985
0.13270582258701324
0.02762606367468834
-0.07368181645870209
-0.09902837127447128
-0.015766797587275505
0.0765729546546936
0.14154137670993805
0.05210002884268761
0.28939372301101685
-0.18570062518119812
0.15344636142253876
0.03523802012205124
-0.03000781126320362
0.18935070931911469
0.16672886908054352
0.28816911578178406
0.17313545942306519
0.25206077098846436
-0.01802203617990017
-0.0005235017160885036
-0.024456946179270744
0.15767018496990204
0.31183335185050964
0.14408300817012787
0.2594611346721649
-0.26930302381515503
-0.30863189697265625
-0.3312719464302063
-0.29418396949768066
-0.35857588052749634
-0.35742104053497314
-0.29777494072914124
-0.33127233386039734
-0.46454697847366333
-0.32632073760032654
-0.20967437326908112
-0.42889025807380676
-0.3303303122520447
-0.26238134503364563
-0.21846017241477966
-0.3900509774684906
-0.31441906094551086
-0.4273132085800171
-0.44500860571861267
-0.41047775745391846
-0.29440122842788696
-0.29905202984809875
-0.13302451372146606
-0.16344603896141052
-0.5765842199325562
-0.2962019741535187
-0.3700871765613556
-0.41697821021080017
-0.23763498663902283
-0.26989635825157166
-0.23165254294872284
-0.025433003902435303
-0.4609261155128479
-0.3513273298740387
-0.2501170039176941
-0.31650933623313904
-0.35567864775657654
-0.3873870372772217
-0.38573476672172546
-0.042439185082912445
-0.2389581948518753
-0.3374089002609253
-0.4573424160480499
-0.32098299264907837
-0.3907206654548645
-0.2380460500717163
-0.3550165891647339
-0.27136313915252686
-0.41721850633621216
-0.27306559681892395
-0.2768174707889557
-0.3911326229572296
-0.5404062271118164
-0.4241091012954712
-0.27701041102409363
-0.4116709232330322
-0.3020099401473999
-0.37261414527893066
-0.34500694274902344
-0.4422494173049927
-0.2322556972503662
-0.3110088109970093
-0.2618368864059448
-0.14931966364383698
-0.07280506193637848
-0.1678854525089264
-0.0827271044254303
-0.18180495500564575
0.011584501713514328
0.08385563641786575
0.44565802812576294
0.11899334192276001
-0.11152037233114243
0.4347519278526306
0.013061970472335815
-0.13802585005760193
-0.16004633903503418
0.11308572441339493
0.26747068762779236
0.15676318109035492
-0.31707683205604553
0.11725444346666336
0.02119157277047634
-0.16731218993663788
0.17976394295692444
0.0057593900710344315
0.3213149607181549
0.2662566900253296
-0.05208486691117287
-0.16500896215438843
-0.15013596415519714
-0.22372117638587952
-0.08241665363311768
-0.11670925468206406
0.2220838963985443
0.07700708508491516
-0.3195059597492218
-0.17828167974948883
-0.07461478561162949
-0.03670843690633774
-0.1343451887369156
-0.1916532814502716
-0.10557655245065689
0.21523825824260712
-0.23585747182369232
-0.2314475029706955
-0.11145094782114029
-0.0431685745716095
-0.019387289881706238
0.010629282332956791
-0.0807432010769844
0.18481431901454926
-0.3171488046646118
-0.08647038787603378
0.06484660506248474
-0.250366747379303
0.14732687175273895
0.250610888004303
0.21837490797042847
0.37278279662132263
0.11092562228441238
-0.13217280805110931
-0.219283327460289
-0.17257539927959442
0.006600732449442148
0.17704419791698456
0.18599656224250793
0.17727097868919373
0.4246804416179657
0.4728369414806366
0.21734361350536346
0.2960684299468994
0.17683646082878113
0.12042984366416931
0.008121997117996216
0.20346657931804657
0.3161248564720154
0.23756109178066254
0.2765313982963562
0.2331991344690323
0.36609819531440735
0.09165070205926895
0.182303324341774
0.1301325112581253
0.27756521105766296
0.21170780062675476
0.21014349162578583
0.2924830913543701
0.36914822459220886
0.33516231179237366
0.10893804579973221
0.1449446827173233
0.2724860608577728
0.39901506900787354
0.2874768078327179
0.11966479569673538
0.2225586324930191
0.3242597281932831
0.2606765627861023
0.08848901093006134
0.37751293182373047
0.22546474635601044
0.34074732661247253
0.31858590245246887
0.21828576922416687
0.38039979338645935
0.20403826236724854
0.12709283828735352
0.34140342473983765
0.43345165252685547
0.38440898060798645
0.32994475960731506
0.3726627826690674
0.19475260376930237
0.19561278820037842
0.15117870271205902
0.3126315474510193
0.09688980132341385
0.31594371795654297
0.3091217875480652
0.3342931866645813
0.18609002232551575
0.1143876165151596
0.22702787816524506
0.2339973896741867
0.38370266556739807
0.4155697226524353
0.33378005027770996
0.15794254839420319
0.08434781432151794
0.19011831283569336
0.10674421489238739
0.5437526106834412
0.6806226372718811
0.6437211036682129
0.5881721377372742
0.4499134421348572
0.18078407645225525
0.22754143178462982
0.3875643312931061
0.7625796794891357
0.5804499983787537
0.623279869556427
0.68538498878479
0.46412548422813416
0.15549565851688385
0.11119633167982101
0.12235148996114731
0.4431062638759613
0.46318942308425903
0.8999683856964111
0.4345797002315521
0.35724878311157227
0.09051747620105743
-0.03277228772640228
-0.1013721227645874
0.425363689661026
0.5954975485801697
0.2178947776556015
0.21305285394191742
0.12436293065547943
0.3564538359642029
0.2948533892631531
0.12553700804710388
0.495063453912735
0.4191429615020752
0.28935572504997253
0.029778670519590378
0.13431724905967712
0.6388009786605835
0.04763135313987732
-0.1035328060388565
0.5592113733291626
0.38532784581184387
0.2678535282611847
0.4408026337623596
0.3619261384010315
0.42043089866638184
0.11553449928760529
0.06374561786651611
0.5321482419967651
0.6546818614006042
0.32742050290107727
0.742728054523468
0.498735249042511
0.2703445553779602
-0.14009109139442444
-0.5322652459144592
0.45532333850860596
0.6213569641113281
0.5579519271850586
0.5507541298866272
0.3289259672164917
0.012895695865154266
-0.06467217206954956
-0.15696854889392853
-0.4059513211250305
-0.367727667093277
-0.4306599497795105
-0.4299870431423187
-0.5384140014648438
-0.3862355649471283
-0.5123241543769836
-0.4426087737083435
-0.3542744815349579
-0.5351296067237854
-0.5442434549331665
-0.4227735698223114
-0.5020617842674255
-0.4860781133174896
-0.5248761773109436
-0.45183655619621277
-0.3479909896850586
-0.568657398223877
-0.4227665960788727
-0.5709303617477417
-0.6001004576683044
-0.6550791263580322
-0.44921356439590454
-0.5795213580131531
-0.41314923763275146
-0.4640690088272095
-0.3608740270137787
-0.4676809310913086
-0.6675177216529846
-0.5714884400367737
-0.5000419020652771
-0.6431168913841248
-0.4771357476711273
-0.529233992099762
-0.38897013664245605
-0.48466023802757263
-0.5461350083351135
-0.5579954385757446
-0.4263095557689667
-0.5656166672706604
-0.39192020893096924
-0.5006064772605896
-0.6108646392822266
-0.5851109623908997
-0.542632520198822
-0.6277567148208618
-0.39135289192199707
-0.5642873644828796
-0.6432554125785828
-0.6681409478187561
-0.695960521697998
-0.518090009689331
-0.612005889415741
-0.5043282508850098
-0.6667191386222839
-0.6130207777023315
-0.4952573776245117
-0.5334299206733704
-0.4881829619407654
-0.3368402421474457
-0.37977033853530884
-0.4317748546600342
-0.6226116418838501
-0.4709550440311432
0.11219054460525513
0.007115939632058144
0.05962001532316208
0.19107361137866974
0.37529879808425903
0.3739734888076782
0.416375070810318
-0.012905211187899113
-0.07690701633691788
0.38733989000320435
0.24205391108989716
0.017170682549476624
0.03956982120871544
0.2413349151611328
0.12857060134410858
0.21730805933475494
0.08978287130594254
0.3378017842769623
0.12966668605804443
0.18695680797100067
0.11691083014011383
0.24095885455608368
0.24041946232318878
0.32291945815086365
0.17128147184848785
0.03918782249093056
0.2098877727985382
0.24638484418392181
0.1009715273976326
-0.020301897078752518
0.25367414951324463
0.24232476949691772
0.04534534737467766
-0.0024417268577963114
0.20306527614593506
0.07865212112665176
0.1841481477022171
0.1382201462984085
0.030583301559090614
0.23595479130744934
0.12486526370048523
0.09782891720533371
0.12042888253927231
0.054833125323057175
0.14164572954177856
0.16484951972961426
0.10301681607961655
0.2204935997724533
0.10202004760503769
0.23784592747688293
0.24702580273151398
0.12993291020393372
0.4090780019760132
0.3137916922569275
0.4337104856967926
0.43385744094848633
0.2545328438282013
0.011462093330919743
0.03014679253101349
0.011606276035308838
0.25166505575180054
0.3569025695323944
0.29647859930992126
0.2900930941104889
0.10239353030920029
0.2376583367586136
0.17744269967079163
0.19297058880329132
-0.12091410905122757
-0.15252982079982758
-0.26618027687072754
0.07189653068780899
0.09701404720544815
-0.05449065566062927
0.008537936955690384
0.093605175614357
0.1912185698747635
-0.14911726117134094
-0.10082536935806274
-0.12480000406503677
0.2884950339794159
-0.02920137345790863
0.17978951334953308
0.08145146816968918
0.03381190821528435
0.0734446570277214
-0.14165560901165009
-0.1195763424038887
0.18694591522216797
0.07340095192193985
0.17852215468883514
0.22741201519966125
-0.0001009608677122742
0.19309863448143005
-0.08950430154800415
-0.0438045971095562
0.2866044044494629
0.034197259694337845
0.23624542355537415
0.015021675266325474
0.1922946721315384
0.2173687070608139
-0.015693556517362595
0.09316129237413406
0.14446252584457397
0.33938705921173096
0.08380021899938583
0.20061077177524567
-0.027753353118896484
0.11611809581518173
0.07445988804101944
0.03204779699444771
0.2594740688800812
0.04291623458266258
-0.003130760043859482
0.07401799410581589
0.04944785311818123
-0.050734106451272964
-0.11349385231733322
-0.10642044991254807
0.08043913543224335
0.16008508205413818
0.24735158681869507
0.22687789797782898
0.13441883027553558
-0.20540492236614227
-0.15673567354679108
-0.025851856917142868
0.06281264871358871
0.11726897209882736
0.10634772479534149
0.10476294904947281
0.1052057147026062
0.090448297560215
0.1405201256275177
0.14435505867004395
-0.003279292257502675
0.22836512327194214
0.02629065327346325
0.12148507684469223
0.14459362626075745
0.19772157073020935
0.08554136008024216
0.15959133207798004
0.17164084315299988
0.12430877983570099
0.12897266447544098
0.19521990418434143
0.22983849048614502
0.13754241168498993
0.20532603561878204
0.3460777699947357
0.26151350140571594
-0.011207608506083488
0.11691654473543167
0.13708755373954773
0.1835860013961792
0.24685925245285034
0.24474169313907623
0.22363242506980896
-0.04463321343064308
-0.007777827326208353
0.07691925764083862
0.10597749799489975
0.1518235057592392
0.2343183308839798
0.06165887415409088
0.16759683191776276
0.21910515427589417
0.07244107872247696
0.22435283660888672
0.12075772136449814
0.24453622102737427
0.1585395485162735
0.24392418563365936
0.25974157452583313
0.22198064625263214
0.28025707602500916
0.2394149750471115
0.09508924186229706
0.1386590152978897
0.3787607252597809
0.36735185980796814
0.41222891211509705
0.10733168572187424
0.2134583592414856
0.009286977350711823
0.1623557209968567
0.07160823792219162
0.3624272644519806
0.28437840938568115
0.133402481675148
0.3564366400241852
0.03431103378534317
0.06102015823125839
0.0010307080810889602
0.03191597759723663
0.21911895275115967
0.09402241557836533
-0.0706605464220047
0.1072845384478569
0.07120244950056076
0.0002578899438958615
0.18812595307826996
-0.007010119501501322
-0.0026439419016242027
0.10037171095609665
-0.00474202074110508
0.26334843039512634
0.04190494120121002
-0.008819639682769775
0.1807427704334259
0.20996639132499695
0.08912193775177002
0.05900496616959572
-0.0065308441407978535
0.32831811904907227
0.07664313912391663
0.09829114377498627
0.11317752301692963
-0.051359258592128754
0.13202960789203644
0.11950405687093735
-0.09779112786054611
0.15397170186042786
-0.00615953654050827
0.04266895726323128
0.16822971403598785
0.09613735973834991
0.11660454422235489
0.07137098163366318
0.06929320096969604
0.08471374958753586
0.040650974959135056
0.23610125482082367
0.18879476189613342
0.08894937485456467
-0.016079651191830635
0.05892059579491615
0.06362973898649216
0.15186145901679993
0.02538786083459854
-0.02411377802491188
0.15370233356952667
0.14704377949237823
0.09430909901857376
-0.025596661493182182
0.16208471357822418
0.18710863590240479
0.08913878351449966
0.022794513031840324
0.1445155292749405
0.11120107024908066
0.02967037446796894
0.09905296564102173
0.11735931783914566
-0.12359369546175003
-0.18726295232772827
-0.08311443030834198
0.058080412447452545
-0.09879377484321594
-0.03897368162870407
-0.03429518640041351
0.003722232999280095
0.02088247612118721
-0.14398126304149628
-0.049714066088199615
-0.0877426415681839
-0.03600228577852249
-0.01957171969115734
-0.034870583564043045
0.07659737765789032
-0.05749739333987236
-0.061236899346113205
-0.13000980019569397
-0.15316054224967957
-0.018263380974531174
-0.04803541675209999
-0.11701848357915878
-0.1772022545337677
-0.2908423840999603
-0.009238860569894314
-0.16769355535507202
-0.060124535113573074
0.004943490494042635
-0.20226219296455383
-0.10741349309682846
-0.003940862603485584
-0.1471785306930542
-0.03714273124933243
-0.11023680120706558
-0.23731671273708344
-0.06249728426337242
0.02643531747162342
-0.0870799571275711
0.08416952937841415
0.009635785594582558
0.0030391677282750607
-0.23094747960567474
-0.04377062991261482
-0.04756111279129982
0.021052230149507523
-0.11007388681173325
-0.05022251978516579
-0.19268375635147095
-0.06965310871601105
0.0190779659897089
-0.19263237714767456
-0.1487090289592743
-0.1574280858039856
-0.21324807405471802
-0.17151696979999542
-0.19417668879032135
-0.2288448065519333
-0.035001788288354874
0.06192139908671379
-0.022111080586910248
-0.06651689112186432
-0.05872732773423195
0.00037826134939678013
0.07524263113737106
-0.0231251772493124
0.16946277022361755
-0.0019031735137104988
0.6354904770851135
0.4982248842716217
1.2465083599090576
0.5968846678733826
0.22258378565311432
1.0709894895553589
0.5734823346138
-0.021774638444185257
0.10490552335977554
0.9501785635948181
0.8025256395339966
0.6687161326408386
-0.24452756345272064
0.9055600166320801
0.5289404392242432
0.4238390624523163
0.6556478142738342
0.1915762573480606
0.3754201829433441
0.5182041525840759
0.17835654318332672
-0.028884995728731155
0.09966717660427094
-0.12652210891246796
0.13694971799850464
0.2395796775817871
0.4531151056289673
0.537112832069397
-0.41818714141845703
-0.015883244574069977
-0.06367600709199905
0.06580294668674469
-0.007018256466835737
0.019098758697509766
0.0656423270702362
0.36469852924346924
-0.12704452872276306
-0.07395314425230026
0.28100553154945374
0.04126109555363655
0.42083004117012024
0.4771229326725006
0.0628388449549675
0.4695247411727905
-0.4534856379032135
0.4694865345954895
0.28135788440704346
-0.025712674483656883
0.6029554605484009
0.5455872416496277
0.5740217566490173
0.5427156686782837
0.2911365032196045
0.05783098191022873
0.22772790491580963
0.10724925249814987
0.24811527132987976
0.7186469435691833
0.5589064955711365
0.4943654537200928
-0.2873948812484741
-0.531334400177002
-0.30974093079566956
-0.1756446808576584
-0.18100154399871826
-0.19266349077224731
-0.07413356006145477
-0.287598192691803
-0.4692862033843994
-0.39940938353538513
-0.43060439825057983
-0.32437944412231445
-0.31833088397979736
-0.055378176271915436
-0.06619226932525635
-0.03448062390089035
-0.23686151206493378
-0.30482494831085205
-0.5461750626564026
-0.31991681456565857
-0.16569793224334717
-0.1590302288532257
-0.08108605444431305
-0.059433646500110626
-0.3556693196296692
-0.5701611042022705
-0.33436334133148193
-0.10248275101184845
-0.21289722621440887
-0.08276034891605377
-0.23059004545211792
-0.14332067966461182
-0.3807448446750641
-0.3901885151863098
-0.19519034028053284
-0.2566881477832794
-0.2919168770313263
-0.4087413251399994
-0.046278320252895355
0.10440700501203537
-0.2519196569919586
-0.42329177260398865
-0.19857701659202576
-0.30260777473449707
-0.23420779407024384
-0.3126850426197052
-0.19813284277915955
-0.10528769344091415
-0.4291001558303833
-0.28318893909454346
-0.2967092990875244
-0.5968422889709473
-0.4855901002883911
-0.2058231234550476
0.08125442266464233
0.23303501307964325
-0.3208227753639221
-0.4198416471481323
-0.4817894399166107
-0.43259671330451965
-0.20635972917079926
-0.06963595002889633
0.15423394739627838
0.08821854740381241
-0.2020198404788971
0.5372496843338013
0.2672679126262665
-0.48335522413253784
0.02466406486928463
-0.318367600440979
0.06817267090082169
0.8629835844039917
-0.20177370309829712
-0.18429116904735565
0.3268939256668091
-0.06716202199459076
0.005243444815278053
-0.0378769151866436
-0.805033802986145
-0.5867919921875
-0.24322935938835144
-0.22626528143882751
-0.46282505989074707
0.04138758406043053
0.38009077310562134
0.027733726426959038
-0.15112124383449554
-0.3181004822254181
0.5353995561599731
-0.12406948953866959
0.1635974794626236
0.001153495628386736
0.14244340360164642
0.2751980721950531
0.08514197170734406
0.15653996169567108
-0.08944857120513916
0.5086418390274048
0.8603819608688354
-0.06505874544382095
-0.4669749438762665
-0.13175810873508453
0.4864796996116638
0.1831587702035904
-0.412930428981781
0.36094000935554504
0.13726988434791565
0.07257732003927231
0.3603975176811218
-0.40914103388786316
0.42734241485595703
-0.2267424762248993
-0.06422131508588791
0.20033296942710876
-0.047092288732528687
-0.08206328749656677
-0.2335641086101532
-0.3026314377784729
0.21093522012233734
0.3013085424900055
-0.28231123089790344
-0.07200364023447037
0.12442094832658768
-0.0031211485620588064
0.17652644217014313
0.13597005605697632
0.12029752135276794
-0.1545490026473999
-0.21309137344360352
0.5661107897758484
0.32404130697250366
0.008489061146974564
-0.20654568076133728
-0.3579128682613373
0.38809913396835327
0.743145763874054
-0.2933249771595001
0.030951064079999924
0.31997498869895935
-0.08210824429988861
0.0866837352514267
-0.14456330239772797
-0.2903112769126892
-0.5794541239738464
0.13517805933952332
0.4787845313549042
0.4802530109882355
-0.29774990677833557
-0.31182584166526794
-0.350709468126297
0.16270674765110016
0.7518177628517151
-0.11185970902442932
-0.24713999032974243
0.0544363334774971
0.10330139845609665
0.09216752648353577
0.17558930814266205
-0.15725649893283844
-0.5086771845817566
-0.04158288985490799
-0.25990030169487
-0.7481964230537415
0.009515800513327122
0.3257827162742615
-0.07748729735612869
-0.1355753093957901
-0.3167773485183716
0.7490415573120117
-0.23340710997581482
-0.25208771228790283
-0.33050745725631714
0.11654191464185715
0.0701027661561966
-0.16955064237117767
-0.010968758724629879
-0.14812664687633514
0.3382664620876312
0.3090389370918274
0.11401678621768951
-0.20323380827903748
-0.2862960994243622
0.22455787658691406
0.5112772583961487
-0.2096354067325592
-0.15419135987758636
0.2322327196598053
-0.18682879209518433
0.22044241428375244
-0.11214464902877808
-0.26101383566856384
-0.11258036643266678
0.23683786392211914
-0.008998098783195019
-0.21413280069828033
0.020853519439697266
0.017006421461701393
0.1876598596572876
-0.18267923593521118
-0.15253281593322754
-0.14176040887832642
0.06117413192987442
-0.004668968729674816
0.14739945530891418
-0.22397436201572418
-0.057354092597961426
0.028616581112146378
0.16002051532268524
-0.1617041826248169
-0.28733474016189575
-0.3418487012386322
0.04050507768988609
-0.16857005655765533
0.10872383415699005
0.08157991617918015
-0.18906593322753906
0.33054500818252563
-0.12174789607524872
-0.07283813506364822
-0.29632899165153503
0.309043288230896
-0.08080237358808517
-0.22053077816963196
0.27947452664375305
0.3058747947216034
0.11025915294885635
0.8437381386756897
0.32031887769699097
-0.3474842607975006
-0.03630010038614273
0.301289439201355
0.1433582901954651
-0.6952096819877625
0.13322997093200684
-0.11633289605379105
0.28712958097457886
0.09911996871232986
-0.0003210446739103645
0.7502161860466003
0.021587444469332695
0.17211127281188965
0.2989875078201294
0.8496551513671875
-0.1414511352777481
-0.23855313658714294
0.08525115996599197
0.15606972575187683
0.17292071878910065
-0.748972475528717
0.1516619771718979
0.19959725439548492
0.32663819193840027
0.12028174102306366
-0.21587637066841125
0.22205501794815063
-0.13378627598285675
-0.12443419545888901
-0.09187547117471695
-0.7478078007698059
-0.48076632618904114
0.011171112768352032
-0.5053647756576538
0.008507486432790756
-0.1413760483264923
0.3893801271915436
-0.2572285532951355
0.3402758240699768
-0.11248506605625153
-0.23392514884471893
0.07007759064435959
-0.91164630651474
0.043316155672073364
-0.3158014714717865
-0.2671818435192108
-0.6360518932342529
-0.38992568850517273
0.1688774973154068
-0.49136272072792053
0.204534649848938
-0.0933602824807167
0.6825695633888245
-0.37053465843200684
0.15271174907684326
-0.2108914852142334
0.267625093460083
0.1801842898130417
-1.023040771484375
-0.11010850220918655
-0.0685810074210167
0.9742569327354431
0.5188684463500977
-0.20587366819381714
-0.5716739892959595
-0.2768004238605499
0.41473084688186646
1.1129423379898071
-0.38118016719818115
-0.0860210433602333
0.5078853368759155
0.01491340808570385
-0.13564486801624298
-0.07844226807355881
-0.19253182411193848
-0.8129734992980957
0.14349216222763062
-0.39854732155799866
-0.4795888066291809
0.24878813326358795
0.5707343220710754
-0.17412926256656647
-0.579555094242096
-0.051716431975364685
0.626585841178894
-0.28306248784065247
-0.1389065831899643
-0.36212384700775146
-0.39347854256629944
-0.026123210787773132
-0.0835179015994072
0.08520615100860596
-0.3224048912525177
-0.060653477907180786
-0.6361705660820007
-0.4102534055709839
0.30423182249069214
-0.41437846422195435
-0.08536539226770401
0.02620198018848896
0.6306157112121582
-0.38748764991760254
0.293792724609375
-0.10406152904033661
-0.10712273418903351
-0.10146244615316391
-0.9916377067565918
0.10603553056716919
-0.17955248057842255
-0.08059557527303696
0.19191010296344757
0.44745737314224243
0.29082152247428894
0.14251162111759186
0.3862851560115814
0.07599929720163345
-0.0812000259757042
-0.7690531015396118
0.09589932858943939
0.3391575813293457
0.44021427631378174
0.7281736731529236
-0.15681582689285278
0.3481931686401367
-0.30057069659233093
0.7203252911567688
0.09782708436250687
0.40516287088394165
0.15623584389686584
-0.11133981496095657
0.0709916353225708
-0.007301773875951767
0.3153937757015228
0.5657501816749573
0.49631378054618835
-0.2762504816055298
-0.05102144181728363
0.5721986293792725
-0.6198012232780457
-0.050362031906843185
0.12790712714195251
-0.33204224705696106
-0.46038177609443665
-0.42080157995224
-0.5459752678871155
0.14014190435409546
-0.5090796947479248
-0.09481236338615417
0.040514227002859116
-0.19660750031471252
-0.30977892875671387
-0.15907566249370575
-0.10969043523073196
-0.7667133808135986
0.2606019973754883
-0.03068085014820099
0.3321618437767029
-0.21527399122714996
-0.09954477846622467
-0.50221848487854
-0.2878134250640869
0.11305076628923416
-0.42881909012794495
0.13928622007369995
0.10746143758296967
-0.08904033899307251
-0.14574380218982697
0.106559157371521
-0.14913296699523926
-0.5035815834999084
0.4229434132575989
0.022927455604076385
-0.1634310632944107
-0.44855818152427673
0.0804113894701004
0.0075378757901489735
-0.025231240317225456
0.2412576973438263
0.25510501861572266
0.022846171632409096
0.3721287250518799
-0.6025477051734924
0.030780840665102005
0.6581952571868896
0.5590212941169739
-0.2516626715660095
-0.05552282556891441
0.3364569842815399
-0.2020758092403412
0.43445611000061035
0.06759845465421677
0.2825081944465637
-0.08252400904893875
-0.39919140934944153
-0.15350297093391418
-0.1047135591506958
-0.48867782950401306
0.5754579305648804
0.38714951276779175
-0.2166776955127716
-0.08040600270032883
0.039044514298439026
-0.3194432854652405
-0.0992998480796814
0.049914706498384476
0.3898288905620575
-0.0497748889029026
0.22670195996761322
-0.08593740314245224
-0.39117148518562317
0.29037147760391235
-0.05762166902422905
-0.24564985930919647
0.3263814449310303
0.1582057923078537
0.07086572796106339
0.18609033524990082
-0.05463655665516853
-0.4364752471446991
-0.16535137593746185
-0.4615013003349304
0.045940008014440536
0.4646330177783966
0.3941081166267395
0.5573084950447083
-0.025705436244606972
0.09286212921142578
-0.274793803691864
-0.049769409000873566
-0.022199062630534172
0.3666527569293976
-0.10391178727149963
0.2509315311908722
0.7889471054077148
-0.2757354974746704
-0.09612934291362762
-0.17379483580589294
0.3582005202770233
0.07436355203390121
0.4714788794517517
0.3409646451473236
-0.11424548178911209
0.4378356337547302
-0.26674482226371765
-0.1650007665157318
-0.053025081753730774
0.44989877939224243
0.16021127998828888
0.22808332741260529
0.7183501124382019
-0.2528267204761505
-0.10426314920186996
-0.33517366647720337
0.22634796798229218
-0.060574959963560104
0.5018529891967773
0.02036868967115879
-0.0031630394514650106
0.132476344704628
-0.30404114723205566
0.11557327210903168
0.037261467427015305
0.21755316853523254
0.04002800211310387
0.15466861426830292
0.6518828868865967
-0.4317080080509186
-0.3135695457458496
0.019054118543863297
-0.34065672755241394
0.03876206651329994
0.27625471353530884
0.2545250952243805
0.1346396803855896
-0.11843990534543991
-0.09056665748357773
0.2572486996650696
-0.8236455321311951
-0.13318677246570587
0.29342231154441833
0.7633323073387146
-0.29431676864624023
0.11263812333345413
0.7017425298690796
0.346911758184433
-0.14770369231700897
-0.32484170794487
-0.07559088617563248
-0.30612459778785706
0.49280792474746704
-0.17382334172725677
-0.08187693357467651
0.032850250601768494
-0.3235596716403961
-0.20661470293998718
0.25480949878692627
0.22635722160339355
0.13393253087997437
0.2285846471786499
0.16114409267902374
0.03886035457253456
-0.0957641750574112
0.14347076416015625
0.04238729178905487
-0.13577045500278473
0.532403290271759
0.04951618239283562
-0.027512064203619957
-0.010064423084259033
-0.8918583393096924
-0.06744909286499023
0.509133517742157
0.7056884169578552
0.17879226803779602
0.15806588530540466
0.5056460499763489
-0.2907528579235077
0.3402741551399231
-0.10120660066604614
0.07010407000780106
0.2263021320104599
-0.5047256946563721
-0.1220780685544014
0.2295379638671875
-0.2599289119243622
0.6300660371780396
0.633246898651123
-0.18587779998779297
-0.2544216215610504
0.3184369206428528
-0.22389964759349823
-0.011807000264525414
0.1970386952161789
-0.29358819127082825
0.057595256716012955
0.21644307672977448
-0.13544891774654388
0.4652649164199829
0.09781965613365173
0.062259215861558914
0.16289107501506805
-0.4347256124019623
-0.26069098711013794
0.3955964148044586
0.3612552881240845
0.05702897161245346
0.2783413529396057
0.3878052532672882
-0.1757226586341858
0.404586523771286
-0.028902074322104454
0.3483964204788208
0.30168139934539795
-0.09326890856027603
0.25239187479019165
0.1486942321062088
0.07394419610500336
0.03450699523091316
0.5662177801132202
0.139606773853302
-0.17450514435768127
0.5328498482704163
-0.29955676198005676
-0.1418449431657791
-0.07650325447320938
-0.2622954845428467
-0.17186522483825684
0.219356507062912
-0.031042249873280525
0.5705456733703613
0.13624651730060577
0.017247309908270836
0.18811659514904022
-0.5337428450584412
-0.09389833360910416
0.5628014802932739
0.4604942798614502
-0.16081751883029938
-0.18543897569179535
0.6097426414489746
0.2891084551811218
-0.4530608355998993
-0.3439205586910248
0.26363030076026917
-0.21284860372543335
-0.13843119144439697
0.45195823907852173
0.278218150138855
0.2469082921743393
0.4290826916694641
0.2235216349363327
0.22815102338790894
-0.1297336369752884
0.2517465353012085
0.386396586894989
0.2547397017478943
1.9009852409362793
-2.0638997554779053
-1.655515193939209
-1.5044180154800415
1.3265868425369263
0.7768113613128662
1.9626232385635376
1.792708158493042
1.3245394229888916
-1.814253568649292
-0.8357255458831787
-1.8519625663757324
1.435999870300293
-1.6405998468399048
1.5703104734420776
-1.653572916984558
-0.059664029628038406
