-0.4090043902397156
-0.2177000790834427
0.25625813007354736
-0.5511596202850342
0.37924861907958984
-0.5957947969436646
-0.5642702579498291
-0.08955736458301544
0.3955390155315399
-0.10543747246265411
0.012712428346276283
0.10021935403347015
0.48426952958106995
-0.2509968876838684
0.42369344830513
2.0705089569091797
0.22036686539649963
-0.01568896695971489
1.553749918937683
-0.039080072194337845
-0.028903676196932793
-0.29732587933540344
0.09275635331869125
-0.6086932420730591
-0.1905519962310791
0.13754916191101074
-0.4869261085987091
-0.7186634540557861
-0.5558602213859558
0.7766977548599243
0.9723912477493286
0.13059571385383606
0.23433929681777954
0.3248492479324341
0.08131201565265656
0.32222795486450195
-0.26791059970855713
0.04467495158314705
-0.12525580823421478
0.3261909484863281
0.24455538392066956
-0.28222712874412537
-0.2662959098815918
-0.3462756872177124
0.004711080342531204
0.13999420404434204
0.40020987391471863
0.01348880399018526
-0.08271332085132599
-0.31783705949783325
0.0059811947867274284
0.060452256351709366
0.15282052755355835
0.5590317249298096
0.24518582224845886
-0.4134354293346405
-0.26437193155288696
-0.03786016255617142
-0.33590710163116455
-0.2525394856929779
-0.09319157153367996
-0.16399818658828735
-0.03943690285086632
0.294204980134964
0.09710580110549927
0.33737173676490784
-0.32030218839645386
0.35584667325019836
0.10307355970144272
-0.7453888654708862
-0.7050894498825073
0.13405729830265045
-0.30233505368232727
0.12289044260978699
0.012237587943673134
-0.08883143216371536
-0.13466320931911469
0.0293404720723629
-0.35583850741386414
-0.1378384530544281
0.1689673662185669
-0.151795893907547
0.0925503596663475
-0.17783792316913605
0.17796294391155243
-0.36482343077659607
-0.3217746913433075
-0.27808666229248047
-0.3488648235797882
-0.046316638588905334
-0.3214302361011505
-0.1498328596353531
0.09094055742025375
-0.559217631816864
-0.3127588927745819
-0.034040626138448715
0.03858672082424164
0.28241661190986633
-0.12902502715587616
0.2130887657403946
-0.36652883887290955
0.18346931040287018
0.07030531018972397
0.13004639744758606
-0.1965770572423935
0.17221024632453918
-0.1715533584356308
-0.16176386177539825
-0.059820834547281265
-0.058939822018146515
0.07058868557214737
0.09964825212955475
-0.047236647456884384
0.04250052571296692
0.33313873410224915
0.21153250336647034
-0.08813459426164627
0.013205028139054775
0.03612721338868141
-0.13295939564704895
0.1575266271829605
-0.4293730556964874
-0.33869123458862305
-0.17514261603355408
0.8894883990287781
0.1551673412322998
0.133985236287117
0.3928002715110779
-0.033419348299503326
-0.22101633250713348
0.3417717218399048
-0.09577605873346329
-0.3290084898471832
0.27536672353744507
0.05839379131793976
0.019233623519539833
-0.018908098340034485
-0.22995224595069885
0.002487766556441784
0.10653901845216751
0.40430113673210144
0.2655528783798218
-0.2825407087802887
0.2755427956581116
0.0038586982991546392
-0.12004351615905762
-0.16342975199222565
0.02889796905219555
-0.18878838419914246
0.31416940689086914
0.2126171737909317
0.315671443939209
-0.29395627975463867
-0.1018587276339531
0.16463430225849152
-0.06113864481449127
0.3293846845626831
-0.31343549489974976
-0.010621581226587296
-0.07329656928777695
0.10264408588409424
0.25488215684890747
0.15841738879680634
0.1787227988243103
0.058658551424741745
-0.049359872937202454
0.021644042804837227
-0.2513909637928009
0.2016930729150772
-0.1084258109331131
-0.16333463788032532
-0.011093053966760635
0.22251008450984955
-0.22284124791622162
0.36583754420280457
0.02135412022471428
-0.2579564154148102
0.19464153051376343
-0.8536098003387451
0.40270066261291504
-0.2966257333755493
0.1463569849729538
-0.15420840680599213
0.05962483584880829
0.013899285346269608
