-6.949337
-5.4802113
-2.2850432
-0.8125737
-3.8811893
4.193474
3.5482917
0.6607654
0.42337918
1.5779029
4.0003395
2.065197
-1.4966111
-4.9567847
-0.45138896
-5.2220016
1.7433115
2.1689644
0.62187093
1.5023719
2.4487188
0.12752867
-2.2025836
-4.845975
0.40082788
4.1789026
-1.3406322
5.341607
0.62248254
-0.31601453
-1.0566094
-4.2862897
8.410483
0.91101694
-7.430802
-0.5936126
-1.5236759
-3.3859859
4.383386
13.412982
-2.7760365
-1.446731
-0.87709236
-2.5383239
2.2904577
-1.0115054
7.136425
-0.7986953
-5.288846
-4.645304
0.44682032
0.018549204
-11.068389
-1.2720977
2.577365
-0.71035147
-5.5791855
2.6887162
0.30552733
1.7138104
-13.552958
7.4480515
-1.1964786
7.6113586
-2.3240743
1.3518968
-1.369385
-1.3933175
3.5845137
4.3159103
0.80592585
3.1552262
-1.0451424
1.940328
-3.3563402
0.86345124
4.791777
0.20047948
7.5519543
-9.854208
6.274992
5.3909283
2.767531
1.4992847
-0.8553461
-0.9707272
-1.263073
-0.20661306
1.3823433
5.652815
-3.17941
-0.71832454
-1.4801302
2.6433945
-1.9830344
-4.0201783
6.581914
4.4051147
1.8254907
10.283965
-6.3850307
-1.928979
-5.3245363
-5.7103686
-2.1884284
-13.605717
-6.167269
-0.006935358
-3.386016
-3.0852993
0.30575275
-5.189955
-5.805068
-2.0401907
3.4369636
-2.4566689
-2.9719236
-7.073588
-5.0321712
-6.0966034
4.882184
-0.42897904
4.895714
7.6418724
-5.4420223
0.71988916
-3.8907788
7.2184343
0.7964933
0.9906137
-11.36644
12.383731
-3.8503768
1.2856901
7.481372
-0.1925199
7.4438004
-3.6130664
2.804204
2.8329768
-0.73954487
-1.2349743
-5.5181866
5.874156
-3.5936728
-5.8925047
-4.0084114
0.9196209
6.1927385
-4.56217
-1.1796561
-2.7295625
3.1927605
-2.2954407
1.5487095
-1.8486592
-2.3853369
7.4251685
1.503519
3.278625
0.010739565
-1.5256139
-1.4401076
-4.1852713
1.4685469
1.4764518
0.8131051
0.49687192
-1.6132433
-2.3162222
6.058911
-2.380624
-4.0021753
0.75334144
2.4995391
0.56316614
-4.563256
-1.6619289
-0.66964674
-0.4824977
4.8511868
-6.3547783
-6.9331985
-7.8086596
-0.5669619
0.018211603
2.2588272
-1.3724458
-1.10148
5.8338704
0.13548183
-6.394414
4.8259873
-4.4448466
4.9916515
5.013708
-0.9195339
-1.9157003
1.5493563
4.543021
2.345151
1.7937336
4.395011
-3.860215
-1.5712785
-6.358288
4.1330748
2.9335656
0.8204889
4.1419983
-0.6245651
-6.769488
6.7893486
-3.8011963
-5.6413393
-4.4803166
0.45183587
-3.9134996
-4.8023577
4.602367
-1.1851999
-0.6230297
1.5364157
-9.957081
-1.2050722
-6.459937
6.539631
-9.636666
1.2882254
-3.6971698
-2.015154
6.3156137
-3.411872
-3.91492
3.3130188
3.7581818
-0.030316502
-1.6250124
3.0548444
1.9787498
0.5507314
-4.7693596
-3.52192
5.2566977
-2.7432728
2.1834393
1.3083389
-1.8212595
-0.4300263
0.6576004
0.45214394
3.5754132
2.1617594
-1.6780283
4.9680014
-2.0490358
-3.5062375
-5.801431
-1.1986673
-5.1253386
3.4647317
0.44657445
-2.024225
-4.716044
0.09211707
-1.6675675
7.325387
1.712475
5.5041018
-5.645233
-0.90613127
1.2703714
-6.3857827
0.44213748
0.033498764
5.2620473
-3.2164004
-0.16313249
-3.3042822
4.0115
0.88011575
1.3914144
-5.5089684
-6.0975566
5.9695454
-4.9579086
-0.34490418
6.6794996
-2.5148683
0.72540563
-0.5778141
2.9102256
1.2085154
2.314055
-1.5312024
6.9589863
-1.4525691
-3.0275886
0.34790635
-2.830977
-2.0594358
-2.9402776
0.8941313
-1.2772454
-6.8303657
4.486538
-0.21180987
5.17081
6.596816
-3.3286357
-0.66595423
4.9846654
-9.031273
-4.9941316
1.671624
-0.19336975
-0.7882571
-0.23027658
-2.0772247
1.8299688
-1.6166832
1.4744269
-0.8638352
-4.4004416
-0.8049058
6.5529356
5.0123672
4.8261704
6.2566915
0.47110915
-8.583905
-8.6118145
-0.2771237
-7.605558
2.1943564
-2.4129844
5.2041426
3.1069977
8.261061
2.0098522
-6.3873644
-2.7647061
-4.953021
0.71610093
1.9349594
2.051825
-4.1684074
3.5130985
-2.0076542
2.355804
0.47711307
4.678834
-4.2635326
1.6951312
-2.7595513
-2.4087596
-0.5287349
6.7946596
-0.49346375
1.7806511
-2.7501435
6.7110147
0.9633384
0.9248738
-1.1833738
-3.3332012
-0.669106
-3.755659
-2.529461
3.369433
-2.0912552
-0.5946274
11.51029
-3.1744382
1.7821404
7.788238
5.813779
2.712143
-0.64974546
-1.5647173
5.2850876
3.3654048
-0.36893696
1.9227892
0.30560613
2.296939
2.1614296
3.1744354
1.9069397
2.3964834
-4.2544823
0.42386603
-3.560869
6.574621
-4.507562
-0.16849518
3.9537067
0.6399312
-2.733328
0.058567107
3.018783
2.2353368
1.7498186
4.39732
3.288733
-4.010134
-0.8006015
5.5180492
-8.16111
-5.0765567
-3.28594
-1.1882278
9.960709
-1.258599
-0.19398189
-1.7917254
10.852423
-2.3873816
3.6833193
-2.0243652
4.9445634
-5.5735445
1.8405387
-4.30798
-0.13118601
1.0760862
2.5091226
-0.8438988
-0.8188791
-4.7916155
-1.7509323
5.5692525
1.0006926
-3.7161775
5.291501
5.6233225
-3.562598
0.23945677
3.6544495
-4.668938
4.992324
-1.5276239
-4.420329
-2.5811064
-0.40856338
0.6322355
1.6162419
3.9076686
1.927769
-4.660446
-4.496696
-7.1936374
-0.034307003
-0.15564409
-3.0722811
-1.72815
6.196054
-3.3870542
2.2237287
1.996089
1.112563
-1.9190258
-0.51388717
2.415196
-1.048659
0.3568982
