3.2092862
6.591024
1.3485903
-6.766489
-4.072074
-4.835007
-2.5019827
-0.92854047
-7.582694
-0.74473
3.6161923
0.44542408
2.7782834
3.2331462
3.8815517
-0.8282616
1.8720474
1.8055291
-5.899467
-1.9212947
0.026466131
-5.109551
0.9584024
7.1331987
1.641695
1.5200537
-2.2996483
-0.24220085
1.7076523
-6.2955904
-2.5018458
-5.9074154
-3.6794863
-4.1833873
-1.3960549
3.1038504
0.895972
-0.54255486
-5.208334
1.2189963
-4.5567775
1.9449689
-4.2948422
-2.4964345
-3.5678856
2.36994
5.902419
0.40154266
-5.7969503
-1.3785137
1.8194706
-3.2372866
3.4349723
-6.6163445
-0.6778772
-4.2909174
-2.832782
-4.682359
-0.63174343
-1.1774805
-0.50620604
-3.9447374
-2.3017077
3.4935918
2.5856948
1.4786906
2.0782707
4.523904
0.44342232
-0.33751005
-2.3432474
4.8577986
-6.5901675
-3.564203
3.3808446
0.32664996
1.3926322
-1.3318858
0.26348543
-4.7575493
5.2095194
-1.6220951
3.875762
-3.1459908
-2.401669
3.015968
2.143853
-2.8054256
0.5484204
0.8102505
4.835712
3.550122
-3.4091482
4.3962092
-0.084831
4.948901
0.7459298
1.5546454
-3.6158721
-3.0534482
0.5054097
3.2688925
-4.33878
4.012203
-0.29561353
-7.11417
5.232019
-5.7484856
-0.18855292
-2.233126
0.70540285
-3.4956613
-2.7089608
3.910695
-2.6299334
-4.1736016
1.868551
-1.5842298
6.180663
-2.1121023
1.4735152
3.028372
4.5696087
-6.629566
2.086963
-0.9101124
-1.8861604
-0.10963881
0.76970565
-7.3518376
5.9588675
6.390931
4.15532
-1.5342863
-4.2596126
-5.1856656
-5.995824
1.3484566
0.29668498
-2.3638468
-2.0951142
-5.106823
6.168818
-2.662888
7.4722514
-5.3941393
3.4495792
-5.2704716
-1.2459278
-3.1103292
-4.0306945
-0.6176189
1.440328
-1.3267647
-3.0749521
6.848506
-1.8094519
-1.4766986
-0.9951761
-5.1641207
0.6141828
-3.3133512
0.21494792
-3.1046958
-2.5428653
2.1148095
2.1345677
-2.5901964
2.6803527
-0.15947604
3.34599
-3.516807
-2.5384874
1.2140541
4.468562
0.7470391
4.910946
2.576978
3.9416113
-5.2510524
-6.945341
-2.1951928
-4.2094736
1.8660297
6.5287538
-6.064342
4.091415
5.419534
6.376239
0.21334624
-6.194337
-1.489764
-3.939175
1.188483
-3.5732017
0.4888271
-1.9290015
-8.040422
-1.7214969
3.0783072
3.8741572
4.7878456
-0.33441114
1.6206042
5.4810276
3.3879707
1.3388152
1.1440876
-4.459469
0.32645065
-2.7145822
-0.27699566
0.77289057
6.401105
-3.3423223
-0.10330236
3.3422883
-0.6451647
1.2924719
7.458867
0.9149636
-4.0768394
-1.6285108
-4.530235
2.2309155
-0.6691911
-2.035775
1.4447739
3.007856
-1.6142559
4.7718954
2.8988051
-1.7415888
-4.262179
0.6035607
-1.597779
0.3824939
-2.6900895
-4.696601
-1.8705431
-2.3101149
-2.3453155
-1.5226079
2.5911684
-0.19921851
0.25893235
2.8284855
-1.0601237
3.4471338
7.840749
-0.6262245
4.141174
-5.6226883
-0.4661247
4.474144
-0.3470099
3.3793406
4.390108
2.964626
1.2326053
-0.45300257
-5.559814
-1.3827872
-1.0732951
-3.1260629
-2.332058
-0.45565248
-0.60543776
0.46778572
-0.8958703
-0.5101578
1.9910988
-1.3950037
2.9883032
-2.6406994
1.9823577
7.333376
4.938184
-5.2100954
1.3637501
-5.5068235
0.87435454
0.37020063
-1.1592493
-0.66136855
-1.0164176
6.376994
-0.35657406
0.7051792
-0.95142674
-5.033967
-3.1705797
-1.7202188
1.0822943
2.2294395
0.81618243
-3.3111813
-4.604212
-1.6068621
1.0264144
-2.437913
2.7676497
1.6015949
-3.7311769
-2.538756
-3.178292
5.5618334
-2.76343
5.5990725
-5.9504757
1.2678916
-1.821956
3.070836
1.7981071
2.134763
3.563034
-0.91794515
-3.906919
1.9579809
-2.6301658
3.4601893
-4.954151
-3.1020865
2.3275523
1.7610084
-1.6356933
-0.9314405
-3.8204868
0.5588081
0.49943066
-8.46377
-3.4479094
2.3035598
-2.57999
2.3487186
-2.319244
-2.2789528
-2.8599432
1.9118176
2.9253125
-0.19403225
1.0702024
-2.9573574
4.770907
-0.56636345
-0.71420336
3.5051293
-1.6859057
2.8033423
-0.03688526
-0.34435105
-1.2148409
-2.2383587
-0.53851867
-0.87091374
-2.6357977
-1.5897021
-1.2142498
1.0842307
4.433037
1.9134253
-4.928644
-8.318649
1.2397821
-3.3986306
-5.1701
2.7765365
-2.9151878
2.3851852
4.334458
0.06069851
1.573817
7.429638
0.54842186
1.5807122
-1.5869354
-2.1958022
0.0147669315
0.7417426
4.1060944
3.238673
-2.6586304
-0.6560706
-5.784728
6.134746
2.6049418
3.4673383
3.09647
0.31199574
5.5475626
-2.7565632
-6.3341026
-3.7771266
0.17790234
3.2758026
5.8963566
-4.434143
6.9331164
0.71618617
4.4205575
-0.718935
-1.0002837
-2.4892268
-4.5326686
4.9235077
-0.88182867
-2.6142213
-5.070156
0.7420523
7.4952183
-2.0471492
-1.6384776
1.777971
-1.4213424
-0.29457855
5.656829
-5.8017254
-2.780262
0.63423085
-0.35231328
-0.30245328
7.838832
-0.95098025
3.0331852
4.7855077
-4.546416
-5.963948
-4.565615
1.3632538
-0.22384027
-2.241665
-4.939967
0.9815744
-3.0804949
-0.7604544
-1.8846085
-0.65465593
-0.6729485
0.27962244
3.604656
2.1178174
-1.0042037
-6.090118
-3.5815513
1.0384281
-7.2864237
0.2947835
-2.7705085
-1.1860819
2.4762053
-0.07764697
-1.7317349
2.319252
-3.190341
3.6843834
1.1803968
0.5649948
-5.3316436
7.3491764
-4.374576
4.3432074
2.1972485
3.9082346
-2.1544254
-1.7198806
-0.6722359
