0.0072059017
0.97531945
0.71491355
0.03672457
0.33835506
-0.49490255
-0.67549866
0.70974135
0.049653083
0.08787123
0.648304
-0.7158936
-0.12975496
-0.89152557
-0.34206495
-0.67506105
0.028001202
-0.46576068
-0.16380042
0.59032226
-0.24035244
0.5099534
0.666066
0.10852897
-0.009774135
-0.31481797
-0.23977154
-0.72510415
0.7146376
0.39767906
-0.34724346
-0.73009497
-0.68429464
0.21116643
0.5982488
0.8005346
0.7634749
0.8745409
-0.21620063
-0.7015207
0.11996011
0.8611438
-0.5945794
-0.8910372
-0.46434328
-0.7016749
-0.5588967
-0.20905046
0.29453674
0.29196692
-0.40442416
-0.40395027
-0.85234267
-0.6099904
0.8782426
-0.20780063
0.648727
0.63280416
-0.7457609
-0.3615153
-0.007921826
0.3614081
-0.59006333
0.2246946
0.60014766
0.6323024
-0.20783126
0.97053385
0.63110954
-0.07702416
0.2626546
-0.9716111
0.14912759
-0.032257333
0.42461932
0.9702553
0.0015372225
0.112474196
0.2862297
0.4662564
0.44152832
0.15225507
0.29601404
0.9287504
0.8206284
0.38240123
-0.42667308
0.41363847
-0.07616745
0.68933624
0.1766444
0.48842067
0.38284716
0.64254904
0.6754199
0.24595404
0.261277
-0.13259779
0.16634385
0.098622695
0.33075067
0.3983484
-0.41463673
0.21715224
-0.26723227
-0.22955741
0.30557695
-0.03777777
0.7489297
-0.18712685
-0.6526712
-0.25079232
0.29394874
-0.47329685
0.15904863
-0.5350663
0.19749327
0.33565181
0.88834935
0.14878036
0.7131288
-0.32545042
0.44989482
0.030172942
0.2577103
0.30741143
-0.15811801
0.48551673
0.040878892
0.016223881
0.818416
0.84221345
0.5392764
0.40643153
0.7126627
0.15715426
0.23988429
0.8054927
-0.45652324
0.3655843
0.867175
0.9526693
-0.69110245
0.6736438
0.5859721
-0.94417536
-0.8560231
-0.27013755
0.4816828
-0.07615001
-0.017148871
0.20716399
-0.9769789
0.98301923
-0.746561
-0.6635062
-0.8092683
-0.64210135
-0.9096613
0.9105063
-0.5596954
0.888998
-0.3932459
-0.66013455
-0.8628238
0.84909856
-0.03360543
0.2480545
0.45576003
-0.7576944
-0.5635625
0.026480565
-0.46264476
0.4886278
0.21280202
-0.6963552
-0.98038334
0.3425301
-0.9478587
-0.2788473
0.5830131
-0.6486486
0.7751614
0.3324408
-0.21543843
-0.17964631
0.7803834
-0.20250961
-0.05451443
-0.48815185
0.5727631
-0.2896984
-0.09545934
0.071081765
-0.9783147
-0.016529512
0.46589088
-0.81823725
-0.5476076
0.60293925
-0.23955251
-0.6921796
0.88469714
0.2716086
0.21557103
0.6016835
0.5293084
0.9836069
0.28634164
0.19259524
0.42966616
-0.27419806
-0.93186474
-0.5089076
-0.62334824
0.9849621
0.43728435
0.039496463
-0.2738534
0.21037427
0.7487904
0.42169172
0.014099048
0.3255512
-0.8753086
0.5061935
0.399875
-0.5527228
-0.6148254
0.40284246
-0.27925825
-0.16049089
-0.624755
-0.048876278
0.93738365
-0.25173357
0.1918252
-0.0040933983
-0.83823836
0.011268962
-0.4853332
0.57273936
0.1556522
0.18933532
-0.89068484
-0.6949859
-0.008698967
0.6466469
-0.3408284
-0.89219975
-0.022203516
0.003198814
-0.9193479
0.503425
-0.84982145
0.3191188
0.38803023
-0.7526958
-0.67168885
-0.58099365
-0.44365975
0.994307
-0.60661227
-0.45361784
0.6707607
0.8688703
0.58945256
-0.009823236
0.19451998
-0.3530027
-0.25200462
-0.5073792
0.56523794
0.45129365
0.16821736
0.2910912
0.030617086
-0.052245874
0.3505382
0.0019381399
0.5940576
0.95003265
-0.46299416
0.1487716
-0.62683284
-0.45151678
-0.83754385
0.49895257
-0.95028573
0.6245822
0.93768847
-0.018560221
0.54725885
-0.95194554
-0.21730763
0.84589875
-0.95343214
0.30752835
-0.6520689
0.039600816
0.5788516
0.7309628
0.27204353
0.888311
0.07526744
-0.14630868
0.5831423
-0.8753216
-0.5539647
0.70540285
-0.6598929
0.93559766
-0.11077194
0.082346894
0.692505
0.58830744
-0.8789359
0.7041509
0.049828656
-0.10328824
0.18258904
-0.34659365
-0.4028748
0.7130626
0.8653305
0.8622312
0.37991554
0.31653264
0.935523
-0.29350787
0.27497607
0.3698928
0.7974834
0.04263387
-0.6219021
-0.5939124
-0.7535311
0.52998304
0.35560435
-0.4733075
-0.15635082
0.5328099
0.04414021
0.25605074
-0.72497535
0.28313214
0.31178564
0.6407405
-0.28381976
0.86682236
0.75157845
0.467342
0.5001556
0.00777334
0.013904179
0.6161326
-0.41428003
0.16815785
0.10371241
0.20221072
0.46975493
-0.46666873
-0.5586335
0.64843696
0.9754787
-0.44094032
-0.837412
-0.7037652
-0.8585463
-0.15721339
-0.7330182
0.63868153
0.6873526
-0.96570635
-0.01976377
-0.27845585
-0.9093884
0.11552782
-0.47367412
-0.4663636
0.044945188
0.6672837
-0.5750786
0.7495968
0.490716
-0.22691022
-0.9273306
-0.5303173
0.9167812
0.39573628
-0.39373967
-0.10539568
0.98175424
0.4516307
0.11167169
-0.06763759
0.8076571
-0.06458071
0.3919337
-0.8333592
-0.48259604
0.04936354
-0.77061194
-0.630093
0.5824378
0.5998614
0.70840186
0.4253627
0.55112
-0.27345157
-0.19365467
0.21917412
0.63166994
-0.23341614
-0.37572834
0.4610266
-0.8319217
-0.7946039
0.31838736
0.88571537
0.4007891
0.45615992
-0.22905721
0.362998
-0.8183353
0.900231
-0.6851884
0.7564997
-0.5934524
0.72201335
-0.10154568
0.7283262
-0.4504052
0.61715734
-0.719643
0.06356923
-0.92554444
-0.6607801
-0.99376905
0.63871676
0.29543102
0.86862177
-0.8296313
0.10111385
0.7562162
-0.5324328
0.64848936
0.69227177
-0.36645862
-0.74639
0.2653264
0.14802831
-0.9368385
0.8763828
-0.78676766
-0.90020585
-0.604738
-0.742799
-0.18042463
-0.906834
0.5358135
-0.60362387
0.3341826
-0.60690963
-0.6745222
-0.9374642
