8.686537
2.3535762
0.45270967
1.7764921
0.4934156
-0.79499936
-1.5482713
-0.033757985
4.2816677
0.9449804
2.4784832
-2.2217522
4.928442
2.495819
-2.335698
-5.750921
-3.1912682
-4.718456
-3.8180046
-6.899699
-1.3550982
2.7414293
-0.537364
-1.184474
4.5086927
-0.4255302
-0.65807545
1.3284886
4.5800114
1.3513665
-6.5621157
5.670903
4.5439124
3.2475119
-3.6698217
6.596281
3.3812318
0.44943994
0.07404137
3.9639053
4.033269
-5.473118
5.1637006
1.4458549
-4.4539504
-1.924561
6.4641595
-4.4997973
-4.336194
3.8104072
-1.3338603
8.050125
-2.9480343
-3.1434894
-6.622003
-4.558677
0.56672305
-5.6575003
-2.3628006
-1.3002131
8.471827
-4.9433365
-5.281008
6.9693804
5.9490514
-1.7894212
0.7544453
-7.005474
-1.7203407
-4.366673
-4.918103
-1.7935088
5.4980903
-6.3538103
5.8587036
-0.14444128
-2.7851741
0.43327475
-0.32524037
-2.4532099
0.07248396
1.5769975
-3.3672433
4.762769
-5.133282
2.2495363
2.355704
1.5682433
-2.5469217
-3.443152
3.114532
-7.4050293
8.504251
2.055025
-0.86242676
3.7816398
-4.180255
-2.6135526
-2.586425
-1.5215228
1.400833
8.033232
-3.882052
7.7968464
-4.8573294
4.5419
5.2387094
4.099036
-3.7730124
-3.4582138
3.9306588
-0.9195976
5.829156
3.6245937
-2.7723746
2.180491
4.994231
0.0013647042
-1.9318216
-7.953334
4.0242634
2.822429
3.018741
-2.8780882
2.105142
-6.1744933
-2.1850827
-3.870596
-5.1027083
0.82528114
6.373787
0.08943725
10.40982
2.6450803
-1.5389395
0.6973587
7.717131
-4.7666435
2.9192028
-0.2712679
-0.16409695
-3.7178304
-1.271033
10.041496
3.2479074
0.13106585
-4.2362795
2.7041404
4.3623276
5.0167794
5.8348103
-8.811471
0.52483
-3.5253096
-0.4804604
0.47050285
1.5892785
-2.790455
-3.7352533
-4.2630296
-0.7811229
-7.7730427
-1.6039022
0.42281508
-4.6585636
7.9264345
0.023288965
1.2015429
1.1531842
3.738052
-2.2713115
-1.2733848
1.8678224
0.7221924
-7.3667994
3.979395
-0.13528872
0.68851566
1.468374
-3.5335503
-0.86457795
-6.0228324
-6.478207
0.29534292
-1.8902876
-5.6102667
-1.5899565
4.6604385
-4.599575
-1.7843478
-1.6329827
6.3524847
3.0529861
-3.7979681
4.5383854
-3.062807
-4.6919265
-3.392166
2.818242
7.6010094
2.0756178
-1.8053203
-2.6069329
1.3962955
-3.362978
7.3937864
-1.1549757
0.41932988
-1.6028957
-0.40723532
4.2002993
-5.866222
1.4635303
-4.149066
18.124678
2.4171119
0.40768188
-11.28918
-10.39171
-11.002615
-2.3887193
13.957257
9.798202
-7.303668
2.2056186
-6.1948595
5.2564282
-0.44817805
-12.808879
-2.5695019
-0.7434696
-7.8024054
-13.084969
1.5948749
-4.119445
-8.196132
8.187478
4.882615
-7.6162825
2.2229517
-3.4240704
0.1877557
-5.950406
-4.0015917
0.46700144
-3.0671153
-5.5807085
-11.880636
-5.21219
4.561624
-5.7733903
9.381582
2.6460814
-0.9572886
1.8286517
3.2266974
7.48104
-0.9691334
10.914752
5.020864
5.832343
-3.3027477
2.8406894
-3.7899513
1.4219798
-1.8530161
7.5668283
-5.236086
-0.25624037
-2.91215
-3.2811127
-0.7391342
0.9298542
-8.413904
-2.9109988
-5.8226595
4.703541
-7.5841837
-5.215662
-11.82869
6.479891
-17.903873
-6.6812153
0.74523735
0.23015723
-7.9029408
-2.3997228
2.095807
7.211072
4.1005745
-3.3923578
2.5233846
-2.4214294
-9.6587
1.603386
4.8322945
-8.9512205
0.268224
-2.0958772
-9.653728
3.2731953
-12.761129
-10.828864
0.32367396
-2.1726794
-1.9640716
1.0544496
0.007317066
7.5661783
-0.9142537
4.894248
4.768628
0.95799077
1.4493175
3.640849
-0.67146385
1.5925323
-5.386532
-0.88075316
5.4484982
3.940739
6.1132765
-6.5811596
-3.912971
1.3113728
-0.56851745
3.9760513
-2.11163
-4.155457
-0.18359825
2.7747478
2.1022773
-0.63557696
-1.9069583
-2.909616
1.3995218
-6.2459583
8.708363
-0.16019201
4.413872
-2.3326483
2.4790707
2.9560363
-2.2233648
-1.958396
-4.959194
2.0250053
-2.588445
-3.8708231
2.5458105
-0.58619857
-1.3324362
1.1082622
-2.223965
0.5598247
-2.7418098
1.4265347
-3.5160184
-2.7075748
7.6085987
-3.2354016
5.946869
0.75516695
-3.164716
3.2427258
1.0287491
3.6437557
-7.724291
3.7201247
3.6574168
-2.3556056
-1.4100718
2.9009821
-5.2213883
0.25555515
-1.2435021
1.5234771
-3.9949553
-1.577445
-9.172425
1.6082337
1.7083188
9.110351
-7.7102795
-3.3457513
-1.6156093
4.62166
6.232559
-13.356
2.3150396
-8.351722
1.9486809
10.458932
2.2801843
-8.88336
-6.325964
-2.826
1.4311392
1.5930551
2.4405074
-1.9188418
-1.2781209
-9.70126
5.954296
-1.8230916
2.5833836
-2.1776454
-0.741879
2.669705
7.2802844
6.3240237
-9.555616
-6.128933
-3.5796769
-3.8716037
1.165576
0.1510781
2.0177913
-6.2494016
-1.4466871
3.4520714
-5.972617
-0.68968177
2.6550703
-1.7188663
0.477377
-1.9459257
4.970068
3.570609
2.2189722
-0.74197274
0.67645
9.3765335
-2.8566637
0.06933737
-0.90670633
-0.063298225
-3.8148742
-2.335067
-4.890167
-2.0152612
4.1739025
0.7545469
7.4322934
-8.734506
-0.6707411
3.4024556
-0.37649655
-2.1349077
1.5894635
3.248755
-1.237618
-4.623459
2.9834743
-1.2952745
4.792184
0.6876664
0.99425185
1.0128961
-11.052431
1.0069408
-3.203559
-5.401771
-3.163526
4.4345546
5.022379
