0.16062164
-2.351659
6.323837
4.2692504
-2.721506
-11.149533
-2.226591
-3.5279648
-6.7391424
12.044261
-4.0320625
-7.9864683
6.3561535
7.8763733
4.54789
2.031888
1.6116288
-6.6876802
6.2666717
-1.4292424
-0.3175547
0.95298433
0.895921
-13.14765
-13.70895
3.448314
0.3179443
1.4360565
2.4432359
2.9748712
1.4651049
0.33923316
2.98822
-6.107684
-2.5307329
-6.0925083
7.6663375
6.6875887
-4.2307262
4.8211184
-0.47350943
2.2785637
0.9660201
-2.9784064
-3.120422
2.4860265
-3.0343907
-3.3092825
-2.369153
-15.195688
-0.80711126
2.420022
-6.3232765
-7.438669
-2.0882266
0.02162671
-3.4437313
-3.2327337
-6.314541
6.681405
6.962457
1.6221545
-4.1065054
1.1905701
5.065768
-2.327034
-2.2079592
10.372311
-1.7582679
-6.5561666
2.0150204
-3.4884741
-8.192669
-10.997428
-0.36777973
9.356128
-1.7054911
-0.41393054
-5.7514896
2.9173431
10.733986
-7.967596
-1.5851167
7.295442
-4.9734507
-1.753977
-2.0512903
7.7446904
7.459531
8.899842
4.2824163
-0.40390325
7.7478533
-1.6502326
-5.2612624
6.6691036
7.1568837
-2.8320446
-4.7394733
-6.5682783
11.934711
-2.12666
-0.7544135
1.9701295
4.9547157
-2.449656
-6.0180235
-1.3618678
5.739151
5.0943007
-1.0132077
2.2310395
-2.9317245
-1.4013865
1.9530333
-7.293457
-2.4259734
-3.4285707
-2.8828564
-3.3995097
-11.136806
-7.8253365
6.0815516
-4.042768
4.4782124
8.542888
-5.637201
2.48191
-4.187476
-2.7333152
0.67126155
9.349425
-0.51339877
5.5242496
-0.3414688
11.427414
-4.8492856
0.7516367
2.279778
2.1785047
2.682684
2.0856361
-2.6648686
-5.7790937
2.1055672
-1.9214649
0.106389284
7.7548976
9.952533
-5.101945
-10.980934
-5.356725
-2.9867578
8.635042
1.0596353
-4.3638654
3.6091197
5.4828415
-1.1324005
1.0354348
1.2728376
-4.2499046
-4.043132
-2.5993743
-0.9149163
0.5212805
-4.596986
4.8097124
6.4829617
1.8628017
5.444976
-3.3001819
1.7067809
-3.913396
2.8946288
-0.7204853
6.329741
-4.5918436
-6.2742743
-0.6098236
8.242118
3.5156908
-3.585291
-2.1413164
13.537243
-0.90622306
3.142761
1.5167768
6.515588
-1.3675861
-7.0950966
0.16561294
-2.509037
6.519878
-7.3851666
-9.128816
0.2629509
1.766459
1.7041669
-0.46260464
3.6333456
9.068264
2.4891756
-2.380106
-3.7024412
5.8742666
6.824937
1.6787058
-10.744258
-9.034194
8.095371
-9.948435
0.534634
-5.62588
1.0511909
1.6197698
3.0648046
1.1186461
-1.4098988
-15.66088
-3.1548562
-8.214528
7.247877
8.485191
-7.162412
-6.607423
-8.70928
-4.8339596
2.6495914
10.625265
5.4065437
4.6219893
-4.7578287
-11.987722
12.78649
-18.46089
-0.67280895
4.5475802
4.945284
-2.7522507
0.73348355
-2.6629345
14.665138
1.3115542
8.110658
2.5025344
0.0029860735
3.0982199
-8.1317
5.425559
-2.231392
0.14022064
6.2230515
-1.9406495
-3.6145647
-3.3651197
3.7403784
-6.820607
-9.49452
2.486393
-0.27151585
-4.989413
3.4580748
15.044697
6.9656224
5.6483054
4.798489
-1.2986002
-0.71007967
4.983596
-1.7345097
-4.1520295
6.451042
5.686675
4.88745
7.343395
1.8395075
-6.6359234
-5.9354525
8.469331
0.61042714
-1.7159343
-0.58622974
-2.4084513
-1.1702971
2.0123246
2.490125
-9.14938
3.4014108
-1.6825311
-13.630558
0.06769341
0.6221781
5.6300726
-2.3590217
-4.123251
5.0883093
0.45872283
-11.693968
-0.46970177
2.0784729
0.33422577
-7.6017265
-3.4462054
5.2884874
5.3702683
-0.63930774
0.62341785
-4.630196
1.5416942
-8.814384
-1.2398655
-3.0305052
12.713608
6.3438063
-1.5547755
-3.1877646
-2.3792653
2.701485
10.243441
0.728292
5.379266
-4.2574773
-1.4953555
3.883956
7.5681105
-0.17799711
-2.936157
1.0851502
-11.236103
5.3104477
-1.2966821
-7.0179033
-0.6755307
-4.7644024
3.0260057
-2.601673
1.5993004
-2.612536
-6.613675
-0.7569556
0.0410316
0.9897628
-0.7529059
-0.8659077
4.4910035
3.3349814
1.009927
-2.6342976
-3.2325025
7.0606337
3.1749992
1.6447313
-3.433523
2.93593
3.0126038
-2.0150883
-1.7699594
3.4770646
-2.51267
-4.446839
-3.5069115
7.0520744
-8.659678
0.8012998
-3.1284764
1.866029
-1.849715
4.359069
5.572128
-12.135375
-8.431878
1.7965444
3.8682227
-0.23689032
-7.5177903
5.577848
1.1677523
-1.2967505
4.778591
-0.5732956
13.273091
-6.4190187
-3.0913253
-0.73793596
-12.180889
3.9283476
-1.9156325
-1.9771234
5.897298
-0.8648392
3.023299
-3.6128652
-5.2692785
-3.4308426
-3.2533422
-2.4780698
-1.8165871
8.561354
6.400654
0.86310685
-6.4412923
1.7185967
4.635852
2.8849645
-11.070319
12.763475
2.4448211
-4.837702
3.752408
8.654012
-8.234277
-1.9882864
5.6953907
2.5618522
-6.1066747
2.7341533
-6.399867
-3.428747
6.0483837
4.363155
-0.021279693
2.4610884
4.1101127
-0.9689443
-3.157479
-11.741803
7.894231
8.542951
-1.6476543
6.596733
-2.6724946
-6.6764183
6.4016733
2.9234972
-2.489644
-14.503161
-0.26547754
3.9805977
-2.9530313
7.408734
3.2647345
1.1193119
-7.7502956
-1.974005
-7.058234
-3.5445595
-5.077199
-1.5264902
6.769527
-6.683093
0.0108321905
-6.3425407
-14.114321
2.3622477
4.435247
0.5628262
1.2168573
5.267052
-1.9665816
5.810517
3.3819573
3.1089716
5.109604
2.195664
5.1552167
