-4.1409774
2.37932
2.3681476
-3.549374
-3.3443007
1.0495054
-1.734643
3.1283462
-2.5978963
3.161626
-1.3337436
2.77152
-3.4562595
-2.3616748
-4.008093
2.3178487
-2.1218157
-0.2786305
-1.4259384
-2.1170616
-2.095739
3.2639492
-1.454258
-1.3413517
0.060518265
-3.1403346
-4.288931
2.0408957
2.875265
2.4222443
-3.3544922
1.8613338
1.5243186
2.4184918
3.3931005
1.0919039
-1.826441
-1.8774885
-1.4770994
-4.5824623
2.7423882
-2.7007656
-1.0806701
-4.511131
-3.426384
-3.9594862
-2.465844
4.0403066
3.295357
-0.4836279
-2.8608608
0.25404954
-1.2225308
-3.2221508
0.8844756
-1.2130045
-0.32812023
-3.0142446
1.1325327
0.38326073
1.1887367
-1.335164
2.662406
2.8523984
2.7472258
3.3645625
1.9871951
2.1871777
-1.4285979
-4.1646905
4.500419
4.564042
0.25859475
-0.717162
3.2111816
1.4641848
-3.732161
0.2463004
-2.3490226
4.117751
-4.34151
-1.3392553
2.2583992
-0.18430406
2.8553996
0.19134521
-3.2220438
1.2545106
-1.0496457
1.6364107
-0.55577743
-3.1170328
-0.2471914
0.10836619
-3.7486546
-1.8616371
-2.0934036
-1.2402012
4.470249
1.2393844
-1.8803203
-2.0459368
-1.243825
2.40874
-2.389494
1.2143275
-1.919713
-1.9659207
-0.053100526
0.12084971
0.6156142
0.6499515
-0.6616646
0.8930257
3.2419791
-0.24905863
-1.3544024
-1.4754483
-1.677532
-2.3666453
-1.6281576
1.137741
2.4147384
0.43152496
-0.8685798
-1.6737739
-2.4868636
-1.9549111
-3.966683
2.3649664
0.05641803
3.7573743
3.3793993
3.0127282
-0.5558301
4.358487
1.303608
3.2572978
-3.3464906
-3.3098273
-0.88804114
4.837637
2.721599
-1.8803694
2.0695848
-0.63434005
-1.9441615
3.0780396
0.26318872
2.8620439
-1.2088451
-0.05005803
-2.9776902
-0.44647437
2.014751
-0.7371395
3.244023
-0.5108713
-2.9319072
-0.5175626
0.98322314
0.6752533
3.5100996
-1.035328
-0.4613325
0.92237663
1.4108387
-2.5789435
-4.8181686
-1.4505574
-0.5836532
-3.2496176
-2.69316
-1.7839077
-1.7613119
1.4622743
-2.7614863
3.0497718
-2.351116
1.1426388
2.9931211
-0.9281271
-4.0226026
-3.9353483
-2.9031675
-1.8397131
1.7214953
-0.14387146
-2.4063194
-1.8896216
4.71442
3.1498973
0.8541162
1.0140904
1.2134092
4.258542
0.10808872
-1.6407799
0.33907753
3.8454444
2.1545866
-4.4596457
1.5817025
0.97509265
-2.7432537
-1.7732775
1.5564096
-2.561389
-0.8897612
-0.4574208
2.9605348
1.6183845
3.7170181
0.49788958
0.4530466
1.9333414
1.1686187
1.3587353
1.3866485
0.69787
3.9681468
3.2369432
-2.119055
-1.1900346
3.0405636
1.1327496
4.139022
3.4001217
0.6602453
2.750355
-2.1070104
-2.8383133
1.9878973
-0.33374977
4.050084
-2.2294836
-0.18675467
0.7643914
-3.1990957
-1.0989778
0.19974136
1.8548689
-4.4831743
1.079065
0.21698403
3.020125
-2.2243562
0.36309552
-2.0970101
-0.67098796
-2.8008275
-0.9462987
-3.207632
1.1919975
3.7573469
0.59070456
1.783001
3.2706254
1.3782037
3.4033067
-3.6036417
-2.1276252
1.019589
-2.3139942
0.66018045
2.363349
3.054144
-1.6726478
-0.73335654
0.7184994
2.8189251
-1.6933577
2.3767278
-4.439921
-1.7363808
-1.6074005
-0.6072165
-0.32420585
-2.6026475
3.3534052
-2.8530471
3.3556414
3.3286884
0.051081896
-2.2154622
-3.510987
-4.4718437
-1.2596087
-1.8770807
2.7401607
0.84258175
-1.1972908
1.3929651
1.0319713
-1.4894886
3.0374637
-1.3238969
-1.6747134
1.5689193
-0.27852625
2.4966648
4.315219
-0.6139664
-2.6042383
1.0414795
-0.816544
-2.0821347
-1.6309052
-1.8081925
0.03234476
2.427288
-3.0687523
-0.2927826
2.6385012
-0.3917526
0.35844937
4.651581
-2.134953
1.7869451
3.562799
-3.2860103
2.298277
-1.1559255
-1.9684334
3.8428874
2.872829
-3.3331885
3.1690226
1.2270836
-2.7771015
3.0178041
2.5727158
1.1937368
2.9492974
0.49685737
-3.8194318
-4.632688
1.6204636
0.8317689
-3.6597838
2.4034781
0.9950302
1.6284206
3.5340323
2.1462893
2.4465754
3.1058524
-4.376608
2.1185484
2.4568238
-0.83861387
0.9899285
3.9834197
0.80621207
3.8064399
-5.5271416
1.8585327
-11.509587
-5.938538
1.1132927
-3.8870482
5.1984305
4.389635
-0.18800947
2.313311
5.6457243
2.1550035
3.9389143
-9.400417
-4.602182
2.4575405
-1.5523827
-4.35279
8.940758
6.3535547
-2.0169954
-6.5848575
1.7304423
-0.50537205
0.5191324
-2.4564533
-8.969141
8.922206
0.085050836
7.7197194
2.9506369
3.6438742
7.023261
0.03283274
2.6583204
5.0105577
2.7221513
-1.4078147
-1.0580347
3.8047724
5.2150803
-0.81618303
-1.9006319
-5.3229256
-5.2268085
7.793528
4.140832
3.6136389
-1.8207493
6.0844254
6.337741
4.685815
-6.142951
3.8450022
4.529954
-0.76839876
-1.6500037
-2.6195345
-0.61029726
-1.6750674
1.0365626
-0.19524813
6.767908
7.504499
-4.637146
2.5793266
-7.2335186
-5.079604
6.7820244
6.8035755
5.909426
1.8108847
0.8075956
6.399169
-5.1992292
0.45036805
2.3598
-4.621154
-4.3659353
0.40681314
1.2050045
2.424881
2.3488169
2.4813886
0.07106516
2.5964713
2.859844
0.96071774
-3.023597
-2.5524285
2.260554
2.3768857
0.18910128
1.1055579
-0.25818777
-3.0121374
-3.7100897
0.66531277
3.2269382
-2.797157
-0.31937736
0.5142704
-3.9046676
3.170704
3.9111707
1.0637298
4.353491
-0.5688775
4.750181
-3.1650922
-1.9003801
