4.671418
0.9295621
0.8302698
-2.1718588
-2.0119996
6.9775724
-1.5280744
3.260006
4.279136
4.754423
0.72426504
5.6659365
1.6759739
-3.5649219
-8.541137
4.861922
0.44202232
4.589178
5.431797
-4.584238
4.7792597
0.3803537
5.2894697
-1.4030837
-1.870461
2.2346094
-5.1138496
-1.5153883
0.8065975
4.3555307
2.173441
2.3004684
-2.9593632
4.84385
-1.1319528
3.3666975
-0.7528105
8.509926
0.7142601
-3.9843502
-2.0375288
0.2974615
-4.1207023
4.903307
-2.5396998
-9.449085
0.7974031
-0.3013226
2.7964163
-5.5524063
-1.4873818
-0.703817
1.8835187
-0.8050848
-5.831729
0.47127104
0.45917463
-0.046890497
2.7689528
0.068104506
0.14889097
-0.99441683
2.3831336
0.79723716
1.368864
0.6635301
-2.4222994
-2.7779946
1.5161979
0.889096
1.9897538
0.097213745
-5.59556
-2.6190884
-7.659491
3.6970344
1.7790179
-2.9675193
-2.9527836
-2.399478
-1.0575582
0.9458171
0.8872628
1.9062307
-3.0681813
-1.2200077
-2.239994
-3.49229
-8.33965
-1.5779834
-3.2066562
-2.1440501
-4.6502614
4.2809567
-4.713319
-5.459731
-1.4276676
2.2998483
-4.8627114
-2.4101758
-3.6343875
-0.9485644
1.1436715
-6.038912
4.6372375
0.65429246
-2.9176939
-1.6406496
1.3581613
8.060091
-0.12896776
-4.3619633
2.9465709
-2.6810713
5.447349
-1.7128997
5.521464
-5.0464706
-0.53807735
5.4632106
0.7482729
-8.436717
-1.2779865
-0.4505087
-0.78727233
7.7080913
6.5786324
-2.3146029
0.25165272
-5.7051716
4.3301196
-3.5943818
0.7860677
0.3475467
-1.0299227
3.7931569
2.689536
0.55796814
2.0239582
-3.9982777
1.9429562
1.8637669
5.1809506
2.489451
1.5876298
-8.105543
1.3710139
0.29698706
4.728572
-7.6648927
2.2473502
-2.2671742
-1.276622
-9.936119
2.4006844
-7.5592017
3.5844805
-0.87045085
-7.118017
1.610173
-3.4213653
-3.9828992
-0.8031771
0.28353035
-9.147787
-7.1330867
0.9702759
-9.574999
-0.1385001
-2.0700285
-2.8682542
5.495489
-2.1954114
-6.7746596
4.3409295
1.0481018
-1.3900156
-2.0688596
2.7590866
-5.371819
4.482568
4.1464396
-7.4918675
0.019113302
-4.491712
6.3250766
-3.0686436
0.3885871
2.0617464
-2.5324042
4.8236
2.0251935
-1.8496461
-5.659151
-0.35487795
5.7157907
2.5476542
-3.7252202
-4.463275
4.860626
6.6402445
-0.90718603
-3.292203
-1.6198025
-2.377818
3.7481785
-0.28802943
0.054528713
1.1017063
0.8598201
0.9064168
-1.7422743
1.1974615
0.75422716
-4.3440933
1.0664585
-5.2240543
0.21681738
1.9574939
-3.677584
-1.9171929
3.4874206
-3.1953416
-2.8800693
1.6021912
-8.922428
0.11163092
-4.2215395
5.2713165
-6.7568436
3.3934727
0.79744744
-4.4698963
-1.2228982
-3.4386353
4.7969966
4.2739406
0.2635231
6.2946415
6.248189
0.32283545
2.7837434
-2.0009987
-3.5585055
2.2339826
-6.6229587
6.521359
0.90132546
-0.8666007
3.8950098
-0.85917926
2.022448
-1.4154332
-6.2444735
4.526974
-5.263988
-3.1650853
-2.1082308
-3.567389
2.743824
-3.8508947
-0.25898743
-0.7744746
-8.122974
-0.3140899
4.2914023
5.2973275
3.2923641
2.2658997
5.255139
0.4422965
-7.44331
-0.32306415
0.9230857
-2.2817078
-4.615634
8.164856
2.6580467
6.1114836
0.012282133
4.7612925
2.930321
7.9116087
-0.9065418
-0.46134305
1.9053693
-3.5123267
3.1562657
0.22064799
-0.64714164
-2.2478993
-3.0832517
5.5921154
5.477477
4.3598137
-1.8535213
1.5730311
-2.9753242
-7.4746466
-1.3534231
5.749667
-0.75328445
2.1980805
-5.388296
3.3456461
1.8400496
-3.5128093
4.6636424
4.0853963
5.9126415
-7.268169
-4.086058
-3.396915
-1.1056563
-1.2602079
-1.5777788
-2.0868602
0.3145616
-2.183159
5.6880245
-4.49096
-0.40818948
2.7768316
5.4810257
1.3032762
-2.4102263
1.9687444
-4.3750887
-2.2429552
0.8562084
-5.076533
-0.2933985
5.7319765
-0.51622057
-0.4090526
0.23318219
4.1599526
0.9804268
2.2815533
-2.1899822
2.5049412
-2.9399745
3.081524
0.989838
-5.577878
3.3258092
-4.108742
8.167397
-3.5446327
-5.802731
0.9069691
-2.391079
1.9682465
-5.280674
-3.5320334
-8.4574795
-5.053276
-1.3109055
-7.3704815
-1.9100797
-0.09193164
-2.8171713
2.3844845
5.6623783
2.5351927
5.559663
-0.8707919
3.2844448
3.6613095
-2.620801
-1.6927452
-3.1187534
-2.7350843
1.0051612
4.8901043
0.27424502
-4.947098
-5.3392696
0.013792753
-5.227432
-3.3580065
0.48625934
2.81588
-8.381529
9.020688
-5.2681465
-4.355984
5.2300344
-0.80650735
-2.0558503
-1.2804003
-3.5353484
4.1321507
-1.2065879
-0.32937336
-0.74733233
-1.3172007
-4.473487
5.8650455
-5.8179674
-6.772575
-0.73427856
2.2931752
5.8344564
-5.78035
-2.6135175
-0.77352047
-5.408806
0.68921936
1.5930057
-2.9745677
2.1486955
5.462679
2.4307795
1.9926679
-5.2151756
2.9952567
-1.0173309
-0.5319326
-6.9243817
0.40216625
-5.3163757
3.3474598
1.527529
5.6697063
1.7096603
0.07994974
-3.9628384
5.986495
-6.654464
-0.5962025
4.5088687
1.8598198
-0.7389176
8.513252
-0.31526887
-2.2290387
4.9014897
-2.1100023
-2.9804158
3.1947348
-4.0469017
1.7957604
4.675067
4.7241445
2.6534216
-3.308823
0.45040035
1.1874171
-5.460269
-2.6116154
2.3653932
2.703358
2.1401148
-1.1666963
8.44586
7.02342
0.8404882
6.8679824
3.111609
-6.1639132
1.5829641
-4.3169017
4.5942106
1.6915662
4.073938
