1.5245385
-1.5439415
-2.9269936
0.79749846
0.26761878
-2.1537964
1.2674668
-0.47998986
2.363859
4.622454
0.5027634
-4.0433497
-0.66797006
3.4090672
-2.288565
-0.23622328
-4.25992
-1.8255303
0.26958385
1.7256229
-1.1723402
-0.6246488
-2.321498
-0.87195766
3.8775115
-3.1292396
2.4922636
-0.6245437
-1.1564826
-2.4035707
-1.5447656
-2.3360631
4.6005445
1.8850651
0.5246243
-1.5452974
4.299284
-3.6205223
-3.3954787
0.62990797
0.114688694
-4.1319923
-0.12426264
-1.186218
2.4010143
0.59217286
-0.7099892
3.942045
-0.34522456
-0.4026909
0.9213152
2.389046
1.9714003
2.9120014
1.8991841
4.19738
-0.11018732
-0.5524848
0.4797877
-2.293733
3.0034146
-3.6015704
-1.3335114
-3.6443982
2.2535887
-2.5382318
-1.3329892
-3.3323488
-3.4660223
2.7139347
2.5837688
-1.9844046
2.4951339
-1.4780128
0.41495717
-1.0700829
-0.28204596
-2.8457751
-0.5266124
0.122149535
0.9556813
-1.0192785
0.40724945
-3.8472848
1.5555073
-2.6825988
-0.87887126
2.2500157
0.37059703
-1.1563907
-3.8126104
0.26847744
-0.01638323
-0.41837808
-3.214121
1.1225886
2.9953609
-1.3703803
2.362256
-2.1545541
-3.679974
-0.9271253
3.7006981
-3.6788332
-3.568558
3.6057827
1.427866
4.6600356
0.40830535
3.1976233
-1.6210412
1.5277214
2.2282448
-2.2122388
-1.5362917
2.2846303
3.656789
4.2372446
-0.5470031
2.0864382
1.4570165
4.537061
2.1933517
-3.285205
0.32191625
0.5968098
1.841923
-1.4480226
2.216454
2.7926774
3.2851639
3.6561098
1.6699469
0.87178034
-2.9321828
-0.4078111
-2.6388907
-2.3488915
-3.5631618
-1.1244291
0.22375363
-0.32339588
0.72754586
0.34136543
-0.45254913
-2.7068272
-2.5332158
0.529269
1.1209526
-0.69590074
-3.5458736
2.7188673
-3.5579076
-3.2888954
2.12883
-0.98302656
4.0418587
2.4862192
-1.4032121
0.71284837
0.8385732
-2.4454172
-4.303607
2.7475762
-3.9366066
3.2819285
-0.93085086
2.8849792
-0.80059505
-4.691078
2.9573445
1.3923757
4.2391
2.161872
3.707434
-0.6101279
1.9092867
2.6193457
-1.2160419
1.8664038
-0.35461152
-2.8235629
0.36884397
2.9581811
-1.5738289
1.6244841
-2.7002158
-1.318273
1.0321748
-3.0308557
2.697738
0.365145
0.6646048
-2.9902782
-1.4656665
1.1102241
-1.7553542
2.3539276
-3.0158427
-0.85711974
3.3690257
0.36786222
0.5731372
1.481576
-0.35023078
-3.1655798
-0.60888827
0.53839505
-1.5764151
-1.9733748
-2.666208
1.4570019
1.6075084
-0.268587
-3.1555648
1.3102416
0.6332579
-3.3708215
-0.07001403
2.9649856
-2.6667333
-1.2688874
3.5253549
0.43764162
-2.2463298
-1.8610425
-0.06781393
1.7667367
1.7494535
3.5741262
3.3843238
-2.6806102
2.708196
1.8627934
-3.2560124
2.217123
-1.6524186
0.5394661
-3.3075697
1.2134306
-3.1241283
0.027192473
-4.6133485
-2.5010989
2.8000455
1.9516776
2.4394069
2.6884787
3.2579799
-2.231413
2.1864293
0.16663587
-0.97570324
-1.0010935
-0.83769745
3.291474
-0.1913619
-0.23575215
2.2493165
-2.2262015
1.584372
-1.9616631
2.6730888
-2.9915571
1.1929326
0.42127848
-1.1380543
-2.7193196
2.5413535
-1.75093
0.9034461
-3.9773424
3.9238598
-1.4636043
-1.8614535
-2.1180344
-1.845772
-3.9530876
0.81548977
-0.77953523
-3.2492273
-0.55501485
-0.8765374
0.34413338
-2.459008
0.53261954
1.1913649
-1.2695614
-0.9173424
-1.0732822
3.4624307
-2.3711488
-0.19466655
-1.716927
-3.1294458
2.0399303
1.8064508
-2.3470995
0.41686577
3.278808
1.4954214
2.8541713
3.071957
-0.7599512
0.7846367
2.8299274
-2.2563899
-1.1789131
2.3781981
0.3298344
2.8333755
-2.011158
-1.1757705
-3.3189754
-2.7037475
1.261769
-0.24536061
4.3155
2.2627573
0.6766966
2.395674
2.0296264
-2.1730738
-3.036842
0.7437417
-3.0565956
0.63798124
-3.4814763
-1.9009237
2.12599
-1.7909938
2.7430263
2.9825847
-4.3872256
-0.5744575
-2.6512296
0.2559762
3.263353
1.3127191
0.63843554
0.12703091
-1.0882325
-2.591381
-3.3945796
4.3338733
-3.278744
-1.8888327
2.7443237
2.4165843
-1.2124537
-2.7096498
1.4269702
1.708224
-3.688505
-0.0026715994
1.7997235
0.08717412
2.098302
0.17528039
-1.1225537
1.0679392
0.87807673
2.0414913
-2.6993032
1.166351
0.9756959
2.090842
-3.4826689
-0.41643745
-3.6053534
-3.352448
0.3127002
-1.438906
-0.16688925
-1.3808436
3.9227264
-1.4197174
2.4376347
-1.6469886
3.0884967
3.4063194
-2.3609326
4.09459
1.9713603
0.55529743
0.7813258
3.6694775
-2.0813487
4.5400877
-2.4778705
-0.89953256
-2.654757
-1.1732645
3.6050148
-2.128272
1.4243342
-3.9034383
-0.0621472
-1.3293692
-2.1833644
-2.1983066
-3.2013552
0.63346404
3.152024
0.66404754
0.5211611
-0.36585557
1.9702816
-3.1096864
-0.8339689
-3.3181493
0.6697592
1.3725672
-0.11259195
-3.471601
-0.900216
-1.0121908
-3.2577853
-3.5015666
0.28487253
-0.8894062
-3.0828276
-1.7905563
-2.160433
-3.2907562
-2.5236266
1.3809208
0.21406102
-2.675476
3.578498
-2.2054799
0.22685105
1.9956808
3.9758902
-3.4538198
-1.3099902
-0.9437901
-1.435014
1.1762257
0.72683614
0.09123403
0.118908286
-1.2031212
2.75132
1.6954231
2.329523
3.151801
0.8416114
-1.9342427
2.8211474
1.9913111
-2.9994133
2.0982723
-0.8798783
-1.6119552
0.5517979
0.48309168
1.4096622
-1.5459043
-2.0788803
-0.94647413
1.1598659
3.3445985
-2.3566008
-0.66559744
2.7349043
