-0.8348121
-0.5663944
-0.73830897
-0.89435506
-0.39585692
-0.08827649
0.13701893
-0.87773967
0.17826544
-0.26050693
0.64296246
-0.7868298
-0.6856638
-0.30164224
0.7494877
0.5270876
-0.41033903
-0.2148607
-0.87311155
0.96351063
-0.0023872314
-0.62803864
-0.05381522
-0.71080774
0.32527083
0.5920227
0.9892241
0.34809992
-0.82614315
0.619839
0.8888774
-0.2095975
-0.27918172
-0.84540606
-0.24038322
0.42626485
0.058094423
0.23067695
0.52327955
0.549127
-0.6071084
0.5040719
-0.47492945
0.86471
0.6884021
0.16975102
0.6981702
0.5612253
0.17815256
0.543874
-0.3719546
0.7078042
-0.39715973
-0.03152515
-0.81472844
-0.80598056
-0.9772703
-0.99527365
-0.1885787
0.32826146
-0.9513032
-0.83006436
-0.66746014
0.07035076
-0.73492765
-0.42709467
-0.8575441
0.6597008
0.5935477
0.5935954
-0.8341414
0.5663225
-0.7719978
0.7077204
-0.82101744
0.58831215
-0.6379495
0.812077
0.79259986
-0.17437142
-0.63150084
0.59160054
0.43822417
-0.14010112
-0.35557777
0.7207801
-0.8470789
0.69259167
-0.21352981
0.34744185
-0.54577476
0.76798606
-0.67841434
0.46046084
-0.5583659
-0.8801979
0.6613534
0.9523883
-0.4650219
0.6951499
-0.98505414
0.640034
-0.8071425
0.2638395
-0.60804814
-0.30229554
-0.3790083
-0.72936887
0.15912169
-0.999493
-0.8988723
0.84722495
0.41594154
0.5013742
0.33119026
-0.52811575
-0.46152493
-0.67929584
0.15968084
0.58668107
0.59531623
-0.25502187
0.23685329
0.12837358
0.7206315
0.78820515
0.9222271
0.014474689
0.4432487
0.73603517
0.6804288
-0.6044614
-0.20131603
0.47893772
0.60302496
0.81911576
-0.18689568
-0.73794997
0.12269979
0.08986188
0.5270142
0.76674813
0.2501453
0.7475014
-0.8775523
0.3404949
0.8581775
0.9518184
0.6320479
-0.97156924
-0.24195284
0.60598636
0.2889403
-0.97251123
0.58438146
0.9327793
-0.44369534
0.36276907
0.102395795
-0.3679389
-0.9399494
-0.2615004
-0.27457872
0.7283147
0.2102369
-0.45818707
0.85119116
-0.37925547
0.528302
-0.95343965
-0.08736563
0.5285753
0.64841616
-0.7647343
-0.49248165
-0.24960873
-0.8144693
-0.6895561
0.8450261
0.1248389
-0.92003006
-0.3059017
0.5638278
-0.2270511
-0.28693977
-0.20264351
-0.12001661
0.10521949
-0.55478454
0.7925267
-0.92911565
0.81585497
0.105081365
0.72356796
-0.36163014
-0.4195084
-0.2848142
-0.8639724
-0.5669634
-0.21829982
-0.46774304
0.9770534
-0.8137465
-0.5794165
0.5049597
-0.87274903
0.18232372
-0.6871484
-0.3807461
-0.12503824
-0.56484884
0.08337324
-0.4614651
0.93212587
0.1356458
0.011218593
-0.0006670639
-0.32992992
0.59994847
-0.72188693
-0.5242451
0.5430163
0.79191923
0.7955628
0.50269043
0.33800748
-0.6855657
-0.151305
0.12307293
-0.9409205
-0.4759407
-0.71788913
0.15622474
0.93099433
0.572986
0.47568297
0.80981064
0.87318
-0.32607427
0.5666252
-0.987194
0.73161983
0.6961218
0.42626005
0.047160525
-0.906088
0.94131017
0.9685301
0.9604429
-0.13027245
-0.9722223
-0.16187316
0.32602167
-0.5846749
0.50491446
-0.78790456
0.13693228
0.6429416
-0.24881336
0.89778054
0.89980143
-0.36213544
-0.6034103
-0.7352684
-0.61364686
-0.17204691
0.22011158
-0.6198286
-0.7151856
0.1185728
-0.5148124
-0.76281375
-0.065256305
-0.8594254
-0.79353005
-0.30215907
-0.5660222
0.59548414
-0.6871671
0.25081304
-0.14185357
-0.39952496
0.64671016
-0.14632809
0.16504878
-0.772749
0.017592633
0.685111
-0.49430647
0.11621952
-0.530438
-0.90008336
0.10228119
0.28254783
-0.1780205
0.64185023
0.8868256
-0.29385278
0.4778261
0.68578196
-0.20091552
0.5656554
0.64441633
-0.9921986
-0.085009366
-0.26845434
-0.59792954
0.9969011
0.120454386
-0.0018614461
-0.14807418
-0.3838988
0.93788177
-0.18242285
0.84184724
-0.16287841
0.8524961
0.11107195
0.768728
-0.009879166
0.009955111
0.053969603
0.7057784
-0.15159191
0.48754618
0.93706125
0.21020539
-0.27406222
-0.4801016
0.04533576
-0.5757477
-0.9053225
-0.73115486
0.8212249
0.0031044737
-0.32557967
-0.75543827
0.7810378
-0.941598
-0.5315877
-0.62153786
0.3059643
-0.67072564
-0.48364782
0.8432299
-0.97057205
-0.80460125
0.2711399
0.33262697
-0.19768472
-0.4600171
-0.5099208
-0.4318146
-0.766102
0.18587519
0.38103738
0.25586334
-0.8557577
0.5055949
-0.31265852
0.8849053
0.21564788
0.5386472
0.10218347
0.74977565
0.8328259
-0.9849994
0.7849084
0.5738491
0.7781621
0.86870164
0.21422154
-0.19581516
0.98287135
-0.91130626
-0.09755697
-0.5102095
-0.59305024
0.17764246
-0.69797575
0.23757587
0.5074368
-0.4381509
-0.7434467
0.34838107
0.34411374
0.9151805
-0.7904791
-0.49726883
-0.023096811
0.78202754
-0.48624685
-0.32372987
-0.1538584
-0.009740739
0.98243576
-0.5109544
-0.51891994
0.44512364
-0.7595117
-0.13951232
-0.08355537
-0.31177476
-0.039060622
-0.1953895
0.60161865
0.58378416
0.5193798
-0.86465347
-0.93244857
-0.56169796
-0.6871707
0.01010438
-0.03995426
0.8379543
0.87698317
-0.9827276
0.101127476
0.5325139
0.19358309
0.42651096
0.36982417
0.33163685
-0.19706269
0.7996912
-0.67725396
0.77192837
-0.3030014
0.13741869
0.31951714
0.51516175
-0.3957789
-0.045400705
0.047490574
0.2732405
0.9330029
0.39776284
0.39184865
-0.037336696
-0.5112934
-0.39865324
-0.37170887
-0.3140426
0.43759996
0.38064882
0.51081514
-0.66772074
0.8675846
0.89546156
-0.58879733
0.66047096
0.034004994
-0.9845597
-0.48457456
-0.4002782
-0.76262146
-0.28097543
-0.9284544
0.41656554
0.05304483
-0.27481648
0.07535446
0.7779117
-0.018284243
0.24722353
0.086817
