2.0383904
-1.6761017
1.8495318
-0.96130717
1.3336045
-4.110636
-2.8858361
-3.1812775
-2.054893
-3.7248404
0.087914646
1.861963
0.9969933
2.834424
4.672626
-2.6741107
2.6663706
-3.3388846
-0.37486506
1.1651349
0.91244686
2.8853445
-0.31671748
3.2770066
2.9314961
-1.022649
3.1801367
-2.3576386
-1.5599086
1.961598
-0.0029584765
-2.3516362
-0.057661474
-1.3774506
-0.38339525
-3.886264
-1.7413025
0.92413116
-2.9069228
-4.3500776
2.236307
3.1454167
-1.2835729
-2.7730315
-0.10230911
1.9435989
-3.47124
2.1277666
1.397375
-0.24792987
0.4696687
2.8180754
-2.7918832
2.4930356
3.018172
-2.3448737
-1.1127555
-2.1961217
1.0506766
0.45010173
1.0341177
-0.96556765
-4.4475436
-2.106566
-2.6402388
2.651401
-2.6357646
-1.9109485
2.9829628
-2.1148388
-4.1705494
-1.2931417
2.8370204
2.892261
-2.9714887
1.3989489
-1.2921987
-1.8409607
-0.4513028
-0.37650967
1.9678936
-2.1780832
-1.8367444
4.2561607
-1.1046528
0.7965982
-0.62616366
-3.8169317
-2.618184
-0.76540285
-3.4121542
-1.991341
0.46819976
4.168975
1.6053016
1.511495
-0.03618592
-2.2575293
-1.6467516
0.9948219
-0.74605286
0.04574269
0.8868356
-4.034645
-1.4602895
0.71727085
3.7287006
-0.8616672
1.9397447
0.24684727
-2.7255
2.0416226
2.3843012
-2.012617
-0.83699626
-1.9349297
3.0224447
1.2078731
-2.7643075
1.617158
2.274866
0.6159146
-0.7536643
0.06700075
0.21187037
0.607838
-2.8436024
0.21055919
1.0969589
-1.8860062
-0.62387645
-2.924926
2.724551
-1.7767956
1.1686692
-3.9062762
-3.0079625
1.7102101
0.70282286
-2.992086
4.205494
-0.24630368
3.7240844
-2.2969768
-1.5952649
2.3143942
0.4283175
-2.7401395
-2.7121096
-0.008985519
-2.2947168
-1.1642408
-2.9302313
-2.5488803
-4.3708935
1.674864
3.7612765
2.446274
2.5409396
3.5338092
0.7341087
2.1464896
-4.102681
3.802466
-1.1972287
-2.857679
-3.5242162
-3.8378766
-0.84713924
-1.4168894
-0.26418108
-2.425177
-2.727212
-2.5311406
-0.0103465915
2.952729
0.47932768
-0.36167255
3.664045
-3.6141984
2.1164055
-2.6569457
2.1225276
-0.4228853
-1.7780721
-0.12158577
1.7691448
1.5670656
-2.7076793
-3.0848207
-1.4264026
-3.310094
-0.05689186
0.17393708
2.6547391
-3.8027604
3.4862697
-4.2713375
3.8181443
-0.08683157
1.0457932
-0.14669323
-1.1754012
1.5087664
-0.15351748
-0.9638639
-4.22627
4.176059
0.35882068
-1.9477484
-3.4505413
-1.1212593
0.5810946
-0.29304612
0.101017505
4.005725
-1.7682455
-3.579782
-2.2006989
-4.5058136
-3.8058782
1.5985651
0.77778506
1.7283467
4.28603
1.1045084
-2.3150349
-3.4498086
1.189506
4.261867
0.96551585
-2.927925
3.9538786
1.6124685
-2.5585375
-3.5442436
-1.9245198
-0.391024
-3.4106553
3.6285713
3.992236
-2.8054082
-2.468114
4.0823946
-0.035185337
-0.5320133
1.419775
0.12218687
-2.6213884
-2.8118684
3.053879
-3.9022856
-0.6429621
3.8115993
0.20985284
-0.58551747
0.7987962
1.5020523
1.0913271
0.51301575
1.3599887
-0.27213758
2.946877
-3.2351604
4.2127204
2.3440475
3.1123822
2.421873
3.7826958
-0.17549248
-3.8029532
1.1307386
0.07164705
1.8641535
0.14204216
3.313813
-1.0181887
0.048710942
2.1354098
-3.301618
-0.33526418
-0.69221354
-0.24075401
1.8826298
-2.0314744
1.3600147
-4.064329
0.36680824
1.8211553
-0.35546795
-3.7166162
-0.22639453
0.543552
-1.2586643
1.8618461
2.0808625
-3.816235
0.43349725
2.021363
2.653532
-3.6108568
-4.0661955
-4.509308
-3.8874116
2.6667473
-4.507153
-3.1180544
-0.8917993
-2.7844143
-0.62490916
3.4548998
0.8537895
2.039204
3.6837697
-1.9156375
2.2846382
3.1068945
-1.0953135
-1.9395782
0.7336942
-1.0857555
3.9006824
-3.8447847
2.2212634
2.3545465
0.5072856
-0.19263142
4.4934444
1.4748113
3.5325785
-4.013077
-1.2720466
-3.7691133
1.4248745
-1.4746466
-1.6749294
-3.3205376
-2.7729387
0.80852306
-0.82284564
4.0523357
-4.4050756
-2.1269612
-3.0504427
2.87548
1.7626975
3.8981497
1.0493736
-0.49448678
-1.2883439
3.465737
-0.43631977
-1.1553291
-1.4754549
-2.6301224
-2.8419116
3.0267665
3.4776309
-1.4554831
2.8906927
1.0318806
-2.4237797
2.9682004
1.0395676
2.2194622
1.751879
-0.505084
-2.9906483
3.4166074
4.0609856
0.24150202
-2.7151473
-1.317915
1.1308155
-1.8545272
-0.13000083
-3.9110687
2.0900714
2.4544587
-2.4288983
3.0283651
1.72545
-0.54312193
-1.6916766
-1.42718
-1.2182027
-1.1733955
0.88297796
-3.8434253
-1.0849468
1.400548
-0.98666143
-2.0510962
0.07038815
0.9342624
1.6079731
0.12183225
-1.3044771
-2.6592216
-0.45899677
0.5270462
3.3223515
-3.1728663
-0.5200519
2.5320437
-3.6245084
3.3138094
0.38446474
1.5967023
1.555866
3.2086182
1.6711504
2.0984254
3.8961885
1.6910334
-4.3928413
1.4095716
-2.1738005
1.3073158
-2.6865854
0.8239595
-2.205523
0.48926276
-0.41736168
0.91406304
-1.4265082
3.746137
4.4857497
-2.9044113
3.3759234
-3.823605
-1.1774336
0.9101924
2.730045
-2.6907735
2.8791094
-3.9526362
-0.037686646
2.5486176
-0.3988648
-1.9910915
1.622693
-1.2031114
-1.1207259
-0.10884175
2.0762563
-2.8622694
2.2460823
-0.22660224
-0.64792746
1.0191442
0.0035315752
2.0075812
-0.63344747
-3.3364887
-3.0686867
-1.0749669
-1.8457444
2.9186819
1.2029936
-3.9184265
3.0115829
2.662439
1.8562627
-3.224547
1.137821
