-899.37006
527.3603
1158.9695
261.41507
1427.5469
1028.2604
-589.78485
1029.6549
69.94925
603.78033
-801.48065
-1386.4365
-1123.588
-913.79236
-276.4492
-1822.3274
-1641.3734
290.4249
-421.5413
1814.4686
-531.83514
-808.516
-276.60602
-396.29413
-1169.0613
328.28354
-580.08795
-559.4546
-1680.8728
86.74553
671.0463
286.47186
1142.2207
2158.7126
1651.54
1504.8995
-465.33334
-559.0225
-160.97377
-372.6954
-466.6991
-1329.5139
-785.0838
1197.3727
663.2722
-499.36893
-103.904724
-1058.5276
-1276.3191
677.5
415.65567
-146.17804
-98.09466
-1447.9188
2266.5327
-821.87714
1871.2603
-106.105545
827.68445
-317.20685
-358.2945
199.46806
303.80127
-1140.532
-120.0988
707.4719
-730.68646
672.4324
1645.1943
71.377815
-1182.2809
-332.92615
190.38387
-66.3021
500.12418
-1401.6974
-86.60583
-1280.0336
-426.59274
539.33417
-288.4029
-555.22546
-422.06494
-482.24048
-181.12814
2389.7695
-1403.6235
595.0669
1972.2631
298.23618
-729.28015
129.20866
914.23615
652.42566
-1016.14
-29.079418
1675.6979
636.50195
731.2091
545.81476
-1065.156
263.8159
-870.661
-241.4787
-738.29877
-130.62805
-165.82951
836.6143
-0.21605313
-737.5621
-1298.7736
1171.0321
-60.99124
-524.09973
1258.1307
-134.94383
-675.5542
397.03815
-389.49768
-1754.3236
752.37134
601.4124
294.319
90.93972
-613.0978
439.64362
-781.0472
-1208.9104
835.01624
-500.42838
-447.56824
262.5959
-567.60236
-695.96014
-424.21515
-1207.1115
-62.460957
965.7844
272.9459
923.08
-644.79065
495.7336
-1416.9408
-1246.9308
-333.8683
477.93323
-25.645456
1509.2404
-523.313
-374.9364
831.9036
1414.9004
-533.8523
-47.03147
660.30316
-914.83105
-1050.021
-827.3985
-2407.6414
427.407
889.3474
-1630.3511
288.31088
730.9339
1647.2133
808.2318
174.96869
247.74994
1236.9613
-1866.5231
124.1229
-1102.7338
-383.52072
1002.3888
809.51434
14.668626
-397.00134
312.09802
410.2226
-1370.852
-208.3513
689.3078
-171.03098
-548.5204
-588.466
-473.80872
1122.7728
455.44965
-1184.743
434.58304
241.68735
-1230.2302
211.45706
873.1206
-192.93777
-712.36
1474.7383
-51.86378
323.8754
377.0986
-455.98438
1541.8365
367.07767
1082.9272
-208.15266
536.2008
947.1252
-420.96094
-1032.4623
-481.27188
114.77899
678.47284
-508.7832
-2011.043
237.84186
2755.32
-26.502657
1052.2911
-120.15998
-289.72406
-535.98956
218.33684
764.81213
-500.26523
114.43549
503.90216
1009.4328
215.85242
563.2466
-576.1415
-214.41493
1049.6641
-291.18152
249.17143
657.21814
-1583.87
-2329.8376
1255.5542
-443.87152
-872.44666
-50.64718
650.82556
874.3868
-509.64926
1127.7687
261.3497
-69.84829
-1233.6559
-1654.4385
-951.9428
-842.02167
1635.1659
348.36612
1479.6725
-570.8238
385.48065
900.7055
-58.11847
-569.9401
813.26996
188.65721
-860.5963
267.9147
891.0105
-103.19713
-264.2942
-231.7047
79.279175
908.78735
-1840.3213
-1.0264671
-1029.4022
-622.4189
-1271.0598
483.6447
-109.31374
-994.66583
1315.1448
1046.6399
1324.7202
-304.7365
75.49139
510.8344
1029.0427
1240.7267
-1694.9829
-1624.3206
-736.2088
1318.4739
-540.6491
-268.20474
237.57806
-924.9018
231.46738
-1193.4048
478.17523
621.96423
-618.8555
-1213.2068
-697.5421
-735.2168
-1583.8588
82.7711
-1166.631
-786.402
-260.1503
649.16846
246.47684
-1365.361
-130.5251
-469.114
-1415.1714
-308.5138
896.01404
-1369.7817
2224.3154
-949.67975
-716.82587
-1026.6343
787.3816
117.13536
-222.64417
-801.9211
-691.36475
-350.66046
512.04584
1160.6182
-601.33594
352.9352
149.43318
1229.6759
340.77875
-524.16156
795.0823
-1660.5901
608.1896
1019.67346
183.26111
897.2275
405.6007
261.4869
624.9538
-766.6404
-615.91833
-908.2186
-238.45683
-283.86615
2378.8853
-441.00055
187.85223
263.99783
115.10383
-1282.5288
1049.0197
184.82123
-922.1137
293.1632
-601.9174
483.96912
382.01727
772.77924
586.6069
449.8768
-595.55334
-427.97452
179.09251
-995.3188
175.29195
-366.02866
1105.1755
770.2766
-606.2668
271.27005
1235.7335
-505.23944
-1002.3111
103.29989
694.88434
-276.45172
-1353.0304
-574.37146
-175.47821
-881.7862
1039.1973
-728.6922
510.82913
530.8041
-1454.0138
1067.1208
651.4026
-1123.7389
-1374.1793
-909.5445
344.30063
-40.553616
243.52975
117.59118
1207.674
-585.01874
-108.765495
393.08154
-1643.4933
472.62234
1434.4924
-711.7064
-384.09204
-107.708496
-420.7138
-2730.1416
1674.7887
453.2537
-1156.6611
1338.5148
387.5222
1029.5096
-769.1039
-608.5984
1372.2787
886.4411
-874.1873
774.30475
1170.4385
-127.074814
-131.96883
288.703
-432.99353
737.23505
-115.166565
-1213.6433
-1400.6296
1625.7367
-231.11023
607.3761
-715.5675
-601.817
425.41653
-391.31018
177.83958
-2085.9182
-548.19147
-831.8684
1137.579
77.69453
-587.41724
-1029.4308
-736.0257
-1828.5575
182.87999
493.66702
-1460.1449
-1173.7231
1247.8857
435.77075
267.90823
1734.4163
320.45795
134.59918
1006.2514
-924.59344
-299.1336
-116.52809
-1164.0743
479.10425
-379.0923
1310.2826
135.2626
-2103.8555
1674.0797
-357.36508
-184.07065
330.41928
166.71587
493.82297
516.36334
1334.3633
-491.452
997.29584
2605.3755
-1124.4213
-934.4656
522.5135
184.1236
-1350.841
-24.665464
-465.49966
-499.97495
-611.99744
1455.2173
1931.7277
1540.0668
719.416
1168.3129
-257.81113
-274.14114
189.50395
810.1504
70.81114
-220.65082
504.67755
112.41365
-331.51492
-341.3595
-414.83826
866.75726
-190.92853
-95.22348
-124.85404
-241.38939
-1231.0942
1857.449
-1345.1217
-1173.3851
-283.12146
-395.86145
1591.2303
625.55884
1142.4027
-528.63776
659.02716
974.0264
713.4917
208.09744
-195.00578
-665.95526
880.9559
-760.66187
600.58594
1490.039
1743.8368
1967.4047
-1678.2703
540.1185
2220.1758
458.92767
-460.5886
-306.85703
252.27373
384.7554
-825.0972
1927.232
965.3965
-1282.5895
-388.47717
-1918.548
523.32855
1458.3048
-1362.6835
-28.078356
-1322.9655
-118.671165
585.59485
-166.94289
176.18394
-1049.9534
-567.1944
56.75601
418.61676
1365.3516
-494.6759
-1155.9202
1149.7697
-2015.6995
1026.7512
1648.8357
-972.61365
356.8525
234.49113
-78.89775
1123.4917
-282.57034
-85.12461
1132.8894
1520.5311
-318.08118
-616.72076
-424.56726
696.4322
-150.20723
-621.08844
1284.5674
-142.40396
-587.07074
1868.253
-252.3659
-1678.6699
-559.4165
-1519.295
-512.56415
-1887.457
364.4792
510.384
529.0282
250.37369
-358.07452
-1148.1896
1094.7432
-814.09467
-1557.687
-173.59976
-522.5602
1047.6715
270.03827
91.562645
862.4955
-702.55725
715.3569
193.19934
-860.3491
-305.74484
65.538
343.6928
65.477905
469.48975
621.1812
-481.2953
-620.4448
46.578487
163.44824
801.9445
809.58673
-688.0882
-517.1061
389.7387
476.48212
-997.529
800.9699
-969.67847
933.8339
871.8791
-1234.9414
-249.47636
-2182.0354
-531.3758
603.51746
737.0194
-876.3306
42.097607
-914.335
1165.9951
-155.44106
-885.5891
513.7293
-1390.369
575.1417
1145.7769
-2927.1345
328.41095
440.21927
