-247.64735
709.7681
-74.56191
405.16373
-5.587591
326.26517
202.5062
482.35526
460.4291
4.593256
432.00577
-1162.7925
-12.871856
-98.35408
-197.72343
-921.8773
-349.93402
369.58255
20.68276
574.99744
-273.9589
-1024.825
-144.10214
213.61984
-635.76215
-279.3723
88.64634
-96.574265
-606.06067
-71.0573
-167.3423
-381.88754
-241.1737
980.5165
601.8724
680.21075
596.8333
12.493149
83.03475
-539.81085
-701.2893
-739.1153
-22.536182
155.2441
393.5009
542.6209
18.807041
-350.37604
-271.76074
354.80963
-519.53864
389.7724
-359.37695
68.87318
450.6103
204.12787
1410.6854
-714.4825
-585.8972
-218.79857
-272.64832
502.55133
436.7432
-576.5529
437.18146
31.67257
-39.239025
-277.0856
991.7217
360.1912
-258.41867
233.83891
11.009725
268.82452
191.55159
-82.90489
-309.64795
85.0025
-199.13858
149.41069
-580.7526
-171.93849
-793.185
-385.2081
-873.8473
1093.2349
-759.90045
1150.7789
1006.2154
201.8801
-404.3624
375.30408
823.3536
-981.0536
-478.17987
326.35788
434.81915
594.9409
472.58875
101.96169
-872.0567
-481.9449
-462.79358
-48.406334
-1213.4634
171.26491
1482.3961
907.8469
-207.20865
-97.89757
-727.0716
236.38461
346.53094
152.13315
501.09457
-182.87895
227.93402
404.27344
317.37073
-1162.3312
1204.6843
144.5518
542.0595
-538.45264
42.02991
300.13922
-824.8679
-681.1392
769.2018
75.98632
-297.96466
349.45676
-838.26324
-234.88062
-732.0181
416.72794
-488.116
-124.8506
357.01205
-198.96745
111.31051
-349.6405
-1521.9948
-1197.2396
-494.9001
775.86945
590.3635
940.22437
240.10912
-548.92847
374.5505
929.5415
145.08937
-318.4307
-48.944035
52.11172
-552.00134
-61.710968
-1240.2396
258.80685
565.69714
-874.1652
396.68268
-127.82579
208.23813
324.16718
-935.4294
411.4508
475.68362
-785.3822
-271.28833
-76.53378
539.06683
390.93402
161.39935
352.7274
74.65338
948.26886
582.8424
-783.5956
-138.08618
67.41948
-76.09332
-157.19711
145.30307
-516.9952
771.4628
-443.13934
-576.8244
1138.2448
173.17657
-576.8075
-43.427475
826.98676
541.6376
-173.54619
338.59845
-317.2123
170.97247
-431.4189
-272.09805
1033.7787
88.38901
345.96088
-215.72498
-225.44212
-181.94186
10.090832
-684.393
-614.3567
775.1078
261.60864
-827.57495
-705.28815
725.1064
1449.2915
-451.24728
1184.2936
78.51881
-255.19762
113.61903
455.02188
633.99927
-1153.628
-968.23956
370.54337
-585.9259
181.30975
384.5837
-654.22614
-129.34233
813.92706
-86.432175
-605.4847
188.64151
-466.67908
-6.8479056
355.8
-633.6119
2.7513063
-476.4574
603.85016
-96.85515
-371.74316
744.4095
-508.09296
-654.90625
308.55765
-1150.0634
-125.24391
-656.8755
1098.2877
-131.19524
371.93005
393.33136
-47.504112
178.64558
30.851429
-486.0725
558.2749
54.34369
-516.76483
-407.9199
-296.3194
51.681206
-808.13617
-481.9519
67.20805
-234.1052
-313.48618
2.6979208
-1376.6531
631.7434
-100.48531
-100.178604
-437.57608
-319.1126
429.55667
691.2433
133.74736
180.99252
49.023495
172.52669
145.96011
796.3397
-451.6383
-805.4012
-786.53674
261.691
22.914532
369.16937
-66.67186
451.01584
781.2431
-311.5676
286.9767
602.2875
-762.7292
136.55664
-347.59744
-210.91731
199.41118
-828.4491
-842.1961
-110.79609
-97.42241
509.32083
-207.94722
-193.43105
-155.85117
262.59998
6.5452957
-7.348897
-152.31882
-493.74332
-90.66164
-268.32318
-611.2919
-615.7411
-83.13078
-272.41202
116.97822
-859.0901
325.2305
-405.8198
1443.8109
627.23956
-128.49452
-202.1417
412.27365
-869.78107
193.83318
-163.54156
901.2076
-969.52606
744.0497
712.96466
213.72586
372.14526
1020.269
255.44893
11.974011
-1092.5632
165.01851
-678.5971
513.4482
41.601818
1294.5619
-24.105028
878.6114
200.06374
468.23587
67.063385
-34.643166
127.64773
-132.65677
-65.339066
-24.565468
-578.43976
-11.157739
32.535976
-161.03796
576.4201
-309.64142
-987.5106
342.61035
-735.8501
379.37537
-194.44939
770.8016
219.95836
-359.22516
452.17926
148.83978
948.5938
-406.73282
-231.27832
383.88782
-394.17743
-1006.78796
351.00375
-273.31378
-488.8642
-324.32285
-979.11505
116.63364
-90.26614
-656.12573
292.20547
1030.9109
21.222435
128.77809
-242.56721
-149.18759
-210.78624
-229.38762
91.63563
1019.70624
-884.54675
470.1913
657.977
-263.5625
873.561
987.46906
-512.1474
304.09293
-460.24844
-378.9068
-1840.8088
978.3858
97.03901
30.036182
480.71735
402.81223
-15.453883
-582.38824
-66.60714
-2.3360963
-539.4101
-682.34393
211.06157
3.8039358
250.60696
237.21207
267.7857
292.4597
-250.58519
-376.60602
-755.3355
-330.98203
811.0676
-864.27795
18.087555
-893.06604
394.44485
138.20096
-257.50812
23.910429
-158.60393
-249.91411
-1.3136219
429.31656
351.69687
-145.09438
-136.67113
-487.7811
-74.52088
-299.8886
412.45062
-404.2601
-178.51628
362.26553
-183.65208
519.99084
433.73962
388.81598
-710.45996
182.3572
-309.21042
-352.53436
-49.09296
113.2401
-52.814842
913.12683
226.13934
-237.00952
-1094.0769
819.65295
120.66866
124.470055
-357.32074
-468.19705
-112.87213
207.26796
691.87805
-606.4042
553.7264
1057.8455
-563.16
-399.32675
314.53687
64.05579
-960.2237
-60.257717
52.89145
-959.18475
-720.5193
634.22076
960.94385
226.37999
-19.723967
779.4776
284.792
-369.1725
-60.318184
-580.8501
-287.49103
117.68249
142.47328
183.70128
519.08563
-270.18506
-1101.5836
465.906
-403.14908
274.25784
-491.88675
-41.098682
-529.00726
-325.38885
-265.85516
40.00241
-13.928268
-954.7448
384.5902
-455.57892
90.82335
164.38019
349.0169
42.55563
867.7677
721.65894
-409.15024
-268.23557
406.31042
-101.87087
-545.803
680.9012
846.92596
351.6385
-696.40704
156.12474
1176.9292
389.05756
-156.8448
129.89914
147.20772
602.5195
-729.98
719.7024
-272.48642
-455.68094
-210.33737
-19.586895
38.32214
541.5261
-148.49889
-466.85864
-973.95404
283.7388
265.58102
829.7527
-66.23589
260.85187
-960.982
237.0106
22.250025
203.22144
-122.45874
-288.2775
654.40985
-1257.0996
823.4043
890.95374
-479.79758
-182.17404
391.36844
-649.9291
408.86646
-318.4574
-200.58597
208.81834
518.68396
778.0098
298.31683
513.94324
85.47802
447.32877
104.120094
450.12604
677.8296
36.28885
1228.585
-298.8936
-1198.2164
-207.7758
-1006.5604
-444.10388
-1268.5125
556.6923
-249.09914
63.889545
641.6373
61.64837
-1063.0466
667.6752
-287.83618
-1005.9878
-225.0227
358.2514
-461.86084
13.010473
-84.01633
1277.8374
-1150.6321
-84.951256
454.66058
-476.32523
-34.65553
-371.718
415.08923
394.92056
936.86914
259.63922
-128.93767
-614.8021
149.07404
595.2058
979.99615
1076.5652
-507.93155
-744.3141
118.71367
-54.11898
-567.3194
541.4645
-639.53723
1186.9045
-325.06073
-568.28625
-248.1135
-440.98907
-12.706327
513.58954
801.0146
-630.46094
225.2448
-570.4848
824.22876
212.2413
-345.60773
71.169334
-501.42755
-108.66209
538.2356
-1356.7544
335.3915
67.65545
