-427.48135
275.60574
188.00967
496.06458
383.2842
-222.58167
28.388529
26.67141
462.04486
391.9108
23.725685
-811.77155
-320.82147
60.91025
-24.285587
-612.33014
21.489487
276.43167
1.5907075
-7.464056
596.1708
-137.77148
-250.28992
307.48605
-416.18546
-100.08076
317.86496
-102.459335
168.93622
-103.56244
-55.033043
-215.62178
-442.82327
460.7572
621.19727
459.8206
404.5338
216.17691
-591.8692
-595.4385
-695.4547
-4.3074064
642.7045
-108.08231
454.344
23.225714
451.79382
76.15054
-294.0316
238.55511
-633.70355
-78.27567
-151.05255
33.472523
44.602886
201.25574
901.678
32.453903
-143.65442
134.6039
-433.04596
-115.37876
800.042
-358.3509
277.5866
280.09094
385.82812
344.80423
302.71765
79.92648
-294.2034
200.54344
-46.74304
7.873422
-127.36206
-195.40948
-292.52917
-287.06525
402.97073
185.82855
-705.4551
140.35179
278.02448
-127.76789
-555.5729
145.77696
88.128204
363.1021
334.5804
270.59918
345.60867
39.293777
1229.0945
-879.25494
-479.6357
413.71442
1.097667
93.20144
386.9787
-187.2962
-359.66684
-58.07529
174.62929
-323.7657
-795.104
21.732803
518.3464
232.7164
-599.1912
362.21793
-586.1784
-152.81204
634.6127
-362.2061
-85.354866
-131.39966
-135.17784
383.63925
-38.96676
-323.6681
1164.906
282.33646
-175.87738
-769.26953
-485.29834
-22.365162
-501.15866
-328.6809
487.30893
-193.93158
235.49847
315.23267
-696.2682
63.859016
-539.36206
194.80568
228.73982
-344.23764
-151.75044
-411.8746
-82.517265
207.1962
-515.4303
-356.40646
140.26863
-125.17785
505.54968
-91.72974
4.321723
-128.0491
-136.5397
127.712166
72.12675
-262.171
-429.61887
213.50288
-329.04987
-149.17712
-616.5924
-22.424057
-48.16887
-283.11884
197.52031
419.1649
-164.74916
-158.24762
-314.96692
-271.2819
256.7772
-411.31522
-115.172966
348.80722
66.94106
687.86237
-391.1039
180.82039
168.03691
459.93176
263.78668
-371.19714
-360.03424
101.95436
-243.24979
-277.4203
-390.40112
-59.442924
645.5399
-98.25339
294.11273
703.17395
-95.40327
125.25828
-346.9208
650.52185
548.13165
-786.49817
-199.82307
195.52159
-548.5166
-134.15857
-121.43485
-71.11825
705.8447
-13.222693
46.44443
450.78836
-242.82281
96.62456
-609.9142
-531.5068
768.9951
-207.98752
-730.04443
21.340282
117.24087
467.48056
-507.88358
547.39465
-438.40015
-556.73517
130.51468
186.95226
112.110756
-1037.6748
-156.63084
225.96202
-243.00117
428.40652
162.46086
-502.15506
290.92334
392.06927
-62.62141
85.736626
504.9093
-401.99496
58.481144
228.2696
-58.094395
-220.32465
-144.75496
-22.656694
-170.86725
-592.141
586.953
-34.01607
-200.0112
151.67128
-551.2438
4.0692844
-734.0496
444.72382
150.77325
532.16595
362.80078
85.012024
119.98586
137.33571
-270.32178
43.23664
215.32022
-377.41998
-81.71982
356.683
51.963467
-558.63275
-307.22095
-476.36124
174.18108
-89.737625
49.726566
-359.7773
422.67087
131.92952
-46.290123
-319.36057
2.5874467
-175.62083
445.3087
-76.620995
41.39903
-320.55936
-116.546265
-86.72679
220.40904
177.74826
-323.47174
-599.5068
-199.54094
-150.90234
61.13204
-243.06203
656.3437
602.044
9.770902
188.77164
59.708332
-189.77684
-291.3447
-478.787
-182.69186
362.7771
-603.7241
-828.83386
137.61148
134.31076
261.40067
-235.27644
-291.70197
-213.41298
-305.82834
44.248768
40.34145
291.59006
-524.5424
454.257
-39.211567
252.1031
-40.65948
-227.19899
-18.613588
226.48203
-787.6248
-521.44794
-154.95712
214.53546
-114.48455
356.13278
-171.31021
589.2681
-1158.4888
155.73166
-14.299375
729.6084
-186.75867
307.92145
-28.836672
19.514576
-170.9565
484.4722
95.03324
169.57655
-478.37338
-87.81548
-472.7814
51.24585
338.83313
218.12424
-163.74515
123.18775
744.09125
-66.92242
275.91528
-223.43204
35.197186
-410.24954
109.33482
299.73145
-339.79028
-291.055
-424.48343
-399.34058
-337.48157
-297.05612
-554.3873
237.12221
-706.73517
453.7112
2.248722
629.33276
360.59537
-18.5301
120.224335
345.93356
536.44714
-247.51205
-734.2759
97.10115
-432.46173
-680.5859
-77.24029
-102.27152
-293.4919
-297.71832
-461.6292
401.80203
-262.15268
-341.8391
634.02325
685.2787
166.34937
-356.26785
-154.09813
25.802029
29.374899
-208.25146
236.26512
754.75916
-364.56216
254.98535
193.6478
-35.166298
445.35373
677.65826
-24.96105
224.56076
-82.174126
-278.72635
-663.7967
176.388
77.39256
309.74994
186.67819
1062.7266
-254.85817
-66.45269
350.05722
-56.08167
-115.54227
-369.6123
153.31482
-54.980995
348.28598
168.42407
265.15576
147.2586
-212.31152
247.65202
-429.09824
-236.57277
597.6355
-597.85657
23.020605
-288.07425
-4.1823664
395.89502
-75.960945
-171.44247
-26.89438
19.111507
-6.0819826
459.63525
539.53595
-230.35205
49.799393
-478.4613
113.81529
17.172539
685.6526
-145.99464
262.02454
-63.155945
-268.99313
255.49316
142.19273
475.71136
-406.69363
545.8844
-161.82866
-268.19138
0.23243567
0.7950878
493.24866
243.01712
-523.3676
-569.1049
-134.92484
929.023
-158.96774
-479.20193
-646.7083
-222.41675
-2.8736937
418.0694
-106.4599
-528.11084
486.2821
849.2739
-109.04761
50.62639
311.30734
191.27866
-462.67053
202.62653
-152.33154
-253.8125
-153.26396
-201.45029
644.57306
203.79742
-363.0424
452.70386
-84.48138
-211.6449
524.8368
-70.100204
-181.11717
-145.08023
172.93277
-377.15488
20.4676
-101.04195
-381.17703
26.305084
-244.52538
58.246326
-218.96428
-581.87195
297.3172
-37.509434
-40.347164
227.99107
81.94578
-434.10638
444.89795
-173.71396
-318.72495
57.300175
90.45518
306.9996
750.4187
-164.69637
-366.4134
-63.13687
388.2414
-458.26605
-11.943098
228.70546
384.68933
180.66696
-292.90958
-434.0792
747.7
443.03027
-326.82172
-269.11716
237.35414
640.8132
-347.47528
873.39185
264.53653
-417.94208
323.37677
177.79617
26.270056
107.22951
-576.3987
238.75359
-357.09436
108.240524
437.18185
-231.72034
31.548153
-498.02914
-506.60095
76.926476
216.1878
304.18982
138.5859
-203.83269
222.46414
-851.45184
380.85843
562.9746
-112.22476
-40.719215
392.8935
146.18568
160.31198
228.983
-84.1772
-332.93167
388.824
105.39382
549.0848
-157.25598
-77.90421
-192.86465
352.83087
249.36105
295.1509
-143.64482
453.0487
-196.84306
-547.7988
491.1141
-583.317
11.056145
-547.2344
655.7197
97.24795
-17.459347
584.39185
-486.99658
-549.8465
409.7659
-295.24777
47.74143
68.14531
469.77158
-359.4291
186.08984
-47.981007
690.0462
101.743614
-10.071801
-7.3310156
-558.85254
-98.40478
-45.624542
167.38069
184.41647
487.79834
-326.80704
15.726863
42.04058
-42.12565
368.9069
785.07446
694.40576
-224.99811
-174.49799
-282.4822
385.4982
-187.77858
-27.513124
-251.77979
216.18694
-329.11487
-332.55936
72.15556
39.1301
-385.94073
111.73673
430.7999
58.6928
74.1749
-574.71704
205.17192
30.933825
2.592266
-120.15566
-411.58435
47.588566
522.2581
-943.26794
-167.60571
9.186888
