-220.37863
615.6462
233.60213
447.4773
1079.208
1001.8638
-790.6768
1013.8465
-151.48743
-54.56343
-713.0982
-1765.2601
-871.5007
-657.112
-671.47656
-1289.7656
-944.2342
412.23007
-79.480995
1686.8301
-349.78387
-1338.075
-337.2751
-44.285618
-655.82623
-130.32266
-762.559
-178.40398
-767.08875
589.347
416.64346
-239.02716
414.27682
1458.2001
1440.311
1000.41437
28.657675
-683.3352
100.84407
-278.83395
-697.47986
-584.96606
-303.8243
476.1908
665.93677
-534.83746
-104.489716
-1243.9854
-890.5859
239.19444
-21.886734
37.047237
-8.923779
-1621.2592
1281.1644
48.204926
2175.1482
-88.72634
473.44373
48.296314
-329.19562
-209.02878
473.11923
-511.2122
-480.23752
303.69885
-221.87843
310.38898
1968.5271
22.608276
-430.4203
262.76263
85.212875
-130.29654
329.13196
-1752.4513
-88.674
-1321.1587
-119.29108
752.80273
59.667805
-879.1796
-1110.1439
-1037.8004
-548.107
2250.3113
-1316.5251
981.06415
1428.3724
727.6057
-753.307
399.71732
1125.5436
471.0165
-577.8555
247.08904
1465.4014
1369.7097
820.9893
-220.68297
-1334.2511
634.3646
-1090.0648
-537.6402
-780.8635
-66.20962
57.88902
1221.1033
-550.8451
-888.229
-1279.1819
843.55054
45.85785
-280.8205
1000.57135
-31.502424
-637.03033
716.0074
-370.01782
-1664.1329
291.7173
842.66296
433.78473
-138.193
202.52185
1024.3602
-691.601
-692.27594
876.33575
-673.82245
-392.6923
-37.002594
-705.9488
-933.5678
-113.48723
-642.0252
-231.58508
411.394
275.661
925.22235
-588.61835
502.4876
-1794.4464
-1149.6252
-591.76416
1272.2678
14.136163
1496.8267
-80.25862
-398.33847
790.7347
1441.918
-108.59636
-253.47691
290.84033
-296.15622
-225.72502
-248.97574
-2307.99
704.4436
475.9637
-1496.1754
-54.01533
56.846386
1747.2828
909.885
87.60765
-173.58958
598.4982
-1431.6981
-630.5433
-216.96652
-152.2572
696.979
466.69296
750.1722
-138.8046
467.1386
270.76926
-1070.1517
60.57929
566.5306
-52.703056
-594.1475
-302.39612
-171.707
1042.4305
-500.83356
-1058.3196
239.63504
166.64877
-672.25995
279.11942
750.57275
586.98236
-653.84705
996.499
-373.56128
639.2903
267.09488
-235.40416
1301.273
81.54756
668.22516
195.46808
916.816
343.63733
-680.49054
-1526.2697
-765.4552
-549.1961
246.28712
-1014.34973
-1739.8289
627.40314
1529.9532
-447.7162
1218.3541
-98.58437
-637.78687
-19.560143
152.83467
-39.259586
-671.95776
-314.6539
559.63055
487.57327
327.86267
1371.1058
-686.8501
-315.17328
867.6815
129.77872
433.26562
718.99835
-1146.2172
-1509.4855
1174.9785
-590.1375
-461.73242
353.6595
1041.1752
812.32153
-379.86523
1522.6122
-63.794487
-193.1381
-885.9983
-1522.0548
-1020.773
-1160.971
1247.4943
408.9913
743.3174
-344.80743
569.2663
1043.4507
89.74033
-1056.5306
1081.57
115.40314
-365.08502
664.06396
770.384
-414.20053
-756.51086
-117.46473
11.362912
549.9125
-1162.759
465.32266
-1641.7177
-145.36565
-1293.6821
302.83624
321.36206
-895.4317
1173.7225
1228.3573
1105.3431
170.63142
133.26378
513.3722
1092.3046
1519.4814
-1135.0798
-1537.3417
-1126.1915
1326.9905
-463.3391
-94.2342
-107.69103
-617.08887
734.93005
-746.2924
137.8017
-55.362236
-207.6162
-955.0339
-404.51035
-805.666
-934.3092
144.86848
-488.03635
-652.7415
54.54699
509.58426
-458.00525
-1437.2921
-107.97723
-494.2642
-1543.7007
-385.0506
372.54306
-550.6238
1063.9758
-939.7791
-922.6329
-911.15894
488.46103
-452.40652
9.37929
-556.6655
-182.68698
56.763527
429.73407
828.9197
-427.7568
519.0052
-469.43137
563.4211
-90.45423
-226.59016
462.44974
-1093.8954
691.6784
760.88403
-45.640877
278.87567
549.70245
742.40265
491.8092
-424.359
-512.1967
-561.2985
852.7967
33.49669
2308.624
271.7029
351.26822
148.22096
402.67743
-498.5902
434.19135
307.9538
-535.39197
73.71803
-1.5554683
-430.38794
31.640955
1066.8491
373.4577
171.49721
-634.5245
-667.1496
150.80142
-612.4779
263.40237
-134.5355
1830.8048
606.4883
-1115.2878
43.22294
591.72186
-45.94624
-535.0925
267.2365
1395.3617
98.827545
-1630.5602
-131.51648
-239.00429
-577.0772
942.6278
-903.0303
422.78992
-303.5562
-926.8956
683.80597
345.05157
-1029.2273
-1517.4503
-850.10736
504.42017
88.42858
508.33585
199.54953
491.52628
-787.8358
-169.73817
897.5137
-1387.3472
881.8715
1350.2583
-962.01746
-58.15387
-1041.2721
-17.681604
-2597.9307
1469.3292
664.6618
-896.34766
1632.291
39.25709
619.569
-300.02496
-758.4258
825.4004
730.1578
-698.9554
349.84937
1229.8514
708.95703
-15.028985
258.88297
-329.49515
494.32782
-288.0057
-842.5766
-1195.6088
1019.7655
-159.85428
814.37714
-266.81335
-554.1002
464.16086
-144.75563
-230.89944
-1453.4672
233.74019
-330.42606
1402.5265
73.69029
-188.20564
-736.26355
-1103.7072
-1379.2117
144.84567
690.4334
-686.36694
-862.55975
1079.3542
630.16064
456.51346
1723.833
-372.3759
218.8595
821.11456
-677.63074
-136.59935
114.44751
-485.36688
230.49646
588.1969
1150.8562
-40.035137
-1813.3054
1161.947
-408.42752
59.928715
-646.3756
641.65247
361.4822
24.166025
1541.9426
-504.81247
529.6278
1864.4294
-1342.5437
-1007.53613
193.81625
717.82635
-1064.2126
332.9862
18.348963
-852.50574
-997.7384
1368.7067
1885.0674
1286.7814
-238.81984
1545.9602
137.38075
194.54044
563.52844
844.6376
20.395933
-426.87274
269.28604
-4.5500646
-105.84102
-731.4618
-658.37695
673.58026
-857.0031
134.9432
54.477127
-201.1112
-1324.5074
1400.217
-897.8733
-990.2574
-596.06146
-657.04974
1337.2478
-94.38628
572.31116
-349.39813
624.2801
430.36414
1030.0901
831.8241
-564.8658
-576.38824
413.34943
-438.0157
343.4973
1436.268
1544.1659
1385.6431
-1095.2438
498.22794
1926.2778
448.4697
20.847103
-343.00452
689.5905
716.16846
-770.16656
1851.8215
290.19678
-1214.1725
55.58178
-1399.1223
1062.411
1374.3821
-860.6968
113.43214
-1007.79095
-222.6485
590.3287
243.22739
334.98334
-170.07101
-888.73584
-234.35416
402.66986
820.0128
-1042.4116
-262.35654
1295.5553
-1801.6146
953.8605
1293.9254
-441.6796
200.39545
331.40027
-438.6553
741.00903
-13.17766
120.45905
1336.7661
1159.7343
39.584476
-58.00082
-423.5218
681.3452
-754.33514
82.12091
1249.3094
141.65968
252.98248
1736.0781
-172.81508
-1200.4578
-722.2612
-1496.4376
-670.59314
-1419.1638
794.48004
615.0775
449.58823
211.47699
-544.522
-550.97076
1471.9751
-927.1638
-1878.6354
-434.98822
140.1788
749.727
306.64227
-485.05878
1123.6581
-499.90955
312.1706
161.54774
-762.4097
14.581627
-274.66107
1209.099
352.66608
833.9416
411.76013
-437.91623
-250.32945
36.187973
477.78015
823.0839
1098.1781
-568.30884
-368.41052
186.32748
446.57333
-646.691
1185.0773
-1020.63
303.8333
420.15164
-1328.7108
-676.55756
-2056.9124
-788.1743
684.1679
927.2831
-970.2837
262.1533
-689.34393
1369.078
442.8545
-690.7989
174.21524
-1174.9442
-276.3928
582.8568
-2324.4185
217.1631
71.564735
