-406.44925
205.66254
293.48376
465.5709
398.55402
-249.45285
106.42728
-20.465395
462.83875
451.48853
48.62957
-851.2868
-359.03058
57.824883
-45.641438
-527.97205
-22.939829
289.9925
-32.086395
64.30685
573.1723
-246.9976
-275.0615
243.46136
-424.19815
-185.22798
364.20792
-85.69855
131.56332
-135.26639
-35.832237
-241.39067
-398.95068
535.30646
581.1905
416.8744
345.60272
125.0464
-556.2469
-667.0203
-726.2988
-48.93577
599.12744
-156.14171
525.47473
94.73343
435.9081
71.13512
-344.78546
137.6287
-682.9449
-94.02299
-239.15085
-18.250961
17.59263
240.2431
925.80035
1.559205
-97.57478
156.00902
-465.56097
5.7063665
690.3934
-324.792
237.47958
246.95885
449.27838
399.84003
287.6432
60.429005
-271.37686
311.66672
-72.070885
-20.15754
-54.648434
-209.39487
-346.10672
-264.04965
399.61456
150.35344
-730.66223
48.834553
200.00842
-127.748566
-654.1951
188.82126
97.58935
270.17166
388.9976
259.0373
347.0051
96.66926
1207.3479
-926.982
-405.7013
493.94995
14.885688
153.96445
378.24615
-254.05258
-275.64194
-58.13372
201.74925
-295.8652
-856.8203
-29.748627
488.8881
252.67935
-538.5804
263.80472
-586.9259
-115.64787
648.8085
-424.44388
-117.56664
-138.48761
-103.55779
312.55252
-41.61786
-298.41702
1217.1598
292.965
-114.39424
-703.7725
-509.52393
-31.965305
-545.6107
-441.8062
531.7596
-239.49506
165.73386
324.3857
-736.84595
30.684849
-513.8081
192.99353
154.58064
-410.78702
-86.06051
-481.44748
-155.60521
207.11345
-539.7277
-270.6699
166.79506
-128.2427
526.33844
-2.948795
-8.598705
-281.30865
-154.31842
93.22698
112.44886
-258.84518
-487.29883
176.60265
-398.50693
-206.48656
-644.59265
-60.216644
-88.94293
-326.5308
175.46461
368.734
-128.74033
-130.68121
-332.87918
-239.14398
200.49245
-381.34634
-110.47652
330.62848
110.87358
709.8076
-351.028
179.52263
216.43286
445.83505
284.82965
-380.79697
-293.02725
157.57436
-272.6472
-186.07623
-401.0184
10.852203
678.5385
-86.25859
333.19516
717.4409
11.757141
102.59855
-431.6385
615.1322
592.6766
-822.7608
-259.86737
223.46153
-468.6554
-137.30145
-152.41049
-77.25761
707.55597
-58.686844
150.08603
439.08353
-262.7224
107.827965
-658.1289
-643.0355
746.7147
-170.49573
-704.0839
-6.4110527
154.57088
452.20377
-376.5463
630.2455
-397.27164
-460.1698
158.97432
194.68352
290.8659
-1026.8147
-126.99436
166.72597
-214.79213
460.83124
99.13407
-481.3765
294.44812
466.98138
-106.49373
100.1665
523.9045
-451.36957
95.057365
291.7203
-67.39411
-192.96599
-173.24939
28.265331
-148.63454
-642.755
597.48566
-117.323685
-188.82751
170.29485
-514.62476
-39.768875
-855.4418
580.73926
249.1483
459.47552
370.7173
96.116325
52.765766
83.664024
-282.78226
-8.762726
184.31508
-375.67117
-49.296574
509.71005
44.07771
-531.04095
-212.3893
-429.5123
192.84187
-18.431337
34.159615
-399.53436
413.84125
57.842327
-4.075847
-363.03378
-41.936165
-144.74757
477.3199
-113.08974
67.36216
-311.85855
-183.52603
-48.254322
248.64682
193.951
-269.72705
-598.334
-176.16393
-105.84109
25.180544
-252.91261
713.63367
697.7534
66.97921
204.50084
-7.79367
-206.46173
-282.42795
-515.5821
-220.46999
266.02637
-587.2969
-844.3725
168.1208
166.78708
330.12576
-274.9639
-244.72322
-293.61096
-308.43433
-4.805036
42.90007
231.92491
-521.8835
386.9363
-20.209105
198.74272
-102.46172
-217.24078
-11.601778
235.95273
-719.1317
-542.4874
-190.1033
230.82376
-201.25394
364.90128
-241.66806
585.6141
-1239.0725
166.13431
33.33573
732.3706
-190.33363
330.14093
17.89502
58.362617
-180.28888
527.35065
79.40749
112.56435
-462.5547
47.553585
-535.98035
93.11741
261.7544
129.60748
-84.98028
144.13177
708.8166
-133.00566
312.42133
-198.9337
73.44928
-449.2005
150.02019
239.21039
-374.43347
-376.42752
-438.5527
-459.40494
-339.71848
-367.24692
-576.46344
199.2402
-637.8857
430.10306
86.86718
684.6449
401.9607
-49.557076
106.46634
382.47513
542.60236
-243.15135
-614.08215
135.3234
-393.32895
-630.1666
-66.319176
-148.43758
-339.77365
-211.11264
-460.86523
438.6806
-272.96652
-382.54657
686.525
751.27893
254.33762
-425.81873
-210.23854
121.756165
2.5489333
-226.9304
198.6736
733.22876
-339.5278
267.80145
294.5109
4.070536
392.061
753.37585
44.59217
137.70671
-131.30815
-268.8769
-677.6297
189.1511
130.09816
333.34253
269.51694
1003.0997
-194.32266
-91.55673
365.44156
-27.584293
-207.27492
-396.35144
85.439156
-55.570877
424.75317
181.01627
382.59152
162.24898
-235.76804
214.44774
-392.92136
-298.62604
655.6425
-553.3988
7.5098433
-308.0223
-90.71407
426.30722
-105.71065
-208.92271
-48.9752
34.59753
53.6347
488.12546
525.19824
-258.42426
119.23012
-485.8048
219.88014
-40.940434
680.2985
-251.53845
221.02278
8.920127
-349.20197
228.6343
162.40666
495.85413
-311.01373
649.3997
-184.01369
-224.00093
-12.468128
26.148365
468.65457
242.99867
-475.6442
-573.1016
-88.90086
892.47614
-142.55986
-467.50406
-577.30695
-160.18224
17.106695
391.58493
-138.81615
-468.9305
509.17654
860.34015
-152.88686
-52.71411
352.30923
94.121086
-492.27475
182.1489
-117.12879
-277.51666
-134.86487
-221.13675
666.02203
189.03677
-340.7586
424.99094
-86.66252
-265.91052
570.71844
31.552694
-112.21514
-165.33131
232.4635
-326.3501
66.37544
-99.64364
-378.7253
80.90454
-127.76095
82.3474
-186.49876
-589.38495
275.5508
-24.96703
-17.640415
220.26912
188.59932
-457.9459
493.6997
-183.65906
-328.77335
70.72483
15.921146
340.67102
847.65656
-106.83907
-323.17944
-24.952625
376.96152
-489.34912
35.09071
328.10788
445.43973
150.90767
-227.21309
-486.4179
857.219
446.67688
-327.65283
-343.92734
229.87802
723.552
-330.6029
906.43475
256.06302
-374.01395
301.79037
119.226875
42.02584
178.36792
-650.0308
280.30533
-426.47958
103.98406
415.61508
-164.53949
-33.241653
-446.86563
-520.44147
64.24552
163.1736
317.37866
127.09452
-251.31032
314.2255
-996.3755
369.1616
609.45306
-44.226185
2.9412055
490.801
119.94185
192.33484
160.87914
-11.033684
-317.86307
368.93204
72.94496
550.15356
-162.39491
-54.91741
-250.45534
324.86298
294.3919
245.75525
-77.34831
495.88782
-182.3305
-613.6705
509.66516
-555.4564
81.32228
-589.49365
628.57935
77.26906
-78.6977
562.68933
-512.97095
-524.30475
422.7575
-203.50172
48.1487
69.99082
424.6661
-357.17606
64.44791
-94.96002
673.6947
78.61319
-0.091435105
108.7662
-520.85236
-34.48896
-47.973278
219.33105
204.71379
529.1737
-297.7916
-18.650665
78.222786
-5.35083
363.68884
694.22485
691.3132
-83.55414
-190.59831
-297.14114
473.76703
-192.79399
-47.42971
-200.10434
260.19937
-383.79828
-254.98392
59.45444
142.3149
-288.5372
116.230415
522.38416
25.462612
50.040127
-562.54315
280.56104
65.312515
70.50586
-224.17728
-369.4744
-69.63764
639.49817
-985.37445
-114.02131
25.980938
