-341.97137
927.1475
-62.339806
406.24973
479.48465
283.69595
-52.82434
342.32217
-83.29107
-187.3563
267.94235
-1510.9513
-67.086136
-263.06857
-140.33682
-940.90784
-64.231
687.05896
226.80917
908.53973
2.8745668
-1389.1232
120.52632
-76.04892
-269.83765
-293.81577
-173.06699
-211.74045
-496.74673
157.65001
-317.0399
-197.9766
-27.946873
1150.2837
767.43634
1102.6383
530.6085
-67.489334
-2.8550785
-332.47134
-744.05646
-431.11575
-241.13095
-58.659573
459.6253
300.04556
129.7562
-608.27374
-563.99097
265.80896
-389.57578
351.11044
-181.87688
-486.8047
617.5324
263.58054
1783.6353
-582.8641
-117.51292
-203.20648
-177.84198
506.50903
329.09268
-235.43262
-141.5509
-203.82483
-262.06854
17.939663
1631.7944
415.60486
-425.8384
342.45367
-191.63982
371.07904
43.14442
-710.1061
-461.78674
-439.29517
-7.3039737
340.09393
-393.15515
-200.12427
-917.064
-421.69006
-826.5184
768.619
-1126.1599
1192.7894
1013.6071
377.08664
-499.87894
200.96346
975.5453
-619.7139
41.830048
231.22678
507.3726
646.43005
659.64075
448.59094
-855.1283
-217.79349
-351.79578
-382.9805
-1175.1471
160.8989
1150.9187
1207.2952
100.08932
-166.44682
-703.2152
259.21277
473.32462
94.17873
761.67773
249.9314
677.3771
186.18497
165.60947
-1167.7465
1125.6969
48.611084
304.07986
-405.37952
254.00188
321.8418
-779.2943
-378.89218
796.8875
-251.5009
-151.22922
659.7959
-885.6784
105.10073
-449.03342
161.73839
-411.3657
60.613453
512.272
-105.08263
-127.2939
-155.9229
-1787.7848
-1046.1652
-779.65393
1271.2572
501.7128
643.15204
127.655495
-245.73692
896.7321
891.0873
55.372177
-302.85693
58.097855
-11.731701
-736.1825
267.57474
-1438.5486
-80.71956
749.84705
-1018.0178
293.72043
-272.97006
734.79095
831.70166
-612.0269
431.74823
618.6299
-1194.9867
-491.3834
-66.36657
280.1703
653.90137
312.03494
268.1244
-7.637008
1264.0789
374.14883
-885.82587
-238.12206
271.2837
-734.0034
-197.66821
241.28107
-1048.4602
684.3832
-661.0092
-979.9482
1547.9401
186.75864
-736.3401
315.3146
1353.1398
419.91302
-518.5104
205.75548
-381.81943
-102.49489
-614.5574
-337.1223
1376.8344
132.55461
370.4751
-373.2286
-114.91353
-57.839878
-104.93459
-933.39996
-701.9884
231.38867
183.4133
-900.7443
-263.044
1144.9525
1716.5731
-458.40277
1026.9167
-227.97467
-206.2837
30.051449
123.49552
389.64944
-1360.0076
-792.7009
826.9179
-668.3163
330.2553
848.9811
-453.6972
-180.65172
1130.9885
-590.0622
-423.76825
234.67555
-615.3128
-243.70755
387.39142
-911.17487
-20.109283
-415.50455
389.5859
293.40146
-473.61032
706.6815
-585.98914
-286.6925
52.169777
-1625.1005
65.1335
-651.07965
1315.9746
54.16771
775.471
418.62494
-166.99258
394.51257
-58.332706
-459.17697
670.37665
259.80173
-303.33142
-218.56685
-60.360126
-337.2395
-272.78964
-493.0859
-86.90335
-319.11682
-547.7364
94.38202
-1131.6958
787.6956
-329.68475
-87.959564
-314.8374
-401.18756
693.65625
1161.1217
554.3853
-311.3967
89.90611
430.6241
278.10312
681.07043
-164.67647
-1054.3173
-1104.0006
353.65192
-3.3826008
565.35693
-58.42816
-141.72295
455.00064
-493.48526
179.12674
653.34393
-627.97144
99.18578
-126.680824
-11.125507
354.95496
-744.0775
-1147.352
-849.58295
-94.604416
783.84827
-425.11517
-660.1453
-432.0634
-170.05334
-429.1016
-203.4092
262.45383
-586.76355
199.4321
-529.7383
-1069.7352
-713.33563
29.157822
-451.43564
121.855965
-740.0631
255.40074
-271.70337
1336.5725
795.48175
-235.66266
-70.15116
528.6659
-542.98395
266.60068
-278.05618
1077.0544
-781.898
636.78925
462.82587
59.907734
360.59875
1169.2877
257.9243
-274.98605
-1246.4606
331.32385
-1152.7474
536.6632
-64.50989
1490.5359
334.01187
860.0918
38.494305
691.39844
142.66255
-458.37708
417.08395
-275.47565
167.62291
-53.89183
-785.38184
98.27776
285.35767
-315.68832
395.28857
-581.6384
-792.9928
156.80237
-862.60974
297.77515
-70.36326
970.4985
69.285835
-444.4943
503.99655
249.69716
1184.743
-386.28513
-12.051028
1114.6285
-190.19717
-816.5176
116.49665
-385.55377
-572.4342
-152.91214
-993.2233
168.25365
-40.115875
-956.6559
210.2925
395.2751
-213.45139
42.370506
-118.70382
66.41041
164.90652
-514.72064
-113.03328
742.2263
-1002.1265
582.71515
309.78833
-371.71637
629.7524
815.7269
-412.62277
-152.5339
-423.87286
-380.20157
-2107.1228
989.4238
567.66223
50.8693
497.62567
748.10956
544.0489
-837.0062
-10.780836
20.42433
-114.58813
-846.33295
423.19904
264.41977
476.2274
355.7337
553.8968
277.96112
-228.85538
-431.01715
-728.55005
-519.99164
879.0555
-603.2633
263.52493
-701.6178
174.93263
542.7147
-723.4898
-22.673704
-553.56934
-411.71408
-186.51984
725.84454
416.67422
-91.33187
-295.4009
-605.099
-295.32507
-147.1271
378.2578
-403.8776
-322.82083
603.3381
-51.132538
255.68047
612.31824
259.49454
-969.521
124.71594
70.40268
-615.33795
270.06317
-9.690978
0.64674234
1030.3362
744.103
-551.0526
-1707.1567
563.4187
-13.052715
-23.998346
-461.4876
-559.1338
123.76715
361.37482
889.62335
-722.72974
519.7896
1021.02673
-440.43155
-483.8885
745.26654
185.41438
-1018.7675
-321.93683
259.89328
-815.182
-868.2788
754.5681
1393.2234
274.6198
-246.41597
784.14105
498.85297
101.66422
-50.965633
-138.4799
-22.220932
-110.06143
267.95853
14.429199
850.2665
-420.682
-1401.8547
530.21967
-377.1761
114.72699
-535.63556
-136.67236
-483.991
295.70023
-318.4879
-203.14539
-161.17741
-621.8388
578.8675
-565.15594
141.44354
-72.62488
881.47656
68.87839
991.8823
555.6387
-349.90695
-414.98526
291.66693
-710.42163
-641.8931
928.97473
726.324
662.224
-857.7575
244.62521
1281.5745
113.56659
-166.71797
284.81683
-69.65512
490.5003
-1082.5308
1108.0897
-378.9011
-571.51764
-318.12854
23.656313
448.1374
1305.9338
-315.1491
-503.2283
-829.1212
473.6823
290.2868
569.4822
3.2991705
3.729192
-1172.8206
29.754633
-100.09786
392.93652
-307.83173
-250.76077
1292.8031
-1142.0077
804.74713
821.6605
-1014.56195
116.90861
434.89957
-725.6155
426.11084
-411.67548
-312.9536
441.81516
482.09335
921.20465
194.06943
851.3801
316.47446
24.77264
-303.37958
442.39618
730.3414
-31.806894
995.12445
-0.49720275
-1476.4108
-245.33342
-1378.5924
-773.80505
-1618.9373
308.53384
46.342113
126.08446
555.0104
-375.65414
-812.3018
489.12286
-257.15836
-1427.6466
-179.38718
411.15857
-186.9795
252.16582
-375.74387
913.0131
-771.5224
-292.01392
820.1208
-805.7371
-152.7381
-455.33438
794.133
112.036125
565.7041
353.36276
-108.87794
-447.6766
25.477352
516.1734
993.7457
1091.729
-176.5543
-782.48615
455.93567
15.6257715
-1012.79956
275.16202
-735.079
940.4388
-517.7308
-459.4349
-483.4873
-889.12115
-364.84503
579.3825
927.0878
-563.0845
316.06223
-889.2167
782.86475
277.20996
164.79105
94.162125
-271.89725
-164.5987
648.9504
-1652.5583
205.26678
32.599895
