503.91302
1119.9255
191.55225
696.49023
1367.9293
1075.9794
-375.02408
555.60504
210.80652
-99.23728
-75.638954
-1839.7649
-879.34424
-816.8535
-439.8294
-893.6853
35.414402
876.7699
256.6467
1402.9637
25.561104
-1597.1471
-526.78143
-169.8843
-363.73508
-508.97302
-639.294
212.18486
-442.94614
726.7369
66.12454
-216.81625
398.8129
1827.458
672.2474
691.48517
-18.257383
-445.3659
-39.790405
-383.064
-818.4543
-699.3723
-602.4445
875.0802
113.40778
-251.22076
204.09479
-909.2119
-1004.4061
389.0694
7.2202578
307.7352
-72.51662
-833.1985
881.71204
311.54895
1930.6819
-683.76526
387.50668
99.48972
-63.50479
55.766106
402.66174
-261.59937
-402.20212
258.26678
-66.826515
207.13797
1817.3445
-240.21918
-601.7554
770.40247
-35.05647
-367.19623
16.27038
-1741.843
-619.0455
-1436.3727
29.800217
528.97314
-100.59601
-507.3864
-620.06854
-1200.3937
-484.3529
1795.1022
-1005.618
937.8858
1309.8293
521.8815
-884.046
292.0296
754.2097
-83.85199
52.78603
-352.4298
1031.6757
1264.9564
722.5522
41.054184
-883.9464
-404.4608
-1152.6462
-496.03223
-1367.6195
-331.031
164.44038
975.83405
-48.750114
-778.54486
-610.52185
702.3638
428.45905
-70.871346
1487.4924
-40.485844
-191.40494
606.9656
40.58979
-1500.5533
451.7669
461.16833
-28.658487
77.50022
276.77274
730.249
-542.31305
-606.7068
825.151
-218.10727
-256.56412
-91.95423
-438.48285
-1120.8053
-33.41366
-279.99954
-233.59532
389.46274
562.50885
202.80844
-819.5423
121.19757
-1888.8545
-1444.2769
-679.5553
1411.293
320.1639
1339.8445
5.8023577
-341.4571
359.6217
962.18427
196.72267
-424.81677
201.95583
31.031456
-707.9724
-78.849884
-2228.5195
468.76672
771.1038
-1250.804
-107.590416
-307.57806
1888.986
363.03314
-468.77155
-141.22432
481.54382
-1014.5236
-626.3148
-217.3018
-201.26944
815.45483
330.43457
704.0775
-193.90218
511.1389
403.17905
-1005.14197
183.23834
604.0026
213.60666
-180.8821
-256.60925
-628.7179
1227.6149
-285.94632
-1180.3894
774.74945
-273.50885
-977.0584
459.42517
1352.4624
664.4477
-791.8407
849.6777
-355.04733
536.1353
163.17859
-517.55493
852.73035
219.00006
809.36646
-230.00807
224.36957
325.59375
-715.62573
-1960.7623
-657.8722
79.8033
-394.45758
-956.14075
-1207.5186
769.54614
2040.9967
-520.9739
1631.6193
-173.22691
-385.31982
-44.25787
160.59895
305.73663
-1013.6971
-581.30853
935.13464
28.393711
604.8732
1189.0015
-159.92964
-480.2019
947.1401
44.88385
368.2024
640.8907
-1024.1508
-1035.267
888.2677
-1139.0477
-324.32913
616.2764
651.793
1208.127
-352.69916
948.97943
0.9068105
-374.5321
-548.8831
-1252.3181
-568.8296
-950.5436
1509.1681
781.23096
1301.4075
203.51884
437.19583
735.43835
-130.51079
-812.7499
916.3229
446.0787
-433.96497
639.57764
488.8724
-697.49524
-770.78876
-387.82178
212.70021
-255.1494
-947.9249
75.391266
-835.3583
112.09232
-1181.1656
510.1793
-354.72327
-463.35327
734.39954
1268.2876
808.23975
37.593983
-12.640762
486.75198
894.40497
1569.812
-425.19385
-1121.7867
-959.9039
967.634
72.65382
681.3239
-58.178444
-320.1297
593.0716
-618.80743
-205.10333
-56.010014
-885.3892
-58.35638
-694.4788
-503.38232
-505.17462
-339.05365
-748.12665
-735.6938
-276.82822
250.78886
-877.5863
-884.2972
247.94693
-812.6213
-1169.8193
-253.92903
112.21554
-811.1299
558.5437
-924.42944
-1056.3732
-597.24194
381.63306
-641.3978
-59.157715
-556.32556
-250.51598
-39.61364
731.6688
1002.2535
-1053.5537
310.33087
-134.4208
-157.80788
40.502903
-50.737064
435.7552
-888.32935
716.4887
742.6608
-472.34354
614.13275
877.8468
303.22668
-127.43329
-743.0836
-200.49414
-401.8422
750.16864
63.85157
1616.7435
468.88745
764.4826
-229.5728
220.34033
238.54578
250.75862
378.33643
-696.7075
381.2587
-82.11525
-574.4228
64.33158
761.0939
-129.74753
249.94728
-856.8828
-961.0139
480.23654
-679.94006
-75.22265
-41.84464
1655.5481
643.5776
-1004.6348
-52.937954
213.12065
396.6243
-579.9506
808.9774
1256.9465
90.91265
-1045.4855
189.4791
-530.5431
-491.68326
433.23737
-968.72614
108.199875
-315.88104
-1143.5525
556.64624
363.38538
-464.48065
-575.842
-1003.5388
256.03345
540.4473
445.82257
409.42862
713.73895
-711.3913
228.23703
922.99915
-1592.9541
332.7791
1170.4706
-441.39893
-207.25966
-864.161
-196.46173
-2614.4521
923.53906
995.5345
-308.85748
1120.3856
220.76843
454.74918
-847.06995
-716.91425
226.05325
192.0849
-817.02704
613.3465
909.2837
621.1066
176.4172
660.08875
76.77228
455.21442
-118.75421
-788.5046
-669.8158
975.0301
-594.9395
295.01685
-440.39774
-77.015076
601.4178
-285.27167
12.875907
-953.00366
608.0613
-505.77258
872.06964
215.8813
-85.49634
-131.96738
-636.14624
-1440.3458
-20.43821
658.7353
-347.6755
-631.987
1140.877
263.3424
288.73825
1167.2308
310.7544
-300.59802
320.36255
-182.23593
380.63696
199.6145
10.274735
466.42413
274.00095
676.5375
122.02292
-2183.4922
777.947
-253.736
396.25854
-673.0933
230.36308
315.7504
-6.726102
1180.6205
-910.27313
388.61502
1359.8909
-874.7189
-871.57605
687.89874
813.21655
-1098.8661
-177.17198
73.13663
-937.816
-656.2952
1373.2235
2092.0742
1038.417
-99.21239
1074.0958
198.47034
51.746586
516.3661
665.2195
245.37071
-372.93094
435.35236
410.29083
166.66042
-1047.132
-1217.0868
382.06458
-496.86108
85.179955
31.400826
-235.16957
-1345.7749
1296.6139
-624.4512
-839.163
-293.93088
-1089.8997
1187.8859
-342.41064
574.8917
-161.62175
837.8703
338.1018
786.7735
418.79614
-1012.5876
-313.67148
-79.74421
-655.4876
44.25599
1269.101
1617.2952
1020.00323
-1125.553
373.91742
2013.4247
423.9391
489.8744
-304.03464
706.96704
428.04364
-631.50916
1100.1387
6.9984818
-867.6533
180.55711
-1077.0482
686.05145
1385.5585
-694.34546
-387.53796
-1312.7986
275.1784
644.70605
252.09416
42.161903
-347.61536
-1162.5873
-591.0371
321.1853
828.6269
-646.3714
-303.96115
1333.729
-1498.3785
1063.1091
1205.1187
-580.0572
657.5282
555.26355
-1221.6104
630.2058
-244.45941
-465.87497
1567.0532
825.69257
140.61118
-120.19277
-32.844196
856.185
-546.8147
-511.26068
973.40643
270.35223
-216.13097
1259.2893
-174.12128
-1439.1849
-559.7375
-1464.8057
-896.2905
-1736.4269
675.1284
420.48434
427.61603
-82.24565
-271.33795
-532.90216
1341.7959
-1069.1196
-1927.8173
-254.06163
206.98007
79.825134
-247.69225
-1057.405
810.93304
-798.60223
13.962152
775.7477
-744.9972
-298.43527
-273.46173
912.41797
544.058
935.86304
169.3236
-283.05347
39.798225
-203.42616
695.60406
706.3311
1246.8175
-297.30704
-574.9176
604.11304
121.23901
-1070.8701
1082.239
-820.90924
441.11023
-58.6109
-987.371
-1046.3107
-1644.1466
-261.39526
553.65735
847.9915
-1042.1217
93.65996
-794.8778
1044.295
334.0558
-570.9762
161.02893
-874.5548
500.05112
564.9114
-1970.4908
452.52975
-141.03714
