-997.00806
489.9665
1411.7211
331.1315
1379.0645
1175.046
-746.8713
769.4276
385.36526
404.93546
-744.3018
-1571.9908
-814.0883
-786.64813
-166.87471
-1936.7262
-1771.7626
277.52313
-517.71204
1789.9708
-996.09784
-1021.2862
-383.88727
-505.12338
-1035.5188
216.48329
-78.148926
-191.25436
-1972.205
188.90215
715.9284
208.3606
1354.8502
2432.991
1301.8649
1249.6398
-681.8348
-206.54706
-240.27597
-460.9061
-58.01027
-1694.0587
-484.47742
1625.7673
799.3611
-651.23566
-264.7653
-628.4803
-1378.8772
827.1137
879.7054
113.40701
-6.3122735
-1054.9147
2022.1101
-817.176
1711.6255
205.47119
558.5407
-157.24532
-327.7428
139.74564
3.9225917
-1544.125
-293.76242
791.6477
-900.6361
174.55891
1920.2246
236.54657
-1345.3668
337.0894
75.362335
-244.60434
320.8557
-1078.132
-135.85118
-963.6519
-825.39777
514.7789
-311.2567
-1278.5903
-620.5773
-323.56357
-756.9358
2547.2092
-1572.6798
827.96826
2037.8099
719.56934
-1050.4856
147.98114
755.4256
894.48456
-1008.4255
62.098404
1673.1085
436.1403
705.97485
726.1647
-1079.9961
104.87589
-886.1802
-299.8438
-786.8772
-17.465197
-259.24927
1366.1063
-180.0561
-639.64514
-1109.4454
1550.3025
-420.35413
-182.56691
1191.4297
-12.938586
-889.6743
243.66473
-547.0035
-1693.0372
770.11005
269.7071
481.70758
291.4005
-430.99948
67.66728
-726.68085
-1223.1193
444.28958
-598.1257
-934.8326
-457.33008
-936.87695
-454.8419
-316.7784
-1249.5868
-76.85609
1042.9366
71.97101
890.2438
-1212.0328
506.0501
-1739.0208
-1204.4402
-502.45184
469.74017
-131.79509
1550.7363
-780.52374
-540.07184
1326.9152
1768.6045
-567.9526
223.78606
471.5057
-1025.2505
-992.07086
-1093.5225
-2695.249
284.01294
504.8472
-1840.6632
-219.99724
755.50653
2056.5405
1117.6624
219.73225
643.7093
1779.9164
-1621.2709
255.49574
-1636.1434
-762.97784
1050.332
860.0402
-153.36978
-270.39813
196.92245
726.34265
-792.6905
-195.9357
929.3931
272.85873
-620.89246
-943.20544
-766.50214
1008.5656
444.9374
-1029.0967
-133.47136
-39.08087
-895.1679
-152.37006
990.6591
-295.61298
-1094.8379
1310.032
313.0404
445.61642
241.65936
-643.10596
1763.2007
643.7057
1146.2831
-40.126095
577.23175
1720.5597
-725.2637
-1454.363
-243.83919
70.21462
856.3152
-740.963
-2337.5627
-214.08421
2890.5671
416.52768
841.8915
-137.84682
-254.63646
-715.0153
406.1072
1259.6802
-189.59561
526.9809
765.0214
955.0047
16.731106
218.89195
-305.51102
241.49066
1077.4221
-2.278065
-166.62218
673.622
-1195.3618
-2330.4656
1489.9452
-943.8516
-635.8126
150.45277
918.9775
351.75314
-878.77765
1188.3368
-66.45081
-260.4818
-1119.2671
-2007.6711
-490.4613
-653.3683
1836.852
277.01007
1899.4437
-786.37476
324.13754
1239.76
335.84204
-459.5673
837.16315
794.9266
-1786.5455
-15.479455
1073.1768
-217.41588
-426.39825
-135.86987
-233.19121
1459.805
-1879.2821
463.12427
-1266.1947
-609.1887
-1919.1758
804.6707
-12.759282
-1271.1887
1449.6805
1308.2701
1165.8994
-43.283333
211.82565
608.9462
1232.8293
1413.4451
-2013.4128
-1887.1023
-1052.709
1753.4578
-205.0387
-329.07312
-165.32039
-1078.6506
333.4322
-1314.7534
190.16313
518.122
-602.78644
-1504.632
-828.8437
-996.121
-1615.4143
302.7458
-1380.4387
-767.4161
50.032295
760.6736
536.99713
-1515.5541
-175.61435
-230.6827
-784.38074
-244.504
940.58905
-1453.5765
2249.6665
-835.31793
-445.92148
-1223.8547
263.79245
-122.518524
-419.71158
-704.6328
-477.7397
-6.0242286
723.08527
918.1634
-934.4827
546.4152
463.92596
1086.1906
258.46124
-826.2113
966.5782
-1349.345
918.45825
1504.2156
564.87024
527.42725
-132.06046
189.5051
1008.46826
-837.5781
-719.2707
-1186.0594
-688.34656
-315.27496
1735.9963
-7.0215306
184.39304
303.98795
200.97592
-1334.1511
1497.1847
-178.8441
-1019.9115
1.6054249
-311.78546
522.45294
-186.897
211.62396
459.83115
484.72595
-634.3096
-129.36932
110.90954
-1350.5168
196.71027
-343.061
1650.4172
1070.3055
-115.98008
524.0776
1078.637
-952.94073
-894.6743
86.057
496.61777
-70.474945
-814.6758
-695.9093
-392.00623
-985.8025
1764.4526
-696.8956
477.58685
1013.41583
-976.8309
560.8041
370.2701
-1305.5914
-1258.6521
-650.70074
-303.20248
-117.82578
275.50653
411.5029
1440.7788
-412.90704
-590.06256
302.45395
-1232.3816
472.04352
1741.9225
-180.57542
-187.326
-41.50573
-695.4032
-2627.508
1892.0237
488.64777
-1036.9419
993.0263
712.455
1152.3323
-733.8645
-639.49133
1433.8505
774.9465
-1215.8441
579.9804
1374.3019
-450.45834
17.359104
112.844315
-129.6915
558.0192
-14.34074
-1673.5247
-1076.7937
1637.5343
147.16191
865.34644
-910.49426
-235.0194
443.28604
-561.45905
124.15808
-1745.6029
-476.54974
-636.08215
1339.9266
-456.4454
-694.75024
-1266.2561
-518.46063
-1735.1077
69.82557
712.3775
-1574.8239
-603.08215
1310.3846
532.3359
273.10278
1209.1622
408.7728
-29.702951
1255.8119
-802.18335
-502.59018
253.67207
-934.3573
366.0297
-583.47394
1320.0887
138.18404
-2307.519
1082.4241
-450.57263
4.942247
255.88974
-103.826164
348.89343
533.3086
1193.588
221.66185
1147.5669
2635.5825
-821.5687
-913.06506
558.7628
-12.033607
-1542.9548
159.1411
-698.4614
-324.82205
-630.4828
866.3529
1963.5409
1695.3998
1018.1509
980.50916
-371.1507
-816.2392
53.442997
959.9717
330.2871
-43.59018
222.41058
82.4786
32.035194
-170.20026
-122.40307
940.01215
214.19777
473.5839
-237.48766
-203.27368
-959.0923
1611.6903
-1336.3832
-1320.1926
34.60153
-281.146
1468.3889
550.2835
1277.4424
-572.2508
765.0072
673.1779
504.90237
-95.721535
-444.4459
-508.5397
1496.6185
-886.0625
892.29834
2056.6492
1576.5227
1778.8784
-1602.6724
547.3394
2744.5713
145.9744
-503.53778
-544.4052
275.06638
751.0166
-1559.6498
1915.3868
1063.0199
-1373.5251
-473.21506
-1833.1387
562.737
1235.9502
-1576.2477
-292.2792
-1007.5031
19.416521
582.74347
-22.993078
152.18535
-1182.6389
-709.15155
197.5273
286.25705
1174.5945
-165.96843
-1481.4736
1302.7506
-1874.4232
1098.5315
1390.003
-744.6765
672.95496
397.16077
393.434
694.88947
-422.25192
30.716528
364.25174
1910.2483
-441.97662
-1101.8462
-206.02289
701.1208
-282.8717
-617.15295
1415.039
-32.61152
-1121.3923
1961.6072
-475.64874
-1633.2892
-538.002
-1549.0297
-537.0951
-1715.269
319.2711
521.03864
42.77291
-73.3906
-514.0422
-921.80804
1070.5854
-1266.3964
-1404.9446
353.6495
-257.64783
925.26184
-87.168884
-89.443405
655.467
-649.30176
462.6721
251.38683
-700.64484
-63.89702
443.80225
655.20416
162.16302
106.764046
146.30203
-480.2779
-271.4893
-27.475864
370.10333
904.65063
873.9387
-751.66943
-247.57161
560.515
667.81494
-1149.9113
1032.7804
-1159.0295
1170.0541
960.7543
-1696.0294
-372.56094
-2271.4485
-780.14465
454.3564
503.22858
-853.1935
-16.905642
-1282.8306
865.39746
-455.46463
-738.8939
249.08829
-1997.0359
307.00665
803.81335
-2724.5852
167.18408
654.234
