446.20795
1094.3138
-30.59679
722.43585
1222.6443
1032.2416
-602.9804
631.03723
99.22476
-221.75275
-96.96265
-1776.7152
-770.3122
-949.3717
-435.90445
-935.1386
42.86801
789.93884
344.93213
1626.9717
-76.7618
-1744.1532
-644.8949
-54.099594
-499.99258
-509.97043
-889.21045
190.8357
-682.8612
841.292
368.2889
-396.12158
358.64523
1845.0188
684.36755
1025.4218
-20.659294
-535.0725
-209.5083
1.3380997
-769.8006
-730.1931
-815.716
795.38446
306.23758
-295.67636
-41.717957
-1060.9855
-1111.0579
486.75943
-152.28062
377.06824
-4.5949793
-1025.3645
1077.299
397.42828
2007.7264
-566.11615
466.5384
178.49124
-201.28587
-58.167187
332.94995
-251.00395
-291.83923
91.431076
-87.00113
220.3439
1762.5955
-207.60368
-702.7255
728.81055
19.238392
-330.51935
78.76541
-1721.6482
-481.0586
-1410.312
-245.68996
649.9196
-201.84117
-569.56305
-592.8437
-1236.9849
-504.00522
1764.518
-1231.6803
904.91754
1120.1387
483.05276
-854.8736
305.69153
830.928
65.845764
-0.5167761
-157.73958
1013.9758
1215.996
673.81714
98.61743
-1027.2201
-174.67613
-1080.8784
-407.3486
-1135.0201
-123.318985
21.482967
1052.2804
-155.01534
-695.52637
-514.2469
817.47473
353.63434
-155.03265
1487.002
-151.6085
-154.67403
526.71686
94.68554
-1566.5568
239.52745
370.20496
57.460754
97.192635
224.33199
822.6082
-505.9311
-510.0524
811.5049
-289.4555
-212.43504
-39.133106
-451.99747
-942.2993
-170.45287
-173.03105
-286.66998
687.34015
808.28125
353.52664
-637.31775
67.616165
-1808.3687
-1635.0193
-743.98474
1614.1969
251.02057
1301.1566
-12.983311
-482.78986
492.52808
914.3366
240.95627
-152.7757
99.279236
-124.2191
-806.52106
-53.250263
-2304.2554
456.2805
789.4659
-1068.6266
-138.5429
-224.05225
1807.1644
435.8409
-322.07056
-232.8906
470.10806
-1264.2013
-554.8682
-262.69473
-219.84302
668.15234
333.72806
489.6812
-186.58919
513.5271
448.029
-731.7604
213.82826
411.03525
311.54956
-105.25331
-110.49228
-806.1432
1199.9211
-521.6095
-1270.4115
528.13995
-13.433829
-806.93384
526.48663
1041.6404
720.65674
-598.3594
856.0331
-412.91196
740.2617
-51.20104
-625.65625
820.0715
131.67383
797.97736
-129.39857
206.20532
269.1977
-912.8075
-1904.8593
-700.06354
86.59873
-470.10785
-876.4319
-1476.2224
666.29333
2136.6777
-496.87927
1609.5132
-217.8204
-612.0637
-1.1829649
150.29738
476.78064
-971.83167
-464.28387
1229.9955
279.7033
424.59033
1167.3988
-269.1836
-401.68887
938.3107
44.587048
139.0586
598.31946
-1106.9387
-1046.1533
1030.3416
-995.32874
-130.46297
410.2185
781.42535
900.8418
-255.57574
1215.4385
46.966385
-390.6728
-797.05444
-1381.9735
-554.375
-915.0949
1639.778
728.57965
1243.1421
198.5506
426.88525
774.4066
-338.21884
-997.17725
1139.9275
278.21396
-259.01666
552.399
400.78503
-781.35956
-862.44244
-268.18036
196.85829
91.38518
-1219.9092
67.54955
-916.3867
304.0447
-1341.5089
348.89124
-218.34149
-602.8368
802.2061
1210.4773
815.6036
112.49011
169.36064
630.72797
850.52844
1559.467
-603.16003
-1088.8873
-1065.5233
1019.391
25.274315
556.3952
-322.39795
-173.32892
676.0465
-755.931
-143.65714
35.08279
-833.4715
-89.495094
-723.0754
-591.3255
-658.2857
-300.28006
-893.08704
-632.08844
-121.49005
376.25183
-756.11847
-792.0945
337.76544
-675.3691
-1480.7272
-244.60136
217.26984
-800.375
569.9377
-947.9443
-978.71106
-875.08813
626.5144
-583.3584
-120.58563
-629.65405
-138.33
12.24213
826.30945
1114.9895
-1025.5812
258.96936
-135.62561
-200.74588
-42.656693
-58.283104
478.5909
-800.1224
845.3361
726.48627
-519.6815
469.33606
738.1078
321.56247
-85.94753
-807.9747
-515.41364
-420.14328
925.70355
79.05781
1702.5885
549.86835
862.9525
-280.73172
434.25684
80.80973
205.60379
274.50513
-973.0738
303.07797
-271.76303
-533.34094
25.58193
684.9578
-33.322266
284.37906
-866.15436
-932.1819
410.91397
-598.64374
-133.61974
21.125223
1617.93
547.45404
-1221.566
-41.68973
209.4936
358.43643
-546.97736
577.2345
1252.8868
-31.586224
-1037.5809
270.36264
-421.3401
-502.54575
566.2098
-968.592
128.96776
-341.5506
-1117.9286
400.4172
403.75946
-614.68854
-886.24915
-712.3672
371.61496
394.82315
518.7959
537.37463
957.9286
-719.3653
238.9319
919.34283
-1342.6967
500.44894
1193.7643
-761.46405
-228.76575
-872.17224
-196.30307
-2566.4832
769.5485
1045.9353
-437.75034
1069.5137
-85.9874
518.6599
-692.58777
-868.3378
560.5214
193.94899
-619.4788
565.278
965.8957
541.8229
167.64932
649.6949
24.111044
414.79422
-91.290924
-653.3008
-971.29706
1024.2433
-634.29425
438.2948
-380.60434
-67.61215
604.62787
-110.79092
-141.90704
-778.3794
623.79315
-627.2577
860.2811
238.04008
-184.14948
-41.586452
-598.9807
-1172.8699
-105.30631
680.38324
-355.66547
-508.92938
1102.6329
533.33905
592.0428
1241.6227
-62.642418
-209.60744
511.99716
-195.93974
280.47803
18.600348
-98.61304
246.38919
320.6291
882.28326
204.90656
-2043.3545
873.403
-375.63232
553.8279
-628.7276
547.6559
234.34245
50.42456
1217.7529
-882.0856
447.04044
1268.097
-933.81006
-1286.0121
558.0584
876.4875
-1134.1768
-206.79124
28.495283
-768.54407
-753.6275
1522.2278
1988.2924
1048.2926
-203.11012
1078.3644
99.54044
-43.95501
451.00702
693.9217
140.61748
-488.25912
181.74382
399.59518
144.42958
-932.5386
-936.58795
363.3715
-541.17786
232.66689
196.48842
-84.79269
-1370.2338
1299.3977
-543.064
-790.05695
-364.6262
-925.89075
1049.9769
-303.0921
597.84344
116.09335
590.682
450.65213
612.14087
536.57275
-958.5315
-351.65225
-244.34637
-666.73645
224.06589
1412.0369
1775.561
995.8791
-1016.09375
390.298
2195.212
509.59515
396.13947
-638.89703
780.23865
474.50284
-493.8311
1317.461
125.51731
-828.08997
56.83411
-963.0766
703.5859
1513.1656
-758.02454
-349.33054
-1239.5966
323.31088
796.1223
278.77585
136.84496
-220.80478
-1243.7921
-392.21118
92.746635
811.6058
-873.9657
-284.96793
1358.0126
-1681.5647
945.4098
1184.6309
-381.8557
553.2877
609.94244
-1031.857
499.9036
-182.96838
-356.8836
1460.3629
828.415
34.588463
-120.280785
39.72939
1004.8682
-658.2553
-532.8213
745.2193
227.66788
-55.557022
1476.7101
-95.295876
-1407.9308
-590.21497
-1363.5898
-575.9968
-1409.1888
828.14233
305.9943
493.80994
3.330388
-377.71536
-363.5892
1363.6105
-1128.2477
-1959.8926
-416.53287
174.42725
454.08255
-102.638695
-804.57025
1040.9054
-673.3943
133.27296
704.6639
-969.7663
-232.46909
-478.62857
950.2255
515.67236
849.19434
322.052
-461.73273
-36.161175
-215.61996
677.5125
672.20123
1044.398
-396.5975
-332.00607
351.60498
123.152664
-902.3463
1197.1183
-627.5372
354.0699
166.4782
-804.7031
-956.23737
-1592.9092
-384.5082
588.3849
658.7711
-1173.1112
187.57457
-932.99146
1086.0403
382.52386
-618.53436
281.42456
-1081.412
208.34676
524.1177
-1990.4249
346.301
-191.88019
