-308.0707
1097.6017
-220.15773
315.06033
875.1421
637.9428
-158.02237
617.2957
-18.993273
-369.43842
276.05576
-1291.129
-179.23705
-655.0498
-319.0852
-1266.9126
-187.29588
1241.0264
-103.07806
1290.9966
-249.65631
-1674.1171
361.14365
141.15608
-316.02313
-552.01074
-269.73834
-51.242466
-604.2089
290.4498
-107.779686
-537.5286
-44.165783
1359.2289
895.00806
779.5229
361.3683
51.773632
-322.1948
100.92922
-506.11438
-706.5722
-113.63502
309.30762
101.88883
-639.525
167.89494
-626.4718
-614.7993
232.416
-121.53012
481.42056
-215.03795
-165.31685
1177.233
193.2687
2018.2389
-714.34485
-84.84147
25.917942
-253.07294
26.12981
290.30615
-121.860085
-454.82266
352.01172
-383.55975
-230.03558
1611.4271
-30.17757
-522.29315
254.40196
-133.63362
63.019073
203.12254
-1159.6588
-798.7611
-590.82855
74.88396
222.7216
113.475174
-793.30066
-718.5015
-1108.5701
-530.1032
1114.774
-1084.9744
1255.6327
1504.0415
568.0481
-580.67975
746.249
1033.5332
-349.39993
177.07591
-144.1313
549.9211
1109.5242
812.53534
261.10825
-879.3895
-370.94846
-1241.3634
-633.4906
-1417.5881
-163.07704
463.41907
1117.391
-214.15144
-516.6837
-743.8931
336.55246
95.55112
152.28244
1106.3429
107.22416
579.79645
312.71252
137.05856
-1091.8231
832.1736
220.08339
-62.409576
-293.89163
408.46677
513.2612
-750.3496
-389.36026
880.7058
-292.24124
163.78847
399.32874
-1029.8352
-319.7828
-134.27426
-2.4573143
-231.16893
262.94363
604.1788
-252.04494
-178.15462
271.5493
-1843.508
-1291.6267
-508.95615
1204.9144
46.721508
882.78705
149.9094
-651.5913
653.1664
705.27454
-59.69617
-445.9117
336.93515
-50.14059
-599.4606
266.20578
-2128.472
527.229
1186.9933
-1086.6008
-106.20961
-408.16513
1466.5029
662.77216
-756.02
339.9112
419.40747
-1275.4303
-458.02457
50.548805
-214.23453
606.81085
570.88916
321.92944
172.20169
1127.3422
254.06474
-918.54205
-18.42662
565.80493
-379.04034
-292.61108
74.99118
-747.5473
1113.1058
-467.5484
-921.1861
1331.8715
-9.670378
-1202.0249
215.39668
1450.7786
506.01462
-737.3457
664.5381
-285.08704
35.762146
-247.0557
-155.94427
1697.8107
200.84363
731.80365
-363.89072
110.53027
158.53667
-328.50693
-1506.7174
-850.12836
165.03426
-384.86636
-825.86017
-703.24744
1051.8801
1927.1249
-546.7251
1262.776
-154.89917
5.595607
-280.7431
261.1835
436.6267
-893.279
-705.9483
1104.8883
-236.34114
244.14539
897.3828
-288.17072
-463.3279
1030.8522
-546.6808
183.18661
539.02673
-949.84985
-764.4827
522.0647
-980.99744
-401.73163
-196.53651
446.6334
921.1757
-445.9825
813.82404
-361.9494
-410.8064
-186.78314
-1324.4231
-35.5332
-471.72433
1368.0167
202.63034
917.3299
406.89786
64.8221
892.8545
-442.4331
-566.3637
686.2746
373.44955
-851.9632
-49.45824
481.45386
-979.78296
-759.5745
4.326376
-96.620445
-270.5661
-867.42194
-31.785524
-690.2459
127.05718
-1032.7429
135.63893
-396.92883
-675.5911
475.9569
1118.5732
498.32974
8.147417
311.35904
731.2909
305.7512
1108.125
-576.5332
-1240.8317
-906.50696
722.7252
-142.30872
748.83374
131.41435
-63.295467
472.67368
-501.51572
22.941397
225.18217
-546.5098
-23.044333
-257.5289
0.83284974
-32.848698
-149.97067
-1005.9061
-564.3747
-336.52795
570.795
-340.6021
-714.08124
-202.13889
-312.1745
-925.38495
-222.43794
115.80317
-790.2663
339.77374
-755.2623
-863.5904
-779.80524
187.30408
-521.78784
-12.50661
-269.58588
270.51962
5.796326
752.2889
825.80634
-853.5619
-127.24627
159.69972
-382.84067
183.56152
131.10321
599.36096
-809.0611
1258.3336
643.6791
-453.90863
726.2132
789.5247
581.70276
134.93347
-1211.9794
138.15211
-1047.3546
357.04898
176.89615
1147.7308
369.30032
1185.7648
100.45678
767.4766
249.66136
-457.35092
99.88823
-598.35736
90.67303
-114.37763
-669.9514
63.43203
498.15152
-418.53064
39.37711
-442.51886
-849.49316
13.421901
-775.76807
-3.3413615
-234.85301
888.0686
246.9664
-633.8871
457.9261
297.46707
895.24805
-857.87146
500.12582
1360.4402
156.77213
-1106.4148
120.23105
-543.02124
-470.01053
36.939983
-1111.4385
542.37054
-238.4783
-982.5905
491.73645
387.3498
-122.93011
-612.27734
-665.788
398.54227
473.10635
-127.790855
271.6918
324.4218
-1154.8179
524.22644
383.1458
-1129.1056
612.00946
366.73077
-220.60553
-6.4195194
-688.83044
-332.58688
-2607.605
1033.2723
652.4661
-362.17166
325.42517
278.79752
753.35803
-792.12
-315.2006
114.77176
-36.314426
-827.34973
427.97565
232.14293
648.85815
473.13705
1092.2358
-75.86736
-122.38259
-570.0552
-917.5032
-602.1644
1150.7374
-679.51337
76.585175
-554.9221
177.8731
720.4141
-815.31177
94.010895
-641.80945
88.462006
-384.11487
775.9712
317.09958
-202.66985
-113.87873
-528.50684
-987.73895
47.629513
414.3372
-255.92345
-494.89682
984.9019
31.824507
154.55063
921.498
-247.0645
-761.58203
235.24059
280.28998
-216.76013
717.0496
30.456987
-13.192875
803.7268
721.9867
140.97693
-1628.1632
694.63983
-351.9358
111.57692
-816.49854
145.4528
339.00626
146.90334
599.725
-933.9331
460.64838
942.8011
-1160.6777
-801.47546
737.8054
870.9162
-958.60645
-117.78835
87.03843
-694.5185
-868.5322
864.2304
1622.4309
699.9533
-142.09918
753.69244
263.66235
84.27013
220.42949
188.27042
273.1738
-348.98734
384.38382
184.48296
501.87027
-785.4629
-1104.2473
435.6744
-442.3617
-78.33165
-288.3286
-238.48007
-886.4499
234.69221
-899.8894
-557.0253
-489.95316
-1209.8553
802.7765
-664.9142
408.79623
-50.853004
907.13715
392.31943
1035.8766
452.28226
-720.6424
22.667994
237.31496
-826.07263
-513.4893
958.2486
1157.9792
317.20837
-925.94653
586.9002
1799.0277
367.82382
4.5818768
151.1998
197.9174
407.4675
-510.92807
1213.2421
-408.3916
-754.3667
391.10962
-669.21796
487.31317
1413.8196
-498.5827
-439.04288
-1017.2898
201.9546
439.4876
513.79504
304.6671
-180.67615
-1105.7352
-582.31635
52.67415
572.23004
-422.31512
-247.3277
1354.6971
-1266.6375
741.9138
692.3721
-933.9328
586.71564
352.54776
-796.8191
256.25266
-462.07333
3.838145
1236.7389
497.73575
824.2397
-143.84476
437.73685
401.54144
18.780527
-176.5389
754.83044
487.5996
-74.95802
1030.0775
265.14392
-1525.0499
-875.7322
-1475.4474
-873.7243
-2139.657
490.8786
248.50226
197.93295
599.7954
-254.14664
-708.551
1020.2579
-627.6079
-1331.5513
41.645092
220.8978
121.42428
227.4236
-546.118
704.6971
-979.7837
-129.15704
957.8969
-1134.2515
-247.78168
-334.81207
951.2616
-89.75642
693.3013
176.25821
-514.1406
-250.59154
316.93228
489.76678
999.5492
960.99005
10.523664
-367.8844
810.5191
75.68069
-1327.4657
305.47382
-761.79486
574.1394
60.14315
-935.86865
-920.4568
-1312.3573
-26.622835
1238.5586
993.9709
-483.09827
375.64502
-603.7603
999.81165
163.45694
25.826935
-144.87067
-441.15387
90.41995
880.94507
-1677.7323
672.56256
98.53432
