-396.09348
722.67395
61.35784
265.94553
661.74506
213.42018
-294.4824
485.70538
-5.1656375
-58.251408
-47.045895
-1627.0287
-175.41266
-484.01492
-309.68674
-986.9515
-147.9755
898.4685
46.089294
1084.3057
-68.564896
-1352.678
-94.8941
-74.293816
-417.5959
-287.26608
26.226273
-214.06302
-574.1949
314.14166
-197.52768
-353.11218
23.325003
1211.7765
686.5998
861.0356
624.3761
-63.487007
-358.47568
-253.5943
-737.9453
-594.3743
-117.85051
-317.80878
477.68716
106.59921
451.426
-604.554
-760.194
456.18668
-135.96942
514.6889
-18.631292
-258.86517
923.8838
347.25357
1673.9786
-724.61346
-196.17142
-308.65356
-183.34155
273.93863
29.331013
-10.570209
-269.26248
-60.683887
-463.6557
67.00498
1604.731
8.67635
-218.52954
15.312521
-383.42065
250.63005
281.97653
-584.3224
-495.45358
-645.2828
154.2374
470.3352
58.30465
-358.7643
-956.0472
-712.68066
-886.4854
883.2474
-1097.542
1017.22205
1155.0481
617.8089
-513.847
487.53552
1269.2042
-445.24344
236.6816
84.18781
671.9628
846.28455
591.3363
592.2017
-753.39984
-337.6469
-712.58453
-392.8934
-1247.6431
54.818466
1227.852
1228.2621
-64.77656
-366.0102
-813.7706
85.38229
347.92496
187.6778
814.97095
255.74055
560.2889
328.43597
273.60425
-1427.8004
955.58685
65.450806
115.51541
-289.8157
154.88927
314.72784
-567.8104
-572.0763
845.6277
-241.8133
-43.07826
468.28906
-951.84784
120.30682
-344.05698
16.068857
-354.6336
177.17027
495.97797
-34.71088
-130.5432
-102.81762
-1766.8577
-1119.8882
-709.94977
1153.9874
145.91911
690.14886
284.34637
-371.69653
848.4763
596.75635
-254.90196
-284.84915
3.9582722
75.26248
-614.6191
315.1873
-1689.8762
245.82993
886.33
-1163.045
17.994352
-312.1132
847.2458
730.78925
-703.29504
312.63812
560.0833
-1238.9868
-298.78555
-4.491144
-104.99097
479.28793
611.2925
315.40997
-182.92906
1116.4683
234.86722
-911.5047
326.96472
275.94934
-462.9107
-305.65546
122.70269
-1165.102
979.2024
-428.25397
-982.24896
1312.6354
189.12645
-1166.1893
250.77046
1328.8165
500.0644
-411.28983
225.12817
-371.8078
-94.67365
-673.5921
-124.86052
1302.1626
244.3782
352.69986
-203.91261
72.93974
51.60915
-308.4166
-1009.5465
-495.25473
142.01462
-140.14278
-999.4964
-381.99078
1187.853
1748.6655
-591.1804
1253.9088
-118.97071
-145.9912
-101.25754
145.10532
366.12387
-1135.582
-865.77466
1145.7076
-380.87875
407.62018
1183.703
-411.73666
-429.82144
1020.2222
-462.0506
-127.242615
65.10514
-784.56256
-306.70233
277.554
-912.03955
-198.45042
-400.29227
553.2715
627.9799
-456.747
934.5591
-763.1644
-427.7241
-100.81807
-1370.1761
105.12702
-616.61566
1293.5267
188.61505
748.73956
142.67441
-16.866594
452.4536
-181.14838
-315.72055
603.7914
439.14066
-357.02747
-12.231999
308.16718
-724.95386
-396.6341
-264.3304
-80.90458
-435.9077
-772.1039
-177.44987
-1100.3921
529.986
-515.6728
28.154196
-134.34955
-407.43246
566.11584
1078.9778
471.35568
-81.960594
451.43582
870.42255
180.33788
758.9437
-277.63272
-1278.4905
-1004.14136
552.13654
-321.69812
589.437
58.96289
-320.38803
545.44135
-549.49554
-197.76102
645.91205
-578.61395
177.0255
-209.75812
114.34385
160.11479
-403.7958
-1361.9559
-731.56195
-10.409769
774.9361
-790.5144
-836.22437
-498.58777
-673.39825
-519.04364
-248.47205
444.38855
-830.94806
403.92694
-570.8839
-967.0369
-602.0514
64.75479
-512.6109
183.37042
-638.80994
419.01666
-233.04796
862.97736
698.4005
-659.5386
-74.50645
409.4558
-613.14343
283.6705
-132.12254
1082.9083
-1026.1112
625.264
725.5746
-358.37244
595.4258
1357.4496
249.12146
-137.54689
-1303.8501
186.94347
-1166.9565
581.4041
24.703484
1400.0527
192.13414
957.7204
65.17101
652.34753
-7.9748054
-494.52362
293.8627
-366.02573
-2.5532656
88.573586
-719.90735
192.94241
276.82925
-305.69
173.40842
-487.08765
-846.9545
134.50517
-900.9533
289.12778
-275.2801
1223.4232
186.47581
-430.8942
462.0815
256.1687
1213.1978
-702.78265
267.76315
1284.7784
46.061848
-1136.8351
363.2909
-639.72687
-482.25128
-171.52602
-971.7542
238.51112
-297.8956
-1147.9725
322.6454
755.5882
-186.00885
-187.73434
-453.9993
471.34406
474.11026
-261.81583
89.1651
641.22363
-1282.5547
447.79633
400.79767
-503.10004
593.61884
878.7148
-178.77628
-3.520422
-653.89056
-202.84131
-2563.048
1037.6982
453.55957
-225.7653
237.46132
766.4474
649.9462
-689.6529
106.962364
176.82208
-174.6968
-853.3351
162.51212
126.96335
321.3463
183.55833
875.36743
136.03195
26.721664
-520.01013
-863.01166
-703.03705
765.27576
-685.3171
6.4778733
-752.8333
122.7668
757.61456
-792.6295
-52.500282
-470.43967
-267.16354
-338.39752
453.82477
645.20856
-490.15756
-188.02391
-609.6627
-648.4964
89.27484
780.4794
-425.43082
-294.69943
793.367
-305.82806
378.67337
792.9209
97.69382
-830.85065
343.5051
123.91284
-375.26578
589.5056
-210.3882
-79.15027
1215.7703
603.481
-32.573334
-1569.8981
489.42368
-113.96588
-115.61117
-663.4616
-261.30914
173.8887
514.5406
826.52625
-716.7658
290.19287
1084.1298
-656.90375
-832.9778
518.2282
667.4967
-878.7516
-167.41432
248.59628
-938.0011
-956.0526
728.63544
1354.0751
382.75632
-390.80267
1018.10675
533.866
-113.96713
-92.874176
-297.42963
52.943127
-92.3156
190.07191
36.427692
726.69415
-669.532
-1091.6975
513.3146
-455.089
181.55957
-260.87402
-160.83359
-725.1836
165.38756
-647.0402
-270.50513
-487.40985
-887.0714
795.94617
-701.8023
301.259
-194.36528
945.93744
211.12946
1121.1063
613.7754
-468.9104
-467.8095
269.8868
-751.15826
-778.18054
918.4098
1073.1362
731.64716
-982.87537
448.4898
1527.2931
313.26834
45.503895
309.56516
6.571694
828.6026
-914.1803
1379.925
-352.96814
-590.25757
-306.49414
-61.90544
310.19913
1230.6438
-403.95804
-349.8401
-1000.0091
375.3922
289.70316
780.3237
108.76474
46.484283
-1088.4327
-119.01841
296.5786
410.43362
-408.64706
-262.15463
1446.0983
-1573.2654
694.1319
757.9026
-1006.0174
331.92325
343.71756
-798.6649
406.0095
-401.01096
-530.2067
795.6768
405.4314
934.1053
19.361603
670.1342
458.13043
-261.67657
-97.87174
314.40588
468.76138
-36.77048
864.075
21.778284
-1530.9545
-542.0858
-1186.581
-462.18588
-1793.4126
224.76744
-131.65666
382.17404
516.42584
-361.5717
-545.95105
688.3935
-429.48672
-1606.7319
-204.79536
434.66034
17.097649
-5.709086
-615.1755
1010.9713
-822.1075
-198.43346
1058.9595
-1049.7153
-238.61888
-522.02124
1049.9987
-77.030304
526.02496
373.14984
-431.4543
-462.82672
294.2327
504.6047
932.2928
948.08356
-206.66974
-466.72757
560.1502
21.630125
-866.01135
144.176
-739.21326
626.0147
-430.23807
-483.34027
-638.7639
-908.0248
-528.68915
811.2478
559.50745
-528.79254
339.40756
-787.4815
1076.0818
406.92725
-74.26637
-2.4020152
-389.98383
189.60533
593.46265
-1655.1691
325.31036
-111.93093
