-199.86913
442.99213
121.21955
339.49625
-148.11194
-136.1489
-160.71292
408.4564
416.94043
739.16064
340.64352
-973.1042
-13.653217
-179.327
-363.08566
-704.8666
-279.58585
161.5191
-78.01608
271.00653
457.59805
-686.3504
-373.5357
916.4715
-756.86914
65.26064
159.9963
-388.84296
-202.13423
-220.0203
30.766796
-369.03662
-187.55385
956.44183
428.52264
514.2052
203.57715
-71.287796
-102.05894
-578.3886
-783.01605
-227.11273
-156.94417
-182.01244
154.47394
153.45374
295.3837
-72.664856
-466.7461
123.61862
-424.30597
259.74423
-499.65463
291.02832
-112.49163
357.3498
1214.5846
-433.1975
-720.42664
258.29263
-367.9318
177.47932
587.62335
-258.0369
281.34335
431.90314
393.99744
-111.79712
629.675
99.86132
-1.8141363
316.12772
4.851282
193.97223
-127.49713
-28.660028
-479.94708
118.970505
642.1784
261.77332
-274.43915
-115.7892
-396.11478
-75.67764
-984.69946
901.60333
5.5552826
768.6722
385.5214
167.40163
88.061554
148.40765
1148.9049
-955.8703
-695.57355
518.5425
352.35895
417.57614
223.35341
-256.4278
-345.4763
-557.5879
104.23263
55.633137
-338.35687
288.00146
684.5377
262.90805
-205.12038
386.60602
-492.3609
-24.93162
393.40063
-316.02615
479.0708
-307.17764
87.990036
264.3798
245.8773
-668.2773
1050.4487
459.98758
140.3258
-817.1056
-531.68134
0.49781084
-629.62274
-801.0242
476.25314
-100.767815
213.14812
50.241436
-1113.423
-70.48474
-460.65314
235.3166
-41.741364
80.82363
273.39334
-294.97794
-224.54483
-65.42455
-705.0021
-498.05545
-257.35657
364.7669
531.92487
469.19583
109.12856
-613.05725
118.13803
390.60565
13.477904
-187.84926
-232.4045
95.81861
-561.3228
-524.72217
-1167.7427
264.36075
321.01373
-460.99002
120.806335
398.83035
31.51326
87.07382
-497.4156
238.19162
51.336704
-492.52597
-176.05481
420.10556
201.43973
299.518
-550.328
253.77368
140.03416
748.7453
490.53857
-556.03467
-208.76103
367.8857
-292.97092
-265.64478
-98.45963
-268.95767
832.29395
-339.44543
-301.17133
900.1247
-28.156708
-313.81647
-201.08652
838.4489
552.2808
-326.47165
90.79672
54.210247
-213.43355
-250.90201
-251.22037
610.8456
256.4353
145.58028
-95.96795
418.1946
-95.32584
52.87769
-600.985
-297.17636
762.1492
121.277565
-711.02277
170.16734
383.13876
578.5935
-489.10345
784.6862
-339.04343
-290.85522
131.12833
405.79794
706.5211
-863.15466
-349.58023
123.18349
-461.2476
345.59387
85.96945
-740.39716
325.62268
355.35077
142.52313
-542.73425
587.24774
-521.2874
-227.479
143.44601
-555.7224
-265.86087
-218.34352
388.17514
-241.50981
-217.63037
958.65326
-416.93216
-251.08125
221.34836
-859.68195
-91.1396
-982.9245
643.124
-103.44571
675.7948
331.67697
-26.383171
-226.39784
-139.29141
-436.8443
487.50412
1.4834576
-628.49176
-364.5075
-41.835415
-85.830826
-593.6956
-296.24243
-291.87866
194.61545
-278.15857
-147.16638
-920.6953
389.946
364.9974
-43.244785
-416.07248
-322.77182
-106.97086
889.2658
70.94229
96.941444
-309.65707
-0.012570381
67.80353
638.765
-8.689248
-834.42755
-464.4162
-411.87405
-129.97414
-39.467422
-316.84906
937.4745
349.42288
-227.56012
202.1289
334.47906
-88.52107
-325.4355
-479.20166
-264.87927
322.6275
-723.35144
-516.79706
237.52791
42.67727
340.69742
-39.583828
-277.17935
-148.99226
-251.5286
88.863174
-136.06978
262.4378
-598.11084
184.9435
-72.975174
-172.07066
-564.73157
-294.97458
-96.029724
-33.137356
-913.47217
-141.07877
-194.71654
772.62354
256.84564
-138.40114
-348.4772
623.9528
-1010.5232
-153.24577
-317.66705
909.48206
-467.7095
592.45776
700.1604
-35.220333
189.30208
1013.1835
360.68356
242.15494
-750.46606
-243.65385
-332.14966
223.72685
-210.18042
476.80032
-71.82514
309.60275
365.676
93.55394
319.46674
7.713503
-93.17911
-301.59982
-78.70424
23.309814
-427.42572
-448.89487
-155.79558
-215.70723
32.95063
-567.9236
-1115.4557
437.76648
-802.64734
352.57462
94.448586
696.92786
352.93747
-220.19667
304.9433
543.5166
867.8035
-503.98392
-416.119
250.44025
-226.27927
-701.17847
-33.519634
-66.228905
-320.40515
-27.760126
-634.3612
158.8768
-319.479
-258.6639
732.86273
666.32294
235.00372
-406.73102
-193.06183
458.64304
89.102684
-48.72885
418.13486
813.81366
-402.68137
501.68207
435.02313
-511.4274
376.50412
1175.106
-362.31894
571.0077
-551.3372
-180.17973
-945.4561
763.4547
-153.18242
-171.1967
237.94142
679.39124
-93.95029
-88.036125
285.5629
-12.393951
-264.8259
-502.01666
121.12159
-9.345613
718.922
-203.86261
444.6504
117.14408
-528.9315
-76.08408
-632.9978
-400.52704
783.4139
-487.55035
140.11852
-443.70236
319.05295
410.8798
-36.07853
-243.39026
-262.97318
35.522556
138.92628
272.44574
653.86163
-164.37614
-49.81066
-577.7803
127.64735
-40.63161
820.65314
-33.559826
9.066126
358.25256
-214.87862
154.70592
334.39636
367.4501
-485.362
587.321
-244.03313
-395.46127
14.842619
-12.5394125
297.6129
666.22296
-134.65607
-531.4643
-522.9877
600.9825
134.43828
0.7995038
-535.81946
-448.39825
234.84354
331.72717
177.87627
-504.3534
515.032
1212.4446
-396.38123
-56.657623
63.044384
143.81227
-504.07785
315.8568
-231.64589
-668.3312
-505.0235
278.11066
786.0947
191.40695
-31.97819
683.596
-248.2455
-343.88544
276.73364
-364.2876
-282.9091
-221.74062
555.36615
105.20132
269.30856
-226.30415
-909.8276
200.79549
-197.85062
276.85962
-220.96982
-230.71191
-220.8058
-218.40419
-476.14346
167.16058
285.7082
-753.51935
341.04166
-42.357616
37.306
-44.266594
279.01346
486.25592
870.6365
112.295265
-358.67117
92.39861
907.60846
-2.1805494
159.31033
424.22253
802.1692
237.22922
-504.12897
-266.95377
1160.1484
631.8516
-144.37251
-253.81532
108.85459
610.81036
-693.2207
512.2066
188.59085
-363.32886
-53.348213
-361.68924
-71.418
453.9428
24.227951
-44.070316
-808.6923
209.48683
713.49274
255.75948
-331.64673
-358.62662
-1066.1927
337.3176
254.6377
76.381905
-180.2755
-94.67868
433.66556
-1366.0579
951.73645
677.856
-180.44283
146.32536
501.82724
100.81538
546.74774
47.535522
-467.33093
32.401855
583.9121
617.1962
608.00055
-51.895767
-46.06054
47.214848
277.2152
791.4601
496.44882
-258.0076
766.09
-152.20528
-676.6987
353.59354
-646.46875
-428.4696
-992.36926
698.7997
-167.91713
-26.233727
610.12897
-306.11945
-520.33514
218.9179
-197.16214
-344.09528
315.40143
232.73558
-162.74722
-69.865364
58.88335
959.7009
-455.9741
-50.714783
282.29993
-321.4316
-9.536084
-373.3949
328.24957
48.79622
566.11163
-86.79796
-100.03054
-82.99433
9.614907
304.15485
1087.754
1116.3597
-276.12146
-310.7141
-160.34727
-63.00107
-584.8104
177.60764
-244.42699
679.0159
-410.32983
-333.4388
136.19289
-248.9937
-321.93448
619.1381
788.29834
-175.92114
334.50308
-774.96497
538.50104
37.011868
-262.5941
-300.95398
-743.8019
-201.87975
468.7615
-1101.025
209.21007
291.6379
