96.12606
793.08014
-21.13536
661.09186
974.064
1257.9852
-791.2954
628.30615
-200.28616
-198.08089
-568.219
-1736.3425
-680.7218
-634.4411
-302.01523
-1080.3593
-886.5166
481.53607
2.4770339
1290.743
-425.40564
-1356.9918
-598.2535
-279.00095
-557.4731
-55.267216
-1021.6453
128.25055
-716.93994
702.8386
563.4964
-342.9807
438.16602
1554.118
1232.3801
1046.5502
-311.0328
-670.15125
-19.198532
-34.489594
-936.1109
-361.4958
-655.2865
705.86127
368.4298
-618.5429
-129.00237
-1110.8042
-892.43524
436.08527
145.31145
13.59929
177.20813
-1441.337
661.5417
219.57188
2178.8123
-294.26532
695.2883
4.4852996
-223.865
-360.57086
529.06793
-474.19598
-278.87854
303.28445
-290.50287
184.9346
1871.1713
-99.924
-658.86957
199.99187
-114.840004
-266.1687
414.521
-1757.6105
-468.39066
-1520.8761
7.07365
657.104
19.711334
-709.33307
-962.07745
-1204.6755
-513.8914
2074.2766
-1255.2974
1016.9403
1356.6069
636.9132
-728.7274
154.69221
824.165
214.16963
-351.58383
83.34107
1351.1565
1213.7141
1018.3815
11.070631
-1208.8308
536.2768
-766.3342
-543.993
-778.61945
74.61208
33.797646
1018.0061
-273.02597
-561.12
-1116.465
970.76935
-0.42147112
-289.6068
1343.444
-90.6255
-518.65265
804.2105
-183.09663
-1705.541
298.42856
777.13525
449.73218
-44.699184
323.1442
809.6399
-910.9755
-538.9741
897.92755
-585.3574
85.62165
-29.312565
-647.2887
-1050.8721
13.67066
-824.31
-636.9406
532.682
191.80801
779.6215
-256.6081
396.84854
-2002.2595
-1420.8915
-577.8046
1155.8282
-48.375893
1502.4319
37.552776
-519.3936
698.8295
1205.1371
-133.20372
-96.44212
-157.52603
-174.32385
-249.46579
-107.52451
-2208.5088
728.5445
647.2804
-1404.2683
-78.79211
-85.9875
1766.5098
721.85913
-245.00163
-203.00089
678.143
-1121.4403
-462.98956
-312.39655
-135.77524
711.14355
413.8052
468.89526
-213.21371
606.24994
375.32788
-816.80865
184.7435
622.23
209.08429
-205.00339
-176.88268
-434.84616
973.70593
-573.20715
-1135.6385
271.94882
111.48603
-653.49664
247.96228
632.4431
639.6267
-642.1692
1037.9485
-268.25034
654.61896
-22.718317
-214.90889
1164.0277
58.58894
823.0476
8.977679
614.98157
399.413
-1016.8143
-1692.6571
-871.51135
-356.48315
-124.733665
-955.23425
-1698.5048
638.7791
1729.8649
-487.24396
1516.7375
-252.32922
-614.4502
-18.217403
229.98198
310.57974
-588.24164
-455.49072
850.0267
645.7856
466.13855
1213.35
-484.84424
-290.44186
1013.72186
52.558453
471.2345
723.24274
-1302.4045
-1586.924
1012.39923
-872.76373
-107.06323
335.38968
1070.2007
654.7638
-223.52463
1445.5571
-131.667
-401.43896
-825.6031
-1751.5374
-1012.07294
-1316.7701
1441.5135
417.59445
1040.7256
-132.28513
555.2907
1042.9548
62.60657
-929.17615
1036.4786
159.2445
-378.67352
800.52594
857.542
-378.1517
-749.2606
68.18678
-24.340881
507.40707
-1455.324
610.0582
-1395.8992
-140.26813
-1350.1542
377.5508
123.34024
-873.88794
863.13055
1457.5175
1075.9144
131.5746
199.48814
530.1265
879.5451
1642.9108
-1148.603
-1543.8914
-1259.3583
1300.3574
-96.79358
217.6928
-226.47978
-195.86255
798.14905
-786.2712
69.53267
-273.29846
-325.9553
-722.4205
-685.2401
-772.67395
-769.2182
-15.780316
-745.3112
-586.6798
2.393768
407.58966
-509.4293
-1321.7727
-92.24707
-477.3843
-1690.4945
-363.45087
315.1351
-652.14764
744.68695
-1195.566
-885.23047
-1257.3243
461.02676
-626.5107
89.20079
-399.0568
-194.88269
-181.65929
481.72684
852.4167
-687.5006
474.86826
-393.5534
-36.571396
71.56439
-558.062
499.10654
-1049.587
952.62463
949.7801
-283.17007
204.57224
510.02115
523.2382
647.71466
-462.93146
-711.5312
-426.72324
815.956
88.043625
2173.971
565.4284
644.7643
-180.99683
360.71555
-332.25198
299.62387
325.2328
-697.3912
282.26245
19.883194
-337.57953
-31.191536
976.7365
200.96062
-30.455446
-775.619
-545.98535
216.39557
-797.1248
448.92184
-273.74713
1614.8114
289.5883
-1220.4364
-208.53865
205.18945
198.77051
-586.0464
374.61752
1581.3026
167.91734
-1269.0267
17.870441
-327.83792
-621.66473
1075.3511
-693.73083
494.70554
-382.31372
-1141.3462
650.9988
301.87018
-1085.0134
-1388.3604
-842.51855
412.30734
30.406326
533.2341
529.8196
674.2547
-813.7864
-115.52865
700.55597
-1299.804
724.11615
1400.055
-843.4588
-90.44644
-1152.0819
-257.6723
-2758.6272
1030.8622
785.06433
-698.5982
1375.8147
23.316341
439.52896
-280.63202
-662.4629
687.09753
717.50903
-811.91254
406.0658
1213.6506
808.51764
17.10373
313.85254
-296.89706
658.28186
-358.00113
-922.07623
-1199.9473
855.92706
-349.0006
423.13687
-485.85748
-322.61307
549.80615
-239.65875
-24.705036
-1039.0967
249.79915
-504.0766
1408.7416
164.30533
-47.840874
-354.87766
-951.5998
-1285.8584
254.5467
918.0362
-610.6985
-809.11096
1150.8309
614.5176
705.6396
1743.4917
-231.2703
215.72865
755.58167
-558.7255
43.479645
-202.1643
-333.41016
205.55121
669.6179
1073.056
-46.99743
-1765.7336
1005.68445
-301.48703
152.33708
-504.99988
867.979
353.21017
27.755053
1601.5824
-525.66504
735.62994
1704.7666
-1141.2031
-1352.6466
128.33969
782.1565
-954.28644
108.165245
53.97317
-761.26685
-966.98846
1524.7833
2009.241
1219.9911
-210.56796
1341.3569
54.108135
2.2700725
602.8178
1029.6837
53.296062
-613.39056
178.39453
-34.90269
-59.578934
-793.76794
-794.77795
480.86963
-878.3897
271.43845
-158.13535
-169.42671
-1248.6326
1583.1069
-913.7
-989.6779
-496.34668
-948.43616
980.3052
-65.36928
384.7289
-189.57567
373.12604
415.5891
830.2943
690.2961
-863.6602
-249.4532
107.153564
-578.14935
403.0208
1417.5707
1710.6398
1259.6005
-1154.98
409.3923
1945.3612
311.30084
235.26363
-578.84656
407.7991
722.27856
-694.8066
1878.7235
367.1634
-925.42255
156.46648
-1529.7363
1045.9255
1560.2837
-579.0677
101.16388
-997.5336
-104.09713
672.76135
106.84015
567.5207
-74.392235
-1064.1234
3.2648818
65.87719
727.46313
-1049.4763
-301.52496
1178.3696
-1970.6544
755.1952
1275.0255
-396.29855
415.22418
366.4787
-590.92
647.7745
-139.71216
-153.0641
1229.8706
1066.5436
-59.93823
201.91628
-461.89532
509.58765
-579.75433
-14.11711
1211.602
411.14038
89.57732
1619.7583
92.44313
-1442.557
-720.8295
-1449.8766
-653.6154
-1618.4174
486.72815
392.51843
394.89996
-4.522532
-358.78824
-685.3998
1338.645
-719.72095
-1643.9044
-484.3862
225.04604
542.84454
263.54535
-577.13995
1191.4464
-570.7893
381.7721
193.33984
-869.3674
-154.82051
-248.26723
1137.0302
380.14508
1072.2421
478.29227
-299.27036
-513.35583
-174.56891
554.30804
742.9359
741.62415
-582.3506
-418.1617
421.81778
221.79907
-610.5056
1228.9323
-784.78455
413.25394
110.55069
-1380.3395
-550.3355
-1907.7732
-640.41925
693.4239
674.129
-983.82666
270.0924
-582.46185
1471.9304
624.2145
-726.8366
181.2193
-979.90735
-214.39417
547.4424
-2270.127
451.57812
-201.57013
