-272.34027
1009.18097
-141.49754
320.3734
996.9094
642.1483
-138.35045
498.9258
19.190073
-394.34827
317.31866
-1422.1514
-194.83734
-639.9636
-274.05838
-1350.5476
-88.45081
1352.1683
-5.7952013
1352.1907
-268.80814
-1671.1417
278.5877
166.05208
-293.21902
-504.67755
-349.34485
-27.89328
-644.9613
163.72444
-35.58156
-529.0427
91.84153
1375.1802
827.50586
778.65985
370.80298
90.26535
-319.09668
187.25482
-554.30225
-688.0574
-195.38736
400.40268
161.86209
-588.90515
131.64801
-648.8549
-644.13806
167.90282
-111.84069
462.6538
-265.26767
-124.46884
1215.4602
212.57365
2076.211
-780.1657
-65.556496
22.795528
-287.88187
33.80951
266.24258
-231.96133
-508.30377
250.79039
-420.76065
-108.85643
1607.8441
-96.45968
-591.39923
251.75374
-68.52239
97.25793
145.39302
-1338.7493
-733.1173
-513.59174
39.885063
243.83258
-19.25143
-801.90924
-773.482
-1045.844
-602.75085
1181.635
-1003.5014
1174.1343
1570.4026
779.373
-663.9747
782.50714
1132.0039
-252.15755
158.47917
-252.2559
553.8358
1145.7917
900.8863
156.73366
-962.2566
-368.05087
-1292.8407
-636.7566
-1381.1947
-26.95298
492.91882
999.636
-149.37718
-514.0596
-733.0396
380.0248
238.95027
184.98315
1111.4435
111.93727
639.3054
329.04666
20.444277
-1025.4706
835.1295
229.75539
-69.40484
-277.3223
463.85815
647.197
-722.87616
-425.68402
849.8135
-245.41116
131.38649
393.8501
-949.5113
-363.59573
-128.51973
-31.157738
-254.75546
227.40704
529.9484
-228.17966
-75.82606
246.21056
-1812.8732
-1363.4462
-489.62598
1170.0924
61.238552
920.79663
79.48382
-714.0052
620.6182
619.4679
-159.4486
-367.31662
351.62976
-42.91588
-543.3424
373.62024
-2066.684
571.85657
1105.978
-1052.9879
-40.48456
-366.0269
1442.0591
528.31683
-825.256
307.2471
343.81738
-1210.5564
-573.971
133.86674
-162.2956
663.3637
586.2382
334.84424
31.07986
1194.363
242.4563
-988.6535
-57.24412
724.35443
-256.59894
-377.24707
-86.57874
-736.4254
1101.7172
-519.3485
-926.8515
1287.7338
98.95517
-1272.5094
297.99005
1398.1295
265.4547
-686.24255
565.8787
-372.05966
-25.635473
-181.63048
-234.83966
1794.6184
342.73398
700.04065
-362.91013
-18.44196
102.72137
-355.1703
-1546.6936
-940.98865
196.20761
-337.33142
-861.2173
-759.4568
1098.5677
1992.56
-543.1638
1241.1859
-101.15987
19.327085
-376.4362
185.21382
329.79694
-841.801
-692.5625
1087.6659
-103.91616
173.34608
1051.6948
-247.12064
-364.90033
953.8727
-484.74658
131.10468
473.45145
-992.6248
-811.20996
570.11725
-973.115
-313.3042
-153.90344
538.86163
962.988
-329.34406
867.1579
-428.2005
-495.08585
-200.1324
-1392.2462
33.112152
-428.56088
1387.078
276.81302
958.4249
439.10876
141.19968
964.8849
-424.51898
-520.76306
787.7524
436.86188
-817.7496
-28.131804
459.98557
-870.5622
-838.5105
-69.984726
-50.41709
-371.26794
-933.4588
-33.484627
-620.4629
187.02895
-1117.0103
205.97046
-429.63
-650.6543
452.55957
1251.8252
562.1293
180.23639
342.94464
627.07874
396.44357
1095.8314
-583.28314
-1219.9554
-850.7914
806.6889
-99.69735
768.61237
154.33641
-81.59946
386.24734
-515.82135
-142.03357
150.18706
-508.89774
70.4166
-252.76352
-46.651306
-194.32327
-19.798162
-984.9449
-552.07025
-357.08463
580.3708
-195.72011
-793.07855
-272.49283
-423.38007
-891.8645
-154.28778
12.898685
-871.93884
317.84268
-776.57776
-821.8331
-705.5751
252.47078
-651.3079
44.58276
-350.7837
267.73737
58.85767
739.143
868.82166
-870.17413
-89.13086
29.797915
-368.09888
49.995384
155.05472
514.942
-766.00836
1266
699.90985
-326.46686
636.91327
749.8649
681.6501
183.6012
-1125.2493
224.56349
-1028.752
328.87888
104.796524
1111.8911
306.97495
1188.9382
91.161064
716.40436
300.04355
-424.3418
194.91568
-654.9206
151.47928
-163.23979
-588.10046
83.997475
669.2028
-502.1203
34.513874
-477.53177
-854.0606
40.613724
-803.8228
-37.338585
-294.79425
991.20795
114.943634
-613.42694
444.0268
401.26703
908.6299
-876.0545
503.8415
1399.9902
75.771416
-1059.1715
112.02258
-678.914
-389.369
59.276993
-1160.6537
566.7016
-257.13684
-1002.2739
455.03952
439.37338
-174.3033
-631.79694
-710.76355
447.28223
470.0278
-96.09671
213.48618
316.0862
-1139.7928
515.0491
352.00638
-1137.065
573.60364
362.65945
-219.87859
-0.09040378
-628.13
-375.26187
-2577.9834
1118.7816
701.7662
-315.6182
367.37143
216.55539
781.25665
-857.17035
-330.39267
122.239334
40.53813
-703.02545
448.75848
203.90741
693.516
461.31097
1053.0023
-77.69003
-120.20611
-447.5518
-933.13354
-679.8924
1122.3878
-627.9256
53.15405
-485.6421
203.40085
791.7552
-803.6292
129.38168
-690.3155
34.346233
-324.91788
809.31177
375.15952
-252.63132
-101.71556
-422.34317
-997.08026
115.70848
426.40402
-279.6515
-556.61237
1033.3782
40.797695
76.18913
1006.1048
-80.02288
-774.79816
290.22375
247.2932
-192.63303
581.09045
12.154244
85.86687
766.7905
801.2711
169.76521
-1596.6141
682.3367
-367.54013
169.92374
-799.7403
168.76775
320.70572
145.05293
722.0442
-898.59546
462.42783
1051.7827
-1059.7081
-962.38495
748.0134
871.532
-985.8866
-80.818085
108.66241
-703.8135
-861.292
813.3341
1645.0006
714.104
-194.4421
789.8792
130.09091
168.24002
269.24954
248.28848
242.20462
-407.10355
469.709
283.09232
392.10443
-752.21954
-1112.1288
444.3659
-425.20575
122.59673
-271.48447
-181.64264
-854.7995
180.30241
-817.82983
-434.67645
-476.3243
-1236.3156
874.3904
-683.2356
357.86514
46.760025
911.0958
461.74768
1046.8164
440.6483
-697.18097
-19.300793
248.63785
-765.97253
-357.4663
954.5683
1217.3021
341.1507
-994.5618
641.03
1844.0383
343.03427
64.732956
90.43776
298.22946
383.53683
-621.3951
1173.4498
-427.33127
-714.882
414.4123
-736.2724
568.04755
1370.7722
-484.67203
-555.7257
-965.1763
142.48927
390.15045
460.11426
263.39926
-148.41527
-1075.9688
-439.16888
99.35548
665.78546
-262.01953
-185.1993
1295.4742
-1244.6193
618.057
710.6663
-994.9452
619.3578
370.0306
-871.35724
229.71596
-606.217
-42.011166
1175.8959
426.1592
792.7336
39.158443
339.47787
405.03485
-70.08447
-197.5198
720.43286
589.85077
-85.51482
1044.4451
312.16708
-1655.6368
-836.64276
-1475.907
-777.1012
-2289.3604
484.70447
256.2765
170.98454
644.87775
-150.71797
-591.22437
1091.495
-650.362
-1328.7754
95.177925
253.15953
94.740814
239.79973
-614.97455
666.0534
-982.3436
-52.0185
947.6494
-1061.3599
-317.68607
-366.49475
962.217
-81.55048
704.36676
179.64107
-562.288
-167.45761
310.81152
526.44
1039.6255
968.96967
40.201427
-329.77417
684.41547
35.472183
-1371.0455
377.8585
-797.7862
563.52924
19.063894
-991.43335
-800.8255
-1252.259
-45.09327
1116.7155
953.21045
-468.44147
340.59644
-656.7435
1016.35864
78.642006
27.532824
-171.43884
-486.06314
174.36658
823.52606
-1681.596
741.9267
33.027866
