-539.97504
722.3906
-112.56807
330.53058
636.6519
234.8844
-210.85646
450.04675
-54.044308
-243.52946
4.6347847
-1483.2063
-94.0919
-461.30426
-205.3115
-981.0393
-119.2929
938.60516
-48.04674
1141.4938
-95.9836
-1388.9851
-38.40364
1.0949858
-366.00082
-275.20312
-4.9377337
-238.77147
-710.9185
225.9925
-257.2785
-406.0907
89.08965
1307.7988
637.7091
843.05273
497.9075
-43.6885
-317.3538
-148.68083
-637.95825
-601.94037
-258.31708
-336.30618
476.29626
45.286026
470.06985
-577.2382
-670.094
331.43262
-88.379395
524.7399
-10.585928
-266.84058
864.835
246.70935
1835.3643
-837.91095
-117.81552
-317.86526
-161.01099
285.47586
175.60487
-151.7515
-269.66245
-16.55679
-356.53098
-33.26024
1509.5459
-106.55064
-187.76292
74.07716
-283.24875
181.23337
284.39404
-672.82776
-459.70673
-585.0364
183.38719
469.32474
125.97966
-355.2281
-903.0228
-774.3487
-844.7555
929.3201
-968.8446
925.47437
1106.4841
550.5992
-571.5454
580.3972
1255.2614
-417.11804
290.35138
-34.40489
520.4537
864.0953
606.0941
577.821
-881.64557
-429.0401
-761.0679
-375.41876
-1287.996
32.05115
1060.2689
1303.6191
-110.97917
-438.40955
-776.8148
136.41525
354.52872
231.37383
867.81714
259.1478
570.8601
339.3707
205.01128
-1298.3954
950.5865
-17.168516
44.42778
-356.8793
100.52507
312.43515
-775.5334
-495.05527
870.0265
-250.43573
-66.733604
444.66995
-877.77295
158.30812
-407.13916
-21.039055
-289.755
175.57999
401.54565
-92.96937
-205.91116
34.375484
-1705.6212
-1135.3452
-697.2279
1145.5095
144.07628
708.34454
372.78436
-498.23474
801.08386
454.61658
-230.88983
-415.97223
209.82137
131.29546
-628.47107
328.2882
-1768.8582
263.14862
927.8245
-1193.1927
113.31301
-285.34494
760.95984
634.6578
-702.1101
175.0426
509.66553
-1347.0319
-318.30133
104.06599
-118.38501
548.9687
572.69794
240.75197
-143.74399
1013.7351
175.92795
-950.0227
421.13086
336.26913
-564.4254
-313.5105
-40.408054
-1127.2261
937.28326
-438.88712
-1009.8396
1381.3202
180.84958
-1147.2234
268.48087
1371.5381
474.97046
-505.7035
238.49066
-387.28607
-164.75745
-643.0138
-8.7573395
1381.7533
347.69562
316.19818
-130.53291
86.942406
140.08493
-368.6011
-1235.6844
-532.49396
71.965706
-201.18384
-1016.0105
-400.84836
1168.7872
1723.5092
-638.1065
1327.302
-162.86682
-75.1129
-101.172356
33.324615
371.2634
-1110.985
-813.7111
1020.4185
-404.27298
320.8665
1246.7976
-378.35446
-518.76514
1087.6565
-454.07004
-26.871841
127.19544
-655.39136
-230.90608
333.81842
-893.55865
-317.1549
-345.8432
521.22955
699.99506
-516.74506
944.5735
-786.54724
-556.41327
-70.42138
-1356.1124
81.309906
-648.8833
1356.0488
256.80164
643.8833
111.756454
-17.703966
499.4674
-242.29436
-304.54947
584.73175
485.63425
-479.24802
23.462204
199.25362
-783.49945
-473.49625
-261.2819
28.186945
-359.0188
-698.4268
-141.97466
-1138.3434
478.37518
-654.4859
61.23207
-128.72969
-375.54633
602.8109
1009.4949
500.23907
23.828949
380.10623
827.21906
242.81622
848.5109
-272.2871
-1327.513
-1003.26886
594.52655
-213.91171
721.77014
48.400326
-175.83626
578.1811
-442.31345
-175.8634
574.15186
-520.25244
123.829124
-260.44913
117.15004
-19.236868
-362.69342
-1442.3241
-750.2718
-92.686646
694.5901
-623.8958
-753.6129
-447.1696
-630.2048
-633.1595
-251.9363
422.23364
-738.06775
375.8663
-731.62274
-973.7483
-577.33453
194.53375
-440.16547
246.12874
-612.566
358.9786
-115.17961
949.25684
726.94574
-633.79535
-173.82585
392.00745
-618.48303
225.89314
-77.97214
1045.5287
-973.2169
729.244
861.0804
-408.36197
678.44037
1248.2833
229.43433
-167.23468
-1247.7635
175.90141
-1136.7719
686.20917
23.735825
1344.5803
198.22935
943.0103
147.19147
631.0991
80.86709
-500.0672
259.00516
-263.18765
60.29799
37.221375
-674.62726
245.6766
346.2615
-210.20999
221.75946
-524.8159
-771.9058
76.02247
-1044.5767
271.9444
-320.13538
1231.195
44.598694
-423.65503
521.78314
292.0143
1194.5256
-765.0119
312.6942
1229.3396
28.568306
-1138.8512
326.17706
-602.59595
-481.82623
-173.37726
-908.81537
323.13647
-304.40982
-1101.7905
302.3519
680.77075
-228.11412
-339.3921
-412.41852
380.31113
325.41232
-181.72185
187.3268
549.4857
-1149.0114
510.86948
449.99045
-530.3309
595.9346
835.2308
-86.23042
68.0879
-667.5812
-191.08144
-2531.977
998.1739
486.3403
-193.72913
364.61935
808.25476
660.17676
-745.2021
31.880747
118.694244
-99.79587
-842.2414
62.21041
231.75925
225.35771
142.91548
954.61646
-61.376514
-96.961945
-472.26712
-904.44635
-701.3012
908.41614
-712.505
54.845142
-840.2837
214.42885
703.2757
-764.5393
-73.081375
-491.71823
-146.27702
-350.6538
504.82098
641.28625
-419.68326
-144.14005
-685.6691
-732.83386
-31.221453
630.5604
-338.46313
-268.4645
739.01996
-349.6391
459.0256
724.7622
25.568691
-778.1429
279.47205
90.103165
-438.8885
654.1184
-235.06293
-99.26143
1092.9885
625.1222
-66.31687
-1580.1624
480.583
-136.39508
-2.9287124
-773.4499
-184.99806
106.820496
469.22128
795.73065
-793.56415
416.761
1121.9719
-812.59076
-851.0093
687.4612
784.5746
-932.5105
-31.788313
104.78103
-942.1096
-1051.1812
737.2281
1322.5326
360.42783
-244.28334
1018.5863
459.40878
-93.91029
-40.02089
-302.10587
74.222984
-182.7795
246.78448
97.2393
642.8265
-739.1349
-1152.4592
583.0481
-359.65274
242.87012
-294.48026
-155.48521
-742.0238
166.82715
-597.91364
-435.3726
-432.9755
-891.16156
806.9798
-797.5579
270.67883
-205.1481
863.1418
401.41876
1283.8678
532.9011
-479.59735
-346.4554
292.58575
-736.4208
-647.7645
854.67224
1036.9537
604.2274
-968.7942
473.73697
1628.3413
288.95013
101.74116
251.67798
60.442673
845.27814
-985.8633
1242.4896
-344.1363
-659.2039
-167.04501
-142.09372
362.57965
1279.361
-319.97684
-305.74335
-1056.4248
511.2626
354.7452
750.16986
109.8021
42.481884
-1117.4718
-208.24324
384.9842
436.5368
-428.4144
-366.39282
1347.2784
-1476.0073
655.7105
800.16394
-989.2665
430.7529
323.63376
-752.89075
423.93173
-335.15952
-407.86728
766.15497
450.40436
880.91486
25.901024
612.00977
438.04605
-188.78511
-78.4176
485.90048
437.0831
-74.79908
780.4477
-9.083134
-1492.8058
-533.5035
-1142.6926
-399.53397
-1767.5421
235.90083
-41.781532
366.659
519.4343
-201.87074
-594.3487
756.37537
-486.2401
-1546.8258
-135.99574
424.34082
-41.615368
48.03608
-673.7324
976.1557
-867.94324
-181.94879
1140.1772
-963.0463
-271.40717
-408.72186
1027.2572
-49.39368
509.90918
346.4773
-465.36093
-451.71512
331.96182
552.68787
925.68854
970.47675
-177.66383
-453.5232
605.14685
59.88072
-922.4062
-16.100845
-681.2555
711.3134
-369.57022
-736.7647
-609.9229
-908.33594
-562.5164
938.51135
566.57275
-501.14032
408.2742
-692.83545
1027.2665
324.39426
-67.72563
41.097694
-439.40945
98.69443
672.70416
-1746.3917
293.7999
-109.89323
