-307.81183
466.14352
-32.213234
320.06274
-79.50495
-136.62483
-45.344223
489.30713
412.28055
566.1112
164.57715
-1024.0856
-141.10529
-152.06561
-285.87698
-775.2491
-82.31466
224.95567
-27.043116
380.97495
527.4048
-976.3764
-340.55087
706.7821
-562.1149
5.5592957
-161.56055
-409.64188
-338.3965
-22.043732
-171.88153
-56.671234
-287.3849
854.0253
380.30896
268.7077
204.28949
-255.51027
-12.5574665
-691.7059
-674.27484
-148.59334
-32.491688
-252.20897
78.9669
192.10725
343.12732
-16.029306
-282.43564
-100.27292
-427.86646
229.84152
-281.89304
211.27104
194.10968
270.32516
1240.9995
-595.3568
-812.7086
199.89087
-468.79272
189.053
596.0207
-133.15701
193.5856
482.02545
321.63864
-279.6062
756.84717
175.76537
-78.204926
218.71286
56.703632
96.70012
-22.903858
-26.88768
-378.52078
50.787853
558.29474
276.67328
-257.18335
-126.62167
-288.22934
32.282795
-908.9264
1011.391
-175.15848
613.02905
612.53845
70.22863
-13.034286
189.8185
869.9958
-1075.7142
-691.8671
725.42596
340.02292
466.7262
301.56314
80.86187
-425.90216
-574.0628
0.06504068
-15.719085
-503.04364
61.74664
1041.8824
367.7486
-295.6155
174.28978
-387.71152
-178.2251
142.38591
-315.82437
352.96414
56.090504
-28.529736
310.40952
366.2312
-935.1978
1174.703
476.89584
383.85263
-644.49524
-365.20856
108.91744
-805.32574
-566.0498
606.0834
-164.9946
75.70422
228.1153
-802.8895
64.86315
-528.58203
286.64935
11.271131
-123.114174
326.98746
-375.06412
-155.82103
34.736984
-798.80676
-669.8506
-3.014696
347.1278
515.2476
620.18915
136.14745
-756.5927
319.7354
683.38257
36.358673
-194.32947
-220.74252
9.907463
-607.0112
-563.79987
-1196.7013
448.3428
340.21033
-748.67804
-37.913834
341.0717
107.295204
377.5429
-533.0525
389.1766
171.56528
-536.5642
89.97974
453.9989
68.956154
454.38788
-509.55997
186.44011
237.14902
610.25385
328.11374
-770.5217
-135.25685
286.68222
-231.07655
-147.30833
-248.4097
-271.57428
676.4183
-200.23897
-402.49396
934.76276
307.5587
-414.29974
-264.68613
962.6988
658.1965
-358.29666
83.96894
-41.942986
-366.45038
-186.35066
-288.27527
831.30566
407.28818
129.11487
-119.88497
280.09534
-157.08168
7.9747515
-665.26416
-244.80934
671.1703
-26.704353
-458.8117
-102.06432
346.41672
859.2892
-586.11365
836.2627
-329.24948
-211.69958
234.58188
483.14786
834.1607
-901.06934
-427.4679
147.94913
-679.8393
85.11218
197.43489
-632.7439
314.77112
358.0587
80.24439
-526.4343
370.83737
-454.78607
66.141685
127.56511
-641.051
-93.49346
-463.94824
358.55722
-227.54112
-215.02843
937.92
-303.5747
-189.45274
212.14906
-958.2971
27.3443
-716.08105
709.46094
-322.29904
321.76285
354.97864
68.6607
58.25194
18.748173
-458.01913
490.6898
-114.88817
-719.6733
-457.0053
15.132881
-49.9061
-738.5769
-244.31618
-415.43796
79.59594
-372.83994
-185.5285
-1066.2815
399.6076
322.30646
-189.06294
-509.8855
-274.96683
92.35295
798.9948
64.95908
241.33243
-233.55563
-83.69165
203.33609
632.8134
-106.1057
-872.5253
-650.8152
-226.43185
-2.8491712
64.59698
-212.37769
671.2315
495.54196
-238.5914
167.04837
379.17343
-252.25464
-123.37474
-403.24796
-239.87932
327.3328
-820.44525
-618.6955
261.14355
29.395393
516.88153
-72.32367
-281.40875
-294.40155
-252.77122
-113.60835
-213.52989
30.686546
-682.97156
9.072807
61.230568
-329.00977
-742.5912
-101.17501
-204.62302
158.86104
-834.33844
-175.86227
-265.67252
611.1629
488.8571
-159.91075
-368.13895
703.85944
-924.5899
-143.77367
-161.25691
1052.0377
-670.6038
536.32745
873.8067
18.129843
353.3551
1069.9923
285.2492
30.191566
-864.02124
-50.910995
-374.33304
352.3287
-412.76355
605.4555
-141.80315
475.647
405.3373
196.8915
476.86325
119.672356
-84.472244
-172.07474
-72.44606
127.28403
-420.14685
-610.6955
-370.21967
-144.29166
9.808935
-523.34436
-1188.7593
505.88077
-784.8624
281.92758
39.400913
751.49774
456.69965
-295.60382
301.87994
390.05444
879.23224
-535.68787
-287.67438
151.80809
-340.9441
-931.8603
64.9381
-79.05847
-558.50525
-227.05591
-845.24023
97.25198
-282.68747
-273.78003
432.63663
638.9421
-33.007805
-396.40558
-231.08977
382.84
-52.124348
-0.73064923
420.3561
807.37854
-409.39908
418.73526
633.813
-542.922
287.78183
1122.3529
-450.22717
421.02017
-614.8328
-105.34688
-1203.4318
852.05414
-107.255005
51.428825
294.59854
605.6248
39.021454
-220.92007
-8.157852
165.88773
-329.27695
-602.7729
46.280426
69.3651
772.7505
95.38701
484.08636
39.883633
-440.9901
6.801704
-683.5652
-361.9385
788.8913
-383.0323
86.05024
-429.20587
612.6437
258.98105
-67.74135
-114.62509
-419.0086
-160.10243
3.5521417
294.58624
639.08435
-132.49815
4.3741055
-633.2094
14.412733
-53.00394
857.37775
-149.59344
146.17781
473.6936
-198.74298
233.20985
402.8335
271.84674
-420.14627
633.49756
-125.35924
-288.74258
-150.66887
47.36893
360.47357
693.1397
-308.3728
-512.95496
-747.018
782.895
112.542984
108.14056
-730.60895
-620.8675
174.6747
284.12384
364.49753
-336.70996
355.02054
1083.5481
-320.30542
-61.685867
405.06555
176.49588
-690.36505
165.89278
-97.22282
-592.83295
-445.65402
419.23367
821.15283
203.65819
-54.203465
997.2655
-270.44403
-333.2189
293.6017
-436.0173
-145.60657
-179.16885
817.3791
142.23077
368.4407
-167.01137
-820.7142
256.00723
-196.4724
230.80948
-258.36264
-207.26927
-434.5222
-225.12088
-329.3417
112.44922
171.54659
-900.72876
209.65637
-23.767931
291.79425
232.06235
453.9883
502.91882
888.7071
130.6507
-332.4211
306.42636
906.9577
-78.87742
63.552315
515.1719
965.3173
27.827597
-633.9352
-161.6684
1307.5974
607.0925
-109.299644
-124.95876
175.38118
582.4315
-747.2285
412.53055
-21.906086
-429.32925
-187.75818
-360.626
85.215515
615.3889
25.509071
-200.35281
-755.8317
195.51517
730.0464
259.69214
-90.03136
-252.42406
-1074.887
310.6622
162.04651
-40.48763
-186.46461
-130.7502
357.16888
-1447.8185
923.6582
656.57697
-165.5414
137.76588
619.9288
-79.69136
668.0176
-19.851849
-358.93784
-34.463516
670.9936
665.05554
667.07886
26.454357
1.0938163
282.75342
129.89294
893.94366
595.4828
-471.46893
900.9404
37.006657
-801.5693
166.32428
-623.78284
-587.91614
-1236.864
673.1869
-267.83887
-24.762184
740.61456
-116.220474
-852.6393
317.5791
-153.98593
-455.66895
145.05223
105.18548
-163.68681
-270.55847
166.69695
944.5676
-508.40863
-91.60287
295.49957
-241.37344
-135.28352
-389.8692
317.9675
94.34889
747.201
-56.010902
-50.38368
-53.447292
-24.932041
372.85248
1089.9048
1111.1866
-316.362
-412.3282
0.78642654
-4.340045
-768.4994
272.75778
-215.72913
732.3772
-335.14554
-301.63443
218.84615
-282.87463
-401.02316
646.6746
687.88306
-328.60645
345.99408
-698.4389
732.7622
227.0256
-89.65149
-122.69709
-705.93335
-130.53627
264.31757
-1230.1598
243.42992
294.40192
