165.3759
977.5755
-79.17843
811.6256
912.3865
1208.081
-673.5575
702.6399
15.415073
-259.62778
-311.29773
-1762.2678
-619.50275
-867.55
-132.86763
-1154.275
-494.11594
482.08847
20.008669
1551.1658
-120.07324
-1508.3828
-406.24423
-214.46062
-329.55893
-216.40126
-911.80786
229.87509
-609.78424
832.21564
254.32632
-338.28815
427.818
1637.9258
1105.3362
847.14087
-32.93984
-745.3803
-99.88893
-83.642746
-914.65765
-542.722
-642.69867
598.3756
466.53406
-514.65045
-114.42613
-1091.5938
-1284.0015
412.0955
35.34739
197.44579
-57.986244
-1088.3799
932.20135
518.0017
1919.772
-539.567
564.1208
231.70229
-107.13177
-293.2092
638.887
-302.11438
-242.76125
106.75033
-360.47296
159.18959
1844.218
-10.987738
-579.81256
479.48773
-93.35538
-274.2974
260.0103
-1809.6227
-561.72437
-1607.9211
-72.98886
643.4945
129.44955
-696.29083
-881.55
-1171.1514
-631.97815
1868.8479
-1321.0546
890.2193
1336.9854
532.7356
-779.8046
138.58072
735.36334
171.72058
40.306316
-57.81901
1007.23883
1369.53
587.95764
9.062578
-1291.7281
220.57562
-975.6987
-591.0975
-994.4896
-161.41028
32.355694
1055.6249
-168.0004
-433.2536
-941.0062
966.09534
352.48975
-224.421
1507.2499
-251.3498
-341.0056
788.7487
-84.60191
-1869.6342
276.58527
697.53577
364.33105
-102.810326
298.19583
641.7302
-1099.5358
-895.95386
660.64703
-453.85846
-187.78503
30.926914
-481.5883
-924.5145
-85.263374
-516.5868
-378.85553
607.319
124.07115
476.67993
-540.9691
290.28345
-1814.9155
-1610.5974
-628.4712
1213.3588
49.799065
1475.7668
80.97708
-442.4142
615.8127
1166.5134
-91.004654
-106.65025
34.859707
-378.71176
-331.9025
-32.88199
-2252.3953
728.1155
720.9602
-1257.504
-73.526855
-193.11754
1823.7386
845.72095
-237.5102
-182.9663
838.97565
-1282.2423
-399.27347
-108.585846
-345.41107
893.90375
591.5095
576.2357
9.523965
733.3198
388.79706
-826.22003
235.87183
596.11395
471.2155
-292.02417
7.250828
-655.4893
773.51294
-692.3437
-1082.5635
417.7866
-180.82639
-729.91077
210.99069
718.1962
643.52014
-671.81793
967.5574
-292.5001
646.0627
-50.71744
-330.18182
978.2001
122.884796
746.80945
-35.775097
348.97275
364.5336
-1008.0989
-1766.9042
-898.67194
-206.83704
-33.821693
-774.2433
-1877.2283
711.76105
1942.4478
-391.5467
1678.6768
-502.32373
-631.5336
-34.994236
144.12608
126.33834
-701.5787
-337.84872
968.3922
520.95667
489.14258
1390.892
-253.35732
-595.0209
1150.3387
-26.848608
311.94037
552.37177
-1379.8312
-1640.9423
1155.0988
-839.26715
-149.48643
358.8468
1175.2906
816.1086
-451.54675
1231.9021
-56.130615
-308.2077
-724.8921
-1549.886
-788.10803
-1514.4796
1612.0808
217.0251
856.23175
-167.79274
466.52716
1088.7526
-70.261024
-1082.1827
1103.8198
29.07387
-336.92004
544.90753
642.98035
-550.83496
-853.0441
-78.61361
192.4979
402.89468
-1298.9861
380.39462
-1191.4261
28.266958
-1252.0942
456.43146
125.94909
-717.85284
846.9479
1228.9419
834.80286
144.44164
-109.19379
679.3654
820.4697
2014.4738
-625.723
-1275.1523
-1330.9457
1314.0178
80.976715
351.36588
-419.9055
-312.6839
629.8071
-781.6184
-5.442512
42.02341
-406.95993
-390.2951
-649.2922
-666.3322
-813.59265
-322.1202
-772.72845
-577.2747
75.39767
564.94867
-522.4864
-1055.221
-131.02173
-528.3094
-1694.212
-365.35184
300.5346
-811.2705
517.8538
-882.1026
-1094.9418
-1112.2754
663.20496
-625.1814
-87.39195
-516.2493
-88.38098
15.018988
641.86816
767.6779
-1071.2648
322.0057
-382.294
-137.12044
120.04599
-476.6434
448.95074
-873.8299
952.759
886.21204
-241.8131
165.00015
746.1522
390.29907
258.51865
-384.5071
-844.19684
-560.90485
1001.57513
292.48007
2017.4059
511.26312
690.7513
-202.05971
303.98456
-109.08632
235.93323
677.5645
-967.6185
208.1781
-270.37262
-456.21002
-147.45276
623.8525
131.50171
84.10373
-822.102
-500.24603
332.46848
-745.98315
298.14703
-154.47949
1673.3196
601.8201
-1165.0609
-179.60376
170.68555
202.40028
-595.33704
367.1037
1425.6389
207.21306
-1056.9757
286.0215
-357.83292
-549.5809
544.39386
-628.0709
435.33905
-279.74344
-1067.4377
469.40872
276.55927
-833.59406
-1333.2537
-662.79254
400.37195
80.47398
567.6488
618.38214
893.0297
-702.89575
5.232562
601.5169
-1728.1877
665.8914
1337.5536
-770.8279
-120.71562
-1102.3044
-281.23642
-2633.825
1059.9507
1016.9231
-629.88477
1260.1812
-93.796364
452.498
-319.85657
-771.20435
837.89813
568.34576
-935.9436
404.92465
1222.9757
565.6197
111.313576
487.10544
-104.02515
829.51544
-202.64992
-878.06824
-1270.6973
952.48975
-455.75473
509.43384
-634.13007
-121.93649
699.9558
-392.17023
-273.38913
-909.54504
444.28735
-583.5689
924.28625
304.8052
-34.306217
-359.13855
-656.85315
-1242.3763
-17.339064
711.90326
-873.40375
-575.2789
1203.9839
417.35196
553.38025
1683.6058
-362.66092
-17.055136
723.3356
-370.06036
185.96674
85.57782
-208.58716
266.5058
614.4228
1047.0461
-77.75495
-1786.4473
868.92346
-118.46381
361.2496
-467.665
620.2822
318.50046
154.30576
1431.6322
-441.9072
711.1064
1555.6165
-1051.7034
-1418.6917
346.0732
961.04016
-741.00867
-156.09525
89.58292
-599.85876
-969.6761
1563.2472
2053.7795
1136.1265
-203.65552
1421.5029
175.21481
215.97656
521.9434
820.3244
216.08871
-625.2585
185.3562
223.47272
-50.42566
-826.12256
-583.87823
182.82097
-682.9169
304.8748
104.09492
-19.83333
-1230.189
1500.7549
-641.33997
-982.9303
-530.7273
-549.60406
1006.7374
52.003666
365.10693
-103.0954
477.3963
303.19946
518.58044
454.78906
-890.9845
-311.66394
-178.21565
-421.27634
351.33643
1188.619
1648.295
1055.8213
-984.5649
360.18375
2227.6218
303.48077
445.84207
-687.5953
649.04614
463.46646
-650.1283
1549.2356
58.33479
-955.7151
224.52597
-1347.996
805.2139
1455.4407
-667.08563
-173.0374
-1145.2289
30.254984
628.71484
171.12094
243.36429
-14.36229
-1230.2844
-125.22053
168.48822
836.312
-884.02875
-342.28494
1224.3601
-2035.0074
671.7719
1159.2109
-388.81274
517.2685
291.0666
-696.9438
443.73965
-151.3635
-425.1387
1390.6831
1088.8234
85.992516
-155.01244
-273.75232
912.90393
-552.0251
-86.57068
1147.1754
101.96778
155.95084
1737.2919
83.23884
-1651.7137
-623.8959
-1406.2062
-611.3724
-1384.4673
783.6639
307.35883
236.82555
26.208817
-320.36148
-510.0942
1586.0471
-1011.5562
-1876.0343
-634.6336
9.892769
528.9642
-36.828613
-452.07553
1176.7288
-604.6322
271.16177
308.81326
-868.0888
-84.25048
-434.64453
1116.3064
445.64337
1013.77057
261.3348
-272.9904
-239.9408
-204.22537
525.8569
644.01605
1013.7769
-554.168
-526.25476
245.3704
136.16508
-718.5544
1513.887
-730.5377
600.6014
48.86132
-1195.7771
-554.9821
-1927.6521
-651.08093
890.8307
785.2895
-1110.3048
338.9209
-595.8733
1224.0471
346.26852
-608.6516
355.60907
-1032.1982
-36.14027
543.59875
-1932.7637
298.05734
-204.19357
