257.7411
1069.3734
-72.37935
641.06793
1271.1608
1062.0072
-743.1866
540.29407
97.849434
-151.8136
-101.01368
-1780.9481
-671.18066
-1064.9342
-312.75323
-878.5767
74.29267
808.4197
266.4192
1622.4209
-94.344925
-1692.6101
-723.065
-84.532486
-265.11005
-365.8266
-1115.3357
277.92178
-598.4085
987.7633
305.57922
-310.55566
461.0462
1716.547
964.3363
1068.8055
90.16665
-717.27295
-189.10149
-146.00876
-788.7067
-732.9513
-950.1728
539.0415
254.99017
-281.77237
-102.9634
-1078.0283
-1193.8073
448.93265
-34.806038
334.75378
71.48398
-1108.6898
1036.7814
472.28534
2012.3145
-708.63885
505.0168
196.98817
-179.71289
-62.195023
545.8359
-294.55203
-210.69673
111.31988
-318.91956
344.32315
1727.0488
-168.9416
-757.3022
621.2714
110.67102
-354.53613
25.57611
-1935.0193
-443.07773
-1320.17
-223.02637
530.5805
-134.23657
-693.61554
-659.8751
-1074.9592
-480.2918
1528.8494
-1290.039
918.26624
1397.2026
524.3924
-849.44006
173.36458
853.2595
226.9736
-117.646515
-188.13307
1043.9382
1391.584
663.7842
116.32782
-1023.6486
31.928076
-1010.0497
-570.4695
-1289.3148
-87.7545
72.89847
1131.1617
-147.46812
-587.4352
-564.7488
835.6133
171.21866
-216.3477
1584.3413
-278.9918
-91.37497
621.8227
63.585293
-1883.6217
337.8915
585.67255
142.77473
35.838192
110.41511
683.84326
-757.5414
-687.63837
700.08124
-256.133
-100.92371
-80.26565
-626.1206
-850.6171
-196.39008
-207.52641
-282.9884
780.58057
447.2563
428.92624
-502.1368
60.989292
-1755.663
-1572.8787
-607.4346
1381.4204
114.31893
1380.0122
45.307953
-569.84235
602.4036
1026.3596
268.3586
-57.816544
221.6856
-190.27455
-499.39575
36.53538
-2073.005
525.2719
616.5538
-1123.3868
-200.01517
-54.324417
1831.1667
570.5005
-170.46587
-284.5148
715.16785
-1236.0929
-555.10754
-226.99133
-226.5322
593.02234
570.7985
408.31613
-100.071365
414.96826
495.1762
-621.99506
165.11632
448.60486
372.61533
-53.791058
76.20776
-844.8235
1009.83325
-518.28217
-1145.4407
512.37866
105.99567
-758.4966
437.48853
944.0687
501.20096
-701.5541
913.0388
-420.1537
719.07
24.441301
-601.3473
987.6351
3.0954432
755.2365
89.54763
117.34336
256.8383
-868.75726
-1837.515
-750.191
144.31703
-234.30412
-866.8147
-1563.8619
542.93225
2033.2389
-308.6632
1503.7867
-309.7992
-537.26544
4.1786356
102.421936
315.5667
-819.03326
-612.8714
1051.6124
394.9948
430.7363
1179.784
-309.72137
-452.68735
1267.2671
-31.820131
80.706924
587.4001
-1358.2086
-1296.9774
1127.2135
-908.3894
-171.99048
354.6168
971.8531
871.7682
-284.66806
1323.4297
-28.433847
-315.69968
-761.44446
-1317.9211
-790.0512
-1133.7274
1638.4639
499.3367
1111.2888
42.397377
489.51495
1015.6008
-295.3783
-1054.9999
1051.7876
287.28
-254.56276
569.64886
453.24936
-747.59015
-732.12134
-236.25182
87.16684
106.37766
-1146.7819
188.10179
-1080.2823
287.1913
-1411.9249
249.16086
-77.57326
-621.8897
770.0256
1297.544
949.9055
280.9942
-150.55681
703.0301
844.03925
1843.2339
-563.05255
-1267.9617
-1260.2992
1110.8812
42.2112
315.45395
-365.0301
-84.9973
581.54095
-709.84314
50.75319
204.9512
-818.68384
-151.06511
-694.8059
-499.6847
-818.86743
-347.27005
-832.40454
-610.21545
5.0161304
294.5322
-565.9026
-907.7576
34.19366
-576.4338
-1401.0317
-375.84525
79.81233
-758.6891
432.42398
-818.95575
-1146.9749
-941.78094
426.8692
-703.971
-134.80426
-658.4812
-119.03981
39.956463
751.43286
812.31665
-1079.8997
374.1844
-171.57181
-155.21638
93.79317
-304.63385
312.0131
-767.51697
884.40826
718.5654
-405.66547
463.3063
722.87
376.56113
-38.833378
-706.35236
-469.9914
-602.8633
976.373
215.5191
1876.4082
665.70087
774.144
-247.07726
353.7641
-28.976496
196.55693
414.6918
-873.6996
337.58786
-234.3873
-518.4219
37.08164
703.5036
-219.33391
91.885864
-786.41473
-793.9996
431.78442
-636.8
4.5793695
-152.19547
1604.2415
566.8868
-1187.8485
-102.95804
59.35631
374.56018
-726.4174
451.43704
1260.3998
86.33118
-1097.338
240.0593
-299.18054
-628.2566
431.7611
-986.3106
118.37415
-285.4902
-1160.164
471.62317
432.6553
-654.9933
-1150.1903
-594.4754
346.65848
314.62137
691.70135
646.01904
924.4306
-653.3326
-18.611883
707.122
-1555.9392
463.6177
1210.5563
-873.855
-181.56552
-1112.0367
-201.86449
-2605.129
933.56915
872.0369
-463.099
1136.523
-32.619114
624.4592
-620.6999
-841.1975
612.6069
368.0882
-936.12286
629.7822
1110.3878
554.9165
147.55765
634.1413
126.83427
618.8839
-140.69096
-738.7386
-1002.9859
1057.2311
-568.59357
668.4038
-356.32477
-262.1151
447.93756
-80.57802
-247.66017
-923.13544
540.22797
-718.90906
857.89716
424.69095
-192.9443
-13.032161
-547.4082
-1257.1271
-61.482006
882.3312
-431.42807
-666.6012
1133.2678
483.1389
615.22156
1421.6411
-189.7275
-124.36888
546.9652
-252.36157
103.6404
61.99782
-23.70555
211.87051
546.63715
1008.62646
89.880486
-1911.4883
947.6089
-221.37976
504.49683
-581.756
424.09326
468.5253
-18.626785
1441.6682
-777.9695
647.2874
1471.58
-1152.8806
-1324.0249
536.5771
878.348
-939.3309
-175.52753
137.60211
-677.3116
-852.9477
1631.8135
1961.1216
1085.2426
-253.31102
1141.4777
51.77698
-126.75431
422.25046
728.457
145.5977
-599.08923
274.43216
420.9513
220.22423
-992.23126
-860.354
371.85468
-350.07297
292.08844
157.282
-48.758327
-1348.4077
1536.9109
-604.054
-832.32117
-413.10126
-753.86566
1086.3475
-133.85112
470.08856
18.5105
764.00073
309.26605
488.85938
508.02292
-951.46387
-301.56107
-225.79012
-495.82248
241.4712
1260.3357
1639.4272
1076.4749
-1034.3063
507.73795
2285.5024
403.984
362.27002
-758.7356
681.93097
389.44168
-470.95804
1460.3597
95.713776
-1106.1302
153.30278
-1162.3918
761.86993
1514.2195
-615.04736
-69.08011
-1120.9296
303.1921
841.9273
202.80687
44.796455
-39.83876
-1062.6383
-224.85753
67.58416
611.6795
-899.9669
-392.73758
1048.1215
-1895.2672
853.15106
1095.5228
-377.51434
449.26297
527.6285
-877.1327
506.5
-91.38093
-289.68066
1362.7238
953.01733
133.88817
-209.32602
-127.69439
857.11145
-622.97797
-293.24152
835.94794
214.81703
78.1656
1458.231
-5.9638443
-1665.627
-585.5483
-1520.3568
-754.1878
-1428.2522
1044.3099
229.04018
461.1001
-152.96216
-431.97806
-465.70163
1419.332
-879.1098
-1804.1714
-471.95023
119.02102
274.5751
-170.13972
-731.592
1053.2825
-621.0847
150.56514
544.9212
-827.9557
-300.51105
-416.8696
1176.6237
686.2602
974.5851
88.2468
-406.26953
66.62091
-288.13086
638.5027
690.5952
1156.5013
-485.8998
-327.46866
399.3628
280.07443
-775.6554
1318.0671
-794.80023
458.03375
77.84362
-923.29456
-888.6325
-1714.825
-511.6095
735.69183
820.4896
-1117.2953
365.73654
-863.20984
1325.4296
413.95663
-524.37036
215.09145
-1060.6381
214.6747
523.23535
-2056.339
308.5471
-161.35925
