-68.39693
255.61244
139.01263
167.57314
33.61393
-27.49141
-101.859924
-94.70913
20.62596
468.3866
41.383247
-243.2568
-176.45477
11.500962
-154.15117
-309.1259
-285.5009
116.35586
-109.45002
222.07889
-118.273285
-10.231407
-224.0501
50.185226
-373.8709
20.778948
-60.624638
-22.420004
-207.3707
-69.79643
85.57904
-171.09038
51.216167
276.62463
63.803417
-114.99265
70.16675
-1.0867221
-323.56613
-317.1159
-169.05133
65.2968
100.61408
12.8153
290.19037
-17.425226
48.134487
-256.16458
108.99677
-211.88097
6.08424
286.70798
-43.55707
235.54628
31.497736
-265.03574
173.2678
186.89392
134.30376
62.463062
34.676777
402.17212
126.987976
155.92445
362.9341
84.379295
-43.740623
247.5951
166.43292
162.1258
-121.22877
231.76073
174.54297
82.2553
-106.067055
-301.44818
-171.72987
56.1303
-58.417572
88.82369
-160.62401
267.94168
270.97903
74.644455
49.89663
-50.98375
-17.005999
111.02738
57.9634
-185.13087
-172.10455
181.75244
436.7139
-287.64243
136.99416
85.464
-134.84119
-43.440613
74.256165
-73.95268
-358.74948
-173.93272
-12.565081
60.47571
-298.44357
95.17907
167.56726
-43.586422
-29.812696
440.46112
-412.93234
47.82143
242.34578
-36.638935
-67.18943
10.700117
-36.589275
-124.27178
210.24129
77.290215
215.0698
477.40372
-65.68747
11.525096
-178.18169
54.65123
-192.53322
-147.6022
100.15423
133.68123
-294.34564
315.47876
-100.42121
223.89275
-259.7981
364.537
270.05234
-42.63272
-116.962204
-62.750492
-144.18173
164.158
55.37402
-53.16554
18.05267
-8.511124
207.9931
-183.52777
83.21753
-332.45117
5.909795
-311.4452
377.97644
68.131676
226.9811
144.69977
112.27045
91.579185
-262.1855
160.32568
86.58065
69.488914
87.72983
182.35182
30.926777
-61.44582
137.33336
-24.846233
-76.7089
25.233305
-183.18694
304.21954
-165.10971
106.0547
-72.41293
-2.3603811
-81.59196
426.19452
196.35818
130.4504
-82.10262
160.33379
186.21841
-158.62657
-289.6707
-43.97326
24.463852
88.07777
-154.53627
279.31183
-256.68414
0.8024732
-180.19139
355.54922
242.42805
-323.4095
-155.96211
-11.126014
-462.21048
418.14935
-8.178494
-14.510396
128.28648
60.6464
214.20515
21.445116
-361.27478
148.01888
-95.034874
-277.9315
202.70865
44.313843
-326.82626
-49.73337
-122.974525
-146.17363
9.394764
180.03532
-122.29102
-52.45249
222.67632
207.44218
107.71206
-332.64102
213.71667
-149.79375
-338.33667
-299.91617
-38.071922
-0.4701389
-32.972137
-169.3659
-84.84503
-130.31741
-0.16131186
-12.132617
17.749454
127.975655
129.94212
-270.33112
205.25969
-212.86751
-62.96103
-163.37411
-44.6466
-159.76747
217.93352
-133.69115
-74.77348
-15.037628
-108.51181
-124.442345
67.82274
200.30098
285.2398
49.641895
23.990509
-416.49048
-298.58875
2.9388354
79.81183
122.250656
-44.408817
289.36932
97.80964
-426.1873
-81.97279
125.26282
53.71945
-262.6847
-273.22015
-348.84775
-37.003273
311.71045
39.2228
-151.0261
-82.61391
141.32872
109.22209
-52.378532
136.08498
-88.22935
-25.320822
-288.49237
172.42351
-69.52741
35.257168
-206.29698
-93.914734
124.279625
235.118
-273.69507
244.06827
73.543686
-81.30437
20.417402
296.54874
-186.31012
184.40779
55.495827
-295.78012
31.732567
-311.76025
-401.29376
-52.20521
-142.46516
299.4718
-126.417145
-205.9546
-83.41341
-299.0857
0.18275285
312.8727
212.81117
-130.0352
113.84736
297.61316
83.613686
148.9103
-218.65254
61.350803
-117.1513
-511.3499
-238.15826
236.02797
11.400147
-83.78036
136.17593
-136.15544
105.424644
-393.77878
-0.91033435
-184.60838
93.96331
-14.792989
-141.60033
-12.654623
-269.56815
-105.51752
235.83925
-103.24282
45.597775
-240.79214
-180.30733
-183.14302
-44.582092
32.401413
188.65724
-138.1997
154.50223
271.64032
82.50662
99.32199
70.94635
193.9408
-43.836445
-183.62144
69.91902
-371.24197
-203.09737
-264.71536
-19.134706
-125.21036
-175.20088
-255.16685
237.05547
-302.63446
-120.09706
-394.33572
136.75894
285.35403
-116.176895
238.04202
377.40552
439.09436
-239.20036
6.1831336
95.17532
-91.72995
-166.81653
-154.81079
-76.671074
-235.10335
-55.484356
-277.69394
126.5767
-22.627764
-198.08885
-87.180466
81.75981
425.91702
-44.67015
-212.37718
-265.4633
-13.717799
40.070744
57.7376
308.4557
-220.45616
41.23961
174.64946
346.5289
-147.16193
74.88655
20.575693
-286.83295
1.5029757
-9.153813
-64.466095
116.87323
313.78635
-110.3657
63.535263
500.80112
-28.148233
296.46936
37.668953
19.69375
-186.4495
107.39472
-152.14462
-123.177246
-87.09962
-279.14297
-410.46213
37.471695
-214.26991
-174.26865
-42.70506
82.19464
132.96655
-66.72198
-6.597195
-0.13545513
238.32295
154.17192
94.68827
-283.57758
21.950916
-281.04965
-418.5481
330.05045
278.75916
-249.86687
-245.20737
-44.608864
99.47189
-329.72784
37.534695
3.7992222
135.26402
313.0369
-138.2612
8.759916
195.31612
123.955025
-361.72964
473.83093
-275.32837
-265.5442
115.05588
25.198372
159.14696
-15.661145
-330.04355
-428.97833
-71.62647
318.73145
-351.63077
-67.41101
-95.384186
-0.79444695
50.943394
132.42471
5.2906685
-248.83527
-84.1665
385.5856
3.2168036
-8.036939
-42.20461
-332.9089
-341.2404
-46.903233
-397.14566
21.773827
-92.82688
79.51112
89.16941
101.31659
-126.99553
-45.649963
-55.67407
-163.28793
232.55911
195.0088
32.10892
-80.39234
348.83405
-520.45953
271.8031
-144.44037
17.920073
-179.33919
228.25159
-150.43962
-75.82326
50.327713
-68.417755
20.39282
235.57605
-82.61264
-148.33276
58.508442
120.93451
-198.30399
-67.87014
-15.870661
-154.27489
371.3541
201.9429
-75.07151
-391.87527
-220.4966
21.589197
43.935673
101.09495
48.037838
52.318447
-37.529785
-221.53348
-144.58298
-45.264954
-71.17191
-14.921971
-100.92928
262.75903
-1.4998211
133.22116
76.77903
67.444275
242.55417
345.48138
-138.9489
-0.20061445
-8.058814
-290.25317
367.47354
133.66632
220.64111
-171.05771
-132.91846
-46.63109
-76.26605
-69.829544
104.59778
-0.56339455
314.84338
-25.652514
94.52194
-266.007
-377.20703
159.99168
330.7469
-27.133104
-188.21323
255.96747
165.41367
121.74727
201.15152
17.551445
-33.04455
167.05243
-200.5217
334.46536
97.45323
-125.1817
168.12614
11.747885
24.76558
30.342405
-58.195633
10.760193
-15.691614
32.75573
-58.200306
-82.71748
-114.7594
132.55676
-198.38075
292.43472
81.49515
61.088955
-277.12506
11.622677
2.057932
149.63904
144.70645
33.3173
440.04907
-96.59577
-153.7274
187.65077
236.43015
268.52432
62.79987
-497.58502
-48.03257
-26.818207
-100.94066
1.3636155
-243.09903
546.44
11.614756
35.81229
-186.34546
-44.34392
162.09789
340.5271
285.4485
103.66022
-34.584335
1.3331413
-82.63275
367.84003
-80.54592
12.729075
-172.79675
-63.024487
233.55763
331.49072
-217.71063
-240.63484
-237.1796
-16.4043
-69.41591
59.697235
-157.81699
150.7347
-64.24438
56.70964
-1.9832487
13.511063
201.72542
43.673676
-412.9152
78.22259
244.54756
