-590.2816
532.58777
967.61676
160.71582
1546.559
950.70154
-785.01196
697.00037
-116.87809
409.8158
-835.1719
-1292.6532
-1257.5365
-943.5611
-440.67865
-1740.2852
-1537.5952
289.8963
-209.96411
2115.1387
-358.77634
-871.82874
-434.22412
-379.61862
-1276.2686
-64.48461
-711.9913
-596.5645
-1544.532
-38.30997
687.2161
244.4408
1049.7653
2132.4187
1824.4893
1356.0704
-581.6783
-461.1586
-224.92632
-517.7073
-457.45084
-882.96893
-850.1262
853.3237
830.1008
-467.10294
-75.00645
-946.68805
-1127.3154
623.2327
434.66733
112.615944
-237.944
-1388.3783
2007.6641
-561.9608
2071.7952
-131.7144
880.9395
-455.9499
-184.33528
333.51218
404.67282
-1169.9485
99.00545
739.23114
-590.0045
399.11203
1787.3241
128.83734
-1092.8257
-365.92108
241.95164
-92.14903
445.19073
-1589.1321
-211.24411
-974.7999
-255.66524
632.1367
-201.2274
-784.7391
-565.84125
-729.3997
-49.462246
2470.9048
-1384.7891
845.487
1425.805
297.616
-129.99013
131.39513
852.5999
628.1994
-853.2924
198.90443
1468.7726
956.27985
791.08185
364.78333
-1047.238
603.9359
-1021.6421
-356.06937
-728.07446
95.48128
-209.71503
1161.9287
-174.69264
-632.1302
-1233.6395
1232.9504
208.00294
-652.60596
1118.6298
-88.70168
-441.28552
348.8044
-574.13824
-1659.6921
295.6613
698.78467
-18.63467
88.29395
-470.3168
501.4187
-825.92316
-1034.3489
771.7529
-763.6567
-347.9369
60.27959
-636.94336
-672.3433
-294.0187
-1059.9044
30.417118
865.8215
400.29163
925.18414
-515.32324
279.26865
-1489.2688
-1518.5161
-308.36694
763.40533
76.37631
1605.339
-297.82272
-658.6247
733.05084
1189.1456
-353.44034
45.15202
370.56564
-916.0357
-1049.3384
-644.68146
-2406.1252
491.67648
741.6162
-1550.4177
353.14566
698.24
1673.5133
756.94415
269.35614
408.26337
1144.4196
-1975.4088
-28.514471
-899.31995
-299.91818
981.3695
755.87823
147.47849
-206.2071
468.42764
413.29227
-1337.156
-291.85532
821.6759
-275.10977
-844.0306
-562.6454
-345.78708
1214.3676
363.8939
-1416.8784
351.8143
240.03976
-1102.5519
-27.795458
679.5705
-242.80496
-899.35455
1047.527
-163.79495
372.14313
651.4223
-414.30737
1979.9109
376.67633
1266.421
-297.90598
585.0859
698.4917
-652.668
-1215.689
-446.9234
-60.43089
715.46576
-290.23422
-2030.5148
628.47925
2670.2798
-231.84032
1247.245
-90.90138
-231.38562
-296.60666
218.26428
865.15466
-607.54315
-238.21506
203.9249
797.00305
297.1326
557.934
-669.737
-330.02753
910.2775
-225.5317
441.4214
730.06085
-1763.1704
-2111.827
1475.1892
-589.6793
-831.8761
-219.51099
574.89484
804.5535
-501.86267
1284.661
42.726185
-193.78603
-1198.3217
-1692.486
-1145.3842
-1051.5458
1472.7853
26.047157
1354.6138
-397.10242
480.30185
891.1099
26.464966
-483.36865
658.2496
263.9473
-629.47955
292.5031
733.3412
-305.5966
-492.02054
-215.94128
177.42326
1012.8753
-1759.4268
-4.7130384
-1295.0457
-555.9811
-1289.9474
391.88016
79.31119
-976.49054
1187.5381
1140.8958
1148.7488
-250.58261
-13.370082
546.6621
1037.7543
1196.0199
-1716.2399
-1465.017
-430.90878
1621.559
-564.86304
-399.53687
153.79057
-962.4869
169.65645
-929.25354
461.9905
547.3065
-562.2331
-1091.746
-663.80365
-561.832
-1365.2438
122.98147
-994.54425
-664.59796
-274.33316
565.3066
172.02013
-1509.4791
74.5902
-327.4213
-1433.9792
-189.57909
455.0021
-1292.1842
1929.1737
-851.27765
-631.18585
-968.9904
794.87006
96.080444
-233.34325
-1055.6028
-809.131
-62.604637
607.66754
1430.7423
-887.73047
416.69986
72.1214
951.10504
400.8074
-759.24976
790.3911
-1813.3739
761.1034
1143.6882
-27.349215
954.6023
186.57454
65.24363
579.8283
-650.98145
-418.15643
-970.7893
-266.6828
-146.45946
2324.9417
-380.21368
-129.25705
398.9866
288.04556
-1190.0643
1188.5814
-65.308716
-850.75
380.94598
-372.393
327.65668
535.52637
927.8677
524.40735
549.77625
-580.7731
-553.30176
354.8454
-994.0503
191.91988
107.97307
1316.5159
844.9779
-837.2234
154.80286
757.8194
-506.08026
-776.55896
340.31226
1005.48456
-179.37384
-1256.0476
-698.64136
-233.23553
-839.3716
1113.1691
-785.16144
440.93243
476.0568
-1429.6083
986.18207
522.62085
-1193.6919
-1233.8522
-928.43634
159.65265
-174.83823
483.42612
306.5947
1219.8689
-774.4644
12.318073
627.10754
-1504.3169
841.8835
1487.4183
-672.79236
-400.0841
-411.0466
-30.581902
-2772.0708
1660.3231
572.73987
-1132.2886
1616.3184
320.2091
1046.9811
-911.0881
-668.2643
1163.9434
857.01196
-734.03064
467.6119
1311.6752
38.220585
-166.35728
26.991924
-637.67413
481.12036
225.7065
-1324.5511
-1336.0902
1523.7091
-6.1147766
714.7469
-755.76105
-737.82324
261.0561
-298.28793
-131.3033
-1805.1646
-364.03387
-720.4396
1300.7423
-34.2404
-383.61823
-894.5581
-1249.0566
-1889.5475
207.8861
514.33844
-1230.1569
-1219.0985
1359.9093
548.2336
335.63885
1693.0045
303.46533
132.83702
829.9937
-880.88025
-96.21964
-223.56334
-788.5335
476.85318
-24.538134
1478.2533
-27.87782
-1916.2549
1649.6273
-431.9591
-192.00032
257.813
229.83812
560.9271
446.58405
1521.6469
-671.91724
824.9074
2558.21
-1120.9694
-890.7971
497.53647
455.55118
-1240.4722
67.30121
-480.50867
-520.6008
-558.88983
1295.8788
1682.1548
1328.7703
420.09174
1607.3508
-48.882248
-636.9865
435.7891
975.95715
70.578735
-161.48955
428.7412
216.59438
-135.1429
-431.80978
-467.04794
838.1605
-2.9554257
23.504416
215.52298
-471.31857
-1047.4125
1654.6178
-1162.4341
-1010.1746
-191.377
-320.53928
1588.085
679.9887
977.7809
-319.03525
766.2324
575.11755
590.2983
635.5824
-223.94524
-521.0855
679.8819
-804.25885
415.0568
1501.6272
1521.188
1936.5548
-1566.2386
697.2699
2051.0146
425.28497
-319.54434
-575.27905
272.9932
631.1014
-920.1477
2149.6685
851.1947
-1300.1729
-134.46248
-1718.4855
812.4478
1497.401
-1373.4075
71.905334
-1207.7183
-393.9729
375.6444
-32.846893
253.86035
-976.0504
-646.54895
-1.2410429
273.1924
1162.496
-936.193
-1138.4022
1082.5023
-2059.004
883.0936
1424.3191
-739.06836
252.6967
257.34857
-320.1992
1044.8005
-118.07389
-108.259605
1102.2823
1461.0731
-352.24698
-404.1095
-168.73004
886.1445
-304.29398
-866.13837
1198.9688
-13.806897
-589.78595
1629.5662
32.11365
-1402.8258
-693.359
-1337.3264
-740.4508
-1755.9209
560.8001
343.63895
280.51395
104.19734
-308.51
-1080.2439
1282.3223
-697.59766
-1763.6975
-57.02109
-453.3247
1245.8875
652.15967
-105.086006
761.49164
-658.32306
627.098
75.799934
-931.1514
-242.31912
297.5365
547.71155
18.106888
187.15176
744.54114
-306.11096
-580.7429
58.037075
88.194115
744.4511
747.49506
-701.21954
-531.4035
235.85959
557.6186
-812.92285
696.38196
-1106.7106
770.7911
769.0225
-1277.8713
-61.89267
-2285.9902
-583.4935
644.78705
806.78485
-950.0232
191.9101
-1024.015
1385.818
6.8056493
-685.49805
572.82355
-1069.7905
739.4353
1265.0193
-3031.603
408.5358
386.84955
