-903.19275
417.6339
1438.0029
462.216
1186.6547
1266.9894
-619.6662
825.17914
466.69223
347.00317
-678.0427
-1288.545
-785.79474
-908.2561
-119.12068
-2032.2693
-1819.6456
173.07608
-455.18658
1840.7386
-1117.8718
-1044.2257
-293.0441
-530.8315
-1033.317
369.1373
-139.58577
-204.0943
-1962.3888
202.5613
647.15784
307.43362
1177.8572
2489.184
1511.9719
1273.3503
-599.8218
-173.2157
-206.45912
-541.84076
65.50426
-1681.5045
-660.76184
1551.0068
1020.0274
-698.65906
-292.1394
-515.9696
-1515.0056
639.5552
960.1231
124.86771
-80.55284
-922.08923
1891.6707
-987.11115
1761.6913
357.44534
470.79913
-220.26802
-156.217
189.8632
-154.8227
-1613.6759
-113.2159
929.3707
-1212.496
194.06776
1738.7272
94.486374
-1119.743
285.39023
26.482191
-287.64993
371.41394
-1113.3429
-191.40082
-946.27344
-717.0366
786.22107
-171.65152
-1271.292
-550.87024
-203.1608
-771.0427
2698.5144
-1699.5083
823.5389
1965.9551
658.11273
-1150.2689
231.60318
797.4332
786.771
-948.2173
-91.347084
1670.0033
590.5913
738.9006
525.8228
-1209.3524
297.8488
-873.41736
-253.93546
-806.1462
73.80021
-262.67767
1212.2368
-80.20475
-718.3705
-1164.4485
1508.4542
-484.6068
-261.7294
1330.9922
-124.62072
-825.6662
424.32486
-536.1187
-1635.2198
896.38605
349.8213
512.90594
259.0171
-560.3369
-106.70186
-835.3263
-1221.2391
495.13187
-765.9729
-1200.2196
-673.85394
-1088.0026
-428.84116
-252.31844
-1227.6506
-115.32241
1087.7246
78.52504
1049.3853
-1064.7919
358.4372
-1646.2129
-1102.8793
-562.3643
373.833
-200.61322
1580.8988
-677.0761
-595.7027
1442.8599
1708.9688
-613.8384
328.52292
433.45572
-1017.5438
-1004.0154
-919.1789
-2607.7488
203.75159
536.2055
-1949.2213
-269.55142
734.42883
2009.4574
1464.0264
345.31363
531.9357
1749.0049
-1567.4618
-27.044203
-1640.1844
-870.71375
1161.3771
835.173
-205.93878
-280.78366
262.76804
852.8509
-776.59845
-198.95305
1009.63477
128.0577
-498.68512
-865.1991
-907.99774
824.9789
415.53043
-922.2499
-74.740585
12.064508
-826.12616
-136.87527
1056.4105
-224.9317
-997.8266
1320.4078
185.36095
378.71445
329.0232
-725.0964
1490.2015
626.069
1016.37616
-6.567825
574.15283
1845.2816
-714.56134
-1610.0504
-138.69186
188.73013
815.86646
-771.50385
-2318.284
-20.359898
2914.5544
542.73303
863.489
-171.91753
-379.9786
-598.7857
469.78214
1418.4146
-263.82898
489.65945
612.33014
933.3186
-126.835754
200.62643
-280.88348
99.471886
1096.4204
24.137394
-102.13211
693.5174
-1067.247
-2432.9414
1539.2996
-613.68115
-486.00485
300.24228
830.1285
361.0279
-859.7797
1201.51
-119.27286
-186.30098
-1173.8871
-2002.444
-601.04987
-504.2813
1902.5519
175.2853
1713.5756
-649.4212
335.36566
1332.5082
497.27808
-611.23376
905.1809
758.37384
-1895.9404
-88.776764
1126.94
-305.4676
-404.5942
-203.5303
-235.05653
1418.2544
-1935.621
590.1236
-1300.1656
-684.1702
-1955.319
724.7705
29.586372
-944.58954
1487.1768
1295.7606
1137.1893
-186.37186
229.40869
768.7994
1127.0353
1421.2214
-1948.979
-1858.2006
-1070.0505
1762.7289
-118.61384
-360.3129
-16.881874
-927.59064
249.5332
-1477.6748
-9.418975
586.35175
-612.48175
-1610.9581
-719.6533
-987.2155
-1608.7535
354.1966
-1235.2112
-857.8927
-10.701057
831.0158
619.7338
-1468.6107
-180.81192
-272.75052
-772.79254
-128.13739
883.38275
-1502.5898
2416.1716
-768.39856
-399.2102
-1058.515
268.60666
-236.26144
-501.59296
-625.1993
-512.26654
-30.172071
541.64197
691.97046
-853.82806
609.23755
673.9004
1024.8964
119.56325
-713.31494
908.96484
-1376.1456
773.8471
1495.4259
309.27933
626.0136
-235.48332
268.59378
982.0026
-774.0711
-726.31104
-1253.9843
-656.027
-157.29259
1734.958
-134.88249
187.07562
184.79376
412.46408
-1426.7622
1473.0581
-196.70937
-953.4724
-67.790886
-597.41614
280.73535
-96.63781
204.92584
388.4528
559.59155
-674.3183
21.263577
-65.11511
-1213.9098
284.50665
-481.9313
1428.0317
1009.1482
14.962362
628.13196
1074.3988
-1029.8617
-855.1769
0.7189052
309.97012
-204.10497
-631.21295
-966.48425
-384.39655
-944.4582
1810.1261
-320.3309
526.90857
895.6119
-1075.0127
558.4968
444.9564
-1176.249
-1177.2404
-570.95496
-277.929
-24.948105
297.45297
384.0904
1648.9778
-436.58405
-475.0754
418.2088
-1157.7966
446.86014
1703.6664
-190.58372
-225.54164
42.30451
-628.3653
-2771.4758
1760.7682
453.91962
-1004.73566
861.4615
617.402
1286.9005
-566.96075
-569.34534
1516.2941
634.4192
-1081.4478
625.4222
1342.9082
-556.2015
83.670746
8.729053
-31.654903
759.0789
-113.07166
-1657.5356
-1074.7943
1663.3422
186.16304
966.7726
-753.49396
-215.16183
344.71326
-715.81177
-58.97538
-1719.9266
-617.42126
-631.64856
1302.705
-579.2964
-699.9871
-1207.4017
-719.6173
-1574.7217
-63.628246
715.3915
-1564.5863
-741.54504
1446.9877
437.4795
97.03391
1125.5016
328.24847
119.964134
1314.3319
-685.0401
-475.1662
407.45456
-889.4981
325.02362
-464.1842
1259.6696
238.86343
-2498.4402
992.7601
-377.9158
116.89367
209.03142
-6.43968
317.64163
471.89975
1284.8289
399.51477
1214.1289
2715.455
-562.35205
-1049.5951
603.0894
63.622284
-1635.4949
337.33582
-866.621
-447.98352
-430.2575
829.57715
1819.3994
1674.7904
819.49274
1139.6407
-465.46948
-759.4158
212.63411
1130.3674
305.4503
-24.983368
288.6476
-26.772905
-13.644388
-122.92727
-128.26666
984.1577
55.52569
456.72028
-126.185394
-250.10417
-834.9304
1615.3065
-1280.817
-1585.0691
-61.251503
-207.64113
1680.5459
571.62286
1310.0887
-763.78723
723.3314
590.14606
433.24274
-34.58431
-421.35593
-556.74365
1484.5994
-806.85474
850.65393
1743.3761
1424.4095
1790.6477
-1588.9817
442.02597
2712.5698
180.10344
-840.0989
-635.84406
519.1141
799.57666
-1674.1256
1852.6289
1190.5138
-1359.2103
-655.8056
-1759.0388
532.7339
1131.1688
-1605.2545
-399.756
-1090.4386
-1.511265
447.02408
28.560577
26.22431
-1238.0807
-625.19073
197.6
259.71335
1082.1544
-193.71913
-1454.7205
1221.5691
-1780.7673
1127.2438
1426.3815
-765.5258
813.81647
715.78564
439.65054
768.23834
-361.54053
-12.895459
449.93436
1933.6986
-449.62854
-941.9868
-133.09663
667.26263
-241.83057
-716.53253
1368.8524
62.83838
-1110.0681
2226.072
-425.31262
-1476.4998
-611.7887
-1516.9948
-469.82022
-1736.7338
370.9462
373.81937
81.43163
-17.582718
-630.75726
-917.641
833.0095
-1064.2081
-1197.2799
369.7824
-422.94455
879.10406
-133.16096
-91.62699
653.1062
-674.02734
545.13135
171.29427
-647.1542
-391.6042
487.3179
770.31067
383.68286
62.732487
140.80008
-274.6473
3.0780387
-52.451
470.926
880.599
915.1415
-815.828
-53.65733
427.20328
599.205
-1114.7838
1080.5878
-1122.5756
1275.447
1065.4976
-1774.0874
-499.39383
-2135.0532
-855.29205
257.23776
483.51547
-825.869
-246.1264
-1320.2643
988.05426
-647.1598
-583.24255
144.63718
-1965.302
216.54758
923.0763
-2842.373
312.66898
617.3496
