-126.035934
365.70123
97.260666
508.28656
106.181725
-227.7222
94.252594
61.832985
188.72325
539.4482
98.41269
-509.3476
-333.94864
71.73759
490.47064
-258.73523
-195.04631
367.3742
135.0356
168.4987
333.66046
163.96825
-203.96336
145.49345
-431.37967
-207.19276
44.77479
61.97963
151.41098
-57.28048
14.455231
135.84811
-241.76929
507.64413
581.95886
268.54752
227.36348
109.18603
-444.39868
-478.10706
-168.17805
62.883595
340.06763
200.73592
327.59564
43.46024
503.06754
-146.96649
-100.52142
19.68218
-229.94226
140.50725
-41.210808
181.89453
-146.84293
-55.56282
784.1674
16.508778
-7.7676296
139.23154
-307.65402
-217.02034
502.22937
-166.6333
254.25775
383.9333
31.42879
356.96008
204.01515
9.482531
-227.21376
44.569954
11.174731
177.03499
-85.46479
-193.20804
-129.93387
-84.825096
-31.594501
172.46245
-479.55273
450.31927
-28.560421
-17.638498
-243.33742
300.31717
-53.90822
328.77408
410.7591
107.74785
459.33582
-90.33808
1048.7651
-656.89014
-512.22186
415.90735
-431.60938
-429.88657
241.93858
-80.25772
-411.83667
-184.18684
294.99747
-152.60077
-754.9401
-137.44003
149.55981
319.63336
-417.12628
194.61015
-474.16293
-167.44577
633.8725
-383.12247
197.73367
-57.033207
-45.442017
327.90787
127.59207
-76.47254
745.4793
464.44345
52.93241
-344.5858
-420.0183
176.02998
-611.43787
-316.6479
409.75983
44.755116
367.9163
377.7701
-399.4888
-196.50266
-270.30762
117.146996
539.6383
-365.67368
-279.13025
-231.8649
-170.52113
505.86853
-209.42592
-605.5351
91.234215
-81.79952
335.93332
-243.81886
-49.186375
-150.29982
-137.22337
11.640785
405.60925
105.40581
-268.53308
11.379278
2.644673
-109.5678
-455.90723
166.59584
-138.45268
-304.82944
-2.0879068
693.1289
56.72138
18.998013
-48.969143
-95.69424
88.4439
-312.94122
45.267006
81.080666
-24.00527
434.63437
-27.152405
44.739777
62.02865
432.65414
312.62643
-240.08008
-422.94028
-4.5955887
-103.84785
-456.38498
-611.14056
-10.528296
434.87738
-53.416412
-23.544302
523.6788
-149.15828
-106.958405
-77.93171
672.8994
505.19348
-571.1549
-110.25164
48.278786
-784.0132
92.924385
-17.811426
192.5789
346.27844
-8.282269
-60.890667
171.35204
-342.87012
522.80316
-610.5762
-73.27464
777.3042
89.86096
-905.2311
-92.51273
-75.86265
352.9626
-229.47879
380.9867
-233.21025
-165.42223
47.873356
124.211075
128.47687
-830.1967
-108.38073
185.57501
-127.68246
9.2599325
19.50195
-360.21698
401.0029
344.96188
-103.943726
-135.92188
503.05902
-272.93912
-41.180393
143.51782
-76.9461
-138.58374
17.671394
-86.56821
-212.1016
-363.8804
277.24664
-169.90794
6.7534714
80.4615
77.72561
-92.17642
-725.7655
156.9132
-32.17787
239.50049
197.50786
130.17133
275.3287
-213.8652
-484.40088
-76.446594
224.22427
-18.747019
-144.40314
188.22629
34.62285
-533.81506
-346.39465
-133.5554
292.42355
-557.9303
-160.07388
-144.10608
290.5019
241.81789
-229.26067
-271.44086
-38.901108
-44.84632
398.00296
6.019026
224.48729
-53.089565
-46.163548
-242.23271
87.05708
163.79953
-468.98383
-291.2733
-19.508402
-124.132835
55.336105
-319.11874
383.32727
582.3827
-48.423813
-42.299175
94.897484
-181.37224
118.65848
-85.88916
-304.80017
382.88663
-359.25397
-424.8029
175.67352
39.043
472.9523
-108.66481
-208.09909
-1.71678
45.671356
186.78574
-131.8224
336.61685
-508.95844
378.1716
-160.05331
192.15503
13.374733
-362.57062
51.540977
-43.922485
-1107.1671
-738.7922
-255.66661
70.26341
27.805033
-144.70558
-142.80193
328.04352
-1067.1216
391.23886
-124.319984
587.387
-113.892746
172.57945
-232.81567
-315.87408
-213.79196
263.35364
194.77765
-75.515305
-451.58307
-230.96338
-335.5402
210.31374
350.13046
493.67847
-293.85532
188.4154
559.5006
59.220512
460.09103
-138.12445
240.72563
-346.81363
-99.36964
320.89435
-394.02078
-116.91857
-175.11147
-239.31813
-487.37708
-164.0094
-247.62999
145.7803
-414.48016
289.91763
89.74787
484.72516
142.7201
-294.7284
166.22258
532.3688
171.4172
-260.6674
-584.69965
-122.802505
-148.60489
-483.2961
101.80377
-103.168106
-367.13556
-68.90368
-351.39847
157.49573
145.74251
-158.44667
233.7575
294.92856
341.0002
-85.93448
-96.06982
41.051895
150.42213
-42.754017
229.20549
719.5761
-309.66763
292.41043
8.5973425
152.06311
-13.900423
464.46725
-64.23349
-41.279118
-54.00687
-561.5706
-361.73587
-48.69713
311.56885
87.33381
329.53796
891.9644
-227.04454
79.72642
406.80304
-1.452096
-96.69296
-19.268984
39.397034
46.38359
39.245472
196.87932
137.52055
240.79564
-322.47665
220.31999
-462.29626
-43.35329
226.81879
-185.92079
242.98648
-19.898752
209.5432
92.863495
20.945232
-164.85544
-53.30519
93.29875
-153.73073
72.44286
231.28256
-301.23294
236.89496
-617.1686
161.2596
40.85803
556.55145
-104.0987
333.65952
-67.26212
-4.990312
192.34192
-49.896675
379.2828
-165.78893
671.49304
-242.15407
-40.15318
-215.18494
24.72329
220.0779
190.75694
-621.7581
-661.12146
-230.54732
723.05615
-367.34103
-426.47275
-479.23264
-147.62903
128.72981
278.0501
-289.3252
-386.84683
282.57098
442.98926
-248.45418
349.18912
-0.31575656
191.0737
-318.5914
165.8774
-616.1702
-69.85053
-67.78797
-164.43675
619.0796
192.092
-367.75403
134.17317
26.379972
103.14491
374.5321
-4.7892513
10.974191
-277.83047
-55.295288
-446.24194
375.82916
-153.98405
-170.68602
442.83316
-299.56448
54.973274
-230.816
-620.83154
259.69583
-48.21844
29.763132
209.38147
33.914196
-164.86891
341.3218
192.7929
-174.24756
67.42986
74.16337
344.52216
412.2261
-168.35979
-229.08322
-56.68206
154.92389
-89.67621
-225.17072
385.13763
628.9677
63.57852
-136.06943
-95.24056
333.38724
175.14427
-362.17117
-522.0198
294.27466
438.18463
-171.52374
533.45105
247.07108
-401.47855
662.07996
-102.85356
-121.05722
-125.81285
-431.8263
287.85217
-197.20651
177.38629
309.69522
-348.2577
-174.5399
-350.90015
-402.42273
100.041145
141.78294
233.07222
-26.178566
-289.1823
-73.39837
-643.13245
289.06833
404.4961
-41.135403
68.0376
517.25604
71.115974
240.4107
366.57492
-122.112816
-157.81303
391.29425
-348.52533
612.17883
45.94098
-132.62538
-148.7009
215.20616
451.45947
69.13757
222.43619
174.43272
-69.31048
-124.7177
154.48187
-223.04698
43.772995
-198.95308
180.69572
246.27452
150.67485
623.72876
-390.3912
-120.77359
10.204112
-80.438774
-84.22663
89.90647
465.75687
-498.00903
-72.32318
-327.7601
310.8938
236.7409
-309.3411
-0.7861998
-100.78685
-24.376026
-102.83574
319.51743
-170.16992
430.39014
-68.38409
169.7885
-98.215126
-31.321072
256.11874
669.2439
703.6261
-349.49112
-191.82475
-141.35988
232.09549
255.07191
27.967175
94.33256
166.7785
-550.10077
-249.98955
57.953354
-65.83045
-402.22888
-81.77328
383.73508
236.46686
125.16101
-449.5674
260.22833
94.85462
201.70941
-309.3643
-316.88712
-281.0717
245.10501
-544.9943
84.923325
-17.814314
