-155.19376
247.93579
189.80766
438.2384
141.9531
-212.49918
-31.575594
74.73205
274.91766
545.34015
157.92279
-699.493
-200.22772
183.79053
464.32523
-480.02603
-180.60262
185.5549
164.75662
151.68777
505.07855
125.26663
-156.61102
183.78734
-368.21417
57.078373
210.22244
62.537582
204.79922
-86.64398
10.660122
155.56693
-156.45099
489.09305
421.07544
350.44083
349.108
164.32355
-420.07452
-515.7783
-250.94446
-40.367878
574.8915
77.46446
358.58084
39.502316
581.6146
-41.061096
-186.68748
83.40698
-472.6982
153.34843
-73.09503
119.30476
81.69085
56.576397
644.39185
77.84563
15.778641
189.67639
-401.88168
-90.3653
526.90765
-192.9992
144.23512
253.44514
124.52695
395.6023
274.50006
32.531586
-219.6538
0.5051682
34.272907
52.516876
-153.73097
-305.91544
-23.802202
-193.14098
125.63806
379.70163
-538.323
405.53394
21.848227
-57.521294
-292.7338
292.37164
246.05804
328.27505
396.0384
129.31647
372.8259
-76.622345
1076.3309
-688.12787
-578.26215
555.23773
-439.0743
-216.96684
320.63733
-50.881638
-326.88715
-289.3425
316.79968
-211.12569
-771.69324
-160.44334
324.72617
172.26414
-460.64017
184.43327
-626.52924
-228.60837
529.47174
-452.54764
111.465065
6.5990133
99.9267
415.50107
169.74274
-70.91526
729.1475
556.10205
-30.643744
-508.70486
-257.0137
262.49667
-504.24496
-178.61893
409.22916
59.994083
174.14456
383.90836
-455.2436
-142.44334
-246.83328
174.05702
559.2123
-375.14972
-197.958
-447.59225
-239.60506
316.29514
-284.8724
-652.71277
87.83396
-38.646084
460.97046
-202.29869
-72.94846
-203.2158
-16.813427
42.20078
412.85187
11.480556
-274.77322
36.915974
11.598101
18.11147
-430.3178
51.565174
-146.45766
-289.56415
-40.59525
760.7502
-33.198727
-33.3372
-75.09457
-207.17339
54.351543
-147.51471
23.363646
213.78596
148.27658
398.92682
-170.26674
212.50111
177.06097
358.18747
209.37187
-266.70526
-412.608
72.84013
-248.63516
-233.30933
-476.30536
-43.528843
476.97888
-92.30238
-214.16289
720.82336
-123.46361
60.88639
-18.674088
670.75977
382.86588
-652.9145
-145.9942
41.77292
-628.193
41.190308
-43.10227
246.98569
640.0255
44.000927
80.90364
121.14878
-495.30374
501.23935
-715.2493
-136.98984
822.42615
-91.50983
-812.57745
-2.0319865
-16.431614
353.95248
-196.32257
421.15604
-296.66464
-265.65262
143.73401
45.78636
73.98544
-732.62885
-186.66084
-40.231438
-74.814476
309.1978
-30.384678
-307.59155
193.47313
377.0033
-32.54577
-88.892235
493.31326
-366.94168
-32.154423
32.048832
-11.53627
-291.3677
-46.581615
-34.215275
-161.63821
-127.561325
338.55038
-138.5333
23.430687
30.592506
-25.658417
-108.0756
-816.0165
205.44615
-21.501034
402.90424
320.17648
113.752945
389.24268
-157.92874
-442.16544
-28.34282
210.71751
-126.007355
-147.93877
303.3772
-42.286
-639.36053
-325.62067
-200.30585
108.17491
-592.262
-160.15845
-173.76869
292.63715
251.6728
-385.66342
-410.89093
-4.7650704
-101.47543
455.24103
-96.8511
292.82245
-130.39754
46.126038
-133.95934
38.385025
181.35321
-511.5542
-458.46817
-70.67269
-235.22249
121.064926
-237.21712
507.75775
538.9778
-153.58585
128.59277
284.77792
-301.84
135.35452
-202.60036
-260.13245
446.34445
-582.28296
-534.35345
97.886185
111.129974
503.8181
-256.20642
-247.93286
23.926838
-92.664024
133.98666
-223.22395
457.98914
-499.12384
488.0586
-182.15451
256.04593
-31.282722
-277.52103
-13.313272
96.42066
-1058.8019
-687.742
-258.95425
80.12861
20.087122
37.538567
-98.798676
242.13554
-916.47723
312.8914
-152.17757
685.76117
-65.737045
119.449936
-111.3193
-80.55277
-282.51907
480.6647
183.90384
-134.59029
-421.23254
-315.13644
-376.3472
259.374
322.64594
402.27203
-249.84569
293.88376
438.3578
6.9731393
309.6106
-130.24619
167.33008
-424.04123
92.49483
360.827
-379.49188
-222.28258
-255.16391
-204.45575
-269.18756
-140.39828
-187.42172
107.280106
-549.6334
428.171
77.375946
514.44415
134.11665
-93.02668
273.1776
633.4361
250.30798
-138.10695
-486.12997
0.80830646
-49.93523
-563.6831
203.52536
-126.815216
-296.2841
-126.46707
-353.60583
215.48848
13.265929
-348.50638
240.89609
343.37457
360.7012
-179.75778
-91.51085
228.12578
39.512196
-148.942
275.3564
645.83295
-334.03278
313.92325
216.57837
147.93234
90.34657
510.903
-97.83819
15.674538
138.16177
-377.49823
-409.7995
65.30199
303.1854
304.68872
211.67749
876.27386
-174.16235
82.67942
473.8025
83.84501
-42.96547
-129.16347
72.40573
-25.959965
108.8402
131.93132
93.98222
254.03091
-377.2067
93.77449
-362.16107
-207.84052
380.23364
-268.01004
143.20245
-103.23817
85.85704
163.03258
81.85122
-194.35287
-58.57667
66.57245
-98.21416
227.96016
329.16956
-232.8148
46.2407
-513.1228
214.19283
77.65963
581.6794
-114.68589
337.4144
-69.913025
-257.83057
241.93454
-138.41922
292.17453
-178.16162
781.9959
-175.4941
-159.63638
-99.541016
-14.928981
293.57608
219.16318
-503.631
-720.941
-95.814445
740.6343
-349.8088
-395.9717
-464.14612
-175.98366
17.095034
210.72943
-425.83612
-517.11664
295.3876
718.07715
-300.68512
152.53886
37.792736
267.86722
-432.71948
149.26865
-346.152
-171.62048
-134.07661
-216.2604
428.16464
211.09532
-440.79166
412.0925
-15.279125
-23.118647
318.68726
-175.17523
69.78158
-287.6865
36.63747
-340.8344
203.21645
-239.08301
-168.88823
222.4801
-267.79413
97.19717
-273.86935
-572.1
270.6942
-34.791237
124.33391
180.23145
-56.21452
-104.111115
447.59778
75.06226
-35.65894
146.13124
142.25438
333.30664
535.91565
-39.924637
-332.15594
-146.98796
198.09679
-28.228973
-190.98999
530.59406
505.08362
72.27762
-81.23387
-170.15224
459.35284
272.67755
-477.84195
-595.9332
364.87332
463.88962
-47.32215
654.5646
301.84534
-478.60333
676.2396
150.35973
-176.1616
-45.25822
-433.33978
134.57855
-112.63863
162.51373
396.57193
-364.51907
-127.376785
-416.40573
-587.59686
94.30195
193.43062
205.85655
-32.688755
-318.78006
128.02156
-815.8989
126.00553
279.2068
-223.0416
110.697655
687.0435
44.25287
108.21768
234.55232
-77.02285
-164.27614
416.75668
-253.97049
563.3146
-123.33077
-0.37048137
-95.780525
294.07022
407.84692
-8.283756
46.494602
232.39738
-75.08792
-127.80601
246.32373
-155.90305
41.062706
-290.7758
183.11928
239.43216
146.0759
509.46112
-264.02145
-130.66618
125.95338
-118.60085
-71.93425
3.3516545
326.33917
-624.0477
-186.295
-288.4181
288.42114
125.77858
-278.5977
164.14742
-156.33392
-151.29573
-197.54156
346.95303
-0.68673277
559.82056
-207.5338
29.314766
-55.48741
-144.10971
354.88928
878.8376
758.2244
-200.4335
-191.30984
-166.71573
248.96204
177.27588
-53.19401
47.0452
296.62857
-600.0834
-273.68817
66.38217
-11.838653
-498.0946
74.37011
474.83548
277.66577
178.63283
-469.48053
46.136093
77.39138
178.77176
-209.62633
-324.1837
-294.23273
266.44644
-533.62555
146.64313
23.594467
