-158.39462
656.1945
249.59824
481.63733
1135.4309
995.91974
-804.454
1039.5034
-184.49417
-87.4258
-651.0996
-1848.1273
-827.14777
-710.72455
-581.39764
-1349.0529
-980.855
478.68134
-53.875645
1620.9995
-341.04672
-1277.1649
-430.4206
-51.32555
-637.06226
-126.30522
-782.15686
-128.15364
-739.4967
635.00854
499.71124
-334.09705
386.2673
1478.7748
1444.7756
1040.0309
-50.31693
-728.80664
87.347336
-311.6623
-651.94135
-544.6259
-411.07922
384.5579
663.34076
-549.7378
-35.4575
-1206.1873
-855.6521
233.18193
-27.286577
21.029608
-52.66486
-1689.0806
1224.7744
22.264181
2167.7107
-103.97527
500.6254
15.960412
-265.657
-237.84059
544.6377
-554.0882
-494.00085
320.891
-181.18933
286.83234
2038.0835
-42.55143
-402.77582
319.3269
67.18534
-116.65003
298.4444
-1784.1848
-121.32706
-1400.4641
-84.19659
745.3032
65.72803
-865.2729
-1156.6431
-1091.9191
-529.7284
2269.6614
-1326.5214
1008.05133
1437.1846
747.6532
-652.7272
326.45837
1193.0939
490.40396
-539.10376
278.6314
1393.5934
1365.0197
817.68176
-208.02953
-1328.714
691.1251
-971.07074
-565.3629
-736.1321
-101.923805
86.64935
1205.223
-556.9791
-849.32825
-1291.1472
829.22064
24.777866
-266.47256
1059.1516
-23.541687
-596.4181
794.81793
-355.9241
-1643.7758
325.4199
865.1001
403.82703
-144.10297
199.42653
1023.7701
-663.72546
-708.73224
898.14374
-607.8964
-335.20334
-21.526468
-730.1467
-980.28033
-61.59331
-641.942
-269.17758
392.3255
243.7243
830.33997
-634.35486
503.50427
-1894.0042
-1148.96
-659.31146
1315.4917
-18.216408
1546.4208
-98.97296
-396.70734
846.8625
1362.6869
-140.37312
-342.12396
327.81906
-260.33417
-180.09143
-323.03674
-2281.0525
645.65234
490.48593
-1497.0862
-9.449304
57.853542
1750.7867
933.6966
-42.540924
-114.44444
612.2962
-1445.3406
-624.0495
-176.47905
-161.52104
756.0174
496.68375
689.0419
-151.48056
457.22888
305.19992
-1052.5085
113.90639
558.0069
-4.468211
-532.9808
-296.18408
-200.93549
1102.2369
-486.16547
-1108.7281
215.41042
190.57768
-732.585
284.35324
744.63
606.40955
-633.6675
1096.4244
-421.51126
606.3573
247.08076
-197.74902
1326.7119
105.46969
653.32654
152.32968
868.13763
319.9701
-764.3182
-1512.6644
-837.42334
-515.711
179.63101
-1009.3739
-1732.4777
596.7506
1555.9365
-431.4934
1302.503
-50.189274
-678.7872
-39.84949
179.0231
-23.505314
-648.62274
-329.42245
565.43207
513.19763
326.67413
1382.4379
-651.9728
-311.39468
941.07886
110.12929
494.95187
743.53046
-1165.6456
-1473.5072
1146.3462
-574.9441
-434.55875
350.70773
978.17126
798.14734
-350.98007
1567.7589
-84.37114
-219.12047
-834.32715
-1551.3773
-1062.1794
-1192.0009
1263.9912
377.13608
737.4254
-281.4065
621.25806
1039.3124
144.10385
-1064.3842
1099.6074
71.9402
-452.6959
624.215
795.6306
-389.11493
-743.2887
-92.50647
23.106056
457.61285
-1178.6287
504.0898
-1570.4691
-170.64929
-1340.4083
222.3248
305.28537
-880.59674
1088.1434
1257.704
1107.5183
189.60362
162.761
479.34433
1019.1314
1442.655
-1128.2236
-1501.7346
-1127.1371
1338.3557
-426.2862
-63.3952
-143.64162
-602.1932
738.6379
-795.645
85.84674
-148.91055
-205.04506
-954.88086
-392.56036
-847.3558
-931.825
95.55358
-577.2917
-665.6256
34.096405
455.91708
-346.87375
-1483.3829
-161.99075
-436.2787
-1576.149
-384.15887
399.4286
-559.22974
1119.8627
-899.9372
-885.801
-952.77563
488.80338
-485.25467
-19.320446
-503.57263
-215.10469
73.61491
432.5011
776.8793
-490.34805
593.58276
-434.65112
530.4387
-43.639935
-344.79166
461.15488
-1088.3555
714.9291
723.8121
-7.4712462
374.89664
526.2642
750.9698
546.26025
-442.14236
-485.63272
-493.9321
885.5105
100.844635
2217.8123
258.09573
321.14462
164.85475
392.1506
-533.63666
484.22864
287.8725
-575.46173
57.410397
-5.873682
-392.19296
50.344284
1022.7389
371.0889
226.66812
-683.987
-616.5574
182.43504
-694.35
256.7365
-182.97421
1878.4235
626.75104
-1121.311
4.4081216
576.82916
-13.44288
-546.37463
281.74948
1423.236
59.459072
-1641.9635
-91.36914
-275.2323
-587.9898
863.4429
-846.4341
455.21906
-289.38312
-996.3865
643.54004
352.467
-1004.1123
-1450.3616
-748.1524
498.00497
33.837646
478.49356
215.8935
497.1068
-748.5695
-180.08853
899.39185
-1439.2513
865.43774
1348.4307
-991.3142
-32.815674
-1037.1056
43.31628
-2675.1782
1513.9811
672.9049
-853.4422
1611.05
15.358295
590.3617
-359.1797
-717.0526
894.4819
768.10004
-745.2477
271.15753
1182.2355
757.70776
-76.16929
303.9945
-311.77158
510.184
-255.96712
-768.62317
-1186.2216
995.18054
-184.23691
758.9236
-223.06068
-504.6747
439.59473
-150.4461
-195.55981
-1447.7357
247.64093
-322.75717
1434.2007
31.869644
-136.09827
-656.3426
-1046.755
-1397.4933
164.96066
661.9282
-668.4343
-785.07837
1085.9313
600.2582
519.1866
1680.5769
-330.94922
196.69888
816.56854
-694.38293
-169.77641
51.92022
-411.32455
255.37494
609.34894
1135.3547
-5.7642465
-1767.2982
1174.5325
-366.10336
81.54627
-645.0417
649.1082
392.29565
31.42999
1550.0111
-437.73392
440.30832
1879.3806
-1365.6666
-1004.46075
198.56615
704.51575
-1094.6256
329.48972
6.997674
-783.9228
-1013.5176
1456.5143
1866.9878
1332.3048
-237.64156
1546.9591
114.2596
180.97238
599.5709
860.66315
14.090499
-389.33105
268.1633
3.3467293
-117.76579
-649.80975
-738.50635
683.38043
-813.50305
134.83534
13.312847
-251.59702
-1293.1158
1471.2168
-786.4958
-980.69293
-528.5681
-690.3608
1287.854
-103.86163
585.5716
-404.9829
605.14075
295.1745
1014.75757
869.41907
-615.68634
-544.5157
441.3852
-453.73898
338.6762
1439.5068
1563.697
1383.2439
-1116.9973
591.3794
1931.6172
487.44647
-43.069748
-242.43948
703.50354
725.9761
-797.7997
1850.5652
376.97543
-1117.4982
58.61151
-1419.1101
1052.9904
1421.0117
-829.8377
155.13411
-959.02985
-217.56923
572.59546
198.27473
329.888
-187.37204
-927.358
-260.99567
356.50516
852.3424
-988.46204
-215.3735
1346.7963
-1752.9877
943.82416
1295.8422
-461.4664
136.78957
352.7657
-434.5134
665.205
-27.826221
156.33098
1349.0837
1205.6869
43.424095
-16.360464
-400.61102
633.5083
-811.44305
124.34594
1278.8899
141.46233
286.1011
1789.4911
-111.27135
-1163.9985
-700.8055
-1510.7765
-735.26855
-1442.3881
819.7427
611.05994
425.1134
173.59866
-538.9763
-547.8972
1382.861
-941.33636
-1821.4221
-384.4322
175.72293
772.7208
276.70233
-465.68417
1161.1283
-474.12024
327.3471
155.03282
-792.82886
42.28298
-280.72568
1152.8591
334.1211
794.9454
402.13956
-435.9383
-221.74959
51.186295
414.3406
819.41925
991.58105
-636.955
-355.7892
226.39618
465.78476
-626.9909
1127.1244
-1098.5758
275.5519
475.49185
-1333.978
-700.8648
-2068.9224
-793.2667
661.59265
933.28253
-997.684
268.71252
-695.2062
1366.292
424.03952
-746.7761
170.59483
-1233.7777
-328.6941
587.91943
-2364.941
221.64476
44.64144
