-396.79688
708.25214
65.59537
239.28781
694.1999
219.29684
-230.27701
516.3861
-62.85766
-65.07706
75.536385
-1531.6998
-179.15637
-538.93024
-191.35738
-982.5176
-61.738903
788.42444
26.43571
987.0067
-96.290245
-1413.2766
-87.48508
-22.846926
-338.18866
-196.80128
17.600222
-194.08128
-544.66223
272.8419
-158.73126
-197.1509
14.491702
1221.3605
685.1104
901.7259
665.56915
-70.39606
-338.9034
-273.09207
-696.964
-451.46884
-206.93994
-292.2682
516.6931
56.294533
246.67499
-607.1189
-616.3388
427.9536
-233.03198
466.5281
152.57744
-422.76352
877.4979
370.68747
1757.6813
-805.56665
-233.10802
-272.71063
-112.05932
294.87436
60.597763
-4.536015
-436.63742
-34.28011
-550.0849
146.14229
1681.7509
95.33084
-178.42609
65.4552
-356.96054
209.37651
353.6336
-616.30566
-470.2
-677.9777
8.749072
300.11472
3.229899
-229.85764
-870.64935
-789.1335
-957.7672
901.89813
-1055.3103
1007.7163
1219.4766
628.4769
-479.57706
417.35083
1204.0669
-572.8748
114.32234
66.953026
600.5912
851.27106
658.3556
482.0381
-794.33704
-332.8925
-696.85706
-497.4709
-1245.3624
113.9184
1164.3883
1194.8606
-0.12202661
-348.57748
-781.8611
127.00724
340.53763
12.625252
806.436
143.21358
599.3329
350.15512
246.73329
-1324.4965
982.41016
112.931885
73.0543
-374.04803
159.38318
248.44327
-627.5582
-461.94324
759.04834
-206.12622
-87.15205
600.1092
-1017.1952
96.29693
-452.35004
126.17973
-399.0362
167.1734
374.2564
-44.768513
-78.44643
-143.62833
-1753.6675
-1096.7623
-774.47833
1167.8416
233.87642
631.27374
238.57112
-392.71988
897.307
682.92224
-280.86926
-276.66376
-19.194807
150.62175
-561.6691
311.8459
-1677.8126
187.89621
920.4099
-1098.3315
171.25908
-336.06265
705.837
781.707
-616.1917
382.77176
454.5933
-1242.129
-405.50848
-79.23176
-115.70267
511.35214
515.2373
389.2046
-132.5624
1077.4099
288.22116
-900.9443
264.14667
288.22806
-528.83813
-255.66681
0.88520825
-1232.4564
962.83
-439.75873
-1087.3253
1258.0695
174.7965
-1093.0312
214.0592
1440.8811
458.8107
-339.52487
278.70273
-321.93683
-106.930954
-636.48285
-169.07104
1323.1288
282.52365
278.10458
-272.3426
46.339306
-9.323226
-344.46353
-924.478
-548.90045
171.91112
-113.62795
-1001.411
-356.2037
1160.6621
1597.14
-630.5672
1234.8197
-134.44865
-227.55585
-12.248375
59.17933
452.12964
-1211.7892
-883.0725
1083.5773
-479.4938
465.9259
1141.3419
-393.92532
-437.65982
1014.718
-490.27747
-124.44305
188.35014
-752.05115
-231.50737
290.61383
-937.669
-200.58577
-388.77072
443.29727
608.7543
-410.55862
929.9861
-750.2609
-412.0923
-88.94724
-1370.3376
-5.2939553
-662.057
1108.7921
309.5391
638.76526
241.32419
43.098553
408.28082
-279.11813
-201.59393
623.4759
393.12466
-470.7278
-119.868
247.41641
-627.43823
-457.84668
-307.63284
-155.42615
-361.27795
-689.8101
-218.24042
-1094.9335
582.99084
-466.39172
33.79679
-149.68166
-325.99323
484.78625
926.5771
478.88687
-125.534134
436.76236
760.8963
122.73987
716.77075
-270.82944
-1251.8297
-981.3111
653.9964
-299.75156
566.8029
-27.294147
-375.13443
520.3341
-623.40796
-214.59822
571.84875
-498.55377
146.36063
-219.60782
54.69634
267.55637
-436.71954
-1326.6287
-682.9045
40.92936
721.24304
-744.4961
-849.31726
-391.84714
-502.37192
-413.88464
-226.0077
376.53552
-815.92505
315.99472
-630.45636
-1013.8351
-532.2656
28.32117
-411.50702
196.99625
-623.10254
427.34894
-160.83356
879.9309
759.09985
-548.9619
-50.712128
564.77155
-541.52765
239.0704
-235.91574
1077.7069
-1089.6395
548.4529
599.8173
-330.2098
528.598
1381.887
247.39857
-139.24316
-1362.5818
162.28438
-1127.6168
671.2253
51.479122
1413.7395
231.06062
919.6661
67.97922
721.66754
75.88722
-507.15012
266.5681
-351.61484
-51.67438
76.138145
-744.1425
194.06827
257.77722
-322.15915
279.37057
-526.9796
-829.7033
142.79068
-927.0463
348.33987
-327.5191
1211.6074
159.43184
-337.0435
546.7851
260.97052
1279.445
-654.36176
293.74158
1190.0176
110.34238
-1151.2263
462.27905
-532.8717
-560.0639
-105.314865
-908.6062
259.7684
-200.04922
-1104.7085
315.8638
807.3983
-222.30876
-186.29314
-431.4157
463.51337
384.88486
-259.42618
95.15574
663.7197
-1092.1642
485.49185
303.01865
-514.1118
580.0552
799.3705
-268.03424
12.69822
-656.3688
-274.83313
-2587.5654
993.23883
478.04788
-174.83311
309.29147
717.17926
736.4072
-702.08234
213.17316
179.65091
-102.93706
-782.85767
87.51504
208.47906
423.4946
81.74372
830.3193
248.91309
75.92644
-466.12766
-824.6782
-683.3284
861.5626
-732.4642
77.64097
-713.31116
222.5887
751.6663
-799.82623
5.689005
-509.20743
-176.95107
-341.55862
560.72015
598.0047
-466.49997
-235.98567
-731.2994
-666.0222
14.926214
777.9055
-394.99265
-360.29294
800.8267
-217.24356
369.136
766.643
94.147644
-824.502
289.10117
207.37057
-426.56784
536.12317
-323.80176
-84.24604
1183.6292
685.3856
-85.03766
-1580.9115
450.76422
-175.82825
-148.61948
-706.3628
-323.9384
146.02773
585.2924
786.1441
-731.01636
243.78645
1113.6238
-579.5229
-675.1165
604.7407
548.3098
-931.22906
-141.97319
144.06458
-776.28217
-958.7193
770.12744
1376.0702
512.6496
-357.29236
1005.03546
551.5444
-35.400745
-272.6387
-316.02676
42.65613
-135.26405
195.48103
131.70445
683.45416
-558.6117
-1193.3894
607.44495
-367.1901
143.55838
-373.87396
-78.107574
-684.4438
173.49503
-583.9107
-227.33435
-401.32547
-924.4044
774.71844
-740.5958
277.31406
-173.3084
829.8084
243.07954
1054.7349
559.66675
-483.56403
-464.99603
193.02142
-667.92505
-692.4111
1012.13666
902.7988
595.648
-977.23004
452.35904
1486.5074
233.62564
-82.69037
233.49458
9.997583
682.54816
-908.784
1397.1796
-500.0671
-587.4941
-391.3878
31.168438
237.09267
1172.1986
-375.446
-382.97128
-911.602
324.41324
306.0241
597.9752
139.4845
-36.734818
-1047.2378
-134.36229
237.39148
381.83902
-441.22214
-68.85338
1433.8407
-1502.7344
710.2722
847.4565
-959.4653
367.30075
427.55536
-652.86084
528.8526
-513.79346
-587.25433
790.47675
389.87372
976.3171
30.038614
727.2937
510.3898
-165.15045
-106.22303
250.29271
421.3538
14.869785
883.89856
-7.712375
-1510.9221
-381.36884
-1180.0936
-596.69714
-1872.9285
236.8885
-101.48016
265.7537
520.6573
-311.72177
-566.0697
630.2215
-325.925
-1608.7388
-227.32288
392.24762
43.328056
53.457367
-666.9635
993.46594
-723.4252
-151.91678
949.176
-913.4049
-225.53673
-570.2744
1155.4137
-107.90271
535.4079
354.67242
-370.6787
-467.94885
249.85335
508.31464
907.63837
1034.3376
-216.38837
-546.70044
459.84756
85.638374
-928.2969
48.96494
-735.4523
666.71747
-376.49234
-518.80396
-564.09845
-910.03674
-630.757
744.35767
649.02765
-560.29956
330.34116
-816.829
1051.7668
316.1965
40.123886
36.464493
-406.65942
165.01585
620.81647
-1726.6958
310.5476
-140.16644
