362.22003
807.418
1.7066557
373.1048
856.0006
771.7612
-222.81229
842.69305
223.53693
-152.93787
-3.3224921
-1597.234
-520.6674
-848.35736
-369.67264
-1204.4277
-218.36348
1083.0421
-107.8036
1437.9843
-53.73666
-1666.5878
38.14383
395.0163
-492.5742
-627.74896
-330.6902
65.90474
-411.67957
248.83803
94.73087
-437.99826
-129.4519
1466.6647
771.1779
676.41736
203.55405
39.00271
-71.32473
-5.7772217
-726.13464
-721.9278
-198.31696
764.6245
242.21707
-505.27435
325.14832
-757.0231
-1091.8362
296.57904
-13.680414
507.41742
101.49129
-438.96024
1361.9784
410.29214
1937.2372
-820.38556
129.3271
-33.573223
-243.72878
60.61795
413.94775
-426.07877
-509.5993
334.98294
-805.51935
261.9676
1651.3865
-294.26874
-500.25235
376.1016
-61.786613
40.56365
20.92518
-1460.325
-629.7909
-1155.7146
-135.64735
324.75916
-147.73203
-673.857
-955.46094
-1152.7689
-561.1645
1304.344
-900.6263
1087.3447
1428.0576
788.1943
-797.3803
492.7843
1098.3209
-330.26904
152.66039
-294.67902
915.6338
1216.358
940.8025
118.936935
-905.28107
-327.22864
-1222.0088
-831.15405
-1423.1007
-91.13575
229.07295
969.7424
-118.43031
-589.0329
-822.73065
264.89786
389.13315
291.6531
984.646
-4.5889935
113.845924
487.87482
-251.80008
-1494.1447
700.93195
301.42197
102.19794
-109.75212
370.0301
640.90076
-385.93207
-578.44775
992.5311
-76.03353
110.58878
241.78238
-795.35834
-558.29175
-94.60296
-196.41428
-555.11566
340.25226
540.8572
-125.593636
-54.576477
272.59433
-2004.9772
-1442.1423
-416.2573
1078.4672
74.83477
1172.442
73.59921
-524.66437
513.8159
714.75824
-80.478355
-463.5879
232.40134
27.245213
-551.9254
260.73288
-2546.1365
701.8218
1019.2682
-1180.3125
78.70658
-234.07181
1570.353
358.93784
-683.98816
63.579136
239.27255
-1289.1708
-608.2919
52.261223
35.965744
851.31116
581.0274
354.7557
-75.6963
1054.2201
517.70557
-1202.9513
76.73751
428.50687
77.43793
-523.68567
-246.07103
-622.6043
1317.1655
-577.7666
-1054.9688
1057.7438
141.71658
-1457.7937
337.89774
1240.5812
614.3113
-436.97333
766.93475
-547.3629
83.70648
-84.59842
-360.79254
1317.1244
292.1385
864.5616
-175.8634
45.978523
289.47128
-564.72406
-1934.0712
-873.31647
10.971845
-571.69977
-818.3795
-964.66266
920.8554
2094.499
-435.47565
1455.6953
-183.32843
-235.46004
-371.69983
61.880436
418.19315
-776.25275
-661.7204
1209.171
-155.49405
206.15796
852.3894
-325.65192
-269.13837
789.3734
-197.39854
267.8262
536.62555
-1077.1997
-745.14923
841.06287
-1185.554
-458.5037
139.02686
499.76987
1046.513
-389.37592
875.79956
-101.20913
-354.7151
-392.42154
-1238.2114
38.60813
-699.6915
1408.2202
639.7912
1145.5773
529.1503
373.76135
1047.5343
-438.30975
-750.5839
930.8643
371.2128
-614.12177
145.09271
373.12018
-837.2853
-779.0631
-157.24147
63.6118
-558.2572
-838.6664
-74.863716
-604.4928
196.80196
-1206.8353
343.95026
-448.3214
-517.73236
238.04642
1255.7539
870.9016
12.626015
163.95338
555.7157
751.2489
1285.8661
-539.7703
-1311.7014
-822.8558
726.35284
26.215488
569.1875
16.357769
-22.681772
539.85535
-787.51337
-262.38486
208.6337
-665.0579
257.9363
-430.68915
-256.84082
-110.58005
-163.13397
-951.26215
-384.5017
-699.9546
497.6835
-426.16818
-771.4159
-172.08708
-644.9736
-940.09656
-169.14746
207.26674
-780.16833
372.6108
-812.6251
-1029.5138
-523.91516
297.72696
-629.21686
149.5949
-174.1379
-86.442055
-229.00401
765.8699
1047.396
-775.40533
-142.84204
-200.61407
-298.57773
57.66086
-30.612017
545.6178
-939.4738
917.31226
979.26483
-584.08295
740.2994
766.23944
500.61768
-22.403212
-955.4669
89.443596
-884.7676
630.18884
55.169853
1336.9043
181.03467
1099.9467
-446.4182
789.3998
305.90082
-156.67464
96.91337
-660.96643
320.8765
-108.55592
-690.611
58.017403
746.6628
-351.52475
218.0824
-662.43365
-810.96387
322.33957
-645.7886
-97.553375
-243.08228
913.508
361.8573
-692.90686
26.518589
252.97304
761.17267
-754.5171
742.31104
1296.5923
137.0193
-1090.2747
-104.74553
-727.7807
-661.8275
269.42413
-999.59595
576.3801
-60.547836
-900.8842
551.7088
201.37778
-291.5582
-809.06195
-528.87286
274.75375
462.2378
33.97862
306.05695
418.58444
-930.9129
629.32355
710.00446
-1261.6752
399.5414
765.7375
-173.96382
-209.47195
-348.24597
-392.0394
-2657.3816
1189.283
622.9161
-187.187
565.3721
441.5094
751.0294
-932.26965
-456.4583
266.52228
155.00172
-654.91376
177.34831
441.37393
903.2804
490.974
877.4067
111.2106
156.78679
-362.13022
-938.2046
-618.91565
1132.4125
-470.82748
75.64867
-550.11835
166.88106
571.7992
-602.412
-57.269947
-649.3052
155.89787
-436.37833
764.18665
248.28665
-321.42856
186.61093
-521.4793
-1280.8013
119.662346
336.58298
-435.82712
-486.20126
1082.6152
274.6673
128.23303
1070.6534
8.104272
-686.60657
344.2228
93.89433
-89.577065
436.78305
25.32319
113.3706
370.07465
850.41394
287.16492
-1708.7012
783.31036
-289.54532
295.10098
-493.442
147.97527
159.4923
207.96419
1034.9696
-921.7047
445.10114
1210.5824
-1017.13074
-1068.444
930.6632
853.2532
-1088.4988
-147.83696
61.510048
-774.0659
-1113.7401
1155.8342
1884.6434
624.30994
-136.09492
933.216
150.76054
433.67984
295.0096
666.88336
421.79898
-308.90195
600.4718
350.7841
424.49045
-899.27966
-1128.6876
146.71841
-711.512
289.88678
-9.378561
-63.90197
-865.61487
594.24347
-534.5982
-554.7104
-333.33252
-1173.0724
685.98834
-592.8554
415.0255
-70.63877
793.4776
371.03772
831.8849
384.91315
-787.9808
-42.836338
247.50902
-862.13904
65.87873
1082.5856
1294.0033
544.54236
-1143.0322
647.2698
1713.2319
325.23926
103.2051
-240.99564
454.83234
628.574
-626.61084
1273.8304
-173.20682
-834.94324
670.8837
-885.33044
671.4003
1332.2882
-443.46356
-525.7487
-961.8989
253.21068
502.22028
496.98236
221.03241
-111.36851
-1111.9747
-454.21042
536.73376
453.48184
-471.6055
-58.156116
1200.1716
-1218.1427
733.2495
993.60223
-819.9033
630.41046
323.07043
-871.2083
263.59058
-398.6147
3.255696
1294.8143
515.14703
731.87787
99.99914
264.81454
726.54645
-121.07232
-133.8613
835.54645
430.9084
-236.88693
1147.7509
9.084099
-1572.0289
-646.7298
-1499.3969
-790.1437
-2323.4043
518.7459
311.84448
73.66451
266.99683
-37.077763
-592.4272
1024.8265
-698.0503
-1648.0093
-143.64049
238.43895
209.89268
-103.948204
-803.984
1010.1769
-668.41034
171.25453
891.6696
-1137.8738
-426.6856
-544.94617
969.4511
3.3421452
688.52484
280.31665
-161.81558
-524.0413
258.05362
562.25836
912.7443
1112.2648
28.129381
-297.40286
631.59515
-143.95134
-1177.7397
634.0448
-792.67694
531.31305
59.539745
-1092.9552
-1120.8512
-1317.2009
-283.86298
752.63245
1054.5016
-421.27188
269.75427
-759.4811
1122.8124
357.51196
-83.43336
-184.3826
-747.8537
448.10965
976.21173
-1826.7314
449.25778
-28.255938
