-422.609
663.7933
-84.385796
398.37097
586.8135
345.0046
-189.65804
457.67856
-152.9508
-26.766512
202.47787
-1585.914
-31.751028
-457.4256
-220.26147
-977.8616
-65.36212
933.9425
83.70785
920.4919
-108.7103
-1406.759
-33.906456
-117.06359
-348.39337
-271.6992
-69.82524
-237.59688
-544.4397
166.43443
-240.17197
-133.86182
27.491613
1208.1409
653.01624
894.76575
645.04266
-85.357254
-368.36908
-309.8371
-718.8191
-448.62436
-166.69223
-290.42886
494.26654
18.677746
166.95627
-473.38
-672.31604
356.02
-312.80664
429.8698
140.22986
-577.4006
742.93915
326.47055
1803.1152
-716.1379
-136.6847
-256.70804
-71.97109
398.00235
142.64334
-169.2124
-385.31863
-3.883441
-601.60187
153.08934
1631.2153
125.68197
-131.90329
100.867325
-158.84755
140.17072
251.08734
-676.31146
-559.6816
-589.1806
82.49135
278.5179
-4.4518833
-236.73672
-993.0484
-764.49524
-1071.6565
997.1336
-1030.106
938.49005
1102.5612
432.1348
-522.399
538.81683
1199.1084
-450.12073
105.42761
60.052654
561.3201
771.6179
647.5757
497.40442
-725.66187
-341.68304
-615.51996
-503.93665
-1171.2397
139.57753
1192.5608
1173.9597
44.595642
-363.2523
-786.5359
251.87308
386.2665
43.382183
774.8475
123.11641
616.2742
256.84097
152.1632
-1252.4728
986.33167
93.09994
133.90562
-343.86594
224.76913
270.02106
-594.46906
-434.8638
873.17413
-333.97543
-129.39236
684.7964
-959.915
31.185764
-451.6035
66.721115
-308.08954
153.19202
398.27002
-110.823524
-22.701479
-142.37436
-1707.0527
-1065.2362
-793.04205
1136.9059
296.91937
583.3879
168.59651
-342.47073
910.7187
825.79736
-275.78656
-275.34015
53.07998
-22.689201
-573.0372
366.42227
-1665.8403
108.75213
871.5835
-1106.336
111.20275
-231.77524
629.0988
841.7525
-716.9738
434.95883
498.6979
-1138.99
-412.8452
-198.76497
-46.906578
540.85126
546.229
399.93182
-10.771327
1072.0723
342.10455
-738.3811
170.87515
286.15546
-655.8617
-178.12569
53.373135
-1255.3618
877.1408
-502.66663
-1029.4253
1246.9459
198.08571
-1041.7133
106.190865
1481.0299
536.33417
-338.1292
264.99954
-213.10707
-56.433613
-688.49664
-234.01068
1289.1472
237.01993
459.5103
-217.86194
-60.60446
13.325052
-248.74348
-877.5911
-581.1596
179.24796
-8.021325
-1075.1827
-300.86255
1109.6753
1641.543
-708.5691
1240.1206
-154.09058
-167.01463
40.925873
63.225006
490.5333
-1208.9324
-768.0408
1098.3151
-517.56396
454.17865
1102.6543
-383.3493
-394.54752
1000.658
-457.8274
-268.8502
109.89285
-600.73
-178.22595
257.83643
-1068.032
-49.68345
-510.5715
303.25308
590.72
-486.39328
1005.20215
-818.6577
-459.4205
-121.06178
-1319.6726
-82.956726
-692.1752
1078.8615
367.60437
587.1951
286.3213
-8.188623
501.59723
-249.41768
-374.0065
610.6144
435.96878
-343.10388
-53.526093
188.48022
-431.7256
-361.83768
-296.54065
-165.8568
-380.16235
-683.1435
-204.11086
-1128.2448
615.88574
-446.06735
17.179226
-110.6869
-473.99872
484.51813
952.0697
644.2064
-242.29515
362.75186
683.786
108.62918
678.5538
-149.15697
-1160.1139
-964.1215
604.191
-291.82117
540.7901
36.317036
-390.79065
484.9695
-576.9284
-103.16809
633.9347
-493.36484
147.75229
-192.67258
-104.745926
406.36322
-512.54083
-1261.0999
-644.3846
-67.77433
752.5382
-708.7354
-763.75635
-375.212
-460.4389
-474.19202
-183.65216
231.85767
-809.9661
210.91197
-744.85345
-1000.3728
-550.9455
26.476246
-387.53223
38.610695
-587.6823
390.51276
-273.08365
933.01556
777.89404
-480.96567
-104.76776
630.74304
-592.978
171.17139
-348.65732
942.48315
-1053.1428
538.1063
480.6711
-227.24919
407.80634
1274.0957
323.53586
-238.01962
-1402.1211
227.4348
-1255.0037
567.23663
-97.29614
1417.2017
363.43317
946.13367
178.7544
830.23846
107.014275
-553.10706
366.92935
-325.4603
137.9884
42.383698
-844.3207
99.7675
322.5899
-287.21545
459.6188
-662.691
-843.6836
232.39204
-850.1828
399.34436
-255.68475
1229.7817
108.20868
-427.52164
517.3732
277.8824
1218.7039
-635.68585
241.87323
1110.4283
79.80637
-1090.1735
378.82
-515.3058
-488.51645
-130.21848
-896.7781
309.86075
-197.35936
-1066.7206
341.70636
772.7857
-236.9128
-233.19345
-352.90445
348.0088
320.8948
-345.39398
102.556496
787.288
-1115.329
511.67694
390.59763
-476.32065
470.87952
897.64215
-396.14243
-60.113956
-629.36896
-289.3152
-2483.4243
905.49884
461.55008
-166.51375
324.4505
631.8533
659.00793
-702.3925
230.3269
98.30671
-197.31705
-762.71765
188.7183
285.5446
516.86523
49.476883
686.3747
219.92554
-41.222736
-513.59143
-769.70123
-651.8735
786.91205
-634.9307
226.98564
-601.74976
164.57835
745.5613
-820.857
80.91928
-552.7094
-103.313545
-343.2589
566.1005
627.2138
-351.11765
-264.69614
-596.6915
-554.5566
-31.167116
673.2065
-360.29016
-345.25598
642.88214
-233.94897
250.30702
705.775
162.94342
-889.96075
126.78966
100.91063
-460.10336
361.9014
-237.39987
-91.38758
1178.9897
645.5783
-183.88948
-1583.2003
530.92194
-145.49149
-29.089697
-674.30316
-524.8201
145.15678
563.3809
781.1895
-663.79724
281.96445
1094.2034
-589.8298
-648.3235
659.12225
563.47687
-921.3912
-248.52814
291.85382
-838.996
-1103.3448
729.0965
1455.9807
371.22427
-343.99097
863.8481
580.4203
36.77374
-240.85597
-186.17915
-10.552494
-145.83453
367.38593
70.070656
731.3797
-524.798
-1130.5404
616.378
-382.84433
226.27115
-312.89243
-89.882416
-656.5597
212.86844
-554.8061
-184.01825
-337.6969
-852.8792
573.6316
-783.4188
346.32397
-203.16467
846.26294
198.6431
1165.2949
507.53754
-455.8284
-431.12863
123.21752
-786.6408
-816.69916
984.34033
932.795
565.38025
-1039.8826
485.263
1460.541
164.37083
-152.3597
352.5179
-150.40001
705.0876
-977.84924
1329.7823
-283.35217
-488.18124
-297.0846
-15.738752
316.96774
1055.1201
-315.7731
-417.71884
-905.858
305.69672
365.16168
567.395
110.46258
-147.60182
-1070.4543
-116.45774
112.53353
443.92163
-513.05524
-14.850746
1362.5198
-1395.6907
738.06036
856.06256
-1117.687
390.6053
481.0502
-717.7091
612.66266
-432.0211
-673.4234
704.751
570.83765
1025.564
41.74621
631.23016
494.0854
-30.401062
-152.25804
431.35046
465.52756
111.934845
841.79095
17.468842
-1647.0712
-239.13539
-1226.7368
-653.41797
-1928.8728
191.88065
-54.664818
327.98178
699.6236
-385.2717
-604.2905
617.0084
-334.48587
-1506.8804
-201.79788
362.50098
1.3930528
101.63774
-628.6659
977.33575
-672.0091
-274.23373
949.47943
-939.5031
-171.17606
-457.09528
1030.3097
-199.38782
415.51288
418.31674
-258.21457
-521.9589
266.38803
626.51416
988.4325
965.5852
-154.31018
-670.26056
418.11453
56.998363
-1053.0846
99.954834
-571.35474
707.28076
-536.0498
-502.3672
-503.25406
-887.23474
-527.0531
704.55835
684.0044
-744.45056
293.66302
-899.3119
962.19745
300.70087
74.43882
-121.769966
-429.97073
-16.291697
604.9949
-1765.2638
439.72305
-89.643326
