-404.93073
453.29175
249.50586
421.84528
1011.7528
1090.2095
-529.2952
856.2377
-57.361958
43.28385
-778.208
-1518.871
-991.2069
-748.61725
-717.1673
-1466.7059
-1118.3472
475.33533
-89.450615
1684.8156
-141.78603
-1268.5099
-301.81015
-168.49501
-709.10614
-21.931293
-862.59796
-155.55263
-752.1449
387.24167
355.39676
-121.40759
431.6198
1559.198
1591.8784
1043.5526
28.83034
-532.04895
137.42667
-554.87805
-640.9418
-631.3107
-395.35144
429.79202
514.71936
-520.24963
-398.99142
-1212.5524
-695.198
199.8853
269.5356
65.52706
-40.775032
-1456.7626
1197.1393
-63.67895
2049.6677
46.58121
534.56964
-216.30048
-437.92978
-187.47826
573.78656
-710.8772
-368.10486
256.94366
-310.83716
496.85953
1832.5806
206.71913
-439.86826
160.20764
137.43819
-514.96906
289.80994
-1696.6464
-150.4381
-1268.8033
-312.33347
856.82184
83.3625
-802.9932
-1004.6736
-1081.59
-559.8146
2315.695
-1265.9427
1120.7576
1501.2336
785.3353
-771.7535
117.152756
1049.4047
485.70184
-454.5738
358.70746
1413.0186
1262.962
995.9609
-280.0448
-1107.2614
620.5596
-853.0569
-424.97433
-691.68475
-67.37623
-97.56578
1421.6106
-406.4829
-923.83795
-1393.3496
842.95264
93.44903
-404.67517
1056.1785
46.337532
-603.92706
704.4753
-553.91675
-1896.3475
278.36432
778.73456
348.99667
-160.76865
71.075226
1005.77747
-611.9923
-819.52454
910.9154
-724.7722
-300.47424
-118.17639
-669.83923
-918.2675
-97.72626
-568.9915
-392.8354
477.04263
414.65326
642.1815
-586.9257
375.45288
-1610.1423
-1315.0981
-545.36914
1286.8054
-71.241905
1592.1986
-51.122055
-509.31952
895.5981
1321.9408
-172.74431
35.52574
278.77365
-172.82504
-186.20363
-142.23936
-2298.1077
765.9341
367.68314
-1257.0543
61.592022
173.15164
1875.9663
852.3099
399.84024
-83.60916
750.44354
-1474.76
-593.7951
-89.387276
-154.04486
764.6799
560.1423
617.97797
-148.06503
535.8417
339.46542
-1334.4359
-179.33952
289.31152
-83.88116
-687.11316
-364.25577
-17.501417
1149.9127
-637.84064
-991.333
302.18304
168.6263
-624.5495
68.780525
780.4792
594.39667
-737.53864
901.8243
-314.76025
684.19775
140.43939
-332.33908
1371.212
136.70576
816.8176
69.56041
882.2284
246.46916
-417.26382
-1560.8016
-543.7944
-492.51562
302.36948
-844.0038
-1680.3939
702.9125
1607.3354
-452.72803
1183.4021
-209.31783
-662.4658
-90.61376
232.03458
77.19152
-662.8392
-284.12305
418.48495
454.49265
69.53968
979.80725
-856.7147
-305.82904
652.8052
-27.15617
467.90845
712.294
-1197.9084
-1380.3173
1086.987
-578.6728
-548.941
372.409
974.0216
631.2752
-249.12714
1471.7065
-65.43378
-211.10403
-930.19604
-1409.237
-1110.7148
-1169.3776
1267.1986
527.80725
714.1766
-389.32288
680.92126
1043.2885
40.25863
-915.0002
898.9068
45.13802
-342.93668
760.0906
769.65186
-325.34363
-835.864
-317.88785
69.20454
450.65363
-1133.586
290.80624
-1617.3428
-378.33215
-1229.0864
408.45187
381.08118
-848.9896
1185.2148
1229.9856
1211.085
27.617086
188.48984
563.0641
986.3306
1286.4497
-1272.2622
-1611.4858
-1033.5333
1382.2925
-507.2494
-49.813267
19.946892
-630.2413
621.42267
-791.4033
170.50371
81.714775
-197.56993
-954.3548
-494.61237
-844.91437
-855.0076
191.90337
-460.11697
-584.63684
-112.27109
523.1117
-522.219
-1415.2202
-39.197403
-423.20728
-1560.9202
-465.9865
357.4519
-636.993
1153.6853
-872.2024
-827.6428
-807.2426
656.6835
-365.25095
32.411205
-768.9946
-295.95663
189.7381
449.2364
1042.7555
-480.55167
627.6569
-399.7884
473.64725
-209.98906
-397.29028
374.49506
-1246.4583
685.74866
649.4281
-75.08114
445.54883
272.15253
824.3999
584.25836
-487.3563
-484.27496
-621.90173
799.393
50.620197
2132.484
-8.547881
274.97913
175.19214
467.4793
-378.20474
656.3988
370.88824
-569.51666
193.61316
-138.41417
-350.95938
78.25003
996.43713
543.33124
210.17812
-674.8666
-721.8271
168.51814
-630.07874
189.51424
-45.848087
1670.9233
688.7332
-1215.8551
211.84024
759.06165
-117.27374
-601.74164
440.19846
1220.0325
67.74788
-1533.6809
-169.89117
-235.11183
-658.7368
1159.7866
-983.5104
413.40198
-143.18394
-1118.2614
716.6719
534.3002
-1038.3264
-1483.4631
-874.65247
472.09695
-52.953114
635.6357
257.3119
556.2251
-498.395
-172.22894
779.0149
-1277.8383
701.911
1284.0352
-860.3635
-203.25975
-941.2725
-112.51488
-2838.199
1485.3629
723.66315
-875.0814
1590.4753
62.067577
663.9786
-438.00262
-755.2322
916.34875
603.0132
-762.5269
272.31723
1394.485
576.7934
-17.000263
243.73326
-190.63887
430.66272
-264.1281
-954.96857
-1073.5261
1301.0918
-239.6266
849.28723
-300.53787
-652.8544
385.79666
-9.619234
-156.83714
-1445.6641
66.889824
-356.93152
1337.3314
37.79351
-229.18678
-718.1993
-1045.3197
-1293.3003
312.31058
800.9898
-786.8866
-765.1434
1113.0947
787.4076
399.65372
1636.655
-268.4301
292.17874
963.17694
-835.8164
-191.29361
179.59674
-474.35684
278.62128
505.79742
1198.8689
-17.293642
-1931.2008
1124.6653
-550.9999
-32.019096
-553.55225
502.56998
441.0913
-55.94839
1484.9087
-574.1899
568.11444
1873.2495
-1280.5814
-851.16284
358.8735
763.2611
-933.5288
213.1915
-155.82927
-953.3022
-957.91595
1348.0052
1649.6989
1274.6703
-240.29205
1482.974
129.46074
126.10342
612.994
899.4033
-83.81366
-408.11243
269.51526
96.69266
33.747173
-756.8087
-638.6244
637.7741
-928.17914
287.5821
-78.36622
-194.31056
-1322.8907
1454.4075
-849.44006
-952.9569
-526.321
-765.5546
1322.2744
-82.3264
681.34766
-295.7253
574.65674
519.1659
969.5902
985.2074
-349.8497
-534.6626
447.48795
-373.9266
361.21445
1536.2864
1495.3573
1466.8552
-1361.0996
665.6648
2058.131
312.67654
66.78687
-335.46066
626.96185
775.6609
-842.0175
1942.0441
329.80392
-1197.4159
14.912832
-1512.252
1005.50037
1278.8888
-814.02423
133.9274
-1109.5803
-338.1289
348.52985
346.9732
264.04617
-302.76193
-688.0842
-410.84164
192.6701
808.7378
-1035.4043
-527.4239
1438.9318
-1985.1498
958.47546
1266.0266
-504.63556
160.61226
158.3047
-472.44968
723.9006
117.21477
47.206413
1511.8541
1149.8378
92.17737
-63.651104
-388.69873
651.55634
-742.51636
72.88359
1316.1986
270.195
319.721
1824.4819
-364.23975
-1287.1643
-843.67706
-1519.8098
-729.8927
-1315.2067
517.1861
455.85196
375.33173
145.85277
-640.20514
-593.9436
1348.3802
-980.2609
-2002.8369
-519.44464
87.16692
970.18317
345.11765
-538.2197
933.6005
-470.516
411.2884
86.84268
-700.20374
-20.7711
-386.75497
1124.0905
199.52557
833.3683
514.1296
-500.0064
-125.00728
-41.8797
475.44336
906.57684
1051.8777
-536.74945
-210.6626
248.91188
457.32587
-738.26935
994.25287
-903.74005
475.67636
562.32623
-1197.529
-513.1762
-2078.6438
-744.2522
621.85077
809.1006
-923.4696
367.2989
-617.94604
1251.7432
474.5433
-681.7252
294.53647
-1177.2184
-197.2248
668.20044
-2479.7063
278.4219
48.476326
