-953.63116
508.60522
1097.26
34.278675
1170.467
933.4978
-606.045
801.88947
-42.611607
525.1446
-822.3898
-1203.7704
-871.3395
-778.81366
-163.13994
-1727.4564
-1677.9047
144.91743
-672.1472
1609.6611
-675.0118
-718.2588
-204.8523
-522.828
-1242.8352
233.05731
-455.73254
-235.5608
-1547.9163
188.8789
677.307
318.473
1436.89
2063.7031
1897.0955
1331.824
-444.09955
-526.80927
-172.91739
-497.52222
-318.8695
-1596.0963
-748.6945
1333.214
738.0549
-425.61478
-129.31212
-1010.1377
-1279.5464
803.3143
595.76434
-166.4273
-146.80603
-1423.4924
1913.6277
-672.0355
1871.3273
35.368065
686.55023
-444.76294
-394.04102
211.91295
35.622627
-1246.5319
-183.57208
768.6718
-741.6838
475.7587
1824.8143
164.36914
-1364.6628
-109.25557
212.621
-193.06691
400.98654
-1219.0764
41.47862
-1346.6013
-727.326
526.4135
-335.1632
-580.5082
-390.00607
-261.92682
-342.9248
2471.4783
-1459.5137
782.07355
2002.4651
412.9673
-907.9265
99.84838
910.9992
826.64966
-933.333
101.46769
1787.7083
615.32184
664.3109
489.602
-843.646
133.7869
-1129.1376
-409.37436
-767.2112
151.98253
-219.84497
1155.1562
0.7520602
-781.94403
-1406.7112
1399.769
-101.0106
-330.89188
1066.768
-140.86809
-1135.5917
414.49478
-329.26337
-1532.6589
786.8344
446.2487
106.357864
51.59641
-649.95526
313.3995
-592.6202
-1192.0371
705.10516
-380.33997
-494.40793
58.872837
-619.7656
-849.8158
-309.61505
-1399.134
85.36506
1009.43427
341.16647
943.14844
-848.953
393.45062
-1283.5432
-1279.2695
-432.50772
528.34106
-33.81788
1487.8258
-625.8116
-581.5101
1191.7262
1500.5217
-684.49994
-117.93803
754.99866
-785.13586
-1072.0234
-740.12054
-2243.015
418.4414
859.3167
-1816.0941
13.402844
671.991
1782.9943
856.2862
162.64665
380.82596
1327.2269
-1782.739
95.83226
-1055.7783
-301.84818
1087.3021
889.02246
30.45068
-571.7657
279.9786
449.34125
-1186.6876
-244.03676
743.8719
-292.43414
-449.06787
-691.15186
-542.8564
1153.0272
593.3216
-985.4646
348.20078
282.68533
-1172.5262
266.16562
735.1519
-492.2372
-761.8243
1458.5762
-164.62538
332.68832
248.47356
-530.1363
1478.3322
159.88289
1122.3796
-273.13885
639.0851
1394.8712
-600.5042
-1073.4982
-540.6668
235.71883
794.961
-540.9628
-1965.8389
-66.58183
2752.491
225.96707
1186.7417
-413.30875
-123.8662
-438.25177
398.25916
831.2059
-326.45728
83.96324
619.63275
1057.16
406.0437
660.3604
-593.0791
-101.627205
986.6648
-266.36792
99.43892
648.58307
-1465.4309
-2394.7615
1300.2291
-739.8022
-839.39606
-256.33603
595.2405
788.82654
-659.2328
1170.0591
179.74075
-33.823563
-956.49
-1852.2194
-793.9003
-845.8712
1859.4114
283.61865
1573.0607
-692.2855
377.02283
1003.034
116.52115
-303.9315
901.42255
557.79315
-1193.4325
250.44456
877.21893
-134.53635
-308.5874
-435.0698
89.77133
1169.8179
-1635.5432
20.967716
-988.02045
-515.79913
-1593.9495
452.37247
66.63563
-1065.5824
1336.4569
1288.8026
1212.6545
-44.643307
131.14615
436.66602
1100.0612
1099.8817
-1663.8419
-1460.701
-899.89557
1392.4161
-607.35876
-266.44342
74.029625
-841.9636
187.03625
-1192.8644
452.8988
576.40735
-817.2283
-1211.8738
-826.49866
-970.63586
-1656.4592
337.18866
-1329.6477
-830.9862
-286.61652
752.61884
323.31335
-1391.7915
-141.04921
-338.9512
-1121.2902
-483.7444
902.42413
-1418.4633
2274.5715
-914.2143
-642.3678
-928.9714
657.7336
-34.098724
-279.09082
-955.0315
-989.01184
-247.7327
594.85736
994.3731
-532.1701
445.25983
308.00497
1356.952
333.66916
-611.2582
786.5114
-1444.6409
955.4582
1203.4763
350.14346
729.6654
-39.66186
-6.5213118
662.9367
-977.821
-685.432
-886.737
-201.2066
-153.68953
2168.8386
-387.05832
403.41843
256.78497
40.524956
-1065.8428
974.6514
234.08313
-1034.1088
93.015816
-507.55048
511.43576
304.2898
610.9408
661.0796
491.23297
-471.17743
-596.672
224.88629
-1097.963
123.80204
-327.43353
1051.363
843.59863
-341.3375
349.89597
1135.4093
-516.5444
-1154.014
151.52783
518.6791
-403.7504
-1149.0485
-480.3318
-276.4652
-891.43805
1182.6554
-705.44403
262.7071
658.088
-1419.2018
899.3121
535.984
-1217.5693
-1412.2819
-1016.1969
235.55038
-184.87863
253.26529
86.51297
1193.7104
-616.8319
-191.24866
335.45334
-1680.3617
523.48267
1417.2139
-462.14
-313.08905
-124.60586
-595.7055
-2761.0032
1549.0127
464.0654
-939.3499
1234.3882
584.6146
1044.8173
-768.85956
-533.34845
1481.8925
897.8502
-1080.8373
702.48694
1184.6003
-99.16727
-193.94962
381.23187
-377.00812
619.2736
-104.277466
-1404.5133
-1430.6321
1565.2502
-110.26473
709.1831
-723.01984
-430.2969
531.79974
-508.23538
83.29857
-2149.7708
-628.2628
-1055.7588
1140.6433
-18.055809
-647.0611
-1256.4966
-857.4018
-1774.2504
89.5684
421.92422
-1609.8037
-903.21814
1282.7837
596.9985
184.30104
1575.8127
200.13359
182.96646
936.2891
-916.39465
-437.8505
32.022476
-1107.1776
476.6075
-556.9223
1517.2584
242.8247
-2221.3772
1368.6245
-340.92444
-141.23105
487.95935
286.25726
384.71735
672.0962
1478.3982
-279.3668
1214.1951
2709.0808
-927.465
-1150.0728
290.5962
82.78689
-1366.2643
-63.62224
-721.4883
-475.58066
-574.8055
1394.2666
1993.2548
1482.1376
867.53394
1042.4011
-121.947624
-478.9908
84.54853
960.45074
322.56757
-346.43457
345.5726
209.39435
-240.18788
-117.44911
-364.1376
822.8856
-33.186874
-63.970566
9.607493
-366.52112
-1288.9393
1749.3927
-1295.638
-1073.048
-232.00154
-393.10223
1440.9625
475.27548
911.1104
-487.6991
556.433
705.5252
767.84375
89.56109
-139.398
-530.61847
867.5027
-737.8454
729.87946
1722.4232
1645.7661
1865.9662
-1505.9587
618.7714
2349.6243
457.54117
-401.90656
-385.55405
276.70184
307.936
-911.63086
1711.3444
842.0816
-1260.7817
-557.9698
-1673.2113
619.5272
1724.6953
-1291.8816
-106.72431
-1189.7263
-68.00804
402.14255
128.37984
201.2063
-1166.0819
-596.9799
270.8961
371.44553
1165.5376
-289.11923
-1169.0885
1002.6384
-1981.6642
955.79443
1613.5768
-882.49426
573.21893
220.10527
81.27448
1017.46606
-67.00375
150.40294
1020.60443
1354.0178
-360.56363
-646.74615
-340.12424
816.17255
-287.28036
-774.1336
1414.642
54.640553
-371.4567
1868.6328
-586.98444
-1522.066
-635.7238
-1589.7527
-582.92126
-1692.7245
252.0334
453.0045
414.06485
-94.68156
-229.0528
-738.9442
1057.7709
-763.2098
-1410.4915
-66.51627
-414.77298
822.2201
170.02327
143.08348
899.26373
-743.81323
732.057
174.33302
-912.6999
-83.03098
471.24234
463.93668
-45.711357
389.4069
622.56006
-473.2851
-589.5357
332.76334
338.77933
826.6285
858.6058
-550.9995
-370.2386
482.1975
577.7484
-1223.0282
1003.4943
-1164.6344
882.9758
934.7862
-1351.4236
-178.14772
-2171.2188
-582.506
573.136
748.6816
-790.42114
113.95388
-961.46344
941.4444
-205.80879
-780.1082
206.46136
-1433.5051
403.80423
1166.4976
-2743.4924
380.0413
421.21408
