-274.74023
409.39633
87.766014
293.29553
-52.366787
-162.69066
-81.88528
523.1452
422.71796
505.4557
212.01004
-980.53644
-217.74834
-304.60086
-167.51837
-687.4164
-79.33769
321.19357
-72.83986
487.2935
364.6954
-1026.4501
-443.86752
758.77765
-545.40564
-156.643
-78.66671
-373.92548
-332.6262
41.246975
-176.64243
-194.23363
-161.43814
1054.0889
406.01086
223.95168
199.26901
-54.905113
-38.849422
-707.7726
-570.13116
-258.90213
19.963123
-267.29147
47.978138
202.07683
280.94168
16.528978
-187.71979
-77.49584
-328.48584
284.6723
-367.73315
367.20062
239.96323
257.18225
1265.8872
-655.05804
-763.2734
211.40338
-393.48187
52.95418
532.9968
-89.494896
152.0714
457.57098
260.68564
-279.40237
904.98553
247.65762
-118.11023
336.5865
52.563786
128.58467
14.274056
-49.878963
-434.9099
8.01033
529.1077
234.60832
-23.196966
-157.81316
-304.66223
-18.477125
-992.37836
1192.1987
-246.91046
769.8134
731.86884
197.37794
-21.23757
280.30438
833.9757
-1180.9888
-780.5499
604.05206
361.73688
521.2248
400.8662
38.09866
-457.9358
-525.57513
-103.178696
-184.25452
-562.7039
74.24611
934.4436
415.07953
-341.11377
-14.704398
-448.5691
-148.0173
167.89946
-358.43488
190.46814
52.6145
-56.862194
364.7181
287.359
-1018.3803
1166.472
382.96457
367.85468
-506.5842
-291.27966
139.01288
-746.81445
-685.8223
521.23376
-151.24092
-7.062405
79.95812
-778.28046
122.90715
-538.9082
222.75798
67.22081
-166.24854
171.46878
-332.04852
-110.1286
-131.34683
-741.2512
-674.09076
-72.37567
349.97855
652.52
621.6755
91.24541
-506.89212
477.23148
699.26373
102.729935
-281.74802
-266.48373
101.401375
-502.16132
-487.15802
-1145.94
354.4457
385.97473
-798.01483
34.512077
258.2101
33.974335
570.80176
-493.83206
383.14273
209.33508
-604.167
-137.41302
420.20105
157.6134
488.89233
-466.5422
218.61308
368.76215
457.31906
341.75836
-730.14374
0.42272472
182.98235
-148.70819
-260.24518
-150.45651
-309.07498
807.13275
-197.45084
-500.71124
846.2866
318.88586
-486.44836
-236.09326
1031.974
495.65085
-345.89636
157.59416
0.636961
-287.43085
-4.844961
-383.64877
978.75934
366.47748
166.87068
-60.241413
236.71086
-94.10422
-150.81392
-729.79266
-321.1154
552.291
-11.674671
-392.2468
-208.82092
369.4613
887.712
-680.2069
886.9999
-404.74106
-99.680275
224.07849
404.22656
904.2612
-999.61945
-487.57147
94.83499
-672.1292
63.98177
214.98228
-736.6916
198.67459
271.90326
101.71465
-617.4841
422.36496
-394.6464
16.877777
310.08554
-469.63394
-187.61482
-422.52368
355.4659
-208.29198
-171.23195
903.8876
-308.63177
-206.90775
272.09326
-1062.0112
40.559654
-778.44
806.7958
-297.18185
263.1361
444.3016
117.400826
170.62352
-30.176561
-369.295
508.7471
-50.091064
-651.4221
-385.66684
-53.349674
-82.39332
-800.9233
-129.75905
-420.62405
48.54041
-362.6045
-244.85071
-1114.0449
524.02783
179.61308
-62.23944
-413.94107
-236.87767
179.7287
807.9845
28.471933
236.18747
-123.5772
-187.06528
167.32953
470.72705
-218.96074
-776.58844
-625.0996
-138.00153
160.18785
112.38853
-287.642
709.5074
528.574
-64.1969
199.38144
426.35028
-387.6201
-69.27457
-369.03262
-228.65558
320.51608
-716.19366
-563.733
221.39389
12.198542
337.24857
-198.39697
-212.7264
-268.1393
-247.66011
-170.70238
-230.60406
104.61233
-775.038
0.26718044
54.272007
-282.05704
-689.0719
-107.05365
47.816505
201.11644
-1086.8833
103.82393
-298.51215
655.0338
375.43732
-170.62053
-368.61182
846.83545
-947.5582
-36.194828
-104.74385
1081.1713
-635.4618
487.74503
856.47626
-123.43009
289.69965
1033.9592
49.103233
136.8844
-838.41833
2.9298284
-472.71094
276.99225
-321.50177
590.36304
-132.18571
626.708
393.55322
34.73977
307.2513
69.2016
-68.51633
-269.5504
-22.723267
3.3007638
-302.4987
-481.55167
-339.25696
-129.98834
-4.390671
-485.67618
-1264.7567
441.82626
-704.8632
311.85666
62.870785
759.54114
323.30975
-265.91827
349.17438
453.1402
894.0811
-476.97745
-338.05692
308.97644
-334.30533
-848.6445
1.1172817
-111.897316
-570.87134
-210.89934
-792.9546
142.89738
-286.13538
-307.88565
386.9073
659.7856
45.684696
-280.51712
-338.87958
429.15555
55.709984
-128.3694
275.11038
802.46136
-304.93088
502.3459
782.3765
-577.3691
478.9275
1071.1082
-315.93005
338.75183
-620.9327
-129.37505
-1103.0509
766.73846
27.202612
52.959946
351.0416
486.91788
87.98018
-300.17487
-43.24763
186.99629
-234.18849
-546.85693
42.224693
224.99171
715.33765
21.146774
280.63657
96.154785
-451.66327
-24.374613
-790.83527
-539.50214
814.69025
-365.7946
137.32443
-517.5655
505.213
97.14537
-32.622208
-19.472166
-441.26767
-225.30951
-108.89508
346.2555
634.42365
-126.697556
0.894474
-629.3572
-123.13854
-65.00195
775.58057
-224.40962
256.3567
435.66733
-166.91656
310.813
383.31985
257.74576
-231.7388
549.3225
-150.45486
-323.60306
-221.20943
123.50758
315.05206
773.1051
-335.27026
-530.85254
-757.63293
825.4203
247.06926
52.85286
-632.9078
-498.93268
281.88678
250.21635
372.3548
-396.3383
307.24362
1055.2563
-409.60992
-72.646126
369.17517
226.5472
-701.3412
158.80739
-72.85972
-589.38617
-477.76898
458.90485
978.24585
93.93735
-49.847927
1034.4362
-240.06276
-212.75116
173.52728
-527.75653
-152.59836
-173.91232
743.20917
120.75966
408.00864
-386.37988
-817.348
223.52193
-236.46716
219.04356
-325.30396
-16.636724
-438.63562
-59.988064
-242.10994
311.32578
76.614525
-949.5387
231.58284
-119.93268
421.06604
331.95227
522.0169
468.91846
787.03094
225.54114
-408.5122
161.14691
871.8751
-51.197224
-4.9576364
455.61066
1107.4916
214.94972
-752.35516
-16.47239
1133.26
659.6386
-56.71301
-81.15016
125.266975
586.8065
-827.9686
438.0504
-203.65567
-458.22327
-322.6624
-347.84924
41.117645
683.7314
-45.792725
-249.17892
-642.132
333.27826
530.31885
293.80563
-101.70194
-234.17154
-967.29346
227.73508
95.34782
-208.3622
-244.57872
-181.1707
496.62875
-1436.179
831.4259
685.56665
-134.25017
248.04482
660.6785
-160.2382
617.97406
142.87782
-400.52682
71.65429
578.3715
686.4318
617.2027
99.22847
58.744156
204.98648
178.11159
743.25305
635.60864
-466.37857
1013.52155
122.009315
-833.80743
94.64514
-807.53424
-632.6579
-1200.8406
702.55255
-300.45383
19.665768
620.619
-131.31004
-876.12335
432.21402
-153.31714
-651.75757
102.451584
319.45078
-228.09567
-188.91736
72.32361
1003.3115
-606.8845
-36.880737
234.66643
-296.05875
-84.52829
-510.89246
384.50436
100.583
832.14557
13.120472
-97.53302
-90.71436
-19.843906
416.2011
1003.12585
1062.502
-286.8866
-338.9997
-137.25998
79.250046
-715.98145
156.61107
-389.51953
636.75397
-344.232
-428.12158
173.21532
-355.23007
-417.61108
684.7677
719.9788
-456.23602
230.44344
-629.49084
719.38104
287.61853
-54.165737
-22.671923
-747.95764
-197.40617
240.74524
-1209.4923
349.47235
279.28232
