104.27931
357.6773
56.821293
355.962
-51.665005
-157.8645
53.92372
-211.6398
120.20982
533.7075
-141.9105
-239.28365
-328.76328
-20.92663
120.43832
-265.30386
-309.76126
72.80982
122.31987
250.36905
295.1534
-96.63206
-337.14224
31.885624
-551.7278
-43.07622
60.794445
154.40436
-6.4874535
-57.04356
-58.45365
6.0017834
-39.96516
647.1044
519.1737
114.32113
-48.090694
58.170315
-441.2449
-343.72275
-69.33505
198.35661
280.04904
147.18535
275.58203
-5.154089
206.2189
-375.06122
133.13876
-298.03427
25.15829
236.46422
-19.48947
295.53378
-155.46223
-171.10866
405.3915
25.6893
38.849045
13.818073
-215.34138
261.4729
227.49663
-58.437122
301.80365
84.461914
31.773247
297.98923
335.54745
151.54753
-138.92009
122.84302
-39.85572
140.74982
-303.51474
-373.68674
54.83182
69.03369
-137.75731
85.04091
-514.1872
412.0838
89.32125
-86.94419
65.95317
23.208078
-39.20843
374.08765
369.85254
34.088734
171.11714
57.26218
644.49725
-468.82843
50.51811
205.61902
-353.00247
-363.67346
49.032887
59.04548
-171.37761
-201.23833
71.43336
-9.684761
-508.94098
176.24155
153.18472
20.97957
22.078121
251.24693
-323.1319
-177.97054
304.96436
-172.44571
52.45011
-67.652016
-248.05289
327.032
133.83028
-131.24364
514.1586
387.9101
-85.62062
-252.5279
-144.2119
95.93914
-386.08365
-134.40585
223.84499
250.57224
-85.98087
93.52379
-123.36952
91.93942
-255.08899
235.5209
181.69196
-383.05698
-239.90266
-72.74418
-103.03462
281.79565
70.31462
-605.8409
-115.45194
-32.915203
419.1839
-495.14502
-1.9368428
-61.504707
-69.10295
-128.84819
458.4045
-14.456995
97.90285
-13.296467
233.30548
84.94247
-464.9212
54.57258
-46.750366
179.11041
175.31432
421.82443
-189.20055
-15.640312
129.34814
-160.63736
142.21814
-144.92583
83.47218
176.62546
-181.68684
143.25012
-40.689716
44.097034
25.314142
379.69547
267.00775
-188.5319
-213.88655
-65.95704
-141.38354
-354.01056
-452.82858
133.22543
124.453896
-36.440258
-48.59182
365.4799
-250.72264
-56.749283
-223.06216
481.52405
297.96054
-598.709
-78.98259
-119.13713
-546.0262
352.16763
261.39877
201.1295
137.54803
4.130369
-136.43034
91.11269
-343.91122
365.8295
-53.755642
-27.617939
356.33276
154.4035
-541.8264
-293.15598
97.68222
-108.29838
43.35
256.96356
-236.22763
-89.85488
93.304924
158.59074
169.8363
-440.20593
71.123985
4.8741803
-185.8877
-286.9198
33.847935
-141.55376
99.29515
133.2927
-285.6369
-88.6374
213.4895
-167.09818
-91.10811
220.91591
69.10495
-327.40796
299.6556
-244.89366
61.958473
-173.30458
320.4234
37.657692
155.18153
-73.83682
-133.08395
9.883554
-435.79678
20.269962
98.724495
199.18503
181.53038
110.707504
-2.3687909
-307.80414
-279.81464
-121.73091
279.10162
55.0888
-19.082903
362.65878
211.89677
-497.95087
-94.82894
126.06702
199.92674
-454.15674
-87.19239
-348.7867
0.7916665
315.50784
0.24538475
-29.822342
-0.66647875
-36.098255
120.94534
-34.891823
-30.93771
91.438896
61.80874
-225.3111
-118.790146
201.31201
-112.53563
-487.0395
-127.4318
-69.49446
56.1142
-6.093587
558.47614
326.60007
-59.180977
-71.54808
292.86533
-434.45602
247.7719
-94.834076
-134.47392
244.6256
-391.77036
-549.09674
-14.790069
-19.607677
199.15454
-208.46854
-0.70641184
-111.62221
-91.50584
190.01933
400.60626
183.77017
-586.0815
-4.824939
60.77692
75.28892
98.41142
-195.02586
94.79486
67.278046
-725.016
-371.11737
165.15642
68.75923
-60.091415
84.89211
-193.12045
278.36374
-601.8787
101.92297
-319.9301
291.84488
-154.63281
-9.776624
-41.159393
-366.64316
-205.11005
281.13745
-28.631563
-72.21315
-433.36414
-281.6303
-187.91751
210.51073
-10.7737465
270.74634
14.013731
447.29703
394.20813
110.60908
169.31813
226.15001
253.2446
35.0628
-249.21669
256.92447
-569.4466
-2.226242
-162.0026
-149.3191
-253.34103
-173.29465
-327.7347
279.87366
-515.98914
196.54848
-395.78342
140.23495
212.37503
-37.343956
205.98326
621.79126
348.80557
-197.72957
-392.35303
9.652996
-179.97859
-102.51306
104.51614
-27.086582
-300.54123
145.56789
-436.07248
8.237366
-7.4361734
44.37755
132.48676
62.127907
339.805
-147.46338
-77.011086
-134.39651
72.8915
91.38121
248.07869
406.5494
-277.28488
-74.40913
-99.17362
333.00076
-191.80304
278.14444
-107.50322
-270.03745
-42.85443
-381.00787
-85.181046
-94.76435
245.24406
-137.38657
43.05286
772.9858
-66.34653
366.44125
254.4218
-156.30986
-154.68994
263.5575
-140.43858
-45.67098
-106.64633
-121.62124
-208.41852
139.58948
-238.51248
-156.15918
-410.6362
-33.85684
-59.836414
-265.00958
154.73521
-67.65605
242.76491
-11.632987
293.19644
-15.660797
47.947117
-130.54922
-243.82256
164.4224
285.303
-516.81445
86.54312
-420.88782
420.02536
-46.02436
27.696909
61.734913
287.28778
97.9592
-183.6332
82.93375
197.89455
413.0272
-347.60416
661.6334
-287.07428
-145.42117
-0.95557904
-104.8171
183.19331
-68.1366
-576.91095
-430.1327
-22.56769
523.1741
-140.10648
-49.159058
-292.37845
-152.57828
-21.379858
156.54149
-100.47446
-478.43448
95.6429
500.28464
-109.03592
112.975784
-337.96606
-140.83571
-274.162
-48.98142
-309.05667
414.1972
-211.71013
-64.42433
237.22859
330.07065
-176.35445
318.58316
-253.44081
24.372145
275.11996
-16.916737
-157.63469
-110.69624
187.0171
-638.9356
284.111
-151.82185
156.23076
95.21757
455.9533
-167.10194
-238.98788
-235.2568
-43.62396
-0.26470017
138.17514
134.33998
-0.7376833
198.12367
194.72864
159.54109
-271.1754
105.74923
-4.854808
451.5847
248.71329
-54.910824
51.61664
46.86273
229.76323
-46.084267
-1.4648879
281.9445
199.48042
41.822002
-349.90387
-232.13858
215.52298
50.37949
14.527797
-93.29122
292.73438
438.0133
-49.050026
278.39026
-16.52627
-26.118168
589.0445
-266.4673
-48.946957
22.06247
-328.62744
356.19684
61.20411
404.43152
28.230316
-132.42223
-120.83973
-374.166
-27.310905
110.24048
7.6333528
100.53838
-66.77863
57.897972
-126.49743
-649.7978
115.47514
324.2613
-97.68897
-131.09222
256.0459
201.5128
174.73337
358.78638
-124.71738
45.81319
205.41827
-204.1418
339.96027
165.43494
125.83959
199.01915
127.34444
321.71814
233.75583
132.08574
82.02796
-191.11057
174.85205
10.145603
24.395206
-25.27491
60.679405
-78.83196
156.34363
4.4862013
459.96567
-143.10959
-186.56984
156.29607
15.245847
41.63409
27.368355
460.58203
-456.43262
77.98589
-167.85124
276.08972
375.038
-261.42764
-244.49203
-25.636503
129.51955
-1.6199002
22.918743
-246.09258
345.2265
8.0272255
81.85089
-175.52672
77.0463
329.8198
322.40674
315.2829
189.14854
-121.90136
-135.08844
37.120823
487.57788
-128.41508
40.254913
-181.17291
-376.42856
-97.02133
175.32837
-69.817116
-97.90575
-312.04794
134.71367
-9.229729
54.694195
-465.66367
296.65005
-11.535682
18.695158
-256.614
-47.718533
-164.33537
275.91656
-450.6744
0.6831925
-10.911768
