85.25353
386.88892
38.9334
517.5003
116.903145
-181.76219
54.34902
114.599075
198.09467
736.33295
82.49386
-498.2562
-377.85934
27.426311
523.93115
-182.9854
-53.60218
265.4406
102.034805
220.6615
242.4151
202.21677
-65.54986
255.77837
-480.8606
-215.2194
65.80262
199.49759
117.9147
-30.94628
-16.818249
200.55888
-285.1157
370.78812
538.4115
226.11813
31.65473
0.44600248
-449.62064
-353.3234
-101.04282
-39.30599
422.782
248.6488
424.7365
137.83237
364.10165
-198.08046
-68.380844
-145.42503
-238.49402
175.23334
-28.298046
196.5172
-174.64836
-74.79408
702.976
34.53206
6.713431
120.74881
-363.30927
-202.66351
454.88806
-185.52031
258.11627
448.76688
51.317825
328.3211
306.98505
118.05138
-226.06902
100.36224
-105.542786
192.85184
-156.01189
-102.71593
-111.96275
37.85936
-95.82461
364.6328
-444.96918
590.4831
73.848236
-65.68885
-248.92311
408.6384
-29.403627
232.58597
335.7801
163.31908
406.5931
-119.89889
880.6397
-560.7485
-474.16702
426.41418
-466.54678
-425.14465
181.35172
-175.90906
-475.28046
-151.78902
315.72092
-123.635
-678.1431
-68.65998
91.227
250.44888
-421.1385
290.54123
-455.59793
-161.7557
418.81723
-485.72284
173.72064
-2.5022237
-1.0054475
373.33765
189.77821
-43.14894
750.1722
443.70184
76.95092
-293.4824
-429.51285
109.152916
-578.0815
-245.45828
524.4195
72.34273
245.73497
349.14484
-315.74548
-192.27017
-229.98956
191.08943
431.1631
-419.48608
-212.06934
-142.2731
-252.71854
400.13248
-198.51662
-644.2533
168.50891
7.4865637
443.1216
-227.1531
-96.60263
-143.74072
-39.150734
6.2536893
347.9141
37.954792
-130.38034
-68.36453
-35.415684
41.62632
-410.70154
196.45218
-126.64288
-228.97345
58.349846
614.3826
66.14543
14.491651
-58.695183
-79.73307
38.002758
-191.8225
23.166285
190.62685
-91.72463
372.04727
59.84659
143.67583
193.66829
398.5304
283.3099
-271.99786
-222.19649
10.716794
-53.21438
-354.87262
-526.86993
123.954315
342.0389
-43.25268
-25.945848
478.9068
-119.54028
-143.76122
-132.80803
625.4157
412.2238
-449.37488
-1.429333
74.009254
-836.14465
141.99338
10.434292
143.8245
280.25854
-23.841076
-26.494993
256.38098
-398.38873
662.632
-591.16205
9.224445
628.7947
74.53713
-860.9123
-104.86404
-43.07685
305.92844
-237.87381
409.13193
-250.92796
-103.92228
-0.3135662
193.7749
95.19853
-834.3514
-108.93562
98.20545
-166.76195
56.71842
3.8487017
-354.8319
379.0828
304.6165
-47.960682
-123.23284
415.08435
-321.8428
-34.33583
72.40826
5.9810085
-250.9854
9.384196
-131.17485
-301.24677
-295.40106
344.42978
-242.1044
76.456314
-103.34127
107.66357
-59.12011
-709.99646
96.27649
-74.40548
286.0548
172.73457
-43.430496
282.21997
-294.13998
-472.96692
-127.614105
379.0014
83.25233
-71.38081
316.0552
77.22397
-516.76495
-362.71643
-189.51335
266.565
-526.31165
-183.7263
-222.90909
262.76566
311.4063
-192.06012
-271.8808
50.09777
30.497828
364.47153
-17.623564
115.258965
-17.42957
0.5934591
-178.426
188.93164
229.54726
-348.50723
-340.8956
0.7680478
-134.80377
116.76063
-281.40918
411.14673
557.2863
-73.90721
99.5694
208.67987
-169.28366
120.905685
-27.761093
-201.92151
439.98315
-460.99542
-459.4405
208.3836
77.8
492.9023
-66.24093
-144.58139
-11.270946
-58.784485
145.23134
8.805104
353.43658
-613.85706
341.21228
-209.9341
132.14215
5.440124
-342.45938
41.79834
70.068695
-1084.866
-588.5993
-325.71866
27.933193
40.32439
-87.956474
-157.04356
367.14175
-1069.9648
347.17566
-268.42227
648.5311
-241.633
260.6399
-383.21112
-368.91592
-328.2786
353.55408
226.90123
-39.255215
-517.2392
-66.46936
-245.30043
173.59723
238.40749
367.90802
-312.88336
186.59216
580.19763
36.22096
333.85452
-111.14993
264.42407
-335.62256
-201.98824
175.36215
-390.96854
-82.38159
-45.952515
-266.73453
-417.95917
-70.97482
-213.72585
138.83757
-401.6358
271.2373
-79.8319
402.08914
186.64648
-406.83847
134.79292
555.128
149.86938
-308.5551
-692.30743
-0.40215313
-134.26682
-420.55234
79.24317
-29.61006
-413.41202
18.231115
-443.80856
88.65254
35.22834
-21.67378
262.16095
228.83408
299.56412
-15.466129
-28.04586
-42.306263
234.40817
8.015177
170.38696
757.50964
-307.82578
210.58383
-171.77765
215.5682
-70.657295
534.4265
-108.22829
-89.07448
-13.469046
-602.9722
-363.16776
-34.751266
315.1647
84.05759
194.636
778.8793
-301.04056
205.02681
328.29605
-40.96618
-112.712425
-31.544205
113.39961
41.817986
90.28528
159.36067
-25.409311
171.75615
-432.98672
172.12106
-373.74072
-1.6210318
221.6765
-94.92839
194.33969
-58.311584
203.94533
90.970146
163.77304
-124.73095
-16.22632
-80.299835
-129.47714
47.702625
317.35217
-384.9811
190.90108
-558.03973
162.3508
-12.72532
526.47546
-195.1464
288.23074
-104.56448
-3.6096063
270.3068
-70.14751
297.7968
-182.8165
766.3595
-251.8944
-85.70596
-303.6107
31.10565
146.70937
106.18675
-600.2002
-551.2308
-134.03699
640.2107
-305.8366
-412.83212
-504.01505
-278.1476
175.1523
292.67505
-288.39795
-422.99533
340.59216
599.2505
-269.68515
468.62616
1.2951739
261.0945
-304.8032
143.21707
-582.07806
54.26794
2.6571136
-244.10669
486.07834
229.1016
-290.51917
107.36336
13.52582
108.46176
290.6824
-148.51219
-90.48116
-425.67224
-80.725075
-590.3672
341.24924
-196.6053
-261.02267
350.76828
-289.96298
-37.724625
-221.52547
-638.3772
237.53702
-52.33323
20.433125
272.0777
-18.065294
-148.36176
358.6741
255.93288
-249.87012
-3.3501005
139.57141
353.50327
532.8942
-160.81958
-115.41715
20.039503
36.54305
-91.01603
-159.35341
361.7034
602.7555
97.8113
-236.15396
-117.19792
228.22006
107.00859
-309.6362
-520.9708
206.02629
370.6639
-137.9097
633.9793
132.41441
-483.2366
607.8141
-83.63171
-109.76816
-109.11916
-494.89563
352.40027
-279.9654
304.14935
167.24783
-230.94083
-249.9698
-373.8932
-474.93973
72.78993
19.967806
186.8811
106.972626
-251.0491
-89.75526
-674.72473
371.4923
332.42978
56.938957
1.2405612
507.77786
-6.073209
216.63806
249.3132
73.20365
-120.06401
481.21732
-385.7285
666.27594
-16.412483
-134.954
-131.91284
36.838974
370.0847
180.87842
156.17014
176.43684
-132.87183
-174.22899
175.27235
-237.87637
-28.257019
-261.14517
185.80753
441.66177
77.10718
725.7326
-379.75604
-135.00354
101.73799
-129.94717
-32.911148
60.020428
307.35468
-567.09314
6.30402
-282.97748
328.6885
205.44118
-335.70508
-107.738106
-141.97165
71.37895
11.796605
323.19366
-220.10999
439.00583
-213.83572
230.41446
3.586826
-121.17617
309.8671
600.631
617.9117
-389.9208
-143.53918
-238.07777
156.41971
317.0355
70.21763
48.27743
185.10716
-519.0889
-155.76212
209.07938
-29.57002
-264.54523
-120.242744
400.99356
210.3832
123.12073
-480.2775
270.1934
79.30858
103.675835
-381.8958
-270.17352
-481.44553
251.71872
-461.92303
208.65184
-8.732832
