-321.84198
782.397
-17.32684
436.69873
-51.442825
349.97498
184.4039
455.9954
423.1647
-62.52633
459.39984
-1171.2188
61.377205
-149.2015
-232.56009
-986.3643
-361.4456
377.28412
20.024717
593.0089
-313.80243
-1037.5941
-80.51449
180.14282
-563.5384
-307.33035
150.54514
-93.68493
-566.715
-3.8568478
-195.31013
-301.60556
-214.00641
1013.15356
628.1734
706.3061
538.42
-65.591896
108.69465
-531.49927
-660.74585
-769.4082
-33.823303
123.02389
377.7572
506.63177
-23.767696
-368.22226
-307.6446
316.00592
-461.98645
383.46536
-335.0547
14.810407
448.49893
247.53574
1381.7593
-722.9968
-642.6317
-195.6385
-271.23727
477.92322
314.58356
-531.5573
380.38876
88.02494
4.076656
-245.28096
1093.4843
331.90375
-257.10864
213.4167
-39.38315
261.47702
202.474
-143.23004
-282.5928
70.188866
-225.6734
137.58531
-638.2112
-220.70552
-748.3237
-470.4866
-847.32477
1059.4865
-719.5409
1237.9374
985.12976
174.57053
-400.592
337.49203
830.9126
-1024.4795
-469.7552
308.24167
461.7926
513.01447
516.5922
156.19609
-904.93414
-429.4768
-541.34155
-48.05174
-1307.7806
255.07835
1510.1964
875.61505
-185.89587
-37.945312
-785.1235
228.62881
386.80795
150.0848
448.08047
-210.61797
243.93826
477.14993
246.91707
-1201.1616
1139.7804
96.75639
538.73486
-631.7235
61.940968
235.1742
-787.7871
-672.95184
754.6606
51.984238
-286.57428
331.43494
-948.39325
-216.92795
-660.64716
461.40265
-494.2058
-165.02396
297.22934
-168.48305
52.131325
-322.14096
-1625.9751
-1163.5955
-513.79755
754.29877
604.6196
995.30963
163.23691
-581.2138
390.57324
922.30237
177.78728
-298.4937
-30.128876
133.74155
-582.30005
-81.23783
-1317.0245
277.8653
563.4111
-887.9214
407.7994
-109.5051
180.28296
311.74744
-986.3003
389.9851
452.07877
-883.2427
-257.9911
-130.40434
455.8016
327.2217
151.26765
325.76755
136.70985
983.6841
505.35544
-773.7143
-116.12808
9.810503
-88.376854
-105.80592
146.29526
-535.1485
819.0784
-482.79468
-654.0167
1220.6357
133.94089
-502.2593
-24.864754
873.24744
588.31055
-154.17308
275.44208
-351.23398
137.49129
-406.688
-353.84952
1059.3789
81.73634
310.79486
-196.24307
-200.72446
-124.40456
-13.99195
-695.7119
-634.65955
804.97986
298.3275
-854.5721
-665.3628
740.5454
1379.0269
-421.05988
1214.7623
58.39141
-321.97354
103.846504
457.9626
573.19415
-1085.6338
-1003.9895
395.20605
-571.9519
214.48106
427.70633
-619.32227
-134.15495
806.5988
-53.515602
-603.77045
202.01576
-505.09964
28.172832
333.32455
-633.71594
29.870876
-431.7769
533.78424
-64.43502
-332.6275
721.5325
-519.9415
-652.2821
235.55566
-1196.2699
-98.72857
-599.77167
1114.7491
-72.15582
393.748
407.34903
37.44894
241.65395
-21.192463
-549.15063
568.47473
112.64769
-504.4649
-356.16742
-271.04825
10.420639
-753.15906
-516.6594
64.785904
-205.73997
-314.41663
-34.903503
-1387.0138
559.4597
-3.0371432
-116.09495
-436.81793
-334.42477
474.93576
798.2893
73.25474
162.24304
17.683413
219.49385
146.31607
776.94617
-539.4715
-814.16943
-757.2413
238.74173
27.17178
417.19867
-74.27167
417.35477
842.8377
-354.50253
210.43279
563.1739
-713.88196
55.723568
-294.34583
-143.8038
189.87852
-876.6997
-833.4535
-101.72125
-81.06449
504.85068
-239.95155
-165.90588
-219.22179
163.45416
-83.094635
51.28908
-133.59892
-548.0985
-31.628607
-241.63826
-660.5145
-587.54834
-122.58937
-348.7686
139.94638
-823.1987
280.69473
-437.21783
1505.9144
701.975
-149.17155
-147.73566
436.31763
-847.56256
189.3759
-101.39511
911.4018
-933.77625
705.3708
791.62274
224.96533
296.65784
1053.8258
277.13144
-42.3618
-1159.057
151.36298
-686.3226
470.98624
5.1875257
1268.3625
-65.338135
913.9791
289.31573
494.50232
40.949894
-25.508205
121.82906
-226.6178
-48.587395
-63.13959
-627.06415
46.07148
-21.340187
-156.57552
589.5565
-280.41647
-942.8529
259.89725
-692.4015
323.51794
-282.37878
801.4492
206.4169
-353.4908
449.64078
224.1718
1039.5735
-439.1776
-229.05107
339.46725
-425.2146
-942.8612
366.20517
-253.63159
-560.91064
-368.86374
-1037.9806
184.42703
-111.47785
-626.13776
218.70598
963.1836
-16.581646
47.729816
-263.08255
-158.75966
-183.7525
-257.18472
112.141426
1021.9069
-913.00385
473.5779
660.2507
-308.35886
891.5401
935.785
-558.47455
335.85858
-429.97168
-398.11646
-1855.3898
975.85046
68.48378
5.305375
460.34854
501.95352
16.739853
-603.5767
-29.533846
-18.048105
-495.63498
-719.63654
208.46666
-3.1513295
262.6155
255.94135
271.01483
290.4864
-327.30356
-341.19968
-774.4641
-374.10556
822.5178
-838.77234
52.951298
-891.46265
397.14606
187.7912
-277.96033
21.251038
-132.29451
-217.52676
14.138995
455.15112
440.35477
-146.4913
-137.96556
-570.06836
-48.00073
-290.03632
369.65497
-438.22818
-148.29366
343.35486
-127.921555
527.8769
460.7726
348.42084
-762.12476
147.65024
-301.6045
-399.9005
-26.916185
157.002
-92.73826
919.7209
323.14014
-252.26427
-1127.6509
792.0068
68.70422
73.88382
-383.95023
-429.29712
-36.680683
156.5995
718.72235
-583.99457
555.91516
1000.5182
-509.16547
-416.19766
331.34628
138.7433
-965.7399
-84.03329
57.645424
-924.2189
-735.1957
709.91675
929.54205
261.14374
-36.751083
802.12665
255.3378
-351.27426
-34.142582
-613.0816
-280.77823
152.18138
115.74158
160.00305
552.04126
-357.37646
-1080.6401
400.6602
-325.68817
246.30252
-454.46823
-34.253128
-533.30023
-282.61838
-395.88962
19.640486
18.615107
-931.25024
328.35025
-488.44092
101.72868
156.0714
400.89957
103.22522
849.8251
731.10223
-385.59225
-324.69446
465.74557
10.260691
-532.79517
667.50195
818.41284
405.29816
-777.9045
101.79168
1184.0881
410.5807
-162.33643
77.01917
109.06185
647.2009
-786.2648
817.7419
-232.28258
-484.44455
-239.05898
-38.017124
79.30718
560.6015
-169.04782
-437.86383
-1010.99036
282.29837
181.94276
795.4785
-45.269516
299.6087
-919.464
165.0696
-5.399002
249.87683
-124.68607
-275.18448
675.2713
-1255.8481
772.4726
843.4307
-473.27283
-235.08879
337.46967
-646.898
337.64987
-262.45532
-143.77234
187.57164
551.92566
727.4163
348.2536
453.19055
135.61255
481.41626
127.02187
466.65012
703.3726
37.106956
1243.1704
-332.52274
-1197.7087
-129.83153
-1018.3901
-490.83652
-1322.5549
557.58203
-249.16864
82.30566
635.16016
48.68534
-1105.4186
710.17365
-255.97704
-989.5178
-229.88455
387.667
-523.956
123.184
-132.70781
1276.995
-1109.1759
-59.82472
445.9595
-494.6951
-94.879036
-392.76364
458.9334
375.80344
931.0926
234.63501
-101.08279
-660.49994
170.7084
619.4657
1007.881
1074.9015
-507.9075
-761.25793
78.920135
-63.97572
-558.937
513.8317
-668.9717
1216.4656
-361.12567
-556.4597
-194.43567
-530.3402
-59.04215
500.7735
754.13763
-634.0378
217.93756
-551.27515
810.48224
236.36446
-286.19357
18.666986
-447.6737
-98.10377
567.74915
-1397.3809
277.0052
90.39123
