-193.72568
791.80164
-38.299007
451.2571
-218.92317
264.05746
135.60927
598.7409
424.7114
1.2874677
267.94336
-1043.5637
-65.54986
42.28203
-138.26
-903.1694
-463.5987
382.87457
-136.66225
452.84497
-85.20201
-941.79956
-157.06154
177.89992
-656.5852
-324.1705
184.93315
-190.26083
-548.91
73.20222
-203.55263
-343.7436
-260.9479
987.7555
660.7591
501.4993
492.12567
-14.416099
131.30872
-374.15726
-617.5378
-674.66833
-10.22736
128.40517
285.8167
382.73755
151.8423
-323.97333
-238.31378
386.43655
-385.56503
290.64166
-330.27136
42.014004
488.38968
349.43765
1292.6796
-724.90027
-700.1799
-72.61861
-317.08948
279.42493
415.95837
-541.7433
332.7144
180.55183
-36.883854
-363.20026
943.64813
471.3966
-199.58409
281.14243
13.437337
132.76242
114.59874
-151.67778
-255.06764
152.16245
-217.04317
44.262344
-417.98212
-211.82266
-660.8123
-388.7258
-923.2936
974.40155
-895.3584
1102.8813
875.2986
146.24155
-473.54712
489.8772
874.10583
-1094.4816
-456.49844
173.53598
527.7547
432.9708
370.7643
-62.585365
-850.6068
-507.70233
-506.91394
32.203693
-1082.9874
246.67108
1447.5557
745.8684
-333.1517
-44.11952
-728.44385
140.48532
397.1872
30.078283
540.54
-139.34541
95.22543
483.7112
293.23233
-1071.6029
1180.7917
241.95773
449.04678
-530.7171
32.529243
377.8795
-780.41266
-659.24774
715.9816
99.65178
-278.59454
400.23816
-864.79846
-186.63342
-736.17926
309.52884
-336.7641
-76.13616
281.2703
-221.22475
-32.12403
-254.6244
-1295.6483
-1115.5804
-466.04837
665.59235
601.6907
981.8449
264.70255
-465.20816
380.88684
816.01495
-7.4957724
-468.01016
-75.21585
192.55241
-577.5445
-152.33794
-1217.2983
361.1489
582.76385
-846.042
383.8016
-129.05365
345.98575
316.5163
-907.94745
488.33536
442.55118
-850.2569
-328.97998
47.164917
454.1511
398.31247
-115.49707
306.7749
116.21278
927.17737
638.3813
-871.6316
9.376862
-13.938084
-167.27704
-3.6303344
116.16904
-460.50546
659.57074
-468.52573
-663.1653
964.6446
202.16399
-658.7024
9.289418
774.64185
404.12204
-150.60341
433.4122
-279.9812
97.78952
-347.2228
-346.35464
972.7273
173.72679
457.1719
-122.461975
-141.39482
-265.11044
31.96072
-629.5115
-518.41956
760.70154
160.60431
-839.0045
-657.1961
798.6972
1354.5575
-584.895
1110.3888
-17.595469
-324.735
137.94312
389.59543
686.65924
-1040.3605
-907.98804
327.1397
-602.83124
125.026474
154.5572
-787.57526
-201.99773
715.27295
-69.189255
-396.27576
327.50934
-452.8006
68.389206
611.62726
-545.98004
24.997519
-456.38458
587.9454
-36.753883
-390.18796
834.849
-404.08398
-654.4954
374.22354
-1204.8196
-162.02316
-728.5777
991.98236
-216.75818
332.53967
384.78806
80.211525
220.1326
165.74713
-601.6863
532.2781
-45.104473
-456.5771
-431.202
-192.72314
-6.12329
-964.46387
-461.63266
-28.0318
-185.8425
-396.65118
-109.00267
-1324.5155
603.2273
-110.68205
-114.877045
-595.95557
-394.61716
525.596
767.29504
226.15195
196.4668
76.10759
39.99234
385.72537
773.23627
-383.2003
-1017.80005
-757.8433
323.4459
-87.406364
504.7931
-102.30152
384.14377
632.96497
-192.0942
303.90942
616.93805
-566.95795
97.86319
-379.08597
-376.27325
244.63992
-848.3429
-757.8263
-39.387753
-94.39262
425.92883
-137.1121
-113.60811
-41.355392
123.60069
-132.88466
84.313034
-104.69472
-740.7264
-132.19803
-118.055435
-580.113
-645.8377
-214.05495
-271.41064
67.23873
-977.22034
259.6357
-323.73813
1184.4857
549.7678
-123.34014
-197.57143
445.8618
-866.0499
227.28644
-94.696434
1035.197
-836.23987
746.3547
823.75024
79.734314
291.30133
1137.5472
314.43225
90.63484
-1233.1079
151.08101
-734.10925
325.64987
-28.332664
1311.4377
-88.32098
848.91003
41.26914
287.8031
-16.473906
-73.39093
246.01987
-176.43996
-124.28012
32.705406
-503.88672
-125.68851
114.28829
-64.394
535.8442
-290.32166
-932.2219
361.0349
-790.9153
354.95755
-0.4220338
818.90393
155.24854
-458.25995
389.55435
273.83606
1047.5591
-413.11093
-254.60966
278.23492
-224.46458
-963.3584
207.59738
-314.11606
-338.1955
-310.63873
-962.56683
183.3041
-77.294
-552.0728
122.93968
932.9718
137.43239
152.176
-364.1085
-70.43046
-305.62433
-210.37971
78.3002
888.4044
-861.34106
525.784
763.856
-433.76807
928.1769
1018.10504
-451.17456
221.21606
-547.66736
-298.8906
-1656.6389
851.4298
58.140266
82.79392
436.58957
293.5455
-1.0027783
-575.55164
-11.382862
27.861315
-583.7108
-668.0732
89.08953
-131.37466
193.45479
304.9985
202.2115
214.11781
-207.90579
-344.05566
-574.34265
-361.88864
847.74536
-640.60925
-48.11577
-718.1869
429.98672
146.64056
-160.09813
-2.7984858
-240.3813
-236.82774
141.42331
238.68138
414.36917
-134.58412
-244.79295
-528.5785
-142.3823
-220.59662
359.1455
-536.88446
-45.878082
403.53778
-177.50212
583.0646
512.0039
315.86508
-759.95337
262.8828
-337.25897
-412.63754
-86.37191
250.61917
-144.44577
948.5263
334.15366
-278.6322
-1089.5881
943.6819
315.2015
176.19795
-422.1071
-432.4368
34.72803
344.03702
702.9605
-561.7355
394.25668
941.48834
-567.76776
-378.10352
348.38638
180.90439
-940.5507
-119.70527
122.419075
-1116.0408
-785.6523
715.71783
780.62537
177.71399
62.31755
766.7133
256.01147
-479.83835
-46.555008
-611.5325
-226.16112
-28.341175
267.18652
367.28073
397.51227
-226.30664
-970.40533
484.38226
-291.3011
281.87518
-512.12585
-12.456617
-511.68994
-290.69955
-215.93599
54.598946
-62.36367
-956.17993
394.2432
-511.60242
35.18269
223.56735
328.1923
69.707466
939.84515
614.34845
-392.1532
-288.6958
542.3974
-65.05331
-510.3135
808.3429
764.01263
421.4408
-813.5852
3.330512
1275.1237
429.87033
-90.66625
162.79672
-85.44589
655.46454
-620.403
746.8812
-256.54092
-290.16315
-348.1046
-212.39156
-13.038089
535.5341
-13.178644
-314.5728
-977.6777
213.78282
191.26974
719.5455
28.869677
376.1463
-1017.25323
295.59427
-15.248371
15.572226
45.16376
-284.4654
589.2271
-1305.9075
678.0784
850.573
-371.38757
-145.63583
382.58948
-450.3889
335.0275
-65.030235
-216.0347
91.151726
503.71576
584.9362
363.7126
404.93567
24.894053
382.14664
-25.08798
531.3072
747.8327
-158.72183
1256.7478
-176.74544
-1258.7855
-16.582092
-1042.181
-488.42816
-1249.8656
639.693
-251.47685
17.445145
792.09375
-72.326195
-986.88855
490.13547
-218.72122
-976.7076
-122.55356
504.73914
-465.8883
-108.997475
-122.82156
1297.8939
-1154.1482
-79.978485
304.4312
-146.41924
-203.40504
-502.8148
502.04062
430.1382
1060.545
294.8275
-172.8061
-549.9737
77.3696
576.2988
1118.2454
1051.0203
-529.1589
-587.6094
114.025085
132.11969
-615.1759
394.04605
-670.8312
1248.2494
-220.58273
-720.00354
-87.02007
-432.13303
-201.76381
378.67383
730.85675
-536.1928
89.3935
-487.62122
621.0545
153.96185
-164.78893
113.68054
-676.97656
2.2732038
525.3323
-1511.6707
250.93642
292.27847
