139.45212
796.33
-15.33416
722.83435
979.15765
1132.2881
-744.7147
841.05804
0.5696578
-194.54967
-402.913
-1716.12
-645.4543
-752.9771
-216.48459
-1084.2445
-609.48083
484.56302
-178.64722
1399.7405
-264.27588
-1505.1558
-487.2744
-275.03583
-419.63223
-195.96227
-864.98865
198.01157
-805.5944
743.82745
358.57086
-290.30618
309.84296
1672.723
1130.1316
1077.4808
-90.84782
-712.7033
43.194443
-167.29941
-968.39
-488.82593
-810.5984
681.9273
386.5038
-575.7226
0.5009686
-1016.1663
-928.8989
339.95016
159.24289
97.373604
33.848053
-1340.1191
805.7777
446.93073
2176.0842
-489.08823
625.98627
194.94048
-199.32367
-293.07166
555.5681
-461.864
-316.21185
246.99255
-340.38818
224.66736
1750.1224
-11.3379
-623.15924
500.65366
-145.12437
-230.3112
188.92632
-1851.7063
-579.4966
-1601.0641
-133.6429
673.1244
234.85606
-690.2691
-1006.81976
-1331.3903
-515.6189
1920.342
-1419.2585
830.2375
1243.5054
588.0141
-774.8623
42.527935
744.8444
153.68001
-130.23253
-120.85814
1146.0817
1179.245
786.9727
6.0999823
-1106.4648
400.6098
-833.608
-497.5188
-808.4055
-105.95205
-34.87462
973.28973
-192.0666
-512.1403
-1109.3448
1003.98846
245.77234
-216.88596
1397.4769
-268.33325
-461.57513
875.65424
-47.12096
-1725.3981
247.2523
641.40454
546.7903
-223.20291
314.46896
605.4578
-1020.24084
-772.1683
778.57904
-595.7523
-2.7180088
39.408615
-561.1401
-807.26855
-91.94604
-769.3919
-529.8898
479.30087
154.57951
633.5755
-271.90176
390.2244
-1949.1234
-1485.238
-642.7844
1209.3673
-80.348236
1402.6129
-14.977895
-347.84766
544.92554
1148.6653
-64.38353
1.0530591
-49.261852
-282.54663
-374.7461
2.9061356
-2141.8594
877.3839
706.1119
-1314.8424
-119.75437
-227.03877
1747.9691
863.4407
-290.61453
-69.18294
693.3235
-1079.0023
-374.23413
-237.1923
-264.0057
835.89233
531.977
576.844
-84.15262
619.835
469.01224
-852.04034
274.9768
597.76697
363.494
-454.28687
-45.87619
-435.9426
941.4933
-656.2306
-1093.5947
330.4736
21.844137
-719.2049
287.48184
667.0753
619.3755
-665.9445
1093.2294
-266.8628
653.44806
-47.539463
-341.58487
1123.0977
160.89796
775.5554
82.50847
463.57538
468.75726
-889.85284
-1618.895
-887.89856
-331.41916
-202.76251
-945.1084
-1773.2213
584.54755
1988.9656
-440.70108
1475.3228
-341.59503
-642.1552
52.45629
207.7197
246.93272
-716.1816
-330.5868
789.67975
441.08392
457.11334
1283.2017
-313.1751
-435.27124
1189.1282
-51.174774
251.82144
666.7237
-1454.812
-1713.9379
1108.6078
-791.6859
-186.83006
367.56784
1243.4539
703.56665
-407.48312
1359.7043
15.563764
-365.2267
-709.2444
-1757.8003
-824.3411
-1494.9641
1559.3734
328.52206
878.1443
-405.24707
513.61444
1054.9272
-18.811007
-1004.01184
1070.9974
96.19112
-282.17493
536.4736
645.5858
-408.74454
-690.68414
63.84673
59.315575
611.8546
-1489.4573
538.7123
-1403.0798
-4.915455
-1185.3687
405.27698
81.51389
-756.7478
871.30664
1382.9626
875.06665
151.082
58.09591
452.17917
844.35046
1766.6792
-891.6615
-1302.7828
-1251.2166
1146.8232
10.206535
345.0178
-335.34863
-136.12099
578.2041
-834.0469
117.10211
-214.02736
-295.45132
-557.4458
-668.8688
-869.7759
-717.5794
-250.23181
-814.9995
-466.2083
93.85408
475.5621
-489.82144
-1231.8473
-12.812326
-630.5993
-1789.7466
-445.63214
272.32574
-712.9721
759.8979
-958.79895
-1022.66425
-1163.4034
471.03854
-508.99512
-67.121124
-559.01965
-174.98802
-73.77909
579.2237
765.3968
-865.31946
289.6868
-350.296
-90.80111
33.88875
-579.14185
358.77005
-1020.89813
1115.226
893.6415
-257.08737
189.16133
645.79004
387.40408
361.4327
-346.1691
-832.3879
-553.52734
1018.94666
143.07045
2143.1196
543.9676
750.9563
-210.01163
344.54962
-149.38716
392.84103
476.95148
-763.29565
319.4555
-49.672935
-311.3674
19.38754
777.7615
76.14239
33.85752
-823.1227
-600.01715
322.27966
-758.7022
335.01093
-216.7254
1664.6676
465.33563
-1286.8169
-253.18208
251.58592
211.5866
-507.3312
410.40894
1432.8672
303.37875
-1232.891
66.44847
-451.78043
-500.93555
745.385
-623.126
471.21722
-296.83585
-1065.5042
425.94812
350.67514
-872.98413
-1334.5244
-733.7126
454.14624
43.150253
621.8327
528.07245
801.2075
-610.39636
75.956924
693.8817
-1498.9308
691.2662
1319.2411
-859.2314
-173.62299
-1067.7089
-196.42787
-2783.1135
1093.7565
888.59625
-670.9091
1304.6606
-92.67577
566.9813
-242.36934
-699.2558
870.8657
613.74316
-982.6455
444.4762
1234.4116
803.4981
16.132738
415.82535
-172.39597
699.6127
-247.60435
-938.8837
-1251.7437
835.88416
-433.0281
498.2494
-660.82
-304.98825
620.2518
-422.89252
-299.09152
-811.48737
455.02234
-626.7193
1202.8237
249.9398
-161.49245
-453.01224
-886.0693
-1283.012
-14.070133
860.9406
-969.78815
-617.08246
1242.2189
587.1565
703.081
1670.73
-425.2741
-21.58369
803.244
-386.78485
113.03646
-66.28128
-170.68517
340.6702
554.1884
1082.7086
82.14186
-1765.9609
918.765
-169.54756
197.4474
-536.9949
789.5322
243.28314
-20.771635
1486.3068
-615.9856
776.1926
1759.748
-1029.363
-1446.1117
381.40524
915.49695
-852.01276
-67.48283
73.06489
-778.122
-1143.1533
1584.7283
1925.189
1239.5725
-266.4842
1414.1917
160.81323
190.95442
694.0075
964.1002
69.94855
-500.74948
108.62379
20.713112
-121.08649
-781.0865
-595.1295
305.4686
-817.1015
345.4951
-23.14635
-38.19712
-1130.3568
1524.7251
-737.0918
-1035.9606
-586.2751
-854.1481
1109.1619
278.31653
334.1766
-24.52743
415.86182
335.80856
802.4695
630.67596
-747.75574
-302.2864
-160.12292
-339.84378
360.75574
1231.5309
1537.1835
966.5703
-1062.0801
345.332
1974.75
329.92786
284.97034
-643.9536
482.18304
578.226
-687.4373
1804.708
80.374344
-887.4139
54.159035
-1447.9016
1178.7849
1571.403
-638.55865
57.707397
-1100.3524
24.08266
721.8313
91.93156
473.7648
-91.33112
-1170.7164
-153.60408
118.479195
717.4397
-925.7429
-366.40555
1337.152
-2112.7031
614.2265
1120.3026
-400.75696
524.37396
253.54956
-618.9268
544.284
-203.25485
-270.52097
1401.7794
942.0745
25.537317
-142.54187
-433.53607
761.05035
-594.6834
-157.80347
1211.4182
276.17386
126.62892
1630.059
150.20786
-1601.4984
-733.0995
-1395.1023
-643.2202
-1508.5426
665.3975
372.85446
409.51395
39.898533
-384.2706
-678.2561
1517.1113
-931.08954
-1793.8975
-573.3588
302.15402
652.4602
110.757324
-529.8445
1202.7395
-585.8925
396.88342
283.8077
-881.6404
0.5551088
-212.07135
1066.8264
512.53314
927.28357
391.373
-251.30905
-384.41553
-107.01665
512.9022
640.4187
666.624
-594.5961
-628.0914
204.645
193.3854
-762.99146
1448.6549
-810.9123
533.33746
-78.7654
-1272.2537
-594.0686
-1992.9479
-677.9414
795.4323
832.77075
-969.759
308.19696
-582.5915
1310.4854
591.25934
-629.3753
365.3274
-939.4861
25.366102
481.63406
-2157.4788
467.17285
-244.7487
