-445.37744
374.5482
590.74097
347.72626
1292.0013
1177.2935
-552.7605
797.9217
-137.51521
-4.927987
-656.0405
-1392.0665
-1088.3546
-769.40515
-675.26263
-1218.6959
-1057.3282
609.9819
-112.719795
1749.6112
-254.01294
-1171.0734
-249.10866
-97.675705
-846.9118
31.662468
-992.22705
-101.67608
-861.5014
378.39124
325.98022
-174.66637
657.98193
1612.2153
1750.2688
978.1104
-56.731422
-420.13074
128.33243
-551.8747
-685.3774
-508.0099
-257.35025
439.12375
605.85333
-403.78323
-197.33702
-1110.3757
-734.36804
251.69435
462.91068
-104.94823
-41.374153
-1455.463
1259.4176
-273.46173
2051.5872
-43.77563
510.80212
-313.5753
-400.80344
-188.31084
501.30933
-620.8959
-209.4828
217.55894
-315.31985
417.27954
1921.0648
197.87393
-284.49197
132.23729
92.368095
-533.02234
337.93076
-1612.6902
-226.29393
-1236.0948
-206.38069
741.2806
69.1838
-789.8994
-763.01996
-1170.9652
-547.24457
2371.4424
-1190.3281
1243.3159
1406.5138
1010.86194
-731.0491
228.78088
1087.15
412.00012
-596.009
276.6089
1477.5461
1251.6963
1169.2751
-134.79231
-1194.3573
667.46136
-1048.0623
-371.1348
-398.91174
-148.29747
12.836996
1639.364
-149.18404
-798.42694
-1509.1798
988.3959
227.97612
-574.02405
1078.7491
-13.617039
-497.35416
505.68243
-610.73627
-2099.017
306.03433
846.1982
167.05457
-127.831024
67.76237
1098.2976
-637.75714
-808.4441
989.98303
-663.7503
-183.6522
-246.7318
-612.70386
-943.2388
-201.68343
-467.3709
-502.39978
577.1439
303.34317
616.23047
-529.64606
541.735
-1686.5831
-1360.9325
-528.6788
1305.1458
74.494026
1613.9666
-36.320885
-598.32135
1041.6145
1255.9779
-118.601326
-61.19603
247.31331
-214.83118
-277.10144
-286.0421
-2333.1492
729.0717
525.0712
-1175.4606
56.632954
299.15927
2022.7433
1051.687
473.18134
-63.288563
855.2811
-1595.1278
-457.42236
-320.94907
-223.72534
977.5154
505.15796
472.61282
-78.80619
520.0967
439.56064
-1344.771
-89.76068
416.63684
14.584764
-723.3391
-360.2897
-79.8375
1207.0348
-532.1713
-938.7535
415.45316
50.12781
-577.0859
-68.687225
795.1695
627.56714
-678.3714
985.73773
-419.63257
763.5201
261.5386
-250.59258
1411.2028
72.463806
975.95526
85.92092
866.1695
276.51614
-473.09277
-1545.2637
-402.26382
-396.00797
251.22162
-826.52026
-1666.8866
654.5975
1796.9498
-291.08667
1276.2185
-334.4539
-475.7598
-106.70083
170.17822
148.5596
-646.1839
-45.122356
479.16672
594.77826
62.452816
1088.1527
-921.3139
-426.97955
575.8242
-11.35367
369.08972
705.9815
-1373.6825
-1480.1288
862.33777
-287.34488
-317.9448
493.8898
873.94165
579.5976
-188.8691
1348.8962
-19.68628
-272.49393
-868.661
-1416.9474
-1022.44525
-1142.8939
1249.925
494.26318
752.7447
-416.67386
864.0073
1079.9241
72.99242
-774.6127
743.29974
128.23186
-445.08722
696.1724
796.3485
-456.21457
-822.81274
-372.63367
28.18716
655.89197
-1213.6863
476.73944
-1573.6122
-428.21866
-1372.7401
358.88724
459.3645
-991.58575
1212.4141
1114.1484
948.61115
-26.794456
-63.73135
542.3651
819.017
1399.4396
-1299.8633
-1518.8416
-1044.9116
1357.6581
-429.24213
-22.885715
153.51753
-609.82263
504.9582
-746.41907
177.95297
119.024826
-34.689
-997.0348
-577.20605
-774.49207
-829.0213
111.71529
-526.08136
-459.36215
-357.8388
592.14014
-681.999
-1388.7366
-95.097786
-337.64966
-1739.2153
-312.1049
292.53235
-775.8995
1271.92
-886.7934
-788.6867
-774.6846
495.55865
-323.0687
-94.990456
-719.84143
-387.24353
88.17642
422.21844
1213.4126
-445.4245
643.4133
-481.2301
283.9085
48.91233
-533.38
359.57266
-1453.8843
798.62085
665.38055
-110.09095
497.02756
373.58847
802.9811
406.44037
-506.68582
-419.5816
-675.4947
765.63104
20.103949
2198.8606
2.5650473
355.4534
81.18874
324.0825
-462.74512
718.92566
299.60068
-735.0787
194.99124
-145.86717
-322.86847
-39.858494
939.34753
494.32773
242.34245
-715.9753
-545.33966
214.23927
-625.4795
385.43268
-95.18693
1772.4274
757.08673
-1220.4237
219.26596
932.2411
-228.42874
-644.60956
486.12775
1143.401
-59.12504
-1611.2482
-240.05246
-161.59077
-625.4916
1330.811
-1050.7295
444.63602
-115.85292
-1010.703
589.91785
412.32468
-1042.2163
-1538.2107
-903.16296
448.75204
-106.86657
541.1839
369.77563
532.60815
-258.28366
-79.79181
837.40576
-1352.3492
865.27936
1322.9127
-1012.321
-32.992374
-914.90564
-0.72348607
-2805.0093
1549.056
724.8403
-818.6807
1507.4777
73.23153
545.25696
-500.54175
-899.2988
863.3469
560.1509
-742.0272
404.46216
1270.7401
639.5104
64.53642
220.94235
-114.35993
435.97504
-251.85963
-944.4078
-1200.3634
1349.7903
-195.41898
880.4455
-561.1144
-668.94037
201.85046
-58.75953
-202.2403
-1610.4176
115.48329
-430.9577
1297.3351
-85.28222
-128.18002
-634.03577
-998.86084
-1323.4893
370.5972
703.96326
-852.60175
-755.29114
1178.8573
735.6524
388.5612
1630.4371
-173.08386
328.2794
1047.8597
-738.34033
-205.91321
220.59196
-478.83664
362.49942
486.02725
1184.2023
45.280724
-2072.217
1226.6893
-668.81165
-65.13965
-628.649
601.67664
525.20844
61.760574
1406.6371
-729.17084
694.72064
1812.3126
-1326.9579
-783.57294
451.91214
652.3887
-1031.245
42.640984
-71.17724
-947.8545
-810.4562
1288.7362
1647.2472
1252.1528
-45.28137
1620.744
148.52338
-40.340923
587.94836
769.91144
-85.74505
-497.80328
323.1563
202.03792
-14.466601
-711.07965
-691.241
633.90204
-894.1508
255.51987
-37.239384
-124.60559
-1364.862
1721.3358
-927.78845
-958.2291
-479.5012
-717.1148
1222.2688
-33.53383
601.8749
-328.57516
541.33795
600.28265
938.1862
951.49744
-58.73
-552.3834
445.60507
-451.0938
257.96228
1469.2188
1365.346
1268.5038
-1376.6809
684.6762
2214.1565
231.54732
-342.68494
-299.86505
639.1226
753.0719
-853.5145
1986.9507
343.68008
-987.8906
-94.74928
-1650.5323
977.81885
1437.2007
-758.56335
195.61644
-1078.3734
-307.0333
316.10464
348.69208
266.7905
-344.01318
-742.5684
-398.71652
128.5503
766.638
-953.65955
-617.363
1493.2582
-2051.8364
772.5196
1255.1936
-489.27856
315.00613
193.1763
-462.16714
772.0945
218.25821
-75.4657
1488.2723
1098.8724
159.71744
-72.63537
-335.99203
761.6545
-500.56827
-106.8769
1372.8424
333.83597
190.88515
1835.5254
-287.4578
-1399.8995
-683.1472
-1539.2278
-777.78577
-1178.9922
473.24167
493.86984
307.9198
152.84978
-582.4088
-467.2719
1377.045
-1109.665
-1837.3455
-711.2555
108.38627
910.4832
269.64127
-510.14655
823.2697
-514.7045
487.4624
-24.6339
-468.66226
-73.67377
-287.8071
1106.6876
198.41116
898.988
512.94617
-496.28812
-10.259092
-113.82627
573.8287
954.9315
1115.2742
-583.99866
-418.20636
226.21033
456.91144
-772.8145
957.8118
-920.07263
426.9277
737.4922
-1246.6
-402.32248
-2045.1434
-815.05585
575.8768
906.6078
-912.2495
298.48407
-486.62625
1308.753
243.59149
-758.7058
341.96075
-1273.8043
-233.05779
917.2665
-2504.2373
264.39148
35.140636
