-404.79886
624.47546
853.141
310.37686
1266.325
1068.4148
-760.7474
799.4384
-101.854546
277.1996
-583.6174
-1416.1223
-798.7743
-999.88513
-666.43054
-1448.8977
-1336.81
573.97125
-251.38809
1906.7563
-152.60458
-1006.3784
-178.72954
-63.174274
-1260.1707
-63.78903
-861.4306
-87.97017
-895.5783
214.0619
624.5088
125.99282
801.00146
1948.2769
1625.0116
987.45667
13.634798
-657.74414
-26.603882
-479.5433
-756.25244
-623.7219
-474.5291
333.3596
916.83746
-596.13763
-338.618
-943.5805
-851.7939
503.2162
603.32513
-41.559883
-207.32635
-1410.6074
1691.3832
-508.86707
2134.1816
-35.40301
389.58563
-103.35475
-220.96082
-9.505699
291.86005
-634.7267
-82.158394
74.291115
-400.88354
296.50327
1733.9493
80.12707
-718.0896
-60.79212
156.54292
-330.29825
254.00378
-1476.4677
225.11894
-1460.4381
-277.66858
777.4412
60.18057
-746.0625
-701.6479
-1119.7095
-636.05096
2313.8062
-1221.9143
1249.2109
1438.5156
1007.1626
-450.30145
125.98323
1052.4843
540.5141
-498.7864
40.30031
1322.9641
1008.184
933.1865
-10.610239
-1084.6237
662.8375
-1222.6567
-327.89587
-293.06238
9.279394
-91.072815
1324.381
105.94861
-670.24054
-1730.4559
1079.0854
53.309193
-458.09485
949.35913
-126.48011
-639.18396
366.4844
-678.86304
-1962.6106
247.73975
749.46234
195.30595
49.31872
17.237705
846.9932
-670.9178
-1045.5924
1066.1316
-590.4018
-117.514084
18.693909
-815.52045
-720.1838
-216.68797
-607.5455
-311.10977
813.0243
599.00085
695.1965
-517.4975
424.24722
-1796.0931
-1242.3309
-335.5732
1381.0005
135.84398
1399.246
100.39619
-678.49384
766.5894
1267.0558
-327.5948
-367.94885
319.01282
-603.51965
-329.4701
-444.2634
-2517.195
794.00836
570.9081
-1134.1572
158.40988
131.41127
2028.1053
1053.629
160.90112
63.28542
746.0349
-1687.244
-378.1122
-478.68842
-379.12003
1003.7255
363.86322
301.81863
-213.46538
742.2894
536.8688
-1174.9731
-286.58945
641.2977
83.765976
-504.9567
-519.5592
-60.300823
1266.3925
-441.7382
-942.396
467.17493
46.56594
-835.59784
-206.4296
927.86304
559.06213
-650.7646
848.7402
-371.57257
964.9027
249.69423
-247.2662
1574.8906
188.48087
877.03
129.34987
940.57935
448.20145
-559.9935
-1704.0155
-529.5474
-231.10571
185.39037
-666.476
-1643.153
768.5204
1907.4052
-246.01306
1286.8029
-306.76883
-514.0889
-271.69354
54.754105
566.17163
-413.8904
-20.981361
544.455
806.43195
34.36386
769.45044
-867.3476
-560.0573
654.1186
-78.31412
620.1063
755.1817
-1331.4308
-1419.3167
1226.0331
-387.16058
-320.0638
399.95645
785.5441
813.50037
-164.88913
1357.4572
206.61742
-570.5342
-828.38104
-1283.503
-1191.5309
-1034.7463
1603.9117
757.0486
841.5162
-601.9376
679.8454
1193.0785
-97.5141
-831.36993
362.27054
253.26459
-458.69357
613.4195
1025.4469
-488.4437
-857.8689
-29.97733
-37.532417
1069.4193
-1499.7378
469.80298
-1452.1816
-585.01105
-1286.8716
345.0686
392.36542
-1005.3426
1405.05
1154.3192
857.9419
-113.85957
-201.01666
511.6699
901.49744
1335.6128
-1447.6366
-1460.5851
-927.27594
1360.1528
-257.74783
-285.43646
127.842926
-771.6471
261.00632
-735.631
45.014427
59.655605
-123.863174
-949.692
-623.945
-680.9713
-1071.9178
239.80193
-648.0943
-472.92764
-357.359
831.3328
-536.8021
-1510.7826
166.35011
-407.68747
-1762.9863
-342.26907
419.61563
-892.61633
1603.3329
-865.18054
-575.0239
-982.9354
577.17926
-210.80101
-253.24597
-803.7716
-523.3816
23.819893
393.9913
1508.9933
-500.0862
686.3817
-287.4859
656.2861
192.04498
-225.61336
382.7831
-1465.9681
763.5111
697.98926
-389.1909
494.80826
176.41066
433.73248
554.7809
-545.4542
-664.4386
-687.88245
654.5388
219.36722
2193.1997
-286.74292
222.4433
294.82108
677.1409
-576.8296
736.0859
156.653
-752.9501
526.9698
32.228123
-259.05408
167.81699
770.6474
601.2022
109.891975
-771.5432
-776.5507
324.90677
-673.46954
455.21997
102.646645
1725.1077
817.5567
-1243.8524
224.50415
1108.9532
-87.25516
-517.22314
409.9803
1101.6432
197.53079
-1491.665
-276.93472
-223.37831
-671.85724
1196.4563
-1245.6942
369.5666
25.575642
-1086.8956
684.8244
364.28574
-1115.1022
-1589.8285
-716.92444
463.38223
-156.9849
430.7319
354.90607
685.7146
-234.16667
60.56768
600.6488
-1266.1736
694.85205
1236.4136
-969.49915
-161.8465
-873.6157
-235.5462
-2677.5981
1749.8347
912.2662
-985.41113
1401.3087
166.39734
597.4608
-545.6701
-747.0713
1305.6172
655.09686
-726.1879
469.53342
1340.9491
324.1911
248.16469
137.41476
-221.38495
368.72025
-29.989046
-826.9584
-1337.8541
1203.9825
-421.55048
772.31635
-519.3421
-674.11365
295.03894
-61.5318
-247.42465
-1585.3354
219.83818
-446.04373
1346.5585
-29.041414
-171.12225
-617.1429
-1060.2399
-1555.4961
284.54816
798.9122
-1102.7167
-1123.5085
1158.5082
643.8851
416.53397
1403.9441
-109.77083
123.5221
950.10126
-773.12915
63.736042
-184.44675
-643.69073
443.76242
521.38464
1332.4486
-228.58936
-2049.2747
1293.0662
-480.14014
56.53169
-515.09186
532.6939
361.1255
34.050148
1573.0247
-676.3919
497.90765
1922.1367
-1375.3077
-642.7134
625.6743
675.46106
-1050.9248
59.411205
-317.79736
-591.23346
-784.67
1206.3556
1686.0884
1172.7422
226.67456
1545.2365
119.48769
-190.70987
539.2527
1095.0758
-48.653896
-376.2938
416.02853
177.94376
-12.029343
-708.4544
-764.03955
529.5072
-286.20563
115.57727
-253.72205
-212.10059
-1153.6584
1682.6798
-919.83234
-806.5464
-437.7921
-711.6243
1428.77
279.4821
545.3474
-368.28757
577.26953
637.8917
849.4231
1140.1067
-87.00947
-421.3904
478.40356
-583.0044
147.98123
1539.9279
1230.392
1280.0059
-1204.7607
744.6802
2384.285
156.63715
-519.5372
-104.54987
828.1144
892.72723
-769.9151
2206.508
655.37463
-1127.5284
-14.529686
-1955.5715
1050.0868
1369.2294
-779.77106
88.290245
-1059.2675
-573.3791
155.60927
-48.886463
310.3705
-819.852
-718.8693
-149.99878
112.533394
799.22955
-854.5853
-743.8486
1588.9249
-2302.0159
869.57227
1193.4141
-125.88541
413.71326
26.7214
-459.2384
840.3097
67.09317
-85.03706
1420.1914
1041.3608
-24.572752
-107.982086
-272.355
726.66547
-257.1678
-155.55276
1191.6201
146.03334
-114.05573
1718.0804
-177.98863
-1625.3967
-683.50946
-1620.838
-789.5548
-1200.0918
358.4345
0.2301737
533.61896
224.83275
-717.24713
-972.22266
1426.3623
-1102.0023
-1728.0634
-510.84488
-16.861345
1016.5265
181.25818
-343.63705
828.97
-768.28314
467.74188
22.781895
-636.56067
189.07562
-291.8691
794.77545
1.9619042
634.79376
283.32156
-517.2507
-138.61378
-50.41416
472.95792
787.2699
808.94806
-658.1704
-206.83438
414.4792
378.68253
-804.247
829.17975
-1217.3528
485.97034
615.4179
-1288.3673
-522.01685
-2073.5083
-562.43164
391.73984
860.91943
-991.36456
148.80853
-444.67123
1223.0214
250.50874
-587.3167
443.0254
-1100.341
-35.551044
879.9456
-2374.2908
505.35397
-101.87292
