-945.2191
445.49387
1459.622
475.07483
1221.3658
1319.0688
-660.09906
928.9784
445.90198
334.141
-754.65436
-1248.7744
-843.2238
-1010.3786
-132.57887
-1998.0161
-1896.4293
58.46555
-391.4089
1885.7843
-1085.317
-1051.452
-241.49046
-547.3106
-1099.94
418.63998
-158.65504
-199.95569
-2044.0873
208.70145
652.1127
274.5656
1167.6244
2445.403
1540.1981
1305.8885
-591.8966
-180.08862
-239.11333
-596.39
125.1581
-1725.9005
-583.9779
1539.7163
1066.9783
-688.47986
-231.17902
-510.4149
-1532.84
622.0407
968.846
90.5595
-0.9416559
-955.7146
1898.3425
-959.7076
1729.4359
348.21533
412.18753
-193.76286
-192.28416
218.80605
-80.301025
-1622.2821
-161.40465
956.48956
-1191.5155
181.19228
1685.099
58.57898
-1110.056
414.04245
17.251682
-177.02551
300.45322
-1053.4498
-218.97029
-887.1639
-759.28467
852.8676
-136.73839
-1299.196
-531.915
-201.92284
-806.62305
2694.7954
-1654.0645
849.9754
1941.1781
706.21906
-1113.9308
241.04617
771.6465
787.10974
-932.28796
-28.35861
1749.7883
571.5876
713.8279
520.8783
-1217.9978
265.36343
-857.44196
-253.87544
-827.2224
48.786373
-203.26152
1196.6
-103.453606
-714.13477
-1158.3019
1529.187
-485.47986
-188.6172
1351.6798
-171.92944
-863.01733
455.8966
-532.6196
-1625.7875
839.8646
310.2365
535.4708
207.85509
-549.5713
-103.12007
-805.2696
-1294.8074
480.45172
-783.6836
-1252.0491
-726.5591
-1089.9415
-468.96805
-239.2161
-1226.3159
-110.63168
1126.1294
50.488586
992.0657
-1011.4709
295.58688
-1635.4624
-1091.1552
-546.44946
404.76385
-168.50737
1553.4534
-687.5046
-542.6228
1467.1232
1700.4386
-646.0869
358.162
336.32626
-1027.2845
-1065.4519
-910.2489
-2668.0579
256.56577
597.76245
-1955.0404
-218.4519
778.99603
1991.5088
1521.2847
424.26163
574.7528
1756.9501
-1549.2922
10.145321
-1614.511
-831.47705
1151.4497
810.46924
-241.43976
-347.19415
284.88892
895.7812
-740.77997
-130.25339
1012.9348
167.73117
-401.99524
-799.0779
-872.0748
837.6965
387.29214
-874.36346
-33.414413
10.71816
-781.6821
-155.14386
1069.6309
-231.61174
-1010.4049
1282.4863
296.19202
407.08035
324.44104
-794.96704
1493.1361
554.0362
1011.65326
53.265194
553.95306
1850.2073
-724.6116
-1640.5725
-171.33095
135.18784
768.04755
-816.028
-2306.8513
-86.54321
2844.879
559.79816
829.38245
-192.80324
-428.4027
-645.638
508.91058
1367.8695
-316.81665
411.61694
541.4945
920.19257
-55.703182
168.95541
-250.38916
94.19668
1103.3773
16.60619
-96.92877
636.0538
-1096.9719
-2345.85
1559.7153
-674.8085
-507.90317
342.65027
814.9132
360.586
-813.4052
1282.703
-131.71628
-221.2548
-1226.6558
-1964.0131
-636.454
-482.2484
1868.4111
125.73501
1728.0504
-683.6738
348.96268
1282.7777
442.39978
-585.0584
844.895
754.6887
-1925.5009
-95.62012
1153.6263
-337.14505
-390.96158
-213.43456
-177.27269
1381.5366
-1890.4211
561.3983
-1320.3998
-735.53265
-1911.6827
734.0301
68.84102
-925.19763
1443.7852
1320.9601
1123.4177
-136.90002
245.1432
761.00397
1165.2493
1424.6063
-1951.462
-1846.9551
-1102.1721
1714.4838
-139.24234
-422.8747
-109.36546
-952.10736
226.95422
-1539.2657
-21.411469
646.96387
-555.0347
-1638.0166
-689.24286
-1006.23596
-1639.6835
351.01224
-1236.2903
-878.5355
-8.634812
753.9009
737.6436
-1575.6458
-200.20325
-300.4836
-742.97034
-122.813484
862.05133
-1461.8674
2407.894
-768.8514
-443.23663
-1101.2681
229.72835
-251.3011
-501.72928
-633.9908
-478.8696
-36.60683
556.07086
709.6157
-918.6092
604.38525
645.0249
962.89667
57.800537
-678.6676
941.1918
-1340.9426
761.11505
1476.1873
307.64328
641.411
-161.4522
271.27972
969.53796
-804.8649
-707.6269
-1259.9069
-610.06006
-127.134796
1700.0164
-115.68302
115.357376
193.00766
367.7252
-1464.0308
1461.2756
-220.16939
-1032.5487
-84.49111
-600.5233
250.56291
-48.800545
156.39278
339.79803
552.67914
-700.38074
46.57671
-105.83568
-1145.9393
308.32758
-529.19183
1431.612
913.53015
-17.586544
615.6571
1071.9225
-1065.7894
-812.9649
13.42805
254.69435
-196.47733
-607.1908
-970.89734
-389.1398
-999.9629
1772.8406
-362.53864
457.10715
938.4794
-1104.7758
527.2657
385.2142
-1117.6862
-1202.8047
-559.71234
-315.61887
-34.893616
395.95285
391.96362
1695.0413
-399.4541
-460.67557
439.63364
-1161.9932
413.13324
1750.1217
-284.3564
-177.53416
57.63254
-644.111
-2752.0059
1787.8326
452.35492
-979.3438
896.5544
629.7263
1333.6475
-601.52936
-580.31177
1479.4493
593.5095
-1061.8076
602.8191
1269.9373
-539.9321
155.86494
0.4427886
-97.26687
803.3459
-76.40003
-1686.2493
-1159.7161
1643.544
186.1769
900.40967
-824.724
-233.67754
323.4859
-771.52234
-29.664425
-1717.2817
-570.4094
-634.57434
1327.3572
-595.27734
-638.98346
-1166.5782
-740.3389
-1578.4883
-73.457855
695.47034
-1518.5939
-701.9885
1354.1232
443.91376
152.34625
1110.3547
268.14746
90.830666
1247.6469
-686.98285
-453.10876
368.78336
-873.9438
393.20648
-452.5492
1292.7922
199.80571
-2544.142
963.40674
-353.97006
113.02681
285.83377
20.114176
270.24936
459.32303
1280.4663
401.20627
1196.6255
2700.5957
-544.2542
-1078.9305
679.9116
45.073914
-1590.3322
340.00354
-891.4872
-534.18567
-477.28488
816.3626
1816.2247
1693.4761
859.6173
1148.7191
-395.17502
-817.2235
197.96219
1188.8583
351.9086
-141.33289
284.75903
-106.404724
-66.287125
-99.413765
-193.2533
979.67505
32.402317
502.2887
-107.40188
-207.12799
-767.96045
1588.1815
-1211.8483
-1607.582
-36.720413
-251.96088
1694.9232
582.1201
1285.9055
-775.0561
694.93463
627.16895
419.50314
-43.490677
-427.0924
-537.9946
1517.141
-858.5883
883.30884
1737.9712
1395.1869
1829.9381
-1583.0898
445.00162
2732.1672
126.8888
-799.97815
-695.3166
487.91028
870.70166
-1614.0444
1786.6139
1159.5079
-1386.8649
-659.9766
-1763.2056
489.78546
1134.7523
-1606.7281
-365.20395
-1140.09
73.4838
504.01053
-0.93944824
73.180046
-1291.3866
-606.24164
152.05081
262.57965
1083.6055
-163.46002
-1504.5818
1222.2643
-1835.2343
1150.0015
1444.9509
-755.4048
818.0416
731.8777
376.23624
753.18176
-317.0798
0.380944
503.11584
1841.881
-521.0117
-934.818
-182.4935
604.36426
-170.56013
-665.553
1391.0452
80.84719
-1110.9489
2242.878
-468.60953
-1357.0255
-602.2467
-1565.4734
-420.47723
-1691.7858
286.02747
475.42383
164.67307
25.25066
-765.8025
-958.7303
851.509
-1101.7198
-1149.5509
444.0283
-428.18704
853.85657
-149.08586
-108.4858
637.6198
-626.9464
583.095
105.22003
-671.5428
-351.61066
425.23618
745.5259
451.34543
114.90359
132.05893
-340.66455
0.7037432
-83.89255
490.39056
866.9788
865.2374
-732.9209
-63.58146
425.65146
529.8633
-1077.625
1162.3862
-1157.5995
1290.8577
1097.3132
-1774.2473
-515.45886
-2143.311
-814.0497
297.69818
518.833
-840.90497
-277.2362
-1318.3877
929.7873
-600.7142
-532.84924
158.78351
-1920.3705
190.79509
900.61584
-2774.5972
289.58252
585.2702
