44.21131
354.36786
19.068449
382.31314
38.88169
-108.966225
35.635143
-220.7208
33.9035
558.8072
-125.145195
-285.59732
-297.42407
15.57612
110.98329
-180.98642
-321.35678
194.56839
55.018017
302.0504
250.72786
-66.12053
-327.20285
-31.922699
-433.12527
-47.260967
52.6706
170.74696
-49.236263
-52.3695
24.182922
10.724915
-111.12436
562.8782
486.87854
195.60997
3.2244103
71.39587
-417.1112
-383.70486
-47.31088
194.60396
307.70193
131.59317
185.27802
-9.428812
174.45163
-316.0833
166.47878
-357.6346
18.391603
253.54799
-40.419487
314.5879
-86.03862
-157.34464
335.57535
-18.251564
189.77173
54.408966
-207.14555
290.58084
148.29062
-48.512848
347.14117
1.793081
-8.436831
233.79839
245.63535
85.96972
-52.094673
132.16153
77.09761
137.4715
-289.0377
-275.2151
185.48125
105.22614
-173.99901
135.78497
-533.55133
411.86044
139.22284
-107.794
-16.138573
8.824174
-18.265274
356.09906
372.46295
-5.1030064
114.15364
12.442909
646.6247
-514.7189
64.96342
259.3343
-295.31757
-322.34335
21.479052
48.079414
-201.49588
-159.10837
120.199486
47.645424
-456.50943
187.09914
101.99313
-25.498255
73.85557
275.04144
-405.1878
-213.10365
484.1615
-139.3232
9.916075
-100.486946
-139.10185
215.25768
166.76295
4.8614616
485.14078
464.18137
-65.73782
-240.35005
-138.91158
106.390755
-328.24246
-99.68777
148.1182
263.84293
-131.8356
150.15872
-179.73228
46.387283
-217.79834
331.22446
198.77983
-417.4053
-183.94579
-88.00127
-171.09924
308.7683
1.0366287
-523.107
-73.796745
-122.49532
371.24783
-466.14252
4.05686
-127.28037
-140.04851
-240.90814
376.31274
-45.4841
222.02844
-64.92247
179.33144
118.34638
-555.7145
89.890144
38.411705
162.82019
175.86487
399.45792
-111.32884
8.267348
157.87149
-137.77809
158.39839
-145.13391
70.99446
286.02734
-150.28174
133.99341
-79.23985
-9.126367
55.06696
317.71283
335.40182
-131.57542
-176.51988
9.887293
-206.13245
-361.34094
-496.6077
166.47565
168.64139
41.436653
-67.60531
413.46274
-323.8874
-7.714347
-193.14323
452.18546
288.42352
-555.30945
-80.24354
-94.440544
-457.92786
270.47852
244.43048
111.21751
85.0458
11.562539
-118.82488
34.346287
-458.14505
339.12457
-148.10002
-57.773083
296.122
209.05246
-552.322
-249.1612
-27.761414
-68.78192
85.521645
197.47603
-213.99725
-49.13742
90.99489
110.49782
153.16156
-403.9115
129.41432
63.17071
-239.2328
-270.2076
-4.3739
-117.06715
13.470546
79.04631
-247.94484
-26.163586
225.4353
-143.74655
25.900145
221.5555
175.28732
-330.63382
276.59378
-241.24632
100.71641
-145.46039
178.16418
39.22228
185.97018
-37.930702
-186.99725
34.44204
-290.73395
107.683174
69.219154
221.44951
164.53123
230.8518
-25.682755
-379.2986
-288.3985
-86.83929
284.59012
74.1412
15.41571
451.299
150.73042
-609.06036
-80.381165
150.66681
143.04991
-400.5468
-134.7841
-432.96338
16.194586
282.31836
-10.071224
37.014336
28.260187
-16.706318
162.60696
-9.488075
7.248276
58.599655
67.1736
-242.32677
-63.710213
196.21223
-29.917484
-394.2352
-130.54852
-67.373184
-20.84667
0.16236365
540.3683
337.7029
-53.144333
-165.90549
252.63622
-436.627
208.40979
-99.51959
-80.73752
200.86548
-420.71793
-503.83102
48.06025
16.842863
207.42294
-265.17896
-53.466167
-81.43794
-126.132355
185.21346
407.23834
155.3003
-569.302
-48.629314
46.448414
91.2822
97.52094
-255.6427
158.92049
93.746475
-730.2288
-315.34525
158.18971
97.0982
-65.45199
51.661995
-129.76128
208.53531
-523.5374
142.1928
-226.73338
307.90466
-233.4136
-35.385124
-82.86485
-382.2807
-149.9403
331.99606
-49.946842
-89.81843
-396.37378
-185.64124
-231.85732
123.52371
150.98798
320.08005
17.93658
415.25345
389.955
103.05982
195.3688
254.53104
305.9729
-7.8718076
-218.75682
315.05167
-646.9335
-1.3323848
-162.8918
-133.16127
-182.06778
-135.52611
-326.56564
300.9208
-545.2313
220.24606
-429.20328
143.00983
206.44359
-51.468777
241.05092
607.98016
365.8595
-275.7024
-353.62387
-39.588196
-185.80527
-136.39212
157.12715
-54.18384
-272.32108
176.64104
-415.4601
10.121916
-9.237574
-63.94752
175.3688
-10.281653
321.44003
-175.2286
-58.441093
-41.950405
34.234905
-6.165901
240.57642
369.83008
-251.60466
-57.5237
-67.67419
292.1581
-189.52243
282.85953
-86.137566
-222.71017
-52.260387
-447.6368
-90.43399
-85.074135
198.31593
-106.59744
37.80509
753.88763
18.783722
333.4543
146.07791
-97.31643
-152.1801
253.85762
-154.87389
-125.84964
-172.59212
-82.48472
-221.10394
8.40509
-196.77809
-166.82675
-374.37418
-84.863815
-34.66288
-281.49844
117.0965
-75.00565
181.65846
27.068054
318.32797
-64.28867
90.82799
-207.95016
-227.96199
176.87018
265.71024
-518.6254
100.078766
-378.98007
438.83926
-123.58635
-78.9775
23.957243
311.27444
67.55361
-138.59056
12.071357
259.2563
312.3465
-256.1187
641.02057
-328.6866
-143.54744
67.18105
-145.807
200.99486
-43.46344
-504.41675
-387.8076
-8.543535
565.9095
-91.784966
-199.91089
-312.12195
-156.33546
13.516327
248.55533
-80.89831
-478.10367
130.08354
488.94254
-103.18297
144.14769
-295.07297
-162.88881
-341.63666
-3.8306632
-186.59436
313.35028
-187.12515
-63.038998
152.79224
280.51913
-175.62645
362.44357
-185.69519
38.623432
199.73709
-5.699008
-86.099655
-89.536255
204.36818
-705.0367
339.78598
-107.40218
171.75354
27.070164
356.97562
-181.10327
-294.98996
-159.67316
-89.66761
78.62043
206.00781
109.61915
-38.439247
221.85281
198.63837
212.63634
-195.07816
109.71999
-16.232819
410.47488
213.94884
-122.45678
12.808105
38.315598
215.29294
-12.687863
23.637173
224.2936
216.96289
43.787678
-346.04358
-109.921936
116.41215
20.884647
-31.552921
-106.683464
283.8636
404.69702
-57.786903
224.85417
30.56922
-41.627663
548.7645
-288.7168
-0.24960107
23.231504
-304.06647
323.2826
50.012222
431.13977
6.959759
-203.50934
-158.57518
-370.7803
-1.1697123
110.46841
0.020593703
57.48016
-93.11109
67.13777
-115.940926
-716.77936
187.12091
307.0413
-107.36601
-248.22543
291.814
138.33487
119.30721
305.6553
-57.046707
3.0551686
241.28688
-200.50879
301.7806
212.65552
117.09065
203.76598
11.358694
345.39993
154.79852
102.19731
140.35052
-114.98152
192.97461
29.518003
1.3779881
-36.692844
23.04333
-41.468792
203.47884
63.970367
400.03577
-139.15843
-130.92892
187.20245
47.69613
82.98548
116.163925
460.11682
-299.32745
54.644833
-143.09059
348.55408
438.84625
-212.0184
-178.3574
-34.728416
17.488447
-24.465466
-40.747
-280.81644
364.57828
71.245575
15.733655
-205.65843
99.340576
275.19556
295.7363
305.58795
139.24544
-137.17146
-147.536
-86.057274
540.47034
-19.461342
86.78111
-274.13382
-295.5413
-50.67081
207.96848
-137.87497
-17.725588
-296.0494
192.53041
2.9913416
42.96002
-512.83624
192.17238
-89.03283
-87.93278
-192.35823
-76.44449
-146.30284
238.46571
-321.41977
98.02166
40.22525
