-125.20938
223.24379
211.60927
472.07874
245.8129
-224.89056
198.75055
183.45921
545.42206
552.5002
44.747776
-707.9051
-231.14366
19.184023
-43.690765
-513.76624
-35.957634
224.66959
-174.14238
115.392815
476.93597
-356.4887
-298.9963
369.9908
-356.4581
-167.07854
447.07043
-3.1005177
-67.30879
-46.63213
-75.92497
-415.78003
-309.16675
715.76996
667.19
235.42659
390.57123
73.98595
-373.2645
-661.45746
-628.47906
-357.35373
475.0597
-132.1093
397.19565
74.79408
484.64273
-33.774174
-342.3414
-46.294983
-727.19324
41.5675
-302.738
49.55423
-230.25015
208.87766
916.8927
-52.6574
98.63174
194.1898
-289.33414
0.8945044
565.45886
-358.1302
440.26254
213.99635
406.26642
223.72086
309.4297
72.955505
-117.45323
489.9759
-102.38678
221.77324
-170.37231
-422.31708
-425.42963
-265.60788
318.6695
232.2119
-642.4277
73.71597
196.66208
-255.75691
-650.9245
395.3903
8.94389
411.58856
331.02466
174.74799
175.65901
205.95529
1054.085
-921.8301
-257.23322
382.2596
168.59555
296.06726
198.3621
-155.39401
-238.1989
-158.4204
-5.654232
-345.89413
-645.8882
-9.196113
422.0193
327.87094
-368.37592
440.13263
-630.43896
-127.10058
446.69336
-449.57126
-81.75806
-307.91467
40.76767
490.8365
-100.53144
-219.14793
1254.3516
237.96231
-34.076775
-658.96094
-364.27594
-128.24716
-570.47687
-473.9407
329.63733
-111.77322
1.5006206
323.3996
-646.9703
153.59729
-792.83325
186.31476
54.951717
-320.7865
-138.16931
-574.0163
-368.68826
58.111195
-515.5231
-324.88525
72.05788
-23.322868
549.1083
118.23171
144.00232
-416.96576
-97.40636
201.90701
5.087045
-246.25687
-420.73306
249.2023
-427.18674
-189.74028
-730.7074
-85.42527
-10.426619
-330.68335
68.68859
286.16653
-107.481575
-83.34081
-481.9621
-284.62054
235.33182
-195.62698
-112.86706
369.15256
65.04336
530.5464
-358.9145
124.34526
229.71878
585.16174
327.1456
-353.88736
-39.337677
234.06903
-99.786896
-313.56277
-435.97852
18.424076
734.61194
-299.4262
277.41315
956.4909
175.58092
35.220325
-422.14752
543.0107
579.2514
-853.835
-79.05315
281.14102
-497.02533
-226.22821
-274.6576
26.174187
542.6523
103.77031
85.55507
336.4544
-246.52295
6.216394
-726.45874
-543.08386
905.6457
-36.067047
-791.4418
-14.185739
108.754845
330.87088
-332.46072
658.0451
-518.6665
-574.7723
353.4882
225.54665
366.53583
-788.11066
-297.3351
168.5886
-264.5108
462.8584
145.92787
-639.07574
199.48247
487.92032
-116.43686
134.66148
256.7917
-584.1082
-8.585722
345.2278
-40.67178
-224.08826
-54.80836
114.86501
-226.66858
-674.3739
572.6012
-174.80518
-315.2878
227.01134
-659.74286
-14.709675
-980.3492
719.0577
199.84021
432.64038
360.68204
28.148201
-4.135186
-28.32925
-211.36475
192.36813
253.76512
-453.57217
-74.86189
438.55484
-32.753925
-573.10077
-111.15504
-239.45882
296.8008
-151.78508
92.36532
-579.58484
300.17355
201.94492
200.55316
-262.39554
-74.02607
-98.27682
534.17175
-37.42288
75.16977
-190.88907
-286.53323
-238.15292
262.7016
217.73332
-246.10428
-501.83524
-163.38849
-112.51531
100.000595
-414.39224
761.05566
479.7168
229.08049
343.17557
23.313866
-232.2936
-258.64542
-631.59094
-323.33932
259.92325
-594.4538
-750.40137
255.0728
99.65096
427.72772
-238.29387
-255.25476
-274.1898
-221.84265
6.934499
-46.26168
340.57144
-641.9628
407.5747
221.55164
54.864727
-117.01322
-419.72565
115.63999
82.32089
-726.8877
-463.68402
-105.64001
302.11874
-99.684395
439.81964
-67.87121
606.1162
-1123.8058
145.13235
-74.47727
810.69525
-299.43228
407.31454
138.10654
29.10178
-136.8138
436.27087
113.83198
90.88288
-424.83713
91.472755
-511.03973
147.04108
54.121124
129.01389
-51.4089
370.981
403.7981
-82.879135
397.0923
-117.900475
108.022285
-379.73825
153.88165
226.77843
-379.95145
-261.9983
-390.93243
-454.32162
-444.98346
-360.71783
-874.0137
316.16165
-535.5938
480.86816
244.28276
752.9176
484.95184
-125.315704
152.57558
536.4533
573.4283
-354.36343
-763.5952
115.23804
-472.26215
-683.836
-117.7651
-168.51193
-227.63419
-212.44322
-552.9413
322.13022
-204.78247
-493.37628
647.40656
785.124
156.14468
-531.2829
-42.575466
-2.499484
-56.91493
-283.608
293.5196
627.39435
-255.88306
272.86975
307.77762
-145.13173
447.4022
827.8327
-7.9935884
208.36595
-175.57498
-225.6918
-799.00745
429.58167
-25.920467
43.7759
419.71027
914.22986
35.58748
-151.77441
415.61005
16.822462
-308.3425
-529.8343
182.47223
149.19563
623.285
174.50159
442.6581
75.63266
-353.82547
-20.582811
-348.22726
-258.60815
539.56287
-647.2622
-178.32784
-362.8893
138.60146
519.28986
-114.030556
-126.13471
8.242209
-13.512726
7.465207
465.3918
499.1994
-242.56113
244.21472
-560.07715
210.73534
52.678333
588.686
-279.9283
280.8129
240.32002
-230.21059
129.456
262.59467
417.0063
-335.94525
597.576
-306.7583
-148.97678
-18.895731
142.98235
335.6413
198.13963
-390.90848
-650.6489
-373.86633
759.8404
21.563314
-420.00742
-525.56024
-179.86003
122.807175
523.288
-118.50478
-385.9281
401.84396
1018.4303
-250.5436
-51.960022
381.57053
289.67578
-503.1194
283.882
-166.57664
-389.87787
-28.296795
23.13846
848.8113
101.916664
-368.14758
557.56494
-3.3376932
-178.50356
542.6934
-169.79822
18.96967
-19.134365
81.61065
-143.75215
116.49458
-30.053625
-357.96237
185.13376
-35.01967
120.1425
-242.36194
-510.2761
205.94347
-132.72792
-92.63195
111.785736
164.98604
-555.52277
559.8968
-240.92285
-261.21466
90.15966
56.438843
402.40732
724.57715
11.204823
-324.89932
99.373085
439.7239
-539.51245
86.40345
474.89688
515.8736
186.92743
-303.78076
-402.22617
923.43005
550.0308
-189.95459
-467.83563
310.0799
739.11945
-297.03006
884.44684
172.81332
-559.2404
186.95502
118.80175
109.71675
138.25941
-556.7104
318.26727
-443.02585
192.56357
512.75806
71.69179
-112.124245
-472.25305
-551.3564
87.31542
249.42433
352.82288
-20.860098
-385.7178
353.52792
-1199.6903
445.1961
481.09344
41.25297
165.94684
297.9229
131.46133
230.83603
111.7525
-164.08353
-226.76146
490.3949
159.30894
517.23096
-129.87643
-68.663734
-35.844078
351.5902
450.1261
218.72568
-110.967064
560.23065
-259.73093
-548.2365
471.30377
-618.7125
96.84212
-842.2355
855.22595
56.11435
-94.07548
510.31198
-430.48346
-453.52475
200.806
-260.15347
-128.14383
140.17967
372.3119
-269.16364
63.555508
71.88502
635.36896
29.57541
-60.292065
232.61145
-686.21924
-170.89005
-83.47132
166.32997
-0.7124653
557.1133
-261.4414
-148.47446
200.02643
-22.350557
448.4304
640.323
794.38
-66.90129
-285.90115
-221.68915
366.83893
-278.34167
-91.38596
-228.57877
330.3982
-303.1222
-184.45491
6.269804
76.69229
-156.78203
240.07146
608.18024
-20.061779
64.562
-563.5673
437.12482
-25.096243
183.3193
-50.221436
-333.82986
-119.88167
569.94354
-1138.005
-117.60591
-85.38245
