-231.75456
419.35956
34.08994
192.23224
-97.36045
-155.79652
-63.180153
556.87366
442.0889
305.52844
323.44894
-1036.1003
-159.89577
-402.4983
-228.43008
-670.8065
-195.04
437.24176
-20.236416
607.26605
167.79848
-1131.7861
-432.37122
626.0653
-508.41846
-88.46415
-203.1205
-496.71036
-517.98834
45.992016
-163.95235
-139.83232
-160.42963
1148.6228
470.1921
254.34688
265.53726
-111.80109
-145.47449
-605.6125
-507.48087
-432.3558
15.42436
-389.01886
93.682274
218.51714
179.9996
-133.29497
-57.711884
-73.71098
-373.7514
263.18826
-375.41287
401.59082
270.93774
161.25502
1339.8802
-591.54816
-872.9023
233.97615
-409.51263
-81.7918
572.4541
-49.24485
77.514084
599.0336
220.85011
-327.13187
909.12976
258.41486
-286.92828
254.7542
167.42929
264.8089
-3.8648455
-135.078
-328.57263
-92.84709
473.46384
196.71777
-131.94289
-217.31654
-417.15475
-121.582214
-843.51843
1239.3265
-343.39618
682.2543
858.1168
84.892395
-244.75546
256.45697
844.87665
-1124.368
-646.2306
733.94055
405.33243
383.72787
427.75677
-122.61663
-371.8217
-684.83417
-372.64413
-141.9373
-724.98175
84.538765
1102.7516
636.3195
-175.95724
-121.62615
-458.92535
23.672125
308.54752
-238.63869
292.96088
0.5499306
-16.561111
319.1731
160.41188
-1141.4329
1316.5978
327.16592
397.33606
-369.94128
-146.83548
196.45943
-710.3201
-794.4416
569.2228
-168.17957
-238.21503
107.10699
-697.98376
-111.204124
-576.3566
344.62946
-98.87522
-4.693062
259.19333
-289.78723
-103.15618
-85.04558
-870.04504
-751.97046
-172.7514
404.3611
713.07135
563.28754
183.93353
-577.2851
394.06982
874.01654
95.04265
-388.1971
-112.76215
18.676346
-521.9512
-459.0843
-1178.8728
225.60161
362.4184
-808.868
99.72612
181.8645
-6.406007
569.95703
-437.79465
354.43286
170.61479
-639.0494
-362.95065
361.3028
109.0407
531.81915
-324.29852
111.36572
355.16757
511.5254
425.19275
-703.6335
25.244991
159.67007
-211.2945
-201.92949
-280.50027
-412.33405
734.0187
-411.54886
-466.5011
1012.42206
381.98868
-577.9089
-121.31238
922.18134
386.44052
-384.93668
233.17207
-73.70793
-307.81744
-110.33168
-346.9856
978.5511
401.20703
267.55627
-96.78836
317.35736
-123.3879
-389.86957
-844.02966
-328.55124
430.67413
-13.661505
-393.81857
-374.7374
363.2574
928.18787
-539.5594
946.66376
-365.8882
-283.78168
20.254358
512.34174
712.4759
-1093.3751
-437.43985
342.27707
-635.5786
193.30394
211.74756
-735.6791
100.663155
460.6546
89.32724
-714.6274
353.19986
-375.30936
-77.59238
185.97456
-541.494
-192.72353
-516.3944
489.77194
-118.874054
-177.8918
708.567
-414.62723
-325.47144
316.69702
-1059.618
47.644844
-912.19434
883.884
-296.8756
354.819
544.8227
74.86525
154.65593
-28.657639
-445.6617
468.85855
-98.083145
-614.4497
-437.1205
-170.93771
135.5326
-702.6739
-244.34827
-436.4482
-24.563158
-272.88818
-128.61096
-1126.5405
459.57663
161.97672
-91.34417
-309.9228
-314.5457
333.5662
792.43054
217.67584
263.25903
-14.92814
-140.52077
257.88507
590.24554
-286.5863
-905.4939
-639.3878
-157.22633
182.92068
233.8344
-300.8875
681.5411
588.03174
-64.867584
403.30746
450.45892
-551.66235
67.24568
-405.4084
-114.04326
325.4901
-662.8268
-777.7375
188.91965
70.458916
448.23993
-160.31525
-76.83755
-231.71077
-170.81848
-17.033474
-224.70189
-26.688103
-817.04486
113.7388
24.190477
-293.58304
-704.3821
-170.9611
109.76893
127.72158
-1038.6946
138.68445
-227.9111
795.9705
499.53513
-141.11528
-433.82968
751.3212
-1089.1531
94.44121
-273.1174
1053.434
-661.9775
640.85156
991.94495
-147.686
187.5091
1090.5198
-16.765087
143.34253
-778.90204
190.7699
-440.74023
104.340256
-256.44604
909.81177
59.087574
657.0843
538.42596
68.57075
206.6897
40.908062
97.091446
-166.85704
-56.2559
-25.792154
-565.8664
-449.61096
-207.44156
-98.50056
118.72864
-356.25058
-1232.0764
361.11902
-716.8922
396.55075
70.84281
820.4953
283.54285
-235.93456
359.83057
388.64813
979.849
-413.19278
-363.21237
302.4734
-284.41095
-804.56726
-2.845733
-162.1201
-644.83514
-245.34296
-842.83307
255.09804
-230.45331
-519.3346
332.09692
716.28986
-86.36144
-133.5994
-309.71793
314.2902
-31.591902
-149.76176
175.44937
861.13043
-438.9628
645.24426
690.6726
-612.54425
670.45795
1110.399
-472.15082
267.4535
-665.85944
-334.23685
-1251.915
819.13336
-74.1902
79.83671
370.81754
459.16785
75.43863
-350.8687
-63.75872
231.14996
-511.38113
-569.5168
26.476517
96.084206
651.587
-57.95685
410.91232
-13.720719
-444.18665
-171.77274
-842.45233
-498.70288
801.59296
-424.42123
-30.906113
-720.544
430.81583
-47.243713
-68.6089
72.21865
-424.41473
-254.20467
-53.951626
104.17594
753.32086
-227.52612
4.7884436
-591.5424
-167.08247
-132.60774
660.0673
-153.97386
203.45657
511.34515
-203.22417
329.2106
389.26694
394.59595
-291.3707
593.288
-252.05585
-381.6573
-208.06134
197.84769
252.17972
730.719
-279.53845
-491.00763
-1010.0347
736.0122
270.17493
65.80663
-611.4004
-459.1955
229.64354
310.04352
320.70782
-422.30698
297.67178
1140.8673
-465.97955
-120.33206
406.3064
247.92038
-715.1361
-41.705505
-43.619324
-737.4606
-511.70972
468.38425
980.0912
55.815636
-79.61571
955.6127
-129.04308
-391.55347
68.203575
-664.23975
-128.50777
-57.759586
617.2162
138.12856
470.10944
-331.1652
-849.0738
217.68385
-121.52057
260.0431
-290.26346
-27.663118
-335.62723
72.66473
-255.46815
350.4355
-23.780321
-979.6518
77.79112
-232.55684
411.82254
247.05637
459.0695
652.8334
766.63513
313.2021
-344.38986
85.697525
734.49994
-169.57242
-154.4508
398.37433
999.68176
112.755
-709.1901
-205.88344
1247.108
444.51505
-117.17816
-17.27531
68.028404
666.27057
-804.749
571.52814
-342.13614
-406.05847
-438.35602
-403.97098
94.84133
509.372
-105.934204
-250.38148
-675.9734
237.0917
460.50858
518.5127
-17.592918
-101.180595
-946.29504
186.6827
-41.84768
-375.50168
-239.8524
-167.32655
609.82214
-1398.244
790.84973
643.007
-213.21577
83.48011
513.2829
-29.923582
576.4762
63.465244
-396.714
48.4719
699.18774
668.4457
597.98065
339.35907
-208.51741
264.93283
22.03728
771.1457
537.73975
-411.1342
1068.695
36.101368
-867.3262
38.084557
-715.2377
-662.0279
-1263.8802
528.207
-263.834
13.842534
750.5989
8.546434
-996.94714
405.34006
-242.94322
-688.19495
123.147705
414.00873
-341.7138
-64.9087
61.31029
962.48047
-812.5216
114.52941
424.55103
-211.02151
-54.646275
-392.55334
452.46704
297.2989
919.2667
94.53253
-179.34439
-32.6568
-43.491146
242.2651
1088.6562
1143.3479
-376.90967
-365.08865
-127.1749
228.02997
-704.4412
142.47728
-617.1237
852.369
-243.31525
-666.9304
148.44847
-418.5922
-472.75555
706.24243
659.8315
-492.8617
255.09618
-568.84265
764.49567
247.68718
16.441132
146.53583
-760.5634
-151.01724
286.4105
-1260.6198
345.38257
313.1635
