-509.64755
958.1347
64.10937
636.20715
396.71796
288.49463
272.3731
202.03488
-68.70688
-194.57425
306.6606
-1502.157
21.110992
-116.36531
-213.14592
-1121.3701
24.763313
780.0784
149.98024
666.39374
46.60369
-1238.9492
-6.123912
-121.40575
-488.55676
-370.6475
-24.967926
-19.684763
-679.4806
-3.4859033
-454.06454
-537.5983
-188.75307
1021.85736
573.4503
794.0016
579.88007
-115.05275
108.577515
-676.5351
-607.1945
-758.9605
-107.230446
17.747028
511.9828
383.99454
88.08303
-359.7419
-363.63983
312.62668
-179.55254
539.49554
-436.18945
-221.5418
468.7876
373.38992
1711.021
-581.9246
-281.50668
-60.66323
-221.96846
510.9321
331.10538
-361.0487
180.73433
-120.39682
16.1911
32.79254
1357.3292
319.97675
-37.559395
250.5058
-214.14671
370.58008
-37.179127
-409.515
-449.05798
-173.46886
-148.91083
184.93382
-656.3639
-98.79141
-600.67267
-465.57822
-612.25476
722.0541
-889.493
1238.403
908.0055
255.48518
-318.4446
235.39249
933.78503
-821.6657
-181.63878
525.9473
608.41003
716.5913
591.2692
386.8878
-924.73553
-398.3437
-246.38986
-337.86774
-1198.7407
50.80092
1501.9891
1167.022
-162.19272
-174.69691
-849.90356
166.98642
413.58725
49.330116
683.4749
52.198254
419.07834
452.54434
274.44876
-1130.155
926.5439
28.162916
274.1356
-578.89294
-18.7221
482.51285
-834.92163
-454.6221
830.5703
-94.56937
111.36153
424.15134
-843.6454
-117.64611
-537.884
511.38983
-342.6703
-106.8311
242.39958
-102.08331
28.388796
-190.83418
-1788.2279
-1092.4233
-768.64526
1079.6392
571.08527
840.2671
155.94655
-449.67093
729.84515
1012.7228
245.16669
-281.75488
-43.03883
411.7836
-721.7302
141.92876
-1599.7239
234.46513
570.19525
-993.63495
369.87396
-108.28968
618.04645
773.51685
-677.06726
621.5195
618.54346
-1265.1394
-316.94278
-231.73161
487.0186
397.07025
241.275
318.44742
-13.452596
1142.1504
195.38268
-747.85443
-111.67001
176.54437
-330.11102
-5.014495
243.57132
-1012.8078
810.8788
-761.0167
-768.2594
1619.641
253.39206
-494.58038
-75.614265
1257.0754
549.40515
-516.80444
344.60727
-363.10675
-217.24147
-428.47546
-71.480995
1253.9578
234.82668
321.5579
-207.03189
-141.2226
-42.971832
-253.32863
-851.27014
-617.38446
622.1066
402.4454
-949.80005
-546.1148
861.3765
1372.5612
-209.86644
1051.7905
-106.1966
-180.28156
58.585167
192.13147
748.64124
-1251.3533
-1193.8534
494.96243
-792.26355
33.4099
608.8975
-364.30557
-176.76959
904.6703
-229.43912
-666.2322
90.219955
-762.052
-62.911373
328.31168
-646.2469
-209.0045
-471.871
567.8987
31.489246
-487.23883
768.7435
-670.557
-594.26825
261.9823
-1560.9197
63.030735
-612.29297
1382.0166
222.85065
463.8979
453.2316
-209.93484
315.66083
139.84633
-555.0208
751.4233
240.69469
-450.03357
-204.79051
-247.74492
-103.0853
-329.76083
-463.27866
32.496796
-397.34274
-356.55988
151.78914
-1364.4803
709.62006
-248.94214
-41.007103
-312.21194
-307.6193
512.9218
1212.4044
372.4321
-158.75075
92.26979
387.57465
7.710925
682.50977
-472.55307
-785.9026
-729.82227
529.1963
-19.167356
527.93756
47.781883
-59.11147
720.58484
-464.49393
208.1793
618.73895
-689.07227
-94.52359
-97.63924
-13.506239
344.67236
-656.54803
-996.14703
-593.4671
-202.74835
391.42188
-368.54044
-470.6916
-349.22818
10.809223
-93.375336
58.02998
128.01678
-563.5077
105.84609
-363.24393
-846.1635
-552.05316
12.759403
-394.50674
166.52634
-456.79034
441.36182
-631.16406
1277.855
679.1266
-242.95442
-10.833954
551.4168
-805.9354
76.61207
-147.0614
1123.0916
-796.5815
779.83856
477.33197
252.19365
285.7941
1189.2853
173.2272
-377.94125
-1140.5591
324.7308
-984.69366
340.1393
20.325846
1266.454
306.9994
651.3014
-78.73489
392.2516
147.07616
-136.72298
306.7454
-120.37323
-94.35346
-93.77523
-577.9121
216.24785
-37.618874
-179.17976
535.89075
-586.93805
-804.2491
202.02046
-646.14435
189.69322
-156.32204
711.8725
265.0955
-518.5052
419.26144
289.72446
1123.3868
-432.8626
-75.78922
831.219
-248.87524
-1020.4288
100.08135
-360.06833
-634.5131
-245.64932
-912.3566
152.34264
16.641546
-741.90594
295.4575
383.8849
-100.48026
29.006145
-53.07307
-141.61075
-142.277
-234.94608
190.85661
885.07605
-926.1332
516.4818
481.44495
-442.97617
833.8309
916.9281
-597.51544
80.61795
-298.56693
-304.49377
-2010.5231
1101.83
485.04724
-130.42163
330.55344
621.8733
259.28143
-632.96954
23.326294
3.498203
-79.16898
-824.0277
240.36665
68.72457
279.34897
15.418892
501.12143
193.9834
-327.18475
-328.38388
-846.99884
-372.75836
839.2649
-550.4619
464.15094
-699.98676
35.46954
278.95837
-710.31396
-44.53325
-286.08035
-474.73605
-452.08435
794.85394
527.62994
-263.44998
-138.98201
-859.04095
-294.8428
-59.150436
442.65204
-489.8882
-252.43954
341.3596
-250.92807
286.22937
565.7895
353.29483
-872.91016
183.72902
-19.384651
-810.2473
288.9708
-13.579834
-165.3782
1257.694
520.57227
-556.76605
-1529.698
690.95856
-68.07706
22.90089
-484.5095
-404.42944
-42.479965
407.398
822.60675
-708.323
640.348
1105.3531
-340.99005
-383.9356
454.80313
48.34599
-986.79663
-416.58777
-54.285137
-852.45996
-861.8695
623.51733
1314.7273
396.51465
-29.775864
973.11224
292.00858
-225.91548
132.98273
-249.82224
-112.75354
-8.028481
329.22766
42.3827
789.80597
-604.0479
-1421.5515
566.02924
-296.8648
40.472286
-505.88287
-117.14668
-451.35458
116.69781
-312.07462
-175.66493
-127.00732
-1010.7235
393.24713
-558.76013
-95.140785
252.16112
801.95856
1.061343
964.82806
504.32446
-251.08571
-398.55927
160.53761
-595.2257
-720.1818
756.1234
741.9632
623.308
-759.6483
266.53693
1253.0167
-55.063454
-377.18115
220.23146
-165.02864
561.2095
-1058.0577
904.0786
-409.60663
-441.7404
-367.709
-52.21436
404.312
1034.372
-321.41748
-678.70703
-755.8123
250.07556
310.85464
729.96185
50.213306
-57.936035
-1179.4879
185.64182
98.2241
366.5633
-272.44046
-158.06036
962.5433
-1160.2241
835.6165
753.40765
-869.8173
-351.28967
349.71762
-939.4275
319.62106
-283.71176
-393.13623
259.34244
306.1958
924.60095
284.81284
773.1842
271.1118
344.8797
-184.25021
378.29147
842.70776
-68.2488
1094.366
-387.61572
-1274.1608
33.46944
-1365.7157
-636.94714
-1572.6678
478.70514
-147.26639
-89.51009
753.14087
-209.19199
-1072.7687
518.84326
-285.25195
-1184.3923
-216.837
604.0186
-275.13733
261.06952
-182.78697
1048.9169
-906.69934
-286.86057
817.28064
-702.5804
-42.603405
-284.66666
681.08167
419.68204
665.86707
200.08208
-218.00383
-390.4279
38.88491
587.7361
995.04156
1098.682
-345.19336
-616.8174
370.823
-42.8316
-781.3206
499.16675
-647.7737
1283.2296
-332.5581
-393.03827
-131.27748
-872.27026
-168.80411
596.05347
693.95935
-670.5811
206.60294
-695.86523
767.08203
281.5272
-99.935074
192.95926
-297.62125
-355.5731
411.9598
-1302.4745
126.67995
274.72397
