-245.26445
396.8033
158.06427
302.35165
-154.16779
-280.2004
-128.49748
362.89166
676.4107
636.5655
396.20786
-880.2406
-121.795975
-15.756447
-350.56836
-762.9617
-233.20462
190.28508
101.17162
307.92435
472.1639
-693.41956
-466.4995
783.77325
-690.15344
-14.142343
232.44571
-333.61636
-229.18903
-112.92057
114.06299
-449.86246
-291.96527
817.0696
435.6085
464.75616
208.19481
-215.59448
-64.53035
-450.92938
-622.58435
-326.427
67.93662
-264.2439
390.3524
162.20963
533.70874
-185.45021
-222.87134
40.73888
-518.20514
296.628
-365.75616
388.90494
-138.6339
398.93408
1150.8286
-409.11777
-352.2243
340.39185
-185.38683
141.05151
505.84384
-175.78853
478.34818
242.44316
208.88995
40.799763
503.11862
192.84154
120.08868
265.9478
-3.6477575
84.714195
-194.34776
-98.26698
-543.185
-53.287716
514.06055
299.9709
-351.8071
-149.42961
-388.187
-112.29025
-988.7117
781.7618
345.5779
674.21375
460.4781
144.08643
146.25916
223.43694
1086.5197
-987.41956
-512.9146
489.86838
316.5467
349.05765
225.32741
-137.01855
-197.5219
-390.14633
63.629257
-130.05754
-578.1418
199.10606
802.37195
264.39975
-216.7808
364.42822
-472.38055
-144.09872
358.31195
-366.96597
318.15518
-279.44104
66.679535
364.4303
43.975815
-509.42313
1049.3428
479.10336
114.0659
-773.3292
-445.51016
-39.863647
-846.4624
-705.30084
427.82742
-184.01498
232.77304
-27.983276
-1097.2117
70.08456
-511.9097
276.3558
-179.28287
-45.055717
241.55421
-326.24075
-77.95887
-43.45661
-734.49677
-552.01013
-177.7554
289.57562
532.8993
459.62213
-75.87117
-451.64008
105.38866
302.80786
-173.975
-285.9387
-136.45491
230.42316
-545.41785
-503.92322
-1044.485
191.86082
259.23868
-401.09177
154.09991
467.9081
-7.117054
-80.626076
-407.64673
280.87683
257.82727
-452.34445
-287.41766
434.83725
193.45938
559.1022
-415.47205
183.32036
113.371475
749.39453
503.3126
-546.42883
-159.05447
429.82565
-207.33209
-218.08157
-227.79391
-330.73856
802.7623
-423.1406
-250.66856
820.89606
-63.675167
-112.41571
-299.63507
745.6789
550.24493
-577.71674
-34.67391
-58.7596
-232.93832
-372.70117
-220.14957
500.36597
215.29938
171.58119
-177.31721
491.7752
-177.68942
-62.01174
-647.5503
-333.96207
895.1804
160.16264
-822.409
211.75815
236.15823
593.6705
-313.98297
751.15533
-399.3853
-320.73062
134.81493
347.58667
570.4184
-927.5568
-379.48764
135.79425
-481.81796
517.8878
-1.5715363
-584.35443
191.47874
151.48845
58.095173
-355.53375
428.58875
-612.1077
-70.64829
152.95659
-436.86548
-195.88625
-104.42273
402.03714
-364.6665
-256.94284
888.7149
-445.02634
-145.25954
235.84964
-946.56683
-137.59567
-984.6875
674.40985
-122.96879
776.6705
287.41733
-101.06383
-138.66367
-248.98578
-486.01306
446.33173
55.843586
-552.60815
-331.17612
144.06023
-255.73953
-491.1829
-228.6518
-556.7282
164.93608
-152.3529
-76.69125
-720.68396
470.53024
228.07628
-31.477674
-193.98648
-243.5381
-204.18964
920.4066
47.591488
43.804226
-300.3805
146.26408
-182.33087
568.8445
-115.59429
-704.8947
-534.6806
-289.7616
-174.24174
-80.92985
-226.08154
869.35565
321.64832
45.36686
89.09367
285.0354
-17.414057
-370.80273
-505.86325
-300.85736
542.42267
-670.42596
-439.65036
302.84595
53.233482
146.93669
43.446686
-139.10597
-351.20212
-414.5753
82.676
-115.78305
212.50339
-503.88458
75.6658
-47.714188
5.3699737
-442.30826
-419.37778
-122.51007
262.05096
-1024.9833
-254.49458
-201.09227
548.87494
69.650955
-50.74001
-360.50577
683.4765
-871.7623
-236.10164
-257.93167
836.89435
-316.41342
502.19058
753.54065
-42.700798
32.21581
840.06555
369.49432
147.85498
-614.0801
-172.84317
-355.9026
145.5876
-85.94822
323.12048
-111.752106
352.19427
384.2991
44.931957
481.2437
-123.91855
-216.5303
-431.2457
-68.17111
3.7764633
-420.43878
-413.1991
-171.98695
-133.82027
-63.55597
-585.85583
-1009.99414
384.01285
-694.2527
354.7228
81.45833
688.77954
435.6284
-256.67667
222.7723
457.4452
859.1389
-478.51678
-455.1035
133.14586
-299.52664
-636.75867
-68.15203
-197.44763
-256.21744
-17.951927
-538.7521
148.75446
-100.99628
-390.09113
614.44135
703.63776
185.86835
-498.01434
-159.67947
406.20642
5.6867266
90.11362
376.7085
914.1525
-512.4172
388.95035
433.2033
-419.53278
467.72092
1119.2113
-330.97025
361.96014
-396.86713
-187.96413
-986.04224
716.14355
-176.82208
-291.51373
146.76062
803.176
139.37047
-20.08385
218.44055
-93.28802
-312.5476
-555.9537
124.69462
-41.371212
776.68884
-98.40603
465.0282
23.351116
-523.6877
-37.23381
-711.0762
-324.7816
668.3501
-544.8024
75.329575
-341.06744
351.93124
411.7243
-70.25144
-394.19366
-280.956
51.852413
169.41925
392.91394
526.2791
-258.0489
132.88289
-585.53394
227.57544
-47.44821
756.5968
-134.02147
59.447777
259.4974
-244.77994
116.24573
336.78372
420.12012
-507.7416
592.44714
-267.3722
-374.05222
-121.60103
-100.87747
361.28326
633.324
-214.11751
-568.7414
-338.6575
550.6444
139.48943
110.78797
-495.2919
-377.28485
297.48416
367.32364
255.80237
-459.8478
677.86017
1140.3396
-482.4192
61.01831
206.27556
170.97006
-560.2627
349.4006
-179.61559
-532.7474
-403.47372
304.7279
678.2584
236.65819
-112.07481
720.93256
-208.18565
-387.75906
392.88092
-290.9686
-97.12195
-79.50337
574.65045
71.791954
228.68306
-300.65088
-821.4013
311.4438
-282.5798
120.8347
-436.1858
-346.81876
-150.59558
-335.00882
-348.87317
130.6548
325.93494
-530.9988
410.25168
-125.22428
-7.368376
-111.99846
127.128876
390.07935
938.6124
43.053707
-427.81714
256.91367
839.629
-31.080103
29.604712
384.2115
600.21594
271.15677
-464.43442
-418.83514
1000.61084
321.3412
-274.59897
-331.19836
11.637786
763.581
-696.3775
507.01126
160.72015
-238.58876
-70.220055
-251.52052
-79.63615
463.63138
-93.51032
74.211784
-802.423
172.45378
635.4926
180.57008
-175.09525
-331.08084
-756.56885
588.16156
299.35413
-11.518338
-279.2882
-157.61472
426.41235
-1186.958
870.68854
692.0118
-104.51667
158.84117
400.761
14.549412
485.84775
-14.636877
-417.68372
-2.9281616
534.5906
517.70825
637.5841
-172.10005
43.37742
-3.2437024
271.3227
604.84863
377.68362
-143.61827
754.09406
4.8473206
-621.7493
321.18896
-535.24243
-388.36066
-906.58527
624.0153
-156.83475
-86.50299
721.00037
-380.60266
-449.62183
224.60435
-207.62628
-357.3258
286.46967
219.98201
-201.83295
-25.492449
-20.692041
773.12305
-285.64954
-68.79085
280.2151
-341.42398
54.173172
-363.6107
325.00757
145.71736
561.3828
-123.370544
-53.50033
9.110434
25.516375
353.67377
990.0516
1061.4343
-204.20952
-412.61932
-157.68071
-18.618526
-569.31384
273.41473
-321.89328
708.0733
-495.0054
-273.04453
144.87279
-93.171776
-467.45566
460.5086
624.4989
-232.32933
500.27527
-694.1116
510.55798
-234.27586
-176.30714
-406.16287
-636.3802
-270.51398
353.38815
-1176.2751
306.04163
357.4064
