-206.77512
716.54144
-100.89285
457.11182
-175.2854
281.57504
124.538895
539.12744
378.68466
-52.12091
305.8365
-1068.5211
-39.670883
41.69748
-125.82467
-895.27496
-511.0789
418.43713
-132.90393
493.8541
-126.17274
-930.32684
-87.16901
242.33282
-630.5943
-397.74268
145.05684
-158.70944
-562.2647
-11.224155
-211.94656
-350.50092
-249.50267
1013.9845
637.1399
566.2679
481.8515
-16.244022
37.93392
-423.22824
-677.66956
-648.1721
9.788311
128.1982
281.5835
515.9271
122.76799
-394.65283
-177.60449
344.13223
-336.88007
361.78937
-325.8862
59.49053
453.00284
284.36844
1307.6248
-635.6676
-649.64215
-118.39988
-272.93073
324.69067
478.1947
-552.77924
361.80264
25.921152
16.244007
-279.81943
971.9803
370.53406
-211.99127
298.28952
18.70848
200.93703
191.27963
-121.670204
-337.13538
172.02617
-204.3844
102.868065
-544.1044
-230.82079
-676.55035
-341.82352
-863.2425
1052.8191
-903.6801
1071.0415
894.654
177.00645
-463.9702
442.57968
870.4991
-1049.6428
-503.23203
147.08948
586.45386
480.6481
352.41803
-50.51795
-849.77875
-465.90787
-512.9331
-29.998085
-1085.2194
143.15486
1429.6284
861.2417
-269.56537
-63.124863
-765.2863
134.75606
376.8237
30.861403
484.3931
-111.86773
64.619675
505.35458
268.8022
-1177.983
1252.1779
239.15558
447.05545
-545.97723
10.212644
360.54004
-770.1265
-642.5822
660.4674
99.792015
-394.206
365.94266
-798.77136
-121.65882
-680.517
313.75122
-316.5325
-136.72531
268.8421
-283.3693
18.86253
-411.03552
-1401.9229
-1057.7832
-432.57962
712.6957
595.337
942.4517
286.1362
-487.09576
400.48486
791.6631
76.17752
-383.60342
-56.669235
113.86363
-520.82764
-208.80894
-1210.2239
325.01923
535.7916
-909.77325
336.49365
-152.03496
315.78354
305.87573
-889.0227
461.59152
454.09613
-769.7917
-331.2692
-2.345583
601.86536
366.1449
-31.88141
282.98944
114.47926
902.0745
599.6045
-954.93744
3.4830549
10.254414
-110.84237
-16.963133
208.67145
-558.83795
677.6281
-468.21594
-667.0925
1121.0221
151.47346
-600.45056
-23.025991
770.147
478.83606
-165.97371
391.06964
-256.52747
123.769226
-383.78424
-262.51648
977.97
195.71089
462.97516
-116.66318
-113.44585
-227.93593
15.798502
-662.7707
-507.39838
762.3387
172.87991
-898.84485
-729.8854
775.22424
1422.713
-573.751
1146.3668
19.132898
-325.79895
131.31714
435.30774
657.8977
-1014.3212
-885.9315
375.92737
-595.02905
173.64357
234.66992
-714.36383
-198.56439
738.8313
-27.183195
-454.425
300.67215
-473.13052
142.42676
557.9855
-537.3032
-18.357645
-377.828
579.4452
14.608717
-396.40134
800.7081
-396.37106
-711.1111
303.50723
-1178.5027
-177.58926
-619.07513
1004.5037
-218.67752
408.51532
390.10965
86.57327
245.6902
95.29138
-605.4027
521.64545
1.7453799
-511.92365
-463.61163
-183.56197
0.6311072
-954.64746
-425.96582
-39.219135
-185.14099
-353.06223
-15.699473
-1295.9834
582.79034
-67.30629
-149.24014
-546.367
-387.4609
517.1412
716.62866
185.21594
229.15968
150.1857
98.240326
278.62994
777.3206
-367.59653
-974.34296
-657.046
289.96136
63.166096
493.31573
-157.73308
320.9312
615.2995
-240.03273
255.34612
603.3815
-617.52515
106.37099
-366.41156
-310.3003
143.09694
-897.3718
-776.28296
-11.096989
-100.4956
438.49982
-112.34868
-181.29753
-114.67533
232.88504
-123.48854
-20.01452
-65.10769
-636.36633
-118.45333
-173.47314
-622.46075
-668.5915
-96.31024
-263.2386
114.99664
-915.40216
324.90305
-352.72168
1276.0793
552.2977
-197.3846
-170.36823
468.80518
-789.1514
258.85583
-122.505486
959.6608
-889.76447
735.17175
780.2544
71.90426
313.22333
1132.4532
298.59137
25.065025
-1164.1968
178.90807
-714.10913
404.42264
-42.133312
1316.5702
-41.89616
836.9373
45.761204
454.81104
14.55883
-168.23512
295.90295
-101.19015
-138.8864
-70.12868
-533.1994
-133.06166
121.11242
-91.71636
586.66394
-276.76703
-1014.7062
286.9123
-781.8084
352.7051
-81.69682
789.0261
172.88907
-371.20615
354.41052
231.977
1030.6107
-463.28836
-231.105
346.82275
-279.70557
-966.6419
258.61987
-321.7527
-373.4893
-341.0885
-1010.3833
165.57225
-154.17542
-612.5798
258.00845
1026.4496
79.65114
160.52281
-351.0845
-68.50351
-295.94632
-224.58882
65.56772
989.26416
-905.1602
590.4153
766.8584
-303.42834
993.7769
929.58215
-449.3178
188.68178
-508.42276
-368.52252
-1786.8739
913.4767
6.2961073
34.379066
489.99042
311.61877
-1.3219124
-638.8062
-26.51107
71.64937
-567.81995
-618.4281
171.94952
-56.86383
254.64885
291.44662
231.6339
223.70097
-146.43001
-303.88303
-548.40735
-329.93945
849.2176
-666.9139
-21.957909
-818.09216
392.091
142.24811
-218.84508
120.74922
-199.86887
-312.87515
85.46687
277.3343
460.06607
-177.1425
-197.64764
-466.39877
-73.31978
-263.5475
385.38397
-492.89005
-88.3167
406.40662
-172.0016
485.79675
576.5987
298.3792
-809.52594
286.49026
-319.6403
-392.9997
-104.456856
185.22285
-111.99388
983.88055
297.43723
-270.70593
-1108.8944
846.58984
239.65834
216.75536
-396.68912
-466.97577
-6.268627
379.42117
676.8382
-532.2777
433.29938
983.08435
-497.87378
-348.4748
350.4012
92.786606
-964.9093
-35.14486
80.23053
-963.16614
-715.34186
723.94324
843.6265
207.07864
58.52475
789.5788
199.4522
-431.55048
-101.49707
-612.5059
-210.74236
22.729023
262.77966
298.36893
448.1753
-240.67404
-1014.47864
477.54483
-309.5728
200.94118
-563.53143
-22.968616
-548.2213
-290.97244
-244.35149
44.615177
-108.446144
-943.9122
387.2861
-451.7565
22.55536
199.99002
324.20456
106.19367
901.7973
591.3894
-340.28027
-291.54584
478.9151
-207.35806
-484.56317
695.1463
921.94763
395.46677
-685.04443
44.321957
1232.9667
450.5181
-141.70537
145.82272
62.69207
673.2581
-603.04724
735.8621
-284.33597
-393.47208
-274.35703
-109.491776
78.91097
546.3534
-83.28222
-381.2901
-1061.7102
183.28241
245.2088
725.39075
-43.61826
282.748
-1080.8254
221.35051
34.500175
112.56699
-44.727005
-358.6664
598.9886
-1262.0845
647.6582
897.2144
-400.96405
-138.51445
426.1275
-495.6194
366.50864
-77.00178
-212.57773
182.7428
531.72955
620.7005
362.61417
468.3763
78.068886
366.51248
21.372936
499.04254
769.95776
-125.952545
1181.7466
-185.88747
-1253.3367
-49.288242
-1018.809
-530.4746
-1276.9785
609.9063
-328.14157
-21.240284
691.7385
-3.5164678
-988.60376
580.57007
-216.42445
-971.88727
-129.38098
477.92856
-398.18152
-60.575356
-40.770046
1345.2982
-1159.7101
-17.715593
375.68005
-192.45
-70.29382
-468.3471
462.42847
384.25955
1030.9377
188.74513
-67.2398
-574.54083
35.618183
528.47064
1038.1512
1051.7723
-544.95087
-647.3914
138.08638
19.03741
-659.3108
410.74704
-627.60065
1212.2892
-323.25113
-703.3069
-140.59119
-387.40298
-175.49289
417.01132
777.4483
-526.4584
139.4272
-507.91763
702.1063
163.57773
-193.42174
69.897255
-608.0287
-65.0262
632.3405
-1454.9949
317.30527
274.5498
