-854.64
633.8335
1114.8279
188.46648
1422.96
995.4139
-701.6686
881.80023
111.20812
506.89438
-745.8108
-1392.5427
-1139.7292
-861.6425
-370.64276
-1855.2668
-1763.7545
407.35706
-367.4662
1912.8298
-552.5657
-728.26654
-340.4425
-438.30447
-1261.2262
156.7132
-695.0521
-511.00186
-1765.8778
-56.28295
592.3488
247.56963
1079.7217
2232.2117
1752.4043
1445.5287
-360.2295
-614.60986
-131.39043
-500.23953
-407.63882
-1221.1063
-787.80426
1011.83
705.7986
-664.29474
-134.76033
-921.3181
-1275.7562
793.45135
486.09085
54.69386
-101.047516
-1468.3926
2293.9119
-809.1416
1933.9717
-113.360954
740.9818
-238.84644
-247.96825
164.9542
401.58228
-963.14996
-51.244812
764.6568
-670.7783
574.53
1627.4723
5.5243187
-1105.423
-381.59683
364.15012
-101.06316
538.0657
-1388.3406
-125.10776
-1313.2073
-354.80115
612.9296
-244.79047
-610.6239
-476.1158
-671.7168
-101.52863
2427.7468
-1433.703
648.8753
1941.6158
250.45782
-642.82666
195.1656
943.92065
542.9826
-997.02325
108.44051
1690.467
709.76514
747.64246
532.59235
-901.83887
302.39502
-957.80963
-259.18097
-684.0016
-86.10947
-234.78677
906.3234
-55.781162
-631.41583
-1209.2013
1166.8822
-53.12489
-614.06146
1212.6008
15.686249
-650.83105
446.98697
-379.94885
-1709.2615
602.72473
557.0739
228.83495
-0.23136711
-550.2327
429.05557
-734.95306
-1163.3186
910.4539
-663.0844
-616.85394
31.264505
-482.82846
-673.06805
-307.85062
-1065.3842
-179.53374
959.4347
267.3029
969.0236
-605.8131
377.79114
-1402.3969
-1378.6086
-238.96808
580.6522
-75.51274
1659.8748
-400.67523
-440.16342
760.3429
1335.9396
-447.86893
103.11009
628.1061
-1029.1307
-1110.5795
-855.00616
-2330.9504
404.45184
923.0649
-1677.394
305.8788
828.8264
1722.4792
857.9558
64.4414
441.9647
1262.7806
-1755.5414
244.9587
-1051.2755
-215.25923
935.2709
701.632
91.124466
-347.13724
410.31577
405.76315
-1315.1403
-194.45427
779.2037
-287.786
-599.31555
-572.3796
-546.40204
1239.8756
485.9
-1263.2069
381.949
281.20657
-1169.1447
116.22447
775.988
-209.4298
-807.1763
1366.6049
-148.16655
393.22556
506.84476
-339.2448
1668.9202
335.75122
1216.2627
-312.64255
593.87384
958.1044
-475.7109
-1122.2522
-365.36426
42.60458
612.0283
-445.56055
-2073.4312
368.4793
2720.426
-45.716637
932.8958
6.70348
-318.42126
-453.8564
224.12119
693.3721
-581.58997
-37.80839
329.69662
936.12
235.35695
614.3343
-590.01855
-302.47903
1037.4312
-350.4495
378.6482
767.3649
-1758.0187
-2360.524
1191.3523
-530.22174
-877.1527
-44.031296
561.7896
923.02484
-623.4019
1160.3848
206.0015
-60.02127
-1350.7198
-1697.3441
-963.55396
-844.9478
1535.8893
172.02208
1397.6536
-489.78528
420.70374
925.3282
-13.81239
-565.6158
705.66504
129.24994
-746.2436
276.6724
727.4542
-126.480515
-340.1635
-351.77005
102.054985
959.8976
-1783.2107
-36.826107
-1057.3015
-532.2619
-1247.5604
405.6198
-12.259764
-832.0579
1219.7058
866.11206
1327.7455
-145.59178
28.110428
544.46173
1008.1485
1158.1101
-1679.6614
-1533.3358
-659.7668
1456.4667
-628.11127
-254.225
186.27441
-843.0574
227.8805
-1073.7548
387.2807
610.13
-632.1225
-1187.5424
-728.5163
-647.2694
-1500.8848
53.787983
-1149.276
-795.1955
-184.34271
575.4473
241.6428
-1382.3406
-51.774494
-517.92914
-1414.8062
-307.42242
839.07385
-1245.5745
2075.9443
-1023.2009
-740.50366
-939.76337
863.25244
71.40886
-291.19922
-657.7316
-591.15155
-182.19734
534.66907
1135.6578
-850.8732
388.14224
203.65729
1122.0012
434.76666
-438.08466
773.3776
-1691.215
682.8386
1171.7668
169.59673
1004.9117
295.55408
190.6973
600.2014
-831.4745
-395.16492
-929.8083
-238.58371
-257.57764
2247.2102
-328.9194
-11.29064
184.71075
71.20086
-1270.1971
1112.5059
263.5059
-981.1496
375.686
-461.3069
456.49905
423.93527
875.8802
509.94574
557.12854
-539.5004
-485.41003
162.09904
-1116.3248
208.78247
-239.55098
1275.3153
727.72437
-742.2787
272.13675
1124.768
-370.10004
-965.86847
240.08679
786.7654
-159.22733
-1188.5366
-475.11307
-80.2549
-880.9293
849.9871
-756.06024
549.5903
524.0024
-1530.244
1131.198
596.49005
-1242.8469
-1398.1603
-910.8011
321.0551
-22.970085
284.87384
74.60068
1136.4
-513.52386
-223.23775
586.5416
-1720.1075
396.9001
1508.6521
-781.5999
-401.65338
-224.24437
-323.16208
-2795.1099
1582.0493
527.62396
-1085.6813
1417.9971
303.7413
981.1564
-760.37695
-496.81018
1237.4425
908.40826
-832.58344
724.02234
1178.6025
-123.488106
-202.67166
193.29588
-469.566
616.00867
-112.77159
-1183.3536
-1448.5084
1731.0299
-133.80461
615.775
-757.4026
-573.9396
329.66696
-325.0042
68.130356
-1900.2269
-438.69717
-894.537
1165.8757
-32.23786
-566.09766
-821.7864
-887.8764
-1919.1875
265.5626
380.11588
-1428.6771
-1262.5645
1360.5061
490.16003
236.43793
1690.3833
253.49959
239.46921
940.23486
-869.58215
-239.97433
-170.10423
-919.2412
606.7466
-413.59665
1359.3959
215.6628
-2044.6931
1686.7935
-462.69186
-144.9425
370.9138
91.500305
417.7899
567.7056
1422.2345
-584.4721
997.84875
2605.3281
-1028.3871
-926.03467
451.39334
128.9489
-1356.795
38.67323
-501.46436
-451.106
-603.46356
1425.6023
1898.5662
1417.4998
686.6476
1206.099
-241.07942
-408.5688
363.69348
876.78503
77.07826
-62.77816
541.51917
55.310337
-397.88525
-436.686
-401.12512
923.7966
-198.29913
-17.781471
40.048237
-291.0427
-1220.55
1789.8494
-1313.8494
-1103.7169
-202.34227
-434.5411
1563.0432
583.7801
1019.05383
-617.11957
628.0265
748.5041
720.6628
268.34607
-137.33754
-630.7539
830.0384
-819.40643
543.8903
1619.7599
1714.7686
1899.148
-1647.8055
569.39685
2171.832
440.31976
-500.03326
-291.22476
148.68054
419.03088
-854.9491
1962.4998
1073.0254
-1350.932
-288.46054
-1905.4775
514.7752
1531.966
-1467.8594
34.470768
-1509.2528
-236.98888
677.65625
-43.825394
83.1077
-1040.9612
-639.4643
76.50148
600.4662
1248.6028
-527.3208
-1161.9644
1082.446
-2132.6978
1028.4728
1546.7665
-946.83826
241.24135
154.61572
-207.42972
1103.6807
-164.77155
-83.493256
1071.4828
1491.6327
-333.70685
-660.9785
-395.9155
769.5723
-194.40356
-685.3619
1229.0573
-50.51061
-591.3741
1862.2944
-250.63914
-1628.5938
-612.6798
-1463.8518
-533.83746
-1846.4513
413.9762
530.52405
572.9359
197.77682
-402.5162
-1111.835
1213.9688
-816.2332
-1617.2852
28.980934
-595.36926
985.77094
271.688
199.22409
878.48065
-759.2307
562.2262
245.15294
-838.1267
-186.91544
7.2877884
414.03314
-123.64565
377.4338
680.2524
-277.17773
-538.04584
26.2866
213.25066
798.4316
783.0831
-649.2126
-611.4114
375.0108
456.74417
-857.2401
867.5174
-1083.2554
958.66846
784.14435
-1250.4536
-257.10147
-2187.65
-646.9013
561.12085
865.09827
-823.1359
181.28647
-1038.5764
1151.6848
119.06587
-867.57367
643.1603
-1362.3817
610.3311
1213.7202
-2848.8848
382.86493
492.67386
