460.9412
1215.5875
155.2378
754.67
1323.3641
1118.8542
-426.97192
485.79785
134.9187
-153.71045
-77.62391
-1758.4535
-924.2469
-791.15875
-329.85107
-933.8225
18.379004
917.8375
188.7742
1497.1227
-47.80185
-1565.0839
-431.86505
-62.556873
-479.27057
-514.60187
-709.949
226.50508
-392.53693
600.76044
186.33295
-310.0293
393.13336
1899.4902
671.80914
647.5848
59.369118
-351.94946
-77.964676
-284.0816
-826.4954
-698.6836
-606.0582
882.9202
196.66046
-195.0447
117.56978
-904.3066
-981.01404
455.4289
59.023422
373.85504
-74.91028
-870.35913
952.0521
294.61932
1888.1477
-661.5662
439.48257
172.46988
31.053724
-7.461426
600.5767
-292.54788
-367.1573
88.73643
-89.426605
233.2811
1878.0554
-258.73178
-490.00076
815.92676
-69.575615
-367.5493
94.53769
-1785.4545
-591.14026
-1453.5083
52.16553
513.7869
-165.86795
-517.00635
-651.55237
-1173.2356
-414.55588
1767.4696
-1043.7001
870.35266
1375.9396
590.414
-896.99615
341.9609
849.4687
-189.1044
167.09258
-293.3655
1004.7345
1249.2933
783.24713
161.35876
-814.8152
-409.2889
-1089.951
-440.10156
-1489.0004
-366.5976
178.10655
984.2418
-40.181828
-827.8796
-635.4158
692.6381
465.90857
-116.33671
1507.296
-102.50476
-112.20847
704.5597
-20.075773
-1522.1089
503.51843
474.5789
-111.90401
101.68831
290.8922
753.11884
-397.03247
-578.5313
830.69604
-215.11511
-314.72473
-76.539085
-355.00092
-1133.1224
-12.329342
-379.99777
-246.79408
416.65076
543.48486
145.68681
-719.9715
99.02391
-1858.4395
-1437.2732
-773.76514
1401.5691
306.58865
1428.6449
9.818565
-312.738
310.3453
995.4159
198.03119
-417.77945
349.9388
-36.994923
-762.9207
-80.08084
-2273.7266
484.2194
670.8832
-1223.81
-140.6169
-399.2675
1826.455
352.90286
-483.00296
-91.61526
464.66687
-1088.2004
-606.1383
-183.2524
-122.5984
865.25757
367.75085
666.7207
-264.22025
566.863
616.52747
-999.43396
176.6682
510.7586
153.12968
-231.80872
-295.00586
-647.493
1279.274
-336.556
-1155.6342
794.88245
-324.47293
-948.82025
496.42947
1523.017
745.3552
-750.3726
849.7529
-417.213
576.17065
60.23168
-491.68256
865.8323
189.59537
856.9678
-277.59644
255.86838
287.55826
-683.7808
-1917.0773
-708.7312
99.222626
-478.55502
-975.35443
-1218.7844
853.3803
1984.1182
-526.7016
1650.6422
-230.83136
-452.25626
58.024574
97.79849
274.35315
-984.67816
-547.53687
912.88824
46.964138
557.7664
1120.1874
-169.74272
-412.92593
928.7376
26.771694
299.4126
634.9827
-961.9214
-1102.8469
857.9773
-1017.0285
-270.35132
533.29663
599.7051
1136.7882
-307.97223
955.008
42.845352
-445.45108
-407.74698
-1174.9146
-508.3988
-937.37354
1465.1604
767.8599
1372.4608
216.53296
465.58417
694.59717
-164.81705
-770.83484
926.25195
477.76718
-339.51788
571.9124
467.6707
-828.39307
-733.29663
-354.7912
149.10017
-259.85736
-1094.1774
42.14425
-763.8727
141.59674
-1164.2264
443.19897
-382.80975
-506.82147
685.8067
1299.7479
724.1129
25.9583
17.020124
449.70724
915.1056
1685.5411
-489.13586
-1158.0988
-844.943
954.4373
61.306602
631.19025
-145.71754
-333.51392
581.49133
-712.3715
-209.49597
-16.419266
-815.91846
-28.118275
-683.18964
-427.0747
-547.9389
-251.30017
-783.8606
-620.2502
-387.61288
334.1431
-750.2086
-865.634
236.7312
-834.515
-1191.4224
-264.7964
-17.96109
-830.0999
541.8248
-858.59094
-940.0164
-610.258
429.35443
-748.9373
-93.40237
-550.9572
-326.27783
28.275623
866.41815
988.9344
-1026.957
324.0878
-225.47247
-190.19502
65.1525
-56.694237
401.81528
-920.29846
732.42316
771.60956
-439.60748
616.5231
918.80316
249.41846
-8.049932
-770.87494
-136.36852
-442.81604
768.8136
149.02492
1579.4733
465.66998
730.3187
-231.50623
233.0465
246.82216
287.80246
266.1443
-654.01154
447.54608
-25.641504
-471.3372
117.48062
857.4449
-159.3695
312.58386
-824.4268
-974.13336
429.42886
-671.47144
-95.07923
1.2833811
1628.7125
585.18494
-936.9069
-89.197914
243.95921
378.16125
-481.00772
877.9558
1171.8296
82.21663
-1054.4435
231.56133
-563.29156
-710.2326
337.73428
-937.7153
175.57942
-326.61005
-1028.4253
610.8328
418.29593
-428.0585
-610.25165
-963.7535
236.92587
438.93924
356.17398
345.86877
828.7718
-777.0504
298.1738
909.9225
-1550.5603
329.9906
1139.9766
-423.33963
-219.13304
-860.6587
-235.89302
-2680.8616
923.8248
929.9988
-257.1357
1055.6299
222.42479
546.5776
-875.907
-608.5431
204.37888
224.72394
-705.13226
629.26733
843.21387
697.0141
129.94601
744.1505
102.33444
363.92926
-208.63184
-887.26086
-675.29663
1009.09784
-608.22156
268.99728
-464.4081
-22.241388
584.20984
-255.2183
-21.040007
-998.72565
698.80194
-587.1356
884.8712
292.90686
-59.968727
-99.20384
-537.86554
-1475.834
88.747406
654.96686
-354.6878
-674.3547
1111.5907
197.33113
213.40358
1047.9786
278.34802
-418.92035
365.37497
-170.17702
284.58795
104.294586
-79.01325
341.63287
352.38113
593.55743
160.15135
-2190.5745
807.534
-185.51698
390.00784
-623.7875
254.03781
268.42728
-46.588505
1255.5852
-775.70447
370.06628
1380.2739
-928.6105
-896.77625
708.68805
794.7013
-1127.2386
-195.44595
54.396523
-1007.32574
-623.9871
1343.035
2045.678
1011.26465
-100.023895
1120.2543
252.29405
149.1139
562.75726
683.51434
243.44359
-357.4645
460.20944
378.91516
157.35394
-1125.3314
-1201.8212
291.60718
-549.5131
177.11246
80.21438
-159.44505
-1279.6632
1160.4597
-678.2817
-871.75885
-308.99002
-1053.9806
1057.9829
-435.90958
599.0421
-310.65088
958.97943
204.84235
795.6012
373.90454
-959.9568
-221.22597
32.40394
-733.56006
91.67391
1250.1558
1612.9902
965.8702
-1280.8876
429.95392
1904.8958
473.6416
520.0205
-299.10663
664.94275
498.892
-506.014
1052.6539
-65.29393
-841.7843
151.7295
-1028.773
735.5871
1335.4166
-625.8023
-281.07947
-1376.0787
334.41983
694.018
291.09848
52.84801
-403.33633
-1125.3655
-682.4286
358.15823
704.064
-715.74023
-287.7898
1297.7458
-1519.3552
1041.0302
1175.8746
-622.7383
655.7178
464.67505
-1208.9868
683.17883
-155.2262
-419.6386
1578.4916
767.7756
168.4534
-23.437136
-109.12812
792.0077
-513.0793
-449.68854
990.7364
313.29053
-220.89552
1268.1257
-216.23029
-1501.3804
-529.50287
-1454.5514
-880.24567
-1834.5706
707.5341
418.04092
413.3345
-89.707466
-294.54102
-685.22015
1281.1125
-1058.6495
-1772.5797
-360.5024
226.5998
38.01188
-198.91655
-1047.5967
894.9692
-799.67535
142.56136
766.7056
-755.07983
-307.603
-333.97382
926.66235
562.10144
1017.9487
114.654045
-218.15503
-62.494926
-100.04785
660.1936
885.81506
1237.9438
-248.43759
-535.87976
465.0156
104.79138
-1050.505
1186.2963
-789.70654
503.67004
-100.48017
-1061.7262
-1050.6808
-1616.8353
-282.13333
578.9509
909.59247
-1127.2592
105.109764
-742.4797
1134.0585
281.09723
-522.04016
125.2676
-929.9131
457.78317
657.73047
-1942.6156
438.2166
-101.5485
