-238.60999
623.3992
56.121372
296.43008
-167.07607
180.0906
166.31001
638.3115
334.37933
204.77086
429.4409
-1196.5947
-91.55049
-131.65915
-38.524765
-930.4206
-346.32086
290.23624
-69.74561
512.08716
-18.66714
-976.2092
-235.6928
249.62447
-461.26715
-322.0321
94.693054
-438.7753
-601.21967
94.039055
-116.6938
-331.36438
-232.13277
889.6109
678.50665
616.27905
396.4256
-33.478394
189.63966
-319.93625
-512.5961
-550.6181
-92.00176
-70.25282
174.53482
284.77563
255.36009
-183.34126
-253.8844
405.70013
-457.24014
369.84302
-262.83044
230.20984
535.15765
347.96622
1043.0037
-754.9033
-832.5969
-23.12526
-282.7773
200.42245
561.34204
-379.50314
431.20914
304.68195
160.53502
-514.04816
972.3826
309.6525
-198.39984
200.09358
172.10509
172.90579
-21.539566
-30.51094
-335.34814
-42.651028
-66.09371
353.46326
-114.256096
-315.67776
-658.24426
-163.78452
-939.37964
1118.3224
-747.69794
914.8331
909.2471
101.90299
-340.48114
510.94696
834.1614
-1007.1885
-425.03784
447.33997
426.8692
343.24564
423.97208
-210.57512
-562.3461
-651.00946
-489.97595
-83.91572
-1165.9841
248.1095
1315.6436
592.46674
-295.90652
145.38528
-693.8311
158.85349
225.83154
-174.53043
502.44452
8.3620825
14.824678
336.59583
396.44528
-1159.2113
1328.3292
310.6151
484.27945
-379.21588
-195.20744
374.489
-647.2194
-745.2056
412.2248
-36.322174
-337.16663
431.23053
-683.8793
-260.75186
-637.02704
443.92792
-336.30695
-79.78826
106.10012
-308.8628
-135.10258
-150.62384
-1164.2269
-1041.5142
-297.80267
596.60474
737.7477
824.7244
42.79678
-368.04596
527.0513
964.31714
-1.8279057
-507.73105
-33.146435
-82.14488
-541.8227
-249.62408
-1223.5284
281.02966
512.6227
-828.733
137.18362
-20.54815
336.30002
540.8645
-866.6605
426.51395
406.71664
-671.46814
-204.32681
178.47035
176.97551
354.72668
-194.19994
312.68463
201.96768
800.71606
692.4969
-1014.0719
53.784786
40.393993
-237.60834
-9.1460705
-81.78636
-500.42953
613.4879
-251.85884
-669.5358
1081.5137
135.89175
-580.5276
21.95697
782.6396
338.72925
-310.47467
327.06653
-209.83101
17.050264
-242.6062
-606.3772
1087.0646
467.0858
293.31616
-16.277018
131.72704
-346.47684
-154.05074
-753.41907
-492.52618
713.00854
195.35112
-667.2849
-522.68524
704.4037
1212.7687
-527.3034
1006.5895
109.73187
-423.9959
62.242672
375.85043
673.43713
-1019.9878
-691.96844
364.22437
-621.7959
166.91397
50.053032
-875.2265
-120.4824
609.3173
97.1827
-535.3795
251.76353
-394.23624
-63.904293
368.00485
-625.37585
-53.661354
-494.16147
519.05133
-129.06859
-317.80722
677.07874
-273.46204
-612.8773
454.34976
-1209.0343
38.815876
-708.2219
1048.716
-259.21518
523.3446
397.0943
76.25607
54.41598
-3.347966
-466.02396
579.9182
-3.5005598
-458.84967
-439.46164
-337.6163
39.450104
-994.4658
-524.18445
-198.82285
74.52702
-425.7766
-64.118576
-1276.6492
444.53006
5.5109553
-30.03754
-328.2651
-283.3551
497.25198
749.2249
162.73361
208.13632
66.60128
-201.86725
384.4737
578.0601
-203.84871
-1026.1818
-596.2612
287.65033
-19.606499
429.75604
-208.62804
501.636
490.2171
-176.98434
317.68488
519.8807
-434.27417
42.561348
-520.69617
-186.67126
271.85098
-765.9638
-694.5629
-39.11456
59.757385
542.22736
15.65963
-246.54733
-15.40655
-10.215967
-215.38748
114.998375
-22.948557
-826.93286
21.241667
-134.58607
-436.57138
-563.1516
-287.90744
-262.64655
127.78239
-1104.9398
189.73016
-310.34573
1040.8689
636.8422
-70.92215
-340.84225
486.63644
-1056.7607
32.64354
-276.51947
1121.4146
-604.25415
602.6508
717.2715
-51.60672
282.68518
1199.1139
184.36443
146.29346
-1164.9298
150.10861
-798.85443
351.45374
-263.68884
1301.9636
-148.19704
867.15393
246.95905
223.92215
186.42258
-245.28233
241.90466
-101.22504
-1.5643779
143.90268
-550.9978
-259.713
-31.383003
-3.7016382
425.1266
-397.39392
-998.171
405.45462
-842.8069
276.75534
68.28018
870.76337
185.71922
-258.793
387.9459
36.18666
1118.9137
-310.55392
-280.58792
383.98257
-261.14282
-1191.462
152.4264
-319.28265
-536.3462
-397.33618
-996.73926
201.2363
-174.12733
-416.8239
379.93127
1116.3148
88.80821
138.43617
-318.64804
141.67604
-149.86096
-100.03388
-37.946655
775.53906
-815.0552
740.6042
662.8965
-593.056
658.9855
1055.1775
-538.71936
420.2155
-493.66653
-315.4962
-1418.1578
770.8689
-58.375473
18.296164
474.31348
455.23962
-63.012012
-399.98676
98.94139
154.63626
-646.3845
-608.6617
135.6223
-194.33737
488.05722
249.25128
268.72983
146.95992
-317.79428
-366.19702
-627.75995
-307.72516
921.06116
-572.65485
54.12197
-858.5373
448.02216
221.44902
-272.85916
43.47762
-196.13643
-264.7475
-3.3858292
73.4317
643.634
-227.88113
-86.402504
-654.9806
-97.57425
-45.71563
466.1207
-320.61755
-7.855807
448.0603
-303.9222
422.08234
363.2169
400.6458
-638.8321
476.24557
-323.4436
-326.97205
-30.48382
263.7762
-143.37239
862.37524
139.57957
-344.448
-1036.8644
1032.126
398.17258
423.59402
-591.53955
-375.84607
125.82638
210.42958
851.4219
-718.0548
407.37997
1016.81134
-447.2427
-274.49323
349.43048
252.29626
-985.8647
-94.67942
-10.660231
-910.6085
-622.88446
686.27716
890.25964
39.140976
15.309569
821.4646
81.783646
-363.45187
-124.57385
-621.35284
-150.23688
-215.40567
419.61496
199.12674
253.52782
-269.76422
-945.538
287.74673
-280.0818
121.94334
-471.12927
-106.1262
-441.5108
-137.02283
-273.544
75.227104
14.92315
-892.0246
213.97765
-497.50586
162.65234
186.39449
396.05704
422.60974
978.1826
422.56024
-309.30173
-162.60646
451.29898
-185.96866
-493.52762
608.2852
845.5998
400.57437
-789.79065
-145.24269
1358.9551
545.7864
-158.96863
110.401436
-123.847786
606.8608
-676.4937
884.59326
-145.16763
-200.1753
-111.11672
-233.45653
-61.217186
518.7182
-130.64975
-335.33063
-815.1358
290.44424
372.32022
650.5638
-74.633316
296.06946
-878.8242
332.46863
5.42956
-63.91258
-64.188576
-412.0177
663.5594
-1466.6549
798.4185
701.5371
-305.67224
105.045975
318.82837
-443.94638
311.24237
-220.13666
-203.37123
-33.117233
419.16074
510.29254
333.78802
345.55463
-1.149101
536.3436
-58.179707
735.66144
647.8084
-189.57222
1246.6418
-180.61552
-1198.0234
28.199162
-869.94745
-490.49646
-1401.0697
469.287
-251.1138
-51.412434
660.4184
-73.11941
-1109.9735
442.71194
-385.36203
-930.6069
76.56714
467.03506
-472.6432
-68.518906
-170.86479
1268.7318
-1137.0416
89.39643
303.73422
-69.34199
-108.36788
-376.85226
512.2789
291.10098
1060.0911
232.96071
-220.7719
-304.10175
-45.496014
658.6125
1004.1231
1149.1146
-379.27618
-616.1671
80.461975
63.561455
-736.28076
299.53168
-785.4041
1240.2556
-152.38335
-731.0047
-171.6209
-393.40463
-373.03754
350.5226
620.34955
-472.52426
123.89424
-392.52878
589.6396
52.44914
-164.38496
-29.293236
-741.03595
-143.96588
586.0997
-1289.385
298.3108
258.29617
