-1010.751
475.2315
1369.6837
353.57217
1403.3969
1171.5238
-742.42566
730.86017
414.84537
410.42538
-690.5117
-1519.0686
-821.4227
-781.2417
-196.16437
-1957.2606
-1804.3778
254.51805
-506.15894
1830.3484
-1052.1367
-1027.2478
-408.50146
-446.99112
-1032.0692
257.81662
-78.24238
-232.77023
-1938.2897
223.05115
691.904
179.09464
1337.6614
2471.3076
1332.5333
1232.5266
-563.72144
-188.02504
-236.68948
-494.29367
-127.46771
-1687.124
-512.00745
1536.3092
871.40454
-663.555
-217.97083
-648.3076
-1373.7373
794.98755
877.98895
92.214
2.3586755
-1049.2703
2056.32
-802.1536
1721.1191
208.95886
535.5513
-167.42976
-319.30276
102.61804
32.9575
-1626.6792
-245.58426
781.0144
-892.73004
173.21196
1923.448
198.57042
-1331.0723
397.14227
52.377377
-264.63217
405.2422
-1090.3081
-140.01428
-921.56116
-797.88104
505.1369
-244.18352
-1144.8815
-599.59064
-365.39594
-790.1404
2498.8442
-1570.2173
880.4961
2034.1953
755.43677
-1000.37506
130.67157
747.22864
794.8785
-1044.7506
98.53616
1680.036
423.81284
736.3727
724.3362
-1063.8995
54.650845
-855.4066
-295.80716
-795.0869
8.7048855
-143.64188
1370.1694
-173.88937
-683.84796
-1070.8845
1528.3284
-451.4084
-190.47675
1202.4065
-74.57918
-914.9283
244.56142
-566.2404
-1702.4777
748.7747
241.58838
478.95554
276.90634
-447.8516
95.6218
-704.2311
-1185.4834
453.60846
-595.3663
-1047.7195
-541.5351
-935.3576
-492.85468
-354.32343
-1268.2236
-39.693794
1061.4879
39.4618
975.54565
-1184.779
511.68192
-1784.1318
-1146.3867
-508.15955
509.60315
-160.07915
1561.598
-789.6578
-498.87488
1325.7511
1705.9818
-484.61478
230.94705
425.38486
-1031.413
-1067.6562
-1071.0327
-2617.4102
244.3407
456.68842
-1913.7252
-183.1136
801.70264
2162.8486
1176.9198
352.53958
647.6314
1749.2372
-1661.1715
222.78429
-1663.3479
-748.88635
988.78125
837.4165
-160.09676
-191.25612
291.21036
701.17175
-822.68964
-168.00484
983.17474
272.18732
-610.0554
-1026.9213
-730.8528
990.5379
399.44717
-1007.0595
-134.82988
-16.162226
-846.53033
-147.08363
951.71375
-179.01653
-1052.8873
1299.7906
299.2006
367.5896
226.94801
-669.57904
1739.3967
656.9278
1217.6942
17.444862
587.4916
1675.5599
-791.75726
-1493.0873
-244.6116
93.520546
834.5566
-794.5331
-2326.5137
-124.38612
2910.242
468.5788
844.5388
-55.397484
-265.22498
-731.5647
488.88254
1349.7244
-190.98187
530.9137
728.18634
964.8967
-12.360653
186.13313
-285.27728
215.67126
1061.3645
-47.027992
-107.775566
671.8385
-1226.1635
-2348.9658
1495.4454
-830.6076
-681.97345
161.39282
877.2008
349.5425
-901.8657
1180.7296
-35.101425
-317.75165
-1156.1364
-1929.9922
-561.7738
-662.7452
1784.1079
293.001
1875.9541
-708.8218
220.31306
1297.5267
366.06332
-423.34924
762.1824
748.3586
-1778.7445
-35.84102
1056.4827
-262.18387
-384.827
-159.39279
-288.22876
1494.6782
-1957.8086
448.40936
-1267.8834
-607.173
-1936.1176
798.46375
81.54349
-1202.2588
1520.1278
1335.3212
1244.95
-115.50021
211.02429
635.00555
1230.6575
1413.4609
-1973.4711
-1836.0099
-1117.5072
1791.5026
-148.01785
-313.4903
-205.56012
-965.4783
340.47562
-1356.4491
185.73064
532.44403
-597.2738
-1534.9451
-859.2076
-1025.5696
-1639.5908
284.5364
-1395.9786
-763.96594
90.71246
805.374
494.61694
-1565.7268
-183.46855
-188.02345
-835.8665
-197.8333
892.7253
-1479.2319
2237.9692
-853.34784
-368.41486
-1195.8198
218.867
-104.91161
-497.5642
-626.4869
-503.7587
-31.973398
758.4467
883.5095
-946.7906
604.8355
461.61563
1147.5529
310.1688
-872.5792
926.6153
-1318.4938
956.35834
1510.7455
566.6991
511.0231
-140.91682
202.61961
1077.4268
-812.4182
-720.7697
-1274.3467
-677.3139
-339.6229
1722.7937
-58.551426
158.643
312.20654
235.35228
-1291.9178
1537.0929
-182.14108
-1028.5364
-3.1266294
-358.67288
497.1224
-137.28139
163.40169
473.46982
517.2894
-615.2002
-44.158993
90.69289
-1358.3585
231.28827
-353.624
1642.7133
1024.6299
-29.618778
535.9947
1107.7156
-935.36865
-836.87915
133.17603
489.74234
-90.617035
-764.1339
-646.84784
-355.95932
-955.67444
1746.525
-642.4091
452.3039
988.0283
-931.44135
515.2161
478.24408
-1312.8076
-1255.8909
-645.1861
-326.6151
-69.452934
265.1535
470.5351
1502.0863
-495.977
-547.1139
315.65146
-1278.8773
466.21338
1794.1746
-134.06956
-185.65741
12.479967
-639.18713
-2662.5576
1814.0929
490.0595
-1012.7187
950.903
755.21045
1211.688
-723.5265
-639.8331
1468.2275
713.8726
-1243.495
589.2693
1363.3837
-415.43967
31.270597
163.14018
-134.4501
641.8304
22.573221
-1650.6061
-975.7446
1660.1998
149.42122
944.91534
-906.814
-261.68222
428.1651
-511.06677
135.46931
-1649.2699
-514.6114
-634.21893
1321.7018
-490.41833
-734.2794
-1313.7075
-596.8522
-1784.6001
11.167163
725.62115
-1560.1633
-629.08575
1305.6993
540.57227
256.2265
1152.7625
441.03534
16.952044
1257.4268
-798.10455
-459.32248
295.4525
-980.3556
383.83823
-524.64056
1281.2023
164.8629
-2266.9128
1119.3633
-538.8251
68.98151
212.74966
-144.8394
324.25735
566.1676
1279.5426
225.81679
1179.5416
2632.0444
-801.2787
-893.8838
555.57196
32.082474
-1507.5912
138.24739
-689.145
-340.1397
-599.1752
792.519
1962.5656
1669.6364
988.78644
1013.80585
-263.35336
-798.0643
94.616684
969.15125
332.09937
-25.8459
255.68922
44.221283
84.49944
-146.1821
-95.97337
972.21387
167.8626
468.55972
-232.41966
-210.16724
-947.0249
1617.5518
-1251.6663
-1384.941
-36.85208
-276.95544
1410.1008
534.39307
1288.5063
-605.67456
759.1318
642.7371
561.08405
-91.38732
-459.7733
-536.13605
1467.6583
-868.3247
899.7975
1986.732
1533.9558
1808.9039
-1681.7341
515.59625
2666.9346
136.85251
-548.5341
-552.9787
272.51532
790.2015
-1587.7582
1970.4412
1114.2251
-1365.1549
-465.85333
-1781.3826
564.4625
1213.6228
-1550.7751
-301.56067
-941.91907
57.751205
574.03906
-22.156502
155.29541
-1207.214
-730.4503
212.69417
248.15002
1245.9426
-218.11627
-1480.6957
1245.26
-1828.9008
1165.4775
1390.5577
-773.51074
788.29486
405.51425
361.3642
665.50494
-396.94473
103.94117
319.96347
1874.7502
-470.9249
-1084.9701
-137.76424
730.0214
-180.97156
-659.1645
1434.8097
-63.145027
-1072.662
2036.9672
-543.33325
-1607.738
-564.21387
-1512.3629
-528.4948
-1759.3374
314.91635
492.1115
49.018078
-74.02017
-518.7347
-948.5502
1040.73
-1126.4984
-1401.1943
292.6059
-265.53564
916.7191
-139.63432
-99.17622
653.77606
-686.6529
447.88306
250.68086
-682.8336
-105.56877
455.0948
701.12463
175.63902
90.43719
203.66534
-511.5939
-295.59378
-60.106277
376.36456
831.2389
897.4138
-762.62164
-266.44067
537.7
712.3879
-1169.0391
1026.1663
-1187.5024
1180.2296
929.36554
-1707.5504
-410.40488
-2275.6284
-787.4426
473.244
475.884
-904.68097
-18.601727
-1291.5117
855.97455
-500.17905
-760.1861
144.00476
-1947.3478
273.68408
812.0414
-2701.6243
224.8092
675.4095
