-911.53174
595.0518
1089.5016
108.284065
1351.5616
1028.8511
-581.7152
896.8225
25.035168
590.059
-880.82074
-1428.2098
-1053.1218
-1001.92175
-238.0256
-1783.099
-1637.1089
244.45602
-393.6962
1616.705
-605.0649
-788.37744
-180.75224
-416.75714
-1169.1143
370.1968
-628.35864
-343.01544
-1663.5776
103.210335
684.37024
222.20215
1183.8134
2152.272
1671.9237
1438.1984
-555.5128
-437.01736
-238.32773
-314.71268
-426.16122
-1381.8484
-788.68304
1279.9971
686.173
-524.55225
-91.536095
-1055.7964
-1333.4858
680.33765
585.3127
-134.48984
-170.10576
-1414.9047
2176.234
-808.3112
1828.9686
-72.69789
884.98926
-441.2223
-335.97934
232.45201
222.31122
-1213.4431
-211.37161
705.7764
-825.1683
623.2884
1599.5166
64.28019
-1281.8956
-301.23837
161.51146
-134.97066
520.42896
-1431.0194
-67.82677
-1341.1877
-446.5112
533.16394
-266.64017
-576.06726
-405.6442
-510.8939
-246.8261
2360.5798
-1298.9003
668.6627
2030.4937
337.4085
-697.86456
161.5525
814.7006
575.5775
-1028.655
-2.1749473
1747.8529
738.87415
681.0507
407.39377
-1092.1426
220.31111
-910.7056
-309.92047
-792.94385
-202.40906
-288.37112
899.2372
6.133424
-734.9844
-1241.4938
1277.8473
12.746418
-428.33102
1221.7747
-153.76619
-791.4776
391.0177
-380.4131
-1624.5865
810.7667
565.32153
357.78958
42.15499
-676.56647
420.3327
-656.7427
-1125.7726
810.05096
-554.3634
-430.3038
188.25627
-631.4946
-729.6778
-337.9519
-1274.1849
89.05315
979.63214
292.8453
932.9211
-717.612
439.49222
-1377.4708
-1206.9957
-303.7464
497.4852
-137.86624
1440.6802
-444.07388
-341.29324
983.8894
1338.5402
-626.0582
-41.383373
656.5001
-787.1602
-982.65643
-865.6115
-2509.311
421.7695
828.1848
-1666.7024
231.9533
778.38965
1689.6085
753.25037
79.58443
334.04184
1275.1306
-1903.6664
25.849821
-952.36975
-383.15848
1087.4937
765.3643
127.39688
-343.72815
250.10466
445.71268
-1440.5103
-225.98581
710.2848
-225.0139
-476.5554
-627.0144
-557.8895
1184.3396
477.02637
-1078.583
363.35596
189.29143
-1269.5156
226.9393
840.9152
-373.89517
-710.3815
1442.3285
-102.890686
406.10043
310.3129
-464.22534
1516.9084
282.88727
1219.9426
-89.669876
526.90344
1069.3568
-412.63806
-1083.7076
-521.0801
73.82065
646.40704
-489.56387
-1994.6136
219.16095
2771.9912
-40.461258
1141.0383
-254.89575
-216.79512
-511.29965
332.70898
784.13416
-350.44095
83.85256
425.15854
957.24335
349.40936
586.8773
-565.0146
-120.866005
1208.7076
-284.68222
173.743
645.19366
-1481.2412
-2345.8684
1231.6981
-700.9665
-875.92346
-56.786404
654.6381
849.9204
-554.1741
1140.9535
285.33792
-15.202324
-1251.5466
-1672.0226
-964.1637
-919.1083
1632.501
282.6353
1574.1676
-572.35333
391.06363
857.7264
-22.550072
-444.85324
864.723
208.44472
-896.8171
392.09784
846.6586
-131.0686
-287.42963
-277.0173
134.84013
1004.3833
-1767.0786
39.799686
-947.34863
-736.1788
-1393.4486
456.5922
-73.425285
-1011.8162
1374.77
1072.6638
1257.0736
-176.87872
49.489426
402.7408
1051.446
1253.0018
-1623.976
-1584.9199
-724.66705
1364.1105
-562.7915
-322.72894
273.52625
-866.2818
251.13733
-1193.2583
413.57962
555.88983
-638.476
-1251.3455
-625.23816
-753.14716
-1606.9093
267.69434
-1225.445
-818.1181
-207.43513
642.33453
273.39346
-1347.3257
-23.115763
-571.7475
-1333.197
-313.13892
975.9112
-1445.0048
2223.0273
-971.41235
-710.4921
-967.4771
731.1746
78.90335
-102.30433
-928.37146
-877.131
-292.32974
533.6068
1205.1844
-555.2801
414.01062
358.06274
1220.7689
287.58932
-501.18338
653.572
-1545.4988
751.5062
936.5986
248.19424
788.6514
406.93448
150.81767
671.96924
-711.15204
-569.92126
-861.69403
-243.82951
-172.41626
2416.3245
-420.12085
269.70947
251.14703
23.72651
-1112.3796
966.77594
244.25502
-1024.7318
171.1181
-771.43616
420.30118
395.33295
781.1682
573.29663
484.74268
-551.0306
-523.5627
173.03537
-1091.2924
214.89015
-357.37668
985.6147
978.4015
-576.93256
303.50565
1211.6638
-513.3897
-1079.1768
144.8983
657.8587
-350.0791
-1335.9725
-532.518
-94.5299
-921.70746
1088.2913
-780.501
551.0342
564.38196
-1467.3396
1052.3486
690.3788
-1071.1783
-1520.9224
-838.7263
298.47202
-110.55744
163.0418
205.68277
1073.7432
-578.38837
-11.445741
379.13995
-1670.8519
474.91464
1518.1741
-686.3712
-384.26205
-133.39182
-493.71796
-2762.2886
1518.4745
465.16098
-1073.0803
1388.3257
384.05325
1093.365
-751.8436
-661.68506
1401.9072
833.82874
-914.1699
762.96655
1229.2686
-168.4926
-218.62445
294.35428
-489.07657
828.1178
-38.12712
-1274.2633
-1450.548
1630.1382
-234.19597
701.46265
-726.50635
-600.094
563.45013
-484.4858
244.42155
-2105.1296
-640.2213
-854.2722
1208.6646
-58.85762
-589.39575
-1165.7108
-849.36145
-1808.781
130.38365
464.31097
-1416.8064
-1081.1127
1145.6531
550.6307
230.543
1708.089
312.37534
119.928215
1065.598
-1015.4615
-352.82504
-161.43248
-1189.9132
557.87634
-414.3309
1331.5504
155.93364
-2131.062
1622.2312
-369.73065
-220.39346
333.64053
158.78583
419.72656
646.9379
1444.8644
-477.5403
1023.88025
2556.8984
-936.29095
-1184.1356
466.67712
185.48007
-1318.8862
21.705364
-407.77472
-404.1621
-597.67474
1409.7356
1923.9952
1505.5729
694.7417
1092.2965
-267.7102
-291.163
102.39993
895.24524
147.5371
-287.54367
510.6931
195.56844
-389.0759
-179.72316
-489.2925
741.9552
-157.66122
-149.61037
-38.791325
-294.84998
-1187.6707
1857.842
-1310.33
-1230.2548
-336.3081
-405.86765
1606.6808
559.6298
1003.84656
-605.5605
523.5893
996.9505
674.45215
181.89435
-209.91075
-568.2566
937.81854
-780.90894
735.43494
1627.0765
1611.222
1907.2063
-1632.5455
462.12277
2119.9602
541.39465
-484.37277
-329.15805
157.10617
477.25446
-877.33624
1835.1653
912.40814
-1231.2826
-359.30075
-1819.5624
575.87933
1480.4628
-1357.6864
-7.1303806
-1259.1979
-147.9101
516.19525
-86.594666
229.06598
-1102.5537
-628.8035
153.20192
306.4688
1255.5791
-525.097
-1209.2395
1088.4067
-1989.5957
957.164
1675.3833
-822.7469
405.7126
265.31412
-75.46022
1041.9308
-159.76645
18.790077
1142.9471
1498.6407
-257.98856
-643.5481
-394.67526
773.9116
-165.16092
-661.88153
1297.9282
-142.79012
-573.89417
1890.1522
-284.87308
-1711.0665
-552.40045
-1489.8862
-625.8181
-1905.7596
269.30005
477.7253
505.98813
187.03854
-335.21945
-1093.6292
1122.8119
-899.8216
-1515.7212
-190.13539
-530.703
1065.8733
195.94704
156.92989
910.47235
-677.44006
591.9555
222.99399
-808.9698
-229.39726
212.00554
310.01562
146.34706
447.63956
680.54224
-496.23532
-619.5556
227.3694
133.16472
766.93494
788.8224
-604.3263
-337.8123
258.5176
634.75696
-1104.6289
864.23004
-1081.6287
859.79944
879.8733
-1239.0409
-356.9087
-2271.1052
-659.0984
497.33716
758.46466
-813.0972
44.769592
-1012.42487
1031.7451
-137.19672
-857.0854
422.85568
-1367.122
523.2984
1009.5079
-2926.6072
333.74326
506.11606
