-597.9707
606.49634
1066.4751
142.2058
1542.9478
859.1917
-741.6722
859.40643
37.78058
388.53436
-766.04724
-1286.8822
-1094.8031
-878.22314
-525.32477
-1705.0242
-1707.7252
260.1905
-322.04825
2007.8906
-381.31436
-766.89777
-475.54736
-463.76965
-1141.2957
109.21895
-570.4339
-562.69183
-1628.1228
-46.91974
599.716
32.970512
906.353
2079.8142
1964.7388
1282.0831
-530.4987
-539.7019
-110.74341
-565.13245
-507.11426
-931.31134
-925.7339
899.38745
801.22217
-417.06775
-164.47699
-1096.0438
-1162.6304
727.51416
367.1351
62.02122
-214.39906
-1427.1567
2107.0828
-644.4861
1996.94
-209.152
853.0586
-374.729
-176.07454
146.4182
243.52986
-994.3585
180.04672
722.07117
-546.8888
362.18515
1795.4154
12.693056
-1106.1593
-394.0113
306.74344
37.15581
614.52673
-1567.253
-229.52325
-1216.9326
-401.5767
506.39725
-176.55609
-652.74945
-500.0456
-634.3467
-57.70115
2448.1575
-1517.971
853.5473
1705.246
265.34393
-358.72897
188.8591
915.5415
562.14655
-812.3011
203.78288
1416.6725
849.48376
678.06006
400.68317
-1009.914
456.07388
-920.0285
-357.07336
-631.12634
201.48184
-274.6147
1019.5376
-213.52611
-782.60236
-1117.5463
1153.5825
192.063
-675.6438
1167.9818
16.493618
-631.52747
337.9024
-484.65433
-1669.4578
485.7619
648.7562
110.15487
-69.529366
-512.8272
501.84888
-771.0024
-1084.308
884.34406
-692.5937
-350.64957
12.861421
-579.6359
-780.67596
-436.96213
-1087.5334
-32.184696
948.883
205.09872
948.5549
-545.94794
277.90213
-1547.0841
-1441.4321
-183.83221
799.73346
58.78664
1662.9584
-312.3731
-578.4328
801.03033
1246.183
-498.1998
-2.4751186
533.9299
-959.74866
-977.8334
-765.8603
-2351.202
462.73978
828.72003
-1659.6361
321.27765
813.1966
1702.7903
801.2132
154.32011
482.89877
1253.762
-1898.0891
-69.29488
-1005.2739
-226.95279
976.95197
727.7348
126.344986
-202.09937
468.03073
454.28128
-1246.4486
-183.2278
810.10345
-343.45224
-865.4708
-496.2814
-277.37918
1301.1436
279.54913
-1319.4193
262.62213
332.3351
-1070.666
110.9552
694.5713
-313.66547
-1007.39764
1355.7886
-256.45404
274.0105
618.6297
-357.64383
1786.0692
453.37863
1172.951
-292.6065
554.4537
841.49774
-529.3651
-1102.9409
-379.09537
115.23831
574.7792
-354.86487
-2011.6671
543.97754
2629.8518
-80.10547
1089.5686
70.048615
-316.2926
-283.1764
179.50978
793.1849
-442.151
-52.2234
278.35236
1051.4897
190.54782
637.3485
-622.9476
-278.21918
938.8487
-222.36131
319.51453
669.87317
-1723.8015
-2245.5579
1445.8063
-547.10376
-827.5218
-235.35762
545.2246
974.1234
-587.79535
1222.3927
213.81999
-72.73886
-1163.8939
-1725.7783
-870.5594
-888.3784
1438.4974
70.57305
1422.5693
-321.96906
410.6628
948.56995
-18.918423
-533.8184
627.2924
234.3298
-731.6426
316.58127
787.1892
-227.35287
-378.89352
-279.7219
94.90618
967.7104
-1698.671
-83.69489
-1345.4133
-598.2487
-1262.1227
406.3975
71.66511
-824.37274
1315.5044
958.50183
1229.0022
-302.6896
10.442672
569.39044
1007.9691
1067.2043
-1720.4475
-1499.2999
-519.29047
1533.2173
-601.473
-435.2821
237.77185
-797.2332
173.20836
-991.186
341.78137
567.00366
-731.42035
-1197.7073
-848.1105
-692.4181
-1512.0264
216.44518
-1111.166
-691.3718
-269.8897
572.4752
130.99739
-1430.2452
89.15494
-362.5343
-1448.8971
-250.99222
725.1911
-1342.8885
2057.8994
-869.0528
-602.58856
-935.09863
705.9587
72.84256
-266.25308
-894.72284
-727.4298
-56.865486
510.63342
1404.2344
-915.1039
287.0265
241.46571
1041.4026
414.8383
-580.3273
858.9737
-1763.7443
700.1478
1221.0083
77.48224
1017.4084
225.45885
243.14622
532.60846
-766.2456
-430.72556
-1039.0671
-84.70071
-220.60448
2258.765
-378.91614
-19.98326
234.235
174.1223
-1319.9261
1113.2042
131.54967
-992.0215
400.09796
-406.99527
293.66437
486.4183
831.69946
538.4096
473.06485
-550.0026
-589.65063
160.60257
-1103.9827
170.38382
-48.85088
1357.0774
871.35394
-750.65607
191.91759
952.09247
-421.6941
-940.46405
349.54456
716.23444
-134.57518
-1266.1462
-616.3956
-83.47789
-724.09875
997.27234
-701.7441
545.2808
440.87228
-1589.6652
1036.5966
649.89856
-1262.8252
-1327.7668
-888.99146
73.22409
-38.29681
418.06754
210.1131
1110.8811
-746.40137
25.981993
492.0728
-1486.2758
567.38367
1522.587
-652.46497
-403.3004
-389.84775
-258.85745
-2778.6775
1661.7719
496.27475
-1128.0337
1570.1525
270.44427
953.60443
-876.21643
-529.9993
1073.0662
828.5059
-713.1181
558.7977
1303.265
-245.99028
-318.07663
22.704098
-615.9532
420.82214
19.413141
-1345.7185
-1375.8556
1671.711
-137.75705
650.59186
-908.5285
-685.2666
302.4624
-261.6266
-93.00795
-1910.3632
-388.6778
-740.76135
1241.0775
-172.07076
-444.56537
-960.77405
-1090.3009
-1927.5305
230.36343
539.70026
-1337.0343
-1214.9972
1222.4423
438.36728
476.029
1579.9811
370.8934
113.95338
861.641
-905.3809
-139.59854
-105.19813
-933.26776
524.6959
-172.99007
1422.4458
149.09175
-1959.8636
1659.8109
-422.34296
-230.08495
207.44257
185.13219
448.03455
509.12125
1474.496
-684.4321
920.36993
2696.761
-1002.13745
-983.18945
523.678
450.1211
-1217.2073
-45.863113
-568.52765
-290.59467
-610.94305
1413.2007
1773.6648
1337.54
466.48468
1453.0416
-230.6695
-477.15567
438.2477
860.0192
28.787584
-144.80429
353.62192
252.97624
-280.2595
-419.44214
-413.4882
862.8167
-106.47772
1.667232
84.18949
-380.16025
-1021.5504
1637.9222
-1221.5886
-1050.0055
-184.83324
-385.1218
1540.6229
705.0668
1052.1383
-389.4635
704.88965
596.62006
582.90985
396.43213
-191.40622
-456.18448
617.5918
-725.9059
473.57544
1585.2349
1708.5935
1936.3744
-1584.6592
484.00735
2014.8422
444.2261
-303.52048
-510.9061
248.50597
601.6662
-957.3314
1990.0924
930.89545
-1256.397
-120.408325
-1878.3313
660.01025
1567.1866
-1506.4884
-27.191242
-1299.1287
-390.9852
465.79257
-45.99177
46.52272
-1052.8971
-518.3569
-111.60892
462.9908
1206.783
-680.09607
-1272.8131
1082.4584
-2002.467
1064.6909
1434.7488
-968.1655
198.05293
184.68095
-321.64423
1036.7882
-71.83216
-133.94713
1085.3202
1426.3323
-370.9743
-670.489
-327.20862
767.3322
-266.4938
-841.91046
1109.7877
-30.872766
-462.90906
1736.7677
10.09164
-1437.6593
-513.7768
-1398.3611
-681.03064
-1756.1276
421.1829
388.64966
436.4941
308.15054
-422.5606
-1063.6414
1311.5388
-679.9411
-1639.2191
-238.04622
-517.94696
1122.273
546.7128
24.02576
775.05963
-637.37115
502.37015
172.99324
-1060.5806
-325.4502
272.13123
567.8646
-49.418972
162.94774
775.7463
-202.62962
-561.6052
7.2190123
40.485714
722.09344
820.47076
-648.16437
-547.1733
263.24384
701.70953
-840.38855
763.7913
-1085.5392
915.6511
680.90015
-1193.1392
-205.77486
-2193.3748
-535.0024
729.40607
754.45734
-837.4949
310.39948
-997.5349
1276.5471
5.0327215
-737.2523
624.0462
-1311.3336
630.641
1156.4017
-2984.953
295.33926
451.87018
