-361.81866
322.5827
87.28615
419.02527
419.419
-218.09494
-8.199259
31.981638
366.08484
465.14264
-37.99497
-830.266
-447.79974
12.383414
120.36221
-739.47455
119.5172
339.74365
51.211617
-20.460163
597.4237
-41.56702
-271.42215
236.4669
-321.52664
-152.02394
266.9403
-147.2309
124.28107
-23.691673
-164.52245
-194.70583
-367.43048
322.9598
645.324
403.61334
436.8152
163.02959
-588.552
-637.05273
-621.0547
-69.77039
644.9335
-104.23368
517.6886
34.355843
466.03726
69.8235
-251.4114
255.51973
-446.10458
-76.76697
-202.03763
96.92279
79.42785
193.8239
895.9494
39.137356
-104.114426
173.97685
-542.6683
-81.468895
634.888
-371.36136
241.03217
446.25
420.2029
358.31836
316.1759
44.704174
-221.00366
235.70844
-23.572014
7.511714
-137.01454
-315.14746
-246.09209
-173.67735
473.3776
248.50122
-687.12756
155.93596
239.46657
-84.63426
-492.0069
172.98033
158.08997
308.13058
456.52597
276.87402
352.16373
34.93255
1250.8076
-983.03375
-441.63596
420.8272
-93.5281
86.13823
350.7185
-126.3629
-337.31238
-234.36118
153.27441
-266.1592
-785.1541
-13.273061
338.46854
335.80045
-590.98083
374.13123
-747.0333
-154.77406
687.22516
-371.58875
-69.33629
2.6246772
-149.1984
330.6959
-213.63454
-349.62997
1138.6475
328.47675
-194.13623
-714.3793
-479.55756
-18.407196
-460.25894
-371.1599
447.53067
-183.64572
183.19107
338.8631
-731.7885
0.13207674
-521.1096
332.01566
255.21634
-321.7246
-120.37847
-352.86606
6.8552194
230.49034
-474.8347
-327.77368
164.5832
-58.129646
492.01178
-53.06998
3.605896
-59.42396
-51.488613
193.98753
62.12532
-168.0657
-330.1136
272.00092
-369.05215
-199.24239
-514.8804
-13.518047
74.036095
-382.36023
167.58794
384.51413
-248.35135
-122.49542
-333.3702
-268.06314
250.6463
-400.17264
-156.66086
450.41602
114.8831
525.5208
-343.86084
220.57887
161.71854
321.26788
320.6044
-409.3582
-295.9848
-3.820237
-368.44598
-194.23451
-450.8035
-90.98669
638.7052
-144.95755
160.5252
646.32623
24.240862
4.4720683
-386.18387
643.2252
505.04776
-651.5604
-246.8083
162.28732
-536.06104
20.14221
-133.51427
-55.26997
556.5642
-95.04464
69.81643
492.6329
-217.44354
179.39186
-594.4628
-508.16547
766.37994
-322.12683
-658.8363
57.13027
60.52461
334.86084
-479.87534
467.11792
-393.4504
-525.96436
225.45815
152.69997
91.123215
-1008.49963
-252.98215
171.0784
-166.17265
287.14255
180.44844
-490.82196
254.70312
417.6285
-61.651154
-114.81573
512.71375
-468.4961
-64.78145
292.14554
-93.651024
-288.83292
-231.9147
11.332114
-211.7962
-587.4432
452.49933
-76.99546
-206.61891
133.41548
-474.99628
-111.931755
-685.12885
372.80066
96.93896
507.60223
413.96567
43.42082
141.71207
87.43844
-290.46252
24.967188
284.55194
-282.3995
-83.61044
405.82397
-33.9313
-639.1723
-275.89728
-411.08954
76.733635
-106.515656
169.32506
-356.19623
540.6676
109.879196
-139.13489
-334.42093
121.40215
-132.53918
424.2048
-169.52446
107.55858
-394.7389
18.408218
-128.64609
270.69553
219.87907
-385.8819
-641.2766
-188.60455
-142.76555
-26.936827
-414.793
550.5864
606.6429
34.971584
154.2519
93.875244
-219.20316
-261.0661
-495.75055
-176.06439
521.5377
-584.6765
-776.713
100.31385
208.83719
290.65338
-246.84995
-291.47583
-183.11159
-321.17468
124.886345
13.22253
299.02612
-592.4644
479.22275
-95.20313
240.09352
-121.61055
-192.18723
-74.082146
125.51414
-743.0615
-549.7443
-98.60865
159.5942
-85.3561
198.77376
-270.83957
458.3137
-1056.5068
139.57745
-144.42159
586.9806
-130.75072
221.42844
38.36446
88.59048
-175.66544
555.5662
138.81947
80.43562
-519.1665
-142.5514
-481.06296
24.637287
344.74728
217.35344
-132.24867
173.15646
689.85065
-40.26176
237.22635
-128.33064
-64.72883
-401.19852
84.77617
346.30453
-286.16537
-304.54434
-357.20065
-326.8542
-355.44733
-249.00766
-567.1107
158.76851
-713.7137
327.30368
40.045685
499.74323
304.54422
-41.0723
146.02124
275.15427
477.97327
-207.88562
-620.42554
54.072643
-363.12137
-704.76843
33.73711
-135.96643
-299.96948
-202.42485
-435.67722
460.8025
-201.54784
-258.78967
678.63544
632.10944
281.00778
-301.4633
-60.24461
98.94194
82.03917
-199.5627
231.81166
725.0817
-294.62668
171.52995
187.48999
-36.19553
233.8004
613.96375
-74.169815
92.635025
-103.72173
-268.3123
-668.0244
293.87308
79.266045
418.0906
191.65903
1025.1108
-236.59749
-56.582863
457.6607
-108.639565
-165.57753
-285.16522
188.15958
-4.86137
300.8075
228.41661
224.43842
199.24422
-308.0759
314.47702
-359.07037
-337.57928
558.3248
-568.4002
51.41197
-189.54381
44.244995
336.2431
-95.99841
-121.96788
-33.069447
33.590187
-49.814453
405.95752
500.0147
-329.50897
36.32639
-527.71533
78.41195
-36.911694
726.1963
-285.03894
183.96132
-75.116745
-266.78342
83.19453
49.755085
458.74057
-320.31082
569.7448
-178.669
-280.71048
-50.059734
76.236885
473.5778
147.50145
-577.2937
-492.70334
-121.318214
875.62396
-218.63573
-488.23044
-624.2352
-85.28024
-65.72999
460.63657
-54.51143
-552.77875
591.57263
924.5265
-85.66516
25.492811
227.49207
141.66505
-486.21613
204.41495
-175.57178
-332.13358
-161.40443
-190.80704
557.4004
141.90257
-478.6123
505.74954
-115.96681
-124.020515
442.00836
-125.80847
-135.75276
-177.39941
16.418564
-351.88297
-5.6117597
-59.70677
-315.32507
69.58458
-400.88278
94.82737
-204.78377
-548.86395
283.7872
-19.010902
-94.01337
202.50406
79.482285
-350.27426
348.58252
-95.421104
-348.59308
132.80501
153.79256
324.77737
693.72955
-119.644554
-429.85046
-103.07806
341.65125
-409.2276
35.194912
409.4248
353.28592
126.6125
-325.3075
-306.62027
760.81683
493.3303
-374.4478
-196.52011
272.4733
656.07556
-277.4202
786.4695
184.14313
-540.61676
444.19186
56.24867
76.78165
87.85966
-588.1259
220.16068
-361.5447
101.56906
363.15445
-222.84354
-36.04031
-450.33374
-545.0193
30.23786
193.36307
198.63562
138.21881
-202.71515
295.12326
-863.4432
364.63065
570.3087
-143.19794
-55.54077
509.93646
105.40029
75.04796
185.02805
-145.88747
-294.53592
416.57184
15.175823
492.41006
-243.47215
-21.698906
-271.56384
337.32608
242.29147
220.13795
-164.6909
341.95285
-129.37753
-569.798
360.9291
-536.9701
4.6410475
-512.923
627.0149
171.02573
0.9516915
679.4309
-449.02148
-415.61395
371.5722
-202.66524
-42.91942
-15.856564
494.9302
-550.4622
167.82838
-62.032394
644.7666
182.45659
-87.92633
34.08575
-471.72177
-116.80301
-106.69469
196.03455
200.83243
370.6502
-361.52966
95.45194
28.592669
-137.49005
402.2372
731.7064
803.24194
-184.64154
-204.37239
-222.07298
387.42914
-19.832077
-29.299686
-294.00406
283.22507
-487.2028
-358.15277
62.4883
30.241714
-261.98486
174.77057
465.54373
217.20964
116.449745
-663.03015
74.842255
86.4816
4.1462
-137.45662
-439.72342
77.049194
515.2212
-832.9869
-85.67123
86.5415
