112.58733
1084.314
-17.5364
623.40656
1200.3309
1174.9951
-667.3402
502.0872
112.97765
-184.92009
-76.55402
-1791.816
-627.0009
-1056.502
-260.5496
-908.1638
-104.430885
767.22034
217.40468
1490.5712
-211.85498
-1729.2052
-746.4516
-109.6127
-181.1473
-390.8319
-1121.6539
233.66959
-710.6909
896.93555
307.30402
-169.19923
516.97394
1668.966
1125.3807
1109.238
28.848476
-774.061
-144.81937
-189.02165
-893.8973
-586.94305
-859.30237
636.20593
361.3862
-204.22533
-117.07204
-1006.7503
-1244.8406
532.50903
11.99052
331.88956
-72.32965
-1134.4855
999.79254
448.59915
2021.075
-645.6044
504.77463
252.7827
-188.6691
-94.79585
541.4576
-325.27457
-158.00644
64.26283
-258.9371
307.1401
1773.7184
-102.43532
-770.3467
480.9523
108.25347
-465.45248
-97.58668
-1978.754
-430.3108
-1355.3431
-168.54349
628.01447
20.037514
-694.77
-808.0598
-958.2415
-489.61005
1631.5853
-1340.4718
823.44635
1276.2977
508.6722
-709.17834
188.47209
795.98254
211.31499
-91.328125
-105.72997
1006.68854
1249.6954
546.8598
73.90719
-1053.7241
24.124392
-1020.6684
-519.3114
-1174.1135
11.096134
74.62492
1244.6453
-216.02306
-488.92126
-691.861
924.502
193.58376
-317.15237
1593.1964
-169.22675
-154.53107
616.6817
113.35621
-1845.1918
338.24817
612.66095
180.6173
17.238213
82.28526
592.3313
-806.2337
-684.8825
669.9225
-316.13254
-126.2821
-35.85009
-480.60504
-906.6301
-203.68015
-200.94643
-209.99747
706.20386
500.59998
544.01166
-429.16028
177.89157
-1816.5605
-1640.8635
-662.9692
1345.8213
160.72647
1328.3109
-93.47775
-665.9675
718.3972
1109.984
119.132355
-55.175888
193.94444
-323.39145
-651.20593
18.756596
-2010.7877
603.0107
509.86752
-1177.9928
-204.68748
-194.27382
1833.5708
670.71423
-255.51546
-121.358765
762.94867
-1306.6788
-494.45123
-152.02428
-273.13037
704.2786
613.3293
452.27985
-201.74112
438.40085
436.59158
-607.9409
203.74883
520.4533
332.78384
-47.17144
123.23015
-790.15393
846.10974
-451.37064
-1096.2003
485.07303
46.64457
-786.8004
432.34818
850.01086
569.83716
-753.7123
815.936
-483.58844
759.1143
37.754513
-473.28473
953.90875
30.894445
782.3608
52.942535
128.10823
245.19075
-975.2039
-1837.4586
-785.1349
80.00191
-160.76471
-884.61505
-1629.3402
584.55115
2032.3337
-424.90015
1547.614
-441.83862
-632.489
72.5242
148.67998
205.0971
-770.824
-560.8501
1040.3707
314.00253
493.46075
1162.054
-283.6263
-465.90884
1200.6532
-21.78344
167.25673
533.51996
-1364.4966
-1403.3783
1057.3723
-941.80054
-121.93603
357.5006
979.3612
977.4892
-364.4262
1263.5818
-20.345432
-420.25397
-679.93085
-1452.6836
-731.2252
-1243.6167
1546.5111
387.16846
1068.3892
-21.359417
351.01913
951.8017
-320.467
-999.64435
1125.159
90.56001
-237.78157
530.78107
394.6375
-559.1048
-652.1322
-220.1014
90.409676
200.51035
-1179.8949
355.39703
-1012.25916
151.54199
-1367.1608
251.75543
-184.19395
-645.6277
892.1055
1411.932
986.08435
264.76852
-131.2705
683.6149
743.27734
1978.2108
-580.2368
-1230.9769
-1252.2583
1126.5265
78.30828
413.98682
-519.3843
-76.379654
535.9207
-587.07996
163.92682
139.25877
-663.47815
-238.69708
-649.48444
-466.05252
-783.3798
-267.56766
-827.7556
-627.24
-16.724495
315.9333
-542.85834
-878.4317
59.37677
-646.5006
-1500.4292
-392.7127
41.185684
-836.709
488.3327
-904.4681
-1064.3676
-1036.1228
456.48843
-702.4257
-152.94003
-588.83344
-5.064331
50.345985
637.904
873.88837
-1058.3604
354.132
-328.9459
-91.359535
46.675835
-343.76212
315.21637
-734.953
916.047
859.8655
-310.82407
392.04947
752.1919
318.9457
-63.333218
-636.0334
-458.19302
-486.97757
986.7169
339.83517
1951.9113
669.1026
759.6183
-175.37587
385.5403
-58.012413
266.91107
602.98663
-863.18445
277.7527
-249.58194
-419.79678
26.827494
603.0443
-71.24345
21.659443
-830.69354
-780.9167
399.00226
-678.4134
92.59357
-297.8983
1712.9009
699.5103
-1113.1366
-106.57996
106.12495
276.8835
-903.8969
461.7008
1408.5298
103.63787
-1054.3549
179.3001
-350.26904
-568.68
371.9825
-879.63885
162.92682
-347.68008
-993.8788
431.1603
192.37712
-755.3533
-1174.6122
-638.74805
436.42313
335.26038
626.36975
718.4222
847.4856
-677.94336
28.295078
730.69543
-1656.2991
538.65717
1229.1477
-830.3557
-47.095646
-1072.2949
-290.93716
-2654.8276
762.37036
884.5329
-456.2172
1129.5887
55.402756
577.0166
-544.0291
-733.7417
594.0066
401.2307
-941.71484
559.6709
1166.0269
564.3173
181.0063
640.85535
-50.806957
700.14215
-63.579926
-798.67505
-1116.7867
1152.3417
-597.3635
689.97363
-399.8665
-249.59077
476.4984
-151.08806
-211.62602
-995.0838
533.5114
-750.9602
953.62866
353.6482
-105.78497
-77.28672
-567.054
-1360.953
-2.1120727
712.20715
-503.4416
-741.55914
1138.2521
361.38605
622.57574
1525.622
-184.21727
-48.926815
576.10254
-377.13144
137.49773
42.693672
-88.682755
239.47565
464.91098
1048.8658
-17.848013
-1790.7596
1020.78613
-246.20802
389.77136
-559.6882
540.46924
378.56665
71.830055
1466.1077
-823.6765
721.9138
1537.822
-1130.3494
-1397.2749
502.06882
971.023
-903.1346
-253.02641
154.36736
-664.8842
-907.4796
1432.2823
1885.4055
1081.4211
-249.49908
1218.3225
62.75867
-53.608334
371.22232
741.0252
215.167
-573.94696
276.21744
441.41498
258.4784
-1067.4922
-702.8997
322.19583
-473.4171
489.95026
162.89272
-69.73238
-1218.1489
1547.9415
-615.1349
-782.3812
-406.4273
-773.9527
1125.6288
-101.16322
426.34473
-126.062836
795.35223
251.68832
505.07437
521.2462
-949.9975
-292.64545
-252.15703
-511.6932
218.88129
1230.3593
1639.6528
1052.2004
-997.62976
533.4086
2285.8513
348.14935
343.9693
-770.39276
747.5737
286.30942
-615.60455
1482.0952
99.95593
-1071.4935
81.33496
-1241.4757
756.8206
1539.9836
-595.3892
-121.477646
-1123.5483
282.3151
819.919
200.3681
97.266495
-14.538415
-1122.7275
-259.71426
37.2935
612.38086
-802.56305
-377.54404
983.932
-1928.9148
859.92615
1111.5483
-326.62433
488.63937
556.87286
-849.26215
457.65475
-127.52301
-381.56583
1387.0364
1058.4652
98.89058
-138.60556
-166.32149
998.4402
-613.604
-316.10205
867.67883
164.32188
76.24202
1426.297
-21.322224
-1547.5562
-620.292
-1512.283
-737.9062
-1396.458
985.0298
255.96153
338.08792
-239.85754
-416.5298
-341.87274
1571.283
-838.3318
-1823.024
-515.5095
59.367954
374.51382
-109.59031
-672.33276
1181.79
-610.1414
167.39406
435.8456
-790.29596
-238.02875
-407.53683
1088.2711
587.7078
972.5545
171.45343
-430.86496
26.578276
-259.1628
734.57184
620.8185
1068.458
-474.17285
-347.45633
285.87973
136.5053
-916.61914
1392.0037
-789.188
561.6217
16.142927
-973.36383
-815.07886
-1628.9331
-452.1411
669.89667
697.8992
-1030.9481
360.96872
-761.4155
1343.8737
361.22836
-487.3797
202.8976
-976.6519
283.62494
497.91794
-1960.3138
259.6485
-188.33487
