395.7103
1095.6641
-83.5049
650.79846
1289.6013
1043.6792
-630.9925
575.8493
129.20386
-223.51529
-41.957134
-1756.5289
-728.0354
-944.3846
-331.13623
-900.1678
23.716402
733.7239
294.62512
1764.0183
-61.512478
-1690.4927
-617.08234
-5.7785816
-409.44897
-453.70572
-917.96576
221.37209
-607.2442
908.1077
348.11475
-388.84732
393.26483
1845.858
810.7287
1174.3839
95.05001
-579.80206
-212.45168
-98.0711
-622.1991
-744.48035
-804.0188
682.8643
278.7678
-261.94373
10.552645
-1065.3903
-1195.4011
468.67044
-161.76695
416.7071
-30.271793
-1061.3352
1069.6144
496.86072
1827.4318
-561.9375
514.97076
184.53726
-191.71347
-122.64976
456.5903
-171.24324
-336.5801
93.31705
-101.92237
243.15909
1803.2864
-201.41904
-749.71
585.1
24.648922
-285.35245
54.041378
-1705.8672
-597.68555
-1364.5431
-208.7365
627.6374
-222.98946
-597.3745
-723.6622
-1164.5426
-477.23285
1776.1444
-1231.0428
878.8719
1170.0039
618.8404
-843.0985
292.71683
792.89667
12.94889
-62.177193
-122.15637
1031.33
1262.2506
618.38434
121.10782
-930.88727
-176.81941
-995.7476
-435.9541
-1120.1086
-71.9338
65.833046
1073.391
-105.42339
-601.7416
-550.62085
889.74536
287.73392
-156.62158
1501.4667
-87.52313
-146.05908
531.17206
128.15689
-1697.132
188.656
425.62283
53.252205
161.61816
211.56729
798.06213
-670.41174
-579.6869
724.78735
-201.07797
-181.86284
-102.54463
-486.62097
-960.1536
-191.02402
-216.1897
-247.91296
684.4108
741.7758
382.71774
-619.3965
60.87427
-1778.6891
-1537.0173
-701.2915
1561.2557
201.51674
1319.6726
56.149803
-466.1455
566.3023
850.6974
330.2754
-114.05416
138.48506
-116.68352
-806.6207
-37.932587
-2265.093
498.16473
788.3952
-1096.4701
-214.82254
-104.901
1764.5287
412.28522
-305.38547
-343.34894
484.33563
-1298.2332
-553.0593
-317.76117
-209.74417
696.7353
410.60107
509.02863
-164.5001
410.47986
439.47305
-807.21027
298.37964
478.37155
342.58813
-80.6898
-82.677414
-854.5746
1176.1378
-568.5651
-1221.4666
518.43616
84.00298
-732.4415
484.71106
1098.8401
711.9297
-650.92993
791.8355
-379.90924
748.6115
-23.188383
-634.2961
878.5549
152.71338
799.61017
-157.4657
176.56424
220.7743
-852.19617
-1933.8865
-765.0276
138.27222
-421.58105
-804.35986
-1506.1096
698.2974
2167.8345
-490.74966
1475.5356
-248.8342
-715.1526
23.528662
28.405804
387.84094
-855.3401
-516.57446
1267.692
191.27109
432.47864
1197.8625
-235.37694
-453.7203
1017.4249
42.885704
212.87317
588.25165
-1282.3171
-1042.2484
1039.3325
-977.578
-125.4554
457.5113
847.7209
847.4963
-346.52487
1246.3727
37.4285
-316.79858
-861.1026
-1305.6896
-650.0169
-864.0672
1675.549
647.14636
1222.0543
138.99335
484.45142
752.5175
-330.10623
-933.5167
1121.9644
138.09354
-190.59283
510.24826
358.31027
-719.8465
-868.5639
-346.28162
142.60571
28.309244
-1182.969
56.482376
-978.7242
325.7537
-1387.8297
315.04102
-200.25784
-639.80743
639.0882
1259.9094
966.8077
56.27721
194.56325
694.1421
873.39606
1650.9152
-650.4051
-1142.7001
-1184.4777
1042.9988
50.02301
515.3503
-304.5222
-208.18755
630.80023
-688.99945
-149.33049
109.89155
-805.3761
-171.36647
-673.2103
-566.52826
-642.7945
-259.93298
-751.8338
-602.8297
-51.05831
337.37744
-629.5769
-813.7377
183.80894
-552.05634
-1390.1322
-313.79718
214.51645
-822.1079
564.5856
-947.6167
-1016.24414
-876.3923
553.1337
-567.0796
-41.9501
-543.9665
-164.7464
11.9587555
809.1699
997.5611
-1118.1144
278.94162
-140.12584
-206.6674
21.208887
-169.21574
428.40054
-772.24414
861.4168
841.62415
-447.08737
427.44037
746.9711
399.76794
-21.88191
-792.8872
-519.0871
-510.92773
973.40155
178.43735
1675.2433
610.5091
801.6934
-264.4066
372.82965
173.65123
140.09004
296.1666
-1051.4518
349.03067
-335.35892
-521.94727
5.7693453
705.88983
-46.55102
266.01947
-936.444
-952.4062
428.19107
-610.8069
-95.32216
-106.773026
1501.2948
543.038
-1206.5938
-113.76675
155.8127
340.25958
-568.848
575.8332
1285.1426
-69.68927
-1010.5651
219.81769
-366.91617
-619.4581
594.71
-958.3534
104.94972
-253.6648
-1095.1228
378.60828
399.5767
-575.3318
-912.98596
-651.98254
426.50528
351.18854
537.10345
569.15576
891.4478
-720.6702
207.29074
871.5508
-1380.7926
420.6158
1188.4877
-699.98615
-245.66501
-915.2439
-176.17236
-2581.602
737.43097
1052.4556
-460.49664
1112.1317
-33.60917
566.9836
-668.07983
-872.3847
525.75183
245.9612
-759.0591
545.932
1030.8398
547.0999
228.22052
751.2922
-35.99439
475.03452
-24.164392
-740.8151
-929.5392
975.8121
-649.5875
364.97693
-440.22574
-160.5356
544.7641
-151.77937
-65.92353
-786.812
547.6941
-662.0775
876.53577
264.74747
-251.27434
-67.5335
-632.857
-1199.1122
-117.39278
777.29224
-439.3317
-564.86475
1131.1151
573.41364
589.0513
1341.3005
-77.492546
-144.33559
506.54797
-151.73392
288.16074
-45.674477
-111.80727
188.7107
417.66922
930.1301
221.88016
-1957.5151
832.3747
-344.50092
522.3682
-606.5301
510.67386
319.54233
35.233124
1341.1261
-798.33014
517.57
1320.6898
-931.70105
-1325.5741
540.0878
999.2265
-966.0099
-192.72772
78.536
-670.8502
-791.19946
1562.4756
2079.8323
1011.78955
-92.15317
1091.8152
67.88644
-63.073566
379.22125
724.6907
154.4968
-555.5018
339.97537
410.817
296.08682
-953.08264
-892.9531
350.0043
-585.6385
214.26906
166.15486
-162.5819
-1381.6533
1423.5701
-552.17725
-878.051
-371.447
-897.42053
1098.2843
-233.44528
554.5586
-8.927385
601.3004
373.1176
570.61115
544.0711
-939.061
-318.14206
-244.88374
-594.115
271.907
1310.184
1795.9181
1054.8008
-1076.7196
398.22574
2321.9805
453.86127
384.75693
-766.44
790.8789
471.88196
-427.70227
1406.811
143.67776
-780.3447
35.411198
-946.90717
663.6769
1506.7654
-765.95044
-226.33589
-1170.8154
290.47684
892.3829
198.53548
47.490574
-192.53265
-1127.9503
-301.4748
86.185646
713.39954
-924.6943
-336.7706
1353.2922
-1631.4808
946.4824
1272.2015
-301.30783
498.36258
546.6671
-1016.37756
478.67874
-137.6841
-331.53366
1455.3785
877.90784
-54.24111
-207.80267
66.939835
956.31506
-639.17804
-439.8972
796.0755
212.03397
52.943146
1405.7102
-128.12715
-1492.1025
-530.4428
-1451.6508
-564.9261
-1409.4019
897.7383
261.48566
418.5501
-23.918646
-356.94592
-463.48044
1454.5538
-1088.5938
-1840.1667
-379.01465
181.32097
375.49655
-116.432205
-814.054
1081.7445
-590.48096
174.68451
659.1186
-930.81116
-253.817
-390.39084
1066.6163
572.41766
839.8058
337.2281
-506.99847
18.332293
-214.54858
781.57916
708.03723
1031.8538
-479.36194
-316.44376
411.8944
80.92265
-822.75775
1276.7872
-663.79694
439.0446
180.89644
-805.0452
-924.4251
-1588.6261
-392.41348
632.8363
694.37463
-1226.4596
151.79887
-963.2565
1151.2784
394.09525
-624.8109
245.45152
-1055.8601
212.01024
530.8624
-2134.2778
276.95074
-168.6757
