-206.12148
237.36877
183.2471
444.78256
136.14708
-229.32637
13.151777
63.55638
223.9828
573.4087
112.000694
-622.835
-312.02393
243.37862
434.9591
-382.29584
-178.64627
130.80896
128.37865
143.96243
372.9134
125.42366
-263.97595
156.05403
-336.15253
25.56968
211.17567
64.36009
187.73744
-103.17476
62.896908
202.32199
-178.67485
489.22763
499.5955
361.49173
305.0529
159.35199
-380.84308
-564.9956
-258.04953
8.141865
505.7202
61.79306
392.4847
45.409615
573.06573
-90.24088
-189.1389
51.54698
-409.1605
130.7068
-116.290924
130.89413
-50.034706
-14.370498
749.5548
66.181274
25.15007
144.83707
-364.68002
-132.64903
435.97537
-189.01637
201.21307
307.72147
120.65996
377.83832
239.3957
22.039581
-226.90462
71.75912
90.1648
38.54584
-146.7489
-289.2298
-69.119225
-194.29105
113.33626
357.59982
-564.93005
393.50403
51.444565
7.507531
-276.42575
316.69077
229.05699
364.8217
418.30988
120.04833
343.7624
-54.63572
1090.5187
-656.2284
-560.43835
544.3231
-408.78552
-227.9879
290.22507
-50.715767
-312.3997
-268.45834
205.98784
-175.38632
-804.8878
-164.62668
288.87793
244.87373
-466.37805
176.37358
-591.10156
-209.08696
514.03595
-412.32047
127.37454
16.217974
85.51388
426.2494
250.75607
-88.09333
709.84485
547.4795
13.839188
-516.08704
-351.73984
267.07507
-524.4748
-207.98941
352.1113
24.05666
191.76585
359.52112
-490.89398
-195.19746
-302.50885
160.3179
463.04803
-431.55597
-222.00058
-437.88998
-220.9526
287.42554
-264.83524
-593.35077
6.352191
-30.151777
424.45807
-279.18497
-7.839042
-159.39427
7.76515
-22.271643
508.0443
3.1056511
-274.78113
40.00943
4.302436
5.062095
-426.66174
124.99566
-181.97884
-316.88168
-88.5844
718.2931
8.650828
77.51637
-66.57557
-153.51291
71.405556
-136.48494
47.82375
156.30374
125.36439
389.6775
-229.09966
108.99255
156.32224
327.84134
294.24506
-198.98595
-469.4201
40.020355
-227.88823
-263.07434
-466.20935
-50.09078
507.92148
-61.645863
-211.47932
696.36646
-65.445045
33.58102
-25.940983
702.17413
411.9225
-598.95764
-119.944565
72.55648
-678.70294
55.673748
-46.451767
247.85309
553.57715
11.609509
82.61488
119.105865
-436.06754
483.30145
-698.444
-141.80647
866.4167
-1.1982839
-847.2147
-41.40961
-52.329983
349.54755
-202.88994
444.20807
-315.35513
-293.86096
194.38368
-5.960649
102.6086
-730.25446
-177.96988
11.896579
-30.080502
280.69247
19.629356
-307.28857
219.20764
393.73508
20.290052
-53.04267
468.9383
-386.25735
-42.72134
39.52502
-43.12464
-256.46146
-60.00248
-16.99695
-155.28139
-151.12372
335.19147
-124.65673
47.87461
62.72187
-79.33613
-132.46411
-805.61597
241.462
7.227083
371.96545
334.3012
78.99852
363.68427
-123.54918
-378.1488
-75.09942
230.33298
-149.55754
-204.08952
286.58295
-68.64045
-685.3614
-327.7967
-252.37137
142.92996
-577.16003
-177.80492
-198.96817
300.6954
247.15771
-347.11856
-347.03207
-32.117954
-69.03704
410.33994
-0.76539516
273.0454
-81.437996
-15.160881
-119.391464
23.52392
91.394
-492.2509
-403.07852
-4.5596514
-223.10205
111.83671
-285.33023
491.88992
574.7605
-123.26937
83.01678
224.71611
-271.4429
123.78379
-244.84328
-283.67834
485.42368
-577.35236
-533.44727
96.108315
73.05036
476.1289
-239.85345
-197.546
-69.38863
-26.5494
122.066734
-187.80862
413.19113
-543.0263
498.6568
-177.79375
283.2445
39.510704
-279.44455
-16.19854
34.099545
-1081.8651
-677.6827
-255.47122
115.12169
-18.717464
82.95937
-98.25143
211.75653
-946.7674
343.89948
-89.62356
638.72314
-125.84642
149.8577
-142.41464
-77.62178
-243.37416
512.3891
190.94926
-150.41524
-452.06177
-307.07825
-370.14783
260.77728
313.0208
412.67584
-196.99274
277.07047
425.04245
7.8046756
329.79803
-191.95804
180.5266
-372.4655
54.61859
377.15216
-410.49084
-242.71713
-213.3241
-215.07352
-334.36288
-68.68942
-178.63647
130.67378
-551.33795
363.26294
96.59319
494.73773
129.59196
-104.70594
241.30994
594.5669
249.50427
-117.666954
-511.00323
-22.395206
2.6812239
-610.9108
223.99754
-85.5672
-232.1757
-125.28821
-348.64062
165.1111
40.545475
-341.29147
269.00684
388.38565
292.64218
-149.02803
-136.20572
219.14902
23.914562
-195.4461
213.17323
686.7931
-329.6722
261.5021
160.11932
108.338974
78.87523
489.31583
-64.83937
-24.763525
47.10414
-372.04147
-423.84537
13.966819
257.78555
265.09372
257.20197
907.31934
-217.59024
118.10556
470.36935
62.26606
-34.07416
-126.850746
132.33376
56.505436
80.31934
137.90097
130.94511
230.30319
-428.41278
70.094284
-442.6631
-177.22327
342.13272
-197.94434
192.60097
-130.53958
104.252235
125.73917
32.19154
-156.59917
-30.196548
35.15932
-114.352806
203.31592
345.11642
-219.77379
107.330666
-457.64902
182.91672
31.434101
625.4142
-100.11324
348.84268
-91.07559
-181.25958
244.47403
-165.20413
263.36557
-218.40562
803.05396
-184.02031
-186.88242
-135.25229
-24.962626
323.58682
235.31055
-518.9604
-707.1142
-104.73891
743.2738
-373.32745
-426.18353
-503.4689
-177.16885
5.3868027
206.01295
-397.47
-518.2948
276.41107
689.6928
-302.37698
199.60942
19.61258
330.20117
-384.20538
221.93869
-373.57312
-169.57498
-149.37088
-278.81094
463.4589
232.05345
-423.52908
361.10004
19.034348
-3.7891839
349.26025
-109.03343
43.11853
-200.0893
47.05398
-371.29852
313.53394
-267.6889
-136.59857
263.38818
-314.5174
24.157513
-195.92331
-656.3931
228.66537
9.379288
137.5075
154.3525
-9.737939
-128.40443
387.67664
21.647684
-47.965137
110.090195
169.03833
395.88202
503.5196
-86.91333
-360.16846
-154.49315
155.25197
-9.464897
-221.70796
502.47247
550.6444
31.117954
-109.94173
-176.07129
482.78006
279.8243
-391.43744
-654.1365
324.69998
396.9141
-70.674255
599.6882
288.12042
-493.57
657.1794
80.54419
-162.32478
-77.49246
-448.66595
201.65366
-142.10558
213.0039
439.41388
-371.31296
-146.35085
-447.5924
-531.58887
123.56099
199.77019
175.37624
-86.666626
-285.40137
172.1419
-730.76086
140.82591
321.1567
-236.52763
48.953197
621.00024
36.187447
86.55507
283.08774
-117.13795
-210.37494
430.93066
-276.03677
580.7987
-26.450842
-66.05658
-108.20792
239.30937
422.78775
-7.0758147
23.642164
233.94502
-79.00317
-157.24367
219.28926
-169.67516
2.2258937
-192.88489
175.05887
261.459
202.88013
550.30304
-277.75732
-100.01986
136.7645
-126.75478
-115.075836
33.042667
358.13153
-629.55096
-169.70517
-295.3488
307.64587
158.4153
-336.1453
90.33919
-179.74443
-82.19611
-181.38261
360.83087
-38.31193
539.0941
-236.81076
102.570145
-33.960045
-82.47425
302.63168
851.9177
752.46185
-273.5484
-173.8485
-141.02133
309.75845
206.61458
-31.863289
-29.74169
279.8267
-627.53455
-287.68652
42.83413
45.411175
-486.16342
-8.352238
411.36224
249.43968
126.03632
-428.3359
59.815945
132.53136
224.7099
-179.28569
-302.435
-245.99211
298.7044
-497.35794
168.32925
48.913704
