-424.0635
601.42255
832.9238
335.3428
1245.5985
1046.0691
-734.6808
772.0473
-137.38013
252.16193
-602.17633
-1439.6348
-847.38824
-1050.2632
-702.3858
-1471.2001
-1329.9053
509.38663
-238.79408
1915.9446
-156.66582
-991.1089
-188.58812
-50.263866
-1304.5635
-51.809036
-851.16986
-41.432972
-963.23676
209.5952
598.62555
148.09686
817.4386
1926.8933
1674.993
985.1151
-14.57645
-666.9471
-51.835705
-476.74295
-742.2515
-643.09344
-472.27994
358.1152
912.02856
-529.5166
-320.73288
-974.3545
-852.078
518.4812
605.5285
11.502043
-217.77048
-1412.5787
1689.286
-470.43582
2142.535
-9.300328
459.8093
-81.86578
-202.72069
-9.555375
355.57907
-641.1384
-44.335205
92.665855
-399.07495
297.77594
1747.4432
67.18684
-728.9258
-91.45691
140.05836
-326.92606
260.9739
-1454.0319
217.15428
-1431.4467
-299.93066
765.3817
82.69867
-739.54736
-742.97375
-1120.1584
-596.21
2280.7454
-1252.8628
1247.2411
1435.8723
1029.2389
-487.18448
211.82744
1004.70447
524.56586
-454.6945
-8.278553
1305.688
1028.2361
952.5213
22.258505
-1162.4552
682.27246
-1170.277
-380.74908
-271.5072
-3.3670342
-73.15943
1342.5328
136.43636
-610.6481
-1726.7976
1091.6389
56.40611
-468.94806
1004.2912
-133.54935
-585.52155
378.5231
-690.7298
-1936.2089
230.52858
782.0005
153.70409
38.752926
24.333717
801.61523
-687.4837
-1045.9321
1058.3698
-615.8219
-105.99324
43.59594
-800.3392
-677.74005
-213.0792
-610.7414
-304.38733
796.44653
578.69354
746.0956
-487.53876
478.9988
-1767.5046
-1286.5254
-327.42938
1395.0784
151.39317
1371.021
82.61966
-666.797
737.20233
1308.9075
-265.22107
-352.83664
317.2042
-601.7566
-326.3663
-482.1138
-2486.7031
720.7981
537.57324
-1184.2655
228.26031
114.49002
1980.6794
1065.5609
121.12227
83.67599
756.76654
-1694.9071
-301.87564
-472.86655
-383.6754
1022.2399
388.05627
311.93027
-206.93173
754.64526
535.80237
-1176.1787
-278.8694
610.58014
65.034546
-561.2715
-478.4664
-72.8235
1311.5718
-416.82642
-913.7836
478.91916
-5.5350785
-817.39246
-157.96675
919.98083
516.0158
-649.78827
862.8069
-384.88174
997.6265
234.99983
-224.17963
1593.1707
202.07185
852.81744
119.928
960.5301
473.1697
-512.6927
-1668.4294
-518.21765
-229.68059
172.7266
-660.86005
-1642.8688
718.32465
1939.7284
-231.57349
1301.6903
-335.7038
-553.2626
-269.90662
40.85134
579.72217
-427.90796
-86.61145
500.6424
809.27936
34.817375
756.24567
-823.5199
-525.8855
673.18066
-57.956
609.14075
789.2497
-1362.694
-1434.6091
1284.7891
-375.9178
-318.98834
348.89282
780.00867
788.01605
-157.52623
1344.4595
203.2962
-586.2531
-865.46265
-1309.356
-1214.937
-1021.336
1586.9875
753.7388
846.74945
-620.3439
654.60645
1252.0654
-109.25065
-845.6476
368.9781
230.60524
-426.75787
605.7958
1021.7012
-512.7512
-857.1092
-36.002934
-56.129032
1097.5348
-1558.3182
471.50473
-1479.5178
-542.6605
-1318.6729
325.61935
358.027
-997.42645
1350.4485
1099.5072
841.6435
-92.40071
-103.47208
521.5099
902.1224
1350.586
-1436.0975
-1441.0768
-921.44653
1338.2654
-285.11005
-278.02713
109.29243
-765.886
285.36176
-766.6551
82.803314
76.66333
-69.492424
-926.6038
-614.5209
-672.19324
-1047.8035
232.50548
-664.2053
-451.98004
-342.22104
844.3496
-538.33356
-1511.1586
124.89295
-389.46237
-1795.3549
-364.8755
423.86047
-851.1349
1642.3381
-881.9524
-577.7737
-950.6916
636.5676
-203.7249
-267.92316
-739.0907
-535.35785
71.12916
378.69592
1529.8148
-502.05307
674.4759
-229.07445
634.22003
174.95941
-198.04514
387.24817
-1477.8961
800.7495
687.23914
-403.36682
471.41956
201.68555
452.28494
598.3546
-518.4537
-616.9379
-692.53485
622.6828
216.90948
2260.0522
-302.85812
282.2881
266.31
700.6983
-569.3482
780.5729
159.7404
-741.18427
508.86108
29.318949
-243.87775
203.43695
811.4065
629.7019
137.71873
-765.34894
-785.75714
335.06378
-664.3611
502.87006
98.03441
1676.5046
825.4769
-1236.4999
215.21002
1102.9786
-100.88441
-554.0945
419.43298
1144.8351
153.00015
-1463.8539
-250.73154
-218.44357
-689.25604
1201.5979
-1218.1273
366.2678
39.901447
-1067.052
721.6357
418.7328
-1096.2506
-1581.5022
-742.286
461.6478
-207.35284
448.14078
374.09357
701.7643
-213.1113
45.686367
589.0688
-1240.1005
708.5299
1254.0823
-1015.9818
-183.06085
-788.0198
-237.89944
-2696.6726
1710.8441
923.3951
-979.87225
1381.4612
173.53111
571.72015
-574.27924
-688.32324
1306.6406
649.63855
-707.9506
480.28632
1392.5604
351.29825
260.96017
78.18877
-233.45866
364.9401
-24.068861
-832.5879
-1289.7782
1186.5875
-433.34967
790.20807
-537.19714
-641.52954
320.36584
-61.606174
-259.99478
-1606.9293
216.9256
-441.83636
1397.2101
-14.01942
-168.74954
-618.3261
-1061.953
-1571.2311
281.1126
800.25446
-1135.5764
-1144.2511
1123.1448
620.6262
383.32144
1454.4724
-82.982635
101.05081
957.54395
-732.5874
73.40044
-195.18391
-685.48694
404.6354
485.6074
1399.9873
-249.80635
-2098.9614
1331.0862
-466.95374
29.199085
-542.13257
550.3899
383.4188
57.84947
1595.7379
-651.8598
515.36816
1938.2832
-1371.1632
-667.7123
653.7723
656.46106
-1062.5377
58.37216
-277.182
-588.2537
-804.10815
1190.6461
1710.0905
1193.7909
266.79517
1508.6133
126.36718
-188.28268
578.4545
1086.5775
-25.504751
-331.81488
379.60507
182.97818
14.466181
-735.2298
-738.2261
576.6178
-333.74503
138.8243
-246.8973
-186.87625
-1165.4569
1668.9358
-893.55426
-809.25555
-435.234
-704.4809
1474.9675
298.9915
514.64355
-367.81656
637.6405
665.6967
862.6045
1172.3204
-110.154175
-446.9011
463.79016
-586.84357
82.88068
1550.3346
1215.6934
1309.8118
-1262.1632
781.65674
2379.6533
195.68848
-481.7781
-132.65445
832.328
889.8196
-767.2399
2249.3496
638.35425
-1134.7599
-23.634968
-2011.9476
1040.5074
1332.3162
-808.00226
90.79538
-1099.141
-612.01587
161.4491
-104.24557
336.29532
-823.2323
-721.1964
-159.0591
79.341835
755.44666
-871.5576
-740.7428
1610.0491
-2261.827
856.1041
1186.9087
-202.13577
469.6873
47.260345
-466.82962
877.92773
57.62636
-72.792076
1421.1221
1060.9333
-30.38886
-107.29067
-262.9165
775.2708
-274.29083
-211.73378
1178.2971
130.6425
-125.275375
1708.8589
-133.35368
-1606.9542
-647.0453
-1672.2611
-797.5176
-1211.7775
370.19257
30.90634
557.61206
218.43321
-718.993
-931.107
1393.878
-1110.6393
-1738.7126
-533.7698
-4.5276413
1072.9191
179.51477
-326.96252
777.9471
-839.17413
465.72034
1.3506882
-575.5883
166.18924
-259.50275
791.76337
-66.99915
667.08435
326.39618
-508.87677
-70.179306
-55.71907
472.53156
770.1898
770.72723
-686.3202
-216.48782
353.60388
407.751
-770.3729
817.4497
-1218.3971
489.9854
655.65265
-1241.1632
-469.45782
-2091.4668
-535.7101
332.04236
858.5761
-988.94366
165.9663
-479.1416
1278.083
284.70724
-606.8074
449.57498
-1098.9365
12.265225
905.5662
-2442.54
554.4981
-82.83422
