-87.333466
301.6277
-52.04592
445.07642
136.77635
-171.56763
145.83829
-222.99257
6.153319
561.19055
-52.033516
-362.41922
-178.48389
-92.99724
-32.226086
-210.87172
-331.53363
213.79959
-111.28308
330.20596
-19.732508
-45.298523
-200.69832
34.521473
-516.2092
-54.270435
63.536793
-24.530554
-98.29389
-91.348785
34.44801
-62.427536
-17.6973
472.6318
463.02594
95.76907
102.03862
-21.315117
-424.19067
-477.00137
-120.84703
255.76875
139.27304
104.66568
86.6326
121.23747
-8.76281
-281.85706
133.91382
-283.87357
251.93797
206.79268
-75.45958
327.9285
-1.3589134
-206.67708
231.73322
77.36285
161.78302
196.40994
-43.909397
345.96548
214.96935
-54.82511
296.37375
122.96176
36.774784
275.59442
145.50217
0.29482186
-111.02866
284.349
217.15117
56.858868
-195.87166
-320.91083
-93.16519
83.636505
-83.96442
86.98833
-392.87918
423.29028
317.35864
-89.91805
-31.01712
-103.67981
48.575058
193.21262
281.84988
65.36887
-99.5704
83.338806
490.24432
-412.09207
77.604706
187.25624
-341.5299
-270.76553
77.16869
-60.728535
-234.0131
-147.64465
-44.20838
-145.54317
-418.96478
191.40854
178.19962
15.829449
43.524822
308.42676
-292.56833
-80.96067
429.28403
-76.98202
-118.136856
31.033056
-28.435911
36.169456
160.9929
-21.25093
270.81403
487.688
4.390293
-75.01022
-171.20108
-25.09906
-369.33978
-71.92217
197.66878
255.73851
-217.76993
175.09659
-97.469284
144.2095
-273.52335
251.69917
270.53552
-206.3523
-118.4515
-138.91492
-173.44191
184.53773
-30.68687
-331.2502
101.57112
-13.565734
114.072426
-365.2693
77.04382
-221.45764
-145.67609
-297.98108
374.01218
120.85006
256.86588
12.667181
315.5034
-43.857716
-492.64807
89.1889
59.83226
85.243546
133.00166
322.3497
9.481259
21.17039
111.41874
-73.15189
-87.74656
-102.969345
-61.99386
229.70557
-127.45479
47.5757
105.96514
-57.052273
112.01656
465.74564
235.06631
-140.93906
-141.45729
93.62834
-144.7934
-322.55634
-362.56696
-105.37668
-77.810585
-33.724194
-78.671616
578.1196
-266.5647
103.73969
-134.22723
597.352
343.35736
-451.03885
19.499851
-40.351185
-423.84467
339.30182
91.35411
192.07237
85.99495
160.99486
-26.85033
-10.177792
-508.54626
161.09218
-159.01631
-41.183052
206.6863
116.62583
-412.4826
-257.39563
-144.92027
-29.52449
169.6692
90.08598
-193.50948
-37.86671
154.54274
301.92538
259.39053
-311.90433
192.39343
88.17986
-277.86926
-267.5031
-73.71651
-63.83952
-13.356433
-76.30301
-209.70645
10.769502
172.7449
87.397415
-37.85661
292.44275
109.35357
-247.791
222.4158
-213.9307
32.95524
-205.09193
29.10833
-14.07919
194.98982
-17.574102
-48.35422
129.17096
-193.6613
-143.7434
38.32574
317.27838
289.5705
177.54724
53.029537
-368.18924
-339.2789
-3.1134822
128.01295
81.899376
-125.06583
467.38327
159.45775
-505.3089
-23.68952
171.43178
53.197815
-357.21448
-60.124638
-345.61047
26.847725
173.27939
11.531555
-66.34094
4.465543
16.85679
50.13828
8.492462
-27.832848
64.57845
-51.89869
-252.60251
-2.4079702
28.020378
25.642866
-278.63864
-116.13347
-15.108262
39.534622
-156.62755
375.4205
122.72665
-139.6298
-164.34265
193.33206
-307.59558
90.76727
64.3025
37.220764
270.93417
-414.1314
-434.35855
156.48827
-3.225161
115.85524
-211.73222
76.011505
-128.49588
-239.04271
54.61374
250.6138
184.21512
-366.78143
-74.519135
169.89343
25.262558
123.46972
-169.36392
138.2221
-152.82243
-619.323
-338.7641
232.35417
116.89285
-45.664547
113.226425
-80.19165
241.51576
-384.2502
182.15147
-244.41054
208.83907
-50.990044
21.823023
-64.853485
-308.67227
-105.843735
241.81982
8.856254
-33.695805
-329.13425
-113.01513
-198.12581
76.421974
31.865398
213.75465
-42.2361
386.9537
447.62872
184.12445
128.07654
189.41579
268.14523
-24.018679
-331.2286
88.61031
-489.4447
-34.587868
-171.5092
-71.536476
-181.88301
-111.36866
-323.64047
280.747
-393.23465
234.6293
-484.30945
132.71924
163.26099
-240.60643
164.49757
475.47382
431.68137
-314.49103
-72.063614
133.48811
-85.02376
-76.70074
46.16059
72.18869
-257.89227
66.16152
-327.87875
-58.09201
3.4328334
-100.65714
35.556313
-3.1388671
406.03876
-69.10002
-145.91046
-143.83086
33.976852
-29.269722
192.8293
383.58014
-324.15155
40.989773
29.680628
382.95245
-97.33778
16.762821
-74.09827
-322.6431
-103.49876
-101.02989
118.17391
-1.5737678
208.98973
-90.31712
35.75045
575.00854
111.46887
312.41202
-11.812355
12.048063
-43.15236
288.41678
-128.92113
-181.73788
-165.84195
-141.06047
-332.90826
23.985605
-278.32733
-109.38879
-282.63943
75.1115
-62.670628
-180.94983
-32.185493
-45.786167
243.0083
-12.112162
256.0252
-139.77625
106.768
-222.61783
-268.91565
187.27309
194.83987
-415.01028
68.86391
-283.51953
283.98413
-332.94714
-154.83493
48.502316
121.179245
243.14684
-125.633095
19.776909
197.85924
247.31429
-320.75284
590.00336
-276.3169
-233.08171
108.7655
-35.748768
327.8004
-183.971
-552.3576
-381.88483
-194.18935
477.86496
-184.75882
-159.79984
-227.23149
15.692823
-7.3837414
111.846176
-9.331649
-464.9158
85.756035
403.07275
-129.82944
39.347862
-238.78603
-109.99336
-240.18106
-6.719021
-245.99171
192.37354
-173.20683
-118.257744
-62.88361
133.3799
-111.56559
107.591965
-194.08508
7.4192457
248.41196
135.90326
-35.436375
-41.953114
192.43407
-722.4303
335.3002
-168.48994
112.11708
-51.98425
318.13507
-180.24304
-306.52322
-81.91631
-49.940544
-25.448593
309.7372
93.00936
57.638298
147.89516
159.27426
-58.12681
-68.33351
-0.30954432
-146.19693
260.16983
284.2739
-142.3279
-294.34665
-95.045074
161.7395
6.439419
40.2612
13.334283
250.88512
163.32535
-197.26945
-212.56009
7.0185146
52.70065
-44.809032
-145.41722
241.39958
400.29382
-20.177507
154.16142
46.38181
31.846489
531.3346
-126.477745
3.0996783
144.89595
-299.83426
306.43015
6.9165764
332.64413
-4.6767364
-119.66441
-161.82777
-314.02454
-46.252373
217.10687
57.63223
244.43675
-120.43558
136.19862
-115.7068
-566.0226
126.31034
407.56155
-142.67796
-179.80339
291.81635
267.95264
211.56258
291.1851
-28.652023
-70.81649
204.75975
-193.50143
384.2915
212.60057
5.919184
306.68408
-3.4351287
117.46947
174.95569
34.09078
39.814835
-67.74321
61.690243
10.915596
-94.383095
-65.57235
1.4773116
-115.34487
217.91502
77.19108
265.0539
-301.30252
-58.932873
150.21875
140.09949
47.462296
178.76468
446.94263
-181.1613
-212.59624
59.380985
324.04776
455.1585
35.56443
-250.78427
-27.770296
20.543472
-17.104553
-84.70321
-258.03214
489.35684
112.7393
50.55913
-195.37569
79.29001
199.61414
276.15222
278.02875
77.54078
-218.35464
-102.95361
-149.26604
450.01587
-113.035225
84.85979
-173.75891
-228.9673
99.036606
197.2285
-206.89742
-73.15268
-397.91562
88.00367
-160.36635
16.785803
-345.85406
54.757458
-66.19601
113.803055
-64.51811
-20.247229
91.99217
211.29947
-433.24615
50.9395
148.22826
