-195.30518
675.1805
262.95938
574.434
1041.9009
1036.5989
-771.7465
802.93463
-269.5243
-188.40079
-712.65546
-1720.5823
-685.126
-699.9221
-432.3108
-1261.5848
-1017.1105
526.0054
-67.52055
1518.2998
-370.19193
-1387.1425
-368.44418
-126.645706
-569.0092
-67.26369
-845.48444
-14.781479
-710.27466
590.051
359.60474
-360.5668
374.2992
1423.0858
1416.3585
998.3114
31.50301
-631.50354
-29.471252
-250.67674
-774.01605
-561.99695
-311.54816
474.37814
664.4604
-570.5341
9.4522915
-1249.8795
-761.3566
395.43536
-79.18482
16.669146
-39.25777
-1544.9833
1055.8878
0.31344867
2296.115
-96.60208
533.46545
-90.76807
-227.27328
-244.32518
485.80573
-578.2783
-408.099
292.9522
-248.6861
165.51178
1945.7134
-45.350937
-501.72336
275.98706
127.600914
-87.325294
428.89133
-1904.9838
-168.57545
-1297.2224
-29.691992
708.2455
86.0861
-747.98944
-1073.2782
-1119.231
-503.63547
2239.5164
-1340.3302
953.6733
1392.2805
685.16266
-644.5918
396.76602
1103.6661
415.7721
-511.9976
283.96326
1393.653
1451.3057
818.498
-232.23973
-1342.1384
678.6638
-955.3543
-498.0219
-696.86053
-146.09015
32.857883
1145.0074
-534.3069
-794.0322
-1251.0529
906.55225
-3.8376637
-308.24924
1207.482
-34.43831
-575.29553
825.202
-243.96318
-1571.6377
274.34308
894.7221
453.79758
-212.17369
253.6331
966.13635
-706.2339
-606.87463
963.69836
-634.88574
-394.05853
4.7491117
-795.86475
-1004.0253
-49.42744
-778.82446
-341.3547
420.9007
130.29518
804.05884
-669.2774
540.7926
-1819.9248
-1135.9309
-591.87573
1328.8553
48.944355
1596.4426
-190.36183
-460.74054
787.6881
1458.6218
-113.157745
-349.09915
183.01665
-244.00407
-199.78696
-348.13443
-2175.617
708.37225
510.62686
-1438.7622
-56.323334
-3.220127
1681.1022
885.4723
-184.57587
-108.18179
513.922
-1330.7146
-589.12177
-116.09659
-255.2234
758.8759
387.67557
674.4832
-157.9282
546.63446
279.52115
-1031.8246
154.09909
596.26636
38.19736
-434.67456
-250.76126
-300.62326
1257.108
-482.17258
-1168.6779
257.97247
188.80876
-635.2503
342.04584
698.5108
677.25085
-698.79376
1009.2884
-379.10052
626.77423
291.21512
-277.17032
1316.0963
68.42861
612.3414
167.62766
782.8836
234.73279
-825.86053
-1528.8561
-880.68286
-515.4923
39.99647
-1156.8419
-1714.8304
657.807
1566.7601
-427.21225
1374.6351
-158.79425
-607.315
56.15258
192.28526
-47.242653
-623.20233
-456.70605
554.1839
518.28186
326.82547
1292.9282
-552.4778
-340.4396
1052.2059
56.690998
514.0784
732.5237
-1082.8944
-1477.9196
1361.8652
-576.63324
-314.08154
351.02106
975.7379
706.1649
-365.07547
1411.0056
-107.56776
-355.4515
-932.2533
-1542.1316
-1014.7807
-1198.315
1419.5519
417.3231
893.2705
-237.4824
549.7913
1062.4316
152.26952
-1088.2502
1085.7421
142.21204
-419.73737
534.7179
749.125
-386.51895
-871.805
-71.91119
61.100056
451.73172
-1223.9757
597.0449
-1485.0981
-130.30605
-1351.3284
342.4943
371.7415
-925.07526
1068.2362
1183.023
1017.036
154.44843
59.616158
588.8508
1036.7756
1465.204
-1223.2635
-1588.3906
-1208.954
1313.3346
-342.31296
50.767
-199.35051
-533.73596
813.79944
-795.1642
39.774773
-214.67384
-218.98044
-807.30743
-460.24515
-785.285
-991.408
69.75586
-588.7435
-737.99146
32.011612
487.66058
-279.75748
-1515.3422
-69.25289
-414.30493
-1579.665
-396.73022
333.5724
-671.45605
1106.1722
-816.3186
-894.79865
-967.8158
429.32135
-629.0516
-15.661329
-525.575
-193.9524
52.96303
380.196
863.1638
-627.2146
612.821
-507.10223
394.0592
53.226765
-374.42532
356.9824
-1040.3826
794.7378
748.35724
-131.86815
314.7983
584.3928
657.7844
615.26605
-402.94684
-529.6183
-365.02075
726.3108
241.25403
2039.5076
329.5282
367.85312
13.863023
355.9359
-515.7575
458.7586
183.00494
-666.5511
90.98887
-91.99317
-398.9573
29.002409
1012.42395
355.5097
271.37677
-695.2217
-402.5595
243.63416
-787.0466
277.67648
-135.52615
1786.7623
545.70447
-1137.5886
-75.48904
460.98486
-60.920113
-548.37836
399.327
1387.6848
62.920593
-1622.5352
-170.19081
-116.349304
-525.9265
938.93494
-787.06335
521.9459
-216.63687
-900.62036
567.0342
323.80618
-899.9623
-1435.5372
-686.0377
443.05576
81.79624
665.183
278.86792
477.86508
-785.3924
-187.188
855.83417
-1424.4241
722.1149
1446.9072
-890.31616
-22.24651
-1118.7368
-11.589908
-2587.3884
1338.2144
658.4133
-910.7495
1583.3124
78.96775
474.8154
-410.96634
-756.8046
923.0751
684.54663
-659.6594
232.60237
1251.3138
772.9253
-62.242977
365.1886
-279.1679
583.4532
-360.6997
-874.83215
-1257.2053
988.26465
-180.99887
604.58795
-281.523
-476.25528
368.13324
-135.47372
-163.73882
-1276.4496
239.27344
-355.13446
1386.0428
123.89157
-122.20005
-586.158
-960.4639
-1350.5183
111.73881
522.0667
-596.6454
-858.7169
999.9863
561.282
443.55588
1738.1565
-384.61072
286.88483
850.78973
-678.10077
-125.78931
89.544975
-399.81668
246.07513
629.93134
1025.9473
-73.944756
-1733.8673
1192.1451
-286.72
7.5139003
-550.9534
605.50916
488.42914
28.303415
1616.0391
-441.99365
470.65204
1812.9443
-1320.5619
-955.51447
250.1274
694.1461
-1130.6711
179.43869
200.86127
-851.51385
-906.90674
1540.1702
1887.5927
1325.9264
-225.87534
1423.2386
170.31381
317.93335
545.12756
875.80304
-18.192633
-554.56586
257.70023
9.805211
-163.80241
-696.771
-786.14557
658.30475
-799.3396
141.23589
-101.358986
-266.77567
-1233.9391
1454.3424
-901.1399
-980.8951
-629.75183
-711.6095
1237.691
-125.158356
509.93314
-246.37088
513.8299
355.79083
1035.2223
831.10785
-723.61505
-532.60504
455.43655
-660.52783
358.57422
1425.7075
1651.4938
1485.5905
-1140.5769
456.02353
2010.9789
510.1923
50.33574
-252.62889
618.569
737.58026
-759.6823
1827.647
374.60364
-1045.6842
111.15922
-1418.1632
1104.0454
1504.1161
-898.39886
32.18978
-929.614
-217.37029
648.3622
129.81602
477.2288
-59.98078
-1034.3286
-199.63661
302.36063
822.30225
-998.7586
-172.05133
1231.7438
-1882.1533
878.52155
1282.2136
-376.59875
177.33006
302.31268
-528.42706
673.83167
-75.88318
21.028313
1483.9279
1220.8698
67.33425
-107.50336
-411.08182
504.76935
-674.4556
82.36591
1332.1969
190.60126
122.285385
1653.3848
-21.23282
-1229.5497
-716.6861
-1557.0304
-800.6646
-1476.7421
829.9269
462.23105
393.98962
143.75975
-579.06805
-429.56235
1228.2891
-829.2956
-1709.369
-506.1182
176.30258
647.56366
346.5705
-465.4315
1160.8145
-559.38745
340.46848
95.41888
-790.78955
-133.97345
-303.65524
1153.0723
280.40115
869.92426
470.79272
-356.62885
-350.84488
-38.888165
482.51816
870.9454
975.7269
-586.7031
-426.4905
241.17186
449.4791
-550.1944
1110.3134
-1220.8578
422.4086
449.5603
-1381.7649
-672.46796
-1993.8416
-793.679
606.41595
987.37286
-1111.2599
239.31302
-629.2587
1354.9231
412.22946
-792.8623
213.33195
-1271.6643
-322.796
635.8763
-2308.6355
229.89708
13.933165
