-666.6704
442.37653
869.1046
188.0854
1397.3143
1110.3075
-877.5359
834.0989
-206.81844
502.08154
-815.73553
-1214.459
-1086.368
-1110.7628
-482.32297
-1741.298
-1498.2726
485.0123
-106.98027
2234.9932
-506.9405
-847.5276
-441.24072
-122.33243
-1405.0944
-63.644257
-815.13367
-345.5084
-1419.9272
9.480088
668.34576
250.53198
1086.2253
2131.7625
1772.6052
1209.1229
-450.16342
-538.9243
-197.08595
-445.3967
-598.6866
-1086.7775
-649.1878
630.6857
824.1875
-380.91797
-50.111946
-966.06647
-1138.3263
701.5042
482.3541
-21.855549
-307.30634
-1499.9304
1885.3726
-585.60223
2023.3909
-198.58768
939.39453
-447.3845
-170.55882
236.49078
374.71045
-1005.16144
-36.09008
732.79333
-509.9617
330.12646
1527.3658
184.06053
-1206.982
-284.28717
334.38843
45.063053
484.934
-1494.455
-78.14399
-1109.1927
-332.62943
809.6209
-187.41832
-765.61017
-664.57513
-657.7532
-253.10393
2489.5955
-1280.4792
1011.64307
1225.4662
516.279
-65.52803
216.7333
920.5646
569.4684
-713.50085
144.39256
1613.5427
944.09937
675.2225
359.89584
-1135.8397
661.3022
-842.0162
-179.77429
-626.7997
17.671053
-89.766846
1257.8555
-35.00406
-885.39197
-1085.5685
1301.0498
24.859585
-532.6763
1107.1691
-81.47325
-308.48526
496.18796
-540.69916
-1769.2034
246.86877
511.4362
-214.91104
30.080128
-252.61879
620.18964
-711.5401
-945.5441
793.70557
-802.1017
-275.2003
-129.4191
-294.77377
-689.54144
-295.80252
-1079.1395
-165.06674
926.4212
619.39417
985.125
-386.45645
174.46313
-1547.9468
-1515.056
-309.94183
802.0134
-75.88387
1495.4055
-149.67677
-302.74652
833.2402
1270.2369
-244.22409
67.64565
360.93228
-816.6832
-836.2195
-475.80908
-2545.47
456.73334
620.21796
-1609.4991
150.07257
449.3948
1685.512
945.6242
118.031105
113.12414
1214.6309
-1904.3835
-37.35972
-871.5045
-195.3245
864.1411
719.9766
47.51201
16.96123
539.43463
402.09198
-1304.8174
-173.64542
857.39825
-361.99673
-906.5635
-375.02942
-263.76837
1197.8667
48.165874
-1213.919
222.99547
178.97083
-999.68176
-11.888315
609.30414
-264.40277
-867.3708
1000.5749
-253.77116
439.93195
652.34393
-282.86975
1977.4669
265.59387
1297.0824
-77.71331
487.2342
906.92694
-376.2497
-1420.6494
-423.59192
-120.55715
646.1594
-367.95444
-2028.2628
542.2563
2588.431
-294.5402
1271.0541
-54.58499
-132.20123
-564.61975
313.89603
830.18506
-614.26855
-255.15845
299.9096
662.18463
175.37213
533.4061
-689.81946
-384.7288
832.11487
-69.71652
412.43018
847.94525
-1716.8652
-2001.8301
1419.117
-496.00842
-768.8177
-169.85037
462.43555
853.3971
-390.7649
1293.551
-174.35457
-117.21103
-1191.7365
-1666.3477
-1124.6412
-1064.7983
1676.2904
-32.599564
1104.9296
-545.0114
331.24255
810.8994
220.03096
-379.1722
493.22903
195.3786
-510.48737
462.4948
858.17004
-294.18954
-791.1797
-263.4356
89.05359
926.7133
-1698.1959
104.79758
-1332.8351
-562.02783
-1369.8701
336.9652
52.427086
-1104.5765
1276.4763
1088.3416
1219.8793
-209.9461
240.26936
583.27374
973.9681
1180.8933
-1611.9817
-1429.9564
-630.31946
1596.0756
-370.79538
-277.95764
250.3421
-922.9033
161.9417
-964.60785
271.42773
513.87573
-500.07126
-1061.8523
-518.44885
-492.28458
-1225.996
449.00095
-931.695
-614.1889
-269.65402
442.89203
-74.09151
-1461.1957
163.26677
-284.87238
-1529.7686
-98.80413
413.11655
-1057.8091
1806.233
-1057.5277
-569.7909
-1028.3956
895.8881
44.783897
-35.213028
-1125.296
-742.43036
56.14228
818.5194
1441.4294
-754.7801
607.6889
-58.71487
871.9673
285.2928
-606.5384
765.44965
-1709.5771
795.0675
1111.0413
50.632626
861.3413
111.52446
201.61148
639.0608
-530.2643
-424.23062
-818.19763
-18.730366
-42.82773
2508.2646
-346.0319
-48.937393
429.53793
299.93863
-963.15186
1048.3263
29.364489
-907.6444
353.2998
-334.87814
163.07639
495.3717
946.5662
558.77185
661.7841
-741.0502
-601.43225
299.04764
-1008.5259
88.62487
180.001
1333.454
914.99915
-994.26605
-52.780846
839.036
-471.84546
-552.7097
483.04706
1103.1987
-317.2545
-1415.1346
-484.6597
-362.6143
-883.04126
1322.5343
-873.38666
246.44858
217.9038
-1786.2118
1185.0253
602.5347
-1290.4282
-1336.8207
-803.21967
315.7439
-117.864914
432.459
365.8862
1114.829
-797.75195
-19.8659
671.66296
-1382.7875
743.491
1647.2983
-570.76227
-380.67996
-419.5001
-247.6618
-2762.5615
1639.7493
517.5573
-970.64844
1593.6655
244.9175
917.7188
-659.21027
-541.9544
1237.6461
658.188
-741.9852
507.50034
1252.7747
98.06986
-30.69697
250.3079
-474.14487
361.53748
0.82176495
-1360.0912
-1590.5936
1661.5674
-41.78433
736.62384
-609.2013
-641.88794
91.24842
-202.24922
-76.53228
-1849.6827
-281.79877
-519.555
1248.1842
-84.38254
-556.4977
-899.00714
-1254.0361
-1918.6083
251.48083
668.2215
-1290.8125
-1360.7983
1330.1205
485.7401
314.9973
1541.1093
389.5665
52.894318
910.5468
-844.73926
-76.811386
-380.65735
-833.9877
362.1371
6.3074927
1513.1798
-29.082138
-1985.9763
1612.801
-433.72586
-77.761314
-11.117486
417.8173
596.9964
463.3226
1568.9427
-812.07623
744.586
2161.4583
-1065.03
-795.8404
504.98645
479.3679
-1377.711
152.35098
-360.571
-785.0146
-666.1436
1296.5001
1862.8182
1097.1963
348.14862
1545.3226
81.416695
-600.485
566.1062
1168.05
115.75865
-201.89838
570.1034
250.40202
-160.14711
-620.92566
-451.8015
932.2781
-1.691757
-14.793285
97.022255
-545.20667
-1235.6982
1802.2382
-1038.8772
-989.1103
-360.05457
-290.39957
1655.0208
540.82324
873.4104
-277.1646
813.3648
539.44464
573.6009
966.2344
-364.8902
-414.48132
565.07166
-576.90753
150.21846
1495.275
1219.5946
1832.7751
-1500.8822
685.93933
2295.5334
411.7433
-516.57367
-555.31165
368.47375
690.68945
-861.1262
1817.2035
628.1939
-1261.0105
-55.494877
-1749.1044
1055.311
1598.0001
-1343.3252
130.61191
-1205.706
-357.22614
376.45062
-175.66164
58.7329
-903.50055
-748.0254
168.50845
324.04953
1058.4103
-1016.1139
-1137.951
1121.9037
-2227.8557
918.80994
1264.3757
-742.6901
467.85803
202.9826
-410.2148
1000.35724
-184.71204
-110.08011
1011.48486
1416.9077
-397.75168
-342.80707
-133.7289
766.01013
-321.57095
-716.3388
1139.7872
106.610214
-443.88828
1610.3499
-187.07468
-1392.8572
-804.2115
-1554.4115
-787.32367
-1685.2404
454.8367
249.42389
316.40295
199.70459
-570.3852
-1240.9791
1365.94
-696.5029
-1950.3093
-230.92093
-319.41354
1221.6224
593.99854
-148.84581
743.395
-721.2303
465.72705
164.24641
-868.8697
-21.141533
275.95724
505.52927
21.921644
319.0932
697.2186
-332.97858
-535.7306
76.96818
358.46866
725.1859
792.48474
-631.54016
-604.6882
534.60834
725.3362
-830.89813
737.4291
-1030.3945
641.348
905.50433
-1064.9049
-113.06164
-2278.5115
-691.65717
606.3535
1007.07745
-1148.4541
130.76785
-855.66327
1374.1434
39.143394
-816.7336
514.6501
-842.4431
564.73553
1342.648
-2958.9426
554.80646
570.89355
