-563.2449
616.7531
786.7764
304.9115
1351.3955
1080.6255
-685.62775
807.0931
-92.74591
350.10657
-637.4177
-1266.7378
-875.1223
-1275.3687
-607.2908
-1843.6338
-1612.6292
468.71002
-453.07712
1777.0352
-438.4048
-644.3184
-207.81981
-133.13757
-1403.5782
-90.268364
-942.6847
-207.02306
-1161.5123
190.45753
718.1962
2.444686
816.77856
1905.9327
1677.4037
1308.2797
-170.04541
-818.73663
-96.23792
-330.26846
-789.8336
-1055.7529
-504.9873
390.80426
802.137
-350.76144
-296.38733
-870.61945
-976.76685
435.9853
597.029
63.471825
-241.50334
-1297.0248
1637.0962
-555.1762
2116.5789
72.08388
574.65546
-312.8304
-210.43988
10.021987
341.23776
-792.40063
128.24126
426.70142
-467.67178
491.90506
1943.7863
183.98663
-723.2258
-17.066837
287.9016
-73.79801
246.04341
-1450.9385
59.84475
-1239.5248
-370.02478
869.40814
66.654495
-674.004
-783.4049
-872.9476
-494.0806
2584.1943
-1198.2034
1139.9734
1514.4445
827.5677
-437.53296
258.5048
871.40533
688.61945
-628.55096
16.804192
1579.1631
835.6708
1097.3354
109.42221
-956.26514
641.82996
-1047.0476
-398.51556
-404.88974
-83.31316
-30.421804
1140.2925
104.4678
-564.01294
-1445.6733
1255.2184
196.28795
-465.92126
1085.0774
-156.63254
-595.3958
299.21198
-739.3356
-1837.891
263.32678
798.22784
2.0463867
-157.61168
-175.22038
746.38104
-678.55835
-899.3195
1004.543
-640.5694
-144.4008
-403.26385
-534.40497
-689.58484
-178.32939
-955.00616
-75.38389
889.6013
467.77377
1026.8636
-581.02045
351.93234
-1584.5569
-1255.5912
-443.87302
1266.0997
-97.55821
1542.8113
90.8386
-395.77402
848.7492
1341.5243
-248.41583
-217.05005
181.85764
-1011.2299
-527.35144
-414.16272
-2432.9932
543.2822
687.1666
-1548.129
131.25931
422.59085
1883.9298
1020.90564
155.01746
19.456448
815.5058
-1847.7319
-85.23945
-679.0333
-306.53055
813.23065
463.1589
165.87029
-74.58994
730.4612
597.964
-1141.9059
-103.093
649.8657
-106.556206
-772.2618
-583.3454
-275.68976
1326.6669
-178.93593
-951.4405
565.8984
34.297546
-883.37195
0.34358174
938.09076
260.32614
-794.25507
926.50854
-267.17807
776.46313
578.9778
-116.3736
1695.7179
47.467163
905.79517
-69.109184
916.4421
572.38104
-481.5724
-1878.2856
-345.55426
-279.2683
403.70145
-491.51688
-1481.8845
663.1572
2012.2042
-206.60646
1171.3833
-68.156166
-223.01094
-530.5407
258.15704
614.6509
-602.79535
-12.054131
440.46786
782.13116
98.60039
666.3593
-595.55237
-671.2713
926.83923
-169.89156
534.03906
822.8028
-1643.6863
-1809.9547
1567.6858
-643.8686
-475.4463
160.29344
732.5986
902.3781
-152.76244
1279.6959
25.18267
-593.89026
-919.3133
-1325.9966
-1245.8921
-1118.2225
1698.8842
531.62427
1050.7778
-556.72266
627.7156
946.42194
-203.36389
-699.6321
615.1498
195.27928
-538.334
433.07764
1120.2653
-285.61853
-1074.3411
-84.813126
-93.138245
1043.0667
-1657.1345
314.33716
-1447.862
-487.89062
-1303.6519
331.22687
390.1513
-949.0152
1362.7162
999.123
986.7744
-183.80164
-38.703888
472.53555
1049.9642
1238.1182
-1144.3169
-1391.937
-776.61066
1595.406
-310.9475
-323.94635
127.48784
-896.303
167.98802
-1050.0905
110.08461
320.00565
-323.85864
-829.11395
-513.97046
-476.16656
-944.05786
293.6586
-943.7281
-761.3023
-397.62067
618.5312
-291.64005
-1495.7909
297.08005
-286.5713
-1619.4838
-172.35007
467.0227
-942.09235
1765.9033
-930.55994
-379.1037
-897.83856
665.423
-174.88269
-102.45137
-1038.4375
-536.42255
11.765888
630.6958
1602.0586
-465.8597
668.6778
196.45728
669.38544
271.34427
-388.86227
353.70984
-1566.2727
887.4935
1143.0062
-246.3646
587.37805
70.930374
383.43192
672.27814
-201.35294
-681.75903
-840.2439
327.26468
-135.78793
2496.9226
-215.56761
296.92645
216.16292
531.1136
-628.2528
1012.20374
253.55197
-924.1671
592.5714
-4.6949325
-126.606636
316.45706
918.54175
456.38016
419.76672
-921.7575
-591.8548
293.30267
-815.78186
197.82626
18.970633
1496.9447
850.492
-957.69775
-53.316315
1090.213
-168.92162
-638.9208
320.1452
1276.8213
110.97439
-1552.4525
-375.29886
-291.65445
-723.8021
1341.6409
-1251.2595
291.86047
203.03577
-1324.5618
824.42896
556.2539
-1188.3177
-1316.6981
-811.8515
451.75623
-138.84862
530.625
515.82245
882.8059
-488.89917
-127.440834
583.98047
-1217.7974
623.74207
1434.1409
-889.6812
-361.41672
-522.8922
-298.8426
-2639.1484
1775.7461
777.3883
-930.1014
1364.0304
434.45508
620.04175
-677.8942
-667.70166
1017.1235
418.88718
-725.05334
564.93713
1204.1987
335.76544
298.84793
240.20512
-219.67662
318.55673
-137.03978
-806.09656
-1329.6813
1200.4869
-480.64447
571.6753
-620.3038
-659.1657
389.52686
105.959564
-322.4602
-1516.56
117.93986
-454.4366
1432.0605
-78.33093
-88.37514
-897.19806
-1079.5275
-1662.6931
449.11624
601.3129
-1187.6498
-1168.9493
1231.6478
652.3534
131.74994
1382.3757
239.4713
125.33642
1183.9956
-881.98474
73.382256
-434.61447
-944.2211
547.91315
262.72565
1615.4622
-129.51872
-1818.776
1505.6072
-293.92084
-48.11534
-166.11871
341.4172
383.35825
96.77086
1769.4923
-632.68195
438.13202
2106.15
-1282.7932
-763.24506
902.87885
571.057
-1169.0952
337.65744
-561.3266
-564.86066
-681.3549
1368.0792
1795.2682
1153.1738
428.30798
1640.0928
93.7008
19.036556
723.5318
1095.7748
-164.64659
-449.45883
406.79224
144.12297
-154.25438
-670.1015
-576.32135
785.5984
-145.04749
128.56732
75.578354
-607.8235
-1266.8383
1841.7292
-981.24133
-1017.6366
-494.6679
-327.02
1481.6084
458.38055
814.1332
-61.084812
518.90924
683.2016
626.0931
1068.6969
-193.2992
-633.8899
411.6244
-368.69345
177.02916
1574.1312
1286.3752
1673.1436
-1299.345
959.06445
2192.5896
300.34277
-640.55145
-236.55634
474.7723
860.8924
-838.38196
1906.1865
584.464
-1104.2297
-269.73767
-1832.5771
1105.5565
1648.4814
-1005.1802
218.34273
-1197.3068
-566.1927
172.60326
-120.10487
272.76352
-1049.8678
-688.38153
-168.34442
31.376003
775.5193
-888.89716
-1006.218
1504.7251
-2245.9739
902.1975
1053.1111
-313.70752
513.60596
-64.78812
-465.90665
704.9264
-177.59196
-174.09108
1147.6356
1154.3031
-278.3662
14.361155
-192.51956
749.33374
-376.22623
-589.70166
1268.033
49.465504
-251.81577
1704.5808
-406.32404
-1472.6376
-520.24695
-1467.05
-661.9313
-1327.6954
287.03958
81.25413
555.01587
325.2959
-785.1328
-1068.2784
1283.8179
-1080.7443
-2104.3953
-500.82916
-334.20105
1252.7446
349.05988
-342.8245
568.364
-583.0872
657.1524
-181.16185
-934.7262
-60.54481
-22.019066
623.697
-227.69548
644.55756
279.03616
-554.59247
-312.58966
-67.840096
466.05035
877.9871
750.4693
-497.21774
-365.47946
353.44653
440.94937
-783.7399
782.33215
-1172.009
438.72687
878.64404
-1252.4905
-253.5779
-2088.2676
-565.281
379.41153
1224.6045
-1191.9216
219.69173
-746.97455
1336.1312
148.97975
-703.8372
353.8609
-1092.8518
31.195808
857.8655
-2510.2476
751.3009
145.17947
