-422.18704
280.14163
171.72092
515.07733
392.67456
-199.76506
20.1281
80.26288
473.72955
358.30017
-2.6211047
-804.68335
-332.43854
60.001507
21.299301
-645.7618
42.145092
225.53404
-7.1078835
15.680292
577.0151
-125.86014
-260.3819
289.93414
-411.5248
-105.49583
303.51593
-95.848946
84.17679
-107.921364
-78.35428
-208.29146
-382.24796
446.70352
595.64417
432.31363
406.53265
204.07498
-533.9088
-631.82654
-713.8748
9.157259
615.9105
-144.20772
473.9283
71.55082
450.25485
76.2616
-281.5989
240.65756
-596.24554
-41.397243
-158.9495
38.794655
73.794205
213.62576
876.2079
63.179966
-147.99474
128.15642
-440.80054
-100.785675
758.7327
-372.5527
276.10757
336.22275
415.7911
375.34308
306.1758
47.553806
-304.21478
213.0845
-11.487038
7.5555387
-131.82939
-208.91652
-229.18907
-242.52055
385.1634
223.4962
-660.8663
114.95732
253.32428
-140.63818
-561.8776
180.41443
103.20347
395.3961
365.4568
225.12257
335.7352
40.514183
1221.7352
-870.57513
-476.4643
429.82785
-67.69773
66.004845
376.53406
-169.62532
-341.23114
-110.24812
182.40654
-343.562
-803.62946
12.0755625
525.5123
293.38297
-598.11
343.70163
-650.4934
-131.23387
685.6663
-350.66983
-68.427925
-114.34771
-126.127914
381.70624
-63.56596
-400.16867
1207.2878
266.01743
-188.47475
-795.6925
-493.5319
0.6072283
-469.5989
-409.10782
482.3105
-107.78185
239.81517
236.58138
-761.6328
45.77844
-539.7574
182.55125
241.17508
-349.20773
-176.51215
-389.87463
-90.2212
273.02615
-498.02313
-319.0842
113.49878
-84.58477
550.0918
-78.785
-13.512561
-127.677925
-147.80495
145.80399
83.17693
-232.75887
-422.6612
186.02846
-300.63403
-214.65453
-565.6834
-51.95535
7.7812195
-344.571
205.41695
424.63538
-132.90312
-152.98431
-348.15298
-290.19937
278.42264
-420.1859
-164.56586
381.15753
110.31157
625.47205
-346.2462
200.86038
182.3739
375.102
280.17395
-372.55524
-396.44263
131.28824
-282.75012
-214.86035
-392.2514
-67.91004
657.55536
-115.74283
245.82826
675.73315
-24.734728
85.42552
-377.24667
691.3181
550.07416
-741.89954
-263.24216
194.79668
-537.21796
-89.27569
-173.27515
-35.94684
691.27185
-53.91727
76.8046
474.3196
-230.9406
65.58769
-617.7483
-576.0087
780.5815
-185.567
-685.95056
62.53605
49.60406
404.76718
-500.0296
520.93317
-445.42523
-543.0584
100.98727
139.2756
131.57848
-1097.3256
-161.89095
199.18887
-248.30234
420.9726
192.60718
-491.61
278.9103
411.77222
-37.752968
84.191
516.919
-429.6393
40.587013
231.63614
-69.918015
-221.21153
-170.5511
9.899723
-181.98459
-612.43634
553.7876
-92.00565
-180.39764
98.1429
-549.69446
-61.74845
-683.21954
427.2595
125.59296
522.96796
367.5832
59.88189
124.83827
83.31436
-294.01862
21.955568
254.90614
-329.16782
-53.598206
348.90176
46.25935
-628.9371
-296.8413
-391.55185
140.44577
-80.70885
30.096397
-348.0603
444.73145
132.77449
-65.62066
-348.57947
56.457752
-214.56659
419.95996
-97.47627
51.741604
-321.46368
-130.12161
-98.334595
244.23027
162.22227
-349.81174
-627.99927
-250.21387
-168.86719
80.34133
-258.61755
598.63416
621.2086
-8.804558
202.26424
39.306087
-218.09714
-306.47073
-466.48935
-197.33488
387.02792
-572.425
-816.0865
149.75192
142.20113
233.32472
-251.59059
-268.42264
-199.8444
-327.0079
76.92916
8.223602
255.47855
-561.19025
431.4177
-53.859425
283.03464
-100.47147
-218.35841
-15.086937
193.34744
-805.40576
-544.3269
-78.845825
198.99956
-137.29242
245.09938
-172.17879
549.11804
-1122.9377
117.69877
-65.4545
646.8306
-127.289154
254.73862
-45.983547
-1.3262709
-190.13562
489.16974
101.2674
142.65996
-482.97812
-108.48732
-498.74777
54.242477
325.62582
234.50253
-128.70496
119.64997
733.4977
-68.15329
325.19537
-191.83707
11.906105
-403.21478
89.46289
312.387
-311.45428
-305.7018
-387.32587
-394.27206
-333.1099
-256.637
-577.18726
217.71939
-728.2637
454.07544
0.35508755
581.9383
403.31586
1.427494
83.26469
350.14767
518.34235
-260.34326
-672.50616
85.76933
-409.71042
-636.9007
-65.76919
-145.79556
-288.23834
-301.58868
-498.9942
368.08563
-252.72685
-345.37842
621.74744
682.4108
198.16005
-366.0225
-116.050934
44.03055
32.234245
-214.54727
240.21542
792.78723
-350.16223
208.99281
247.41263
-65.93534
338.3893
728.8425
-83.17734
161.97017
-98.46167
-261.58527
-612.57947
204.41771
72.48196
279.77386
191.63257
1069.9601
-264.42426
-3.2401152
344.65555
-89.78491
-143.92085
-355.44974
164.20164
-21.451015
348.53342
162.92064
261.22504
153.90704
-239.00648
252.10527
-388.66638
-240.42557
600.9628
-601.4836
13.99298
-287.6018
17.686749
353.59348
-85.30563
-227.39282
-4.2862186
56.563915
-18.245945
426.57983
558.4276
-260.65298
64.80778
-450.33972
99.34226
13.95099
704.143
-198.59325
269.89832
-68.423965
-265.7228
201.21346
90.10805
487.74936
-396.83072
568.09393
-151.04758
-253.78677
4.9244986
29.982681
524.7599
272.35144
-487.678
-561.7823
-133.15845
942.81616
-208.92764
-447.07053
-649.0736
-234.00266
-10.60457
447.5557
-110.10396
-566.3667
556.4298
886.3107
-103.32465
65.73689
280.78897
174.68172
-434.95895
239.11142
-159.38263
-238.50752
-184.39505
-167.68837
621.90533
170.88466
-406.85983
440.52243
-39.66346
-239.85771
477.48688
-62.357944
-199.35165
-176.91428
135.87505
-353.10474
35.472466
-111.56747
-342.54498
10.088385
-288.36786
47.89916
-238.8355
-572.1166
246.62393
-55.83791
-60.913036
267.44604
104.32567
-410.51254
443.559
-146.4012
-303.49646
109.63224
83.05234
270.49966
737.65955
-149.30585
-377.81293
-31.111095
393.03033
-449.41077
-32.844074
272.00555
393.57666
161.02174
-292.14838
-423.53824
737.9059
490.83835
-352.48508
-229.06769
226.57935
628.7445
-357.986
909.4251
221.46507
-492.37363
415.85583
168.4968
83.909805
123.944016
-613.0893
237.86368
-357.71432
93.5398
489.3564
-216.17998
7.3271904
-503.5088
-469.71936
88.490746
191.76558
317.73206
195.66803
-176.7706
264.02582
-825.85736
355.12888
539.94934
-106.16415
22.344864
374.43848
87.30392
123.76907
233.83156
-89.3326
-335.25638
393.82104
109.063255
509.79907
-199.72559
-65.205505
-207.04068
311.5206
268.31937
251.86388
-127.419174
465.16144
-202.42621
-614.3977
475.86163
-558.87085
25.80138
-525.946
663.4482
64.41836
-65.14448
592.1943
-439.93414
-510.9213
383.58282
-252.00124
26.912716
33.40112
449.9838
-403.3773
155.75581
-61.93541
677.69196
133.87509
9.516668
6.559866
-545.58215
-123.13427
-58.34508
178.21945
209.15933
510.58093
-366.32568
39.468334
62.855442
-58.667385
377.68088
757.3309
677.77277
-235.77467
-134.59697
-242.89395
368.77283
-137.39233
-42.050724
-280.59943
211.92746
-347.4138
-324.6659
44.72133
38.805943
-352.82672
108.89998
380.28964
98.91511
104.102585
-587.1096
208.56255
34.144104
-35.84207
-121.456154
-416.68488
88.20308
496.5484
-980.61426
-113.11176
60.969734
