-554.93274
643.8358
882.79114
276.8004
1316.0487
1288.7789
-652.2446
880.2085
-63.69023
328.76422
-586.9656
-1361.858
-1012.6264
-1333.3843
-707.9936
-1836.0352
-1670.717
432.3845
-345.05615
1827.4386
-449.11664
-703.7168
-268.72028
-113.38637
-1547.2139
-120.223656
-925.4333
-211.41766
-1066.7229
134.13698
744.2776
111.99615
859.5506
1967.3529
1539.1893
1224.3994
-162.64584
-848.94556
-58.48887
-384.91296
-793.07825
-1098.4294
-509.92197
438.06393
815.44696
-337.48572
-123.75053
-918.9257
-998.9988
356.4332
598.5209
94.29759
-327.01834
-1333.0278
1643.7424
-505.9485
2080.4358
91.59699
528.0677
-456.74448
-91.58997
61.69108
310.3476
-859.5682
37.60952
445.4507
-550.73413
558.227
1984.4701
227.74155
-823.2831
-15.118284
383.1144
-6.329194
296.88275
-1399.4192
6.7526226
-1283.5621
-408.3938
853.775
40.893433
-624.8715
-798.42993
-826.3918
-459.67014
2654.3542
-1295.4933
1096.341
1393.5419
798.24286
-293.07803
249.53198
875.0297
800.3773
-603.0296
25.642038
1559.1154
896.947
1038.7175
219.08687
-932.23065
716.0902
-1016.30646
-307.1957
-428.55276
-21.484013
-0.05595827
1156.7036
81.31216
-804.35236
-1374.4202
1192.2095
139.40398
-468.47122
998.30676
-204.35754
-513.09467
302.9894
-627.33356
-1881.2122
315.7945
622.5413
30.459137
-145.23045
-163.29985
739.12665
-651.4948
-882.52856
949.0776
-719.4571
-239.20445
-378.05585
-477.64297
-762.9985
-170.50108
-1018.251
-3.9103923
1026.1295
464.62888
1042.686
-637.7661
312.66687
-1660.0276
-1339.8964
-358.68646
1186.8674
-236.88094
1548.2046
60.412533
-456.0056
786.92206
1329.6101
-395.00674
-190.88489
210.69388
-995.6538
-598.1568
-458.48236
-2501.3784
546.3449
616.39685
-1548.4491
127.32111
463.8222
1891.0624
1089.6704
77.05186
72.80237
872.82
-1854.8867
-114.28031
-685.6055
-273.8562
834.31854
359.042
124.38272
-71.19129
617.577
581.08777
-1301.6306
-131.98972
629.76514
-219.55083
-618.3632
-641.2121
-294.4017
1379.8573
-191.01028
-869.35223
569.3186
40.05339
-833.089
-2.0632968
944.15717
152.10223
-879.88873
936.35394
-296.5368
808.08765
562.6934
-188.76071
1699.7955
65.325676
868.68634
-45.718388
795.996
685.07745
-437.53116
-1765.3363
-261.11313
-305.1446
388.57
-429.54
-1666.4015
599.062
2060.0437
-310.58524
1179.4609
-151.59631
-134.48769
-507.19794
306.66846
624.1007
-609.4309
-143.88277
520.37604
785.5864
112.51689
653.9083
-546.3232
-621.4145
941.8682
-200.81969
380.64017
854.0006
-1678.7781
-1889.0339
1538.9976
-703.508
-533.31366
152.1267
819.3571
778.03357
-140.23271
1262.4999
-207.70386
-568.55145
-913.7914
-1286.0073
-1236.1615
-1056.2396
1723.9934
346.864
1041.0349
-560.4468
695.33923
871.38586
-110.23886
-669.293
566.2735
318.9535
-468.51593
529.20416
1080.4413
-309.70844
-1020.5611
-40.514027
-80.24305
1085.2043
-1696.3247
278.4692
-1520.8168
-409.92145
-1244.7339
269.5268
321.48773
-1055.604
1199.2491
1076.0475
1013.20703
-155.13347
-11.692558
450.5757
997.32983
1007.623
-1219.1735
-1430.1681
-787.07
1543.3712
-270.74762
-545.6806
206.44781
-880.9414
135.8073
-972.3052
104.837006
373.6321
-142.47363
-749.9429
-502.59076
-494.6816
-856.7858
344.98767
-1005.6708
-647.13477
-215.64758
496.49942
-237.36984
-1453.6477
216.73149
-179.76471
-1597.0356
-145.94666
516.2859
-1007.77075
1875.1757
-882.15625
-397.94986
-787.4833
666.3121
-170.38159
-24.222582
-1132.3596
-526.61774
18.833889
627.78735
1717.1941
-423.106
532.0959
166.03464
714.6689
288.96698
-343.4342
370.20483
-1615.1754
915.13605
1167.7874
-258.8496
657.65674
32.381542
441.3403
757.0241
-217.06538
-763.0708
-824.6368
266.52365
-50.127735
2548.9214
-289.1603
398.2009
293.7919
492.01047
-738.1638
886.7995
185.30037
-932.91547
650.14014
-125.68652
-119.73036
336.9394
1043.8531
544.3106
412.51105
-856.332
-650.02734
282.03632
-897.52295
97.60311
78.31975
1544.8698
672.168
-1047.88
-72.80388
1158.5747
-272.6439
-592.3523
251.97339
1394.0117
-28.102966
-1566.6444
-275.15997
-302.5596
-693.0463
1244.1942
-1213.848
281.05997
209.06085
-1290.2463
830.94666
676.4475
-1120.8628
-1247.2931
-767.1057
380.9711
20.380312
413.11914
565.2799
901.335
-589.5333
-136.96617
615.8099
-1144.249
565.002
1472.082
-882.0152
-414.4629
-589.251
-283.53934
-2680.4717
1791.1791
773.97375
-867.7734
1380.6871
392.76923
753.08856
-570.2977
-707.387
1030.9629
398.25513
-670.0922
400.04056
1071.2628
306.5908
194.27092
204.3061
-174.32643
340.3705
-73.39271
-843.8838
-1353.1045
1304.7012
-466.67752
543.157
-538.9811
-629.692
333.0719
46.913033
-267.93414
-1530.4352
85.68143
-433.97733
1468.7996
-197.9412
-171.83147
-880.4723
-1111.8583
-1805.5403
340.0713
600.5729
-1255.487
-1222.5322
1254.6547
728.5584
172.05519
1441.0605
182.23495
176.83669
1068.5659
-835.3644
42.694748
-271.60318
-986.30396
437.31424
221.48793
1598.7618
-80.57158
-1896.4863
1408.7021
-344.87646
-111.708855
-117.93024
406.502
425.19415
184.83914
1749.058
-657.6475
528.5854
2098.8376
-1149.6615
-753.1977
807.8206
727.50256
-1025.1569
254.03275
-485.9116
-656.3913
-571.39075
1475.5482
1857.2804
1119.4125
511.29742
1535.4391
104.98006
-88.692825
860.4157
1240.0303
-252.77473
-302.27997
455.5661
101.95363
-52.474777
-650.3701
-541.24365
701.5483
-170.81929
191.15283
184.56349
-545.0014
-1081.504
1815.7178
-876.2184
-982.9582
-475.68866
-314.08884
1496.1117
547.3581
716.7305
-68.5973
532.91754
713.2794
664.4836
984.2463
-169.6249
-465.70633
373.7838
-312.04413
183.81386
1559.9935
1154.7555
1680.4856
-1287.5929
882.6005
2228.4548
265.28394
-679.06036
-284.71252
432.35022
748.1017
-881.83386
2014.9005
407.55017
-1169.2402
-308.51437
-1864.3893
1120.8868
1591.4523
-1054.3563
278.1934
-1201.958
-609.08276
128.3163
-108.13078
196.09677
-1006.34143
-759.0227
-192.07205
12.896147
843.6093
-955.3209
-928.15295
1359.424
-2334.8162
819.5145
1035.0055
-323.13556
561.3097
17.314201
-417.426
678.2416
-193.73839
-141.74353
1114.8531
1065.1267
-237.30841
70.898926
-299.72473
707.13214
-341.1314
-699.313
1187.7395
-31.903
-295.57336
1470.0449
-521.2816
-1387.685
-429.3212
-1376.4543
-698.3977
-1298.4469
341.8301
124.721344
475.6402
252.12561
-591.9447
-1025.5592
1306.7542
-923.46326
-2112.5962
-506.05948
-316.78946
1367.8481
382.22852
-354.04834
668.5517
-715.93427
722.6083
-138.81494
-907.31793
-68.36343
44.863983
664.8768
-146.96843
548.5203
358.3531
-497.6724
-309.1865
-57.9109
464.43127
865.3314
812.32684
-541.8292
-432.13385
314.8407
493.222
-737.2663
748.1964
-1247.1119
417.3796
786.0946
-1350.3812
-259.08304
-1982.6947
-617.5493
409.1544
1300.6953
-1207.2272
203.87173
-749.80133
1249.5227
87.757866
-523.1501
353.68915
-1118.5798
171.39499
848.209
-2608.8213
820.94415
120.56161
