-250.84114
265.28543
24.309452
474.164
407.2489
-22.859444
83.54535
78.4244
329.64688
441.15482
-20.237707
-721.88214
-522.14075
177.70479
245.63304
-719.9922
73.96752
294.80017
91.70616
-44.067177
568.8268
-33.34514
-105.92475
350.7689
-339.66547
-124.18106
330.27792
-156.931
177.80013
-43.855488
-94.3198
-120.155014
-310.62524
437.34445
582.24414
460.52676
183.07707
184.38957
-589.4471
-547.7975
-473.20273
-22.409882
695.98627
-53.783154
367.6906
74.939354
395.23154
-35.945133
-198.95592
24.4514
-423.01553
-94.92206
-201.15088
73.12555
127.5348
292.134
858.13275
126.88044
-141.68091
100.31586
-363.3883
-138.6086
640.38074
-231.79588
266.01263
441.7176
362.84006
371.80713
370.44427
54.41527
-205.313
166.65392
-42.03159
39.49768
-116.02873
-345.26328
-272.77203
-199.21358
424.93683
249.49023
-556.7321
260.73282
114.573364
152.34868
-470.29788
292.2376
127.592094
274.34824
360.44803
230.26535
392.83707
78.429245
1322.961
-825.15186
-526.9576
499.95993
-96.45704
52.769417
343.88147
-82.358376
-314.1382
-289.34326
79.18729
-332.65387
-787.19916
-82.58841
250.7243
377.22742
-655.7485
335.51688
-723.3463
-273.09222
643.01
-361.04086
-79.24225
-102.170944
-140.9329
349.14993
-287.13254
-281.55563
1047.564
486.38742
-157.80629
-666.27124
-348.95847
117.35982
-507.57202
-196.19011
319.31998
-130.34952
292.00925
276.59998
-554.44415
-12.832049
-405.18832
271.1001
220.10939
-422.20352
-79.05934
-242.51894
-15.046694
204.99709
-410.5395
-387.70416
317.47855
-115.73914
468.90912
-30.70944
55.609634
-125.98719
-79.137054
203.49242
131.2891
-211.85893
-365.84534
255.71968
-179.44154
-285.83035
-397.90002
-54.749332
-36.862415
-294.5818
66.05822
441.97403
-229.28506
-100.091934
-290.08023
-341.0331
72.272415
-441.58023
-104.028435
412.42255
73.544815
437.66995
-435.65472
164.50436
20.270224
259.47345
212.8899
-279.87042
-348.8508
12.817171
-355.93207
-233.08939
-385.93576
90.40281
507.5547
-67.56586
31.232502
693.8476
-88.50867
-137.94359
-277.0144
637.9611
521.4902
-595.73535
-281.5031
197.31425
-610.6002
-22.58859
-68.89735
98.53735
599.349
-22.771208
17.614012
581.089
-107.218185
172.0392
-742.04535
-424.0891
728.17377
-235.03552
-646.18933
-24.383474
5.5890408
410.45575
-401.33585
428.2174
-406.45688
-536.1425
148.17471
126.70449
178.87848
-926.27814
-217.23878
126.229324
-111.26008
202.76016
258.1749
-364.0409
251.60468
390.30545
-68.071175
-163.97063
541.91473
-407.34796
-157.37315
226.63246
51.256336
-275.3564
-149.97305
106.09239
-169.54976
-594.05304
488.2495
-115.77631
-146.81046
225.85506
-270.23083
-105.96181
-701.58997
397.55978
124.803024
497.5999
406.31503
102.136345
158.26706
0.0868516
-348.83865
26.274643
157.43657
-212.14363
-152.99477
393.69046
-57.460106
-642.5627
-346.75244
-312.7875
119.844955
-156.70389
165.78537
-237.73657
574.0413
58.752094
-236.7447
-412.59927
31.653515
-17.713425
342.95544
-225.862
90.8169
-321.7126
33.785095
-238.83475
270.73248
272.51874
-358.66183
-577.4657
-126.24207
-156.3653
-3.9715207
-464.7037
563.83124
673.8732
25.098272
17.4829
72.014725
-148.53133
-133.03177
-476.29803
-234.2441
639.0309
-525.52313
-695.6207
124.378586
178.78336
281.9538
-299.64847
-303.97226
-113.1356
-329.7826
43.51194
-139.88565
396.91183
-641.1214
333.68344
-83.85301
268.15836
-105.415886
-269.4755
-103.30484
135.37657
-735.2958
-554.82007
-177.22743
123.51302
-154.41486
210.2714
-284.8821
489.2245
-1021.3014
201.55873
-60.319244
630.82404
-34.2675
314.83096
19.41223
11.220799
-220.49677
448.22177
100.99433
-11.550932
-316.8663
-105.656715
-498.03186
58.71472
379.0682
220.28075
-16.761427
163.65642
674.068
-19.853985
264.10434
-154.74156
86.73412
-422.0985
51.757927
385.0407
-380.1853
-165.89459
-304.79535
-200.81877
-298.78363
-117.19768
-461.94406
132.75273
-704.67285
445.06924
48.015736
387.9958
264.0011
-4.756878
299.5677
347.0521
557.7271
-263.42825
-621.84314
120.704895
-327.8018
-742.16974
-5.66778
-235.9149
-149.71252
-263.00784
-508.05142
413.0303
-140.05861
-326.4725
607.79193
552.5089
413.34637
-290.90106
-50.811607
86.08117
42.61465
-280.1184
191.61111
604.72656
-165.77203
179.42589
34.263798
33.33249
266.96036
623.9094
-47.94802
125.62626
-2.9680839
-255.81068
-449.3732
285.9414
78.82667
401.11002
223.03067
903.08496
-217.05817
-12.285716
406.8251
43.887577
-152.29214
-250.29012
221.14705
-61.33782
307.2293
227.17761
207.13647
271.65686
-323.6054
271.19324
-479.65704
-268.5887
638.8716
-446.25885
33.5926
-97.67366
83.99031
310.16257
-122.353584
-167.2067
-3.9654498
82.30935
-101.80386
319.58215
408.69476
-477.86438
-9.3045435
-608.29016
140.57083
-24.186096
763.6959
-245.78723
236.57147
-14.996015
-264.39145
112.71757
-102.19306
417.5842
-302.0634
663.4542
-230.6096
-183.68314
-156.85608
179.56621
506.67343
173.25139
-538.76984
-477.71536
-73.05977
870.3207
-300.6576
-391.42578
-493.6972
-68.02231
-118.40961
381.59357
-197.76814
-619.5917
541.264
943.4078
-279.724
-59.083633
219.88797
340.34027
-575.5303
183.67293
-165.13219
-405.80408
-221.18085
-362.31622
564.1167
54.19762
-462.51196
462.9155
-128.17796
-92.93044
435.32642
-93.77571
-99.95537
-262.8582
100.15973
-346.96674
27.049538
14.144043
-261.2788
183.41225
-306.2787
98.50608
-315.5551
-583.31213
371.36447
-19.8753
3.3072863
202.96588
95.64588
-416.07498
349.75653
-170.71063
-250.43192
94.31283
208.90057
281.396
719.0069
-44.68173
-287.48148
-109.29686
288.49283
-398.53775
145.60677
327.5274
366.60242
104.0879
-288.9898
-408.47903
603.09076
423.48166
-381.95636
-292.66486
330.59824
617.81635
-186.74629
664.13873
169.25873
-472.483
515.14404
108.919395
-36.730556
138.96213
-521.69543
203.01326
-295.53656
110.15654
500.51974
-360.95157
-88.61723
-509.00586
-511.87125
75.436165
145.22272
137.65564
88.165276
-361.52747
171.17058
-853.6703
267.35962
427.42776
-150.98087
-24.93377
569.13806
165.32701
55.496544
206.8035
-132.25616
-292.86166
499.7292
53.152126
681.20544
-122.63479
21.44389
-195.68907
418.69357
280.02057
174.04025
-73.10274
338.9391
-44.456123
-454.13867
322.07495
-418.66562
27.722576
-632.67865
603.5865
231.83124
19.08039
635.81946
-518.4951
-200.80122
351.628
-188.87686
-41.936302
74.09539
422.75568
-572.9772
117.45145
-28.832531
574.4159
115.15605
-266.2462
58.785553
-346.8702
-167.10359
-221.42343
175.06876
173.99188
431.33142
-281.84415
79.17249
81.43887
-133.89537
334.67917
750.19446
746.81104
-30.590273
-66.94236
-293.89142
405.7143
-2.7435274
-55.88912
-196.64949
220.66028
-390.74237
-287.26926
-26.16214
149.18465
-310.75168
166.50919
434.03506
289.1006
148.27003
-512.2846
70.28295
25.027985
56.125576
-220.1548
-403.2973
7.3272486
467.1827
-705.8202
-48.370457
40.129055
