-346.64706
873.9003
47.482063
448.02966
604.8507
294.174
61.512703
337.20273
-104.673935
-154.39128
229.39565
-1563.2915
-10.120571
-279.47675
-79.885765
-957.3244
33.767056
731.8416
173.09567
768.71423
46.124565
-1436.1372
16.342701
-89.11412
-312.10803
-344.40936
-7.035421
-249.0522
-519.9133
225.24344
-404.7805
-313.5353
-78.63224
1072.9583
679.8413
1142.3716
675.9167
-48.93916
110.493454
-400.82114
-575.9575
-454.99597
-250.30287
-8.933306
388.9903
319.39545
87.16963
-655.6397
-525.16504
195.89856
-456.10532
348.32367
-286.0841
-489.44434
603.96484
293.0112
1739.6417
-548.5758
-85.32871
-59.435913
-238.40654
413.24783
441.68585
-203.45929
-163.7298
-104.18768
-135.83087
21.142986
1609.2476
419.31378
-335.25797
482.00952
-305.68655
336.06537
-81.082085
-501.53632
-420.20062
-387.19415
-63.115547
227.44449
-377.08728
-348.01755
-834.6708
-315.45187
-768.1891
792.84595
-1040.3002
1207.1304
960.8125
430.26132
-530.6947
156.77013
881.61536
-554.18286
54.775646
229.65382
539.94946
655.875
681.5268
407.5902
-784.73517
-220.237
-415.04318
-391.8524
-1145.9591
184.7622
1203.8843
1173.9534
59.52659
-164.7075
-713.5012
270.09253
400.0011
50.23663
781.46265
297.72537
585.3883
225.09497
217.85043
-1097.684
1108.0183
53.64034
290.1702
-453.4017
281.15167
345.31973
-821.29004
-285.2839
788.4738
-227.89238
-104.26642
573.7554
-935.1836
-67.77167
-518.8161
149.75223
-436.22617
8.646199
483.53674
-169.05493
-157.65205
-107.505394
-1730.4156
-1085.3336
-822.2107
1242.169
439.49667
590.3731
99.637726
-250.62604
821.0859
943.46564
90.065285
-388.02335
31.037926
115.96508
-814.45294
180.154
-1468.4006
31.736128
686.1283
-1032.56
403.71674
-263.34982
742.5985
876.4085
-549.25665
466.04526
545.6257
-1116.7758
-521.15674
-46.69015
262.9298
668.6655
227.8281
241.6581
-10.872479
1260.9475
275.893
-880.11224
-135.69409
294.0312
-656.89984
-132.83723
207.32477
-1069.3011
813.1932
-648.3179
-990.2066
1629.1907
121.126595
-670.89276
308.2629
1277.5608
333.5176
-493.3205
240.84059
-347.88892
-94.702194
-590.882
-348.62097
1450.3411
205.00375
397.9689
-379.46368
-117.6225
-65.65672
-96.11368
-821.60626
-615.1736
288.6556
186.67503
-756.24646
-442.05142
1149.699
1536.8793
-282.05682
1063.8407
-288.24777
-148.26897
-30.931961
108.74567
508.7662
-1365.9956
-759.8012
810.16693
-567.6635
307.16156
857.68134
-331.85724
-152.79828
1200.3175
-594.41833
-436.26404
174.75093
-604.9998
-269.46793
401.29163
-831.04333
138.66188
-532.65234
334.74945
259.24918
-411.33484
799.0186
-733.6305
-281.26514
70.3549
-1780.243
53.21996
-629.2937
1254.6274
244.24826
685.24963
341.75406
-223.34233
395.32562
-71.80384
-430.56342
568.6666
225.26593
-426.17313
-263.5647
-96.96585
-307.48666
-339.8694
-410.21384
-80.606895
-280.93082
-576.23364
271.23367
-1198.7203
594.54474
-349.6009
-65.25736
-341.74884
-328.77597
738.0256
1177.9095
479.1098
-384.2796
74.71159
520.63513
283.70523
786.11743
-208.33994
-1023.2907
-1091.6425
416.9392
-59.372498
527.1333
-101.189445
-194.77592
488.43723
-505.36673
162.89992
574.9612
-686.2322
5.291193
-141.45216
17.302347
197.4879
-836.42944
-1153.6548
-834.01776
-166.73741
621.0746
-452.34714
-582.67633
-283.915
-181.38974
-441.85297
-241.77376
222.31538
-584.88214
231.48483
-548.5656
-1001.127
-664.8645
11.60289
-498.45114
202.67072
-636.24713
318.83524
-313.7672
1301.7983
633.66815
-253.98834
-111.74199
429.6663
-575.2227
317.9621
-125.693245
1195.8572
-785.40576
588.4147
619.9444
212.04976
392.41327
1175.1876
336.3429
-283.34808
-1191.8224
393.26636
-1130.4055
433.49533
-90.80888
1473.0625
325.97192
873.3584
39.632755
701.661
181.55428
-499.34167
432.19037
-266.24152
159.33353
-35.69678
-700.73535
180.45598
214.35326
-244.08957
542.67377
-501.96884
-804.00574
217.44237
-901.7276
236.02852
-54.59229
970.94867
168.53745
-367.37344
491.0317
306.11246
1189.4993
-444.65863
-56.168015
1146.6217
-104.61669
-947.11847
84.058784
-387.3633
-574.42456
-170.19595
-837.4911
163.68636
143.56947
-1035.5096
212.21779
318.4707
-233.91597
-6.681173
-136.4356
100.31646
36.935303
-567.70746
-17.54504
847.92035
-958.59143
564.95905
376.07074
-386.61356
700.553
857.45734
-399.13223
-145.95358
-484.31897
-431.4479
-2038.4323
1097.8091
578.72217
-58.62426
438.72043
819.56744
508.81534
-943.5495
94.296234
22.409616
-29.335804
-712.09515
402.54984
181.20218
382.38196
254.50581
596.7394
261.30853
-277.3788
-403.35712
-721.9341
-469.45667
806.44073
-545.2199
214.88277
-664.79065
199.79808
456.06067
-638.7893
-113.61342
-490.29907
-400.39624
-321.9007
671.033
534.0398
-190.99971
-262.1125
-715.9657
-325.29718
-203.76347
353.2272
-493.69434
-379.42145
485.10635
-123.24453
190.72491
522.6637
192.6397
-955.4525
115.97328
55.479904
-588.78864
351.48962
-72.9363
-84.29535
1140.4222
695.4631
-502.6498
-1720.2941
702.3625
-52.03557
-16.196815
-432.4591
-477.30817
95.73299
424.94846
880.3464
-696.8385
619.9626
1091.605
-369.6191
-440.59775
631.47754
252.30423
-1022.0629
-323.8676
237.58043
-907.52924
-884.3066
675.5861
1493.7827
244.79716
-114.914024
806.8949
484.357
59.385715
47.46475
-122.8967
8.012358
-76.283455
228.44412
133.1705
825.3946
-367.2635
-1431.185
610.23627
-313.09457
78.768036
-553.2318
-141.9909
-440.5643
244.41084
-303.93787
-160.75603
-199.52821
-663.1294
446.71262
-662.3539
18.063911
-46.37362
836.9443
36.126534
983.2909
561.2094
-239.63475
-425.21695
192.9186
-643.32355
-692.9749
857.64417
689.0205
655.8815
-887.6626
255.37529
1320.6304
78.37582
-205.02664
276.02417
-40.987602
484.86746
-1097.7115
1116.2776
-397.41034
-528.2938
-296.90106
-88.20359
420.9059
1282.0516
-286.94144
-503.69586
-831.05133
382.5851
394.6883
601.7051
-3.2748287
-86.78471
-1212.6438
86.3634
23.75134
380.92856
-369.22836
-231.51495
1239.7167
-1206.9908
846.2541
857.51416
-902.035
-59.245075
474.92786
-772.3278
516.34686
-222.42365
-319.80682
406.61533
404.72482
860.6317
261.12747
890.74457
262.1211
101.90976
-183.28384
521.43994
816.3458
61.582108
963.35736
-47.530087
-1390.9563
-105.32304
-1522.9954
-784.19305
-1562.9984
357.34302
40.48214
108.29155
644.4291
-349.51074
-845.35657
463.4951
-266.53555
-1394.5095
-164.1734
446.87567
-249.60774
360.0658
-308.76752
827.59204
-687.8942
-202.12456
760.2618
-793.54047
-17.630333
-396.33966
744.83136
313.22092
555.54095
323.5915
-98.75442
-470.57773
33.806793
608.3389
1033.1184
1089.8594
-221.48611
-796.48553
417.50308
74.922165
-1062.2971
334.5584
-745.0445
928.6049
-474.34753
-484.38986
-620.01843
-751.5534
-209.65616
620.1521
922.31036
-642.3183
387.1656
-838.8242
897.3606
166.46051
150.58733
111.120895
-255.94444
-125.780266
636.6238
-1550.17
263.9984
103.53756
