-452.62988
809.2687
-72.18085
541.0451
426.95084
383.38504
161.68036
196.07948
-38.443134
-144.08127
332.5102
-1576.6968
45.10024
-127.143196
-140.53693
-1083.7468
-53.724842
753.1141
169.12633
683.5754
-12.32125
-1234.8967
-13.408461
-4.5175457
-404.187
-390.39313
-8.78123
-36.02675
-695.6086
-45.21458
-404.5945
-516.50793
-78.344284
1043.0045
562.18005
840.6269
682.93024
-76.93538
133.10403
-688.2048
-571.2307
-770.8655
-152.89534
67.58355
392.10443
327.51163
160.53874
-344.93146
-365.1672
417.03827
-191.46933
514.5009
-326.3549
-151.68799
555.2705
368.24213
1661.215
-632.37756
-172.70602
-45.041927
-239.51659
647.13666
455.18652
-405.92056
106.2199
-90.58181
8.723831
-2.3585615
1412.925
309.34198
-57.8843
311.1365
-200.4612
195.00642
78.99839
-502.68805
-424.07233
-247.59415
-151.85596
273.6217
-639.53796
-178.95389
-646.21545
-388.873
-729.3929
730.14294
-955.89764
1297.7717
909.6632
263.80746
-548.33435
262.2557
844.4026
-896.4594
-268.02274
453.45386
655.27435
716.7616
605.4635
407.7451
-899.5459
-421.34863
-207.21725
-429.92038
-1084.9802
138.21655
1438.0933
1224.3107
-96.74093
-161.85112
-715.1832
190.74655
393.8709
90.345924
843.0975
127.0672
491.69922
312.90378
204.85707
-1035.4093
989.9912
114.2272
308.05777
-546.0123
171.31796
460.0793
-868.44214
-448.33243
812.3236
-134.605
-75.55908
442.72958
-918.63464
-93.164474
-458.7165
420.8413
-331.12244
-105.04564
316.5885
-135.49774
66.35339
-99.7865
-1731.3665
-1108.9769
-762.34985
1057.4924
542.91797
752.56775
104.231575
-364.5937
720.64056
966.6839
222.80534
-305.86725
22.513285
428.16745
-718.735
148.2495
-1567.1492
97.7329
554.0381
-1080.4878
324.59714
-20.130655
709.6774
767.1513
-654.434
564.7642
515.055
-1230.6162
-323.9777
-267.01007
471.49805
402.35068
232.24954
291.02054
11.822764
1191.1774
200.23988
-904.62103
-55.003048
176.74686
-440.1219
-74.98507
170.73329
-1059.3246
798.9375
-863.8755
-769.002
1593.6571
253.27715
-470.54694
178.5056
1269.0818
533.9379
-563.61584
298.01413
-329.5904
-141.1613
-360.33163
-64.31208
1308.8838
261.45883
165.50192
-246.96774
-176.08131
-57.21341
-216.44363
-723.1138
-667.60443
558.26306
366.6189
-912.80695
-509.84372
981.30743
1430.5325
-224.51683
1024.4348
-197.73164
-170.74608
82.51503
267.634
771.764
-1227.0664
-1087.3596
569.1908
-787.87604
85.896576
643.3195
-392.64258
-166.84756
1064.5648
-234.05325
-675.5396
120.164215
-733.9949
-18.810825
438.2535
-717.18353
-82.786804
-424.70306
567.8185
16.02666
-340.2585
762.2928
-686.0591
-474.67575
232.36029
-1614.4144
190.20415
-588.5665
1308.9177
189.47014
517.16907
480.79276
-205.88957
383.21338
167.45744
-527.9116
673.2254
250.65462
-346.96902
-276.10794
-175.30826
-45.1311
-387.31937
-382.3323
10.318734
-434.782
-374.6397
211.33261
-1388.0211
712.0313
-321.1739
-76.2621
-302.87756
-323.96344
527.82416
1144.2115
460.8926
-279.2291
29.99648
443.9894
77.52185
687.1768
-449.7894
-873.0575
-799.875
550.4582
-26.704649
571.4629
26.842752
-94.60157
618.31635
-409.8408
167.58559
633.06384
-785.4095
-76.261826
-94.86389
28.047695
298.10712
-688.61066
-1012.37085
-700.27826
-223.0865
514.9687
-370.33127
-458.54358
-348.7661
-89.691536
-104.024124
40.033062
152.95029
-488.064
124.67867
-421.64645
-768.6299
-483.26498
-30.66685
-534.61975
181.95218
-552.9323
343.13156
-626.4955
1397.9135
647.7879
-264.26724
-80.29187
482.85822
-822.92224
88.725975
-147.61101
1144.2549
-760.3954
827.6617
500.00394
230.62123
379.31268
1213.7152
224.20619
-500.5695
-1166.9847
352.1743
-1036.1418
389.6773
-12.235853
1193.561
308.38165
777.4811
-71.161674
387.61493
175.49033
-224.31009
348.9379
-223.22585
-52.91985
-100.89718
-606.65204
169.97102
64.622284
-180.10263
556.22205
-589.3753
-863.4724
181.3183
-649.17474
146.1471
-149.84323
904.84784
142.76869
-601.7987
462.69638
273.16263
1162.9543
-343.52606
-52.37497
999.2867
-320.42746
-1053.9719
140.74135
-329.3126
-615.5597
-197.57854
-934.7397
101.71351
0.34487987
-691.7113
274.36154
303.4544
-39.862755
7.037368
29.226383
-90.19119
-121.8249
-333.94345
216.02911
916.34845
-893.39325
635.01416
485.38647
-488.447
961.52576
933.2258
-533.9043
9.518574
-390.3326
-343.42358
-2055.3247
1132.6515
509.46368
-65.84441
385.6526
653.47815
332.39526
-660.12415
39.53786
-95.837654
-89.57154
-797.6538
206.32547
4.7062798
272.4858
-1.0309917
517.6536
191.9132
-103.65867
-371.5342
-877.15796
-404.29822
789.0989
-641.1437
419.79434
-701.75275
-43.03448
308.67532
-672.7527
-51.188854
-259.57928
-487.0222
-342.62714
802.71515
635.22034
-199.73843
-177.12659
-843.8933
-327.47226
-125.83187
255.4502
-606.3088
-331.60043
477.78302
-289.02277
298.59427
438.62885
171.11043
-1004.4604
238.19154
-22.72708
-715.99744
215.91048
23.523071
-103.452415
1336.2861
612.97455
-531.0593
-1576.8265
761.7397
-59.999527
-3.7767484
-492.97076
-405.59448
70.75853
457.14166
779.51166
-742.0969
742.5992
1234.7019
-372.96643
-331.5447
426.38257
91.1089
-1011.67096
-287.69266
-40.105137
-908.10583
-805.02563
667.49866
1367.2592
354.5182
-134.18811
885.46423
286.95477
-154.86656
76.16287
-155.89488
-146.22018
50.24776
238.03622
67.96098
678.04395
-524.20856
-1376.3196
585.5099
-329.70023
83.99628
-454.50266
-242.47893
-477.44412
154.28757
-397.5392
-134.63416
-187.45468
-991.9267
455.74533
-533.2397
-105.71524
165.92052
856.2873
-87.58202
962.0491
536.9128
-188.43802
-339.52686
186.19455
-597.793
-720.5246
802.8269
809.649
634.0202
-798.6077
197.0409
1289.6095
-110.545135
-357.7017
232.5819
-170.23505
594.59875
-1006.8091
872.5838
-272.94885
-551.94745
-322.11746
-37.10633
362.8812
965.8506
-309.95322
-618.26843
-778.58606
246.12234
336.76172
610.92596
25.746597
97.308174
-1245.0166
135.40665
76.4178
336.01123
-272.52905
-218.06116
1038.1846
-1145.8513
858.27765
732.08203
-876.02966
-214.63882
431.87662
-926.6339
338.38364
-254.78801
-383.3463
303.922
341.4699
881.7952
218.3438
820.8878
304.1635
223.37354
-78.03691
433.18433
765.99005
-144.41109
1118.7632
-257.93204
-1280.1439
49.915302
-1428.0016
-671.01843
-1653.405
501.72574
-106.020226
-7.7697344
697.11316
-256.40347
-1002.9258
554.42725
-200.51425
-1151.9872
-267.71725
589.5673
-237.5914
307.20532
-174.01984
997.4369
-823.2571
-192.30846
834.35046
-753.7285
-87.54619
-303.47766
707.3742
352.7907
702.6312
228.47531
-173.84778
-445.5353
196.70384
611.8673
921.8627
975.05994
-353.07474
-680.8344
343.95673
-38.3993
-853.51746
473.92047
-673.9457
1144.3113
-326.17346
-332.6831
-149.92326
-797.75806
-129.30603
600.6572
736.3529
-714.8316
277.29385
-778.9379
698.2243
187.75238
40.838253
226.80078
-254.12833
-318.0589
456.68668
-1380.0667
186.8327
282.07437
