-340.93396
837.6247
-57.999973
557.1089
166.17944
446.35126
197.91214
385.30872
319.51843
-213.6706
464.8187
-1558.6976
-3.4068766
-101.024864
-259.55148
-911.3463
-237.20369
686.8088
90.11086
518.3213
-3.4906614
-1163.1361
60.27879
132.98488
-438.1309
-334.61658
-255.52345
47.330116
-431.64966
65.912224
-414.90277
-526.47577
-202.88885
1130.9984
638.6173
899.7923
553.68207
-63.215252
-35.569443
-509.39722
-475.5911
-823.81476
-160.5644
165.7804
288.67947
277.60657
91.54577
-469.75793
-368.6218
399.03653
-367.87164
495.91458
-474.91718
-141.55585
516.70325
444.0039
1555.1027
-747.5517
-465.5126
-64.91396
-183.07129
611.3249
462.66037
-399.9099
324.38153
-102.38298
-134.01091
-96.22697
1061.1459
372.30472
-200.39621
161.68028
-297.4528
318.93274
25.642262
-218.31285
-298.20935
32.432
-193.82635
-13.961657
-647.33594
-227.11476
-561.59717
-540.70416
-742.4539
890.58185
-598.7269
1201.5485
968.6683
271.25995
-334.41022
438.9466
946.1808
-890.76526
-285.9579
346.28345
468.6866
549.6192
470.04672
448.78384
-1032.9102
-335.4639
-268.16678
-181.42798
-1295.4927
78.29269
1500.4153
961.58215
-178.65004
-88.459274
-819.6584
37.453506
505.9045
50.573753
480.9193
-180.63203
190.76746
449.41974
249.1007
-1196.8298
1043.338
60.60225
301.4604
-582.42584
9.34885
341.80624
-812.17926
-477.8349
722.16614
120.47592
-2.3261962
496.15182
-872.18677
-265.0765
-678.0661
599.1642
-578.5324
-115.58849
226.60689
-203.37062
96.146324
-238.3096
-1557.4415
-1040.297
-544.06396
913.1746
700.3139
944.57477
94.53347
-501.44397
547.8066
941.4721
269.7892
-391.31885
-183.3702
117.55291
-777.08215
-87.157166
-1428.8466
322.86435
549.53845
-965.8161
326.31555
-84.456505
352.7578
514.55707
-755.3873
434.3298
589.3232
-993.61017
-452.39368
-143.20152
494.85617
406.0932
93.04156
387.51736
6.6295457
1161.5793
276.26718
-1000.7538
-351.10538
56.95332
-301.37274
-63.46276
367.88425
-782.68787
866.9281
-518.2767
-787.3656
1412.902
155.3467
-425.13013
12.374104
935.3806
606.1436
-147.44913
175.9975
-323.46878
-33.550125
-438.55807
-330.10727
1115.8517
-47.754406
304.27716
-289.82315
-59.30598
98.38405
-200.9229
-705.5653
-676.13416
667.00684
177.25761
-995.2513
-547.7819
831.9831
1402.7871
-476.44913
1139.2726
18.636883
-360.20312
109.67082
455.54877
644.844
-1297.7883
-996.22034
653.1517
-697.5136
185.32928
505.3739
-503.60056
4.2905
894.46
-0.13320649
-576.0688
90.20771
-687.0402
-104.95168
312.72305
-771.3165
10.640664
-577.7741
459.79883
153.23425
-441.50668
677.716
-669.5484
-509.4004
93.19364
-1395.4268
-117.60699
-606.128
1355.219
-10.78499
476.53198
357.97284
-53.94579
249.78035
-24.699953
-573.0364
643.69415
211.25131
-521.5802
-481.88596
-270.64047
-97.4063
-662.0989
-512.2128
-67.49402
-443.96167
-446.49957
-74.32868
-1318.4635
548.02625
-137.56133
-82.058914
-473.59235
-157.24818
541.3844
1059.6027
228.12624
158.20847
102.82673
168.45131
37.908226
736.20233
-467.5968
-833.17487
-569.3908
374.2451
78.76853
295.61673
83.28422
289.1989
812.4554
-315.45013
304.84317
642.64703
-754.61804
-73.429855
-342.442
-107.34939
248.72266
-817.98254
-1141.4487
-341.56424
-172.55078
614.64056
-275.6571
-242.38702
-228.50253
66.719795
90.80784
41.329826
101.92626
-618.11957
185.04283
-304.2619
-580.3401
-661.29755
-77.07021
-471.66922
126.348404
-600.9722
304.43848
-475.09317
1213.2222
664.72614
-202.1654
-105.15112
408.1862
-781.29004
212.24963
-63.783936
955.583
-942.8127
814.64325
551.77747
261.4983
434.04648
1097.267
225.94742
-113.48728
-997.915
233.97731
-883.57935
361.4946
109.91398
1284.6758
242.09102
658.07104
148.55588
371.1286
276.37646
-64.88548
107.051155
-149.94717
55.61717
-445.5406
-426.20697
71.50007
31.16512
-76.876915
430.95013
-446.70953
-928.0959
278.04535
-628.79126
198.81776
-285.8931
689.0944
264.674
-455.0942
519.3224
146.39069
1097.881
-552.31964
-69.1768
534.30426
-485.31717
-1062.2358
56.7794
-251.47386
-722.6935
-458.5085
-1002.18475
158.09488
-52.10957
-617.3526
390.9421
645.40234
-24.004711
-90.87277
-143.8429
-198.14018
-207.70955
-313.6108
248.29443
914.43463
-1073.834
459.47623
460.50735
-272.09775
823.1753
979.1863
-566.0152
163.13103
-325.05066
-316.9104
-1855.4895
937.8125
383.93243
-60.544155
488.622
558.1804
118.427086
-618.3463
241.67278
72.78803
-184.92175
-895.4004
221.4528
62.821373
188.56934
91.282616
266.17047
79.406136
-275.4819
-285.88983
-907.6238
-485.64316
767.21814
-733.0928
295.7219
-979.37006
184.1943
234.8839
-581.24384
157.11023
-213.20477
-222.58768
-213.24167
539.5362
452.47244
-165.95934
-46.68312
-610.88214
-243.50003
-184.2476
422.42438
-489.9558
-216.97675
314.29132
-235.88927
416.066
497.0069
477.38306
-781.1989
261.05008
-91.826
-495.40857
-28.580576
75.43537
-117.34586
882.6598
290.94153
-382.36182
-1293.7251
783.7378
5.040886
-51.637585
-609.8662
-301.64697
-76.40499
372.67902
777.84015
-552.613
638.20624
1061.7118
-335.702
-414.70694
460.97748
-20.204397
-982.3312
-281.25885
123.19699
-860.64246
-800.2259
589.9091
923.8701
335.6623
94.36581
790.2584
269.92102
-286.68335
-7.3004627
-385.3413
-114.633766
281.4385
88.39544
-41.20774
626.80774
-460.17236
-1344.6975
519.21234
-239.50261
157.93639
-450.73315
-162.62689
-511.35236
-91.54074
-336.84607
-82.784706
-84.155174
-887.7239
366.64212
-451.2459
-76.984314
109.99852
714.24304
-13.531326
988.00543
608.8576
-114.331856
-302.52194
332.7621
-358.32407
-506.2584
770.03076
762.70807
647.75946
-847.0056
185.6139
1313.975
161.73338
-308.10626
93.50077
-82.99716
474.12497
-962.24994
830.66406
-303.26953
-307.33597
-313.21057
-30.672394
179.11163
740.7522
-151.43304
-492.63095
-823.89014
138.71619
274.39908
727.35236
-104.00517
160.60057
-1065.223
237.96548
-108.999664
328.21375
-80.821106
-164.34448
799.424
-1284.117
913.20667
829.35626
-581.0421
-323.5576
307.0071
-768.07074
320.35495
-478.99832
-231.84622
381.05902
319.06384
792.7773
236.38194
696.849
75.63893
360.0574
-48.217133
329.6438
770.9515
-104.9773
1355.2098
-360.8956
-1391.3647
-121.70449
-1143.9062
-638.19696
-1434.6122
614.3504
-167.67924
71.99169
711.50073
-12.757655
-933.40533
580.2781
-231.37361
-1056.4731
-277.06467
666.2327
-496.5059
151.3786
-241.85854
1291.2666
-1001.8734
-146.6217
619.55884
-425.8543
60.073586
-166.1021
488.33633
358.79712
818.7059
288.4178
-135.44922
-602.51416
59.55422
617.2173
1030.6815
1177.5614
-299.7575
-634.3691
262.03848
63.52315
-584.10394
575.72235
-599.701
1148.987
-415.6222
-482.05612
-134.83742
-694.038
-85.403305
405.96277
743.506
-613.7883
155.26343
-722.9344
892.33795
274.57974
-212.20975
266.04663
-299.5377
-373.11353
477.94998
-1472.5547
212.25673
193.22214
