-400.51953
575.75055
810.7698
323.8317
1100.6912
1018.8185
-855.2811
804.9232
-106.9037
177.86412
-656.0242
-1445.0479
-804.80066
-1018.0503
-568.06976
-1359.5361
-1228.5145
690.0075
-200.20071
1830.2344
-84.527664
-1007.235
-129.93541
-121.718834
-1061.5951
-17.577538
-847.55994
-115.7849
-951.40295
176.14081
619.70984
112.43559
793.0473
1852.7017
1712.9922
1055.8419
-169.89136
-622.2021
99.281494
-470.45023
-777.20544
-728.14087
-423.89008
348.6091
781.1183
-493.901
-199.1066
-960.4039
-854.9441
360.8587
509.33133
-30.102446
-181.8053
-1436.2372
1572.6683
-326.48288
2099.0125
-47.922535
589.80414
-67.51104
-174.99565
-123.89039
457.38898
-637.02386
-199.80316
112.79204
-262.02573
377.47412
1720.8298
36.432507
-417.2522
-89.419106
-51.452324
-405.92758
428.55478
-1489.6022
67.41704
-1490.8964
-267.27408
723.4526
124.80446
-759.53217
-861.7264
-1022.92535
-638.64056
2331.1946
-1174.4164
1270.9574
1419.6987
963.4892
-504.88293
266.86343
949.8495
356.15002
-521.6196
40.79134
1270.8981
1000.76965
901.4543
-11.244029
-1059.0884
682.3394
-1138.5336
-336.60782
-264.98395
-2.1155443
-104.91752
1419.944
-18.300554
-831.6813
-1706.846
1259.7559
150.62383
-475.29263
1070.4071
-33.605766
-598.84784
515.21533
-641.4143
-1849.2744
161.06517
663.15967
229.0215
127.825294
63.67962
939.9179
-685.12366
-892.2573
1023.6797
-486.71646
-171.93738
-39.04084
-682.57416
-705.0674
-340.95688
-666.74066
-276.25522
710.3802
442.62482
790.9335
-507.83093
452.67175
-1820.9913
-1346.9998
-368.31345
1200.5271
135.34892
1432.6715
9.94951
-702.08246
898.30347
1275.0781
-325.87216
-339.48712
335.18445
-494.90833
-322.64648
-369.2988
-2544.3916
781.1104
668.9884
-1083.8723
103.85786
76.032974
2098.9207
1007.79
288.72113
42.294083
903.9984
-1595.3066
-356.82248
-341.5725
-153.83951
967.90875
319.64487
424.80286
-149.45575
647.0716
538.9048
-1264.4362
-216.26541
577.3211
257.07584
-488.47607
-532.54816
-85.91684
1138.1859
-402.89633
-1083.8278
569.9097
103.38356
-774.3953
-173.12875
800.95233
604.47894
-629.95953
899.072
-435.66275
905.5763
297.15756
-100.400635
1440.8804
190.47571
912.0216
84.22259
923.6749
452.02274
-575.25616
-1611.7047
-451.9855
-316.85284
211.87726
-655.76697
-1605.3096
762.1463
1887.062
-250.95833
1202.989
-284.17853
-547.49036
-184.62392
27.449442
316.52805
-425.37543
-35.363293
688.0364
746.308
-15.774851
747.72614
-906.2762
-560.8764
706.2119
-151.50621
400.823
751.2373
-1258.1831
-1321.8737
1083.084
-277.71072
-286.06073
331.9553
793.85297
750.0112
-176.61769
1238.1876
122.5411
-585.43524
-692.7589
-1289.8987
-1109.566
-1001.6816
1531.5654
727.32666
759.5968
-559.5018
655.99036
1124.7903
-14.227533
-721.48425
544.4774
237.90799
-447.41165
682.11523
1002.0555
-521.50854
-771.0862
-76.723015
-6.7866154
954.17236
-1382.3057
416.12732
-1405.7979
-655.37854
-1324.9995
343.07755
420.85138
-1125.1843
1231.8685
1118.724
881.4029
-40.15851
0.45620608
589.8465
772.0746
1343.3599
-1424.841
-1576.5416
-917.46216
1305.9835
-375.23596
-204.5075
52.66368
-570.1964
377.34586
-758.7822
38.669086
74.62898
-151.79556
-895.6389
-642.61053
-642.9156
-975.7061
44.11579
-554.98566
-448.69702
-480.98383
770.0247
-567.939
-1526.0626
-44.05345
-367.72308
-1790.3342
-478.91406
370.97375
-770.6838
1459.6837
-756.103
-614.1262
-937.9682
523.749
-172.97153
-208.96632
-830.4578
-638.6455
86.21453
363.26233
1352.4379
-395.83817
652.9184
-390.73273
566.06995
147.04889
-356.75223
176.54344
-1642.1416
806.7176
590.4269
-244.56624
394.57642
173.1415
600.6105
534.5155
-433.2521
-648.02
-787.82544
608.66235
39.989227
2207.037
-215.11269
277.46326
167.4485
566.60803
-462.36902
671.42065
143.58443
-853.34796
325.21863
66.060646
-288.5814
-45.38289
966.1577
588.80396
7.624282
-743.9268
-761.6301
433.90878
-659.8739
373.52866
-53.624786
1772.4795
788.7181
-1287.8365
281.12808
1075.3253
-81.454865
-480.51642
268.53915
1115.6907
146.02145
-1473.7208
-295.5528
-236.34068
-683.53326
1147.1935
-1265.9668
411.1442
116.69365
-1060.1787
540.559
254.41148
-1084.3992
-1619.4294
-710.2249
448.35068
-112.21062
528.7146
514.80115
556.4826
-309.08823
117.918594
621.7007
-1268.2117
745.87946
1220.366
-937.68823
-106.66281
-956.58777
-193.42165
-2640.2942
1751.815
919.2054
-926.984
1300.6758
124.65243
622.31744
-525.001
-872.5202
1193.865
667.01685
-712.90985
312.41803
1246.5719
401.97104
239.37164
210.3529
-82.267456
350.83792
-38.170124
-810.0449
-1335.323
1286.3185
-367.46835
963.1651
-478.55002
-679.3952
226.61568
-170.58905
-204.53566
-1691.1863
222.967
-409.02884
1369.5372
-171.59546
-203.20544
-722.5486
-1053.0623
-1510.1404
308.6565
754.4804
-965.2492
-947.47925
1039.9801
680.92163
377.52362
1520.5786
-93.45356
200.03789
934.87396
-717.6842
-16.399788
-49.428455
-586.09076
433.22952
571.1467
1367.1566
-146.22403
-2096.1338
1271.1045
-635.47186
0.08801305
-559.6045
501.69098
423.24454
-82.000725
1567.3293
-840.7715
419.00168
1952.5371
-1292.2661
-642.05255
495.80356
765.2201
-1019.5633
80.42436
-252.56418
-774.4173
-821.2967
1413.1101
1703.3754
1185.694
233.2163
1497.5769
24.78489
-175.37329
515.8195
1023.9568
-51.177628
-579.2358
400.831
209.53053
210.04219
-836.5705
-755.8617
462.1818
-519.13293
202.61871
-162.67245
-131.33565
-1174.3967
1607.7582
-877.38477
-882.725
-599.0814
-654.4765
1473.838
76.56942
572.8093
-191.97961
618.88983
488.5862
865.5384
1076.349
-30.77408
-349.99792
383.49536
-671.98016
248.97075
1378.2714
1335.86
1319.7853
-1199.3479
664.4291
2355.126
173.86198
-524.0157
-215.9344
725.0129
1031.1039
-956.85846
2153.1885
511.67178
-1072.0133
-19.577404
-1835.2822
900.78357
1375.3799
-836.0502
205.69246
-1176.5894
-547.5277
61.173798
184.04955
382.13037
-745.1397
-771.554
-231.60564
139.23093
948.3097
-889.7758
-558.4107
1629.1261
-2228.1248
917.3983
1327.2883
-108.302734
278.8434
8.777064
-533.6836
839.30286
141.56927
-106.992874
1501.3417
1047.2384
21.020615
-76.0874
-239.26646
715.4277
-286.47485
-112.42214
1161.6229
84.18965
-132.62065
1879.091
-231.19353
-1519.0134
-697.5038
-1636.6207
-898.3931
-1241.094
357.15796
221.6199
363.7432
114.7647
-598.3939
-917.07745
1532.9021
-1149.8251
-1675.7139
-658.88385
146.23238
1044.0967
78.46506
-305.9383
800.7006
-743.0954
451.9229
6.6702766
-697.3184
95.60197
-264.38916
889.5468
26.251278
827.9303
361.57715
-593.30066
-141.03424
-151.04422
478.75662
933.89355
866.8232
-793.3671
-339.33212
327.6801
375.76358
-826.0121
959.48425
-1109.1782
424.75696
476.52704
-1294.7218
-609.7172
-2048.779
-768.7313
460.46
725.18317
-989.89777
119.33653
-457.27356
1279.4344
130.8928
-522.9626
397.69434
-1140.8274
-225.66014
869.14056
-2485.5884
447.90836
1.7386794
