-133.31972
959.57275
-19.62201
300.5011
1013.0576
606.0834
-258.309
550.4331
-18.097311
-274.66714
304.35837
-1396.2816
-176.00908
-690.15106
-191.96434
-1268.5632
-124.0457
1387.5427
-153.04294
1345.2184
-187.52086
-1658.881
313.66617
236.60002
-346.74475
-494.24667
-453.7964
1.4155293
-628.75305
152.90802
-49.915295
-583.24603
25.098305
1253.0378
676.9859
727.1854
280.21057
80.52308
-284.724
142.49928
-504.98715
-643.91223
-122.63055
355.9673
97.08823
-488.06702
157.51779
-716.82794
-632.9415
162.61922
-3.479567
443.42856
-234.2944
-118.65857
1368.9677
271.9419
2044.3552
-879.41626
30.674944
95.25888
-224.19191
-65.66293
273.97525
-166.9959
-543.4537
272.77298
-512.6354
53.041668
1618.9698
-188.98026
-681.50854
323.2119
-86.657906
148.01283
37.087795
-1301.534
-821.7202
-696.53375
64.91096
234.33577
86.104324
-856.835
-883.949
-1040.339
-644.88666
1105.6776
-1083.2761
1118.7521
1554.0054
717.7003
-565.08813
704.6421
1181.8655
-370.62854
166.50314
-260.85355
535.82825
1145.0173
848.5236
222.7449
-947.0838
-375.11
-1203.3164
-711.4635
-1363.412
55.052902
549.786
1031.3268
21.08376
-587.32153
-732.86273
385.63907
229.28671
254.94557
1027.9746
71.426476
524.3066
401.29242
53.54301
-1096.502
762.8004
228.49391
-10.38021
-339.81836
490.79572
670.7793
-586.9716
-417.09747
856.69385
-249.4055
109.01132
297.6724
-904.4887
-453.05493
-131.32838
-24.525944
-305.23758
312.03268
521.3175
-301.78195
-70.53562
310.96115
-1797.9641
-1309.4344
-550.4552
1221.4036
99.84884
1008.593
-35.915756
-750.2623
683.29285
622.7842
-102.74285
-286.53317
325.402
9.696293
-495.22644
319.73145
-2093.8833
601.1394
1065.8606
-1172.1337
-80.08438
-367.39877
1533.8049
462.7464
-704.296
210.95175
351.6244
-1270.7832
-623.4051
104.79742
-235.36005
595.0092
617.3406
427.92944
-76.60431
1176.6774
376.73743
-919.3068
-96.61758
763.6893
-185.56723
-374.76184
-74.46936
-742.51544
1110.6737
-504.79364
-923.075
1293.0865
156.4583
-1252.3363
219.96678
1433.0962
397.35284
-671.6326
608.4374
-441.79178
-150.55113
-167.43658
-216.68965
1700.9354
313.27786
611.71674
-333.83102
0.3229723
140.40305
-461.28723
-1543.4639
-902.99445
110.48464
-446.1849
-842.52515
-746.61176
1066.6311
2040.5168
-639.7987
1350.8513
-113.457466
-37.518456
-149.0189
233.32947
410.8246
-819.9079
-736.5619
1141.7218
48.81996
81.75919
1048.8154
-352.10736
-440.87424
883.4567
-437.18488
119.55461
484.64783
-1067.3357
-871.84973
609.56116
-1131.1945
-273.78918
-154.1992
599.8693
945.67175
-491.52332
726.1037
-345.32065
-553.9923
-179.27177
-1297.0408
50.540955
-452.79956
1405.8383
349.35733
810.8246
440.4397
188.71588
983.6769
-464.50644
-635.7333
953.09406
419.3156
-716.95154
-15.22279
359.73758
-825.1556
-854.0703
-59.521233
-41.884132
-392.73242
-939.4284
-85.170166
-705.42255
107.79041
-1070.955
223.98041
-397.96933
-594.32935
494.58057
1294.4272
725.31244
154.33627
231.78596
530.61615
472.92816
1162.0115
-535.8325
-1254.0105
-802.03064
868.45276
-118.73716
877.1459
60.36364
-121.71732
361.27438
-590.27454
-106.2678
130.28677
-504.3493
5.453459
-280.62735
-98.93847
-231.0078
-20.005264
-998.6576
-568.597
-545.30426
693.35345
-201.70425
-734.7556
-278.44348
-549.49384
-862.3856
-145.15584
6.11005
-845.77704
450.02982
-854.9377
-937.5352
-732.78467
309.14792
-595.1392
44.014942
-323.03265
222.6507
-70.20992
765.24817
839.19336
-928.3052
-101.046974
-22.686224
-415.4282
51.368042
49.97378
622.9981
-871.0848
1193.8076
787.2529
-206.9798
597.07275
697.6002
670.50183
113.701744
-1102.723
280.40176
-912.5132
364.98175
29.965475
1141.0403
406.4867
1087.537
-24.306107
564.7309
337.1666
-386.46176
119.00305
-645.85596
70.44528
-170.88373
-681.7018
-3.1395507
593.8463
-541.7806
37.760487
-482.05408
-872.65594
131.36963
-740.90497
-14.381919
-247.16072
904.59973
101.754715
-561.57745
482.36835
331.41306
830.8675
-796.61237
530.5607
1367.3572
60.711617
-1133.5935
63.085373
-737.8882
-428.26157
97.020035
-1149.478
529.2879
-241.02785
-962.04156
522.5451
338.5854
-185.33868
-554.92096
-691.9564
461.91074
485.67667
-62.54769
296.6896
468.8228
-1082.8782
457.7911
540.5804
-1204.7716
522.55896
275.05164
-220.79153
-114.20254
-432.22827
-461.13553
-2667.8538
1208.7592
727.67554
-369.19485
399.89764
251.28539
785.22656
-819.37744
-314.13455
176.3274
5.716131
-727.1075
509.72525
268.1277
709.47455
401.50568
1071.3928
-70.912895
-221.73128
-494.80737
-926.929
-803.1513
1092.5889
-674.2577
-58.147434
-490.8548
213.06442
601.15955
-625.91595
183.123
-739.3946
79.85275
-395.23724
745.3001
343.9758
-205.68872
23.002869
-473.56128
-1009.35535
27.67495
438.44223
-332.91367
-561.32086
1026.8873
47.37584
116.96182
914.8793
-118.800964
-751.56683
258.26492
256.898
-206.95996
517.7597
32.218597
123.93937
857.7255
799.49725
105.285736
-1639.9666
710.85425
-410.90164
149.71526
-662.50323
91.77545
225.94354
160.2084
728.43317
-877.28864
380.63678
1148.7247
-1054.6965
-991.9714
748.2669
841.19904
-1112.1595
-71.39219
101.50801
-551.81055
-947.18823
856.74884
1755.8992
702.8477
-113.55411
878.0664
69.47354
240.09
298.1475
282.2182
205.27676
-429.22827
441.96368
186.76117
513.2225
-766.5683
-1031.1185
391.80173
-394.0053
198.40076
-262.11478
-201.63892
-785.9284
215.8044
-810.18524
-388.45663
-445.00412
-1277.3796
806.3345
-640.9876
319.60336
-58.519787
835.3871
409.51907
968.4758
542.29803
-723.23267
-44.48474
214.37415
-851.5564
-327.3611
943.3242
1287.3407
488.41638
-951.1334
590.6261
1757.8945
375.145
53.37885
86.99708
236.14302
354.9083
-612.4518
1274.3705
-437.011
-727.98724
495.25073
-641.7101
633.201
1394.6293
-626.1078
-526.15265
-990.5436
147.0747
380.7946
360.76297
266.34286
-140.44208
-1177.5155
-495.53894
84.59431
728.91364
-339.87576
-173.28328
1272.582
-1169.773
655.2374
784.9905
-938.10626
597.63995
402.4148
-815.38135
174.63617
-548.13776
-33.393158
1139.3809
522.6938
734.1231
6.075245
260.26428
491.36893
-108.7992
-239.5339
728.031
681.2747
-111.28335
1037.6343
265.8345
-1573.6837
-816.3482
-1419.6814
-758.546
-2293.1533
458.50287
323.98904
88.30204
652.4222
-88.39402
-445.20822
954.3697
-703.47577
-1345.8971
121.98121
195.26984
156.32379
200.57799
-735.5207
728.201
-1027.9463
-73.57429
1028.0604
-1056.8834
-224.91171
-316.52274
866.40967
-116.48683
669.4961
259.38672
-483.61475
-241.18301
208.49881
535.687
958.6059
994.61414
83.65915
-366.49713
550.13586
2.6084843
-1370.653
328.27658
-758.87665
509.34894
29.037159
-1008.64874
-822.4121
-1309.6548
-199.27158
1201.6411
1062.7343
-464.35712
439.93265
-596.91345
1108.3712
86.552124
46.0975
-189.58215
-593.7075
222.78442
939.5909
-1692.0364
632.8284
-56.324093
