2.3619957
370.96194
173.26279
322.40286
280.62515
-293.29904
149.58342
444.73904
662.0611
658.2734
222.72922
-756.9636
-286.27155
12.000462
-133.2637
-563.8849
-21.39809
251.27972
-17.457222
93.311874
410.70947
-523.7818
-204.91045
457.14703
-617.40906
-186.35439
428.79483
-49.43026
-187.5819
19.632618
37.88736
-439.0374
-259.89383
825.0044
603.8557
285.65622
381.80667
38.183975
-184.39037
-598.1382
-634.1562
-279.60913
449.28616
-340.89435
555.9199
213.1707
475.91177
-116.76016
-420.22144
-70.71552
-597.3807
18.769892
-273.2402
18.282084
-319.2398
197.6041
1025.2355
-240.96619
10.681275
198.64856
-190.27808
43.556854
655.00586
-327.01532
485.84488
409.18637
356.23853
91.55363
391.90707
89.836464
-39.42857
458.0743
-188.37909
120.9368
-231.1503
-497.37433
-557.07367
-250.55461
372.36118
26.224085
-578.4911
16.855217
-154.96463
-152.42879
-651.6403
545.755
53.635914
526.1894
388.16644
118.71895
170.39778
288.88205
1001.294
-1023.8708
-267.98096
357.4842
209.50972
276.7597
236.6701
-86.86014
-149.52196
-232.45242
106.57162
-408.6702
-674.9452
-51.5359
644.6
324.184
-296.12833
432.14706
-516.16473
-120.2826
444.93546
-496.20215
-97.36221
-250.68243
18.801405
415.38882
-75.06155
-120.42574
1264.5034
261.72137
162.44331
-626.58636
-544.8054
-224.47209
-774.16656
-626.81433
538.7706
-135.79576
168.35278
361.35547
-806.61316
118.984535
-887.3095
293.2524
-47.400066
-275.9556
-14.36373
-510.79425
-244.34914
5.7002764
-581.6466
-481.1641
123.823265
87.125275
493.75003
205.1355
-3.5766501
-381.20108
25.018751
65.10938
62.583668
-375.83167
-254.09213
258.3398
-397.58896
-368.8753
-621.0998
-9.13254
7.4234166
-526.9772
165.19035
276.25482
-148.75006
-125.19318
-490.07922
-30.506165
157.20052
-207.85353
-113.49165
344.70007
57.21584
386.74075
-443.40115
294.17166
102.577065
577.91003
357.39792
-319.97458
66.64296
205.58493
-10.754295
-401.1856
-428.17883
-48.928783
835.1419
-251.7601
199.42535
934.5252
112.17413
-2.4975429
-474.70535
472.73813
506.22974
-647.2479
-55.567856
200.65404
-425.43744
-159.32333
-308.01147
204.94797
455.4402
140.30768
244.33162
227.11981
-126.611145
-79.01523
-713.81006
-555.7303
886.70337
21.572903
-754.4229
-96.6781
56.34115
358.45453
-265.41208
723.9581
-647.2162
-482.86133
448.79965
146.05023
265.97302
-904.9366
-203.3791
95.42146
-441.51758
436.57733
254.23766
-654.154
266.7726
501.04507
-193.80705
-37.35891
327.6375
-692.4976
-18.413443
266.05212
-221.34578
-189.34119
-33.992867
174.1812
-183.76096
-547.7006
579.8145
-304.22723
-223.33221
350.95074
-759.4381
-124.932526
-1003.8931
658.0345
-14.897293
509.91196
525.52045
34.373974
-45.43737
-19.509768
-205.22353
262.6275
132.17218
-545.5758
-188.15662
438.7954
60.764935
-627.5474
-249.91422
-319.2369
368.80734
-33.190453
182.92601
-583.668
424.2481
303.1536
159.49307
-363.16162
74.92984
-60.602165
533.1439
-56.075092
138.89456
-309.48904
-147.3548
-172.80185
339.51413
135.45723
-350.18723
-488.73004
-254.64563
-103.732635
68.97208
-317.771
781.67706
464.29587
198.75035
150.95708
52.947906
-270.19415
-322.5178
-584.17773
-348.57828
140.91202
-551.5469
-700.2096
233.45692
219.47572
227.94772
-266.23953
-158.02518
-258.7158
-404.77533
-92.29079
-72.89825
329.23474
-555.25543
396.29123
158.9009
117.0685
-179.45186
-295.54477
11.467895
182.0857
-704.51166
-506.03052
-97.66738
364.30838
-37.194004
334.6774
-179.64458
667.10455
-1009.8829
-5.2624035
-100.391014
811.5574
-338.75497
417.5668
340.71802
-88.41572
-85.84522
444.6852
148.66496
113.54806
-587.70886
5.548499
-411.16348
110.12002
70.9768
390.87012
-23.268358
350.69098
549.35834
-100.578964
573.1257
-2.1836038
-54.33884
-303.70795
132.87146
216.24583
-333.94998
-353.05408
-204.02159
-328.18454
-476.21344
-517.32764
-817.3469
250.42163
-505.13736
347.9613
121.178955
721.6847
473.84232
-157.2537
84.53864
490.01654
593.4145
-392.89215
-576.0772
165.65298
-458.9176
-640.44617
-237.15228
-181.4756
-270.28204
-180.00009
-412.3733
308.29343
-272.8
-574.42645
625.03516
895.26825
155.76224
-489.19772
-86.83591
63.103416
68.06464
-137.41582
227.29724
675.9884
-438.7002
329.06558
374.73328
-177.17467
425.6295
807.36865
-131.54071
205.70724
-69.51751
-83.01539
-919.2321
537.7531
-253.0978
-94.916626
397.85385
887.773
21.980162
39.359447
287.17392
-72.42104
-322.89645
-451.263
237.38261
178.0002
620.24225
113.73571
507.46783
247.68498
-326.49268
-109.441376
-492.09293
-166.8969
530.8625
-638.6756
-87.77156
-328.0721
318.22552
619.83636
-92.8322
-88.84248
27.048359
38.233494
-80.49901
422.53442
507.58728
-240.74423
294.39685
-592.81134
263.02557
-33.95405
755.11414
-113.51055
189.04716
218.92203
-295.9737
29.20131
309.27042
534.37994
-359.7414
515.20605
-342.9111
-187.57152
132.42757
144.42632
377.10825
298.18222
-305.69412
-668.0013
-257.8212
596.8863
-80.11825
-194.34198
-536.7621
-286.6402
305.16638
572.9154
44.6785
-333.08698
410.8904
948.12805
-217.9088
-79.835556
368.04883
195.02203
-567.33105
183.44437
-189.54697
-514.3887
3.9744241
-41.93435
867.88074
176.5127
-200.79385
576.6604
-69.094055
-196.09308
351.42188
-147.34743
72.13181
-42.59964
217.76155
-96.69972
334.7073
-93.844086
-480.92426
282.52054
-88.296104
-13.510551
-201.17586
-398.09485
39.329018
-345.201
-113.47095
239.95497
259.51556
-429.05667
584.8248
-143.02278
-273.45624
-6.2174206
127.54406
489.7155
790.5732
91.01831
-364.1878
168.57948
507.4753
-286.82666
2.4719617
418.84442
599.43463
135.25894
-395.26523
-494.78476
992.2474
450.1623
-172.96878
-436.51025
273.87775
640.8437
-441.37985
848.7121
225.03117
-476.70483
131.26508
12.41962
150.76405
37.17605
-383.53162
242.26353
-605.2249
291.12085
631.0707
141.09773
-12.020522
-524.98193
-600.5443
211.71779
336.13028
225.63388
-233.86435
-252.87152
461.14026
-1135.6127
561.1772
603.7491
-65.827354
260.20404
327.50275
-10.422116
344.07266
39.1444
-105.25963
-255.45303
558.5529
189.6059
631.45355
-118.93349
55.048065
103.39123
326.6372
514.584
215.70863
-146.0543
503.41043
-139.14919
-728.1158
333.58896
-423.3475
-28.363201
-767.9023
772.5896
-109.070755
-218.1544
513.52185
-373.4726
-476.74335
219.60379
-256.20297
-270.0588
185.33023
332.50464
-175.8644
20.01339
-6.9659843
718.60223
-100.46419
-182.31302
335.90973
-567.0565
-71.43426
-148.41069
175.0867
189.1451
576.08606
-267.32718
-183.81409
112.704704
-64.80867
560.1982
967.8305
961.1202
-95.37319
-356.3309
-269.84012
274.1284
-310.53308
-48.313805
-221.0376
512.83234
-340.60544
-219.81049
-9.062642
134.97505
-266.3781
288.53625
637.5858
-104.83616
204.83485
-466.32883
534.8815
-8.913953
103.55293
-271.03244
-297.2053
-212.17062
439.48483
-1182.7563
-14.41651
128.23502
