-1155.983
666.81793
1145.1481
116.53299
1049.504
1041.3068
-850.4648
787.0081
196.15463
414.77393
-780.7074
-1319.8914
-726.5438
-867.9778
13.072617
-1992.4362
-1790.0349
136.73708
-618.2253
1615.1779
-762.16046
-846.5893
-414.41376
-632.9426
-951.0822
242.23645
-362.99518
-439.59036
-1796.3944
151.78676
662.56946
351.0391
1473.4796
2065.4863
1787.3961
965.87036
-413.40692
-396.4525
-379.8339
-375.99982
-339.561
-1733.7852
-443.02664
1557.1022
702.70294
-507.09915
-18.934765
-885.4519
-1312.0588
599.699
670.6772
-278.2171
6.904363
-1330.1411
1810.1964
-689.7372
1875.7471
0.2501603
746.53217
-693.4751
-526.684
388.09854
8.326622
-1402.1136
-182.4224
647.6048
-743.67676
334.34702
2003.247
125.433876
-1276.2626
28.378544
131.94533
-222.69893
363.55246
-1280.0609
14.528617
-1168.2979
-658.2478
461.42847
-324.5708
-1023.3138
-537.9575
-198.4156
-556.1554
2291.0579
-1423.9087
729.91266
1923.5579
363.8614
-925.7665
11.2331085
957.02747
825.50366
-1060.9612
29.066738
1704.8016
648.80817
697.0004
573.4249
-789.8683
228.73344
-1052.3304
-284.926
-534.3786
32.472954
-263.9842
1406.42
-19.056747
-631.8481
-1211.575
1576.5898
-301.4138
-372.53613
1107.2979
-3.6266308
-1030.8723
333.6616
-256.71802
-1486.8856
660.3191
454.94736
231.10764
149.8715
-554.3857
210.8593
-658.50574
-1274.4413
776.3943
-497.68307
-513.51685
97.89139
-620.40466
-668.75476
-140.21478
-1179.7922
-118.393036
1026.328
142.34625
891.9573
-1035.2191
486.97363
-1415.9823
-1365.7302
-432.98196
395.55646
-93.71521
1316.8635
-686.1254
-556.38153
1103.2753
1605.6024
-812.749
82.02802
700.0103
-1013.013
-1329.5432
-704.2874
-2399.2805
315.14328
660.25714
-1790.1915
-123.8054
711.73553
1980.6976
1072.3434
69.37698
473.94528
1310.9292
-1920.7825
231.98804
-1246.7339
-508.0562
1073.9879
959.6248
-108.8176
-424.45804
231.9575
694.3395
-1035.6858
-264.2537
725.3814
122.520706
-586.58
-898.2549
-702.77374
979.88586
571.53577
-1130.5138
147.59769
281.52023
-1088.5569
-115.74356
806.9993
-559.52075
-822.2805
1305.7267
190.31358
446.8727
339.30545
-436.63297
1683.0378
407.5313
1305.2775
-315.4167
607.48975
1440.0477
-417.0383
-1235.0884
-453.5008
108.6912
821.48944
-457.09268
-2225.4675
145.31053
2870.9448
251.21457
1110.1606
-344.28186
-127.818474
-506.4422
454.84537
882.8383
-167.65323
223.658
833.49835
1049.7401
551.27466
444.7647
-619.0962
80.77935
1061.9023
-157.0671
154.0482
879.9178
-1346.3737
-2422.13
1269.2236
-911.6361
-848.29736
-50.668556
688.27356
724.6986
-590.9904
1166.4175
65.77995
-408.12387
-1206.4698
-1884.5219
-630.0488
-691.5593
1748.9879
221.98567
1537.064
-707.218
464.72833
846.02026
-20.372164
-483.3996
975.61194
732.22577
-1416.7798
339.7613
1028.2666
-246.48262
-378.17685
-377.4302
8.023681
1100.1821
-1757.9364
77.95741
-901.2723
-692.5744
-1654.3169
774.905
34.369976
-1105.1617
1327.7438
1127.5991
1262.7849
-5.9247184
-35.954758
361.03232
1214.5985
1137.3319
-1862.2853
-1772.28
-852.30896
1322.4922
-368.16293
-383.49234
-53.62667
-858.2507
158.93024
-1247.6554
318.65045
654.083
-831.2793
-1428.5189
-860.22687
-1297.1819
-1605.2068
223.46626
-1339.028
-803.32135
-312.34314
723.80707
346.59543
-1351.7046
-178.96497
-294.367
-1120.717
-310.65326
774.71735
-1385.7222
2188.2573
-766.4148
-605.5632
-1066.9153
571.3251
-217.90242
-207.79318
-820.54407
-737.901
-71.50092
670.3606
1188.3048
-658.3594
556.5975
323.8272
1197.0067
242.94485
-670.3791
759.5715
-1479.187
1020.10425
1322.2749
338.46906
754.3134
82.54569
112.23583
819.1033
-696.9064
-550.8367
-1082.6947
-355.43933
-48.187317
1971.2666
-359.21512
279.8901
241.89226
-7.837909
-1154.3018
1152.6167
129.10838
-1073.5559
69.47216
-528.3658
376.61655
147.01987
467.4568
414.93887
550.4115
-554.54456
-521.03564
246.09782
-1159.235
-171.17686
-347.69144
1372.9363
989.98566
-410.10107
340.10413
993.282
-625.4293
-845.01697
150.27328
649.2183
-368.28055
-1099.8651
-760.9735
-253.4741
-1124.2643
1202.6932
-743.5451
453.296
739.6232
-1236.4945
769.3703
522.0822
-1253.2065
-1489.8438
-700.1355
132.35173
-145.03667
246.28966
-67.09325
1389.9357
-440.45563
-229.53458
300.44962
-1659.1837
640.21075
1614.3007
-421.2343
-113.82262
-22.513327
-729.0099
-2922.7007
1652.8307
367.9242
-1120.275
1198.4386
706.33124
1316.1106
-574.7962
-404.16327
1340.8209
689.6212
-1186.724
566.12885
1096.2415
-320.42392
-141.56581
324.54077
-219.49004
691.0191
36.897568
-1376.4979
-1156.0592
1385.1427
-70.02663
830.56
-501.18472
-206.87498
532.85376
-643.809
251.86641
-2121.8762
-615.2262
-710.04504
1266.197
-200.11041
-561.4209
-1164.0696
-648.6679
-1827.2882
170.37778
547.71405
-1545.9294
-734.99493
1046.1677
581.84155
59.599697
1493.4843
205.22264
68.312454
979.3462
-1069.641
-458.10602
125.25666
-1026.3826
438.77054
-570.21
1578.4296
238.92813
-2231.169
1336.5236
-567.9425
-24.463947
484.46768
-40.40873
428.40567
827.41345
1305.3959
-190.2168
1071.268
2734.878
-896.81586
-1004.6739
413.95404
40.622505
-1562.0569
143.3714
-622.7477
-551.7268
-672.3574
1239.3467
2093.4749
1618.0255
732.99585
1128.6085
-302.5139
-608.1151
87.747375
981.46094
450.85736
-20.609476
235.39775
122.78552
-143.57875
-33.512768
-334.64764
975.42065
-36.54782
32.65284
-18.340319
-353.4512
-1100.9735
1686.3031
-1271.3389
-1232.8347
-61.718723
-307.8948
1320.6666
572.7711
1025.0464
-618.42194
569.7866
797.48126
753.7619
-25.745895
-306.12234
-359.09546
1073.1355
-718.88275
907.69196
1780.1666
1692.514
1715.7407
-1477.1555
606.60223
2428.8123
472.1102
-452.3148
-416.23813
314.1771
356.0751
-1270.6272
1898.6888
1062.2302
-1057.814
-567.3439
-1811.0376
822.947
1736.9056
-1432.2397
-42.035885
-1233.0166
103.072136
780.87634
179.57135
376.00043
-1361.6139
-675.9996
263.42694
258.37015
1220.398
-438.33057
-1283.3755
1126.8602
-1992.421
645.23254
1593.2476
-784.469
741.82715
111.5488
302.34268
1195.509
-112.831406
88.32361
790.1294
1380.354
-515.7514
-918.5064
-321.1944
927.51086
-291.8247
-764.8267
1580.9661
54.22152
-761.63715
1880.7881
-414.67865
-1536.6956
-328.5787
-1529.8817
-697.33014
-1559.2786
225.0235
460.61182
318.73087
-272.93127
-151.71951
-684.67676
1159.8494
-775.8749
-1174.5203
141.06082
-267.62506
994.09766
151.0557
-13.857808
802.5003
-609.23596
657.16473
184.61588
-912.0368
-139.71887
418.67776
443.64502
-95.179146
337.82394
423.393
-405.26263
-346.54413
200.00974
441.44983
857.08325
831.15
-656.9539
-446.32935
580.3662
650.0652
-1233.6222
708.39343
-1320.4929
1024.072
936.7786
-1650.7462
-221.65703
-2369.1443
-881.0506
547.6967
717.1839
-906.4568
-71.38213
-926.6845
930.3879
-269.31308
-735.67017
165.18692
-1511.1466
267.7012
1238.63
-2687.583
399.8997
448.15228
