-661.8603
506.40125
901.4239
143.74188
1526.3228
968.7635
-804.2121
696.83514
-145.34126
435.40448
-813.66895
-1175.0627
-1179.1273
-975.11426
-472.19452
-1742.7301
-1516.0045
240.43451
-221.67783
2124.148
-322.88297
-865.81573
-485.90387
-457.77255
-1337.657
-75.47441
-751.01166
-527.2163
-1566.448
-57.10486
655.6854
314.67844
1051.3774
2168.8552
1881.5746
1253.9901
-633.94727
-483.3227
-161.85515
-599.851
-505.09213
-906.7403
-830.859
863.2725
826.925
-450.60858
-113.21263
-896.628
-1161.8691
594.34174
433.10162
50.51836
-270.74463
-1439.2416
1964.2018
-598.5277
2040.118
-166.2812
895.4152
-525.96985
-159.50717
342.21432
374.56525
-1154.3733
58.112835
712.51215
-564.98376
396.83414
1729.3599
160.9991
-1027.7728
-388.75262
243.48558
-51.46813
405.61597
-1589.861
-238.97746
-968.4938
-355.97226
703.3331
-216.47647
-807.6062
-543.71924
-721.12067
50.74696
2489.3542
-1349.9364
837.3014
1440.6348
320.32578
-137.35403
175.30191
852.08203
660.27966
-882.5337
219.21428
1446.7485
1005.2687
786.62366
345.97726
-1021.07043
546.4562
-1022.465
-364.04398
-736.3271
52.039375
-144.3478
1129.0824
-166.22429
-635.8666
-1172.1697
1186.3165
144.16508
-613.6495
1160.1226
-86.87774
-395.1721
345.9075
-524.8878
-1709.9586
290.7383
718.9732
-91.33132
50.693798
-338.4367
537.6724
-851.0988
-986.668
768.5626
-748.7759
-432.87228
-43.63511
-653.71497
-753.1127
-239.74722
-1049.0426
24.869871
907.77313
375.2279
934.74554
-447.44714
295.9974
-1515.394
-1518.106
-288.3386
726.12683
40.057762
1656.3989
-291.84683
-611.58685
795.63074
1134.8159
-303.81314
65.60962
417.2402
-900.41064
-1025.7015
-646.76715
-2366.2056
566.7877
696.95605
-1567.7677
309.10553
613.8749
1671.5038
778.5106
237.95842
339.6903
1170.4227
-2021.3241
-47.967552
-851.2164
-263.65332
963.2821
788.7621
174.78876
-164.70435
463.6932
442.8451
-1283.2113
-305.3488
805.9089
-303.32248
-865.2436
-597.9908
-305.5828
1153.8813
283.69348
-1356.3573
275.33508
264.41547
-1084.8356
-21.626793
712.6268
-261.74
-895.8288
1083.498
-128.87206
411.72168
633.802
-459.68103
1936.5786
327.09268
1278.511
-250.09966
561.9857
740.34766
-655.4737
-1228.461
-416.22015
-57.737675
773.2204
-236.89395
-1983.9233
649.9915
2613.102
-243.93416
1377.0199
-42.909786
-192.63365
-324.22406
223.80757
798.0176
-556.37396
-194.81776
324.11142
718.4976
340.3443
571.1782
-685.4149
-290.6976
878.90314
-209.97194
378.89355
780.9402
-1796.4099
-2064.0757
1473.0281
-591.98846
-869.21533
-239.8008
602.7781
835.78595
-512.6538
1287.7404
-22.722532
-159.13815
-1224.9491
-1645.1777
-1144.5083
-1017.29584
1475.3331
12.065698
1315.5349
-445.92844
519.0193
866.18115
63.03527
-529.8208
600.2114
207.23357
-632.0186
307.72482
804.773
-266.80713
-617.94653
-162.05124
139.39993
919.3816
-1769.009
-5.5738006
-1330.715
-558.89545
-1253.6799
356.72128
40.229744
-937.97833
1199.2656
1156.5126
1214.1937
-246.43129
-7.977579
568.73486
1061.53
1153.1948
-1685.8419
-1455.3746
-400.913
1636.2032
-518.5881
-444.3778
226.4051
-943.21594
202.17828
-929.0767
469.03473
528.53357
-591.5854
-1074.1838
-640.89874
-516.69574
-1348.2592
82.762596
-897.61945
-631.2406
-263.8806
536.8309
145.13469
-1551.2344
116.02143
-388.27835
-1388.5958
-216.33757
413.6488
-1248.6356
1971.5447
-891.4874
-623.39734
-929.8111
752.24365
115.48251
-198.43918
-1072.7911
-814.8014
-76.25462
596.564
1421.5653
-851.2163
485.16232
11.811714
881.5353
348.92783
-737.02167
833.38416
-1780.5616
784.95074
1202.4138
-63.68236
938.81036
111.59116
168.77689
691.6113
-648.0988
-441.27875
-957.67004
-210.81621
-102.431885
2361.1953
-411.9009
-46.305126
391.29816
264.47617
-1213.4286
1172.521
-38.41051
-896.489
369.0308
-345.2133
283.43497
567.83734
946.7781
527.8579
627.33105
-536.2929
-583.83594
392.3385
-1008.8953
196.60875
140.49515
1285.1545
876.6981
-867.7322
152.6499
724.78436
-565.9569
-738.7712
315.40115
1094.8221
-245.23071
-1218.7994
-701.918
-260.42993
-795.8449
1117.657
-751.71094
454.51022
410.30417
-1473.3086
997.6813
552.2363
-1215.8518
-1255.1893
-924.8376
214.33539
-198.3059
439.9155
228.58887
1192.697
-775.6852
26.469887
580.7431
-1440.3838
787.1107
1521.7867
-714.5181
-425.08377
-350.02353
-99.317406
-2772.7722
1611.165
558.7438
-1107.2517
1602.8584
264.8643
1090.0994
-934.2539
-633.89484
1168.9108
769.4403
-695.56775
538.3555
1352.7843
29.402023
-168.80072
21.813997
-576.8896
478.77136
197.46863
-1321.2219
-1384.6764
1556.9186
-16.685202
679.6751
-785.7836
-698.67676
222.13454
-296.15515
-10.439004
-1762.2395
-398.39444
-750.264
1272.0117
-4.658328
-441.6191
-868.1169
-1211.2617
-1923.287
175.76648
555.6813
-1290.9319
-1244.2963
1326.6636
554.38245
333.32822
1657.2001
337.20856
136.04121
817.91205
-887.93915
-157.94135
-189.99641
-812.66797
495.6042
15.642153
1406.7106
37.4327
-1960.1133
1581.7485
-352.08658
-189.34183
176.3994
257.2159
521.3354
438.19452
1519.151
-711.43365
823.01465
2529.2837
-1141.817
-870.8048
489.12497
398.14606
-1188.826
95.05492
-444.3353
-519.769
-647.6318
1324.372
1761.1182
1302.9563
427.77985
1628.6276
-74.61406
-649.81647
462.82074
981.7213
88.90532
-240.15334
402.5167
205.64638
-182.46672
-413.38098
-497.9041
826.71454
-1.0091882
-16.363546
170.82896
-546.2639
-1028.7144
1627.0043
-1142.7347
-1042.9266
-147.60951
-360.32043
1586.6327
636.12787
979.4252
-264.09082
789.9984
572.77606
534.7483
728.8275
-230.69466
-544.98285
649.2283
-785.24316
387.1387
1451.6578
1414.1243
1910.3058
-1604.8381
702.263
2064.538
461.45355
-326.203
-547.5746
310.72195
725.5204
-934.10645
2069.7698
838.1797
-1351.7263
-101.908714
-1702.8112
900.9621
1511.7056
-1346.4586
25.6776
-1212.2451
-392.55542
353.67078
-63.887817
195.78651
-1032.5046
-642.2895
6.384927
137.54907
1130.1766
-914.35144
-1148.2262
1057.2039
-2068.1765
857.80505
1404.1586
-816.3833
268.3095
242.63228
-337.73538
1000.07166
-165.30182
-145.09157
1119.8326
1489.0759
-359.6763
-348.15695
-234.05975
858.24695
-284.03366
-870.0717
1099.1621
-19.442043
-616.9959
1652.4916
42.303833
-1413.1561
-640.35376
-1301.192
-752.71906
-1692.7845
485.92828
390.3645
257.19778
68.65508
-396.6703
-1138.2401
1282.173
-711.60095
-1805.4039
-48.655167
-468.84146
1234.3317
648.70123
-170.13484
776.21277
-686.0753
582.6846
70.61055
-867.94727
-239.52719
276.00024
522.85645
57.89981
207.69601
718.44574
-309.87048
-585.99817
41.40366
152.20584
742.4399
752.1674
-693.9694
-513.2598
309.25943
587.1195
-801.15594
711.54517
-1086.9225
793.3554
666.51154
-1287.2997
-163.0198
-2331.629
-598.4721
608.4925
809.1027
-1011.4034
203.79965
-1042.7709
1394.5845
28.18364
-710.87036
625.55164
-1048.0885
704.7263
1180.9368
-3025.953
480.59244
448.79993
