-432.49838
297.23676
82.729805
473.35812
427.68646
-183.07811
14.128966
9.49884
441.21323
415.4695
-7.214886
-827.35913
-317.48022
72.94044
115.201416
-707.83246
47.41867
284.50372
18.22297
-71.543076
565.47577
-115.585144
-271.28317
273.93616
-365.8652
-123.628105
272.62418
-89.63898
97.872696
-133.17886
-170.03609
-194.52249
-402.72647
398.3875
617.91785
389.6357
414.5879
171.35463
-600.7479
-626.7978
-710.5102
-89.74421
609.55994
-54.537262
468.99124
74.739334
402.86072
89.27091
-240.14052
224.62344
-533.32166
-64.186676
-150.4399
119.399635
126.31012
239.95892
945.91565
101.74987
-61.97313
134.38318
-523.2734
-121.87419
687.282
-390.9826
284.17856
397.01718
435.18585
341.75015
335.81586
40.01928
-289.71893
209.98917
50.299255
3.3836622
-90.56787
-291.3347
-189.74643
-233.84917
416.90213
154.78484
-653.55414
218.238
265.58984
-132.53284
-533.8256
199.58594
175.78004
348.05542
411.92447
259.83594
391.44565
62.240627
1290.9266
-943.4683
-450.76944
402.2226
-89.38308
74.55508
381.51013
-227.2168
-339.64642
-103.3878
190.30501
-314.9518
-768.66425
28.767937
431.65213
367.6773
-568.7672
392.73807
-753.56824
-195.90959
738.1058
-394.50772
-69.45844
-52.113926
-114.05098
346.67047
-140.41199
-372.02307
1143.3784
266.18713
-188.71637
-753.88947
-494.52908
18.555565
-511.12674
-394.93448
483.56036
-161.8432
166.36452
257.99442
-726.2551
5.96057
-497.87866
296.95218
276.48618
-306.09314
-165.96147
-378.58777
2.2935321
266.0516
-471.53647
-281.41177
139.00848
-65.74574
511.12314
-44.176712
-11.96035
-112.22942
-57.56887
196.21231
38.324505
-247.61359
-369.99658
185.23741
-316.75967
-236.63477
-521.50055
-3.5301218
52.392323
-330.75027
161.89409
388.93033
-176.69093
-127.098145
-324.88425
-257.00854
269.23254
-387.205
-136.09544
433.70435
143.43338
625.24713
-342.6171
201.92105
158.49216
289.4561
274.82462
-423.0803
-282.71603
31.080053
-310.2879
-178.73459
-419.95654
-46.487656
636.7444
-152.8095
206.58788
646.9934
41.632023
3.5158641
-363.90894
628.0756
542.55084
-709.41187
-269.74377
207.1785
-508.29614
-130.01921
-181.75217
-56.748974
637.57745
-62.427418
40.297733
485.12976
-168.63312
100.54111
-589.1905
-530.3858
816.99554
-268.1615
-689.20825
46.238976
21.957561
348.5837
-519.65717
482.57608
-384.0538
-523.965
131.12169
76.28133
137.6387
-1059.2058
-167.84059
185.18877
-243.74992
376.25677
148.72008
-438.47607
239.27797
383.69846
-47.68941
19.945469
517.0025
-465.39615
-57.96441
238.241
-55.544636
-225.96962
-208.27716
-51.525707
-247.36234
-634.51154
506.15906
-149.54973
-203.2371
155.49216
-545.18353
-102.72833
-679.7409
387.2877
107.20214
545.8577
351.07358
39.51716
154.59665
56.134975
-286.17966
30.987331
335.36423
-313.87524
-122.363434
397.27896
12.525443
-640.94763
-312.2194
-371.3971
121.27843
-110.67349
140.4935
-338.18826
469.29315
114.1179
-132.73325
-364.81705
119.33656
-206.9557
480.7705
-107.74037
82.495155
-351.2395
-60.534378
-149.53165
263.45596
210.63799
-320.5503
-653.1771
-172.86887
-202.47247
81.47022
-341.4727
613.1141
611.00616
-3.9248383
145.97916
41.18579
-191.66095
-246.3913
-493.69904
-185.56938
451.8643
-571.3114
-795.38824
108.494194
191.94127
268.7987
-256.25705
-291.80005
-161.23703
-351.89954
113.33524
-1.9826981
251.90536
-584.7647
488.3282
-66.905334
198.60666
-120.426506
-210.4916
-55.27642
116.6659
-752.41705
-537.48315
-54.18504
195.26308
-135.79282
231.86113
-219.0236
445.86584
-1041.3046
104.2837
-116.26749
603.36053
-61.882164
247.48401
-3.6090648
61.435375
-159.02502
511.4677
131.50287
107.331856
-521.47894
-107.36858
-485.77353
44.022396
312.91605
203.37837
-118.97799
146.81322
671.73566
19.123556
320.03522
-172.03113
-13.386854
-387.21866
53.698257
372.47806
-263.4887
-328.1751
-375.21088
-346.83994
-353.42902
-265.62637
-558.5375
184.15927
-735.3288
393.56427
42.15164
532.5968
336.9035
-28.65361
164.09239
300.90158
498.15533
-261.76062
-697.0908
77.88295
-352.87582
-715.2404
-72.243355
-133.78897
-335.982
-256.5485
-456.63513
421.87106
-246.89473
-247.47849
657.9043
663.1211
220.30173
-343.19962
-123.56386
41.881966
-2.2877064
-221.29018
205.24492
748.0689
-355.94586
192.49544
193.70682
-56.313038
302.6671
671.86505
-56.478855
150.22105
-134.18843
-293.0985
-604.6274
253.29614
115.23417
355.0491
186.49727
1016.9059
-253.92137
-48.424797
375.98102
-150.60245
-217.97244
-327.64047
192.78836
-18.137943
320.17233
237.27827
263.37915
138.19049
-337.59143
263.89352
-390.1214
-243.2972
607.2934
-550.3058
-0.6057782
-240.9764
84.85031
353.7441
-93.44088
-189.52115
-7.6958847
123.31375
-5.846163
398.59174
522.1213
-302.0879
41.439808
-468.86533
125.46816
-4.254865
748.6786
-253.90878
251.80344
-91.209335
-287.9766
129.38991
80.906906
450.3662
-349.24002
582.15027
-199.22682
-240.73178
-17.10799
91.0646
491.68237
229.02252
-570.5418
-605.4576
-121.60522
945.3708
-231.51099
-458.03113
-634.55994
-169.7464
-80.67167
466.73468
-92.71483
-649.88
576.5262
926.85785
-48.956898
63.90916
237.4751
190.2232
-391.93884
223.04451
-165.07388
-321.4239
-177.91605
-174.8958
531.56354
126.64654
-485.8326
470.3304
-41.8939
-158.29059
500.23837
-86.57064
-214.70795
-150.31042
93.178986
-381.86807
1.8333192
-100.87911
-281.48325
60.504417
-342.8416
100.869514
-247.43616
-580.5006
228.76543
13.00264
-119.48883
204.69037
70.436455
-381.56213
357.20334
-156.7454
-302.9494
101.27996
95.90792
311.82336
732.7419
-112.69944
-424.38782
-127.754745
370.71704
-434.90244
-68.34923
335.42093
327.56516
152.64774
-327.04047
-323.0723
738.60126
477.55682
-335.4584
-227.04605
258.12405
641.4303
-356.2512
842.7831
113.72222
-508.4869
434.077
56.438633
18.20613
118.80103
-586.70886
233.50722
-361.9545
98.24917
404.90607
-220.24236
-21.42226
-514.5216
-504.09384
28.423977
188.69254
277.71024
151.95566
-199.67708
290.25247
-796.5663
351.74045
569.8557
-110.81619
5.444401
456.77682
72.59859
121.15267
235.11894
-99.0255
-311.21066
421.77164
47.748768
506.5566
-238.06882
-34.478767
-246.38652
333.46686
261.788
194.87935
-98.22792
385.3657
-198.2413
-542.36566
433.76303
-534.2041
7.5207024
-524.6234
637.30554
103.20514
-4.020927
639.9197
-428.32474
-399.287
429.93997
-233.57465
1.9369049
32.65368
456.63452
-472.9966
211.92316
-70.546616
665.3981
165.96992
-131.70418
-16.907284
-463.13544
-138.40973
-40.93442
256.2486
204.30522
456.5762
-377.36932
91.29919
91.709694
-130.57169
342.89645
757.8513
745.0706
-203.97008
-204.17572
-217.47173
375.49197
-96.23217
-66.7935
-303.73322
248.93388
-379.36093
-399.39432
39.92047
16.340607
-312.66013
108.77613
457.6003
57.668243
139.98813
-609.23804
150.87042
109.517456
-70.37867
-81.55288
-423.55515
88.87227
451.1816
-913.8183
-190.66705
97.4449
