255.52713
888.5284
34.472313
602.81116
1061.1722
902.6873
-303.0695
797.49854
215.21066
-148.7769
-179.46288
-1424.643
-450.96548
-857.63293
-277.0288
-1181.2673
-182.47046
918.42096
-10.54543
1331.6997
-117.95608
-1764.6929
-220.13972
339.02945
-497.17197
-558.6921
-300.57156
340.39996
-395.49063
433.536
59.02172
-350.34085
-74.451744
1400.5532
569.85675
423.8093
278.68958
-217.66342
-62.375137
-193.31534
-706.84424
-819.21
-203.4814
938.93
193.9813
-541.152
324.96158
-782.7947
-1152.1246
380.51572
-47.16659
716.98175
-54.564167
-539.6999
1278.086
288.6255
1867.3837
-834.6837
128.14497
181.3191
-185.24478
114.111916
680.3873
-372.31125
-517.2043
212.7333
-780.4725
210.62953
1731.4934
-252.86113
-436.85974
606.5277
-89.986176
-184.57709
99.88491
-1696.5144
-599.9577
-1130.7401
-167.65112
335.5582
-53.370132
-798.6379
-864.08856
-1193.0352
-491.76816
1409.8888
-855.4252
1097.5475
1176.7336
645.4354
-722.8356
357.94736
1119.8557
-318.7403
172.7257
-312.0255
853.8702
1308.2397
992.7389
141.04169
-845.22345
-433.13647
-1291.4204
-819.22876
-1484.8785
-154.5585
186.5232
929.9928
-24.780924
-757.57153
-807.50256
395.82315
466.68454
149.86182
1069.9792
107.20342
-44.670753
607.5527
-205.78465
-1437.7356
550.0195
457.42673
135.3531
54.352882
292.2006
617.8312
-342.92645
-614.87305
875.81573
-48.793762
-73.91011
372.34183
-717.58734
-838.3193
-33.780006
-257.94727
-570.1138
387.79102
417.65005
-34.515896
-305.96182
286.72928
-1975.0842
-1358.2941
-482.4851
1158.1398
156.07082
1098.1102
44.813385
-423.39746
569.96674
772.24304
-8.130129
-566.9076
321.5288
-167.2581
-517.80707
277.02167
-2376.3323
742.74554
965.4311
-1015.457
-5.544307
-265.46375
1689.2222
524.86633
-720.6636
41.2305
210.67757
-1261.6665
-687.7763
291.62103
-144.77983
801.6643
479.85114
365.50116
33.041595
1053.5522
608.6103
-1135.1664
99.75355
539.22034
111.98798
-521.4354
-192.23941
-693.7261
1306.145
-405.88806
-1147.216
1134.4028
61.29482
-1379.5333
267.8355
1367.3059
669.0376
-509.8022
672.22766
-597.1527
345.15244
17.17368
-224.9198
1184.0879
407.69363
853.355
-368.02664
-34.921333
366.1474
-544.6796
-1836.3751
-881.10876
6.494544
-503.2814
-835.1413
-948.7307
1003.01056
2076.034
-594.7421
1417.9563
-54.8976
-278.16776
-180.16707
69.85172
280.42014
-671.41833
-667.30115
1102.4271
-194.54266
160.76663
1004.28595
-471.3424
-274.58524
818.738
-244.53812
154.94514
627.55426
-1041.6277
-772.4334
868.7539
-1236.699
-383.46652
81.12967
297.68103
1040.2821
-332.97208
847.84033
-65.97977
-355.31595
-443.7753
-1225.7236
-201.23207
-778.5266
1369.3707
559.0078
1117.0354
263.01447
366.16223
1021.68494
-521.5837
-774.6576
1041.7728
275.38156
-659.6942
227.74406
317.21347
-632.2349
-812.7278
-196.3987
65.480034
-296.1129
-889.153
-143.87161
-613.4178
365.92148
-1247.7639
426.70578
-602.4076
-447.90686
396.0266
1189.0583
904.7661
6.66289
56.09478
431.81268
744.57385
1524.7083
-532.0057
-1182.1228
-871.35565
665.20917
48.81738
664.8153
23.127357
-72.00104
710.7437
-887.68207
-235.6261
88.15956
-945.47064
382.60654
-597.65
-253.70679
-220.58086
-34.537342
-956.52765
-358.07974
-634.73694
512.6337
-541.7963
-805.32947
-260.73608
-713.0515
-948.16345
-387.65472
161.90764
-759.294
478.79077
-655.0457
-940.8218
-612.37146
253.14246
-501.4153
312.30768
-249.54208
-108.77847
-224.39226
908.7907
904.1743
-736.0644
-10.1979
-288.93536
-375.0252
-93.55997
49.292698
581.292
-936.7511
911.7461
899.5966
-503.0394
670.43945
833.784
324.6495
32.56203
-814.2027
102.54565
-821.7826
720.9706
-12.276856
1416.124
330.3722
1150.2158
-454.18466
580.562
177.81688
64.726875
169.71889
-700.5184
311.89313
72.74164
-717.9943
-70.08513
759.7071
-323.0475
195.51112
-759.5428
-864.03394
432.6019
-858.51184
-73.327354
-205.4757
1162.0399
281.8344
-711.44183
-32.452595
281.45508
668.769
-478.32538
760.8507
1291.3485
132.41203
-1046.4293
-73.96772
-759.11743
-703.343
266.0478
-1061.8646
392.24454
-51.33132
-1102.05
695.96124
343.73788
-404.05447
-754.3406
-525.8517
427.28613
502.79828
6.77217
216.70259
340.40887
-921.5812
379.73596
804.40894
-1237.2557
377.25076
869.1569
-168.97093
-276.4316
-359.51233
-306.76587
-2577.4014
1118.6797
684.74146
-192.76895
640.70026
303.77838
895.5762
-1122.7233
-531.3336
142.09244
236.1117
-663.48737
321.53314
546.45844
833.94556
489.53036
954.1372
188.96455
253.05273
-301.82907
-968.6415
-750.12756
1009.05664
-433.15308
0.7837341
-360.17505
203.09175
590.3962
-559.7401
-77.33177
-673.8576
398.90393
-418.5858
825.2227
418.46988
-145.98286
149.01093
-458.02972
-1292.312
5.22996
207.065
-180.88585
-673.7019
1060.9022
140.26765
182.24184
1063.0461
44.5333
-601.03766
488.19586
16.824034
42.051716
337.87265
68.7125
250.1852
384.06042
881.73004
190.05643
-1751.7148
688.421
-282.8485
372.85718
-464.2226
91.12601
229.83981
217.49078
1186.8387
-1030.6063
398.2183
1220.5168
-927.6024
-1124.4828
1035.0076
823.9465
-1169.6846
-225.96793
-60.370552
-1044.4846
-1048.7358
1067.8296
1884.5837
725.68304
1.8721385
903.2547
136.72801
453.58517
467.19147
702.29767
243.32048
-232.91566
506.37155
300.12958
289.32043
-834.9745
-1102.0514
244.7946
-771.1423
125.09089
123.78852
-39.54625
-1182.0308
773.2795
-578.53406
-348.3135
-203.26299
-1153.6321
985.1275
-555.838
437.43765
-135.38406
973.3168
368.9934
943.0082
185.94011
-746.6446
-177.79257
278.56094
-894.91675
26.482285
992.66113
1353.3241
585.3657
-1037.3856
676.83344
1595.7963
341.0869
105.04102
-203.94287
624.44586
592.97723
-652.54004
1191.0355
-207.22923
-958.06067
443.06787
-766.3325
628.94385
1276.8087
-497.17572
-431.9135
-1082.8842
192.48463
479.91876
485.11694
97.25998
-55.093063
-1124.1487
-395.37405
458.7306
653.0798
-526.1478
-298.11685
1213.0981
-1222.7617
846.83563
1034.339
-696.8761
552.00916
392.02756
-870.78253
403.47934
-321.09683
-41.92812
1424.0903
394.15726
550.5883
110.26597
182.10149
832.8614
-350.26065
-97.553535
836.22034
494.0705
-201.56326
1242.8108
-152.35283
-1511.0789
-702.3854
-1397.8044
-820.0223
-2228.0664
502.57544
253.09691
128.93762
179.38654
-173.51056
-646.1762
1074.7504
-756.9948
-1719.1997
-100.0417
127.16853
281.70212
-181.62503
-869.66815
1057.9576
-696.435
217.58365
972.62866
-1160.7571
-561.1757
-651.38416
1013.3531
97.58316
616.2808
225.94885
-295.13483
-477.34137
266.8906
531.92017
1112.9496
1164.2288
-31.606777
-352.83408
591.91315
-272.6007
-1221.2566
755.40857
-855.5654
558.1451
415.42712
-1236.4816
-1049.0698
-1422.1609
-320.2894
781.7466
980.5159
-546.68695
294.93805
-737.98444
1062.7854
390.87988
-303.0171
13.442298
-718.1936
568.97894
851.9639
-1710.2793
578.35425
15.102038
