-325.2544
211.68478
202.89128
407.05917
264.81448
-50.066456
-75.869446
205.73329
344.28
580.73706
125.991714
-611.4606
-332.74094
82.28248
291.76376
-525.71643
101.41387
196.57875
100.06489
135.2328
410.04437
-17.451132
-142.17001
337.64536
-365.96063
41.818462
251.98695
-84.14474
122.53206
-184.96553
-21.553368
-71.20977
-247.12585
453.31342
366.49408
357.30246
196.40012
111.38621
-339.0687
-591.4143
-411.99414
23.05482
552.556
-106.55815
402.28296
124.45937
415.99655
-31.272646
-138.64912
-81.691185
-409.5965
76.32206
-49.1639
69.038445
221.78807
184.42407
892.105
65.44676
-154.62483
108.787544
-397.03586
-197.40186
591.315
-224.91682
201.87459
243.8347
258.2037
403.34296
331.26443
-1.7840352
-338.74463
42.288845
2.5430377
19.70454
-98.26405
-246.19633
-183.74518
-191.99608
158.06976
325.20242
-654.45154
293.1637
80.75119
96.86331
-445.13867
232.29681
240.19574
243.82742
425.9255
168.24051
405.85895
172.8687
1202.5131
-650.9205
-618.4861
509.06305
-184.74252
-51.4666
287.3366
-88.89862
-276.6464
-325.41693
137.122
-304.3297
-749.94763
-161.41719
285.82907
398.17383
-579.2334
337.21017
-680.4019
-328.14755
491.38672
-443.04785
1.997861
-132.82797
-16.229486
399.54492
-106.66462
-43.31979
956.1739
525.261
-41.41954
-598.9309
-270.4378
99.17208
-348.63342
-195.4722
316.23962
-50.198406
343.55783
417.38568
-523.23285
92.77433
-422.28415
189.13635
363.78625
-472.5065
-98.83346
-397.49368
-74.40991
264.21118
-421.97507
-448.47946
149.99591
-63.881023
486.7949
-70.73787
-139.57898
-170.31119
-263.9405
216.1402
224.96089
-213.01505
-331.4958
103.965866
-177.14212
-152.46695
-409.63217
40.019146
-142.83142
-426.76953
160.99974
480.535
-134.80902
-181.42549
-259.71786
-290.11902
5.0284586
-250.51561
-185.77603
290.5265
40.528637
428.4469
-439.1996
225.66461
122.422325
393.65967
275.0177
-252.93547
-228.2631
-3.9024417
-313.5662
-206.85518
-439.53506
-127.432594
512.6009
-89.552505
-15.3525915
655.93353
-103.18927
-65.55517
-266.13577
805.75195
481.32697
-601.48846
-243.08047
204.93076
-574.62616
-79.48771
-135.34317
99.82854
722.15826
-72.41358
8.085889
226.59114
-357.0176
192.19902
-797.63336
-210.58609
749.5356
-133.74138
-690.3952
-18.30384
33.11163
350.3899
-181.71582
415.64554
-263.32642
-430.19095
149.28401
81.71837
126.82804
-987.5393
-200.95386
48.954803
-214.91176
177.93521
174.8035
-415.8961
284.35712
354.12497
47.99706
31.320992
417.80316
-384.44043
-175.57405
173.04417
120.195595
-310.2253
-110.46105
110.459
-55.540047
-365.65723
424.8991
-85.70548
-8.352986
219.07251
-99.24197
-88.05405
-789.54736
309.20044
203.19153
501.6768
390.69427
221.32414
313.6901
-73.1727
-349.19937
0.79068136
147.52324
-264.24457
-146.69012
324.26974
8.6482
-455.4123
-249.15384
-154.8118
-14.140711
-295.02594
5.9711666
-215.81409
552.1942
139.48395
-331.6527
-329.55804
42.966934
-42.673767
438.5198
-222.61246
119.02302
-191.86932
-40.533386
-283.1142
159.80731
226.20781
-444.74634
-367.02475
-115.02825
-195.38965
29.123405
-326.32217
490.8793
734.0054
-40.818302
-55.647762
306.3963
-324.3366
-57.936684
-406.6989
-149.02335
485.99884
-407.78464
-701.33936
18.62418
178.05951
519.7134
-363.72028
-237.50993
-46.032204
-169.70988
85.94837
-42.271706
537.18414
-593.72925
412.71387
6.5103617
224.37779
63.573578
-240.1347
-55.52292
128.44908
-758.4807
-600.1521
-232.2964
97.8208
-19.100086
80.92414
-184.90466
368.99713
-1024.6746
190.26324
-84.71701
570.0573
-80.3781
178.1533
-158.17679
25.273682
-66.09975
561.63586
254.88057
-75.636894
-279.77524
-227.41263
-400.69897
226.36362
375.23492
289.3601
-130.12314
192.29889
620.68665
18.953062
309.54727
-161.76498
25.9781
-379.19836
148.96
475.549
-386.5675
-203.91383
-215.38377
-147.34029
-260.57425
-59.8637
-305.0386
157.94843
-583.08655
425.56464
42.182625
506.52377
153.02882
-1.4105101
413.6496
522.95874
477.85312
-263.52493
-494.69794
174.543
-240.37454
-673.67676
137.32208
-160.41965
-201.68489
-209.43999
-420.60886
272.70685
-85.298515
-446.3744
438.67743
582.2975
406.49152
-171.23886
-76.404305
153.46303
28.283178
-214.26978
290.8543
669.69244
-181.37457
280.54916
191.14816
80.8997
186.17313
596.6016
-98.05378
23.374352
60.254833
-235.4517
-423.28848
133.27336
210.62372
398.45004
209.37701
940.2367
-149.39005
63.2933
398.65817
127.52141
-134.82233
-233.00443
139.15744
-201.71236
220.24644
174.11949
132.71024
348.43118
-231.1588
140.95575
-483.8525
-268.97128
618.6599
-369.73477
154.20232
-109.47987
62.448868
257.22745
-41.542027
9.214931
-60.35088
129.74376
-143.64351
199.08076
386.47675
-341.17172
76.73458
-517.6043
341.8952
38.658157
761.23157
-113.527245
270.34354
-16.91156
-182.12231
283.93204
-84.40056
308.90314
-161.4692
808.8406
-223.98137
-235.20195
-190.1279
47.177555
368.3248
49.63558
-557.80383
-465.7943
53.25261
793.6897
-273.31488
-324.1685
-483.8569
-126.8093
-94.74419
255.9318
-292.05853
-694.04236
467.58054
913.051
-163.68507
25.216866
125.901695
323.2032
-509.42575
90.87244
-164.23341
-294.65735
-188.12488
-313.26373
510.849
120.855736
-282.5075
553.5891
-68.54792
-147.0029
441.17856
-138.16313
44.30945
-301.58362
20.03878
-418.02225
174.7108
-128.94768
-42.280674
237.51697
-280.94214
79.02424
-327.65268
-502.43906
403.4869
-76.15523
20.286116
322.86432
-89.14033
-144.46465
392.5713
-142.80457
-153.9202
125.272285
303.46518
483.84094
606.92206
-43.320965
-383.51172
-241.4073
332.837
-372.74188
-87.58869
425.88846
441.09326
-8.181601
-226.26418
-188.91869
588.3296
217.87692
-447.941
-478.63165
302.79404
496.29544
-137.2291
672.76434
257.9473
-519.4549
694.25714
279.25732
-84.21761
-96.618546
-461.25412
140.13467
-323.36105
224.64534
494.8817
-327.79706
-112.00614
-483.36267
-545.18933
20.68922
104.48916
123.72031
119.228485
-308.25797
159.73103
-817.1554
89.47957
295.6307
-108.25049
-155.42168
738.1786
37.518017
29.167015
212.71898
-70.074394
-327.05197
444.06097
-191.33008
603.8578
-99.46246
193.1842
-245.01247
267.87003
424.86563
35.89921
-157.21303
275.51218
-128.67061
-345.12216
282.68924
-329.6277
21.821018
-462.4552
516.238
297.38162
128.8193
723.3938
-472.7497
-94.829735
372.82416
-168.98105
-36.370663
12.764175
457.92273
-483.72467
-148.76964
-61.40344
374.9691
146.48946
-283.84183
96.80489
-349.782
-89.40122
-111.22669
313.69678
137.16058
318.29456
-279.58313
-28.684536
14.198905
-24.228073
352.00247
824.99963
747.2761
-201.962
-72.98058
-288.3061
409.9409
6.5574856
3.7531137
-172.3962
238.79588
-461.15552
-228.97145
-14.30652
-55.14437
-464.20358
128.6684
571.4969
222.4874
180.88689
-442.8818
-30.319736
97.720436
50.884254
-180.38307
-466.9318
-299.0842
404.87057
-515.51843
77.54994
3.0120685
