-1024.7068
549.1646
1196.6587
99.91588
1274.3105
958.63684
-587.865
901.3399
-10.974815
506.42606
-805.62976
-1218.798
-995.7585
-868.1342
-139.67427
-1779.4689
-1666.672
278.3885
-654.0682
1491.525
-561.56
-747.19385
-122.347725
-441.34225
-1202.4
322.57034
-590.42914
-430.31256
-1564.4867
210.54745
709.80133
277.10568
1328.7786
2083.6785
1829.883
1355.3181
-461.39038
-418.16595
-163.17587
-376.0324
-376.75098
-1440.9137
-874.335
1251.2125
701.6708
-553.51184
22.64365
-1038.0643
-1248.2498
830.3116
663.2277
-132.4528
-157.3336
-1531.5039
1936.8708
-678.37305
1777.6069
77.7
723.4679
-378.82193
-401.54187
227.71895
40.453835
-1139.6047
-114.77441
716.49255
-769.3549
613.08704
1722.6044
56.630657
-1340.3829
-229.20494
213.42024
-99.49313
493.41397
-1209.6549
-91.48462
-1267.251
-548.2408
652.00146
-284.1153
-523.71136
-292.52768
-459.72052
-306.59015
2385.3982
-1462.4637
733.16077
2049.7197
309.41324
-844.30457
209.11125
788.5788
796.8884
-886.32904
3.9794514
1769.6871
625.7887
640.42334
585.0132
-926.1792
212.79991
-893.5542
-403.1463
-842.07965
32.714684
-371.33917
1086.73
-31.075924
-792.49756
-1262.0769
1346.0441
-71.36926
-320.34894
1134.9303
-154.50798
-880.44556
445.92218
-366.37573
-1607.5142
726.58826
528.0095
248.91736
-48.46068
-708.8697
310.11053
-608.86945
-1119.2489
721.60657
-574.52826
-570.517
122.0245
-700.583
-868.19
-393.89584
-1342.4868
133.15477
1209.9297
181.20602
844.09485
-786.4885
429.31522
-1235.5088
-1320.0814
-390.86566
501.4367
-36.818985
1504.6436
-528.84106
-545.31665
1137.7991
1367.8672
-795.5908
-0.92667055
814.7603
-778.2006
-1004.08856
-836.0351
-2309.9355
319.9522
870.9734
-1842.3912
154.28096
680.16644
1815.9792
858.81934
-2.6098478
366.45462
1324.6486
-1851.7937
75.271515
-1028.5902
-358.32755
1131.4637
863.3298
24.527746
-554.90454
390.98495
509.18414
-1328.0348
-276.71414
714.0772
-220.23634
-467.83258
-602.3102
-574.87524
1215.9791
652.03595
-1065.7101
302.23956
310.19403
-1287.8547
131.17773
782.651
-417.74252
-857.36395
1408.3304
-46.438957
365.84314
198.58168
-587.89825
1393.3282
174.25989
1222.1338
-285.37036
686.0626
1258.3265
-631.897
-1105.6974
-542.00146
244.98836
764.5369
-494.9553
-1866.0188
-30.330858
2685.0525
194.62491
1141.1904
-196.39339
-124.3136
-435.65054
372.00153
784.6862
-268.6593
-5.479765
448.06262
1008.88367
511.91345
605.34247
-632.7407
-90.57078
1150.591
-332.6667
68.969154
622.93976
-1359.7615
-2445.985
1324.2081
-736.9252
-784.6078
-234.84319
607.17163
710.7455
-508.84998
1261.6357
279.70087
-39.85085
-1222.1045
-1671.0424
-815.174
-989.4879
1824.6914
304.23178
1587.6013
-694.3919
418.43893
1010.63257
64.547966
-343.70074
916.37616
426.61334
-1127.4844
306.9946
952.18384
-148.55138
-253.07193
-443.99994
63.61683
1148.0737
-1663.9135
-10.854225
-854.83307
-573.2873
-1438.4006
471.7808
-60.042778
-1163.4395
1389.4102
1260.7222
1156.2993
-164.29723
183.68637
493.9845
1104.809
1162.2252
-1706.5227
-1584.9551
-870.5228
1319.6265
-516.73816
-307.83386
242.68619
-846.65625
215.43695
-1260.6329
497.7625
556.27594
-701.5158
-1350.536
-789.80835
-862.7591
-1629.5828
348.06595
-1318.5717
-885.2763
-222.008
721.929
321.83337
-1389.1039
-46.74256
-488.9839
-1231.5903
-474.29807
925.4982
-1425.1201
2306.2668
-1014.6938
-666.0015
-935.9085
745.0442
44.85935
-94.86437
-951.13586
-889.286
-306.7122
534.6011
1129.274
-626.9798
427.8017
391.34915
1368.525
280.52438
-588.2613
766.2489
-1532.2606
829.08887
1128.9277
379.1344
858.44257
112.94165
99.4688
582.33307
-921.5167
-675.46594
-915.06976
-242.60414
-150.69421
2143.4497
-379.29013
373.85138
305.825
-27.414728
-1119.252
1003.43604
342.42697
-958.0997
99.54167
-561.64026
437.0041
249.10771
752.0542
640.3355
381.50256
-419.89395
-529.75726
226.163
-1113.5488
107.652
-297.62488
1104.1428
1009.18744
-425.9867
386.08313
1179.6812
-496.7126
-1022.37366
127.792175
664.09375
-324.35327
-1251.4071
-452.89316
-150.2873
-882.52106
1071.445
-739.29016
472.89206
607.16296
-1438.797
853.20435
649.83246
-1237.4719
-1385.317
-931.3233
283.79074
-239.43106
362.86896
174.87814
1202.8495
-541.175
-60.45096
377.4785
-1624.1018
515.44794
1433.0466
-501.72952
-272.02338
-202.22673
-479.23447
-2696.1077
1400.5383
618.3584
-1026.1904
1188.5786
493.749
1079.2583
-845.8669
-464.56332
1375.8866
988.851
-960.8547
776.9104
1118.7874
-133.01357
-108.3717
442.54736
-434.0808
533.6282
-101.33927
-1350.7677
-1478.5421
1539.289
-252.55193
712.7349
-745.2076
-442.2197
623.0889
-499.90195
169.54274
-2203.854
-664.85065
-941.2082
1138.5859
-52.675224
-555.3184
-1292.5388
-981.6464
-1950.8126
73.1964
550.7279
-1539.1729
-987.0682
1324.3846
525.9933
195.76697
1681.5582
121.67655
101.960205
992.07263
-861.15875
-436.4758
39.695065
-1180.2606
480.5548
-480.38095
1422.1948
150.33311
-2146.946
1528.5682
-384.87817
-183.85434
434.35144
279.44464
457.53976
681.1948
1414.0288
-218.27405
1114.4128
2686.1724
-1061.134
-1152.9135
381.33026
241.0877
-1334.2007
-24.687645
-532.2682
-425.03845
-491.02322
1442.222
1949.0702
1468.2236
835.3248
1047.5364
-132.68593
-357.39075
270.18787
893.0352
292.3175
-199.95784
414.9338
125.027374
-374.73004
-92.18961
-474.47464
838.8543
9.489333
-126.36159
-17.888308
-337.29343
-1335.3678
1863.3013
-1195.8489
-1067.0481
-302.83463
-511.96378
1484.1993
572.25
841.3128
-605.8644
565.6055
925.83795
801.3314
265.75143
-163.42012
-531.3685
820.7375
-782.9492
785.2992
1617.3611
1727.6378
1759.4965
-1524.3483
477.9845
2305.3325
601.71655
-494.08084
-524.7326
270.72403
437.14667
-911.9813
1739.8557
864.99524
-1208.4382
-527.6038
-1633.321
613.9438
1657.1599
-1379.8064
-125.4168
-1188.5337
-54.21683
574.7209
-48.371082
231.45511
-1232.3851
-865.42816
114.1591
307.76956
1245.9392
-371.4073
-1057.7831
938.02484
-1916.1428
894.69324
1640.7634
-871.8418
438.34378
154.36038
74.96774
953.3352
30.926655
135.00299
1086.2142
1503.2244
-185.73532
-579.89435
-330.85574
780.75653
-275.28613
-735.3633
1410.5703
32.51542
-379.99994
1797.534
-564.95276
-1619.454
-592.46844
-1679.3397
-498.87192
-1736.6265
316.71533
372.3893
528.70306
-81.192764
-240.84157
-933.24194
1114.8394
-867.3581
-1480.4749
-126.53301
-374.1576
981.6085
152.87363
239.26985
922.75726
-826.59344
712.27295
209.79158
-914.7713
-146.35818
448.4827
362.59183
25.723003
470.41464
557.67
-447.0046
-646.068
357.097
258.48434
787.5945
833.66284
-488.5718
-228.73073
398.89426
585.3778
-1150.9202
940.5177
-1028.3341
870.60004
991.0864
-1307.2645
-176.28682
-2194.5645
-620.75085
622.859
766.8612
-788.9024
-10.201222
-905.11914
931.8326
-119.71606
-800.0676
281.60886
-1394.8351
386.1607
1194.9211
-2820.9946
350.68314
522.5295
