-121.562584
16.390142
-12.6905365
-102.17876
29.48912
-23.356848
42.93218
35.720158
-87.37938
-122.54262
99.25609
-22.539776
26.335333
-65.57564
172.83105
142.65775
-82.22605
-230.40372
115.12993
103.354225
135.8131
71.89876
35.032284
164.95375
-24.43703
187.93108
221.0326
-18.450836
196.22328
-62.32262
127.35592
48.11007
66.568054
-34.383583
-294.78073
91.803856
-91.40096
-33.101925
-127.87221
65.89471
82.13065
96.83655
-79.16289
5.7676606
-141.48222
31.414276
-75.50516
83.4812
155.0494
160.17847
-17.80324
50.87345
-29.593893
324.26318
-24.30615
-89.73598
-126.64729
-133.66693
-115.69497
34.30439
73.704704
-11.3805685
-196.05614
-13.065647
97.456345
-249.1795
-87.30799
117.142624
195.11676
68.55719
65.46962
-23.236172
59.32269
-58.63868
106.51901
48.85658
-25.2542
86.79808
121.11394
-134.80481
-61.91032
-26.124903
20.667028
42.26861
-167.20177
218.58499
-146.55284
47.81672
149.07423
-84.24651
49.29939
-7.053438
201.75064
-71.859604
-2.6523495
-18.215483
-24.610401
26.412586
-57.12274
-171.6698
68.44487
60.76605
-114.79174
-73.43137
20.321825
-95.15835
-94.85653
-26.681355
-26.422642
-99.66156
-124.91666
33.715332
26.84535
-46.54104
16.87388
-195.33185
-82.064445
-8.964637
57.34256
-6.2279587
55.002495
162.31218
12.797606
-30.635809
-44.088673
-177.30733
230.13274
47.283978
-27.189634
-153.49475
32.02972
29.567036
123.94373
129.70067
2.555657
8.951091
141.25179
31.90192
-75.04188
-56.793667
51.270477
43.974083
37.86325
-95.85986
37.359097
4.103688
-141.94347
6.428396
151.54749
21.099863
3.8271403
20.975847
-24.387022
-24.246944
-285.44925
15.107281
-1.4080751
110.78611
61.118652
-110.483154
-18.755766
-52.470978
-98.51864
-246.68102
182.93326
-85.189125
124.05232
-118.08628
98.44228
-203.6997
-93.70839
-55.16587
140.86641
67.52004
-110.98079
86.33644
-68.108765
-17.63957
69.80438
128.67729
16.912489
-17.753012
-53.30118
115.16546
9.099308
30.978056
-106.99715
-202.60399
-145.51823
321.17075
-164.46642
215.3118
92.480446
-163.44312
-176.99031
-76.1327
-138.11652
-83.24898
-153.49353
-194.29723
96.74418
7.4863863
-134.86996
-152.15771
10.6051855
-62.31477
34.404713
23.284527
-181.20082
82.831055
-44.12678
-167.53745
-167.61308
50.13961
123.88343
-238.91357
-156.7986
8.605245
83.29736
99.76984
-113.64483
123.681786
-64.85844
33.141575
38.561516
-2.8196194
93.86654
79.11927
-25.639673
-45.367443
-87.30885
90.70262
57.69077
-57.27291
-183.60347
171.94325
-49.899364
-27.014637
-103.39402
-83.7375
43.53782
-87.96934
-17.782354
-47.183933
71.56023
103.10602
127.96742
110.672104
-96.81874
-50.26851
-42.24304
-167.08597
-67.72875
-18.38855
-157.75471
84.020706
28.564806
-132.94553
248.32095
-130.56773
-22.241001
-44.966026
24.445213
-105.68544
-182.78137
-41.326412
67.70562
-86.6747
120.68512
174.76862
-107.08329
-50.32082
-32.243225
89.058105
50.39464
-27.502623
4.1876307
-42.689034
79.35424
85.8783
-58.797836
-42.950314
-32.459267
56.990593
-17.837513
156.9477
-24.74967
75.38732
-85.42923
78.0281
-264.29883
-66.188614
262.12668
-219.85933
-107.97186
-8.730068
199.03804
3.5903354
38.05049
-6.4623456
57.94968
-142.45456
291.03735
44.235317
-32.358128
-160.25266
-117.4351
-21.812538
14.588147
-76.00994
-173.32663
-22.761173
-78.45676
-134.5477
106.35365
66.35089
-19.746569
25.206434
-106.8357
27.495785
-86.05925
-41.07924
12.920535
65.335014
113.05732
-94.08696
-27.347385
199.94337
4.409469
172.66167
-189.58607
71.999794
24.194664
-15.960517
63.33167
42.67402
-25.087992
-56.61566
-212.91837
-9.545984
96.76211
15.691278
18.487366
23.813774
-147.62688
56.181458
100.74692
63.326633
203.9223
-170.8516
-22.0398
161.06007
-105.1702
-221.40514
-15.780846
-37.022537
33.48403
86.41346
88.480034
60.345615
87.85233
229.15541
189.82684
45.83896
-208.82782
-23.213177
-119.27922
272.30154
-8.964582
137.24599
-81.206474
104.475784
-81.63707
51.646774
32.41053
-50.14598
-229.60513
41.463783
-178.45921
-20.118793
-6.402205
-192.03145
-0.7124431
36.833015
63.304848
-258.83762
6.196183
-67.44433
-4.118541
-90.110245
6.0683174
-21.854036
21.90092
172.16197
10.800656
188.20181
0.2719448
87.37399
-166.5486
121.39254
29.71035
168.11122
-16.065794
19.228804
230.36458
26.596983
80.51452
112.446434
99.50702
-57.927032
45.95302
12.778738
59.79169
24.910847
12.446123
-161.83316
47.5575
28.82685
-26.558107
0.9569447
23.918127
-196.34169
-28.968588
170.99228
74.69916
89.11059
48.288433
-35.205276
134.99156
-370.06497
158.19997
29.830576
-121.94336
43.03262
-36.35192
246.84767
-149.37283
-147.61658
161.17583
-119.3943
-40.03604
-62.608242
67.67619
-6.524151
-174.20386
-64.241806
79.10993
-3.5357375
-85.26785
87.332565
-64.50803
-81.79289
-101.81715
-235.12196
-62.38758
8.102304
-7.3783946
-15.014822
-81.09196
-150.6446
-9.101229
133.53625
81.87771
158.81082
-82.20281
277.29266
-110.38384
9.223049
-30.321072
64.71928
-18.07041
254.37434
-53.467075
-54.395123
212.51163
149.37737
79.78438
-240.25035
-148.40068
-51.324493
-101.90026
44.937737
-99.71236
85.761635
-63.39891
55.52001
21.407522
-119.18467
-22.00878
159.49008
-98.78859
114.887856
51.464096
99.21367
-134.45282
-96.79797
66.683815
165.38348
66.03308
-6.904144
-253.66089
-151.38643
-15.137852
69.56907
40.872467
51.2574
-89.65478
58.46683
-28.81836
251.90654
-20.25117
-28.387352
-68.58622
199.58165
171.79071
126.75703
-31.309977
134.7701
-71.25745
-2.4598002
-107.40736
209.37227
132.73094
52.73805
-5.785297
-47.564533
3.4456244
46.813183
162.66759
-6.3004913
-200.35507
113.58734
38.751278
14.178616
-239.41187
-16.150911
75.98021
-321.30432
144.22144
-30.87803
186.92116
-250.27565
-284.77542
-70.35536
-15.193988
136.97945
132.45645
71.264656
-58.06323
105.57268
-7.8576097
47.065525
-103.65152
-197.00322
46.861717
-88.63388
-33.369255
-68.868904
-92.02172
106.05084
104.55001
136.33655
-132.78078
-174.4313
43.01254
21.658564
-8.020441
-40.604702
-195.7613
150.04227
9.479675
45.159897
284.46777
178.51433
-93.52871
18.893265
-62.829643
83.64296
21.88833
-194.36212
-117.37939
76.39082
33.02952
82.33167
353.85712
-51.28951
61.926876
-86.9305
-291.98135
-45.39666
97.630775
-32.83792
-118.31674
-115.89937
-113.62723
87.57352
65.22836
-251.73305
172.73798
-63.37751
-58.13601
26.962841
-26.027958
15.533615
66.36618
102.631966
-64.33024
-196.76578
-122.515015
-157.09341
298.13928
29.710325
-97.38649
48.019615
11.73241
-43.15349
-19.466152
11.630894
68.21244
3.716083
273.11768
-20.346996
198.24748
305.4444
274.25
-49.10579
54.62713
7.3176527
169.6464
-109.982796
-69.42729
62.840946
61.859665
-220.36905
-52.766323
185.66756
43.77155
91.06206
-135.09596
50.765366
24.95063
-155.58463
-146.73524
-173.91173
-89.581535
298.9531
4.1262093
-40.797417
29.550648
53.7109
180.31955
16.223322
-42.810726
20.16239
-66.33782
85.26191
85.34689
16.471018
275.3333
56.798443
38.36875
-183.2729
182.38298
31.026184
-248.5997
41.118225
99.41058
48.718662
54.190826
-51.28459
55.047
35.49185
28.03813
-30.798714
-87.28762
71.770195
73.32098
49.70461
89.98099
-158.91896
-6.2831683
78.55136
-151.57997
7.5317154
51.633057
22.109848
60.82357
-48.60576
-43.490776
-128.94527
-194.8125
35.66537
-24.970148
-73.55448
212.78008
-32.793125
90.32195
127.81588
-128.22643
-174.08212
-5.264347
-21.953802
39.051025
7.55425
17.124092
18.61556
55.911583
114.864845
19.333761
43.576607
-14.184533
61.25501
-263.6527
-62.748665
99.629845
-49.815533
158.10123
82.68579
107.54016
157.62216
83.31565
-29.128633
-315.94788
-80.36645
-24.74402
-205.69698
-93.75869
-18.555855
60.787514
124.8379
-260.64517
28.564518
-176.69806
121.5537
-139.97354
181.24158
55.885582
-82.13138
-236.69933
60.70238
-45.00218
21.060486
51.633743
-61.49546
-21.48589
-61.62393
-59.044456
-117.94215
-79.16668
47.55483
3.4489064
-79.14811
94.7153
-11.206917
26.193613
141.40997
-7.976532
58.8247
-113.81783
35.606964
-33.791504
-261.0258
-90.23986
13.955754
105.83237
-218.1893
236.74832
-101.3879
-33.633587
230.73503
-155.63123
-112.837776
-79.04558
247.43266
-120.26629
-175.05615
-58.692596
60.82193
-208.18643
90.25505
97.94979
-215.62462
-67.93947
221.86049
-68.08344
-47.899815
11.192832
-32.96329
-289.3297
35.970676
158.15749
81.21407
-20.3988
-152.20216
257.42712
-140.27016
-17.445822
-6.361382
-104.24344
112.80919
-217.96053
-10.380768
-130.45389
-178.11302
94.29362
55.942238
-94.8389
-151.50087
-234.77785
-36.92032
-149.22084
-49.52986
-87.060844
26.48891
-78.706535
-13.805955
26.36481
20.47577
-53.98039
-21.653154
-103.24777
-191.73042
-132.33302
-100.44338
-149.75508
81.44909
84.59424
-60.115852
-156.40341
-61.38579
-38.13855
30.674955
-80.27489
165.09685
-79.802444
187.17764
-72.83824
-5.391802
-13.51616
42.777695
-31.32112
-0.49472734
-180.49258
-123.75841
90.7289
-182.74403
133.46097
-70.11241
-180.25941
102.6943
-28.420557
-47.347176
-73.290054
-114.05596
58.554375
78.681175
-22.276564
-99.882
43.45808
134.22322
4.934188
-76.03855
106.71521
7.17443
105.670425
-35.260303
46.83508
-84.61936
-107.04004
102.968315
4.90334
172.31244
-12.241683
-42.251713
140.61005
-5.585475
55.155205
-135.0438
-78.32762
22.424559
83.5594
147.36641
-26.53759
-61.153152
-100.09572
-74.937874
10.394368
39.709312
-20.294018
14.433057
-102.348854
-168.65613
-11.437224
-132.22667
70.39139
42.96479
-43.185677
12.697235
29.164112
94.23963
-2.6803312
109.11363
83.96605
53.92179
73.06941
148.73386
-11.525692
10.994164
-105.04659
127.29964
-138.19673
-136.32805
190.82588
-113.43178
-99.41276
-111.73625
-77.14135
75.20154
-125.862045
-188.67897
-135.82677
107.73993
-154.039
11.450081
20.850246
-123.335365
29.915358
-207.54565
79.578575
-93.192635
-28.018932
-103.70845
-162.56133
244.0379
21.42875
52.06089
-111.51182
182.51031
94.54438
115.95498
-13.782263
49.07915
-195.31367
-62.276077
92.74144
-46.348385
-144.39713
163.6097
-164.69095
35.822075
115.7117
-18.28027
-10.869723
-47.719418
-17.938398
102.04512
-65.83966
48.382545
-234.32646
74.81107
-10.044671
-85.21338
-42.949196
-42.757957
75.17792
25.95374
104.53886
66.36839
131.67221
-149.34334
82.63201
-205.65208
83.992966
-26.016384
-73.82427
144.5088
-114.96163
-10.158739
-14.044086
-63.008076
52.00831
300.00946
-90.0322
-30.210384
-2.1539378
-83.6484
-58.74828
-69.263405
72.71022
25.382933
16.529104
-184.57588
-46.22197
35.079964
71.68625
16.063
152.90231
-98.9592
-80.53077
208.90262
66.80641
-7.959381
70.923874
-123.44769
-64.70108
-286.78867
97.52252
-125.79213
57.18716
-214.26808
-107.75073
-70.730934
24.913866
168.42763
95.24891
151.81973
54.62582
-42.748627
-68.353485
-285.9349
47.15555
183.0463
-80.19292
95.4363
-174.93289
-151.0195
78.92761
-481.2816
245.73318
10.747699
47.85981
-133.00833
-131.97398
111.267265
-17.463432
-97.09137
-49.083935
-169.58707
41.772797
126.7848
-71.84751
188.19566
-75.46535
-42.913395
-48.554703
214.20912
-106.82053
84.60254
6.48149
-39.1652
30.397863
-38.471233
44.90655
-130.17104
-18.624773
114.10283
-232.31694
-12.502164
67.76466
20.04294
150.68866
8.605238
167.85028
-3.1560972
-250.24121
-154.36526
-5.3769484
216.98625
-73.38834
22.659937
-91.18989
-130.18729
-339.09692
-192.62608
181.8993
-137.53625
106.23708
-10.70078
144.53049
-41.36588
-6.0920334
16.029354
-44.254528
-14.657026
90.929375
72.51767
91.06902
163.43286
123.38698
-22.945702
80.79915
84.049614
50.19873
-234.48251
-115.88878
58.071842
254.05783
157.30681
-38.85189
-168.54567
13.230079
57.966915
35.378887
-103.1662
40.7938
5.8637104
-172.0458
52.543133
181.22527
133.04504
-11.280132
77.16899
110.16926
86.29357
-164.68709
-56.61959
-60.010536
54.403225
-80.17984
-5.976431
-177.13278
-60.757195
159.451
-173.99782
-10.172225
39.742916
7.089591
-112.758896
142.40427
36.28571
-307.3249
-8.521956
176.84373
91.616745
-80.464455
141.20534
264.61246
2.0291986
14.846972
172.9872
-225.03262
119.77888
-123.24078
-153.77522
103.85856
-28.20589
87.15512
-97.32249
-151.28398
0.5326036
-133.07251
44.83749
-48.560425
36.09447
-25.496262
-214.5014
57.18136
-27.661903
-178.93842
-3.457907
90.52317
-157.13992
-158.63788
19.185377
-73.784065
230.35878
184.14816
125.65652
62.29774
-74.1543
-72.40038
-110.89342
-23.270042
-4.2745714
260.725
44.217617
-196.65123
63.478233
29.885818
-51.329224
140.36896
180.97054
-106.09184
21.483637
85.57888
54.296116
-45.8125
39.765495
89.65088
-92.08175
167.47408
183.32603
-132.78754
-282.95108
-30.780876
-17.752304
-56.246437
233.9517
-244.83134
49.028667
43.629402
-66.8416
1.5149548
-51.70301
-54.347443
-289.04236
130.59773
-287.59836
47.264896
112.18329
-85.28867
114.65485
-14.045868
14.722304
-53.227024
15.722701
54.30392
106.95362
-84.20305
22.01943
210.99692
-10.560546
-112.89998
-38.121048
-73.97033
-191.63649
-100.98158
-10.97398
-36.232147
120.323456
-28.338568
1.4289049
5.3791223
233.30763
201.70602
-17.02974
59.326035
73.20256
18.328953
165.19463
-173.67122
-25.037823
100.66213
69.2855
-301.88174
-47.933994
129.05391
-176.84883
-235.60548
-49.672028
16.363424
-151.78972
-129.25542
-52.34057
97.24775
-41.19403
-185.48676
105.19591
256.7845
180.69702
22.225327
94.792206
-126.386444
251.64192
-74.74158
66.91333
-3.3943875
225.59596
-56.660084
-103.85044
150.41327
-1.466566
-59.467796
134.46585
-248.08699
120.1665
-39.75428
97.15701
22.07314
32.435036
107.11102
-56.466084
30.925203
36.561478
-29.49748
-22.246664
-260.43195
107.415245
-106.297134
140.20218
-79.38867
-58.022533
-100.669754
-148.23517
-14.187514
26.645681
37.936127
48.79725
-48.633263
68.478935
44.768303
113.49027
-82.492096
131.52983
-107.67302
-155.21043
108.11113
-0.27234817
53.458595
43.80458
-45.53316
-165.55925
158.54153
-214.24344
103.18872
-111.64177
-85.81511
-182.96303
-60.720924
-69.55884
-46.165977
-40.686546
-280.41888
-170.54529
-127.14531
71.67987
13.407069
-48.53189
34.174553
10.442966
165.72585
136.03094
-21.267187
-17.739405
57.890007
106.09297
137.56989
-37.563972
-130.7224
19.81814
-84.49618
-48.61013
198.5163
-68.91513
-17.805885
152.92825
30.537176
88.227646
-61.42842
-83.01157
9.3828335
135.33263
67.30757
186.05078
-58.56675
147.2196
-41.204063
60.48752
37.12676
-154.74374
59.52621
-29.109606
28.478548
-107.29217
-203.78561
-106.52571
47.77831
-9.419658
-63.630455
216.98859
54.351906
189.6714
176.83012
279.8876
-124.38382
81.59518
-61.983673
114.149124
-29.424328
-230.41893
-0.8207737
54.944942
-77.32171
-74.737274
-122.678764
32.764797
-120.09307
-8.773176
-264.44336
3.024555
-113.70089
42.058018
-138.09526
83.4657
-69.92551
-79.92909
125.941734
-58.687992
-47.84436
63.60882
-45.81288
72.26052
-79.19495
-203.30023
-88.10281
-91.02355
-48.513077
-16.947296
69.06924
-8.867709
135.83977
-104.65703
16.485722
-171.08139
-138.30283
84.97041
-40.87526
57.803856
118.671814
-45.961754
-128.23769
61.87318
-120.59515
-210.1385
-53.755234
160.19513
13.82246
39.050133
2.3390312
331.7386
-31.784492
68.87531
13.784872
-114.29974
-129.27931
19.858858
-1.1327375
2.7482429
52.32504
-40.53031
-155.70244
-79.891785
-23.393139
-231.14796
-63.197895
-68.235954
-167.6001
-196.29314
-30.55459
6.07802
100.32479
28.809395
136.42471
-146.27792
-151.55373
-17.001398
135.46967
-157.07056
-34.996864
-14.150827
-3.1792288
-23.027748
-69.86857
199.18996
-46.678726
-192.65988
-36.64762
55.920002
-138.50458
-2.2976184
-139.31685
-22.218983
33.03086
-139.95966
36.048927
-81.62392
212.58261
56.104248
124.15399
70.78572
-83.573906
89.97819
-56.201267
-58.326496
36.235287
-76.77223
111.681076
-60.92649
146.34871
180.56207
45.34301
-149.53386
38.178486
119.544235
5.570541
-21.08534
-154.33078
97.7645
95.88086
-48.749622
57.822105
-130.5768
207.77844
-16.306133
86.64736
-104.92598
-96.95109
53.952934
72.61391
-138.95956
49.96824
24.811958
97.73572
184.51184
97.90422
-41.85761
-70.87445
-53.432312
18.21026
-17.564714
234.83395
-109.67883
-103.46597
-1.413978
47.116467
-96.80398
27.1339
220.43462
-103.124565
169.98787
56.55503
70.20896
-206.87627
-138.82693
13.439835
-66.95974
213.99712
-76.13188
65.71808
-46.96026
12.706362
-76.40397
160.40297
122.70356
-148.02614
-152.951
-154.06146
162.74994
-2.5900636
10.954694
118.223305
54.821
192.86324
50.509335
128.45392
-116.10714
71.298325
30.466871
-36.317493
-211.09102
-187.74942
-8.493437
42.94718
140.72672
112.81031
-208.50586
63.015934
-85.57751
87.87665
74.85059
70.22512
256.0942
-22.496862
-50.02499
-66.29518
-124.756355
17.880575
149.00372
172.48611
-1.5879487
127.42089
-153.35234
118.331696
102.23034
35.75847
20.580462
37.950665
13.530129
15.135323
-95.95092
115.617775
231.97404
-110.20245
148.2088
7.4065104
54.370598
-64.02464
157.00139
-48.646076
-161.04164
45.66281
4.8056087
43.757233
-119.77374
141.50395
221.48836
-38.265236
120.97954
144.64206
-166.99599
102.12749
-108.043304
38.350193
42.59165
15.118903
83.59483
-16.355934
163.14691
-147.06424
-93.421875
-7.744251
293.8754
-12.839863
-156.94121
217.44768
-50.201923
33.860947
-27.59013
-84.328636
-203.05394
-204.98454
-155.76828
10.023797
-198.14015
2.696959
-163.70734
-52.63936
-138.1409
146.56697
-34.744804
-11.64323
89.32367
58.093227
118.67321
230.07655
-58.68339
147.9823
-167.33914
-31.267395
-46.63945
39.256317
-107.36188
-14.80021
-88.32353
-132.96478
-37.461483
-69.575226
17.704374
58.621258
-12.038448
-71.5092
74.147766
-44.929653
-168.86412
-122.82644
-62.416958
179.46303
-93.197205
43.552307
-197.66202
-12.02869
54.1205
-45.355118
250.14693
-141.27682
102.24905
10.257673
12.723778
-114.9181
-17.973555
69.48476
-116.41108
-271.23795
174.41049
11.567697
-105.15767
-6.0621376
-118.81737
69.759094
-144.94533
71.383255
111.655
-41.34681
86.09659
18.53356
141.40712
125.08918
-180.76402
84.70623
98.269
96.443054
-32.263405
134.54442
67.5945
202.17738
-61.314655
150.55595
-206.22081
92.025505
-2.463509
-145.46487
-78.10878
135.46202
44.28827
-33.240273
150.63632
-179.50182
197.64534
-87.579994
135.51497
46.993958
-67.83024
63.47464
-37.372196
-49.033405
-159.71623
-6.2730875
222.18788
47.95044
-30.228786
34.967678
-24.31841
-44.729134
75.77479
159.83337
-123.83986
65.08219
-63.070805
49.333687
45.1575
83.18027
-67.260345
-66.46248
78.8014
10.826977
261.50354
-33.934948
116.17677
-22.968657
220.22487
-86.62311
-226.95503
37.293564
-224.36844
-40.7444
-95.65087
86.94808
35.527164
-246.11879
56.19126
16.639956
-99.00351
33.41261
-249.0275
28.430532
-44.743763
90.39364
-35.143528
41.45665
-146.54436
54.92875
-0.12354463
-52.98425
-124.14008
183.19482
-19.36984
206.03079
20.254326
69.75994
-41.312515
33.581123
128.96207
151.74683
73.74542
65.11013
236.86949
-137.05179
-51.654377
100.45349
-20.601955
13.752215
92.690094
-11.015169
-122.876205
-170.25635
13.977651
-44.942776
-205.9415
-19.060675
157.22916
-91.25093
183.41698
130.98705
23.973246
-119.12626
47.49051
-124.19423
203.01523
-162.50597
48.635406
-125.44787
248.48486
-197.34424
234.44579
-8.012004
95.96672
-46.37175
9.58064
225.99492
-39.184017
-27.022404
157.3493
60.288677
41.403664
1.7258375
-77.29932
-83.28052
-209.35265
-231.95894
-133.25293
-24.149948
-87.18997
-80.73896
34.246635
27.98342
24.139782
-133.20366
-9.491975
116.392265
211.4814
128.34636
-298.0828
-52.726303
-35.210243
-44.55344
-9.038275
230.95932
16.734829
26.171257
-76.89584
76.18191
-207.8701
16.430157
-91.784935
124.02872
-60.02303
-164.89987
-122.12256
90.18111
-333.49094
-24.488535
-63.782806
86.61329
-22.247135
92.76742
-158.30893
208.51161
-45.791904
-26.014078
-186.54997
-7.921
-103.988625
97.37369
-61.698193
-190.39009
-376.6762
50.402008
-174.01477
-98.42488
-8.501531
82.65927
261.03754
-135.56381
-46.893993
-36.42264
176.00244
57.248753
-118.226326
-239.37552
-62.480694
-23.493467
90.231186
10.911604
-49.576603
-17.372389
-15.89906
170.61884
127.08341
5.3647695
143.76895
-20.958649
102.52094
131.06383
118.1651
32.83558
5.1317153
25.251802
259.8763
-32.650543
16.093956
-150.21988
-35.479
159.47792
-44.44434
165.31183
-29.10915
114.18543
-103.70066
-15.893364
-17.28252
-17.398336
-25.214542
124.3595
-177.85265
127.816185
68.83477
266.17255
217.0792
66.84414
-18.348703
-31.886389
-71.829865
227.64285
61.979362
72.69083
58.424324
-51.820484
7.7248974
137.29343
-59.448406
111.33675
-140.49799
139.47824
-88.56495
-44.50173
119.906815
50.647644
47.08457
81.64544
106.569145
-95.58925
-350.49182
-160.53752
185.04387
-39.016853
98.982574
124.405945
45.137753
-111.00025
-156.93585
-114.17289
151.84541
-52.959114
-18.603466
-41.043427
136.99101
6.7935305
-146.20947
-94.56664
95.91299
-79.60236
92.81291
-49.27006
-46.68922
-136.34514
168.03699
-40.951675
-7.556054
-113.053185
-274.92444
104.68301
93.03363
-242.87161
-369.7857
-30.419771
-94.74724
264.7783
-132.27238
-133.23059
-40.341774
141.04065
39.106075
127.85308
49.10807
-68.06111
-62.0673
40.202454
-12.687872
92.57452
-52.351913
4.3114295
-217.27234
-86.848175
114.79125
-263.27893
-128.73055
177.05392
56.528015
-31.425505
-118.43044
72.947624
0.781206
33.77909
74.975334
-74.47763
-74.8187
-255.68636
-45.56609
-8.636219
38.160976
144.18985
-126.79068
210.37875
43.169037
57.057156
13.8104315
-148.35863
154.97491
-95.44062
-12.548586
-60.53734
16.970654
23.696611
99.109535
-276.46243
-25.379547
79.36999
-156.98581
-321.34073
20.618551
20.232286
29.875145
114.31824
-134.27542
-47.237953
-148.20895
-47.2537
-72.95373
33.827515
-2.3791137
-85.1193
46.228622
-9.001894
-170.07289
37.44716
-2.6891408
226.59827
50.157627
213.52203
-1.2041764
-34.667458
102.85279
35.73008
-64.76451
-34.365883
-148.95348
204.17676
-20.74825
-180.08325
184.75388
126.68824
-38.565067
156.13081
-24.038378
-231.88416
-8.6272545
152.21414
85.11285
253.45222
-35.026203
-15.992032
-95.52364
78.75189
17.6742
181.2943
-116.06055
33.704777
-11.212314
-7.564727
23.639383
47.745342
29.809786
42.412285
51.923573
90.77343
-7.9594393
-211.50362
-152.64816
145.52856
-137.78896
-85.18164
20.996023
-73.38623
103.14227
-42.73228
164.44797
-96.20021
11.865032
34.20265
-239.29785
16.262026
28.235382
138.59743
0.22009778
-67.573555
-87.44461
31.123463
-160.78244
-56.273308
173.59875
-62.41246
122.46127
90.90607
9.490466
54.916172
-40.5217
-78.631424
168.73573
101.019325
-84.848785
46.18299
-40.554276
149.40941
-18.080624
-3.8467975
-46.365543
164.09767
30.617462
-39.145668
187.0869
-65.678925
15.694898
-41.76653
-79.6175
100.77098
-267.12686
33.81995
-37.545
177.02994
-209.11646
122.35317
63.906387
-91.78484
2.108212
-24.189669
40.801308
-92.41267
-98.49938
-128.22826
80.86058
16.816687
255.00714
-121.44538
-23.578321
-199.10023
-58.564423
-109.02541
135.40115
218.06085
77.7378
184.32274
-75.74485
-144.48665
180.58365
117.62526
-38.229504
28.500689
-8.011333
-158.47289
55.89748
-7.1674333
3.916579
-198.90999
172.06253
-82.99751
-44.989872
57.001328
-62.95184
-114.79686
218.85622
199.87367
146.85368
80.72506
110.9344
193.61789
-58.542755
13.525704
-59.941998
67.23908
-2.3168557
102.53132
-160.0424
33.280846
-44.820652
-22.722002
-200.33037
26.46147
-89.10039
216.45656
26.850903
-76.65565
119.02036
336.84055
-135.84087
-83.69019
-32.689922
12.992823
28.86102
20.528822
30.501463
97.33767
58.10561
-142.26476
49.498493
-55.66797
-89.051956
89.27926
77.1783
153.38528
49.72804
48.948135
-119.629974
-249.47206
-215.10461
148.42796
-83.5911
129.34724
3.1269073
104.25301
210.92392
77.913605
12.299353
29.720804
86.79823
8.363961
87.17518
-58.843468
-34.00037
-127.74463
-157.46413
-145.06606
182.8255
38.517956
-189.88368
-79.24877
-127.4765
-4.4428225
-6.985246
145.12325
-146.09024
188.51155
-35.04513
-98.58352
75.66874
-57.11908
150.2067
-173.66238
113.86736
134.56383
91.70233
40.13383
91.24959
57.43903
-155.90222
214.92622
170.78006
78.67545
-226.5755
52.798477
-161.49391
-96.20403
-54.363026
164.65271
-16.241789
-135.50635
27.749752
186.79416
49.755768
-93.89156
-83.85456
-10.781845
158.4752
-44.40523
158.32121
127.63631
-131.46443
128.82391
-40.134457
1.0467834
-153.32088
118.9194
29.621683
-54.27132
-78.20021
34.902824
3.3568432
44.654964
112.788
-101.19208
-78.22919
-3.7860465
5.1483564
154.36136
-165.1515
-40.712017
-81.514885
-138.30338
61.303806
269.97784
-59.846027
158.15178
99.698044
-74.06831
187.80705
-84.088936
115.27169
-212.35849
-185.40956
-103.43047
-130.61366
209.78305
58.21995
118.73377
-154.69765
-33.808487
-36.67206
-188.10564
-55.984886
-118.2743
-54.650784
175.44963
-269.6325
127.61847
11.766851
-12.702512
134.25523
-325.94214
33.063885
37.08612
51.439568
-55.044254
46.273968
138.34695
83.254745
55.055824
70.14412
5.113167
-148.20824
-97.35115
60.09278
162.76317
197.1596
-204.63506
-190.95279
-29.441448
149.05136
-78.49291
-49.310585
-172.09517
181.37657
45.29062
61.902775
-224.82527
-119.882706
-195.52258
89.98701
-88.74147
-0.8669447
167.42703
167.98242
-72.75641
-164.64174
-2.8780565
-102.25049
75.100845
-160.05357
-123.20263
72.93908
33.057564
228.02725
148.56407
-31.394201
7.1398625
84.35088
42.647266
75.83722
-155.45035
11.312836
14.458148
79.139206
0.19558656
11.212581
294.87363
110.89974
214.6105
-45.621353
-43.162514
-84.45743
174.67848
-8.664778
-172.32098
55.67246
-13.782383
-6.8080816
-115.60096
-91.69781
364.60797
62.187737
43.463913
54.765244
-28.295053
143.09885
223.93124
-203.7324
-119.20959
13.311227
149.16368
64.48984
-117.590225
41.542118
58.03871
2.8749385
104.968834
-21.453838
-37.18712
146.39893
41.959724
356.3823
-25.848494
25.747099
202.26515
-124.491066
-0.08253479
253.74236
-77.58549
77.636665
18.577108
74.286835
107.021835
151.78357
-30.522858
-140.5345
108.57952
55.64114
37.314175
-25.72804
-265.41006
302.363
189.29391
-107.059494
-10.165195
-16.257378
-116.74926
24.545414
293.6636
-259.53464
98.13562
62.92415
17.830124
-69.24849
51.377796
65.282425
49.473145
-22.40422
-124.13007
-98.735794
62.890617
4.2487183
-4.9638276
-151.71077
-57.334293
-173.9727
94.372314
-35.02882
103.56092
19.24259
126.45735
35.633
-0.06707978
-93.951614
-28.647514
74.66902
-299.20972
-69.41243
57.64359
-40.821827
-41.90987
154.17766
162.02725
47.541126
69.87008
-44.479904
-86.87172
28.048464
-174.83673
4.54597
-54.09662
5.609746
-187.87582
95.47619
-0.2840606
9.218685
91.435005
25.453604
-32.71237
116.96468
155.55014
-83.56296
113.98206
-124.653786
110.173256
143.72632
-78.90515
-175.50485
-53.467297
45.923454
-71.98331
0.16145742
-149.51945
-22.525955
-230.54156
-107.724846
-77.95304
150.3
122.5283
7.846618
-15.500475
106.73821
-98.404175
101.780624
83.44676
-61.321022
120.21237
-85.5649
306.0505
-100.182106
-94.25707
196.8733
-217.67828
232.1847
163.56685
155.62785
82.39276
122.71831
-101.76935
162.50743
-138.32098
-113.50761
-142.3511
25.04636
-43.29617
-37.103455
-145.98245
-31.046638
29.616762
51.97152
-161.99423
-51.466343
73.33083
-139.55977
-10.210504
-196.16682
20.793789
-88.09244
54.00278
96.811226
123.316895
-7.4017887
146.55443
-64.228615
99.24644
-44.860188
78.51635
-112.719955
171.856
-153.09538
334.20557
26.983618
122.60102
103.412125
173.7198
-41.19991
80.20553
-73.35318
43.75908
58.593216
-150.40843
6.215512
73.46856
-11.176314
55.692196
116.791565
148.04109
120.89797
120.44453
59.698307
109.73278
-131.18898
183.74217
-3.6205275
6.421914
-16.125488
47.053223
23.902384
136.18568
-60.259197
-271.028
175.10611
98.48738
167.30795
56.835114
102.48838
25.099892
195.03906
94.707825
162.56795
-107.92502
173.64777
-56.51966
164.64041
61.9295
-152.10066
-43.103844
5.402731
71.52228
-37.244953
-100.057365
121.68513
26.791761
154.63629
112.02939
-57.147903
-1.1679306
-183.19215
-224.55807
-189.02121
-125.665245
160.33905
22.79556
97.6667
45.58531
16.300817
62.659557
143.2105
-104.70275
-58.00242
30.384739
49.621872
-86.37021
-97.29151
-172.95245
-61.711056
-30.143719
60.93833
-67.461
85.90122
11.477404
-13.367739
-50.259987
187.94788
-64.82699
-20.88261
-33.524376
-0.6860529
205.54463
77.49618
288.63208
148.70938
-194.20364
-11.401216
134.30959
-111.96133
-22.140608
37.40592
49.34406
61.252815
8.22296
-35.286217
109.788414
-304.73193
-59.44569
110.23107
36.214573
15.78021
32.388813
122.84895
97.61429
-92.670525
24.964584
-18.075241
51.12621
136.8501
-56.655964
-38.24227
92.96629
26.916489
-44.37741
101.99061
65.80925
72.85248
-10.850161
-56.272675
144.76706
-62.351543
105.73654
-32.726696
-72.32969
-26.431631
244.20262
88.1227
101.95379
45.105247
-83.606865
209.70605
30.92146
34.096672
65.018135
127.85097
264.00345
133.5773
36.354374
-128.14023
-231.6302
-51.396877
65.90848
-13.891014
13.814738
30.116266
-4.111371
84.2167
-12.756645
-135.5997
-101.81589
-148.9266
141.87769
-87.13931
51.312996
148.28375
160.46252
-161.01413
143.95317
-100.09452
22.210539
-37.188473
45.09324
-60.763535
-100.43364
-158.3644
-1.9792054
30.52627
30.408743
-10.184535
3.5103831
127.04573
24.571938
40.97752
-94.52533
-110.08064
5.730649
-41.105267
-213.91524
189.32315
110.12912
-9.172
121.208725
-0.9903113
49.19385
81.52876
152.26994
-158.60898
-150.63748
-70.184555
45.803062
-175.58931
56.992886
50.901848
-146.63057
-121.93055
30.554905
-159.62604
149.70325
25.565384
133.37585
-103.76573
-195.88142
10.728049
-125.03013
53.53942
-190.32901
-9.179373
-18.172947
4.2752695
-245.50237
85.40194
14.3708
-107.77147
-104.266716
-198.91743
26.668236
-33.628326
-84.82677
-1.3786843
-130.04465
-51.302822
110.0992
-138.38338
26.981323
60.1122
-212.35857
140.56511
82.01495
30.009682
83.72422
-82.025314
19.948322
202.31104
105.77351
-278.02637
121.15277
-32.934814
289.55637
-135.90057
-74.17626
45.77854
-221.40613
113.83209
90.566635
-32.799442
-58.375515
62.67543
101.39826
63.97943
-127.562065
150.76999
138.80983
-20.196898
30.892353
50.38541
-52.694225
-67.39166
120.04899
1.446454
23.276897
-92.64271
-28.830875
8.13267
-102.12689
-109.92055
-94.13744
-53.89357
10.080292
-23.524559
93.67063
-171.30219
1.7584288
108.98118
90.6857
-134.2596
101.01574
-2.9886336
-147.04718
-86.50378
-54.646324
55.800175
1.4983828
93.8617
35.156734
10.45549
148.87466
-8.165357
-77.401054
30.311178
-13.2956705
-71.70718
-29.338999
-88.6619
1.3965418
32.825516
-61.13038
153.80289
-64.408264
23.827133
-124.26991
4.971718
258.1594
110.30206
-11.968823
-130.65471
-23.585056
-205.42058
45.794266
100.55823
299.71512
0.9558151
14.60126
54.379196
-116.591805
12.86602
-157.57622
-37.764893
97.52868
87.30827
-24.560415
-103.856064
97.53745
-44.678654
-111.57927
185.78867
-94.209816
-87.0413
95.44262
288.20773
-67.29497
116.16516
24.513056
11.989107
-45.34904
-80.042206
-152.85208
137.96426
104.40082
168.68654
79.514015
-23.926016
97.26741
-16.762709
-41.57379
-370.09918
-237.37834
55.573643
-29.478426
81.09834
-124.45124
109.863396
-95.28532
49.874928
-19.77968
-224.12192
129.94221
8.741997
-75.20295
-57.21793
105.82231
-35.85835
-17.432743
68.70043
-60.022377
-35.24578
131.68843
-73.71226
-16.490345
45.85632
19.063906
92.187935
-31.255257
-152.12488
2.294129
-245.45743
-66.38837
132.39166
75.959015
62.71273
-137.3282
-44.332535
46.606686
-113.173904
96.7036
166.57248
-48.109425
-2.8500128
-8.240096
-110.17073
98.79992
-10.532579
39.30877
-36.121258
-179.36926
-78.49262
144.89635
-69.294876
-123.07574
-65.93914
-38.716885
21.588251
50.64339
38.842487
-193.14517
4.9006515
-48.282333
-8.607957
-90.42591
-3.5508447
-242.6942
-168.44621
43.263073
51.25422
-108.837006
-101.99943
-61.96248
-58.1101
-84.594826
180.23262
98.90198
-32.61313
-10.761317
173.65913
76.525276
-71.27634
-124.461876
-177.70805
195.77258
-35.478287
65.392334
-120.32426
-14.894152
120.275215
-277.37128
64.714165
-117.85729
12.658729
141.35931
20.667969
44.54572
107.537766
-94.67192
-3.4866133
-51.189156
84.946365
-9.277875
-42.75566
34.30055
103.554
-50.09947
-25.666103
-29.858826
140.69412
26.679548
119.6007
-16.886683
125.35367
-42.09252
-233.26335
-15.272653
-64.128075
-184.59189
195.15277
-29.6265
189.51173
-36.50012
-100.82135
15.975199
-198.3114
57.94571
-114.07837
22.213596
64.59457
22.53453
-143.7362
-35.157574
-14.524241
-148.87546
-26.436302
-161.98009
-205.79037
-81.45416
30.622564
105.26041
-84.65022
-148.44165
-19.026295
-39.963696
217.96259
-75.452385
157.59787
-270.21844
106.68397
-118.46343
-116.78495
-174.41043
-70.76207
-204.93886
207.76817
-131.78325
74.70243
44.95787
76.811424
-6.01149
65.90829
-269.0059
-132.07144
100.21511
-64.09633
-157.81514
56.42122
