-63.77797
-3.9577098
-28.499596
10.369132
-30.798986
-28.710861
22.64924
-39.86685
-22.29953
0.44913018
-23.532715
-36.454674
21.645416
-8.176758
27.916258
71.91486
-42.86995
23.700819
36.222355
25.798792
65.69082
68.92085
9.897655
3.608449
39.582264
37.70023
101.50892
62.427654
64.40882
-38.875362
43.04719
19.464748
-1.9012481
19.747223
-57.30254
23.478428
43.69952
-41.087128
-20.538229
-34.47345
76.35416
29.150604
-15.2362585
63.925117
-16.943556
0.50786877
-38.71957
-52.353245
95.028915
18.11703
-91.71252
15.173994
37.371883
32.167908
-43.876434
-6.638033
16.05388
-34.875244
15.00948
29.829123
-48.35923
-24.788914
-11.343734
27.965927
7.229211
-48.997887
-48.093536
7.541914
-7.2144136
3.2928307
61.827885
32.537243
95.04456
80.05183
-8.19563
-47.86671
30.74901
9.258744
57.872776
-19.076689
11.7815275
9.773512
14.283642
6.4920073
12.4583025
57.082985
40.624115
-14.496068
21.449072
22.586157
-11.139416
35.126617
4.021144
10.805483
-71.78315
16.457146
29.73279
-23.287252
45.031227
-8.395231
71.95792
-63.285202
-9.5551605
-24.86679
-18.113558
15.16223
-1.3921008
6.5892334
28.744793
-43.349174
-2.9300141
-23.633778
5.3421965
-0.345141
-10.59761
-67.47201
22.663826
-47.733414
44.974842
-20.440332
39.789055
79.492065
21.543028
1.1908693
-0.067726254
5.804455
-2.4027548
70.63543
57.090954
19.470514
19.836143
30.841537
15.984454
-16.593552
-84.64577
-8.319927
26.966385
9.082991
30.81355
-3.1386988
-4.4958596
-4.6719403
-7.9125633
-6.364128
-3.8354812
55.7509
2.6755471
7.3679557
39.89965
31.83328
-34.420837
-13.762184
-41.584732
45.37676
-63.80868
10.54368
16.216726
31.741173
-16.961992
23.188824
-60.39202
-48.56675
-11.481926
-23.35161
-33.152702
-40.92813
-8.162475
8.63426
7.5229225
-13.531448
109.62299
-74.63781
-15.803164
41.834564
-24.865383
-15.3229685
-28.76697
3.0691824
-1.3875493
46.14337
-28.884647
-54.37333
7.915655
4.9517593
-74.233
29.073526
-21.17435
-54.77595
42.390404
95.62684
23.640976
49.009365
23.284538
-81.43296
27.958044
-19.136269
-6.623602
-41.07491
21.505323
-57.55735
56.95627
12.45319
-26.54874
-74.26624
48.60508
9.6381645
-105.60012
-8.688967
-28.03134
-33.985035
-64.263245
-1.0877229
54.756813
-22.340738
55.32416
17.928902
-15.736293
16.612768
-0.40472817
10.057041
18.874207
53.878876
6.281435
-24.705946
50.364223
19.749283
-5.9804454
-4.885236
-8.426616
-35.365448
-28.871996
30.02209
-1.0505399
2.7026093
-7.365532
46.959682
3.3445868
-36.532784
-28.612238
-21.395279
1.1514832
-98.28674
-64.492004
-10.392271
36.778606
35.82466
-56.116955
37.456387
7.576221
-36.908657
-3.4893165
-36.908703
51.171947
-3.9774857
-15.057995
8.816992
48.677303
2.1049752
82.89311
-59.19074
-51.083103
18.968328
-78.510956
-12.188514
7.6714487
-44.659626
54.44825
16.131636
-27.032795
104.22427
-59.454906
-11.471002
33.257195
3.9508824
65.952415
-5.671091
-110.35218
6.663991
-48.883865
-6.717339
19.870255
24.140333
-71.88408
-13.093391
2.3385499
1.393551
37.37526
27.85002
-14.133067
68.881004
-95.248505
80.205795
19.065268
-55.434696
-7.1318064
17.35024
35.798588
21.761734
88.72831
25.975822
-34.986485
-42.65604
47.890022
25.854748
-14.496827
-9.32013
26.780361
-2.485078
-8.77943
-1.0309489
-71.0291
27.44335
-35.968605
-48.709988
44.873116
-29.183493
20.500057
14.793259
-65.70525
-14.855608
11.390269
-42.989273
10.773332
-51.080788
-57.39411
34.435123
-13.856698
30.896782
-5.4415474
12.985194
-8.705747
-21.229553
32.4392
-57.871788
2.6060982
43.695435
-21.398638
-86.54358
20.77865
18.157185
-35.650375
38.494247
-20.964428
44.97965
-53.47807
35.869804
22.342463
-2.3615446
38.773876
-44.477295
-34.81001
55.28463
3.2526946
-13.120462
-26.923063
26.029327
-3.90645
10.894472
-0.56760085
6.274692
7.3132234
118.42769
16.499462
-17.209581
-11.492104
-55.22412
41.301327
21.846182
-24.792086
69.241325
-11.770463
-2.5514512
-23.433187
27.915842
65.893814
-42.534092
-58.741474
-18.163717
-67.883545
-64.568054
8.420924
-59.908073
64.0864
-27.457035
35.56917
68.75522
25.90838
-6.5976586
-8.869233
21.08329
41.19364
0.69593644
-56.36956
52.634644
36.156776
0.9335592
57.48166
7.9269114
-27.984453
24.013851
-41.237534
-41.42295
15.986029
-5.577107
51.53863
10.709645
38.283318
-11.833316
13.777565
4.4041348
-49.870556
34.121956
-21.2412
-27.07903
36.242947
10.586005
19.868814
-0.08471918
6.566888
60.741512
10.202533
-30.60317
2.5022192
-53.852253
11.418692
5.746526
-24.037052
-23.262579
-67.02177
-83.61279
7.846593
-41.28082
-24.110872
-76.01478
13.396719
46.141167
-83.85465
-18.92255
-67.23876
44.601044
-0.80519116
-9.354796
-42.87734
-35.70429
65.17672
-46.272125
-0.2595532
-7.3477883
-4.14164
-30.146288
-11.028988
15.002617
-57.503117
56.078625
-51.243355
8.510888
-13.171965
27.931778
-35.40905
-37.644764
10.84981
14.880484
76.42942
-1.56896
29.291744
8.726799
16.018866
16.53983
-58.48506
15.243172
-46.912197
63.168182
14.573698
7.183476
-61.312393
30.111532
18.269796
0.41259414
8.531667
-63.120453
-41.10678
-19.730436
-35.27495
-33.43599
-1.0274218
19.831194
-6.8806596
20.853586
46.22128
-36.337345
-15.360912
48.718147
-7.419128
-33.178844
-8.491271
74.911194
4.3139825
65.826355
-10.059674
-39.358196
-58.597878
-84.23602
-60.659554
-29.96034
-23.937433
28.493376
1.8140411
37.61196
29.4237
32.811996
-43.186607
54.085426
-2.7363245
38.700703
13.943339
-3.4951224
32.56355
-62.06156
74.59503
-18.191677
-21.890696
86.750175
-15.233232
-39.756073
-4.683883
-20.51699
9.905086
-32.32057
-34.826622
42.723095
-61.594303
79.47048
12.558719
18.276524
-31.127026
-20.318512
37.431
-87.718376
2.6253617
-19.795269
44.03158
-35.81786
-11.361252
57.457153
70.003395
9.929438
-64.41619
1.860112
-43.613724
29.841274
-44.690144
57.864704
12.838452
-32.035053
36.1186
-21.689337
-22.93642
72.86379
-38.834
-2.5687706
53.723625
-6.4442844
-40.80084
1.6634499
-13.517567
17.088272
-15.147834
33.594715
-52.915325
58.806957
13.676578
-53.591423
33.600574
0.30141878
-28.109493
-37.078693
30.191673
-9.135664
21.633907
-28.849937
-9.010651
4.848242
-13.762484
36.107952
78.51077
18.382484
17.555374
18.767302
-60.146713
42.890682
-9.740842
-30.57889
-6.3921547
-10.294765
-29.958344
40.071613
62.487007
-56.488983
41.047947
-37.500328
62.188076
-27.169989
-35.5058
4.5953474
26.0439
-30.598686
64.81199
-89.26597
-5.2504807
-11.691607
-17.258415
-25.451574
27.78321
-26.8581
-3.0102043
51.341286
72.854126
4.5408716
13.094933
15.028092
88.88636
17.093107
74.33051
106.112305
116.89506
-17.442436
43.963814
20.70327
-1.0196704
37.560673
48.064808
33.97234
-6.6286077
-57.245422
-22.31602
91.105194
25.133808
45.31533
-26.397688
59.5369
14.653073
39.32913
-62.452557
-30.03957
-7.4398537
70.93689
35.43694
49.257404
-11.272286
62.23103
37.189995
-47.074867
11.588405
-32.550434
11.849638
44.68401
91.824554
50.412834
-24.40817
-9.731776
-15.471725
-39.980278
29.712904
-3.4903693
-24.655436
8.788443
5.455522
-21.216375
-39.55638
-40.57605
-79.60228
30.088142
-30.35326
11.972364
-22.456688
17.304972
13.299237
-32.13146
97.395676
-94.86905
-20.814754
47.706417
28.738426
-61.98572
15.068775
10.051185
-7.6626816
118.415405
-23.807259
13.497671
-42.107536
35.768867
30.167833
-5.204224
33.32445
17.24636
77.922615
-28.305153
33.747803
-90.80237
-11.632674
7.628813
-64.32681
-18.903667
-29.096676
-39.328003
-24.570421
46.84839
-65.0269
-29.598034
39.553013
-43.32509
-111.61415
26.90198
58.279476
-51.879147
15.249002
4.329019
12.779282
-20.937586
-19.60386
20.179428
26.146362
-25.176025
-29.197815
45.502167
-17.47656
14.287212
-30.137423
28.447186
-18.780684
-25.004562
7.42947
27.641329
-12.115064
24.097103
77.66274
-7.329174
-15.8501215
13.112791
44.940624
3.1708813
-31.267258
-26.940277
-15.433796
-3.0705636
-77.30347
-33.205498
-60.89009
-27.671293
-25.142027
0.46854055
13.62828
28.7601
-33.331795
-41.824238
-11.116154
8.468333
-34.270798
38.684177
-47.112446
-24.2204
-17.774967
46.742657
-20.987133
22.712704
84.57784
-46.76201
5.432566
73.71199
0.18241465
-18.984074
-12.145227
56.05731
-57.70499
-26.790419
23.624817
15.390653
4.3989367
34.398567
46.247257
4.2602644
28.939087
-12.220079
26.111967
3.5498512
15.58249
13.16453
9.627134
-7.054162
41.65027
15.853657
-48.45763
52.935135
37.25649
-9.4345875
19.26436
-81.04904
3.5894008
25.538795
13.823282
59.820087
-52.307285
-58.892193
58.972237
50.89688
-42.393024
-2.8981493
31.3132
-17.102219
56.48723
13.4019985
11.057704
30.480185
-10.498431
16.402912
31.318026
86.380165
25.320639
-52.883335
-9.326915
8.767733
26.960176
-3.2163575
-27.232212
-47.376755
-33.04618
36.265793
25.854513
25.88237
7.0504384
24.649872
-0.18344533
57.89409
139.2489
23.250406
20.994862
-3.1972497
32.64109
-44.2875
-5.283723
-0.6317098
30.096289
14.195775
69.079895
-9.919338
-45.111763
6.4922404
-62.447323
114.61857
-24.103027
-4.660247
-45.81794
6.4101276
30.70811
-8.259015
-56.59373
-53.599144
-24.75028
-25.708157
16.787714
9.063084
12.456474
-52.844208
-13.78047
-0.8777615
-70.67286
17.903784
-22.806545
-31.871151
9.207299
17.20416
-16.488138
-66.61936
55.09127
42.975033
-12.64649
-67.00461
-45.326164
-31.590528
-0.53592944
5.6094112
24.8402
-53.8457
31.623539
4.3942966
-15.870829
19.629831
-89.46415
36.70882
-1.3930982
15.386448
-17.314962
-2.4874067
-44.19885
-58.527668
-20.678303
-33.18029
20.497902
4.1619806
5.598267
57.268284
56.10913
-80.94636
-64.90476
8.691411
2.426301
-29.599445
1.8072019
17.6005
82.061264
-60.60596
22.238874
-18.037247
-39.812763
-16.593588
-4.544541
-38.44464
-19.386923
15.282972
-24.447214
-70.54649
-13.428862
2.671923
12.134568
-1.9561392
-73.74173
-79.29379
42.2842
-43.187794
33.435093
28.980127
-22.421196
7.2375555
-56.055954
4.295469
-14.13864
13.850837
-2.0849261
-47.91937
2.263111
-36.48187
-0.7154627
34.464863
0.72489244
38.933083
-43.354267
-8.79376
-69.170456
54.661926
-46.257698
66.98467
-19.0243
-34.61611
-40.228718
39.116795
43.165672
22.68398
-42.422646
115.96013
-35.998817
-60.273537
-48.228653
-29.07271
-3.282814
-16.604563
91.530205
-40.572468
41.829254
-50.08812
59.063335
-35.72505
74.29826
22.86884
-74.974495
70.93258
34.900772
1.1208262
6.4569283
-37.53123
11.750512
20.207289
-94.2001
-47.631615
-9.825475
-22.35293
-29.347075
-13.007021
26.94598
50.11947
20.52711
-47.551777
50.12166
-44.043354
35.847122
19.6779
61.743267
-46.489197
-33.21714
22.01339
22.57343
-27.66871
-26.065426
1.5694714
-56.74409
-29.2548
17.493795
-6.167799
18.68121
-21.995764
-15.191506
-66.407555
-38.259567
21.316488
111.738686
-0.15290189
-35.427963
8.94289
-3.1220975
-60.040886
23.224909
-4.0412927
-61.667103
39.559654
69.8617
-11.071578
-67.38889
-68.346504
63.917473
28.134274
28.991295
-84.901276
36.45068
28.061453
-0.19895625
24.324629
31.23838
-46.431705
-15.411246
82.02633
63.975887
44.37089
66.1955
-15.689781
-22.01415
40.38084
-37.788235
29.581495
7.216455
-55.67048
-3.8438828
12.551811
-59.21122
5.1423445
-7.414901
-56.21993
-40.955997
37.272778
68.763435
-24.57846
75.40782
-64.11608
62.52304
-45.121143
20.857584
-64.00707
19.431213
26.008644
-14.7351265
-0.3101672
-19.892136
15.273652
-126.733635
-63.958122
59.77477
3.2042499
52.73012
-33.450474
-10.774813
-26.134054
13.705779
-74.44022
-43.707336
51.31454
14.712507
11.409496
-9.066615
20.734482
13.204878
25.030918
32.661785
-9.060108
55.04293
3.9457054
-55.507645
-10.198561
20.816833
18.368645
-29.31877
-40.025772
28.087513
-32.688656
-11.877314
12.527113
6.8024087
57.543903
-50.103172
74.27575
49.21683
-11.332469
48.474606
-15.103961
-61.237858
64.44758
-57.092144
-30.867231
-37.44156
33.195568
35.615704
1.3200465
2.6537857
-32.16536
-0.9611716
103.29689
13.573732
9.631717
38.326683
-4.088776
7.3648615
49.93428
-13.396364
-11.477797
27.698822
58.783875
-23.803806
34.82889
28.339735
-34.99831
17.246237
6.3331084
10.829127
-1.3965008
18.010344
0.7976959
-14.252376
40.069386
67.62498
74.931305
7.5548296
-9.0428705
26.888382
74.34271
-44.691044
-21.139357
11.25844
-51.62593
16.91903
50.87405
-42.321056
7.028544
-4.937991
-33.744133
71.79279
-24.597767
-67.233215
14.527643
7.7090664
162.3572
38.33396
14.090146
62.94612
-25.937817
30.301388
-12.564368
83.70821
-12.758929
-22.286964
-15.803135
-31.554966
-49.938236
50.558826
43.852036
27.522758
135.69588
-9.049497
-4.0217123
42.858295
8.302768
-13.674925
-90.147064
-13.839821
106.985344
-15.012266
10.987175
-18.920643
47.051506
9.989045
64.46185
-7.397202
23.575686
22.898424
12.133707
-30.507374
-57.228798
69.127846
-36.806522
-23.125694
-33.9292
-36.447548
35.625706
-82.78113
40.91661
-48.66193
27.271187
1.8220729
-14.895583
-7.3989277
72.71821
-12.802745
-7.656508
-30.066277
12.306992
-29.652922
-33.43666
3.7559195
-7.9511704
-13.010811
-12.178352
30.234215
12.77181
-5.008789
62.75006
16.876348
34.444298
-45.369087
-39.107834
4.791236
-19.179586
-36.96978
43.449688
-43.60627
-80.582664
-6.0899763
-13.1522455
-36.99191
24.582577
32.491524
-15.505705
-48.475826
-58.120804
-54.86213
-92.29112
-25.439894
-81.73985
-20.714933
29.973026
-23.941921
-20.939556
9.778996
48.02759
-75.40496
59.82976
-33.991295
5.5155735
32.31078
-41.4317
14.357291
26.72673
-10.505656
-32.89265
-28.764008
39.754887
2.2209175
11.468266
-92.704544
53.33346
-1.989044
6.7834983
60.62701
35.66098
48.25948
6.107724
17.341843
37.02555
13.772842
-19.899534
-33.492207
-39.554188
0.20228553
23.785555
-7.8442607
29.121773
3.4346726
9.5161085
18.582264
0.66914237
46.302605
23.789856
17.452387
65.35239
63.815384
16.365868
-38.17508
-11.161941
-58.538784
53.29239
-29.448315
-10.419397
-16.160248
33.657066
-9.754352
-11.389833
35.949203
1.0179291
-30.234814
-22.346943
-19.39399
-7.1527314
34.107285
-30.440699
2.4245868
43.57739
30.861645
17.672283
-86.66056
-47.944115
31.917599
51.541355
-19.193722
2.3458414
19.491337
44.923046
24.985308
77.74515
-25.756372
-7.0463676
9.617383
-28.35119
56.081722
15.872044
-13.117406
-51.611782
85.40246
-28.057188
-32.282185
-34.494358
-7.711723
39.220917
-53.28259
-37.888283
-38.302727
74.73171
30.039005
-27.33478
-28.045307
33.206703
-45.732944
48.645782
-11.601724
-42.977142
-11.771395
-20.399103
9.750462
89.28326
-30.175173
1.4593649
-5.084414
38.693817
-48.38928
-20.82853
7.7604804
9.183908
70.56345
16.71888
-27.253239
68.224556
23.16207
-23.843153
35.006046
-110.624664
67.77276
22.03942
11.590259
-8.990946
-35.309498
-4.407732
-48.469566
30.87459
-14.3881445
41.728535
30.610107
-11.912834
-21.340164
26.349613
-22.684935
-51.167187
1.7500845
30.84356
-53.94494
21.216953
-62.64553
34.259212
-50.521896
9.438728
-8.76073
-8.161633
52.763145
3.564151
-34.8443
-31.475624
42.89138
-34.730286
26.969833
-51.96507
30.956234
56.516296
-5.823719
-35.939796
60.39898
29.281746
3.3561127
-22.247446
-90.27523
-40.00091
-8.471805
73.90974
60.275528
29.256926
9.9056225
12.640992
-60.84987
-20.148046
24.876566
-78.61126
8.153777
-6.3849115
53.0826
-18.882385
102.9287
24.779537
-48.08452
-30.469233
-48.206562
-27.401678
108.199486
21.892796
-87.90354
-76.45097
33.33331
-7.101309
58.869812
2.9622512
12.22929
8.621075
-123.817474
17.490772
49.398727
-49.748222
-7.663065
6.0926538
36.242672
53.991756
4.243046
7.1821084
-34.984436
-27.707478
12.064085
60.888927
1.9446726
-88.215096
-37.930855
-68.95975
-6.7040987
24.760918
22.264984
-43.546833
32.20419
-10.696103
22.378239
29.039804
16.95472
-4.717881
-35.247093
-5.545923
-53.774387
1.6283735
0.29163462
5.7076344
42.79393
44.248295
-21.590862
20.027752
19.8982
7.225501
-27.50964
19.436962
59.59214
-2.607008
-4.190722
57.88357
25.799738
2.464883
54.479187
-29.369764
20.597391
-9.5519905
-7.3127356
37.139046
15.00472
47.96956
6.6703315
-46.997925
26.869219
-7.215836
-66.58364
-16.92315
-36.414112
-54.904285
-45.05509
58.085857
6.247715
-58.844116
0.081866235
64.11636
-1.0769491
-0.045705795
-51.225544
30.106354
31.952263
24.98898
-45.77775
26.665094
-61.847347
-26.002338
52.942394
-50.3544
85.024925
-57.961864
43.886063
-12.769973
-22.78864
-55.796833
51.178413
36.24666
-0.088594735
40.481068
27.52386
34.851437
14.783073
-25.669281
9.78157
-12.866213
-33.530315
52.496006
25.59338
-44.371456
51.616737
-10.59742
16.76919
-32.150887
-21.720182
34.019184
-20.738665
-4.9841104
-50.354042
-18.75284
-8.490894
24.87552
18.941252
-41.767838
-46.01605
6.2311826
-21.732946
-24.728952
14.690283
-0.8870131
-77.684784
-3.3052568
24.520372
27.615868
30.470016
-46.149883
27.052393
29.57225
0.88809454
33.452095
59.09272
-38.880764
-31.858154
-8.102282
30.4933
19.220976
8.910723
18.588392
29.405195
8.76033
-10.669701
-13.326514
42.672493
-16.502254
47.018017
-40.98402
-56.123234
31.777447
-20.779684
85.19837
-0.18450469
3.0868924
-2.3006432
16.96233
81.48794
-46.775185
-31.124561
-18.44946
52.16655
-66.5895
-34.605392
47.044407
-33.237377
1.0444062
62.503273
35.817303
-31.549797
-72.169556
2.9112434
2.009706
-5.8490167
33.8534
-15.614972
-102.10663
27.0077
-54.172413
17.633368
-78.53421
-17.3258
-94.93929
5.74711
0.61846197
0.6534
-3.8190699
-21.915394
11.805418
-11.020216
48.58523
51.454002
-42.950546
1.9003253
29.468054
-66.97414
10.446883
-34.332012
34.109123
-60.963448
14.316346
37.817036
-101.689514
-97.658
5.1632795
47.57061
-74.30192
-38.358162
14.876951
29.903185
-17.862059
-4.4293356
-37.514034
12.142857
-15.076697
53.75812
-55.3534
42.721275
-0.26549932
49.305767
-3.0997045
-46.715446
12.264739
-30.438967
-5.1597323
-83.63506
-23.303738
39.712807
-47.37265
-38.111893
40.15719
58.90788
-24.14713
10.280749
34.322536
22.231852
-102.580574
-27.896847
88.7692
-10.302047
-1.4315988
0.18388468
12.439826
-19.603308
22.186722
34.394543
76.86632
-2.9745274
34.095234
-62.034966
-95.818726
38.067036
31.45604
-22.697529
3.1093707
-2.4002292
-15.4145775
-43.849625
10.59992
26.027258
22.279089
-0.6437727
-1.5362489
-69.08159
23.630157
18.831373
-61.550476
94.6268
-5.9486246
26.21119
-81.8565
13.171243
-46.712708
33.74152
0.12806177
-33.063957
17.457323
20.588625
-9.831436
37.456287
-22.955175
40.43908
54.743767
12.382712
28.788708
49.221775
17.355358
-30.953661
7.460611
28.008833
-56.312664
-38.338043
-21.679832
-52.98966
33.814323
-17.87742
44.919025
37.39984
-15.597161
-54.420773
-9.844801
22.469395
36.31327
-39.702274
13.330904
-20.940044
9.704242
11.420234
22.872059
-15.911289
-52.05547
-58.620556
-65.853874
14.223857
-8.072752
17.727596
30.740988
41.101513
-4.1056824
22.099749
-56.29554
31.05207
88.98253
44.89317
27.284319
35.03059
15.343978
-14.974421
-34.717747
-12.529633
-33.526196
28.963509
82.562355
78.03549
-31.817062
87.60852
-46.59222
-30.895134
5.1133213
-8.250792
44.267914
5.09192
-7.5559144
-40.20645
-65.03066
37.791634
49.541832
36.257915
-4.1756945
78.02409
5.899176
38.027557
-21.599808
-46.703537
29.213123
-40.53202
40.686104
-49.938957
37.341682
-42.1908
66.9806
-19.584198
-6.3601146
-27.33903
-16.05368
86.77224
-7.1249895
-83.92331
43.841007
35.18655
-21.677292
57.59096
-15.990976
67.70723
-75.15916
46.469807
-20.173037
-17.078426
27.464005
-54.920162
13.160769
82.80027
31.836529
-13.426555
20.23505
-4.579372
-35.84407
4.3008375
-47.422848
-54.814503
59.752003
-42.15833
-5.9512877
70.566734
-6.4085264
-40.85709
-42.398643
-23.907898
-75.10332
21.90888
-63.822235
-1.8796955
-28.378044
20.591091
17.850368
-43.62563
-71.30221
47.535183
10.973564
53.47031
-82.077415
-21.143799
-2.0528996
43.68417
51.93063
-3.4969985
-9.619429
25.85031
-26.759579
-41.435757
-19.049246
-16.638552
-37.516914
-67.75949
13.467901
17.583714
-32.74724
31.436422
25.706766
-66.842804
8.346
-84.19752
3.8641005
-13.98121
-57.86311
-65.53312
2.5326962
-45.359726
-18.831083
37.735252
-39.25983
49.326946
-11.103858
49.0764
-4.1603403
-37.34911
1.884441
2.7913623
15.160058
68.25075
-20.37653
-47.619663
-37.577923
-29.458607
59.868534
-17.037561
50.15204
-7.982559
-52.313816
40.38223
15.740509
7.245418
-21.605482
54.929657
24.952307
-24.786339
9.916611
-15.067831
34.66344
56.914146
-42.680573
39.073856
27.528687
56.339375
109.995125
9.558906
-10.950998
15.794765
-49.089203
70.97505
2.035976
66.849365
20.35685
40.288372
36.958263
61.90077
12.399235
7.6717095
-51.345238
-7.7996464
14.079309
-21.24561
32.239815
31.592295
4.736339
17.129648
54.557747
-14.329135
20.21582
-59.39462
39.22364
91.35409
22.35878
-4.8322134
12.067783
-13.530833
27.789103
-52.183144
15.905769
-21.657938
4.7548757
40.556267
30.06119
41.17585
-43.100376
32.396263
37.686962
-62.0759
86.903366
4.439084
-46.909718
62.52704
104.06166
-14.168277
62.186375
-45.032665
-36.261955
70.797615
24.167768
-100.370346
-34.001957
56.19399
45.644257
1.2415317
51.649826
-30.36035
25.51857
40.23465
4.86992
14.839589
13.761848
-24.07984
11.3895235
21.83605
19.578606
14.482158
27.494667
23.014406
-38.32359
12.049429
67.22898
-18.554567
-52.366665
8.885276
-2.5364146
0.74633753
-30.21675
-43.23232
24.682983
75.01715
9.725464
59.659252
-92.941696
-29.733706
-13.294045
5.4355187
-89.31186
89.71794
43.111324
53.13607
54.243935
13.898491
-87.34801
-3.7245157
-38.560833
-38.409462
-59.678257
-23.664572
-3.3491514
70.45542
-8.321941
-28.888329
22.913237
-19.114876
-44.009117
-93.55303
20.54468
-11.322248
76.46408
52.74451
12.9206505
30.537031
3.9204283
81.02214
-13.106166
-22.02945
-35.744534
-26.773388
-23.511213
-25.830917
-39.956062
65.60521
-55.702644
42.582783
-7.218927
-1.8737679
-5.870294
9.549126
-14.828938
11.180683
-51.021057
-81.22714
-34.486046
101.18692
-5.2023425
-40.907837
9.659346
48.64581
-29.134874
-50.192974
2.1084757
-63.265366
-33.62664
-28.041267
-2.8855665
26.728977
-26.134897
47.330463
4.0466347
-0.08511263
-39.83295
8.387982
1.6875769
53.38886
33.987183
-1.1539655
-31.446896
20.20735
67.14702
60.610516
49.18021
42.654354
19.958914
15.782148
-21.111542
-45.86301
-61.15305
51.616257
20.728468
26.482294
70.59587
-33.460907
45.838303
24.627779
45.624863
-31.207378
-9.023043
-28.77127
12.245805
55.168125
-0.13331403
-24.913141
-12.041478
37.47183
29.85245
-11.470974
13.057268
-10.94396
-21.887949
-18.486822
-10.8850565
20.494253
20.103737
42.420525
19.152498
-10.163891
-29.191492
24.954325
-36.647507
23.138845
-42.429188
-9.612507
4.520431
11.161541
28.494638
1.5057251
25.30256
-68.233795
89.14723
24.397991
-44.777916
-5.166955
59.063976
0.13187975
-60.219265
-21.51576
-89.108406
34.76214
-52.512085
-25.214657
27.0082
29.106236
29.94083
-6.5974092
-39.307228
-28.601475
0.2100203
-18.555012
77.50478
-133.42525
-19.489384
-34.528492
-43.29732
-20.174973
27.18069
92.40269
0.84002817
-33.868736
-40.111557
-58.01222
24.85646
-6.4261713
3.6620002
-26.963991
16.251762
-22.567942
25.148897
5.1275787
-27.787233
3.6785526
31.182594
7.236551
-15.364555
1.2654324
5.1656046
66.651985
49.532146
88.95501
76.56045
73.64049
-41.971123
84.45883
-80.175835
4.136575
12.082713
29.641317
-61.563
80.35551
-35.488117
42.86452
-53.163612
-43.09312
-35.54159
-3.6180835
-77.58265
0.58273154
42.746174
-92.49246
-20.33218
25.092865
-7.634158
8.18285
6.5954957
12.588777
14.337142
44.343803
14.5136385
12.654563
13.533117
50.581745
2.1147847
48.108837
-3.347383
28.94649
32.280235
-44.64973
9.691142
-32.241302
-12.685804
-13.383225
-24.658306
-86.96942
35.681313
-2.410276
-16.63916
-24.071545
64.52293
-4.9602227
-15.17681
65.53017
6.126715
60.903625
-15.677224
38.585365
-7.9261217
-7.859728
-19.359304
7.044794
64.694214
-11.514256
-12.992298
17.51883
-46.339016
26.244658
-29.66977
-18.02868
-25.334888
12.008944
-3.0239856
1.6934621
25.233185
-16.473581
-2.385621
-61.916256
20.357168
63.088535
15.600316
-86.043945
-27.026215
2.8021762
-36.659435
6.650297
0.81257135
-32.45465
-26.981571
-25.64571
84.14945
-56.89238
-5.201472
43.944557
-36.135136
-84.56983
50.37234
-33.322937
-51.578346
-49.13743
-10.679974
21.71746
17.404589
75.14537
49.951885
-4.622091
53.260315
121.27433
100.10766
-5.3314447
-40.774017
-5.603231
38.714397
-38.98175
-79.798195
43.765324
-33.388725
-33.68855
-4.64037
38.17709
33.32729
63.475517
7.8432856
-3.012033
-19.259298
6.1727276
-54.84811
-48.94727
-8.296156
-31.156843
15.151282
63.305267
-8.705549
-14.362959
53.58427
19.557344
39.84685
-31.906805
72.46989
68.01981
-35.299767
99.56835
15.66849
-4.893871
-15.198877
-31.090296
-10.476993
-98.09673
-52.64587
-35.815525
24.046507
-12.092338
-77.72102
-13.357949
30.923353
20.05092
-16.729774
-28.87621
51.40708
-6.8871517
70.716675
-60.12477
-53.923756
-29.467398
-12.194387
1.0844834
-31.34233
37.764137
-39.000782
5.496784
42.095512
-26.70319
46.29489
-9.328065
29.864305
-18.750706
23.324207
4.142687
-30.549675
-69.27789
48.343826
1.4380233
0.15947859
-86.097244
-25.291136
-71.05929
-49.898468
-6.179014
-29.649017
-35.172085
-8.583075
-54.312096
6.5317206
-39.65513
-16.65322
21.31999
19.159464
-46.532967
41.152443
15.635723
86.710205
37.21281
12.814414
-5.7142053
-32.74767
-3.3337579
-42.30848
35.847
-88.80862
41.31417
8.869227
22.270641
31.793928
37.203537
8.466714
89.96681
-19.122791
17.267725
-78.01115
-31.839672
12.650133
-47.828392
-27.46154
-22.968246
56.431786
72.931244
24.547956
55.4144
16.69536
4.8655567
-53.102406
86.1651
50.261944
23.37016
-91.30491
2.5501242
-30.794533
-10.280051
76.96841
-2.052803
51.950138
-46.087555
4.663903
55.285217
-19.229597
-0.64510286
21.397072
-63.0652
64.62238
14.860027
33.82256
86.65814
7.702558
-13.425063
42.938572
1.5677311
1.282995
-36.95104
36.000904
-41.352936
49.9691
-55.091827
36.15372
-6.7761364
5.995919
-9.515612
2.1563628
-76.1992
4.910683
20.799284
-43.718895
45.88217
-15.998913
-42.31161
16.274525
45.477287
15.359088
24.230293
-15.86315
-8.964493
-17.833805
-46.482533
38.068188
11.8372755
-13.020205
-0.20217556
-40.42116
-12.314813
30.308968
52.387596
-61.760597
-3.4825413
-26.925817
59.73082
17.694714
48.14745
57.104305
-30.73983
81.45814
-36.328396
-38.73924
58.443592
10.226674
16.351578
-41.809177
56.90183
89.3759
15.085437
-47.97447
93.64065
19.546198
57.924225
23.697294
-2.2143607
8.022419
82.14158
34.38444
-9.426332
-20.814798
-54.317356
36.03812
34.159985
133.4743
4.3742557
-87.599106
38.539738
39.225857
-7.226543
-38.21976
-32.370586
1.1810966
-36.383698
8.294838
-7.381587
-33.95242
9.82918
-34.74514
-29.366524
73.70735
-41.49508
-51.13812
-20.388643
-0.696954
-3.1840944
-24.357897
-21.1881
-17.779196
1.2387886
5.450847
38.58722
18.428322
51.95052
79.960884
-26.370863
-44.99776
6.6675057
-69.533615
30.549877
106.972786
23.987347
22.754665
92.49757
14.226165
-25.255762
-15.571827
30.753109
81.516716
-33.5598
80.93821
-39.25743
-4.8012514
-45.27884
-52.20875
-64.16974
-60.084137
41.975994
-0.35163653
-113.98765
-14.997632
37.750805
-11.646606
28.829803
-37.153603
-58.141777
-36.90411
-32.144135
36.40532
15.324609
-32.75541
55.0224
25.158087
11.774639
-14.543293
68.58698
-29.618443
-12.973716
35.5567
114.191536
7.1157656
63.116882
-17.24097
102.87929
-21.117832
39.428352
24.032125
-15.022433
-6.9128046
1.6060083
64.81817
-24.199106
12.08006
-39.00736
-20.00385
33.283848
40.33803
39.638443
17.826757
-9.903266
5.4649096
5.2160273
79.671036
21.154453
18.549065
-51.49654
-0.4819527
-51.215157
64.85337
-43.571957
4.2640433
17.396105
40.09291
16.658533
58.72724
5.3115377
67.71037
65.726105
30.99435
21.722569
92.165504
82.50779
29.760616
-10.692721
32.733013
-16.62005
7.64052
5.5330157
-3.139185
9.889174
-2.210633
-30.884233
7.0490093
49.36354
-4.187181
-50.550816
-52.6774
1.213018
-10.492981
-9.088924
13.490947
-43.93559
46.619995
23.916693
-29.406977
46.421215
24.548302
70.93367
15.583152
94.671455
7.5323167
46.419693
-14.35833
21.373894
-8.370773
25.680185
86.19888
34.73565
5.4232025
-9.281783
-101.99427
31.430704
36.260616
5.2033854
-6.8747525
-18.408344
-78.58448
40.74224
23.87024
47.836365
21.928482
-44.27322
19.034903
-46.6538
-14.490272
-27.415625
-23.803207
3.348011
-2.9708738
-11.251512
-15.139834
-29.008743
-108.77901
-10.384557
83.486725
7.1053295
0.34901217
29.931953
-18.853573
6.7262263
14.205858
-44.100887
-6.9436707
-71.65103
135.21475
7.2440405
-22.51403
-35.00299
-17.59615
15.063477
51.407814
32.467724
55.27822
-32.80522
8.663364
-59.855427
-14.72726
21.158098
14.201147
-17.855328
31.539507
40.27189
-3.357717
42.488518
-17.72324
-36.651917
-14.335936
-7.6143456
20.258455
65.04523
2.912683
53.283463
18.190271
47.142803
-64.569824
-12.919069
-31.147614
-42.96491
-121.25534
27.022045
5.3948545
60.92322
20.697453
15.505871
-70.352905
-19.15252
-4.334779
-21.467327
-6.106986
-38.325504
-2.3002965
-20.317629
-16.193872
47.805347
37.57728
23.499184
-19.861975
34.265884
-35.647335
-0.04715514
9.217041
30.471394
27.610666
41.561386
-12.159013
0.7104425
38.975647
-35.769608
-38.924473
1.3387024
17.229181
20.286076
37.51648
0.10527913
-37.433086
73.50037
21.91642
1.37427
-7.0037494
-21.790886
-11.792535
25.425163
-16.278585
-37.603783
-7.660885
13.3965
21.787983
-3.4451334
86.24982
-110.20332
-31.825039
30.291315
26.778198
35.0188
-61.003933
22.35512
-46.09546
-28.031206
-60.08227
21.56371
15.9576645
14.714202
-31.615007
35.440144
19.481709
-44.97787
-36.317513
26.30154
-47.140617
-70.92519
-36.12747
54.513554
11.734583
26.14255
-17.566238
-17.36494
-110.22949
1.5258566
-10.946974
17.872343
2.1374466
-14.28675
38.659958
23.763748
3.525821
17.453018
-11.630766
-33.945435
2.349904
4.8716397
-29.44608
-5.5924892
-14.651938
66.77305
-18.561125
-19.176167
-7.1554146
-39.63445
-31.877989
2.5050042
-35.296394
-2.8239248
19.159966
-37.133476
-0.4057778
-1.7290441
107.51987
-16.918009
-29.211231
13.589558
55.7325
-11.239291
14.135935
26.852688
-30.40946
7.8293123
-66.333336
-77.91139
-119.288925
-8.648244
-42.31758
51.95225
-17.51697
-29.55233
45.406025
-11.681788
32.976597
50.56303
26.827171
-38.023457
39.937046
-43.392914
19.04615
-65.62196
15.54883
-50.84909
40.612965
-40.429577
-7.989175
-25.642578
15.360052
9.46994
-35.14637
-57.78132
-6.1931057
3.9327116
-37.332764
11.614094
-76.4975
12.389422
5.8758125
-32.48029
-23.309505
-66.19749
13.350066
20.316797
10.151457
48.3023
65.01928
19.36161
-25.516531
-46.30274
-69.10815
39.974186
53.46176
39.20784
-67.764656
-1.0172994
7.396052
20.434889
20.863281
-11.878907
-45.157246
-36.328983
32.613846
5.496059
50.698822
49.11815
-76.007225
-49.13907
43.17072
-6.2382298
-58.939056
2.6027853
80.030365
3.2241323
-4.2265096
47.830933
-9.555412
-27.016628
-8.604059
-67.16339
-26.970188
-23.212145
38.744305
12.624136
-61.64285
24.334257
-3.0886817
10.807298
-60.233734
-25.63338
66.127014
-64.02066
7.221542
0.9267924
-0.41221
-1.7872503
45.828953
-55.887535
-78.96522
7.2152987
-0.14586872
27.015778
34.491287
70.629715
31.408197
-28.657423
-5.7632465
31.638716
-32.64772
-29.25088
-44.71057
-93.54754
31.567978
81.80487
69.565926
-20.65315
-62.282597
25.16547
-55.87149
-16.675732
-7.7427225
23.003664
-18.098497
-7.8066125
-59.072083
16.385216
30.90176
-33.843414
16.123856
-21.02575
7.976162
47.270374
-48.222885
24.608744
-16.328224
-27.652815
-61.09492
-46.410797
-30.067345
-12.178108
28.430836
22.768734
26.723581
-22.753084
4.65155
47.160206
56.220066
-26.745768
-29.144623
-11.572076
27.720083
18.743937
-47.672333
0.6603117
-59.131447
-16.82909
-52.732586
-46.425026
2.3466823
3.7394924
-9.883189
-24.523113
80.06113
-5.7547593
-1.8745816
25.654692
2.030145
92.277374
4.162291
-18.599436
26.949986
48.285454
8.286569
62.15609
-39.761257
18.928625
-6.7956276
-16.004044
20.637068
32.39539
34.735077
76.785416
-35.184246
52.699696
7.0526543
39.22124
15.0474825
-7.015833
34.5884
-60.81078
10.797405
1.3645217
84.10875
-4.2484446
27.811922
12.039103
36.924923
-7.0830684
3.5812879
-53.705032
5.40992
-23.8144
-47.488415
-2.7736247
5.2277956
35.453766
-24.653051
-36.244347
-27.578678
3.694942
-55.505814
-14.396972
-21.383968
0.2196908
-33.478493
87.41457
9.189318
30.873478
-60.813793
118.469696
2.8791223
-87.10211
-59.762634
-66.073555
-21.11552
37.258568
78.792404
-52.648335
-17.738161
-54.87972
-27.500513
-17.253855
22.20395
31.491764
18.776075
-91.344826
54.46911
-13.737995
28.374153
-55.59709
-9.051874
-20.453125
23.02503
-65.933464
23.188845
-6.8762355
31.94926
-20.981667
65.01226
-36.489376
-57.816982
70.69414
-100.1119
22.285221
22.309689
