-226.62569
42.481075
-91.02947
-91.64767
49.038662
-77.33607
31.884892
-12.091239
-52.93771
-76.97969
62.725613
-144.90717
94.37641
-110.60023
47.0311
13.705654
-111.2155
-132.656
127.61576
191.53127
99.954254
163.56918
-10.513199
29.67675
41.040836
29.036966
129.82616
86.01324
205.84978
-22.510746
121.385765
27.014835
85.90568
35.23765
-206.24919
-11.622076
-21.633146
-21.943962
-163.65553
-6.3064632
124.69273
136.28581
-76.22806
61.304855
-116.67842
-109.47983
-90.96067
25.599712
131.77678
51.63213
-9.237476
46.209717
-29.299646
222.21886
70.172455
-145.11232
-37.397644
-134.48207
-69.599075
35.488976
16.633177
-67.011826
-46.340065
-13.940837
-34.19212
-200.58896
-42.521065
61.101364
112.08209
10.466505
-15.308987
-86.92088
84.83948
11.472571
80.25603
48.983063
-10.895904
32.38939
44.73035
-20.805555
-17.70201
-48.485893
1.7832936
7.9235787
-51.004623
105.18426
-95.43972
-14.21537
48.83045
-12.576153
55.347473
-30.06652
72.26928
-4.9984374
-41.484917
28.266949
24.606077
-37.390797
11.93046
-56.81683
130.66275
-108.83328
-98.46951
-55.63058
-51.695988
-9.110837
15.052892
42.481133
-47.515152
-119.22003
-135.17102
2.9430437
31.24446
-7.2729416
52.916855
-124.14457
-54.045456
-55.803696
48.474323
48.297306
-8.795178
172.42766
56.37007
-94.67156
-16.731155
-135.84349
85.678116
15.031246
3.4987392
-90.9446
2.87163
19.47522
131.39795
50.368862
-67.8152
-28.132257
68.31745
0.9732981
-13.595847
-13.40847
53.596775
-54.79942
-120.97802
-21.36039
-80.82039
87.75451
-44.380486
-63.435143
97.3242
96.420395
-70.13452
103.70628
-60.427616
3.4212327
-145.60321
22.241293
-85.338684
149.68619
85.94904
-89.744514
-56.25915
-112.769554
-141.37589
-193.10315
72.077126
-15.454679
-4.935463
12.024211
118.142944
-92.4824
120.52759
20.985931
116.22306
11.943958
-22.535103
30.269512
-52.95946
59.08291
-29.186516
128.60483
-53.085255
-13.483466
33.54063
141.55472
-86.14211
62.210808
22.77102
-131.60246
39.499462
205.36836
-79.966896
161.37418
28.042854
-62.636375
-63.255207
-151.96713
-44.37374
-44.397045
-102.726074
-19.724997
93.88853
-24.327658
-94.45154
-80.68335
73.04347
33.368355
-28.339275
-85.46265
-114.39943
-26.807844
-122.65668
-115.675545
23.265377
36.102142
68.044975
-161.47163
-147.97614
-6.5855465
55.396793
61.34168
-66.05118
103.86058
-67.67985
-58.645603
-46.8375
69.59144
-47.029945
14.713714
-56.903362
44.66681
52.664173
86.883545
60.09001
11.303608
-138.6092
54.634113
-72.72519
-49.071934
-86.199425
-115.25186
89.96188
-142.42151
-59.15761
-49.556282
26.764336
121.66861
67.0859
-15.343054
21.414705
-154.90797
2.2632837
-80.9691
1.5302104
-45.218533
-56.695343
104.45203
51.96247
-69.70652
158.755
-69.49105
-94.69028
-38.142452
-119.687126
-122.34453
-65.896416
61.045387
125.16915
-11.315047
85.224106
69.49956
-69.19197
-134.62752
-73.53773
35.762424
32.24602
-27.826231
-20.821316
-20.952946
-95.139305
-42.806564
24.741312
-32.169353
-14.33447
-12.335641
69.70345
27.583786
28.63623
77.90297
-143.92613
76.483475
-96.37585
39.38685
104.62555
-129.53186
43.852085
7.2806525
105.89276
2.4740665
43.77248
96.59788
26.507921
-117.480835
120.40669
75.62633
15.775206
-70.16981
-105.84197
67.036224
-47.209995
11.054963
-158.14864
89.596664
-20.668781
-106.6517
79.00085
40.559353
-32.933224
107.147766
-54.50406
-29.980482
-62.380585
-70.24316
64.48947
71.333954
37.929653
-10.001291
-97.12246
76.61414
58.791946
32.82795
-25.769733
8.217846
-84.35148
-90.18386
79.56585
108.03017
27.607449
-34.13158
-170.8872
30.832502
47.573467
63.465145
7.097822
-93.50952
-165.68726
94.30276
122.217415
-22.10751
139.05087
-27.097002
24.96181
137.23071
-93.33885
-155.20596
-29.048847
-0.31787217
-28.422094
120.7717
43.235073
121.290695
29.005394
173.32846
33.46492
3.9701219
-80.48615
44.83799
-71.161575
139.0032
22.501532
151.40285
-26.488338
47.202343
-18.89181
27.45104
65.15263
-105.431984
-184.21768
169.71097
-40.983845
-44.093254
-46.81005
-106.91172
83.01467
13.607279
11.011653
-80.102455
119.61142
-126.078896
-34.35669
-32.91471
73.58924
-37.81736
-7.30752
134.30966
-6.5239954
54.50122
-21.22276
15.287549
-39.310013
31.392235
-82.48321
17.35152
15.214892
14.396111
153.81429
29.177496
106.07307
43.95723
20.79648
-41.067745
-40.79468
-49.962017
83.197975
-15.945141
98.82617
-72.93488
50.70152
-45.33587
67.421165
16.380545
-21.254934
-106.56267
-90.490906
84.796326
39.250385
121.020256
99.48759
-10.153073
-2.8478487
-248.3982
16.01926
-137.42374
-44.477226
96.6448
86.61997
112.65248
-151.6973
-99.1668
88.279915
-77.007866
-51.94638
79.57543
-40.706795
-13.867993
7.9473934
-60.692734
54.161156
-39.13001
-81.01727
-39.952576
2.8346922
49.11628
-71.28987
-121.07836
-16.933405
-111.38922
9.711685
6.988829
-58.14329
-111.00629
28.591946
155.82426
-45.198326
135.54425
-92.12076
88.80854
-23.157278
35.809364
-49.337093
134.13214
-91.26248
106.44149
35.75834
43.509315
-0.76874864
65.97523
-32.502617
-104.61244
-54.601444
-65.81729
-64.47006
-154.63367
-51.014755
-6.443131
-59.587383
-46.494045
66.869095
-53.673138
-79.06606
123.74467
-66.46639
22.310543
50.611626
-58.76579
-17.999825
-3.7502494
20.085213
59.033722
44.419888
-3.5943832
-126.179665
-140.55602
-26.526041
19.26734
15.971971
3.89794
-46.37909
52.13331
32.02199
149.14003
-69.73973
-82.63954
77.66747
194.57907
74.24033
119.88999
-37.881966
91.51058
-15.776067
-29.239464
-164.94136
155.40012
97.78579
-110.14175
-58.328506
41.24511
75.93162
-22.439938
144.49022
53.366615
-113.939445
64.22075
22.952309
13.266901
-90.4181
-5.048482
30.97563
-138.83243
110.586685
5.696773
172.9137
-147.0372
-156.19334
-39.480164
-25.207762
91.32812
51.30697
-12.856842
-33.968502
47.554317
-26.030815
154.08603
-34.735455
-142.29753
-2.90284
-91.50856
34.768826
128.3354
-84.03805
115.18466
168.85257
54.027985
-69.216965
10.230611
-27.972698
8.691777
8.61836
94.76361
-122.00244
134.7918
-0.34933388
14.949019
151.21196
141.97928
-70.34761
-24.597971
-87.464005
67.954926
55.97317
-161.43541
-54.553806
115.66639
-27.594946
77.86976
248.92468
13.752727
-0.8911411
-63.066135
-190.43546
58.837357
63.85259
-35.03833
-58.071186
-52.611027
31.604424
71.47178
72.88424
-163.20343
20.594965
-40.575253
17.992636
8.681715
-49.50479
8.768643
2.5928786
38.540382
-12.337268
-235.92517
-9.66985
-43.24619
9.58075
-30.050335
-37.762035
-2.8357906
-6.2800865
41.83066
50.121426
-114.05586
13.831574
21.304388
103.05651
-28.697117
182.60252
202.42268
191.8154
-54.567017
-6.8193493
61.946323
27.371086
-42.141857
64.84733
31.744741
102.961426
-173.54791
-55.31473
127.144615
52.18881
18.489286
-81.80959
-13.530692
-20.340752
-120.73106
-108.870056
-117.92408
-15.620323
175.30019
70.14136
2.793293
16.694214
30.717834
64.89523
10.163695
-96.07105
41.568832
-57.17144
65.09695
37.992805
103.21108
80.30405
38.515587
-65.012985
-70.54994
28.08264
21.085133
-108.67978
-30.150017
74.09221
24.44972
28.085129
49.27157
-36.918713
43.915703
28.604366
14.794264
-11.864907
-43.165535
-16.402319
24.851862
44.690075
-105.08119
-21.623863
93.762184
8.843084
77.080025
52.707317
111.04549
-53.96083
56.0482
-41.516026
-0.5347747
-110.63228
17.268768
37.575214
-18.885744
55.72674
23.179817
91.04897
-10.946438
-48.46401
-78.4919
58.869164
-108.530846
-55.382072
69.99632
55.825558
-96.69837
26.536913
49.458214
49.615986
-8.523759
58.9525
-36.703156
-178.19258
-46.032364
191.01575
20.594042
76.47937
-6.587593
20.670616
1.1880699
-13.778317
44.531124
-143.542
-13.280912
-27.678276
-44.3188
15.56413
-89.90394
-22.744747
-15.286182
-88.773834
-14.406345
-132.42569
137.49387
-3.7727685
94.92152
59.35191
30.655172
-213.67215
50.198025
-22.445557
-47.407932
-114.866356
60.346615
78.56282
-1.891572
32.32074
-11.404059
-133.33955
12.748888
-32.336155
43.485893
30.90871
7.976992
77.67111
54.64179
21.22991
77.33268
-86.005844
-19.133612
-141.60547
-127.825096
13.24943
44.05176
39.10666
-11.0123415
97.780846
-51.822803
18.29788
93.905205
-84.327446
22.018784
-49.400036
62.19844
-124.12564
-135.50255
-32.933697
112.35906
28.885073
90.28697
27.90373
-140.96957
7.597827
75.10336
45.93316
30.979965
42.460995
-110.23602
-182.60005
-11.912294
153.28264
75.50588
-61.91258
-82.76786
151.1458
-21.108053
-44.65111
-115.20273
-2.7860103
129.24521
-143.90164
65.88979
-78.67661
-35.532955
147.5903
150.69348
-151.64368
-55.21543
-118.08676
-69.05193
-26.864227
-5.870742
-20.408583
42.000977
35.23588
32.354084
-9.902113
62.849804
-3.758242
-70.1471
-125.14716
-55.289936
35.895065
-39.31815
-64.9365
1.8786845
78.48543
-13.5111
-45.001717
20.95092
68.09918
-45.355774
-18.546017
122.37221
51.548
153.95798
-69.94733
-5.4580183
57.111115
-32.4787
-44.668755
13.7408285
-106.25366
41.05924
-26.710762
11.815304
59.2056
10.758931
-17.452053
124.61579
-7.233714
62.568546
-42.969643
-20.148867
68.87627
66.23496
-71.012146
-68.07838
-20.005323
28.676723
-2.789879
18.694412
81.622
-96.64294
13.180235
-1.5463644
-66.40821
6.9826345
-42.74334
21.650677
-42.42387
133.61345
-117.829025
-133.02315
159.23697
80.16205
69.00324
-90.02242
-119.0358
-14.672783
43.9994
71.55494
17.95918
-22.57564
-122.31497
12.0020275
106.63748
-32.585968
-54.435303
62.58578
-0.7257265
-126.17729
5.2320423
-108.316795
42.776833
-67.486374
-52.251877
-56.166836
13.417269
147.66718
-2.425967
64.19236
96.139
36.13063
-14.469917
58.366467
42.686
30.692507
3.1229224
69.9061
2.5541801
-40.421047
40.479897
-46.38073
-61.130325
-84.998405
9.99225
1.7381886
-41.978428
-131.59433
-44.89266
29.201921
13.095429
49.39319
34.47863
-75.63479
-17.656721
-74.96833
24.902308
-127.84084
-14.15263
22.612127
-107.7575
53.75353
-74.899864
-3.5954223
-46.110523
150.0297
-30.099371
27.152407
-81.10898
26.924597
-46.645973
-97.11652
-20.51407
-65.7729
-119.586555
2.0417447
-55.369217
92.36567
21.397825
36.56606
-72.20461
-35.22168
27.379597
47.622776
12.013498
44.287846
-120.162796
-20.296501
-55.969746
-94.86666
3.5030932
-85.42701
-87.1629
-37.720425
176.15782
19.805983
121.88616
-107.144554
35.56818
-111.47386
25.496252
-40.988747
-160.88623
-24.584114
-43.419315
54.796402
22.11249
-119.22668
-9.401255
203.40536
-24.45763
-28.289843
76.80911
36.34694
-55.775917
3.2033026
49.51587
57.267433
27.89965
-85.68425
48.000004
38.99429
1.6655047
87.82567
85.9591
-72.3411
0.22226176
-49.969975
71.845436
46.562225
-49.2326
-30.669374
-7.304658
-127.45882
68.56628
-36.709396
196.75322
-0.25166035
13.104363
-120.48979
35.347458
71.71833
134.22128
5.206929
-35.123135
-62.032623
2.6280146
-165.46584
-51.834473
126.807625
-89.903725
8.763882
-49.706074
-78.80218
40.479836
-253.21904
128.4677
25.400383
93.55645
-197.18008
94.981606
-51.109406
-89.24046
-1.8419023
63.20466
-169.04263
-24.887053
2.212439
29.425112
172.49803
-13.721736
18.982101
26.627571
139.89487
-37.827972
58.13747
-40.818512
-141.20552
95.67373
17.694584
80.209595
-43.509495
-20.509779
-34.68426
-154.31233
70.80735
54.229313
20.672276
78.2651
-20.782286
128.2539
-31.27682
-76.222336
-162.92516
-12.4169445
69.929504
-36.39441
-55.17292
-36.668373
67.86127
-127.510475
-79.06876
70.058105
-119.20867
75.07013
61.165863
-5.0746026
-29.091011
15.530838
10.294922
-134.85172
16.651955
-12.612272
-24.358826
43.288948
36.883007
180.2127
-83.21073
31.798437
37.730587
181.8747
-47.977394
-185.12122
-94.253044
57.465786
65.28429
-32.17093
-68.4132
5.7916393
45.268364
9.255167
-162.2898
44.154457
85.249405
-176.84946
21.677736
100.51696
70.831566
71.28713
-6.610031
12.370349
29.21465
-143.10493
-26.135084
-138.21783
30.881432
-68.92966
16.956247
-92.33791
-77.59564
235.1816
28.150513
-44.670387
2.7192638
-7.965925
-96.46685
59.411472
-40.04218
-133.45332
-56.793427
-41.587543
234.05576
-50.295414
151.6326
103.6403
83.90031
-5.643057
90.19235
-145.49033
166.70152
-23.033447
-148.4554
97.38789
-6.0351973
-31.842323
83.61043
-46.548378
12.840617
-55.60263
154.49516
-133.12935
-116.921875
-81.11658
-191.6762
21.393787
48.079254
-81.4443
-19.337303
-48.584595
-51.220303
-90.68446
49.402203
-102.833305
102.98684
133.00804
122.26953
64.22441
-74.681656
-10.561971
-127.36256
-6.6573353
-116.69922
175.05469
109.42386
-145.48547
-42.4837
-31.237738
-24.212633
177.61769
71.76227
-82.25932
65.089066
104.949905
-28.855347
6.477074
-10.1239195
78.51463
-205.6716
34.718758
54.5381
-149.0619
-156.37907
22.504204
-10.56941
-67.59209
168.15567
-111.23125
48.322727
87.049
-51.241646
-73.051834
-77.55196
3.2447836
-204.5637
-10.628756
-176.94363
19.906279
-9.053618
-136.99878
45.61409
-56.70066
103.87533
54.79526
-51.414253
-25.914267
-32.357765
34.30447
-15.755762
130.68663
58.09867
-119.960526
-26.264915
-46.63789
-18.52411
-86.05707
45.017155
-43.4015
73.914986
48.251526
-31.290026
42.701157
153.22446
14.139759
-62.90328
56.53206
-6.9323874
45.774403
97.84169
-117.58701
64.701904
-40.528225
47.36045
-156.2914
54.341927
95.67872
-76.3875
-224.98407
64.831696
-6.6501455
-67.32186
-237.20584
-137.62054
26.129776
-43.796642
-176.9623
44.51725
115.08409
218.77222
-129.64249
128.12518
-166.73074
150.51122
-16.656532
27.26605
62.07657
71.24889
-20.49257
-61.35688
-13.06531
-32.249313
-21.08432
-5.425997
6.8856864
85.59302
67.24034
-35.502445
-29.350824
-109.319016
78.40689
-74.67644
-76.36618
-8.291799
-12.015818
-34.83476
-121.40153
60.932987
-26.824503
94.38476
21.262064
-13.142677
44.00509
-55.72569
-30.096342
0.34496343
86.04392
11.518787
-14.632671
25.899818
53.988132
104.04618
-23.022058
92.54667
-143.12238
-29.848711
68.08383
107.22648
50.988506
-26.49084
27.348553
-18.194048
91.013374
-156.32738
-34.458263
-70.69406
35.171078
-197.4971
-110.19721
-84.63804
-141.79848
0.5193083
-157.16866
-24.933933
-170.20161
33.42783
33.963295
69.131905
38.24127
-17.770565
168.18886
158.43295
-31.713684
49.91058
56.413654
129.84305
92.04169
-84.07454
80.270905
-62.372566
-32.036385
-134.17563
175.4827
-32.043224
-82.356766
60.318462
-8.551873
56.151863
-31.440676
-25.85041
1.2335421
112.38324
-7.3633184
155.80835
-31.808859
173.92831
-91.124466
-56.693947
-78.39224
-118.91961
29.509825
-11.047261
58.281868
-43.56327
-148.01288
-50.512722
-30.929379
37.2803
-1.0078106
122.63529
-12.396516
26.2341
161.44774
162.54858
-71.75055
90.72363
-5.108972
25.566792
-45.021465
-190.62752
28.072325
-47.668182
-76.00561
-7.7404895
-38.472733
28.296211
-27.816402
39.263958
-77.033455
63.59508
-87.60239
-19.570515
-36.357567
157.9151
36.514145
-133.86877
47.351196
88.315315
-49.529007
-55.145817
-75.81719
97.09421
-30.75753
-251.37595
-66.99018
-89.117165
5.500662
-26.908333
8.843401
58.499916
80.78384
-6.2602844
26.18504
-149.98123
-135.43379
56.169926
-41.595196
38.214302
221.63348
-6.4232335
-48.740894
16.11373
-73.49206
-166.91971
-33.13511
95.85159
17.802046
3.2142053
-71.69991
188.17923
-24.68209
-9.584508
78.44347
-124.73271
2.6174295
40.8616
19.478556
-98.8467
3.6395009
-34.781334
-101.23467
-77.40499
-24.46972
-69.861374
70.49083
-15.563403
-149.25304
-228.66437
34.035572
5.768236
65.223366
-0.4114265
76.560425
-48.957287
-50.573433
-44.40199
83.90556
-127.09365
-60.67393
-94.62122
22.99243
-72.259995
-64.30971
115.24912
-67.79209
-140.45584
24.150661
-27.003302
-42.21515
-46.87032
-157.38905
-72.80786
-186.01991
37.714577
59.539925
-5.274321
72.969124
32.136936
75.18405
5.2795763
-28.670982
4.666811
-18.03959
-165.18594
-89.65018
51.87042
-50.08854
-12.362143
113.32066
120.52612
-34.27146
-118.29063
117.821106
68.403496
20.785774
143.63774
98.891136
71.19657
55.123165
-41.87092
78.58412
-27.610786
167.8599
-105.582825
5.063775
-83.248276
-68.97919
131.7593
87.95996
-54.54237
-99.37883
84.82566
64.271095
58.85071
-17.800297
-52.82874
-56.788265
48.95036
-34.333054
-71.07436
140.25883
-17.165209
-95.935135
119.90663
-23.273064
7.963108
-32.85794
146.91612
33.176723
138.46355
-5.487598
-2.451425
-166.3717
-175.19101
38.100643
-125.38135
160.14699
-132.59576
92.78169
64.77024
24.04561
-59.932217
129.841
22.493065
-51.443806
-61.77995
-3.8553188
130.86104
7.0899696
-19.955507
93.6429
1.6330345
191.62541
78.3128
9.769647
-60.04436
158.7078
-100.12429
-26.016415
-49.783752
-117.05133
-17.360922
-15.412447
1.9662871
6.514639
-7.317656
102.984634
-56.156292
-68.935234
17.090136
64.366516
185.106
-71.12943
-99.20814
139.19891
56.413387
-29.986301
-20.081703
48.767513
74.325455
48.925617
-159.45781
85.530624
60.660503
4.712846
5.129446
17.147465
48.19333
-46.74662
-93.779434
-4.4897733
65.66779
-5.228444
35.57639
14.157222
0.7103069
-68.669754
-47.08388
-3.5440223
-220.16653
43.82696
-32.738365
-69.64462
-54.067856
99.37058
190.52747
-17.08515
123.05027
95.76348
-23.221127
152.70178
-78.97278
16.052532
-24.645208
8.2613325
-88.286896
-0.045372725
77.35831
-71.94434
-2.828637
12.55626
164.60098
41.542404
-81.86398
91.401505
-94.45118
38.415955
17.51337
11.317026
-133.9573
-167.11565
-128.62085
-7.3004856
-114.00899
31.328968
-72.36036
35.546124
-157.47484
64.49599
19.602009
-58.48313
0.55122584
-18.97585
21.296213
204.0168
-16.55256
40.95347
-11.931444
22.9726
-47.08155
-2.6776586
-31.979664
84.57947
26.53519
73.789185
-95.740875
32.98562
-26.240217
-53.4079
-83.8619
-24.421133
-23.763206
8.467167
-115.47806
-15.97585
-62.74844
37.895367
-39.52203
58.39253
-104.85411
54.815113
100.58817
6.536107
89.95942
-133.97462
109.936165
-121.451416
-60.117714
-11.478002
60.14553
74.02436
-134.14166
-192.51018
88.42702
-16.68277
-120.74065
16.493387
-0.527777
-97.759384
-132.36703
-23.66098
58.62201
34.43085
67.15343
56.833714
120.49598
58.820488
-68.21759
-13.608953
193.06836
57.7878
-5.9888067
56.039555
-29.301952
123.49198
11.962608
101.27149
-119.43774
1.63491
-18.729877
-168.85536
-72.42658
101.48536
98.684425
-32.958195
127.71479
-239.49712
178.952
-15.738736
-41.31287
136.14609
-24.170097
142.91539
-32.70048
34.638874
-34.574345
-5.5636725
139.94244
90.33972
-90.95655
-0.502246
10.725431
-29.818052
18.690636
105.47837
-14.735806
84.51844
52.016266
-17.667265
99.82339
5.7119317
8.554638
-24.642132
-27.225618
-8.543841
128.31659
-21.850069
49.7221
-105.797295
128.31969
26.781073
-106.14498
90.81829
-119.12383
15.792966
5.9862328
47.677242
29.46217
-78.44631
22.878986
23.30156
31.974741
52.955467
-148.71758
-131.55614
-118.35278
40.62901
-7.934617
75.09102
23.425283
124.98904
-36.934937
-13.212095
-105.0202
115.94813
24.322565
121.384766
60.760098
157.55484
28.553638
14.871649
27.096775
37.356667
-20.115541
-49.87345
87.20248
-7.611901
-42.054405
119.97625
-16.199839
11.578505
53.560337
32.299854
22.258528
-25.089428
51.526943
-126.36738
-85.7833
15.986777
81.17923
-22.548908
134.11131
63.62258
1.3305025
-44.94902
-6.075862
-76.56408
21.337656
-53.36468
123.18881
-26.521313
178.83994
-40.340786
140.71944
-25.319427
169.98247
82.69775
-107.56414
159.16054
-65.25928
-103.21945
80.71424
68.813416
-38.205475
-17.882929
-57.90163
19.751835
-173.42694
-13.719557
-32.552628
111.53061
-27.361288
-25.977812
-30.153639
73.65717
92.04755
-128.76422
68.28798
151.26466
72.177925
-45.27408
-257.09448
-51.87377
-9.665309
-0.8018966
-28.198626
128.83032
-99.710785
-49.43121
-110.47512
-63.293964
-166.8416
-15.402109
-121.66911
20.778831
23.531635
-47.166573
-65.10687
30.913372
-172.20773
39.101334
9.400323
140.72534
-94.16494
14.12073
56.27498
236.49066
27.108997
-38.37981
61.048607
24.634483
-83.968765
3.0324607
-60.427906
-111.59446
-305.16406
-50.101807
-30.71716
-69.10263
62.63275
48.833385
152.10541
-120.83874
28.087387
-63.19954
120.41179
-53.079666
-85.42002
-126.01632
60.012318
-129.77577
-0.3218878
-13.599846
-134.06303
55.41499
92.86295
164.60567
59.432594
-16.250538
17.397648
65.64897
34.016884
139.91936
-50.318237
-14.194616
40.49358
32.74071
235.80145
5.9624825
13.381388
-22.775417
-15.864167
107.58369
21.772316
64.18656
-46.104748
163.02527
-28.825193
50.920002
-42.28217
-55.12972
-27.979708
199.93234
-195.62204
32.949646
50.169006
58.235256
95.72459
81.87715
34.327988
2.9884763
-81.503075
184.12624
56.954952
31.710438
-3.3180633
54.643555
-37.23447
135.33733
7.805082
80.69116
-157.15868
35.665817
-64.52378
-14.872223
-2.946843
7.2749662
-31.66353
-22.334564
38.660362
-89.920006
-168.15546
-65.2237
93.99975
128.48558
-60.21759
140.91508
31.77896
-22.554518
-75.01084
-51.052032
78.17802
26.979248
45.102913
-12.928118
135.68845
55.833527
-24.154322
54.56798
169.28903
-64.36221
107.10554
-20.7454
-48.423584
51.716785
168.1446
-19.111502
-28.530746
-91.38424
-179.5421
129.44228
88.401115
-264.687
-285.1131
21.79552
-19.279034
107.74727
-16.25161
-23.226326
-29.672632
50.301517
88.03602
73.937836
-8.45137
-18.326797
-24.156275
-8.90209
30.230844
175.89468
76.95973
30.272087
-158.43015
-147.13814
201.02632
-137.74239
-109.031784
92.05757
-17.289679
-100.99402
1.2065207
70.84442
-68.572426
28.384977
7.0678473
-27.372911
-97.33705
-161.15881
71.07195
5.3940825
-0.63498664
41.586975
-16.720402
75.20421
158.82954
64.85857
-57.70554
69.6957
-19.610088
-63.800297
-87.34972
11.69775
32.917633
58.968693
72.5353
-111.04791
-65.30648
72.24442
-54.573658
-111.65711
-35.210533
7.4632745
46.98881
91.08505
17.38212
51.370823
-143.12096
93.02545
7.1407256
-0.85674405
-1.8813725
31.549696
5.6872206
-1.9262035
-24.715857
51.444912
-54.73177
160.59802
42.1839
134.63855
-20.508326
-45.278816
72.79427
118.70822
-84.24768
38.26386
-69.07913
185.49484
-65.65539
-213.33643
55.85218
-6.7999206
-45.56861
-56.873066
15.93911
-209.6143
-122.34866
14.830495
188.10374
195.97261
-47.78053
-41.008892
-74.09308
149.25108
-43.31428
43.581604
-53.347
20.50905
-21.998789
-82.16731
-48.463398
45.477264
124.81667
20.337685
24.964432
174.19022
66.810165
-68.75236
-85.81561
24.453203
-125.54589
-61.864197
-19.215614
9.046393
136.17955
-87.086784
74.16031
8.707677
23.583683
39.43382
-182.12878
-26.776896
54.265804
147.11064
-73.58798
-87.04071
-37.92935
58.588787
-124.817566
0.75843424
33.4532
-2.716376
29.577915
9.881631
17.258856
-44.945
10.881316
-93.26821
42.31583
109.15939
-83.18187
105.66653
19.629541
45.109016
47.460587
-71.726715
124.07449
106.353386
-63.372295
-3.6223288
68.42608
-170.70407
42.737804
-60.687057
-59.217632
43.56248
-107.878334
45.506626
6.9086294
32.919254
-101.41755
57.744453
-10.546421
-98.33922
40.30178
32.571198
53.460827
-27.095284
-0.40210927
-70.46343
31.208414
12.4863825
144.52461
-150.94942
-30.360731
-72.58242
-111.16719
-30.710806
85.22711
63.563885
81.18997
81.517525
-88.439964
-42.300217
-20.879223
-18.609203
6.5950203
-114.8004
8.758468
-121.509895
-38.44789
94.0775
-62.707882
-99.020805
80.28089
-100.58612
-41.36567
65.241936
45.700844
-53.794678
78.80126
164.7937
96.88582
36.77741
44.864708
64.116394
-41.159657
70.254
-86.376175
75.03751
75.633026
101.52228
-222.46352
57.28285
-38.809166
-2.9319158
-128.72255
48.484306
-109.44519
121.87945
71.14061
-61.41222
65.11132
178.1765
-141.05118
-22.884533
-3.952826
36.87697
74.37645
-0.975822
119.01471
107.50155
6.7169137
69.841934
73.78778
1.3723011
-59.98039
154.30154
-36.91057
12.364821
-6.2977314
67.337006
-14.950207
-79.69016
4.762594
37.190468
24.977404
52.22602
59.723667
118.704025
183.64034
38.12492
-16.668604
46.29355
29.374159
71.79004
-31.794674
54.07917
25.09162
-86.7662
8.977699
-40.700565
73.016594
8.989202
-129.18523
8.824059
-59.863914
27.206379
22.255857
46.385567
-78.93645
200.15985
35.163303
-26.6053
-22.11686
-94.92072
73.44822
-137.11206
41.41139
107.05613
-31.47082
15.234726
-10.634443
44.046463
-87.31559
119.63386
48.7729
96.00378
-166.6298
-85.56199
-9.830137
-36.09613
-36.96316
176.66376
-77.42027
-27.684883
-56.271366
66.1824
-29.778656
34.060932
-66.28002
-64.19186
108.12568
37.597076
196.08371
107.742355
67.77118
204.10805
52.132416
-12.347211
-120.834915
-3.283209
-47.881844
-74.553474
-185.16278
9.271225
-18.623594
20.05923
-3.362844
-9.489937
-37.890343
86.41069
-59.436096
124.4201
-58.71827
17.916256
-160.66644
-117.71056
90.89309
95.88997
-99.94855
59.718555
16.053682
-29.762386
149.08102
-17.752558
102.85045
-93.79854
-5.338505
65.58825
-94.10723
103.68806
69.70739
139.3833
-54.608654
-56.136127
-16.095264
-138.50818
-7.2206016
-51.73853
-42.027122
107.1325
-134.25224
-31.745731
-54.446648
21.890299
77.691
-185.62555
41.842293
7.365102
5.7592006
-116.355934
61.754925
14.32652
-74.23557
17.354767
83.3479
-2.8875833
-6.1770406
-79.9986
48.430542
57.670135
88.29721
-135.10263
-80.83642
-44.882416
56.813908
-21.801064
-64.040535
-1.5988201
87.95072
-6.8271346
-104.4044
-207.3024
-108.45466
-46.216335
31.296463
-135.61368
-98.95074
8.609117
110.24874
-121.19722
-91.496994
-50.23641
1.0744653
7.655908
-61.20518
0.014137864
-11.239954
0.8434943
191.76231
42.87561
-26.86666
-26.352781
48.326935
48.992874
20.316757
-128.54689
-77.478
46.950813
51.615707
13.877536
40.644444
235.66061
137.69125
144.08014
-111.91415
-37.907887
-51.59646
85.46311
41.399235
-248.26344
75.98438
-139.37279
8.492517
-44.817207
-33.74023
171.82501
-6.515446
-55.948032
-68.0913
44.94353
143.23274
177.03183
-78.908165
-170.14554
-16.676796
44.550343
157.22217
-45.624588
-30.97073
-65.7931
3.9391794
130.03326
25.46842
28.76216
17.39805
37.29451
198.33894
1.503759
16.610247
202.29285
14.450789
-36.5062
126.96766
-39.776085
58.01254
-97.268936
49.41364
-34.49547
175.15599
29.822664
-95.791855
151.40836
143.05757
-17.063435
-40.50798
-236.94643
124.90563
41.339966
-71.16537
-107.875175
-22.451897
-146.43352
123.47286
187.558
-39.3175
15.013675
29.20867
-16.925808
-27.176771
6.2154274
48.924095
48.595295
-61.78158
-90.00926
-146.22368
7.5771766
-3.2358844
24.639666
-195.69258
-86.19552
-24.117332
56.946167
-40.825542
45.43862
81.0704
84.593506
76.78367
-51.594173
-112.77431
-18.410755
73.62332
-123.818825
5.8984084
48.632763
-27.225775
-66.26647
-18.143177
38.83012
158.43915
3.8465953
-46.577328
-66.762825
81.55119
-85.96419
12.413607
84.269
-33.329384
-200.57439
66.720146
-15.550946
129.56017
9.759711
-33.139206
15.613661
51.898705
46.16091
-118.83361
104.96878
-113.37361
-18.038643
96.15614
-50.343197
-54.324043
81.811775
2.8868022
-89.95925
66.491165
-64.74216
-31.049387
-42.050236
-168.7779
-88.420586
98.330956
38.015053
-42.38469
-55.664017
83.855354
40.528145
81.39731
-16.449242
12.920914
-25.384346
-80.967384
103.06
-66.76047
-18.869864
195.99658
-34.061237
124.0528
124.651115
82.753944
-16.580784
120.74145
6.2559543
98.78543
-52.49427
29.573103
-129.09819
37.436676
-80.23931
22.655024
-23.564102
-108.392235
135.98799
140.19817
-149.1109
28.52766
63.44689
-174.85318
-24.60948
-168.08961
-86.08072
-151.90254
25.926369
65.44502
95.13272
-54.144936
61.58521
-72.066284
86.293594
10.804929
124.156075
-118.64777
53.864452
6.986119
170.02458
39.00213
46.942833
59.754612
159.44171
-1.488493
82.21003
-91.63682
63.433773
79.7513
-160.30338
68.89745
-24.75677
-72.368
-120.309654
131.24216
86.036194
160.25754
-7.548688
59.27018
108.93795
-188.22922
30.392122
-8.27405
18.499908
64.14571
16.449097
99.14687
119.48331
42.464703
-109.30039
35.17971
31.348515
77.422676
-13.862793
142.82895
5.557832
131.71059
92.51255
177.71782
-141.19461
117.78274
7.190429
183.91827
-33.66889
-80.53648
45.4808
31.145123
149.71095
-61.697727
-53.059708
121.29112
-11.781414
41.677288
108.55949
-60.882412
-78.50615
-102.855194
-129.84421
-35.81391
-62.01249
18.34087
29.608744
57.90261
33.750736
10.083401
89.09206
64.02148
-88.696106
22.68231
132.36005
53.792263
-25.850155
-15.401098
-57.529522
3.5456731
-32.76804
109.82242
-59.36077
55.02708
43.34116
-37.374104
-20.799086
124.421165
-38.80649
-37.48612
-40.457386
-54.09288
121.71156
-5.279812
136.84183
199.0642
-156.7834
-28.85526
40.88653
-64.85319
40.044918
-28.612597
133.69116
45.460247
-135.14078
-9.109883
62.716515
-210.40288
-43.497463
166.3386
70.38444
119.713196
98.353004
11.092648
104.10223
7.3405614
-12.556935
-96.49296
-87.390594
161.43225
-55.726826
-33.56839
-24.984829
-32.660976
-65.37417
107.96463
-28.820501
106.17982
-70.58562
-57.134876
-68.63812
5.4937925
1.0511013
-18.205147
-78.32398
-13.78105
35.927013
69.58529
29.514643
130.85162
-24.420158
64.67651
-9.202483
53.21663
72.90574
62.466915
194.59537
72.62699
155.45139
-27.506693
-19.659306
-29.439707
35.289085
62.689285
88.292274
-4.995072
32.526794
90.254715
38.814636
-115.00952
-65.664
-57.249275
102.97591
-34.765083
-18.551828
37.99001
97.96671
-103.067604
99.63579
-39.404156
31.787514
-50.689857
110.99669
-1.4042803
-96.992775
11.867901
4.228973
-74.89381
104.1787
-5.4037056
38.141613
102.461105
-121.14474
-55.96154
-18.785294
24.448292
74.71364
16.876791
-116.21516
88.3931
89.6803
144.35278
23.83085
2.7843897
79.40162
98.241936
10.895199
-86.94755
-97.004486
-31.729336
-115.22818
-104.02871
48.659393
-35.298374
-99.59796
-85.98932
49.920647
-123.997154
-11.229563
58.547188
137.89711
-127.09742
-63.91949
-21.081049
3.3882532
-23.144247
-116.966095
-8.125432
4.3023925
-19.063457
-171.57202
-50.274776
-8.085273
-60.662186
-121.89956
-101.67433
2.558469
119.67394
-9.927735
-124.92206
-106.31211
-78.38453
12.199681
-132.95029
22.756191
34.84549
-193.5269
-15.353659
68.39606
0.5692514
31.74902
-51.098877
24.908442
89.96835
45.221066
-200.28986
160.61136
12.531559
166.30063
-156.88557
31.15186
5.73678
-70.626915
158.92125
48.659492
16.788675
-92.311584
-26.114979
86.7334
8.235127
-4.5575156
50.234837
20.763737
21.279562
34.303497
41.46333
-31.330715
-30.897902
28.324564
-43.193687
-7.239783
-9.08842
-80.49216
-61.705673
-2.4350362
-88.37719
-57.136356
-69.99269
75.2543
-16.011244
89.85907
-47.977135
-47.561443
175.30348
39.82116
-87.97116
64.74005
-92.25517
-49.784313
-40.420017
-28.842535
-9.177882
-8.892754
109.22568
42.00407
-60.040688
213.28787
-85.85894
-93.114334
-50.664795
-22.742245
-90.29923
-50.094284
-146.7771
33.876156
-95.28906
10.080316
1.1415128
-31.811676
-33.01099
-12.933862
39.15804
116.61483
46.694263
39.536434
-6.7367325
58.78409
-56.44454
-15.447982
101.088615
67.7944
-69.88313
55.73672
30.194103
-106.27374
-10.067221
-152.22815
-63.245853
36.63936
152.95499
-42.239487
-60.96793
28.412012
-113.07409
-44.885433
108.265656
-39.997597
-60.158356
-73.81159
96.75044
-1.1220523
99.942924
97.803055
-27.018469
68.72949
-121.76232
-107.95539
45.191532
101.55455
88.660934
-12.141688
-57.114693
-15.998527
94.68038
31.086712
-181.30566
-196.19606
118.29625
-45.577026
37.848312
44.446156
113.164986
22.363672
87.682365
-10.849749
-164.84402
-0.59002817
-6.0750566
-23.019144
-5.287907
42.896324
-17.971542
57.3489
35.9184
26.117485
-30.9383
-14.447065
-90.06994
-122.95663
63.284176
68.558685
7.7485037
6.522994
-125.96779
115.29607
-35.78599
-98.457726
12.128326
18.366772
0.69281924
-19.63028
-33.441116
139.32858
3.7724257
-5.5203056
47.862267
-57.818714
-8.239293
35.719154
-136.84662
38.154404
-2.239012
9.047371
-3.4203305
-39.60698
-10.364525
46.08443
118.70848
-57.01277
-52.417553
-27.56023
45.077602
-6.750856
125.724686
-23.69526
9.661566
-44.318005
-17.559942
-17.873327
-41.8975
-166.76855
-152.28175
59.404503
-69.84948
-35.742935
-52.20371
-15.32864
-137.42664
-118.79808
100.96028
24.160759
-41.767334
-57.224422
51.748726
70.17518
-96.07855
-11.096259
-28.442833
108.66474
72.777885
184.41634
-39.93287
-20.751997
102.145256
-86.09525
16.146427
-55.090485
12.86512
105.58928
-23.014095
125.35897
-4.6975336
-35.92597
-10.454872
7.194842
57.305206
-24.597517
-1.6717703
127.10945
86.44739
62.112556
-49.339897
-79.89656
29.128225
-28.22995
188.33553
18.128542
51.44431
-48.128853
-55.761898
62.709343
-37.88989
36.185806
72.56376
-34.5035
80.073784
-51.95269
-28.05912
-4.954289
-197.49881
-33.339283
-120.76411
102.22552
43.335026
-31.89309
-86.19992
48.127193
19.63344
-93.956894
-103.64565
-31.626858
-16.151716
-51.097073
111.36746
9.040555
-27.99246
-98.34792
-44.514652
35.433292
71.65488
-13.822341
20.130527
-202.75146
113.704025
-184.47096
-30.398825
-12.158645
25.19445
-96.1521
160.1037
-105.54119
42.812187
-75.33973
16.657797
-54.098934
-41.47482
-163.56184
-136.64616
78.97951
-87.39892
-150.24251
65.83582
