-132.5334
54.976944
-75.653564
-67.5801
74.343704
-68.51836
-20.791544
-62.76812
-60.36074
-39.933743
27.834978
-117.04595
73.958694
-73.37182
60.97431
2.3592196
-107.858665
-76.95966
84.75272
159.60387
131.73093
109.87055
-7.283443
11.208509
32.781532
50.124092
107.48785
117.111496
136.0742
-83.229324
108.81654
17.817427
121.83995
34.088547
-171.2536
-0.43819696
-16.13013
-31.046803
-61.763443
33.93863
104.84966
131.5954
-25.91604
17.129072
-34.486843
-40.92131
-55.274582
26.802639
145.7365
-33.9257
-72.17548
1.3985628
8.546272
167.40565
66.28238
-128.79842
0.54452395
-84.738335
3.700989
-8.730117
43.2927
-33.576637
-52.427746
-18.097178
48.33989
-171.26494
-55.143814
15.4592495
48.746235
-11.210514
-11.938552
-74.13425
86.47955
55.728123
85.93587
-23.985481
-31.910742
65.33371
17.109371
-16.040401
12.405695
26.559656
19.742493
-19.456865
-12.454112
39.278114
-41.79992
-13.892805
9.19019
23.087585
-1.3683846
-51.156403
48.493145
19.165
-69.41736
118.54808
79.011665
-71.649605
-33.83585
-32.476284
152.5024
-80.226166
-119.50651
20.584196
-72.25127
-2.1659365
-15.772166
-2.1852365
-32.74936
-52.88929
-115.82016
127.77618
65.017654
24.778824
-24.617897
-71.23831
-37.541565
-42.678284
48.937122
32.157017
66.81298
148.1781
-21.461054
-52.380142
26.027302
-120.32993
-0.7482859
72.11318
43.8067
-84.31491
9.686083
-31.811068
67.333786
31.19806
-28.47889
-45.145233
101.9865
-16.124094
32.267735
-25.758184
48.481503
-93.97319
-41.738262
-43.878323
-116.496155
37.79039
21.371279
-29.053633
81.95225
57.231174
-48.957195
85.680695
-54.822258
-19.640978
-114.76229
-26.456543
-82.10145
102.05881
22.326578
-88.875404
-37.030964
-30.433596
-93.725784
-122.746475
6.2981358
-19.3351
-61.500996
2.617446
59.8859
1.3121524
64.19658
-86.91676
-6.010923
25.872469
-51.398365
59.049942
-20.98847
116.54834
-83.61314
100.742676
-25.814709
-3.4970317
34.6081
99.78615
-14.489802
26.348948
41.306286
-155.27402
47.72076
111.68526
-46.195824
174.60767
19.239616
-105.3097
-3.937544
-87.08337
-31.858477
-40.38366
-128.59312
-55.325756
101.29445
14.171451
-109.19823
-58.176083
80.21271
-5.7146626
-45.169224
-34.46018
-100.560104
-34.583355
-78.75653
-91.577286
36.252396
55.554962
55.449795
-83.0366
-110.89321
-17.421745
-13.2242985
91.309845
-57.93542
85.809845
-37.361217
-39.94461
-55.340076
0.57304823
-6.2695107
33.696472
-46.631775
-15.049293
28.42426
156.45834
-11.243672
-15.5645075
-51.949707
59.286636
-68.061615
-103.90726
-1.4779265
-50.734303
56.30703
-160.84113
-58.45443
-69.42909
34.260906
68.35495
-4.735977
-23.728048
18.239084
-107.03632
-4.1149864
-68.78772
22.00599
-76.94834
-15.483354
116.233376
42.944332
-79.27021
123.70142
-130.42303
-97.099556
-28.342983
-206.27481
-91.83679
-26.89067
50.373558
116.00894
-14.69551
102.05114
84.656296
-79.181274
-47.65478
-102.75233
18.698946
71.10925
17.618135
-54.039673
-57.462193
-73.67129
-18.143753
15.646469
-50.73394
-67.51509
-85.23524
32.49962
65.7326
45.475002
30.372227
-139.01373
109.378815
-47.635136
25.065603
51.41324
-74.091064
54.308678
28.840895
104.761215
-48.38381
36.31489
107.61296
4.7678967
-98.122765
109.981224
28.762243
12.667501
-83.52747
-54.387577
-14.440217
-67.529495
14.307576
-177.5973
31.723255
-23.58844
-68.38532
101.049324
-7.6533637
4.648192
36.833267
-17.980581
-4.1957226
-53.65371
-80.284485
56.9628
-4.0738897
-17.44693
-52.629223
-86.75508
80.03037
-6.6998076
59.157497
21.704336
-7.9050016
-101.50113
-106.71643
65.81455
74.67763
55.996044
-76.97727
-70.62979
4.660986
34.715363
41.441544
67.413124
-51.18417
-162.83174
79.72398
100.43533
-23.938536
93.58568
-8.091362
28.753716
74.87048
-37.726463
-74.92121
13.754447
89.731445
-58.113773
72.817825
12.782488
78.273224
49.632816
175.36136
53.482704
-52.93265
-67.63231
21.45157
-33.118504
136.7665
45.532436
98.32746
-16.277832
16.12202
-36.987892
36.81457
55.327324
-53.661114
-168.93938
125.31384
-50.918324
-59.835064
-18.921291
-43.43054
115.40184
-52.956345
69.35674
-15.569882
105.87971
-88.78805
24.135857
-18.716932
80.63798
-12.021554
-30.164146
72.185074
-6.2578716
76.02206
15.506638
2.5069923
16.742043
-0.71781516
-22.846481
20.41502
50.99896
17.714169
133.42296
31.210936
79.26508
36.48506
14.988371
19.664005
-82.55854
-33.702694
40.197987
59.208466
84.552986
-38.540977
40.32817
-21.814642
42.11916
68.560684
3.3189473
-49.433468
-117.55346
-4.728221
14.3376045
77.61692
56.11754
-0.522861
-2.8394303
-188.13501
-33.77065
-129.71577
-43.95538
-9.437258
63.285023
60.850925
-94.33715
-55.995514
-26.753998
-37.040512
-83.88768
80.315865
-55.952217
35.502987
36.292984
-39.010216
0.67758805
-28.831066
-69.738335
6.2820973
6.5134134
109.102974
23.385616
-48.526424
-47.91696
-76.525345
60.16714
1.0271679
-73.13033
-120.69042
30.55566
88.50463
27.375673
31.653593
-40.327354
36.259506
-3.0264335
-9.319254
-36.072742
124.60181
-91.06035
85.27694
-7.2211876
51.943077
-40.170418
49.602997
-33.24367
-82.92484
-30.493917
-20.363134
-12.8713
-88.59848
-100.164116
-35.78243
-49.20341
0.924947
40.989063
-19.016981
-120.89836
112.56773
1.6485422
-0.37673414
109.094406
-79.83386
-23.325716
-16.065483
42.46031
42.356236
16.17959
-64.96231
-59.090343
-76.61301
-58.661583
50.645504
-14.317384
40.705513
-72.391174
98.69754
5.9633408
140.83537
-71.4579
-15.843607
63.576244
135.5716
89.70462
76.49543
-28.61438
1.4387448
51.747746
-82.27887
-94.62208
116.52101
89.00273
-88.57585
-40.945713
-7.3751917
82.58717
-53.704197
129.3024
65.61078
-78.267365
50.560932
-15.180185
29.083565
-59.263638
-60.675285
65.59763
-35.45246
64.60506
2.7004933
119.47786
-100.03512
-152.3424
52.61314
50.297283
-18.28289
18.493404
7.023976
-13.706417
114.055916
22.378744
135.89961
16.501127
-149.9281
38.894955
-29.03034
-70.173386
132.37563
-40.33112
77.35887
116.72717
-15.085552
-41.67192
-28.745127
29.210672
90.264656
-14.378772
42.54202
-94.50379
145.57513
-22.056608
16.846855
77.34363
59.93921
-78.76396
-74.65059
10.322172
54.441708
62.886852
-75.29952
-28.479803
78.220634
-7.4561434
10.151569
222.06784
-53.000576
-30.60512
-46.299274
-93.54098
-21.378761
3.6540446
-46.882214
-19.100868
-29.585922
-29.838343
42.91244
87.271034
-97.47434
-13.445008
-45.53442
16.029114
69.04674
-23.637667
-51.17247
-38.494797
16.32025
33.852165
-164.95573
39.094322
14.836637
55.77364
-36.40321
-32.083847
-2.2751555
17.860647
101.2505
93.47072
-26.570066
34.80942
0.51648366
130.03082
-12.401468
178.70625
146.6335
166.05547
18.181068
24.858541
1.6260477
22.802631
-58.585438
51.001617
58.73844
57.95779
-173.1035
-57.249687
114.81531
44.22567
26.586914
-131.07745
6.351734
2.8785524
-85.08122
-58.44803
-58.796555
-107.77724
182.11586
115.392426
-21.278852
51.06169
37.843906
31.670816
0.31633663
-84.213745
15.635254
-7.8208985
14.543524
44.75517
87.715904
55.217037
-11.34012
-46.33742
-51.50602
79.29439
2.2801723
-81.11685
-10.597925
14.837307
-1.7285187
-20.060577
18.15155
13.658573
34.28208
44.744156
-1.2552986
-94.8938
-42.83832
-59.650272
53.7405
60.893898
-131.05058
2.3822558
98.49868
32.99928
38.711758
15.403575
123.31459
-61.04693
53.414463
-82.55179
-0.9928647
-95.6718
-30.523073
72.62199
-43.0439
37.208733
63.415203
172.77959
9.101593
-62.93662
-66.449265
64.02546
-112.06198
-122.21371
38.93665
11.598799
-132.59224
69.92108
109.49915
-24.524008
-73.34195
43.908264
-85.00029
-175.68092
-4.734316
158.96022
7.4589376
-6.680307
6.991676
56.16597
-38.692245
-35.4124
78.061646
-110.56294
2.1890836
-67.283264
16.024246
14.606866
-64.651505
-67.12011
-10.225536
-101.98256
-21.717794
-93.120766
139.66237
4.2664113
84.37506
60.114887
31.080769
-145.43228
87.75649
-68.86312
25.250544
-19.332142
-10.165709
52.052654
-25.51684
-31.718082
-43.48018
-64.618935
-72.64229
17.042017
-19.790577
42.585903
34.585533
53.3907
27.095587
-0.86035144
15.68161
-48.625
-33.23913
-75.48357
-95.52468
2.7859764
77.614815
-47.613636
-3.4369094
140.39435
-34.296917
-22.1729
134.47467
-34.507824
6.859196
-51.227406
34.148777
-108.421326
-83.89457
-23.442083
42.355145
3.2057695
47.9018
104.638954
-125.318596
-4.8831754
14.072545
53.029316
20.205662
57.86598
-14.718951
-101.277245
-57.06105
89.89962
88.41721
-34.87234
-60.306984
34.766052
-67.85993
-20.638723
-132.7369
36.03674
72.40707
-71.02779
98.41855
-73.19993
-12.423519
123.05297
129.3357
-154.9055
-107.82296
-77.902084
23.043718
-15.200736
56.570366
-28.47833
-16.13567
45.400246
-6.7387424
39.316315
56.313206
64.21806
-53.10485
-43.730618
-24.581564
55.37516
-19.983128
-64.22089
-2.4624338
86.69852
39.407413
6.36895
66.267235
105.18619
18.534607
-52.813374
96.52788
97.88863
125.50625
-58.182446
-27.855486
7.0375376
20.898224
-60.6899
15.450975
-63.856564
38.28346
5.6357565
-10.505064
15.423137
13.797344
31.185493
61.06994
-14.640279
-5.348283
-9.17248
-17.852325
89.69158
33.94674
-42.549286
-99.900826
-52.940937
-5.602532
6.66006
-5.309794
92.34349
-132.09569
23.826166
13.424441
-114.39395
-19.036076
-24.135214
-3.962177
-49.878895
51.856262
-117.20353
-129.17352
117.20676
28.842564
26.73855
-114.24388
-75.98825
-30.31593
-11.517799
77.71837
-2.5062456
2.6077635
-76.549736
39.265026
25.179201
-5.9223437
-104.56663
68.32951
53.946507
-80.7468
-9.468009
-128.8997
38.58333
-111.640686
6.2051277
-44.251656
51.680027
124.42938
3.5700834
30.946255
82.28213
18.07919
-74.93343
92.70284
32.902103
-19.164637
14.44769
73.66954
55.553436
-10.399999
66.6413
7.046541
-58.779385
-50.845707
15.494055
41.28927
-12.232904
-89.12695
-57.422
-14.324637
-12.567693
31.783285
-4.051814
-2.8342009
6.322278
-49.436058
61.78264
-148.31851
19.434828
31.29416
-110.70674
94.69381
-102.80649
-39.83895
-36.19831
117.62636
-17.617588
61.902233
-21.830439
-20.705881
-73.8704
-118.28788
3.7639413
-32.841267
-70.78823
-22.763182
-45.908207
84.35389
-52.200085
49.021133
-65.542336
15.574088
3.2155323
-30.108788
-27.449718
1.4745347
-78.15673
42.229267
-104.887054
-50.279766
-22.348621
-82.16828
-6.2998323
22.430946
138.42702
-6.287234
67.421234
-82.48897
26.488482
-61.88737
52.776222
-26.48404
-158.1054
-33.358864
0.13078618
29.768208
8.18181
-85.665344
-29.544601
94.14642
19.253569
-10.6865
22.35322
-20.684628
-67.584755
-46.755726
26.81155
29.964958
28.28942
-99.10321
7.0273757
-26.689672
15.845312
56.5632
66.42337
-62.977646
-21.633081
17.130493
79.01241
12.597329
-2.446799
7.1027155
-55.542847
-43.234806
59.34453
-16.151882
140.55598
-4.2684507
43.073032
-95.49186
-47.04317
72.99032
182.00916
-37.627834
-56.633842
-88.666756
-25.30033
-76.24908
-57.7294
52.116722
-105.99949
70.766495
-51.277473
-39.797268
8.962059
-219.69218
127.73208
25.219913
40.78651
-171.67142
111.62355
2.977248
-107.0356
-36.31499
46.952164
-96.63932
7.02721
-16.130465
55.82546
96.73032
17.712437
-45.58039
11.652927
140.73625
-101.42444
59.443535
-31.782429
-133.72739
62.71705
-31.148882
-30.456345
-69.66842
-6.3332047
-50.381332
-163.71631
103.43722
57.993736
15.198926
60.622208
-49.99854
133.91078
-35.038986
-22.312649
-113.88443
-6.9649754
117.38592
-51.21425
10.109312
-80.46106
86.039925
-135.03584
-79.89061
68.27891
-40.847015
109.14352
54.570194
18.464418
3.8959155
32.820324
-51.03411
-73.63722
-16.567745
8.378168
34.388474
47.581203
-4.2502394
214.91641
-98.94932
8.840284
11.892294
125.29233
-61.98694
-131.18854
-132.01753
8.825875
57.11458
-24.14022
-27.786844
-7.851093
17.843086
13.713499
-90.07043
-9.766785
111.74118
-126.85421
23.854403
5.9299574
15.0727
74.14831
-51.321495
6.007016
24.96251
-128.85867
-67.82754
-121.48284
-40.96568
7.541773
44.613564
-71.127655
-50.23718
228.2096
37.474342
-47.81556
2.5529099
18.775316
-63.96187
65.558716
15.259125
-112.41133
-57.225044
-16.480352
137.19496
-93.0888
144.06964
61.922794
35.56823
29.065723
21.758474
-111.68956
115.126686
-2.0602913
-42.991337
66.68087
20.795956
-10.335701
101.994995
-68.28375
-5.457851
-71.515526
110.22454
-139.719
-59.53213
-41.723484
-159.02571
107.27341
-19.38108
-118.30112
45.62445
-53.02622
-84.80192
-65.82137
10.727209
-70.925964
71.25293
144.48653
115.5026
129.68327
-7.2621436
19.396532
-45.069622
-8.210705
-118.461624
174.698
19.716146
-109.58125
-132.8639
-15.484155
-39.677963
119.0994
49.914383
-26.06509
104.37895
89.9886
25.690954
7.0638905
-49.939102
77.88649
-192.06898
-3.4146938
97.52526
-101.424515
-101.14753
30.322096
36.031254
-63.36117
117.800934
-127.133316
5.9484267
49.55615
-47.056232
-58.004982
-65.96263
47.010483
-269.4457
-85.65052
-107.38455
-34.392574
-21.643112
-143.1864
48.05462
-22.982317
121.139305
58.00585
-97.55941
-11.821335
17.239069
8.042931
-24.450294
63.024956
56.81611
-126.06657
-20.848492
-49.034225
-44.7072
-64.29193
-28.131536
-24.772602
75.51054
-34.112442
3.625464
73.702415
157.66063
-7.0310946
15.651957
97.8489
-26.802948
-0.108620405
99.44662
-104.25343
1.2393273
-15.5681305
27.89743
-121.9083
34.210545
70.53411
-75.1554
-154.38065
43.50916
-3.988165
-72.713264
-139.63725
-138.70377
63.895355
-44.488995
-141.15547
24.24596
55.238964
194.77621
-128.97005
101.739235
-189.09187
51.392418
-3.990138
35.98315
92.29995
38.428513
-6.775994
17.691992
-50.126972
-46.737175
-43.19456
-4.20191
-74.31684
49.565857
91.756355
-63.788868
10.097767
-47.758053
133.65485
-54.82232
-76.45652
43.188454
-10.829384
-8.877378
-117.597435
82.11548
-34.99012
48.41504
-13.9595175
-22.31044
9.783197
-62.48799
3.588867
-46.066082
60.0059
28.364063
82.80948
68.78703
84.684135
85.421074
4.163736
47.260284
-208.8511
9.4245405
8.160498
50.773075
63.557938
17.435661
21.489676
12.249391
39.549423
-96.74109
-0.07329714
-141.26079
-29.58789
-163.19373
-174.5454
-46.94723
-89.90469
11.308499
-121.92961
52.64225
-149.45026
32.751186
-8.075343
62.201633
104.06116
4.0842257
51.213375
128.4156
21.63346
99.44309
42.518948
21.150906
85.63921
-38.321774
36.317276
-66.83794
-28.681362
-46.0027
177.29973
-20.653461
-84.19509
52.375595
16.19953
73.34228
-46.38014
-78.67967
25.543255
91.05611
-2.9502075
77.86304
-20.391218
72.71007
-104.67173
0.27173677
-29.426573
-51.367737
22.141436
-31.272728
29.47983
-38.043663
-124.079636
-37.875904
-25.72864
36.213573
-12.640473
123.192955
-40.92973
37.91321
120.3094
117.959694
-42.714607
147.92732
25.0445
-16.927841
16.353
-172.83978
10.358622
-25.793701
-92.83716
6.592376
-49.270775
59.445835
-60.370632
81.62933
-100.47159
108.23299
-97.076675
-32.304604
-98.75613
126.95906
-5.4486914
-118.73478
35.96021
57.29747
-52.080833
-29.610922
-80.415276
53.353672
-73.61621
-180.42561
-35.803253
-97.52118
55.661907
38.05141
16.86211
31.251247
22.350178
-14.950213
-47.07373
-128.19595
-94.19503
75.63508
-59.383533
-2.3403955
157.4036
-49.693245
-1.298613
12.643982
-38.004
-109.13922
23.936142
66.08944
92.9837
65.68328
-68.817795
158.99483
-116.88666
-50.269512
63.30469
-106.46316
68.20866
57.83553
-9.117076
-77.255554
62.26507
4.41697
-80.7397
-115.31775
-54.524525
-46.744343
64.47092
17.010572
-149.67204
-195.09122
-4.725639
3.8032734
64.18196
-22.561502
88.89931
-37.07619
-44.79843
2.932895
85.58278
-104.52218
-31.482239
-92.902504
14.912603
-16.46181
-38.38169
97.233925
-17.11647
-179.68018
8.869205
32.107704
-17.497108
-111.318306
-91.899956
-33.744537
-88.256424
65.2489
61.985523
-57.735527
98.362625
38.38601
-24.930813
-26.736994
-26.807705
49.203148
-70.07093
-113.74283
-78.72324
40.206547
-27.81464
-60.601135
46.041126
172.81763
-33.207863
-69.15792
29.527073
13.369568
-35.656128
34.197823
106.96459
-3.7954118
31.770433
-20.708506
117.45898
37.89475
84.63459
-71.547325
-16.875051
13.839455
-6.120955
106.73496
70.072876
-16.837914
-17.35127
61.172802
19.289207
45.873108
-32.67654
-24.457273
-54.883568
77.90106
-27.257986
-17.272001
104.74407
-111.46054
-108.405945
89.59333
-70.123085
-59.506298
16.670856
166.4919
50.312267
136.90309
21.29071
-80.28509
-159.94635
-117.76465
59.377396
-114.60008
190.72371
-152.06975
77.528244
45.017773
5.7695894
-52.349262
117.29879
96.32892
5.0242214
-20.816872
-16.793186
144.4051
50.77033
-30.914782
21.830698
7.0797076
91.17886
26.665129
58.634453
-55.023346
109.61555
-83.26506
-72.939545
-42.590275
-33.667213
47.339027
-17.760368
-9.726035
-42.507057
33.32923
60.6735
7.7547092
-18.093527
18.410276
37.186474
135.52089
-79.97979
-68.027405
105.73087
-16.017378
-22.474413
-3.5515153
80.35731
44.003918
-17.085985
-110.050896
102.06621
72.135765
6.2911735
62.42787
55.398167
32.58834
-48.739372
-42.617638
61.051792
46.73861
20.949816
67.48261
-36.56192
-26.945349
-57.360287
13.73631
29.994787
-118.65737
12.683617
-26.330189
-63.522545
10.699339
110.83526
155.81302
7.4655848
95.05738
109.91673
-14.074475
114.99049
-49.394077
-14.295432
-107.74969
0.7435358
-100.87167
46.607903
33.550797
-86.218956
-18.031477
1.3273965
74.2295
52.529114
-83.56164
37.645348
-78.16374
26.978899
-3.1218467
24.960772
-205.78485
-66.41436
-131.63188
-62.107803
-146.57854
-21.939808
-92.17671
-29.801006
-94.54417
33.363075
-88.98426
-62.325886
-32.888912
-70.533844
25.198824
109.95672
-107.101234
0.8347491
-4.4542704
43.923946
-41.08941
14.955896
-27.45648
21.998947
-42.48577
31.215538
-118.46301
-36.05418
43.321304
-44.47793
2.528831
-32.654938
-22.73207
45.86198
-86.17384
-18.064903
-42.2916
-8.617154
-70.36538
133.27254
-103.83866
71.80229
93.36464
31.062847
-9.994547
-123.40416
53.150166
-91.041214
-113.80032
25.772882
64.86397
32.40911
-116.50665
-152.73009
75.426414
-31.712727
-116.31738
2.1997042
-10.679707
-107.40477
-102.845894
-84.42056
107.79773
54.446526
25.204546
-23.607063
105.05991
-2.8841789
-34.86988
21.307306
118.341156
16.127962
-29.904518
16.44359
-61.89333
98.67243
21.97926
1.3945739
-26.844824
0.3672068
-64.82307
-101.62836
-55.225975
33.21029
38.442272
-55.01751
74.75198
-148.98422
152.71927
-4.219352
-89.36982
107.937454
-9.645574
117.88927
-21.56157
35.655525
-16.358027
-28.880545
67.48538
56.120365
-71.62588
43.3043
-23.456818
61.242943
86.79858
36.14474
29.702875
92.42677
71.83071
-28.35109
85.689156
0.5894881
30.127037
-56.092834
-58.098232
-20.051481
77.898125
-41.246395
7.4367933
-104.319336
113.34731
24.336561
-121.4081
25.140131
-83.62103
57.649155
29.46429
49.312527
40.593594
-43.767582
0.22923209
15.848734
26.047789
54.464138
-105.50584
-114.69261
-89.10036
32.10252
-0.58982235
99.08496
62.336624
77.12293
-46.987324
28.18478
-75.77398
25.032335
66.747574
94.7618
104.22419
96.90641
17.156944
-85.48915
-39.613907
35.04423
-46.58004
7.190381
148.2478
-35.405575
-26.814465
130.44148
-20.735968
40.82014
79.59632
23.339327
53.9817
10.499509
14.596365
-138.38818
-90.111015
-10.30943
40.517174
40.469715
115.5728
13.952857
35.74215
-42.261868
-97.13602
-16.350956
32.649452
-18.251764
167.96027
48.20179
59.570713
-2.482371
138.3265
-7.9959393
90.53665
17.69097
-87.327324
73.85616
-95.93318
-155.48535
108.554344
69.4207
-58.519264
2.6577575
-44.95115
-0.11911011
-109.82033
-25.131937
-28.344267
30.030174
48.487553
37.669205
-1.4444103
69.56819
91.80281
-66.8082
-1.3324142
87.038185
13.611705
18.719646
-162.17796
-108.81799
43.146336
-7.3934674
-5.38623
91.00947
-42.732494
-34.562
-72.30946
-83.3008
-149.63303
-79.04147
-177.76399
19.737104
-13.753398
12.40518
-29.863594
18.004963
-120.87507
73.84848
5.4803214
112.128105
-103.53025
60.45609
40.680275
190.16284
97.72278
-22.655825
30.258394
-1.1449282
-63.856747
52.758804
-19.25777
-88.62993
-234.29984
-9.741769
11.78071
-2.1847155
11.23079
109.4599
71.005646
-83.32909
-19.765099
-80.36314
29.11605
-27.225132
-57.346
-172.23404
71.88206
-152.32578
-2.8683813
-9.699007
-153.9342
40.159294
43.712826
135.86642
57.2871
9.4232855
20.543358
41.798588
87.2412
115.697266
-97.17121
-55.357895
53.756367
-1.9406562
113.32617
-35.470245
4.3152256
7.7614274
9.019129
120.72569
1.9989493
1.1354992
7.8982415
153.14362
-6.450989
60.50057
-46.816
3.2008815
6.639239
168.07924
-148.48485
28.529709
3.4909866
69.08148
139.93976
37.33148
25.824844
31.599016
-55.29848
102.19036
32.34831
29.322412
56.608047
69.43219
-8.66632
106.39809
-33.143345
85.842415
-127.63896
-32.36349
-18.802748
-72.44267
42.230244
4.1212754
7.533194
-57.019634
52.70019
-18.984898
-127.70995
-18.633667
117.88192
183.28368
-15.507968
129.29208
52.396145
-57.005814
-18.492666
-106.53003
95.27188
-6.185023
143.91779
-39.172306
149.24994
52.32182
-8.207526
-19.782253
104.02678
-24.58157
84.91748
61.297474
4.0799513
43.177746
94.1893
8.530039
-79.13285
-46.00622
-100.28651
157.09555
83.34521
-127.37814
-162.25725
54.75025
14.018723
101.77397
8.713503
-16.111406
-16.147518
68.951355
15.271136
48.181545
28.307392
-37.57139
4.2225623
-28.336405
10.148828
153.5466
92.47356
5.6611605
-141.77083
-111.38093
193.48878
-140.41194
-127.29598
71.457306
-45.879665
-67.550255
-33.852287
25.755424
-72.65618
149.12556
-67.18073
22.558788
-150.28978
-132.63959
14.7905445
52.36913
-45.818073
60.96942
-29.79783
105.03972
78.16973
85.27116
-44.98934
60.402473
-60.663223
-72.14318
-52.145443
42.440605
-24.823914
75.4261
14.32841
-110.239815
-61.935764
52.719208
-62.179092
-103.57762
-68.970985
-15.919742
-17.97792
37.954453
32.259106
96.6956
-56.357826
84.73841
-15.671419
19.925377
9.607063
-3.3910403
43.183784
-47.771458
-63.916515
58.180374
-69.43047
138.9412
3.1183789
72.77575
5.6866655
20.410702
55.18353
122.9129
-72.74258
22.906595
-132.13248
164.85948
-62.475937
-130.76521
26.034105
-9.466211
-32.4287
-44.741848
38.26255
-149.84904
-108.65806
-28.309114
141.34691
169.0615
-38.82582
2.7902699
-59.666065
57.496155
-65.827934
23.721989
-31.786842
48.641636
9.830021
-110.40355
-66.83666
-11.587023
77.91156
72.85085
33.28384
154.42047
9.912485
-32.96447
-30.35876
-27.40703
-91.93471
16.941288
-26.64906
-9.340087
137.19344
-126.33846
26.378979
33.927307
23.122004
37.197968
-83.894005
-34.22801
57.65922
183.93633
-31.412676
-95.0182
-46.47048
115.93761
-36.401295
-20.511436
-32.945084
-68.06095
48.73969
-6.654788
-47.840836
-24.740917
19.565027
-43.648075
96.37108
35.51555
-59.115593
61.068638
8.399664
62.44211
8.499878
-54.252014
62.7142
130.34004
-56.38491
-14.94884
82.277145
-117.734924
57.215683
-40.344772
-0.19744992
89.40553
-33.29707
32.329025
39.276417
-30.700537
-35.552017
20.796108
-21.201609
-78.62702
37.63637
13.393586
30.668295
36.389877
60.014
-74.636086
59.060783
28.284706
115.85095
-165.26472
3.7798626
-52.024696
-119.41047
-65.211
-0.8133587
74.752945
42.419724
62.755924
-54.69148
-46.388073
-9.339391
-5.6131353
-4.600622
-74.88343
-4.612982
-81.81302
16.06043
59.407787
-62.163334
-100.39903
27.197912
-128.08981
-5.1227756
110.979004
-6.5234537
-19.66493
32.632225
97.04696
89.781876
56.646744
39.703094
66.995926
-28.601912
11.651284
-52.443886
73.14698
-4.5662208
127.30101
-138.84933
53.10437
-38.239304
-12.875231
-48.863796
15.248135
-90.9139
83.06647
75.40305
-82.36738
64.080414
158.05461
-125.33888
-104.0514
51.007427
18.77184
9.019396
6.904166
88.1237
44.589775
-29.318747
67.851006
11.511135
26.449282
-29.712805
60.475018
-37.726933
12.493681
-59.88284
85.22671
-16.16958
-83.23125
-12.446675
-19.9841
7.127137
79.36069
78.392075
94.69649
124.700905
19.509623
-50.920338
28.053326
-6.0670466
32.161255
-13.364325
55.61036
1.2832758
-92.96678
-12.559065
-66.94154
62.998188
-65.93575
-149.4088
-22.198885
-90.45956
79.011444
32.438408
60.90792
-114.58983
122.54544
-24.915546
-17.116896
-8.344183
-56.300106
-42.92933
-88.40083
14.391123
36.487713
-63.17079
0.74210465
-42.451546
17.698244
-85.65465
35.49275
71.13233
28.378733
-117.14381
-52.941605
16.90987
-37.300453
-20.548706
113.72453
-72.10849
-34.709145
-14.0969715
18.05481
-95.3762
-20.636745
-132.1602
-19.95868
69.31756
78.03746
193.51637
100.33197
-9.721467
169.6065
64.04704
-8.074672
-106.43093
38.1872
-47.415783
-38.476257
-185.92273
14.005449
-16.18639
-37.545414
2.3148985
6.980675
-74.625114
78.94532
-81.09337
-17.702393
-53.494026
8.789225
-68.59165
-45.541412
27.23949
2.620607
-56.220196
36.838463
26.843134
83.69248
56.75002
37.41327
36.73106
-92.5917
-17.159658
67.46834
-113.7495
107.737625
26.64939
115.00535
-89.93233
-20.60582
-39.169323
-151.25401
22.46057
-77.20735
17.903091
68.72455
-141.08331
13.726644
-24.545547
41.475365
7.801302
-89.332985
42.78102
-6.668279
-24.005447
-65.07443
49.85317
-23.55403
-44.49974
17.493422
43.496037
48.80702
27.694845
-62.690804
13.586097
40.123325
108.72738
-128.2409
-13.012781
-6.4840517
25.481428
-50.363605
-3.538074
-10.744701
68.68987
-65.26523
-70.25362
-176.41872
6.161099
-66.15832
2.6022267
-118.42746
-59.50466
-60.381626
90.43387
-87.156975
-40.67338
-72.799126
-42.636482
9.863007
-14.168812
-68.590996
-3.8579116
-10.852417
194.83409
41.281208
-62.534252
-41.77321
-9.757769
20.755533
-29.087992
-7.7450466
-119.57984
75.50015
41.61562
-11.617621
7.940026
196.62393
106.71011
171.65456
-22.646166
-16.094622
-117.12466
36.76829
31.676361
-148.94107
67.09403
-62.39188
64.79482
25.935959
-63.286686
134.23642
8.30163
-10.206428
-60.582027
64.42145
123.83465
137.28899
-118.54841
-142.45477
-21.11441
-22.765429
151.634
-45.44546
6.773237
-33.432102
-65.278435
33.222263
-27.283134
47.14235
3.7295637
25.225306
140.13844
44.89811
52.43419
146.03378
-3.9848604
-79.86674
122.46677
-105.70209
48.596283
-46.163616
26.059025
-32.547516
118.36562
-33.06624
-57.71176
91.15509
135.22115
5.7369647
-64.51963
-235.35268
71.69146
-22.072886
-18.788488
-39.789513
-3.1897755
-131.37311
67.66638
153.52295
-60.72918
35.504177
-5.662406
-29.180391
-9.628488
-104.73019
-38.43527
11.329192
37.490974
-54.31382
-75.66025
1.6480336
-0.09374088
27.613987
-186.87814
-77.47489
0.058245897
57.569916
-54.062992
-35.885513
4.619678
77.2728
155.57527
-86.354546
-66.114876
-98.41643
87.473755
-64.34689
-18.366444
22.52664
17.134031
-65.026634
-75.57494
55.01181
100.9956
64.11667
25.577261
-97.12005
38.50193
-28.025043
32.29179
70.928734
-90.80255
-177.0513
-1.0572317
41.42513
117.81069
14.74683
19.927814
23.984972
30.51188
39.756973
-91.60596
-11.890022
-44.50653
-42.07214
48.928673
-69.825005
-25.284546
48.559765
-66.29836
-45.801937
36.91714
-64.43628
-41.674065
-29.09455
-90.05663
-48.149635
87.82091
-6.4917984
-121.6941
-41.262283
24.77272
-3.0903473
68.603165
37.25566
50.80851
-59.299683
5.298419
54.34494
-14.885781
2.4464097
253.51047
15.167816
97.90194
133.82065
28.759588
31.56273
87.38853
9.696062
111.23725
-123.012886
48.4052
-122.22076
30.29611
-65.31152
45.50186
-23.770004
-100.99954
70.60183
74.386345
-169.30928
-18.557558
30.562609
-131.05762
-27.872116
-130.879
-46.20634
-112.47454
-7.646346
48.49871
81.27889
-45.192505
82.27624
-23.850945
58.627556
-27.403275
60.99417
-102.21952
13.42066
-32.30136
202.14708
93.03127
36.676586
50.05018
222.13353
-68.20686
93.96573
-88.66474
36.627445
102.42012
-83.350365
95.99811
44.210346
-95.06976
-128.53801
126.71675
-23.90082
119.5749
22.965443
15.690785
-27.583618
-136.24196
2.9297454
6.321717
-5.123288
58.472477
-51.632572
66.285194
71.00374
58.412888
-14.313651
22.912537
34.25718
43.14082
-13.459075
138.22021
-19.424377
104.04529
45.43954
115.1289
-100.47329
60.56833
-19.643766
114.247795
-60.087997
-52.06982
57.19321
22.51641
121.76775
-42.16711
-11.03394
8.720985
-20.302492
60.93729
44.13711
-46.947216
-54.520657
-25.808624
-55.117016
-84.25569
-28.223305
-9.013507
58.14099
22.204693
19.72841
-69.69339
73.19053
29.719517
-15.017414
55.28839
135.05408
53.913864
-14.7722845
-17.311708
-21.006517
69.52065
2.566031
107.61847
-38.956806
-3.1162114
21.149424
-64.420555
-4.2926736
64.200096
-1.4703293
-1.9038838
15.808477
-54.811623
47.466114
0.90673923
93.14192
153.3282
-158.5574
-24.982365
-14.710557
-59.328403
-30.37695
-35.62253
51.21066
32.38504
-59.617184
34.196835
-2.6043754
-208.35632
-57.690144
139.05637
47.256767
58.140697
28.17995
-37.011963
88.26684
33.85243
11.527416
-71.26955
-63.80018
151.60881
-43.662544
-105.54141
8.992258
-67.445885
-71.983765
69.36524
-82.63746
56.48737
-94.61371
-61.39039
-78.27866
10.216318
63.32183
63.668724
-125.07655
-14.163302
61.111404
58.277416
4.103759
52.65552
17.881535
23.466148
9.57699
43.05541
68.03451
36.760666
143.30447
53.021908
18.182447
-82.04585
-53.42994
-6.9883647
-21.628054
5.550124
78.17958
-36.730614
82.77669
64.260666
30.36311
-156.15118
-54.903217
-59.13817
27.303917
-75.84113
-43.409542
1.4600497
70.29038
-124.45303
63.528248
-23.411839
46.75392
-129.82855
58.850933
-47.54416
-48.72549
9.075121
14.290535
55.34711
68.32737
-39.053898
-13.666622
75.04041
-84.66604
-69.74712
-12.3782215
33.7915
68.462395
33.782875
-69.725006
44.61539
62.188667
78.607574
29.882586
71.01876
44.20308
71.037155
-2.7725048
-65.35926
-109.00868
-12.7911
-97.6017
-67.265526
50.876167
-30.301434
-27.821293
-83.09003
50.948853
-11.811531
-16.545301
43.34106
105.371956
-109.65802
-67.22294
-102.2355
69.05402
18.277521
-75.97825
-55.212856
77.95275
35.421032
-113.67856
-72.24812
51.307224
-77.33187
-110.52443
-99.1928
30.04333
101.42531
-19.41667
-10.42374
-51.333313
-107.18779
-24.305698
-66.169
14.810949
35.463696
-163.87306
7.4252024
32.8853
56.71114
79.78124
-56.209682
-2.3226502
39.73488
19.026232
-155.26372
59.43201
28.018148
140.00395
-144.74715
-28.688892
5.299749
-21.150444
146.7332
45.693592
59.09997
-116.4804
-3.9145722
85.288956
-2.0117242
54.515896
64.383865
30.732649
75.191475
64.31302
46.699863
-11.233858
-45.907356
77.126205
-18.567883
1.2017287
-55.214302
-121.884544
-127.59658
-74.67278
-39.852062
22.471022
-15.000163
7.4006925
21.839252
31.882612
-26.303324
-66.75941
171.60123
25.388226
-27.863525
6.171382
-54.817356
-57.172802
-69.33179
-18.669521
20.77554
-20.32851
78.7255
3.3154898
-54.34237
111.83508
-118.91387
-81.93712
-48.678818
31.120268
-90.12876
-43.119183
-125.146416
9.331659
-94.211334
29.214828
0.91091514
-54.166588
22.230728
6.7198086
57.58928
129.94115
32.729595
23.786812
-42.71836
24.700188
-121.32134
14.423805
45.374096
48.500347
-85.55371
25.606897
-68.735466
-82.23857
3.9677744
-160.06001
-70.60182
-6.162119
69.08675
18.45015
7.348469
45.285137
-112.768166
-4.1832924
157.21115
-20.204737
-41.774864
-96.733765
79.24505
58.30425
70.61952
54.732582
21.83177
17.82953
-80.51038
-153.12216
80.88232
93.56676
88.99484
35.66873
-22.747116
18.497051
54.79356
41.295784
-107.232086
-121.69776
141.33887
-28.740135
25.118813
21.149858
47.741825
41.078373
81.28155
-19.317278
-181.08986
2.5761766
23.609936
38.302048
53.380035
82.64677
-52.158245
36.201897
60.026234
66.664024
27.148836
50.134014
-115.923355
-94.05176
-24.98784
45.96438
4.883169
24.345818
-101.294556
89.25327
-16.644949
-101.92218
78.12077
47.386814
-15.996093
-40.679775
-23.402641
100.64115
32.317787
-19.137661
-3.8808255
-11.395615
-30.054905
25.190891
-66.496796
58.103855
-32.0537
43.519722
14.804675
-68.641556
-17.122728
63.912663
94.6025
-106.189384
-22.044685
-66.94432
5.6290073
62.382977
40.29266
-29.29894
-5.1058226
-39.180054
-11.388665
21.71079
-3.1281693
-120.2985
-133.84283
-15.043458
-89.696655
-2.1538012
-3.545836
40.47726
-119.76974
-87.42054
76.50708
12.12918
79.56793
-56.478218
62.82874
25.666527
-60.51078
0.49976027
45.235283
115.130356
52.195164
155.11406
23.684032
-3.4253569
130.64728
-114.00586
-10.345987
7.300654
40.434425
115.69262
-10.066639
107.9063
22.872799
-57.80456
4.776402
-3.7642927
74.53728
-50.602547
-14.932869
141.28464
53.757607
22.35068
-33.112442
-16.811453
80.09865
-47.49737
122.89364
37.216633
43.317074
-23.755354
-100.19863
31.455898
-35.44235
120.069595
31.433508
-28.22528
77.76727
-20.718058
-82.14899
2.7657251
-103.454155
-77.76277
-75.9051
108.939285
14.702464
-53.733543
-42.359287
115.87722
1.3140906
-40.451584
-95.93583
-44.451843
-9.190277
-2.9296927
57.77772
-15.495169
43.317062
-24.47962
7.0662503
5.7061567
-28.952698
11.264895
49.790787
-206.58037
125.62742
-164.69258
18.087822
-74.9466
45.165485
-53.430336
122.03176
-95.44021
27.477304
-52.494846
-32.601227
9.801524
27.219952
-63.58729
-112.642876
72.27717
-45.739246
-92.020676
32.875835
