-98.37257
-5.876363
-59.602806
-10.511842
-9.925424
-59.21218
-44.588123
-41.996017
-22.664625
-0.34032834
-53.2209
-92.33926
36.939056
-33.83888
33.82916
82.761055
-30.392874
27.602854
60.46696
76.424355
57.107746
79.437294
13.382654
20.389904
23.701956
104.380615
100.174934
59.968483
90.97222
-28.549297
77.32241
8.420256
17.183573
45.732662
-57.620647
34.90507
47.884884
-52.309456
-52.685654
-16.389097
115.68457
67.53095
-57.786465
54.14747
-12.890415
-23.508862
-25.220924
-88.50859
133.70154
-4.462478
-89.17862
27.886301
48.60151
63.521927
17.321396
-66.37704
10.366149
-68.989655
36.996265
59.45449
11.022415
-59.14315
-1.6009015
-18.066439
58.365936
-92.16777
-15.359173
3.0202098
-40.98851
15.611004
66.9929
-9.478155
89.24148
81.96067
-10.604394
-49.916687
-12.241741
52.120464
29.14484
-9.167911
28.910591
22.568577
-51.99277
-17.433596
21.205389
54.504585
14.498406
-1.1928014
-6.704473
9.386964
15.157351
-24.402182
20.703453
0.8661336
-95.69467
4.3846917
55.029297
3.389629
16.532305
-48.789753
125.05282
-93.966385
-34.107315
-20.70568
15.592739
-13.384947
-13.091843
2.9005833
31.350533
-20.178366
-39.612785
13.322305
67.66605
26.61469
3.6839085
-112.93325
41.884308
-24.442276
51.031345
-39.681892
38.164146
121.56486
24.364872
-35.873177
-4.0854554
-20.171198
-11.179084
94.53222
13.068752
35.714203
-15.462884
-14.325452
48.239098
-55.76867
-80.56903
-13.519594
49.771572
33.943295
-39.43694
-90.86475
22.10894
-55.20139
-8.059634
-20.796076
-57.978825
29.915508
-18.075184
-18.995874
55.840965
5.069434
-35.38317
22.883715
-22.236116
50.593365
-59.474873
9.451324
29.787462
-0.28673828
20.660587
26.166681
-63.372726
-44.169716
-33.833008
-55.054203
43.377613
-14.133446
-43.690037
-24.71419
-0.80483985
-24.397314
67.87566
-68.746765
17.42311
46.146866
-62.430584
-23.810213
-29.344215
53.02785
1.7393
2.7712426
-19.571997
-86.71948
-12.598559
59.237076
-95.75616
-15.078447
6.8201523
-39.328922
69.15096
119.87144
26.203102
54.21263
-19.03562
-72.15576
-14.791813
-26.388344
5.131613
-34.968536
3.5155947
-34.78516
40.556103
4.447775
-42.622562
-84.23215
71.941864
-19.08683
-107.2737
-47.97976
-53.15317
-76.01741
-78.78321
-18.408611
19.526638
-39.3653
28.910385
-15.420728
-18.779728
1.1034088
-31.776438
25.930622
-0.3367101
116.07727
24.761616
-48.187153
45.484917
14.303465
4.247644
2.4830992
-24.05623
-31.657663
-22.720776
112.10317
-38.151703
-73.0752
-10.422375
33.341118
-19.404896
-9.608023
-36.62706
-22.997993
55.467316
-134.83192
-100.52659
-10.681272
86.25718
97.01212
-35.497845
17.498423
34.36889
-81.35528
10.176117
-29.995218
53.894424
-18.237062
-43.178722
46.746716
-16.309542
1.9250145
39.705795
-74.17215
-78.772125
-18.36913
-111.1506
-27.116245
0.6795008
-7.52235
54.388832
28.902464
-23.999683
110.761055
-55.29231
-69.34424
-0.8781476
2.5531523
82.073265
-3.8891754
-133.67592
-10.1372595
-11.26131
29.004921
20.139141
34.804886
-26.179798
-15.979543
57.630898
35.506027
70.953735
32.59872
-25.898924
104.40214
-97.977325
44.182014
7.4544144
-38.64656
-2.916098
0.37056583
35.93152
-29.884947
54.652893
19.373568
-14.029454
-57.16359
58.150707
42.819363
-5.209684
-35.124935
6.056886
-23.426481
-47.823498
28.245878
-115.1606
60.280067
-26.105896
-77.30552
28.218733
-17.909176
29.895777
20.187576
-57.75933
-24.930244
5.486023
-21.812954
49.406883
-36.943916
-95.799194
48.48633
-63.52076
11.165079
-12.601157
21.001215
-32.90309
-58.704285
-61.781834
-76.14248
60.692505
40.349113
-47.994347
-59.525986
-40.350605
-49.852905
-30.93287
7.6012707
7.0401745
15.340322
-45.19257
8.886115
55.707542
24.647905
33.791508
-34.215916
-19.887186
32.021164
-45.417664
-30.63171
13.054322
34.215088
-13.005887
44.951385
26.762383
42.331245
24.461798
160.0147
54.98709
-53.424545
-15.014423
-47.76691
35.02413
84.83086
16.977198
55.817577
-25.656662
-20.410625
5.6245623
32.971233
96.76367
-21.557274
-62.53438
24.54579
-54.46671
-35.423294
38.182766
-35.74789
94.8594
-54.75366
17.019674
50.184193
73.290306
-46.563484
-9.15524
-5.109506
64.46164
-35.08464
-69.54189
58.785984
21.117712
11.0978365
50.16492
12.819153
-29.601685
51.33477
-44.470417
-33.47699
65.78756
3.705048
67.42911
14.843473
102.8547
-14.576542
-43.663387
-35.064938
-47.922813
27.334972
-11.402984
-3.9538636
67.608444
-7.7822304
19.580114
-16.835732
-22.764894
15.475517
41.30529
-44.677334
-37.025196
-17.529846
13.752116
51.111332
-3.820815
-16.300291
-42.487526
-132.96477
2.152575
-77.92382
-23.8465
-80.698395
36.97896
34.282536
-47.2723
-17.742886
-25.049553
-9.632754
-101.20308
47.20336
-47.889168
7.6729145
28.14465
-53.865593
46.67685
-6.3408947
-46.481632
-3.0665898
-14.975708
-3.8939972
-70.70769
-4.5580206
-53.101818
-24.854631
33.13216
73.29934
-61.093693
-88.820915
2.1371844
99.13535
49.613926
1.0449467
50.57244
7.3836803
24.986404
-14.029752
-91.128716
45.81407
-100.29534
77.3368
-24.26126
13.706811
-43.587025
31.01608
-1.1006314
-69.12405
24.485859
-29.00468
-20.758215
-63.939743
-62.40162
-33.158096
-35.02484
0.9330628
46.77456
19.38068
-14.163251
31.090084
-2.4627929
19.116241
32.920723
-58.99229
-29.403566
61.80613
-9.869019
47.47615
-24.972801
-36.069305
-38.379105
-67.48518
-0.8533915
-10.840199
17.121628
64.56124
-4.7375054
18.950901
-3.8206763
91.73821
-51.787933
16.215555
-16.042727
74.98203
79.57466
31.960781
-21.977226
-49.333824
70.906555
-47.630196
-57.50825
86.629616
15.071774
-29.087814
0.13267934
-20.091278
55.595238
-46.238583
35.072083
30.458002
-39.263927
95.46471
0.73667276
64.28968
-74.60029
-56.95821
80.13756
-93.14836
64.54739
-31.471199
81.514244
-41.95585
-62.65639
32.947586
73.270226
24.28547
-98.38391
-11.031277
-30.617054
59.089928
-78.08147
65.08983
12.636984
-38.193043
53.62953
-81.32145
-28.76727
28.816809
-58.28811
35.35877
69.8367
53.733456
-39.594036
43.236305
-25.030418
30.289965
-25.110947
71.000015
-41.5614
12.6235
-4.282561
-103.02629
20.377
-0.16750944
8.880599
-57.91015
56.572987
9.678439
-31.115881
-38.803448
-40.535046
27.10593
13.262367
54.822395
102.36792
-24.073284
-7.806059
-14.618822
-96.53757
30.747805
-42.591694
-1.4343884
8.065639
-80.37954
-5.6337543
15.245388
-2.7575936
-20.816069
0.838318
-30.79063
40.657288
44.73647
4.5264387
23.875423
9.933032
-22.450216
60.058132
-104.49173
-15.170282
45.252037
-13.017686
-42.11347
-7.5642843
-63.677685
-19.140789
67.81203
87.28716
-45.65668
-18.21307
25.318798
101.05828
57.3507
107.74465
113.988976
158.14351
32.017265
28.13732
-6.7155824
3.794986
18.812046
64.5132
26.985018
-14.064007
-135.67926
-90.7744
117.02942
8.890068
19.868849
-48.50366
40.450176
3.9806056
22.562738
-51.911594
-2.1402473
-34.580616
97.85793
77.68661
43.73001
21.478077
49.55257
33.98896
-83.77306
-24.29865
-25.810104
38.816425
1.5034341
74.52027
60.429947
12.308359
-22.996325
-63.253014
-41.228134
65.068184
25.787514
-37.77744
10.011577
-8.413241
-58.117363
-32.38204
-48.63893
-60.12535
32.87615
-6.2024107
18.488338
-43.69803
-4.8717494
16.076084
9.568282
88.636826
-142.66214
21.165195
76.00978
15.679126
-45.86045
4.7564535
31.567719
1.8213246
120.20021
-61.285995
19.302832
-120.04665
13.748316
53.35805
-28.540432
75.54372
19.867218
42.48549
-78.13115
48.091892
-110.397415
-26.449537
-5.4508295
-103.67891
-10.5648155
-3.167387
-53.651676
-40.382046
103.33338
-90.37362
-32.041046
46.65297
-53.628082
-126.61595
-3.7434363
125.7665
-62.944397
-3.920733
35.356873
31.154102
18.352158
-41.53245
18.775497
-3.4463453
5.832252
-21.966894
14.9279
-34.026558
6.5523586
-70.016266
40.15294
-16.722082
-21.190603
12.396429
38.3022
-8.3751
96.71498
59.89442
14.119772
-76.13498
20.665287
19.063353
-51.25578
-19.753624
16.354767
39.660645
5.810279
-71.9149
-53.27114
-71.47592
-42.488438
-23.9478
20.224768
8.594204
40.10634
26.39746
-8.050604
8.706047
15.262246
-92.33157
31.40233
-46.913193
-67.93244
-26.129725
47.84659
-5.49993
13.392709
104.17806
-27.334242
9.919948
138.70801
6.400515
-26.038368
5.529808
56.326294
-96.54944
-32.577965
4.8391366
23.247055
-28.610834
49.478268
77.1598
-56.75148
37.045662
-46.814144
43.933754
55.827774
44.695404
-17.726461
-43.411797
-29.983772
44.8624
-1.7225891
-23.90636
-34.184525
60.718586
-56.9753
-14.731264
-64.99869
59.985764
0.90335655
1.2077839
74.90519
-52.836784
-11.844179
104.26181
127.329765
-27.181492
-26.419664
-20.59175
9.758818
43.22999
-37.095104
-9.528349
15.956463
-38.548367
49.346073
48.961502
61.235027
10.4340315
-49.484787
10.812038
6.0886765
71.72477
-6.323074
-80.610794
-49.086327
30.963884
25.547604
4.290404
29.329737
46.846233
39.07875
-43.346737
26.123611
152.63666
41.1951
-15.594742
-24.556395
53.87108
-25.972391
16.1404
14.236263
40.19713
-7.463926
6.2887554
-51.87544
-38.818123
44.635834
-28.0689
114.54773
3.6087627
-10.053859
-2.9694285
-40.06494
26.60149
24.301468
-78.15928
-72.191345
-30.048246
-11.146245
-11.681148
3.1079612
40.48258
-85.25513
4.6701193
26.97199
-105.93164
-2.1185668
-71.734375
-31.397127
-56.407253
41.363358
-102.47844
-54.68728
44.775246
54.837654
4.901975
-35.225487
-10.156763
-45.20528
32.706745
26.128258
-0.021104343
-45.404728
31.142466
24.638474
-5.402288
47.915936
-105.408394
32.63973
28.349573
-20.871439
16.78245
-30.80855
-22.71646
-108.863014
-47.785965
-3.554184
34.818256
54.960194
25.350157
79.85448
95.22752
-46.15999
-79.17479
11.408932
35.023327
-16.244751
-36.503635
62.426857
85.48732
-10.314562
15.04686
13.224132
-64.11239
-22.282486
-38.055622
-28.341162
6.765205
-18.740246
-2.4805222
-59.94186
-24.118326
2.4421158
-44.237427
-16.51165
-39.355545
-115.2087
75.08901
-52.711823
59.777283
-43.118507
-51.82916
6.774008
-59.577587
-20.683744
-32.65781
40.374706
-23.630894
-52.333652
-8.453247
-5.0300784
-18.575005
60.690994
-22.055986
31.561243
-41.959
-14.953104
-77.57344
61.213333
-44.08536
103.656334
-48.720448
-5.5332127
-66.6907
22.379179
43.145317
13.539583
-40.110474
104.702545
22.898998
-64.657005
-8.140498
-71.60375
-14.220011
-20.897024
88.97065
-27.148533
13.069132
-95.418304
51.76321
-51.923355
77.7489
29.798153
-58.758167
69.233955
24.727022
7.6958857
14.404419
-65.50995
5.189003
39.01036
-53.8989
-51.005383
71.65449
-46.080006
-27.821619
-3.6793485
50.283665
36.371586
11.601124
-71.02884
26.698826
-27.505947
27.072113
20.16122
20.588629
-43.008686
-15.41355
-27.325058
2.1617393
-26.821152
-20.700748
-0.53120834
-68.48896
-5.1011496
65.50598
-43.093937
81.5242
-6.236826
-25.672325
-108.76167
-7.0514174
43.966656
132.27942
20.361254
-6.67435
33.278294
-3.927939
-55.48139
7.784103
30.668335
-93.074905
74.52651
31.467165
-7.9293833
-61.15605
-118.12646
94.35441
-12.341705
20.461779
-94.00493
72.49635
29.412638
-49.37193
32.208576
93.534676
-35.051346
-4.956512
50.80456
96.063805
64.841385
110.54313
-44.340786
-13.677041
34.151653
-30.283525
35.384933
2.8565245
-82.09835
6.4395766
11.301379
-27.900812
-11.930569
-20.889757
-62.072716
-76.46887
39.716534
70.72743
-23.489462
38.436058
-20.775898
105.1857
-96.91608
-33.281208
-67.81641
37.733562
72.545074
-33.412907
22.485638
36.29493
33.078083
-165.17622
-48.72033
59.130806
-5.668676
19.743937
-12.347477
-33.755135
-37.43577
30.120012
-87.80977
-43.66259
17.716408
48.683453
19.541605
20.922203
49.133568
69.09233
-8.137724
7.258305
-11.263607
84.25852
11.319763
-40.537632
-6.833709
11.742935
1.6972798
12.494893
-3.8563628
16.668825
10.868389
-12.485277
-27.206009
-11.1043
131.95712
-16.521923
73.38591
27.114388
9.7121725
28.168434
-56.655746
-28.62086
75.438095
-35.476273
-44.363964
-101.01934
-18.924906
46.35428
38.574917
-7.921218
-71.372696
49.418236
60.797897
-9.440728
-5.750651
35.244225
12.21333
-9.11194
28.730558
-23.050724
-63.309883
30.228483
66.4118
-11.861657
84.281555
12.538652
4.148498
-18.1854
31.958769
-32.434208
33.4934
24.713224
8.423073
13.99163
71.89391
48.171204
85.91949
-16.612377
34.281857
53.152786
76.80422
-87.126366
-12.59655
-23.327097
-58.050022
76.27895
43.729435
-91.02939
-7.5437183
-32.080685
1.5584865
37.276836
-2.3054829
-84.44471
12.534766
43.10264
129.63719
85.917366
-24.206923
42.66491
-30.490881
54.57618
-10.386359
88.29874
11.6955595
-45.477215
-62.025646
-28.078278
-31.042162
94.15905
34.67442
2.0323293
114.053215
29.204145
55.53335
38.44131
8.945708
13.893651
-130.26057
6.2031026
139.15941
-33.847427
-54.36071
-7.338138
59.1401
-15.415255
78.22021
-36.18078
44.709312
45.44167
60.246365
-68.03561
-31.110405
94.045235
-107.95602
-57.104454
-32.68815
-20.083033
30.105488
-98.63117
58.916687
-73.481865
30.742916
0.84016454
-76.13117
-7.822791
86.23956
17.12982
-51.38098
19.071692
44.974087
-55.080376
-49.31498
48.82427
-47.914
-71.20963
16.408798
-45.065105
47.851864
16.345726
53.884365
33.34217
98.02887
-27.518116
-13.061553
51.13633
-13.823938
-6.3549685
44.425865
-84.96157
-86.359924
5.455691
1.9709824
-72.166
82.08979
41.70304
-31.654575
-4.901417
-45.73943
-28.030252
-132.1887
-60.19143
-75.54988
-11.044462
-22.278126
-0.15707204
3.4600372
21.010323
58.243076
-113.74501
102.880745
-60.50705
30.769363
58.806744
-27.23265
41.320656
-3.004405
21.761932
-38.553787
-46.761898
6.870838
-39.522957
64.82327
-107.89937
41.323303
31.556494
-20.755632
20.928555
20.190632
66.129166
13.013703
26.869432
43.194244
1.7933215
-27.411215
-68.484406
-43.69943
9.549455
7.251542
-34.575623
37.47319
-41.692234
-40.707302
21.415993
38.35314
54.56779
0.9031255
36.739326
72.675095
95.60851
-28.270645
-3.0195003
29.936642
-74.415825
22.616951
-27.15603
24.574781
-17.369577
39.6797
-45.235813
-18.082863
31.210928
5.693866
-83.44141
-23.521795
3.1785214
-55.09616
6.421519
-33.059425
9.452495
50.075455
-38.15042
51.680878
-111.364944
-14.500343
1.1951337
78.01732
31.570675
-4.749156
42.895668
96.53531
21.516367
118.25864
-26.030762
-10.311794
45.63452
-33.47066
63.430916
-81.28665
-9.216451
-38.45284
112.5138
6.0353017
-58.24068
-18.8231
59.12099
38.858547
-47.63364
-71.21552
7.488036
84.09861
14.52156
-11.474546
13.341437
1.5612978
-43.557346
34.436527
-28.35012
-39.283947
-30.344728
-28.421017
-7.3515334
86.30218
-66.025185
28.381601
-18.008848
31.521877
-25.785984
4.690428
-3.1914628
12.18945
91.98398
-16.351833
-114.46002
98.29226
-4.107634
-17.664509
36.923214
-112.3859
38.034893
0.75051355
-19.629925
26.867563
-40.282936
27.665724
-38.384415
37.733498
-57.88759
52.974342
-3.7802777
3.148484
-12.751976
61.01731
-14.897317
-79.52011
-54.400215
65.45254
-36.96271
40.427757
-50.262497
8.110716
-51.31498
-15.58517
-19.526848
-80.44162
5.663109
18.12325
-35.9013
-45.992107
33.163036
-39.651794
6.2089043
-69.19326
12.472446
124.1116
-27.477423
1.9817108
145.01903
31.759262
-10.039752
11.1721525
-63.400043
-83.4243
-6.067604
81.98042
80.3667
49.71837
-12.601662
-17.364372
-76.24328
-30.543955
57.47785
-78.79558
44.74671
-17.623905
-2.960537
-50.514313
112.87317
4.5143723
0.40270114
-74.70986
-96.18846
-69.813126
99.1583
29.52618
-72.70597
-90.342354
-3.1488907
-22.647865
64.03114
-31.918411
87.23132
-0.04266274
-70.225006
-18.831398
38.462166
-30.64062
-38.183723
-52.447765
65.73913
33.916275
5.2412343
-24.015947
-54.521473
-85.00323
26.633066
75.19834
-30.236502
-96.40316
-83.021774
-87.559555
-42.06075
40.76598
54.71085
-20.591564
39.347614
-3.1869688
-1.5616041
-12.960379
-4.2102833
15.713693
10.962594
-36.266003
-58.053696
-13.421702
-36.149094
-4.76044
42.183407
61.64359
12.580324
29.045074
77.81571
29.756609
-27.313026
-1.4178131
73.83845
-28.694534
-22.696974
8.287086
31.700312
37.892933
56.412224
-30.700754
34.27043
-16.997831
-64.57183
51.334194
56.61161
9.242382
-9.179887
-31.523914
40.775948
9.919546
-42.31489
17.796537
-56.698963
22.464083
-38.760853
22.22683
-10.533424
-86.587456
-22.128418
61.08689
-39.46058
3.807362
-33.987015
89.80572
27.687784
87.81683
-11.22395
-21.828293
-108.4819
-81.13083
29.928139
-56.40939
96.43303
-91.35682
54.818253
-1.8536612
-23.32736
-17.17081
43.417137
85.53451
-4.9486246
3.5961928
6.098288
70.81927
-8.9332075
-33.885475
43.947468
-10.7822895
6.7344046
45.586037
-20.994175
-8.589313
71.37299
-47.90157
19.350533
0.36693096
33.32062
48.962154
-7.234808
-2.5286624
-65.688675
-34.388138
-1.2480743
-3.9396343
19.046276
-20.037899
-26.779417
19.319292
-32.548897
-32.826794
46.028736
-24.81313
-25.52156
6.111168
26.728764
56.876835
59.97801
-17.390131
46.060253
71.108986
-5.5461593
44.14183
36.56829
-17.418161
15.973927
-49.53186
16.093967
39.165627
0.61968833
-8.845491
31.650806
-18.870298
-105.975845
-19.541292
37.427467
-9.218021
70.034134
-54.46426
19.112867
18.761187
5.61227
96.491516
-9.713493
15.360047
64.241875
24.53368
90.8869
3.4911168
-6.8490806
-24.746862
-6.35173
-56.727524
-5.062986
69.14443
-45.98375
-24.059652
61.469803
63.94145
-46.418568
-85.20643
-22.720734
-59.31649
-1.4445693
20.98632
-36.462475
-105.47227
-11.348946
-80.844284
33.185467
-123.89403
-13.364899
-110.73761
-17.844995
8.659241
-4.182349
-70.21328
18.58065
-0.013793945
-31.967121
17.835402
108.00742
-84.887436
-9.465564
12.201108
-31.111977
-41.859894
-35.663704
47.208305
0.7715786
-7.6406846
58.924473
-171.20827
-73.68975
43.60195
0.39499608
-21.44494
-35.79879
-0.9771944
-2.1753247
-31.868177
-9.723658
-43.953228
10.372303
-8.283198
39.803024
-77.576904
69.27148
40.855198
52.259865
-7.5193367
-76.398865
10.15471
-44.938225
-65.76781
-8.550943
-13.67285
65.05051
-19.191801
-72.43035
40.328136
39.688522
-83.271614
25.93424
44.65352
-11.113771
-120.17821
-50.54126
69.447334
31.58731
32.084435
-31.372192
14.635653
-45.631443
7.8484674
-9.911158
78.95619
-49.021225
-48.335144
-81.638756
-96.23644
96.85255
55.722065
-18.51825
-15.831899
-40.59003
-3.5831468
-31.294426
-37.80944
29.376627
34.932262
-42.795708
55.183395
-96.06478
81.8914
40.32201
-70.97419
105.22461
13.094361
45.306652
-63.27036
13.745442
-32.4687
12.677687
-30.136442
-0.099779606
-31.21544
36.502415
25.202057
37.8144
-23.086323
30.36776
71.52196
27.294695
2.8149714
14.7500925
31.739952
-25.908173
21.591602
-5.337397
-30.745432
-36.55585
5.849287
-42.767555
-32.62934
-58.440945
32.20863
44.41378
-60.312992
-67.15081
-48.81758
73.26981
73.00982
-15.652904
-3.7227566
-16.680925
-3.9866545
-5.7725687
4.006773
6.305361
-82.34547
-40.410847
-34.046654
42.467125
-11.723279
69.80941
14.174675
64.943245
-11.373138
35.530907
-57.95957
-5.295348
77.00057
13.404469
67.99401
73.57799
10.630179
-31.175669
-34.117634
8.644469
-10.237152
35.08901
131.64287
47.348644
-22.253769
103.5662
-2.0364602
14.538375
44.892967
47.329548
38.822636
-0.2940092
13.830776
-38.95339
-61.623672
34.95847
81.09239
70.54975
38.21991
68.07754
13.711267
-0.97328925
-63.781578
-55.889526
48.665096
-35.066948
38.203453
-20.589802
105.68302
-76.91971
100.17754
5.5140653
25.062334
8.149084
-19.07844
96.516304
-19.738703
-110.15804
60.65744
84.54914
-57.31549
56.439182
-11.530933
30.597574
-63.965828
38.388668
-1.7578923
-41.4616
18.517286
-45.33529
18.557755
82.545204
70.43341
0.2720337
1.2659063
0.29832983
7.5461254
26.496914
-49.617218
-94.81286
37.878395
-43.362213
-43.304134
27.629187
10.870155
-30.546202
-72.35341
-36.105938
-107.309616
52.026196
-132.78806
1.8425205
-37.51359
9.203171
10.874278
-13.716139
-81.24568
93.57584
48.885918
61.996597
-59.009
14.580369
-10.244369
105.04142
87.409744
-62.67005
7.2589707
-52.43089
-73.00787
-17.767668
-18.090519
-84.228806
-88.01508
-35.671436
8.241527
22.156301
-10.362086
85.935555
4.0315685
-53.66959
1.2859492
-49.912613
-5.7106886
-29.885052
-47.288998
-99.0131
59.770462
-112.68115
-2.4600646
64.33553
-72.52337
53.367004
-2.040019
100.870964
-14.274713
-12.118019
-30.097246
18.394846
61.893204
85.29338
13.770188
-25.543352
7.9141893
-48.855488
125.91669
-76.18545
81.78735
-2.030387
-5.066085
72.61507
41.916706
20.238365
34.321503
62.45192
-14.166192
-39.040123
-32.590996
21.913582
29.56478
47.62174
-88.49859
70.69811
31.400768
64.03614
168.23935
5.238364
-0.22132726
28.996523
-77.759125
76.73021
5.1737404
21.913479
52.95175
35.78432
7.070158
95.76192
-2.589145
47.51135
-71.225296
-32.161533
-76.66312
-13.044727
80.784615
23.347706
-12.746265
16.727055
20.08069
-10.01366
-54.960384
8.883984
35.889793
92.77828
62.662457
58.407425
40.502777
5.303256
49.285557
-54.97355
58.015984
-21.35132
48.312588
10.156818
65.37275
29.890425
-54.721104
18.958437
77.69848
-115.416145
71.155556
27.963419
-7.2298737
38.91255
75.33715
-2.2447171
11.746911
-31.880213
-75.85354
83.37647
18.622925
-104.1689
-60.48996
88.27409
28.190313
67.554886
50.62102
-11.148757
18.454128
69.32079
-23.005247
14.068738
39.39602
9.879851
7.026417
0.20736986
-28.041485
86.82512
25.8979
0.49923134
-73.34372
-5.4092836
79.64999
-16.747913
-62.927452
-1.4201528
-32.244762
-11.348821
-4.3287845
-50.881966
-33.712887
120.31623
-3.911418
62.28172
-99.79446
-20.941994
9.207132
35.273785
-92.35669
78.65255
-1.889512
65.568665
77.78579
68.26075
-71.08406
19.771198
-67.49215
-72.11569
-44.00407
-18.340261
-50.30878
21.40783
23.044498
-70.41874
14.706982
18.991901
-23.008745
-116.57931
-22.387335
-59.863945
57.884144
34.482502
58.073303
8.402915
-54.0551
49.469933
0.7909019
-16.831314
16.972897
-76.97033
-35.937126
-13.964757
-70.12186
81.76124
-66.46759
55.88209
-9.025106
36.00827
31.706654
9.798553
27.561565
38.33805
-58.17626
-44.15606
-51.23589
99.429146
-11.791245
-51.398
8.557255
41.422115
-31.299967
-74.07005
36.117435
-68.94841
-20.474163
-12.440509
22.23882
73.30797
8.87596
46.559032
-9.142626
0.6561495
-54.98261
7.4392877
-24.369732
50.148148
57.915768
-10.832009
-55.253067
47.323
51.67647
39.242764
43.935226
119.153534
-4.356294
-45.77588
-52.581604
-54.179195
-98.646286
56.399765
20.843895
30.855806
73.745544
-55.852936
21.449106
33.425247
38.62155
24.186962
-0.52581203
-32.137905
52.74131
105.91526
-4.5818424
19.222616
-24.173489
100.34432
56.658752
-45.82556
29.652246
-42.972225
-24.364433
32.764874
-25.610748
13.836853
31.109886
-7.0425167
8.478665
-2.539765
-29.726974
3.7129655
-41.866955
12.214538
1.7235436
5.6071315
39.11508
89.552986
-11.895099
-16.21963
36.25911
-60.47847
71.34622
8.638354
-10.19271
8.068304
27.20138
-9.385905
-77.66485
-40.724266
-74.94384
3.2384984
-66.04792
4.6386676
40.20592
14.100758
30.127003
24.9535
-16.323212
-43.28027
23.00186
1.062981
115.48559
-170.0596
-51.576912
-46.052658
-22.712734
-63.34555
-9.124549
56.25692
36.788162
-7.8303957
-20.594355
-49.99355
37.625267
7.4563193
-2.8638184
-55.16812
16.142796
-45.1364
45.09969
11.374372
-27.60772
9.068227
8.299641
-68.55814
-26.26142
25.275143
34.34903
45.62321
25.595734
68.60643
78.86233
83.530495
-19.860456
127.83709
-112.791466
39.18814
-48.209133
89.08866
-31.706194
98.62188
-52.70972
70.67874
-37.737198
17.563799
-55.428284
2.8511734
-107.0906
-0.4524402
73.69738
-134.88182
-7.3126135
43.027676
-38.578537
-4.9868975
7.579127
6.8981833
23.402714
40.853306
12.305643
6.179979
-20.614504
105.984985
-14.266145
20.588415
26.18509
40.976147
50.17867
-18.846352
-16.903643
-34.78016
-3.7743602
-13.207806
-29.382305
-87.695595
35.228573
20.357244
-19.31935
17.992933
23.222597
25.349943
-34.23601
73.62491
-7.5132
67.29529
-53.451782
29.300295
13.844363
-5.4542794
-43.12771
4.982746
33.05463
-29.910973
-56.58141
10.01726
-95.83853
21.31872
8.026892
1.3978108
-74.17243
31.301579
-15.785239
5.0282726
14.2898855
-51.4637
2.2035527
-51.00599
-10.625845
85.97012
9.750925
-98.35744
-19.19233
-23.725355
-74.69702
4.6706133
-27.719265
11.766927
-78.127754
6.114068
56.753746
-35.23631
-36.37806
102.91671
-51.287785
-86.64479
58.51898
-36.423744
6.2916327
-61.125248
-30.62728
-5.909759
29.10347
97.81426
67.75419
5.803642
56.387535
124.75847
133.52147
6.99082
-80.2697
-7.629159
1.2835152
-40.285847
-144.38438
4.4400907
-74.53653
-52.18907
8.7547455
16.542843
1.9637578
91.67846
-19.003199
-32.90779
-10.184633
-84.39828
-39.72377
-36.670784
52.931442
-49.254936
-9.66295
67.59933
-15.171646
-7.3946085
65.46528
19.06735
68.52027
-54.91942
25.917236
-6.3706007
-68.11774
90.086494
25.564892
32.636833
-58.684975
-63.7665
6.532195
-142.00534
-24.912437
-33.431976
2.7064977
38.243557
-15.045456
22.481787
6.698546
22.131472
-9.228965
-41.086555
52.8024
-32.97235
73.45359
-43.66274
18.78408
-92.493225
-25.944408
8.487648
17.124922
14.185618
-78.61939
-43.30434
7.241865
-47.581516
70.08799
-82.91613
8.689618
-24.161097
14.1122675
33.507122
-50.683735
-74.652664
88.79607
-15.861705
-47.848503
-96.09231
-17.148846
-68.1924
-101.39581
-35.477245
-31.831274
-33.822666
-6.6871614
-61.012665
14.048985
-71.70276
-38.077095
26.639755
-0.057033777
-49.273796
18.36251
-21.909203
144.7319
32.504665
8.142614
18.137419
-1.2200967
-27.335442
-7.070717
3.4599533
-98.74912
49.83488
28.976885
26.673134
41.022053
101.84801
47.986164
107.94819
-18.198317
7.700122
-112.367905
-21.666605
10.632317
-82.75206
-17.885637
-18.363298
12.594096
104.6801
4.7875967
66.94494
34.731903
68.74035
-104.603905
49.128044
72.414894
48.371067
-116.530235
-25.541342
-36.592793
18.026958
82.08072
29.939072
42.39467
-39.68683
10.954138
78.47847
-22.13218
-24.044025
5.751694
-57.700386
79.92391
-12.10452
33.89436
66.15943
-21.070736
-29.304878
88.94804
-38.0966
21.313562
-42.46052
8.138978
-76.90078
66.47784
-53.11129
-5.4696093
24.6656
27.39543
-49.924236
1.0224162
-103.63609
7.5128107
-53.79158
-11.512788
17.886282
-57.495655
-54.190617
-13.920519
77.572266
-6.6976295
48.432854
4.4755216
-28.37547
-63.66857
-70.52425
55.108807
9.511514
-13.587376
-19.547737
-103.34787
4.594773
54.00926
57.431087
-75.93442
-68.897354
-17.902998
87.62914
3.8695402
-4.2948437
68.508705
14.364295
53.45114
16.214458
-73.239655
-13.255668
28.18512
6.7821064
-38.95506
57.270233
84.953094
5.788539
-40.47158
84.590706
12.406237
82.46327
41.678337
-29.787674
22.548557
75.01725
32.207966
24.45031
-20.86718
-73.536934
44.740196
44.03603
193.1203
2.355432
-69.17042
62.901875
53.41219
24.016676
-67.307755
-36.26495
-45.25251
21.060099
-15.323444
-34.854218
19.888521
6.696623
-46.38397
-58.61012
59.63083
-39.8133
-23.216473
6.7390966
-46.601326
-5.646128
23.211826
-35.37993
-9.309483
-27.131025
23.334059
12.105295
99.92516
76.08002
92.90986
-2.3336272
-3.4330716
-5.3151703
-69.8702
59.446712
111.9409
12.689793
47.29733
100.33425
-1.5482864
0.70062935
28.428171
-4.2408934
137.87233
-113.42024
90.77684
-64.115425
-2.4886189
-7.6306596
-14.172619
-67.72175
-6.9177704
33.39335
33.770523
-123.30627
-47.347343
18.572393
-37.394756
48.851
-81.66377
-34.803448
-44.3647
-61.482246
56.441044
-7.6625395
-45.510265
62.618015
27.653385
-0.2976544
-19.376593
61.825256
-64.613815
-16.97279
-44.60144
137.5515
44.611263
55.489502
-27.293854
130.44714
-36.795296
76.38722
7.006482
-12.000456
43.908424
-25.861618
72.01187
34.61329
-43.347576
-65.72687
6.3554997
53.185337
98.06094
24.145077
85.03593
-16.082634
-22.687008
-3.4368844
72.294266
26.383984
47.3448
-70.466835
55.9376
-9.336209
30.75652
-30.395605
16.689085
35.12634
33.923004
-12.131034
82.98058
8.115337
86.21515
95.65709
80.00119
-31.82014
103.16653
33.58815
74.96895
4.70954
-13.888269
20.997543
20.395136
46.71484
-20.24426
25.42925
-11.535647
-51.491688
13.904122
24.418419
-4.0262294
-40.225643
-26.325563
-10.36497
-37.993973
-38.495567
13.674126
-3.9716108
45.507977
-4.2644043
-25.398134
32.215935
6.5086727
66.91475
21.910202
78.20715
-0.6716203
82.605194
-26.52332
1.1327797
4.261297
71.10871
90.76534
56.37817
-30.680515
-5.106298
-112.516495
11.866172
32.86353
-7.3797398
-13.875677
-39.10445
-66.0618
18.83152
32.151234
70.272606
50.371906
-55.1403
21.75972
-33.79579
-0.88364094
-18.658236
-29.865423
18.116016
-0.53213197
-32.85046
-19.041014
-6.7553315
-150.11418
-41.364735
171.66608
-25.680723
-9.703803
22.63846
-9.6815405
22.812656
29.370623
-12.997986
-52.203014
-19.71958
148.94443
-27.138466
-54.342594
-4.2047243
-40.202847
10.913946
44.916145
33.952785
-12.662488
-95.13747
-24.170683
-48.739742
-9.134157
32.810238
41.12441
4.279345
35.712303
-5.214998
-15.648019
-17.830597
-14.182608
-34.287464
-49.429424
-32.77404
57.33955
53.434933
30.47166
64.464
43.52766
18.803755
-93.52304
-13.004603
-26.670176
-47.18045
-114.790184
56.513462
34.60409
44.527756
92.53012
54.66084
-66.22144
-45.816456
-23.49553
-0.061033487
-30.87174
-4.3525834
-44.537716
12.004158
-27.580452
93.06956
24.158289
22.054832
-38.953983
51.990456
-35.208195
-22.097692
48.14837
8.202794
33.54051
8.469371
-21.133457
9.745796
53.036198
-59.30323
-76.27024
8.576691
26.562635
36.860302
9.598718
42.699062
-40.9431
67.95181
31.791283
-18.931587
2.6150284
10.43582
19.051373
37.40039
4.678991
-14.415789
-26.931189
-53.383015
-46.63806
12.290494
38.79486
-76.76562
-61.001194
64.77124
39.743008
51.76983
-25.67092
42.235653
-79.11938
2.1780348
-43.022293
28.466978
21.216278
-8.83112
-32.160805
46.664284
20.493647
-75.67889
-12.889646
3.9067385
-72.47318
-83.6167
19.50172
54.31544
50.22667
49.452988
38.041748
-23.32497
-97.01978
-11.777435
-17.24292
-24.35172
30.731127
-119.38515
0.7104682
48.43649
28.165531
18.771059
-62.742275
-48.780853
8.1680565
41.44125
-79.64457
-1.129888
-57.2763
45.56204
-37.339
-23.074423
-16.018972
-74.57202
17.483189
-31.39675
-26.765377
-47.878475
23.631824
-16.28223
36.790295
40.674603
72.845856
4.64997
2.740654
72.08064
96.27075
14.311703
-39.252464
66.09549
-54.978687
32.48717
-36.049152
-70.805214
-135.6994
-12.581444
-37.61274
39.332767
-14.633044
0.37198147
78.01199
46.686478
-16.047169
44.693985
43.557545
-6.6315136
2.9322371
-0.41492152
29.058752
-78.593636
8.652134
-10.447566
58.173546
3.272591
35.547115
9.752555
-8.053952
13.284431
-61.45885
-48.330887
8.870718
-7.286557
-44.984253
3.943645
-87.86997
60.66998
-66.46184
-2.01082
-6.2618074
-41.09633
14.935408
-32.168102
-13.278521
70.88054
36.174137
5.6057014
-27.136934
0.54129285
-108.483955
61.81507
80.447136
51.658222
-75.40322
15.360361
-40.452515
-33.038494
55.00391
-19.998238
-53.03501
-42.93918
6.420183
-26.318707
28.881506
34.837822
-70.253624
-0.9022235
45.92175
-17.803467
-24.009264
-5.1583576
103.93117
48.05154
23.896444
14.913035
-0.17835015
18.546396
-30.167631
-111.23642
32.77111
7.8264604
98.758896
2.8625987
8.386762
67.07475
-0.2874995
58.12653
-54.76963
-40.893192
110.24687
-49.727253
26.588453
-27.767906
29.691677
8.665672
69.735085
-44.23504
-96.77848
40.068535
44.213875
29.14793
33.504967
74.49431
43.207016
-39.660114
-3.2250922
15.14695
-20.347057
-6.8543024
-89.93753
-99.67252
-9.265939
49.68212
0.5189117
-1.8609697
-75.97662
4.154489
-79.22706
-18.849207
30.920225
-10.084507
-31.1408
-25.633839
-78.30666
44.298595
67.14557
-7.6589494
45.52326
-21.849
-52.543102
97.94321
-83.92579
33.191685
-26.064281
40.271324
-49.029415
0.9436617
-43.55812
6.281514
56.32457
29.031939
14.128553
-23.878532
-20.420687
44.319416
93.6723
19.979559
-23.304022
-61.228245
-5.3957944
23.385931
-42.78052
-51.482166
-77.59136
-10.715093
-57.647198
-27.25411
-10.193514
-17.18645
-10.22463
-6.1882496
82.22
-17.701296
36.706184
-16.3748
31.049456
61.880512
-32.818092
-8.528382
66.41546
35.7288
15.296943
109.39937
-36.16388
-56.61875
10.770781
-14.107332
-0.32163453
-32.76623
14.613451
94.72811
-30.776447
91.65537
32.035084
-0.65243554
-19.172647
-36.829044
76.24511
-35.285122
21.14927
3.3180304
105.59149
45.183548
-18.605215
29.17066
38.153374
20.373745
21.740108
-29.948095
46.77638
-28.728949
-86.07248
0.38324165
19.39602
46.47772
-27.848133
-38.35245
9.887652
17.713093
-45.58337
0.12063837
3.32134
16.43577
-27.367474
100.65409
36.49965
-16.412062
-71.46382
109.38415
33.40733
-49.248535
-58.94172
-52.396107
-37.345367
53.06107
36.242336
-26.492727
10.954619
-12.795753
-3.2498245
32.495316
26.00946
-8.519751
8.263889
-126.471176
50.20414
-36.451965
2.58671
-69.75996
-0.19409263
-37.68419
55.23304
-116.96255
53.12027
-11.015787
1.5502074
-25.541447
60.145058
-20.549023
-90.68291
79.11236
-85.346
-17.627403
68.8011
