-131.28711
50.1327
-86.206245
-49.044773
45.43898
-51.917515
-42.93603
-62.797894
-69.902885
-31.998816
22.905521
-140.4078
114.49375
-97.44449
35.38113
-3.693913
-110.298164
-95.50002
114.18024
171.39774
98.09366
131.32649
5.1949477
28.422243
54.98832
37.99384
136.41933
103.82104
157.27173
-80.78418
113.88599
20.775904
119.49747
24.794615
-170.59422
-6.8151617
-3.2645495
-27.380762
-80.47522
50.08925
117.74028
118.211815
-58.270203
21.650606
-41.755608
-36.57228
-38.098263
15.318072
132.77014
10.38777
-43.30734
12.552634
-3.074069
211.19641
81.86092
-159.71878
16.495752
-96.46925
0.038483895
4.3159
55.022755
-35.093586
-47.439007
-13.093898
26.528065
-189.50697
-41.490963
-21.979671
65.1904
-6.537654
-17.516567
-53.959644
58.05165
39.220943
61.630367
-7.9136972
-43.93657
75.0579
9.843026
-11.288743
7.0763674
7.283992
33.78351
-22.738707
-15.523273
46.194046
-59.09862
-28.685541
4.800233
27.619335
12.465289
-20.067366
70.3395
-1.9009268
-90.84887
83.7618
103.11208
-71.1698
-19.383848
-47.906322
146.84749
-64.762054
-98.0198
21.482924
-68.25871
2.24469
-18.63276
0.9128134
-45.422997
-46.36321
-126.6753
44.65217
79.473724
57.981647
-2.0932841
-80.321266
-75.16913
-62.341423
28.335287
9.315148
71.638855
141.6001
-3.096048
-78.6271
46.112347
-127.348755
5.3374686
62.78424
12.766818
-65.74482
-17.079975
-3.7864664
65.330795
58.98713
-40.469627
-46.647354
113.65183
-33.350494
-12.912227
8.376761
70.824554
-66.28132
-81.16481
-32.079685
-96.08876
34.019646
1.7165332
-21.20908
118.90634
65.07671
-29.942772
79.39699
-39.106636
0.85047793
-154.91373
-4.537469
-79.56107
121.90394
39.768726
-61.125706
-10.514086
-12.515713
-61.745487
-118.91691
25.799696
-7.8468404
-103.70319
22.67499
85.33436
24.396688
60.949528
-48.76552
47.52947
-7.093411
-25.471792
36.98572
-24.714619
116.258446
-98.5242
103.392555
-26.281975
7.2180386
46.94595
102.94038
-43.811794
69.80663
47.536034
-170.63333
84.28066
136.34727
-71.653755
171.28638
21.387316
-75.1315
-36.70934
-103.450386
-40.72836
-21.516228
-159.27327
-40.00791
113.38657
-0.7120931
-101.543365
-92.50371
134.32669
-6.234748
-40.987427
-43.89439
-139.65453
-36.295265
-75.70534
-80.53838
18.190958
83.99699
49.989033
-47.25408
-79.44375
-25.916681
12.861458
81.28157
-48.21379
87.96346
-45.534786
-16.296082
-69.97196
28.877964
8.833637
14.780022
-46.468754
-30.792355
35.554337
162.95474
17.725561
-11.039602
-73.10304
61.97495
-74.77636
-96.67749
-36.14383
-42.23555
55.920067
-165.94353
-51.7806
-57.461163
57.08987
96.35157
11.807339
-30.755653
-22.137962
-112.18377
-19.030495
-87.26244
14.062172
-58.683155
-34.57395
107.83519
55.33475
-56.935463
120.263824
-116.57083
-72.73581
0.9418391
-182.81042
-66.690346
-23.389639
51.134197
117.298744
-10.656186
81.11596
92.18329
-63.348175
-75.67026
-104.44849
25.392696
46.828655
5.065097
-38.00758
-51.915134
-46.14478
-16.94871
11.327652
-44.101124
-46.777782
-90.429184
53.334244
76.30869
46.53112
27.904184
-158.82893
142.28539
-70.26412
39.60898
40.056767
-97.56231
18.044147
21.643024
76.2438
-21.46827
53.09621
102.26294
12.401192
-104.68413
83.85257
50.629826
-2.0257235
-88.81805
-76.9118
-21.944677
-75.147316
11.650835
-146.23376
63.095615
-35.847878
-70.158035
90.99983
16.519989
-25.148739
72.608826
-19.462057
15.402896
-61.899353
-70.13121
58.744354
5.0256863
-3.0969477
-25.065475
-85.53636
76.893585
9.476578
60.76462
20.478752
4.1166515
-97.51357
-105.20552
77.69394
118.30898
63.344078
-77.89506
-81.95295
14.709447
46.829407
33.373344
28.43659
-43.462906
-147.50783
82.07593
104.89635
-19.24212
118.78415
-8.24568
-4.836751
108.49713
-77.376236
-93.19122
14.921594
48.18252
-36.748596
87.8929
28.862066
116.63863
72.35836
199.06328
35.723316
-55.735554
-75.90157
30.593838
-20.041735
133.24016
80.36858
133.34346
-24.361149
7.0696454
-43.929504
20.560009
48.33926
-76.3507
-172.56123
100.49756
-38.575428
-44.413322
-39.134007
-71.18844
145.31519
-48.6329
52.504814
-35.411545
136.23866
-82.30554
19.985016
-6.5647097
57.41913
-20.6735
-21.292341
53.8928
2.8372593
91.461784
32.823826
-0.9524239
33.672222
3.3073082
-23.609713
30.69658
47.483276
-18.50547
154.33656
27.863731
90.800835
34.260086
0.5671723
-35.717094
-57.812065
-40.355194
65.7226
84.56345
91.759735
-60.97227
51.571316
-23.242556
25.887106
61.876076
5.4878507
-36.15327
-119.8738
13.836726
31.383076
35.749252
56.740692
-41.62426
-9.291056
-187.85146
-22.713823
-144.9283
-28.747368
-0.99692476
86.19825
22.611654
-106.36076
-42.156303
-34.253193
-6.976389
-67.77248
78.12846
-60.806026
12.780673
30.078766
-13.9751625
16.78324
-11.077913
-70.37345
-29.39307
4.081435
119.49315
25.342113
-63.33482
-32.95652
-106.457825
54.81151
11.0829
-87.39977
-144.72462
51.60881
140.18996
-12.303393
30.764376
-53.99491
45.040653
2.4680705
-7.626223
-11.561807
119.97685
-85.54912
56.10589
-3.8834743
45.98001
-39.083183
53.89269
-36.148617
-109.47221
-42.122047
-38.918682
-42.984184
-139.06544
-96.29307
-54.498024
-33.21797
-6.072117
40.30864
-11.818462
-123.836876
121.67165
7.158549
11.499609
94.51291
-104.57505
-16.202639
-4.2931986
57.939518
34.407482
40.273533
-81.70736
-65.277336
-70.08324
-71.50751
43.79217
15.140009
53.942036
-65.340965
67.27441
-11.325083
149.60776
-73.22784
-29.079266
59.852333
151.26791
93.96993
76.245155
6.2669106
20.494255
58.528877
-69.89777
-117.410866
122.40705
72.35283
-68.66229
-38.148045
29.700287
105.69513
-71.81295
112.79772
104.157196
-79.26848
45.33641
-5.4111276
30.837675
-32.490135
-62.424618
94.51519
-43.10874
69.80211
24.817411
128.02652
-114.084724
-165.21054
46.807915
37.455948
-5.4400606
32.98291
17.221327
-26.168112
110.17304
18.917105
142.39499
14.614236
-113.27058
52.88469
-48.6453
-58.30012
110.027336
-31.027834
61.01147
126.56104
15.190543
-38.445625
-9.332027
26.717575
52.23289
-21.148026
38.057137
-90.56234
123.18091
-10.11424
24.66119
85.077354
65.29591
-60.95229
-59.159298
1.264017
57.68526
61.297947
-112.226715
-43.927464
97.921265
-24.088758
9.252703
196.39961
-44.59402
-61.53036
-40.393307
-83.237724
-20.893362
-14.074125
-35.778465
-25.232529
-30.02713
12.915714
26.628153
90.282974
-94.14605
-15.656236
-72.5763
-1.0159283
39.641872
-30.099154
-51.55107
-20.736818
33.06667
3.8174233
-149.10393
6.659965
27.948517
63.56449
-39.43117
-30.763231
-8.9335
6.585678
72.13598
70.20391
-46.27852
18.587435
9.206806
144.70436
-16.255455
187.43504
153.93823
162.69203
-1.5001526
52.22279
-6.307955
6.2942247
-54.291367
59.528717
39.605488
84.50702
-157.22261
-68.218346
122.77415
11.718459
14.489415
-139.6875
-26.342169
-19.323786
-72.39302
-87.49653
-76.71465
-77.21248
203.66405
131.20903
11.310657
17.449465
28.353281
51.100616
19.050709
-80.94
25.653906
-27.931337
33.469112
47.147633
92.5821
45.603596
-28.751293
-38.111305
-51.84641
73.96323
3.8240223
-82.41752
-28.017931
-0.36637974
11.52212
-18.003675
14.659744
-14.957698
50.00219
32.77496
-9.849603
-109.32623
-34.95538
-49.97328
64.6272
58.154785
-107.56706
-6.503933
127.847435
32.55717
47.749527
20.835447
105.561485
-58.892097
57.25917
-56.746613
13.589371
-110.61276
-12.429354
67.28595
-27.61939
32.01069
44.683594
142.78648
-21.95913
-62.602074
-85.413864
63.298805
-106.96849
-106.753746
64.52936
40.599743
-96.94731
50.605858
101.4259
-29.29809
-60.91309
19.375172
-75.97951
-176.37115
-24.344595
145.98988
-3.4469426
3.5366144
3.2335758
40.16224
-56.614967
-38.2985
62.298275
-129.45383
-15.463126
-44.13961
29.335035
12.266031
-76.86806
-46.778336
-6.809677
-96.63234
-39.678104
-91.11942
142.66917
-1.9726624
97.31629
42.62349
34.006523
-159.03133
54.065002
-71.46015
21.559818
-30.855595
-17.973856
67.81919
-29.034386
-11.64116
-31.198574
-66.67358
-28.388933
33.68808
-18.043009
41.693123
34.803616
58.66352
36.55046
16.676098
-5.069172
-66.48372
-14.210465
-97.963455
-78.3339
22.967487
86.13407
-23.20939
22.66138
131.89215
-37.082085
-6.251177
128.68501
-69.11452
1.3207235
-33.16544
20.940138
-79.90203
-109.15373
-24.415531
54.058796
9.64101
49.581398
74.34841
-128.95918
-24.562859
22.650574
35.994373
25.674795
51.39471
-15.503096
-100.90849
-64.17569
73.52088
93.07439
-21.003332
-58.857857
55.661247
-62.32073
-16.355202
-108.76378
31.558262
102.18918
-65.42677
98.12451
-64.2836
-14.142469
125.27174
114.55259
-159.13162
-89.580765
-63.784027
14.737537
-21.616505
23.67047
-11.080628
12.872941
51.81278
3.3066902
54.45519
48.93841
69.99973
-53.143288
-86.9266
-41.33854
51.040104
-30.912735
-88.38087
-13.217517
106.38104
14.642558
-12.047152
84.01728
100.63138
24.25348
-64.28588
83.45768
61.682926
150.57472
-53.0617
-17.404951
20.61239
49.54357
-50.478752
11.575492
-78.923485
13.767003
-15.02305
7.33639
0.07522836
39.034924
-16.832623
94.658035
-26.445414
-4.9681144
-45.654186
-30.880608
114.29702
45.99736
-13.672566
-98.94331
-50.059105
-10.915804
13.011522
31.093803
64.6022
-117.05791
-9.90684
27.5081
-110.832695
19.80362
1.0307301
-20.691406
-29.97861
112.543526
-99.860275
-122.85245
128.46251
40.706974
9.170733
-91.81366
-104.16157
-55.657326
-0.9822327
100.01893
-10.287419
5.0182486
-96.268326
51.350502
33.312607
-13.665227
-104.81783
84.26989
36.331425
-89.39365
5.5612903
-113.14213
27.748976
-113.971985
8.167996
-43.36307
23.261934
115.96693
2.2642732
48.228855
108.936806
21.774052
-58.497013
78.709755
18.258558
-19.88001
21.032682
83.33215
61.399467
-15.269163
32.72375
-7.1169524
-56.44083
-48.419655
32.043526
16.514215
-24.27872
-87.73323
-56.359634
-25.078764
-39.833775
33.3813
-17.459303
-3.2633574
8.807667
-36.71049
33.78961
-154.93529
-12.691941
12.862767
-129.5135
105.02482
-103.41158
-35.789204
-12.282577
98.8909
-22.761215
35.451164
-69.25801
13.19992
-57.960587
-110.34464
15.817727
-18.955435
-71.91333
-34.790905
-76.17615
78.48663
-40.976524
68.004456
-48.65946
12.736513
5.461959
0.09000671
-21.117287
0.11779702
-62.343388
36.570507
-94.64454
-33.786373
-10.912561
-66.94743
-10.946747
18.32978
135.82788
-11.618654
62.194283
-106.095055
50.610783
-64.46123
48.129036
-25.256395
-149.18059
-32.33294
7.7931285
19.458208
21.97665
-102.618675
-19.92583
109.24289
-10.133366
-9.516248
33.439503
-24.778086
-73.68587
-33.620407
24.11915
15.054305
23.535395
-93.1798
10.145418
-36.27092
1.6917871
48.414165
62.773304
-81.69855
-20.826683
-2.619548
77.25286
19.040854
-36.29922
37.17019
-59.511665
-15.892616
44.36548
-33.961586
138.06659
-4.4863462
39.83709
-115.053856
-13.225915
67.169365
176.08156
-22.830061
-38.177742
-65.8038
-16.812595
-96.46767
-30.413948
58.630642
-120.93957
53.7123
-44.660244
-45.281235
7.956508
-228.88266
122.34996
57.04494
57.789135
-183.74718
142.07202
31.35867
-109.88131
-34.666676
71.29193
-95.9407
-10.096248
-25.693434
61.654922
117.2643
11.504915
-23.411978
30.237438
157.69762
-83.028984
75.98325
-31.181715
-148.00536
30.129543
-25.838623
-14.912596
-71.86552
-9.936586
-49.70828
-130.60487
91.09292
49.026875
16.650106
58.386265
-44.14901
108.43125
-53.27415
-60.112526
-120.96908
-15.452914
118.99293
-32.37804
26.010563
-60.736538
40.412987
-127.46818
-70.355865
76.8402
-50.72698
100.2969
50.952095
16.126131
13.147041
63.39499
-37.646435
-93.74092
-33.79405
10.188003
29.354702
34.31776
22.028969
237.47507
-107.071686
3.2982793
12.406119
142.77309
-40.633217
-125.11267
-99.31818
45.02126
52.410934
-9.677363
-43.114845
30.245373
0.21577281
13.556987
-92.160614
19.102102
110.4059
-127.00151
59.175983
44.707897
35.580315
81.13203
-53.84312
-7.127129
56.61195
-130.83395
-69.873085
-153.01239
-41.32403
-4.1889763
19.348156
-83.48382
-48.02131
220.19006
24.769957
-72.33386
26.872042
5.605128
-52.46197
44.683693
-10.612069
-142.04143
-78.284355
-11.602742
162.70673
-89.83403
156.92912
87.465706
40.719025
26.812796
54.788666
-103.15757
147.53145
-9.560958
-65.88338
68.64564
-1.9255328
-8.657136
78.78834
-49.61697
-6.656853
-67.43962
104.26048
-121.11927
-63.533836
-56.895008
-135.79352
76.84122
-23.296099
-107.29009
28.865442
-18.379896
-79.668816
-65.30767
34.275517
-92.79612
60.84805
144.58969
118.46795
111.396126
-30.753822
-10.107065
-69.27856
-47.97363
-121.926834
169.82568
53.199394
-108.77041
-125.71914
-42.71213
-55.188335
119.61148
53.101486
-66.72767
73.45009
85.520325
25.185738
16.780334
-49.03502
91.4789
-194.72408
-18.933361
77.3318
-66.151474
-137.83002
25.023508
26.78764
-82.99924
109.74092
-123.82124
8.942558
49.833996
-61.252174
-51.817417
-95.71573
55.22216
-241.82384
-48.82614
-127.15502
-14.13335
11.685905
-135.42445
40.98287
-40.517242
99.71385
62.241947
-91.42057
-11.600033
22.720768
30.344242
12.296117
68.64597
82.18784
-129.43777
-17.134304
-81.90116
-70.209946
-81.45605
-26.478844
-23.68136
34.430744
-6.3114347
-2.0104675
59.174675
127.23904
18.921328
17.06897
73.58687
-0.26974294
-0.82614267
87.342384
-108.67467
19.545687
-24.461357
6.5259943
-137.37213
59.13871
77.77352
-69.67592
-144.113
41.53991
-8.286188
-74.41524
-147.75232
-118.909355
55.780384
-53.420273
-141.2142
16.251131
44.862167
199.58934
-119.41715
83.646614
-209.83438
64.329
18.36553
13.836954
64.854385
32.02472
-14.166183
2.521328
-61.303833
-45.838108
-48.9789
18.333797
-24.845749
65.10625
76.365265
-57.03061
21.522583
-48.50636
122.83563
-78.04428
-43.758305
44.01609
-1.0881704
3.2646694
-139.8688
99.404465
-25.89451
54.227776
21.0718
4.041643
30.297188
-77.888245
9.611076
-21.863588
55.41003
23.600891
68.50479
37.031673
98.5543
80.54939
-37.90264
44.760727
-190.49387
2.3473022
19.679893
23.43282
100.57888
-19.54099
11.058513
-10.534739
39.303383
-119.65802
-8.31266
-121.92723
-16.754358
-178.78218
-185.9908
-35.54474
-119.18945
18.534336
-127.971634
58.03972
-138.10715
15.373777
-7.1931767
67.670074
112.49247
0.30361164
78.331436
142.01825
44.22751
88.75706
22.057611
24.620272
89.76746
-50.891823
43.230087
-70.803406
-55.289223
-54.473927
211.12494
-31.857084
-106.482254
68.38893
1.1427877
73.31588
-50.83656
-60.977646
21.778822
100.419174
-1.0293517
110.06379
-10.315733
89.85791
-79.92127
1.1971834
-44.352943
-68.04425
32.789776
-9.898675
19.774212
-56.53497
-152.2981
-17.8972
-29.697544
-3.5797005
-22.769688
109.75273
-9.276393
42.74609
125.93582
121.627045
-72.15719
169.62823
-2.8929691
-8.954092
4.1048546
-151.64915
3.8154454
-27.039888
-54.32732
3.6815722
-34.43549
16.1804
-61.91448
80.760315
-99.84954
92.61783
-142.9031
-2.3601613
-99.07289
132.76791
2.5412645
-142.831
62.30248
61.89426
-43.02535
-53.68466
-54.802906
50.56451
-46.100266
-181.90918
-41.390514
-72.63946
42.40998
20.15326
16.895294
24.642685
4.941975
-12.352321
-40.470264
-158.83673
-120.47656
84.19059
-69.9289
1.9350593
144.05684
-34.314594
-3.3020663
-7.710063
-59.141586
-127.81667
21.488184
97.87361
74.50427
52.531223
-76.90071
163.1168
-100.72902
-36.169716
56.28724
-125.128746
48.478313
37.405396
-28.590748
-35.699234
70.28136
1.5046334
-73.47784
-107.245605
-50.655613
-50.548927
43.11842
6.127925
-165.175
-206.53328
-26.68581
18.245867
50.896633
5.729561
77.65835
-45.668728
-40.653404
-1.698514
60.21808
-107.43101
-17.812616
-111.93616
9.948427
-11.402283
-25.008648
64.4059
-22.558842
-198.45586
43.56209
47.883118
9.0216
-81.74055
-87.47743
-61.17082
-98.724754
71.78881
61.703846
-54.818676
96.667366
19.060202
4.494227
-39.07339
4.4131255
15.622187
-100.064995
-112.80851
-82.951775
75.32809
-23.021975
-50.039654
102.49598
155.58992
-20.777079
-76.092896
49.658955
38.125923
-41.60991
57.496025
96.60046
13.682565
30.738703
-28.446125
95.077
26.37357
99.979065
-53.31227
-18.637707
14.587719
13.484144
89.12144
82.79025
0.20613837
-1.2736897
66.83184
17.422655
43.488808
-48.125465
-35.938705
-56.122726
37.83775
-24.620266
-56.062183
80.56899
-100.87418
-114.2851
78.05963
-63.536427
-51.627914
-11.387673
151.90974
30.491966
121.493095
-0.45858717
-80.43745
-189.26344
-131.46436
69.63514
-128.15106
199.32578
-151.55904
62.620056
54.4982
-8.74708
-52.332474
86.405396
82.487335
-31.882595
-21.171627
-10.0067215
198.24356
61.310192
-42.785538
43.794884
23.45934
123.35198
47.97769
58.355778
-41.197304
138.75487
-97.090485
-59.682873
-60.645245
-8.679029
8.786199
-9.119976
-10.164826
-16.560844
32.79779
91.60849
-6.9917836
0.8361813
-7.3129053
56.398785
132.26558
-89.88793
-42.72427
93.15157
6.2770967
-16.442165
21.533257
94.906
48.646626
-4.6058254
-95.40971
88.75315
93.290054
5.136459
67.58919
57.36201
22.242245
-43.382687
-76.60567
41.111706
47.62562
21.957909
73.264114
-17.598013
-45.002476
-46.05995
27.692356
23.538801
-151.61143
20.548498
-7.901821
-58.613514
6.080494
109.665115
155.8488
10.931914
94.41916
129.37979
-4.672084
120.609665
-65.24976
-8.676419
-53.404617
11.807767
-99.633125
39.852978
60.132404
-93.97252
-10.28093
-2.1617312
92.09796
53.893986
-65.041504
36.17917
-50.25699
16.627605
17.958206
15.874389
-187.54352
-84.80599
-131.92549
-48.371693
-127.42755
-26.097258
-99.3407
-32.74761
-97.98225
34.644
-67.94661
-80.516624
-53.211422
-83.09594
48.21997
103.296295
-130.78526
21.424467
17.464638
27.03628
-8.160926
1.7917845
-55.42139
35.866573
-30.333633
40.696156
-113.56603
-8.592779
67.70925
-60.1594
-17.363626
-42.44367
-54.12492
54.872707
-106.457466
-42.359592
-46.216663
-28.870892
-61.140816
128.17273
-101.42608
83.623
116.25852
36.196884
2.872095
-136.22856
85.22895
-82.95639
-102.718704
27.910992
66.94562
11.027931
-137.46921
-200.04414
76.94682
-36.950592
-156.81259
4.6247854
10.0423
-88.73268
-93.87684
-81.97314
91.81039
52.847885
30.77691
-17.29452
106.70077
3.7899609
-29.955078
10.688778
140.69543
8.139011
-57.26037
22.605452
-72.30601
125.51113
47.415913
9.305848
-32.42816
-3.3127937
-52.373363
-108.672356
-71.0483
46.609383
51.79126
-76.03877
91.95372
-191.45935
165.64444
7.512199
-78.75185
119.43942
-6.762666
100.79946
-7.903989
16.984964
-45.85463
-25.709751
59.023666
46.387344
-75.15247
7.1869516
-5.267153
38.719044
78.33686
47.5936
42.384373
92.10196
97.89723
10.801905
109.02308
4.302214
24.599873
-68.3477
-23.243313
-44.61595
58.91213
-63.891926
18.908693
-119.78829
129.29974
30.701664
-127.655304
42.51389
-100.72251
38.602512
1.1822886
44.8268
16.603348
-43.024837
-16.654354
9.206431
5.4031987
29.42001
-116.358215
-132.13081
-101.21855
23.649443
20.779797
114.11781
34.679188
97.65162
-46.04761
24.30641
-111.55934
32.65764
53.78719
89.60375
105.010506
111.69151
11.844147
-70.18399
-46.771282
12.870706
-11.041025
-24.72869
138.65634
-54.67688
-27.512365
139.53212
-22.933096
26.477081
82.42455
-12.959965
26.174484
16.875608
51.33948
-149.06935
-96.1963
-36.355846
32.717712
41.41926
85.02184
1.2088957
17.29626
-55.393383
-68.36025
-21.074526
13.509262
-34.83171
151.73746
50.0226
55.086674
-1.0038016
147.90506
-22.015871
96.35701
30.988045
-55.796326
90.24742
-96.22067
-149.88747
94.213844
63.52695
-37.860718
17.035172
-29.238892
-7.6799994
-119.18504
-25.671083
-24.25645
37.445675
35.77211
25.954786
8.018594
77.86832
68.46825
-73.150475
-2.882482
98.99874
34.100803
18.370567
-180.06184
-97.690475
40.649563
-9.18177
-0.07103026
74.55808
-22.467222
-18.915533
-42.628357
-74.45936
-144.61331
-56.864758
-177.83498
29.923077
15.941076
-7.283421
-35.225124
23.904526
-119.11698
66.57118
-9.275204
122.5092
-77.72538
58.563107
20.28081
165.92212
83.83388
-50.185863
41.492844
3.0098596
-63.360523
20.399452
11.559148
-80.81466
-257.06473
3.3211334
28.769167
-20.610033
10.691605
82.61472
94.46648
-120.06477
-10.563624
-92.778725
48.29427
-30.833046
-58.26952
-167.23744
80.49735
-145.02373
8.854389
16.762138
-140.82808
43.17939
66.846924
155.88701
56.1941
12.906621
37.436802
29.563908
62.81593
108.41569
-70.25625
-32.33793
59.315144
11.81516
169.43097
-47.079845
6.0082045
-4.220706
5.2214637
120.3178
-1.4969875
17.698128
-2.680649
158.88022
-17.043541
52.81481
-36.06022
-22.063873
12.351431
184.24422
-153.94167
24.490957
22.221367
82.906075
139.43094
42.106243
61.1821
34.433037
-54.490845
122.13044
41.86626
79.07848
46.148617
45.599564
10.420444
101.20074
-26.875584
97.721725
-133.1599
-4.9144306
-6.9695854
-122.65448
27.264868
-8.930117
-0.18155116
-62.501743
29.894718
-47.71127
-127.44693
-13.544055
114.93527
165.37965
-43.786133
129.9472
40.462585
-46.094913
-6.259973
-81.26051
95.49324
41.49032
120.3523
-29.161747
117.010185
48.788883
-11.87914
-0.49669814
136.94867
-40.31872
109.20298
77.79903
-9.409664
49.94651
78.51223
-22.168701
-77.35743
-53.96278
-137.52377
175.39442
97.3048
-128.22807
-216.74551
28.682062
16.95257
95.44296
7.6160784
-49.4766
-17.217016
66.93134
68.00137
69.1187
28.8235
-23.022236
-14.7320595
-17.383303
-0.83777905
151.9329
67.22787
14.361273
-132.04517
-131.12277
194.07521
-138.67278
-134.68555
102.247604
-67.7059
-84.071815
-32.47716
5.3485537
-78.13528
144.92657
-74.49085
23.662397
-136.15948
-157.38463
19.905878
49.3906
-32.197514
74.46245
-8.360794
94.62906
118.78052
72.11413
-65.63834
76.14385
-48.588432
-77.95722
-84.81116
43.71022
-20.075531
56.434254
40.013187
-102.10342
-61.830143
37.662407
-78.59231
-132.72116
-43.694828
-2.0629506
-27.052788
52.022015
30.066662
61.32113
-75.590485
59.83883
-5.9692607
22.069183
24.014425
-12.616101
30.587368
-28.36082
-24.837482
55.248856
-67.08536
110.15107
27.768688
78.76198
8.48133
10.646105
41.580982
126.82461
-55.828564
0.7656318
-140.57816
184.34552
-38.5686
-156.70886
29.435818
-41.321213
-34.392963
-68.48351
54.58285
-165.39215
-111.61907
-39.699306
163.9232
149.48596
-9.852369
4.3454633
-69.02193
67.454285
-41.180782
21.717577
-55.55236
50.87673
-21.385237
-64.825195
-86.45512
15.814769
102.96418
72.59194
54.492817
142.89888
21.175257
-22.357685
-32.039318
-19.822891
-89.64284
0.59248424
-53.75689
-36.85592
113.99522
-96.96498
47.590523
30.697132
25.503275
63.22011
-95.75319
-28.348297
47.202843
164.386
-30.574186
-99.7043
-57.102406
94.17734
-59.961372
-19.591314
-36.185665
-78.18364
35.849403
26.98489
-53.734913
-20.059477
4.212049
-30.306698
89.069244
61.378433
-48.20408
81.67723
7.1305475
75.49099
11.015865
-53.95637
62.614056
105.72543
-73.65464
7.8924036
82.48266
-123.10193
63.368534
-51.431053
-14.818268
91.69552
-39.040302
29.44789
34.614574
-36.771465
-43.373154
32.062
-55.776188
-75.89861
18.450605
13.3857765
44.30193
2.7731266
15.067892
-71.288994
78.468994
29.470348
146.83746
-169.05052
6.114276
-25.335611
-132.49681
-54.232067
13.165847
68.41607
44.89528
38.69872
-64.817474
-50.916645
-19.064447
-35.328693
2.1034932
-106.18568
-1.9992898
-79.92623
14.530931
63.372334
-36.407276
-73.28172
50.32831
-124.23034
-12.090033
99.50442
-1.4357057
-7.728948
56.51091
88.182655
55.19698
41.390625
29.899115
41.76024
-34.275055
14.176403
-48.381477
88.74546
5.1093493
126.189766
-130.11894
40.2698
-42.60132
5.217304
-62.39202
32.216976
-104.71173
114.778244
52.689987
-87.83703
67.367905
178.67996
-127.56568
-87.64577
49.864395
38.54264
38.75485
20.87159
111.08655
57.78982
1.0377115
93.27095
18.054821
32.428978
-17.568584
91.651794
-49.83875
11.60439
-32.487263
81.0747
-24.447128
-68.470474
-4.7433796
-6.1594725
12.536222
100.18626
91.37711
96.79517
120.21501
46.956352
-42.14404
24.469347
5.5018067
58.21614
-5.2669134
42.11606
26.819695
-101.68698
-25.882887
-62.419113
58.183205
-42.175373
-140.34315
-14.363657
-68.26394
24.28576
20.854933
60.041046
-118.08483
125.53889
-8.134697
-15.626963
-18.337666
-87.39966
-8.298392
-91.57088
27.992489
48.462303
-74.15203
-36.2493
-61.61318
19.42151
-85.7699
50.035175
69.64518
37.152798
-95.635475
-50.60526
-18.602802
-44.94834
-13.324013
114.14092
-66.86543
-36.57277
-29.05814
4.3676586
-102.27547
-24.50004
-129.79391
-27.130129
81.8402
73.152275
200.84328
86.25799
17.59866
189.64299
71.79202
-12.614008
-112.16708
35.35494
-24.995419
-37.40612
-185.07777
8.566459
-8.0406065
-56.018
-3.5088294
11.300979
-67.555664
33.82968
-73.32261
4.341421
-53.78024
-4.2653823
-73.2619
-50.328392
45.40666
16.519
-72.16887
40.244736
40.890358
59.27213
67.510315
5.5688443
41.764927
-88.28539
-17.375015
48.425327
-123.014565
122.15423
29.322657
120.05373
-104.49466
-34.887466
-20.480808
-147.23405
5.229362
-95.900505
10.967752
104.02805
-133.82916
9.643182
-35.96075
40.05953
53.1631
-84.51313
45.654446
10.399288
-2.5778024
-50.404392
41.65309
-7.330516
-42.02305
22.052385
16.498384
22.638432
16.856976
-69.64223
12.280767
1.4640507
105.06901
-111.97539
-14.002123
-29.83587
18.333199
-39.394035
-37.32217
-20.358458
59.501945
-41.239025
-76.55343
-180.75262
-5.959884
-70.566696
35.37298
-107.48454
-83.83723
-38.797443
81.682175
-117.14034
-29.964254
-64.25602
-63.152493
27.662306
-23.336609
-57.448833
1.3338947
3.0665846
208.19934
37.936512
-66.94549
-23.788263
29.359486
22.745924
8.974615
-45.12331
-104.96339
54.894848
30.433434
3.485119
2.0556297
169.30818
88.647026
161.09792
-38.49038
-17.917406
-67.53486
52.306786
28.708277
-157.77956
67.59774
-98.0922
32.511173
0.112517595
-53.134247
142.59464
22.80105
-37.269524
-43.41824
84.49269
126.03632
135.40948
-111.56034
-139.25261
-26.889856
-10.349518
162.5554
-25.312193
-8.04488
-66.28078
-50.725006
54.883034
-29.955801
35.66578
-5.700351
36.31598
137.28496
50.155575
56.896774
168.28195
-29.718801
-88.08203
140.83069
-99.63081
55.28268
-51.9774
14.961153
-16.240835
124.6484
-33.40647
-52.80819
92.77191
107.78473
-18.182917
-52.072792
-241.67618
98.75773
17.57221
-26.88845
-33.133896
-7.8281975
-124.22896
46.472095
160.72261
-53.98807
23.365725
-15.283584
-24.56024
8.401129
-100.19037
-2.7049537
-13.272045
28.650734
-36.310036
-79.75392
7.124552
6.442641
19.66034
-181.23596
-73.16255
1.6698265
68.87853
-37.469673
-36.522095
38.935844
79.47994
147.45322
-82.75192
-82.71514
-90.95671
108.38693
-74.67898
-39.300114
39.974827
14.422347
-41.824272
-80.64819
55.045498
109.043396
39.866325
21.356094
-107.189384
45.28117
-46.195217
-10.884298
107.36375
-70.02839
-209.43605
14.660738
29.536867
139.99573
7.674813
16.51963
14.422663
16.005579
52.7041
-113.82581
-17.677038
-57.786064
-57.12347
56.878902
-86.50419
-58.252563
49.734325
-62.599827
-60.453827
-2.7911062
-69.10124
-41.657948
-16.865732
-118.071
-41.383953
97.67619
-15.422009
-101.46745
-41.326775
48.908695
2.1119246
63.246098
16.30345
46.59003
-32.97545
-20.903225
74.31203
-28.663162
-3.2274227
258.5948
22.347342
92.52066
122.66565
47.41594
24.568579
73.7804
9.42172
99.46636
-91.41735
75.59118
-134.64966
32.103714
-69.031525
43.233494
8.950313
-91.62512
84.13318
89.45396
-159.22368
-20.426184
36.56433
-144.60643
-35.513466
-138.35431
-63.86096
-91.27383
10.555539
50.017124
86.15778
-48.868668
68.18628
-19.43062
76.345795
-19.918062
52.6602
-111.36378
18.36731
-8.713261
204.37306
115.622345
55.34149
51.18085
209.00525
-52.386486
105.586105
-77.32213
49.75628
95.772316
-86.68142
98.74527
13.775796
-91.68397
-121.104675
119.23273
-49.089996
123.631584
15.063485
26.951591
4.4566245
-131.66435
-0.45923436
6.156042
9.158752
84.6911
-49.372635
93.70943
69.76421
55.38215
-13.436602
8.977227
0.8855537
49.516346
-15.666949
104.359795
-31.025629
113.46961
79.32542
114.79834
-100.648506
67.946724
-29.66996
97.8835
-36.13621
-53.33885
61.59325
-3.9818363
111.38964
-42.72443
-22.78331
30.332104
-28.177738
63.30328
54.256992
-61.181976
-75.0183
-42.711056
-70.65039
-95.31847
-46.289806
14.098983
58.819973
-6.5741544
18.952044
-56.14084
86.00244
51.772995
-15.005983
31.96982
110.25314
69.653404
-21.181055
-11.566496
-10.720048
52.048862
12.257462
119.97492
-28.354074
16.118351
31.712088
-59.55749
-21.37008
77.80462
-19.882702
-0.17606997
6.445519
-45.59036
57.039257
1.1782222
96.6236
168.53311
-166.09204
-31.9837
-32.696564
-76.92981
11.101358
-33.282536
79.74614
55.274906
-75.828865
36.21423
-5.829691
-180.65761
-53.824986
150.07217
47.931637
53.54432
56.76844
-34.475353
112.06259
44.86517
17.174355
-72.16602
-66.70872
172.48363
-32.38724
-95.332146
-0.87565947
-54.06076
-87.264854
79.577156
-62.419094
62.465607
-73.85764
-63.21671
-65.994354
31.996178
70.92438
43.75759
-134.89288
-14.562431
37.023724
57.95909
-0.03787291
80.30787
10.161495
47.209846
-4.3026004
59.6422
54.793045
5.423739
150.48697
58.169224
29.023878
-85.54596
-57.168682
-20.54872
4.3497577
4.3073807
56.128124
6.7905045
83.06997
81.31633
40.45336
-161.63535
-69.30655
-76.76538
62.505104
-64.21559
-34.936806
17.391518
40.91419
-120.46721
60.998623
-70.818115
2.9232588
-101.18867
39.60607
-35.289062
-31.02379
15.097193
7.8848686
33.40219
90.38948
-36.403847
22.156027
102.7872
-108.28275
-75.23438
4.4177027
38.534122
69.30835
20.124693
-39.661213
49.601303
47.20741
86.69422
32.91562
46.558243
45.84316
73.62988
-22.70808
-56.264732
-105.24663
0.6418016
-108.79108
-73.24712
62.25442
-58.795452
-51.3388
-60.33215
59.01947
-40.296093
-22.244583
25.494003
119.10143
-104.3923
-57.36908
-120.410225
92.332214
14.222372
-91.4024
-44.363125
56.792343
25.245853
-152.1389
-52.780277
48.51136
-59.976086
-101.05555
-66.47328
48.49009
108.82224
-21.030655
-22.608955
-55.452488
-104.71208
-25.407452
-70.109505
14.794754
48.55282
-156.9027
-17.190128
38.860554
54.49557
79.76777
-50.820724
13.230647
59.95011
14.018327
-149.29642
55.56327
0.27249122
146.43724
-153.56482
-18.697197
4.911867
-28.864063
171.9307
73.27216
48.99476
-80.25841
2.5180132
95.1161
-8.315311
44.537746
35.8725
36.381557
55.809586
59.20293
49.14603
-6.142561
-54.277298
65.30875
-43.169155
4.246079
-73.145195
-100.62616
-120.72743
-62.65076
-33.117294
13.294988
-50.56409
21.617819
12.919606
17.57248
-38.299328
-60.649544
155.06915
27.906958
-41.693916
-3.986709
-51.4392
-77.98098
-51.266705
-34.96957
5.843121
-30.186289
89.41306
-10.148252
-64.10425
127.284355
-125.66878
-118.21077
-37.4054
17.231611
-98.26565
-43.293083
-126.26169
-7.0685067
-104.799446
22.21896
6.4836206
-29.081009
25.53934
23.279501
91.88559
128.14418
52.265923
22.024416
-9.727265
63.147594
-104.38772
-8.9367
45.905178
48.195137
-101.48109
35.283646
-30.46988
-88.0616
-14.246149
-127.74036
-73.72864
-12.660381
102.414375
34.972557
-0.6835662
59.547832
-97.80473
-8.53276
134.37163
-2.6550431
-61.0601
-93.95958
80.458
44.19993
83.464645
54.512184
-1.6440694
27.925066
-103.06361
-132.12943
63.704773
94.73561
84.54204
27.258783
-18.229797
15.861806
50.22358
44.047604
-96.118996
-167.0584
114.05787
-17.184805
52.440174
22.244495
53.065712
26.333921
67.20422
-7.506116
-204.54059
-30.002388
27.178007
7.6341076
37.944176
58.84091
-71.21107
49.886055
91.70626
43.30922
0.15278482
35.415024
-94.3503
-72.8211
-27.56031
52.87116
-0.5066808
62.1284
-121.21943
81.24964
-55.893806
-117.36821
94.0341
58.749218
-54.66944
-75.90419
16.705929
112.426125
1.4819293
-37.435333
9.647659
2.2422187
-25.040457
27.406214
-100.997154
43.96433
-30.853615
55.790382
26.83271
-83.34431
-26.426512
7.768629
127.597565
-72.67047
-19.966734
-76.21825
6.7802544
57.68705
57.45874
-32.052948
18.019732
-5.3617477
12.133818
6.32136
-26.392946
-128.50461
-128.49693
16.774559
-97.49985
-33.090473
-38.198265
19.59045
-128.5526
-107.52562
87.270164
-7.0650215
76.45146
-80.03821
39.78243
33.493057
-87.08963
-15.374771
1.5258079
115.79527
36.792625
136.35266
9.8116
-19.848873
140.88489
-69.70877
-3.919262
19.504845
-10.83262
97.26862
-13.753355
130.78053
54.704033
-51.707005
21.978453
-12.829711
106.21407
-45.342213
-21.628633
118.083534
97.94521
46.743668
-32.21651
-37.973244
51.77472
-44.141594
142.22849
22.284492
57.51617
-15.047795
-82.57936
57.051826
7.241513
81.582634
58.439854
-24.544939
90.85542
-42.656483
-53.450443
-21.108942
-107.11559
-98.878136
-74.372025
86.6335
28.720297
-74.08784
-35.53689
116.5411
-6.1505632
-76.987755
-112.85306
-41.252766
-17.617792
-28.793432
34.76965
-19.360628
30.672302
-33.550095
-10.388083
20.09063
-4.709414
3.736333
51.799572
-200.1015
104.173134
-161.66533
11.142644
-59.38808
26.910088
-64.648415
141.8629
-113.63619
10.865457
-49.881176
-3.015913
-19.146141
-3.2145352
-90.77613
-114.54881
53.804913
-34.68183
-102.75014
62.863117
