-166.36899
30.135408
-57.334396
-113.097824
31.560522
-116.57394
-24.569654
54.613056
-108.48766
-203.30663
99.617485
-58.59424
59.827465
-82.98897
121.684326
84.89026
-93.85648
-228.72542
187.60893
164.67244
92.70176
116.28232
22.116377
124.24111
-16.690826
121.219574
150.1672
55.149567
116.29455
-60.817646
80.79749
0.1680671
158.0008
2.7676058
-275.72348
27.973787
-77.41118
-26.507494
-126.96694
51.406948
175.815
198.22136
-60.287888
20.478333
-91.160484
-77.38565
-135.09941
-0.89299136
162.98938
110.79316
-45.767685
112.12108
-38.98133
318.84692
77.56293
-107.01433
-62.645683
-120.19901
-55.86767
-10.908091
39.340927
-88.62325
-145.11697
-20.869755
-2.803362
-185.75233
-9.171022
125.74319
136.28032
57.874
-4.6335616
-27.012743
33.87376
-17.307247
48.475548
87.42933
-74.38747
23.182014
115.83867
-153.624
34.67173
-75.43869
88.592896
12.710574
-153.86736
150.82031
-145.67831
83.92974
100.804955
-108.8745
37.99788
-59.09846
154.5964
-34.334534
-74.16772
95.96768
-36.527885
-9.67043
-14.617285
-229.8995
85.36968
-68.41768
-138.47166
-29.667519
37.701385
-122.329
-30.506702
37.88444
-95.87968
-141.76955
-139.69295
1.8687207
-37.425114
-44.5732
42.40297
-157.7522
-75.904785
-61.05758
101.002235
-32.143326
-17.692919
133.53406
76.05782
-64.999
-20.167374
-150.3119
189.49956
43.653885
12.333131
-124.366714
0.03424847
53.02023
144.97696
106.7604
-37.7778
-28.753332
116.928505
29.720058
20.4502
-62.589687
85.10967
27.19204
-45.88456
-63.901287
-59.0728
5.808673
-40.357265
-69.14577
174.93294
82.763214
-63.844395
78.22078
-60.44082
-7.9918966
-230.17976
18.925074
-65.2431
121.44103
29.806133
-99.88341
15.920274
-67.75725
-80.30009
-246.15393
182.38211
-25.338322
13.78137
-81.721436
106.57461
-60.8738
22.979074
13.411165
143.154
22.590454
-130.40318
75.70099
-129.25056
34.27717
-61.17481
115.026505
14.755497
-12.676447
4.0481863
99.427765
-43.5538
85.49322
-13.794554
-110.34346
-96.57466
261.2349
-50.120743
253.27188
93.038216
-101.68191
-84.340836
-98.78087
-117.187065
-81.37628
-95.224945
-122.96195
61.92418
-102.48383
-93.40242
-166.07547
19.91896
-43.16213
6.8572617
-68.93474
-112.493324
31.902527
-39.022964
-165.37825
-118.77589
4.3638372
86.09023
-220.14595
-153.56517
-11.346645
102.65582
123.77114
-130.3124
125.54365
-70.398964
11.132538
-7.773818
59.581303
-8.120396
82.48049
25.295162
-57.256077
19.575779
74.98114
27.506273
-22.218742
-201.971
111.059166
22.498302
-35.53296
-152.96216
-117.28767
67.52433
-155.85574
-38.871487
-73.231476
37.72608
99.07448
169.98228
77.855415
-43.800106
-87.6061
4.749027
-153.4349
-58.84275
-7.4548225
-118.25351
57.1298
29.651945
-118.82207
182.99152
-155.68237
-74.48823
-136.72163
-25.199366
-107.32947
-113.40814
31.256025
96.797676
1.8172724
91.63606
106.81503
-137.15533
-59.117138
-79.14069
52.160435
77.62309
-7.245148
-12.780795
5.5343533
-9.12717
60.144268
-17.9157
14.549261
-95.94401
-11.47588
6.4093976
62.640965
63.329514
76.7025
-170.64853
77.957565
-247.59523
-48.99691
172.06084
-227.40422
-81.014
-15.384762
225.76126
110.330894
-70.60187
-7.0616035
-5.842045
-136.824
153.46942
51.82364
-10.552902
-152.2163
-78.54505
-38.04101
-98.07933
-54.956573
-126.469124
71.60743
-15.725417
-117.09846
44.62432
54.08661
10.883152
86.69147
-109.28692
2.1049566
-55.90949
-59.675343
5.817496
28.160429
37.048138
-107.548225
-82.10606
78.50624
-3.1162024
43.75788
-167.66473
10.750122
-27.273748
0.21645641
75.20117
67.78359
-10.697511
-35.246292
-193.28897
-4.841206
108.18217
82.42227
-41.603912
17.131157
-164.73988
30.975462
128.88548
11.110322
109.59213
-144.623
34.919888
163.6409
-84.67217
-230.90248
-29.914509
-32.123573
84.99577
97.31747
79.69244
81.284096
109.476074
243.74083
72.75225
78.78522
-108.13225
-15.830701
-185.10893
230.26042
8.221301
99.73378
-81.36027
16.007875
-30.515709
44.55041
92.85803
-31.632353
-227.56342
90.763275
-207.70653
-71.621704
16.191444
-241.4967
45.23649
73.48113
75.482666
-133.56473
78.13432
-33.88731
-26.77051
15.939942
47.335472
-35.444866
-16.515873
198.39589
1.9663223
136.78873
-43.781857
86.08223
-86.06081
41.964287
-61.101696
128.6629
70.355835
19.308222
133.54405
48.48618
66.476036
85.65427
37.332367
-22.027588
-41.355335
8.981369
50.2713
47.387768
-22.6349
-131.9761
82.31391
34.08017
12.451858
33.266933
29.440195
-171.80066
-42.29857
166.5071
-8.490053
87.080574
100.45805
-40.32365
113.97429
-346.83417
63.892925
-9.398184
-132.30661
-80.46125
33.777836
146.8838
-74.80307
-126.16712
84.38337
-108.04664
-38.95293
-26.670794
-10.619275
-113.45215
-36.24478
-53.08356
60.329887
-34.790634
-84.70038
36.79265
5.237753
-25.891115
-76.71533
-174.30307
-27.801174
-116.235565
-16.961306
28.10444
-0.6466936
-144.50256
-23.111452
225.97812
71.4469
89.59131
-21.065832
199.251
-51.087757
-25.963455
-37.43342
79.062225
-76.97579
157.18292
1.1343806
7.103849
71.64154
78.560585
26.89307
-127.484146
-140.196
-26.936853
-110.58583
-20.154455
-66.85288
59.741455
-88.21444
91.17283
17.987589
-36.26096
-10.066741
168.10913
-52.580708
67.73499
-0.4415568
-5.263819
-120.10864
-24.673458
-16.507755
82.93087
14.0356655
69.22195
-230.2559
-124.828674
-33.710075
14.985415
85.633484
-18.982735
-74.608925
57.800964
-19.834328
209.79483
-78.42185
-26.75687
51.502766
228.93718
209.53467
84.30095
-14.47776
95.80758
-42.383156
-21.758665
-60.82091
185.1837
134.42946
4.290641
-69.8815
1.6032434
38.932213
33.59978
139.0069
15.2703
-170.54047
85.551476
111.0037
15.058699
-183.56871
40.449097
74.06267
-214.99348
119.60803
-42.8114
190.91177
-210.0999
-210.04251
-141.0477
-7.803052
143.81937
173.96768
7.5304365
-138.11018
108.390495
18.757576
124.86893
-121.32284
-142.40843
-29.933615
-133.76067
19.953167
70.978966
-76.76475
169.1566
126.49714
104.90005
-57.33235
-177.8636
-15.726233
16.994652
53.552334
40.298298
-155.63591
104.6652
37.38189
64.698425
252.85442
197.33333
-49.508213
-45.892403
-136.53711
95.61044
-23.779707
-182.24084
-57.182728
178.32402
26.251217
96.29434
355.38278
-25.157846
60.766838
-116.82652
-270.30035
-24.738722
128.70503
10.0134325
-53.70307
-120.04617
-91.35787
106.41728
120.90536
-199.54776
61.818916
12.420273
-87.501564
-0.5929413
-0.013897479
26.963923
74.919525
133.65598
-40.104122
-129.4638
-7.9344196
-107.12399
134.81615
-32.83659
-14.612204
46.63221
-40.8045
-67.832596
80.91362
-37.202187
39.108086
7.17905
241.82443
-56.332222
219.91983
240.48688
224.55255
-69.33621
7.486611
35.770782
149.16008
-56.3547
23.48845
43.5866
158.51663
-158.8641
-22.162687
195.30539
73.11052
62.878593
-52.18182
39.047997
43.098793
-104.818085
-123.93711
-158.8381
-65.27838
206.04947
12.538174
-102.712395
57.948544
-48.79178
157.19313
13.729979
8.824171
62.995472
-59.564972
93.26887
23.540619
109.00541
216.81929
70.6119
19.900572
-117.84289
71.09843
31.426088
-198.16959
0.1462313
78.64469
27.82863
118.20036
28.785765
11.964389
29.812115
18.954746
-43.624756
-30.99274
44.04632
18.862148
67.78427
-11.678223
-80.854324
-49.658115
141.82314
-92.1984
99.63914
-9.139958
24.876125
-11.765319
-40.224873
-38.94424
-7.066851
-219.3962
-2.107503
2.668195
-106.251625
151.37666
-0.318412
52.731136
72.59508
-53.89336
-132.75565
-68.13081
-53.318855
42.62558
-15.925661
56.172237
-48.290516
39.53386
82.82311
35.81404
9.145638
-3.8881745
31.830133
-155.04707
-115.2182
162.82213
-116.36449
70.70693
55.531063
141.28696
118.35709
21.630415
5.2710233
-270.75015
-10.97888
9.326801
-105.20889
-86.11437
-67.6834
18.278864
-2.6700096
-160.74442
-32.436546
-221.1496
116.337
-153.98015
36.578896
9.0727625
-47.823925
-280.75742
117.29544
-4.5926704
-24.689125
-26.167658
-2.4758906
82.10488
-86.16222
0.41880548
-44.896732
-101.03639
17.755121
3.3918371
-60.052116
75.8833
-3.119186
37.255066
105.18043
-9.340178
86.4296
-110.19282
29.81224
-118.98158
-214.72966
-41.897167
36.38924
89.82529
-151.21288
285.38864
-4.346533
-37.221275
161.32007
-83.88873
-134.91925
-115.90319
172.42168
-123.40996
-143.96646
27.72702
139.98514
-173.27756
138.50551
138.55217
-174.3943
-60.695404
156.55298
20.74712
-17.94218
-59.562637
-22.36256
-231.60916
20.827768
193.62683
31.598944
-71.816055
-145.62952
187.34358
-71.34415
-35.570942
-30.16563
-85.84441
93.409195
-174.32631
147.2307
-119.34657
-150.66574
78.905045
127.48725
-146.28456
-95.90711
-186.04729
22.150484
-67.58905
-58.587177
-77.04793
32.51061
-44.828415
12.784017
48.66929
39.890106
-31.256466
-10.4546585
-65.237144
-116.88538
-87.58496
-47.674393
-83.71329
72.168816
157.75798
-23.9809
-83.262054
-30.58331
10.576385
-24.119844
-17.100256
134.84764
-39.35754
188.36386
-2.8181424
23.451357
-9.1516
3.013951
22.685867
45.48359
-158.3371
-63.50116
62.67415
-103.11427
170.52243
-5.5252304
-67.26835
162.74506
-82.74692
10.582167
-55.961945
-77.5815
12.972308
58.18881
-27.025255
-90.75422
-1.2460016
66.58641
-32.911987
7.9466257
87.27977
16.359447
18.44808
24.813187
18.377289
-89.07344
-63.99359
107.24957
20.858355
178.85745
-106.23025
-80.18263
153.91068
64.66653
146.94833
-80.24917
-88.53368
-7.692547
70.22079
143.10599
-11.296484
-91.86788
-152.49706
-31.209982
-17.54164
4.1398873
-13.84825
-17.043192
-56.632874
-118.798744
-23.607876
-178.40045
10.6002655
8.142522
-18.86507
-27.15274
26.551168
63.685604
-8.57556
92.535065
132.40381
96.53658
36.4988
180.64386
-11.443282
20.182482
17.339935
118.41225
-97.75955
-43.326553
112.71681
-83.62629
-119.45638
-91.80298
-53.843567
51.13667
-192.66982
-199.4887
-92.31585
74.562355
-94.35528
4.4519186
39.899796
-154.95778
-8.510009
-136.02657
59.04844
-115.491974
36.312637
3.6064506
-165.7295
138.02953
-0.8111664
54.949623
0.65556455
174.64659
23.184982
80.34726
-72.45022
-21.476463
-134.53725
-152.19853
-3.7479029
-127.346504
-82.39662
26.01648
-85.26783
98.23827
104.94857
0.08968866
-19.330454
-38.512497
-50.316307
92.69065
-28.552876
-27.426598
-206.17856
-9.079891
-9.435876
-89.4837
-20.828226
-40.087032
-43.129417
3.6934261
127.782974
62.4106
133.58466
-80.24166
97.47124
-128.3889
88.97429
-7.8121805
-182.1549
93.10445
-124.577194
83.50615
3.2916994
-140.48856
64.65098
204.83606
16.540659
-80.439354
53.322433
-65.301186
-53.726135
41.9311
-0.7045273
91.100945
62.228424
-180.85268
-5.3453536
53.95857
46.50547
-1.3180052
134.36511
-142.8466
-36.38537
107.58854
32.382046
-31.474022
27.947996
-47.40713
1.2565964
-195.5121
156.47041
-86.99879
106.794136
-67.112274
-51.147152
-147.062
47.903675
164.03674
52.013718
63.370144
-24.74826
27.03539
-79.77718
-227.4959
82.12429
156.25746
-108.915436
12.517214
-146.25166
-161.23314
136.58224
-398.80734
210.58868
11.595696
117.3262
-178.52583
-84.78594
2.5952277
-63.469154
-32.902348
59.01012
-159.862
-12.303372
41.3954
-2.4400506
178.08517
-110.2875
0.31316975
-39.437733
147.0962
-86.20829
100.62341
31.110575
-153.45462
30.028347
-0.6250664
33.402493
-174.74136
-63.74537
0.6948902
-199.94464
30.477474
29.988312
8.605251
138.969
-29.995497
91.01264
28.310776
-109.18549
-159.83507
18.548418
134.74199
-32.91659
-14.972889
-117.76386
-23.724415
-214.45586
-171.7391
138.39555
-173.24022
115.90264
5.2472363
40.41264
1.5080401
0.5541581
112.178345
-122.28768
-18.380709
89.28505
10.265593
105.24387
82.53076
191.82135
-20.544975
94.765114
45.433125
123.98901
-196.82224
-166.59993
76.89518
184.5776
174.29523
-70.21882
-108.35445
18.829025
24.264696
42.027237
-121.705
-67.576965
99.89913
-152.10846
43.269737
104.231384
69.3575
19.622545
42.679142
30.205421
102.64849
-136.03085
-46.317703
-108.011024
-0.68763757
-62.963226
-21.23811
-191.13538
-99.479004
211.59259
-61.144318
-56.587387
13.218675
29.061708
-109.90245
122.92768
-12.686447
-256.48218
1.1855488
115.1641
62.61776
-79.32616
193.43285
173.22784
59.767525
55.097374
153.98276
-209.78123
86.33193
-34.79506
-188.32867
150.07202
16.475124
58.625835
-28.654411
-135.8222
-23.438494
-64.18221
44.079514
-48.902225
-33.452652
-70.47809
-166.422
59.760147
-10.889776
-171.47403
16.522232
30.188583
-156.811
-157.9821
63.53833
-70.488266
234.20416
116.61408
137.74052
46.191154
-57.22093
-67.738556
-129.05537
-65.20256
-74.10097
138.51031
56.880356
-182.97942
-6.008299
87.15968
-88.64746
206.75993
108.033745
-240.5186
19.271034
122.74512
46.640537
27.53276
-5.2682447
44.2617
-61.757812
111.44158
139.13063
-90.53282
-198.89528
8.283467
-28.44392
-123.61167
237.92896
-138.8294
-10.792938
56.1464
-22.51753
-79.55403
-68.95879
-10.584574
-242.38402
125.92524
-274.81992
49.29364
16.907572
-135.88182
83.48445
-34.10983
18.432957
6.028617
-27.794987
-3.1868305
25.256697
-66.85418
70.80371
177.71321
28.673801
-126.459526
-30.754395
-60.359898
-132.75302
-113.52461
18.466925
-32.245277
129.11726
64.767
21.888155
69.51804
158.99265
169.68097
-35.784016
110.78596
121.75521
-50.122307
158.826
-171.0212
40.355396
-41.358868
15.861514
-239.07512
28.950283
174.54907
-190.42601
-188.15482
-47.7412
65.38132
-158.1671
-79.57173
-97.51244
95.09132
-8.726469
-212.5137
78.984085
250.09312
161.1766
-35.134132
180.87625
-126.438515
185.4699
-24.788345
41.91998
39.129517
86.01229
-30.400618
-25.341402
81.5926
-76.67454
-19.741528
85.696686
-192.20323
49.083134
44.110905
76.973114
64.65252
-68.4799
88.34656
-41.44498
-86.25351
57.334885
42.792957
-35.629013
-150.31508
187.88469
-77.37677
173.02798
-33.004044
-2.580823
-12.670582
-40.806206
13.2153635
-21.62217
60.511135
26.824013
3.6338363
72.90043
115.58976
52.625977
-65.03339
135.58534
-147.3177
-142.58778
82.06886
114.71464
30.423645
63.245506
21.493505
-67.245445
135.59355
-213.38965
81.16348
-146.04799
-62.517693
-240.95757
-108.939476
-85.690796
-94.27406
40.11589
-179.85495
-112.73891
-149.11803
66.33444
-27.502003
-17.882174
-10.469666
22.933115
107.346176
129.65411
-53.727554
-65.142265
110.64515
133.79306
100.35916
-67.15296
-57.323265
-41.859848
-34.10805
-81.265366
203.49583
-132.07167
-31.623026
118.881485
16.924934
120.9496
-47.23908
-58.149776
10.267962
83.7748
11.684107
251.43733
49.832058
99.323265
0.031326413
21.28293
-33.130936
-126.92034
74.73777
31.441586
23.276329
-55.41925
-159.111
-65.991905
47.66921
-59.85836
5.3032403
171.9335
27.324257
132.56836
177.74686
317.79617
-61.07119
18.273418
-65.768166
112.20745
-74.5453
-188.57011
54.27596
-45.316807
-112.796974
40.880318
35.41595
37.088154
-73.518585
18.174492
-205.8232
36.997707
-68.94579
17.840654
-100.15552
112.27872
-48.557533
-74.02233
103.414085
48.95093
-32.0158
38.854218
-64.882256
86.75059
-77.71848
-269.99643
-79.333305
-41.979507
-20.154852
-26.95727
84.69741
-28.200735
66.54047
-81.04795
-34.723354
-196.03316
-162.35349
83.20824
1.2707304
41.965813
148.85362
4.930467
-79.28317
-1.8646872
-84.45687
-161.5329
-46.83776
175.69258
2.7147336
-79.25784
-77.55738
264.46286
23.548504
1.0451871
44.57832
-150.07512
-87.79041
105.472244
26.842955
-14.457338
58.341694
-93.15052
-123.62908
-75.283875
-45.70894
-153.18382
-24.3719
-56.323757
-250.00226
-212.56279
-0.9730154
41.26039
48.842342
5.791798
88.70741
-96.78497
-147.18747
-29.412308
76.545204
-175.61655
-23.352057
-107.22931
50.172527
-58.633633
-84.446625
97.58382
25.031372
-158.71988
-8.466736
-0.30279768
-66.54581
27.283075
-167.38737
-48.044464
-11.749166
46.581882
86.70632
-42.9801
147.29329
82.54083
144.54964
40.117596
-20.885574
16.926033
-45.64554
-165.77477
-33.321007
-21.192776
-8.062989
21.157188
65.653786
168.29337
0.9521695
-96.67057
88.53095
111.778885
7.5816994
100.43765
-5.7714734
69.23682
118.43327
79.81084
58.513218
-53.867805
154.55035
-32.23257
-4.6100526
-134.58731
12.909488
65.64329
60.662766
-94.61532
86.43377
45.375652
104.76039
113.28193
84.232216
-26.894651
-75.48228
-69.77836
0.35831892
5.8644137
256.15308
-39.648388
-141.72623
93.134705
-36.773247
-7.546544
17.117819
202.61314
-108.61069
167.58421
29.342745
1.1896563
-211.03197
-201.0929
71.65807
-123.09499
216.02992
-106.09803
143.53725
17.125692
18.389885
-86.77212
169.0527
15.639093
-71.68147
-109.445595
-160.91862
139.02963
43.694096
-95.00989
127.665474
52.311573
146.14648
43.381187
22.7024
-26.507832
68.70231
-22.598137
-36.5507
-107.041985
-116.297066
-20.494707
-21.61706
67.38627
11.331486
-144.66032
66.24965
-103.38346
30.021812
81.7915
81.324524
206.62445
-13.087464
-63.060955
117.16952
-10.3319
-46.57282
75.401985
180.90836
14.094234
56.16905
-97.185936
121.90578
57.860233
131.94627
45.752575
-18.790836
44.34246
-19.115881
-49.87847
79.69055
125.7254
-37.015106
14.013767
-49.0923
41.081245
-8.054472
95.50404
-27.0223
-168.79027
94.3981
22.384306
43.747887
-54.68789
206.12898
253.39102
-21.56962
149.29007
151.47412
-100.48905
105.08101
-105.34688
9.507572
75.35081
68.53488
15.300845
-22.456314
207.57129
-160.38774
-67.7952
11.665392
274.24353
84.83397
-92.57782
175.33882
-31.932892
98.98554
19.169827
-69.09027
-132.57161
-195.67299
-115.36684
-12.604286
-179.63197
-20.730383
-95.5809
-59.71506
-131.86511
157.34602
61.52996
-15.268916
86.04987
94.151566
65.17811
236.71085
-84.98288
137.75705
-86.86182
-5.6479397
-10.018328
53.384438
-108.8325
67.6542
-82.18369
-38.207264
-98.33531
59.530136
-17.812515
-10.957205
-86.399536
-75.21153
-15.193148
-40.195286
-211.0791
18.632349
-41.41711
149.71338
-83.78661
69.28675
-166.03825
-16.949991
37.4345
-53.03493
158.00145
-89.42598
130.04077
16.257303
-39.341496
-89.67634
93.89908
35.076214
-58.524975
-239.17834
123.20475
-55.51012
-16.83406
49.79145
-62.12393
-0.67847437
-162.23135
75.95637
141.0893
-17.882502
121.70614
63.610836
114.22753
81.26358
-146.30807
85.3496
117.24677
66.437584
-31.776686
111.80085
102.00882
106.20343
-51.382538
64.63694
-173.01334
-22.157743
-14.481575
-168.1557
-68.6229
227.40027
38.864136
-78.63826
236.03845
-213.29489
231.52068
-6.133356
78.61758
87.264366
-86.00911
131.71883
-97.519264
7.3710365
-99.90237
2.7316055
161.31822
53.00421
-97.09107
5.00291
0.1014806
12.482277
160.78535
189.93036
-80.12765
32.57817
-17.6264
47.144844
89.90176
118.8198
-18.34468
19.691767
34.74352
2.8191345
207.89662
-55.20721
121.90261
-62.94647
196.67575
-28.031975
-208.14246
-15.026955
-164.3484
-59.56913
-37.808186
68.19951
41.82208
-202.12805
80.49489
14.760757
-14.806536
69.4249
-248.93814
-109.9229
13.727817
180.35695
-63.18519
77.13812
-35.881546
139.91339
-54.332314
4.0505114
-59.4075
152.63867
1.1930935
171.43144
15.695917
31.82715
14.2221365
34.832375
51.848938
78.18066
45.556847
-11.025725
205.63162
-106.67129
0.93793875
126.50979
-69.84968
44.176544
65.99283
1.1918101
10.882276
-69.958855
113.76294
-64.50359
-171.1284
20.125399
159.12221
-32.262363
183.76964
119.8243
27.216017
-86.05669
2.226912
-115.33291
102.62292
-159.6247
68.82203
-12.879296
217.68814
-20.00088
193.83623
-7.732337
-5.4300294
-3.2867622
12.270287
242.27847
4.245904
-22.063728
120.26727
69.876465
21.016287
58.063934
-39.264503
-28.83522
-226.74022
-147.24661
-88.19744
104.8813
-51.352234
-93.69652
-5.9864645
-3.529577
8.572624
-85.745674
-19.97916
196.26671
165.20901
41.131092
-275.32892
-78.00097
-37.27499
11.024836
-50.41432
165.76193
10.086381
-36.61195
-153.13081
11.479109
-228.79648
33.91881
-113.866325
19.204472
14.631927
-100.57301
-49.14735
55.61807
-225.41508
14.051758
-33.80193
156.58534
-61.590622
20.190636
0.57701963
206.69673
32.24525
-96.94406
-131.02594
92.16257
-111.33079
-12.142766
-16.609083
-184.41602
-337.56342
31.723186
-116.72002
-118.753426
-52.204338
35.28351
197.58427
-139.84773
-15.389443
-3.4999044
85.72584
16.671875
-118.80563
-226.45242
53.580772
-56.049118
57.26096
-45.43852
-110.709946
0.68609864
60.307537
117.727234
128.87872
-24.334656
80.035995
42.199245
24.383781
80.9999
99.76094
51.51444
-2.3828664
42.332172
188.48479
7.21362
-24.145416
-113.80046
12.2249775
209.88744
-5.1096635
125.07136
2.8457758
110.9731
-97.05863
12.129632
19.959297
16.211275
-1.7834895
211.15001
-200.25613
115.930565
62.471867
245.27443
166.28343
72.51524
18.804674
-21.19974
-131.74199
218.98193
75.963455
89.531006
39.717983
65.197876
44.912483
134.72026
-34.667908
100.210495
-195.33156
5.9726725
-108.50883
-72.478035
49.553585
33.901207
44.995262
-44.68714
76.79384
-60.259632
-306.19702
-118.74455
56.205654
43.93763
37.93288
80.5334
13.96013
-124.40553
-103.66169
-34.691463
127.0657
-13.80552
32.939667
-134.12076
100.86025
24.19191
-82.616646
-76.51589
45.436623
-50.117207
112.103546
-128.5419
-65.835846
-29.594467
228.40582
13.5682955
-37.6429
-88.57092
-229.37598
67.40292
86.312256
-212.91148
-350.80814
-25.19018
-37.85355
238.48872
-111.9639
-2.6606634
-116.53278
97.678925
-1.8270268
4.3955874
42.110886
-15.067541
-46.412525
75.97505
14.884086
173.19597
49.65434
-0.8616486
-197.39568
-134.90166
133.4046
-264.97552
-96.17958
213.85478
42.73093
-70.69286
-87.055305
69.57511
-83.63341
83.6916
61.654175
-46.31892
-79.611824
-237.32162
15.870881
-23.12305
3.1961703
145.08318
-98.19718
141.29196
104.60957
88.638435
-44.82042
0.42179394
20.645382
-104.17501
21.516047
31.609842
0.72375405
17.283167
31.218483
-144.62408
-14.858672
46.218018
-193.83679
-213.2233
24.672174
-10.768633
92.76349
99.91368
-98.0779
-32.14304
-209.44545
96.548256
-46.214695
-28.567932
45.841316
-48.88413
43.543633
-11.926493
-96.25207
22.02481
-69.56951
212.48833
46.061478
107.20948
-45.59304
-44.56611
92.53156
77.42267
-39.04934
5.8482065
-46.94212
182.9992
-16.963081
-187.37854
142.19598
18.44682
-16.60476
112.83623
-51.89813
-208.41835
-66.27685
144.98651
167.85146
252.79747
-37.54314
-21.21795
-85.90977
117.45472
-26.18709
133.76805
-70.07757
18.345444
-44.732212
-62.637077
1.0105484
84.25957
46.767906
36.952164
-54.5356
126.01837
-2.443709
-215.328
-94.75668
51.6421
-172.6045
-97.79507
12.003561
-19.65332
68.684494
-121.660286
161.76666
-71.81606
20.55019
99.81254
-235.93849
-46.015965
42.545273
67.86652
-30.107817
-54.625187
-49.96236
42.026524
-177.12677
-128.35324
125.54848
-22.532003
76.68098
48.72161
36.407238
18.354904
-8.918559
-108.027374
143.72316
118.645966
-57.494705
55.8177
-56.798233
44.8713
-47.516956
-43.901733
26.22905
76.96514
-12.507329
35.36561
175.77756
-82.88311
-6.9650855
-56.76371
-54.047325
-12.513498
-180.40953
72.641975
-46.974453
80.35914
-176.87228
107.23606
-25.311169
-139.18382
-80.632744
-9.298134
42.449005
-172.68517
2.9457898
-109.98638
10.620404
-23.241823
158.52444
-105.78012
-30.598425
-162.38754
-70.64868
-101.378075
102.95496
186.5461
105.25946
97.58643
-84.0463
-114.354034
98.128716
63.44577
18.640177
-63.18275
-27.492939
-81.566734
86.71414
52.434826
-7.2328653
-172.10484
124.95063
-24.81888
5.8250046
39.130142
2.1714883
-22.459234
258.2046
222.07777
93.64131
51.772923
5.8862424
96.98747
-49.542816
17.7276
-121.3818
11.990164
61.779884
146.76883
-146.98746
53.300957
-2.6863315
-22.129992
-238.00429
52.404472
-155.92685
177.40417
16.48998
-50.94215
15.545644
259.39618
-124.40791
-102.842445
-20.250982
-19.323452
84.58361
41.806267
114.173225
31.258533
84.939514
-68.61552
35.178875
-36.07367
-17.17623
117.59333
84.51106
90.76468
1.3156137
34.176918
-60.32413
-163.63916
-151.49571
118.40661
-52.251137
26.24003
-29.318129
93.0386
201.4043
86.770775
56.335094
61.268097
80.70125
-9.486253
96.5842
45.42446
4.1562395
-32.46423
-110.89444
-168.42151
214.24881
17.57134
-135.16852
-55.21413
-20.199648
6.899987
-23.318638
86.60316
-176.02756
199.80693
12.374964
-79.12727
75.68509
-22.733341
185.19131
-220.9826
-2.7291045
88.05214
32.350178
-67.983734
33.580666
56.27027
-112.59067
94.51301
156.58006
106.26488
-220.93367
35.423733
-105.73178
-7.782117
-109.9984
180.30453
-38.65605
-96.94867
-70.40261
88.70918
-7.4558086
-20.834778
-72.469444
5.0716944
70.154335
34.233665
98.1592
129.60327
2.9932113
145.95003
-18.208616
2.0693936
-112.999146
17.733343
1.8298532
-111.00395
-114.67362
98.5791
-45.88773
-19.68733
82.94204
-73.39161
-98.99652
65.44476
-30.16255
138.44415
-170.01852
33.587162
-78.871445
-98.12065
19.131449
184.911
-128.10869
109.37065
51.59818
-41.217617
174.50446
-38.454166
113.997795
-183.56589
-130.09761
77.7896
-189.03722
241.8108
101.115776
175.59598
-85.72985
-52.355526
4.431751
-154.86246
-28.009386
-115.915115
4.4159317
174.17293
-224.78786
1.6550322
2.3800616
-19.342283
151.1208
-216.46654
43.538074
7.100981
48.36963
-58.255928
59.056126
88.65125
-6.1989036
18.226244
106.2962
-25.285463
-23.930248
-113.4526
99.55679
90.47489
174.7384
-190.87614
-129.85915
-97.07575
99.24243
-50.136223
-42.134903
-165.40703
103.75473
59.206177
-72.824585
-251.95592
-114.15733
-61.41087
79.28443
-100.48965
-32.130096
54.52834
200.54204
-89.04772
-130.63593
-100.071304
-50.581177
77.96607
-48.530468
29.176088
44.05449
13.576127
231.73248
133.97745
-65.37555
15.291262
72.421005
1.6065366
-4.405963
-171.5584
6.3520794
71.37744
134.77724
6.8350444
17.46352
333.62897
143.8685
148.30927
-136.97661
-71.284195
-57.265953
185.13152
-3.9132776
-218.32625
63.067257
-103.41857
6.462588
-72.21066
3.060249
314.70142
74.172455
25.429821
49.85317
41.577568
154.90582
163.49533
-99.98195
-190.69035
54.72572
52.50911
97.24792
-89.3315
34.834435
36.475117
60.203907
150.99223
-78.886986
26.902838
77.78324
89.07483
266.9623
30.011742
-2.8820355
188.61102
-104.511894
41.97645
225.62311
-12.095493
74.69068
-73.9948
111.0411
50.653454
152.58368
-11.041291
-139.76741
115.83789
18.948982
5.1938124
-25.014006
-264.4068
212.56746
175.85524
-98.54243
-92.70028
-37.843998
-146.17427
89.53587
230.74931
-129.40001
116.10775
41.16031
25.475908
-33.508762
-23.595428
23.326693
55.724693
-69.67565
-78.256195
-108.08287
54.023846
-22.220545
41.401478
-189.19736
-138.0384
-126.38301
69.511856
-3.2726328
71.49788
124.14846
16.948662
61.02971
-89.28107
-96.54399
-11.98936
63.74494
-190.379
-82.6561
98.2052
-102.86276
-36.247208
100.26841
64.96373
191.34564
118.07377
-125.05198
-39.473106
17.79067
-194.91632
-14.334161
14.268207
66.46139
-228.1191
13.271981
17.279001
99.70264
129.63521
-20.005814
-30.518764
126.84936
97.446045
-77.21465
77.955574
-117.91715
44.307896
98.9797
-57.93711
-95.91656
57.04162
-35.76226
-129.81525
41.424084
-156.02396
-68.94916
-172.91731
-137.44235
-69.388214
131.80344
116.59569
25.443365
-118.75328
140.389
-115.89127
101.946625
64.9062
-7.084881
81.36475
-100.60719
200.3743
-108.31597
-49.86869
212.81613
-149.1923
172.39867
133.74908
77.966125
40.084652
43.87492
-27.22499
134.20403
-81.73885
-70.2211
-99.303795
27.103422
-39.288116
-6.42078
-137.15886
-4.666842
27.00802
131.90964
-184.00102
-38.155674
11.440457
-190.27469
-9.915661
-177.92947
-7.4841385
-125.31618
13.2373295
71.88687
123.93586
-29.028378
176.0257
-83.19196
63.23877
-21.64333
156.21985
-116.56216
149.83258
-136.06732
218.08328
-18.869862
18.088757
84.104645
166.93683
2.1105883
41.905735
-65.332886
20.851807
44.948376
-148.81386
64.083244
40.574654
-16.22614
-69.075066
159.70174
130.84695
115.639496
63.88416
35.030975
97.07429
-164.20116
118.573265
-18.816067
82.420074
-17.555403
62.19206
47.561115
63.13517
6.441098
-194.5656
168.09268
90.79558
85.68427
93.72174
135.64073
8.521824
195.38615
121.53912
150.31056
-117.93016
139.1466
-74.65428
163.63069
106.21105
-128.32082
31.133785
1.6691897
68.06346
-57.70464
-54.01638
89.44566
-20.29098
95.329384
56.322205
-31.097431
-67.5438
-133.56029
-192.28983
-103.40887
-111.49655
65.43102
39.85037
21.69358
4.549973
-16.867435
41.59368
130.75449
-34.712917
11.4897785
49.139416
13.565796
-52.008255
-43.099342
-55.378113
-34.12915
24.548668
99.878716
-8.887928
102.28221
-40.898598
0.32921913
-19.574041
167.83887
-115.466415
-25.859173
-11.549928
17.49579
147.83687
58.92143
242.59737
242.95715
-143.98088
-21.488964
151.70155
-119.27113
-50.446636
-28.404325
109.74889
112.12024
-83.08264
-13.265275
115.87179
-315.90762
-58.524242
132.23845
27.249073
60.935013
94.918175
30.583645
108.83401
-58.43864
137.16301
9.358219
45.128002
112.940704
-191.98395
-49.43669
3.0902495
54.73225
-47.039543
134.60999
-50.914837
105.0266
-32.410103
-92.141365
82.03656
-35.874725
-10.441897
18.9587
-67.601616
-14.505735
208.11299
101.20085
92.47494
186.87213
-1.4153231
131.54315
26.00375
41.23583
172.631
114.652985
211.37602
116.75274
37.223213
-137.60564
-119.65478
-102.4597
81.6536
-35.595722
11.428188
21.669838
-22.208458
90.78879
-11.246514
-190.95386
-132.2252
-133.6648
139.82907
-65.03202
-80.54762
122.73994
138.28589
-155.92613
191.61246
-75.78371
-14.828438
-36.579357
95.92154
-63.14393
-152.02585
-74.13304
4.088466
-39.13792
180.39642
-35.89448
1.2825547
111.92477
-36.09991
39.20209
-65.20671
-71.65994
62.114445
54.853275
-206.1671
28.456974
112.39457
79.1607
86.29285
13.357119
52.811497
85.23174
117.29124
-180.41685
-109.36786
-126.82198
-50.814175
-137.15482
87.23203
5.0175323
-157.25006
-125.06927
-30.768066
-189.14221
39.529415
68.32434
140.44395
-115.482765
-81.63328
-25.655252
-95.56602
14.771803
-199.43806
-32.300133
-87.58674
70.62653
-181.52881
0.9072975
-5.9132466
-63.991123
-89.56159
-165.3823
-26.785376
-41.186375
-14.828589
-127.96654
-150.54774
-43.012535
69.786934
-188.12209
64.81859
10.758587
-280.52573
33.71613
12.092974
43.016247
82.59977
-69.5106
-26.545847
121.71246
128.89833
-257.4766
172.57208
38.855373
193.88248
-135.30205
-29.143562
57.4763
-200.88712
167.28459
49.99077
-47.879482
-109.229324
71.24422
150.08122
31.654333
-102.05136
135.7628
96.66637
5.4706364
58.486473
86.23968
14.996456
-113.08643
83.553246
9.091079
-55.878246
-97.35683
-85.80748
68.8205
-132.9008
-158.49
-103.408714
-66.97824
5.671325
4.5520525
75.93319
-87.9327
57.942074
157.55345
60.875477
-64.83957
140.06703
-50.346535
-139.9854
-24.264772
-21.814272
-0.6111269
-85.13068
161.56229
20.627846
-10.840627
235.23363
-25.719742
-69.82063
-46.654972
9.611381
-111.16335
0.80734754
-195.43358
-44.8984
-33.950863
-15.822363
133.50894
-76.02012
58.16546
-135.3689
42.241253
257.06384
94.08283
13.2030325
-17.507885
41.175545
-105.733604
65.058815
59.945847
254.87709
-48.512814
37.51566
-10.358296
-129.91212
-3.2738204
-135.22833
-91.32514
46.010643
183.54024
-5.191943
-101.73879
73.2345
-112.1822
-124.14175
134.03827
-26.895336
-119.6028
99.128716
191.31694
-85.39813
138.97118
26.190823
7.649866
-3.7826948
-160.645
-141.1405
116.61475
95.94882
99.25187
79.351234
-27.213926
86.111595
-11.474274
-4.1574144
-295.94473
-166.51997
51.643246
-109.01242
98.5027
-63.685547
91.9593
-19.53284
42.455673
-0.6390964
-206.75987
70.984344
29.526941
-111.082344
-44.377335
106.07547
-29.889639
74.60013
70.171005
-117.84823
-2.4384792
109.66522
-72.0942
-122.576355
119.24017
51.68527
72.675026
66.18419
-160.12437
27.682158
-143.17519
-105.87085
88.98875
26.845203
35.33353
-113.07858
-44.29788
87.121506
-84.06939
21.805117
92.32082
-78.31113
-48.60116
-7.826088
-56.09202
84.31936
-86.15178
58.711445
46.071007
-123.31049
-18.562897
119.282906
-42.744614
-131.63026
-119.286514
11.827628
58.57831
9.537587
67.724014
-99.89395
8.34638
-59.683876
94.864365
-38.138283
-56.71741
-204.10771
-252.3588
55.539837
23.128933
-61.77907
-88.53107
-67.53871
-104.7683
-35.23617
216.91193
48.316246
-28.8779
-64.475075
109.621956
66.24928
-46.35088
3.1526442
-71.66973
154.82942
-23.802753
118.91516
-117.32568
-58.508022
156.32132
-178.16972
10.442016
-66.731094
37.282803
113.57189
54.682037
45.478985
62.597507
-83.43905
-63.271946
-0.36907348
77.16327
-115.93854
-17.943985
130.5397
75.12562
-2.631342
-58.401783
-151.72156
120.814896
19.995045
172.80359
-12.451497
66.27332
-8.074436
-111.14407
30.043615
-35.007523
-46.055943
127.31681
-32.825382
182.88759
-39.3558
-52.78556
3.151967
-215.95966
7.9093275
-172.95586
98.399086
-2.3096642
9.074271
-109.41656
-38.482414
-19.371595
-48.82056
-20.079416
-99.17279
-155.37538
-120.32596
19.059336
22.371677
-0.59006643
-174.21442
-17.535135
17.349323
238.82489
-40.585114
91.36748
-189.14565
135.29279
-105.53807
-20.950548
-82.77656
20.246399
-177.28018
202.4838
-184.71225
100.638306
-74.26508
121.205574
47.066154
32.24514
-239.01108
-66.81147
140.75523
-67.25978
-197.11563
100.04083
