-83.3607
25.034609
-67.196686
-9.327161
8.165526
-64.87513
22.484983
-62.86442
-47.8441
-6.6401277
-26.286602
-161.44978
59.37742
-36.667774
0.22190237
38.337883
-52.639874
-1.1974448
68.374985
98.99842
48.541817
108.00934
-11.714153
11.9559145
52.336678
60.131077
103.909584
91.799644
91.07297
-29.48395
92.09229
51.546257
37.47206
69.46342
-83.5079
38.13128
18.54553
-48.39771
-59.404915
-18.39065
103.41169
111.617256
-88.91028
22.466265
-20.166866
-26.815733
-12.75738
-87.380424
166.7948
-49.232487
-81.7664
19.24459
-14.892547
82.83977
20.140692
-81.23774
11.794503
-93.21867
-7.838647
33.858276
38.917297
-71.687546
-25.72718
-38.840977
65.04378
-128.91324
-54.498745
29.532766
-27.199566
2.8230095
33.215183
-10.282236
95.5177
70.31411
-7.4088593
-22.901829
-18.826035
31.163363
40.242542
-11.182447
35.932816
62.37166
-56.261993
-5.4590397
25.59374
96.60788
4.828795
-44.630424
44.82336
-19.858303
-31.975224
-3.0526643
-0.37823868
-20.791842
-82.805046
27.773474
71.37296
-29.878239
9.321424
-25.352549
120.07372
-90.341835
-71.40507
17.46178
-26.961025
-20.667986
-63.49518
3.9705667
4.802604
-83.806656
-41.561
57.65267
78.74645
44.397835
27.957495
-120.85355
-1.7214657
-34.81137
17.280743
0.8331731
42.139957
120.14406
59.274822
-12.894545
23.532015
-4.904268
-35.271294
62.11125
40.28912
-12.576106
-18.754114
-25.334284
89.34837
3.717116
-85.08588
-28.235352
55.94454
49.386856
-12.75152
-68.52761
-0.15182532
-60.35061
-20.26629
-25.976717
-99.77406
46.91105
-57.628296
-11.019094
111.728424
-20.891489
-40.389988
54.3491
-38.362885
65.59597
-104.415924
29.275324
11.311344
57.11962
3.453489
38.016495
-38.175095
-36.01179
-43.9618
-81.95915
59.60478
0.5129889
-63.46739
-20.996782
2.4201996
-15.387477
85.58134
-108.971275
6.6453347
27.580473
-59.768616
-19.194258
-25.753393
53.1244
-69.76053
49.060535
8.397106
-75.25597
21.424004
60.615685
-100.67716
-24.803988
-5.160879
-44.6159
67.39865
59.252045
-13.328381
68.31709
3.0143697
-95.63088
-20.39285
-24.419468
10.689703
-42.47976
-55.950363
-60.921856
41.15165
-44.56849
-57.08091
-51.240314
82.642456
14.043062
-102.68173
-43.180515
-51.94025
-13.662758
-52.39556
-45.11042
31.769518
2.155461
6.3663483
-40.860714
-90.6096
12.376325
-12.427059
36.351837
-33.071903
123.985466
-3.636423
-16.23971
15.413681
-18.21859
28.420866
15.478129
-30.237997
-3.0087678
-9.615676
136.06345
-73.12319
-15.420962
-32.71283
69.37767
-36.94246
-71.47537
-23.665197
-63.012356
19.843796
-104.78788
-95.53739
-35.149395
80.02447
84.24739
-8.281395
1.3998985
22.374954
-56.65322
-44.77889
-28.020473
21.95595
-40.863525
-57.212807
57.467194
-1.9103646
-65.32712
58.746796
-67.315544
-91.243935
3.9009848
-132.74205
-54.04378
-28.108498
0.79167163
114.65306
10.25035
-6.8423877
121.94597
-62.934692
-14.874003
8.729347
19.577282
99.463
-52.64192
-104.078705
-29.31329
-26.595505
10.805766
81.83257
-42.29658
-32.57606
-28.300083
60.29198
44.90387
70.96387
27.307106
-79.2537
123.02011
-76.4047
14.594683
30.282463
-42.346317
55.677654
-12.563372
79.449936
-43.711185
32.208675
81.424644
-17.64323
-104.06532
80.038155
49.21191
6.2298098
-37.732533
4.5862026
-29.237524
-8.155359
-23.080492
-120.56405
72.50343
-40.55327
-97.82892
53.987835
-15.308302
15.03163
36.835625
-45.031754
17.202078
2.753178
-51.44682
32.491222
-62.2033
-75.559265
-17.933357
-61.303963
20.296797
-20.376919
45.72978
2.2956195
-36.25997
-71.93351
-132.10457
78.110016
30.868666
16.680725
-72.037315
-15.076937
-36.86567
-30.509829
29.330341
20.827993
51.047813
-63.563366
56.461124
33.311226
2.7795465
39.960056
-33.171524
-11.377332
79.22018
-35.434765
-58.796257
11.909946
55.273342
-61.64398
77.50473
12.86509
37.55174
52.57265
166.73032
35.207092
-15.620539
-10.131361
-27.432499
46.033035
134.32646
49.164402
43.198715
-26.56459
1.9393104
17.928957
7.0002007
55.410114
-34.47668
-119.17782
46.424553
-83.916214
-34.069393
59.99888
-18.226513
142.42012
-40.557007
15.616541
14.733946
72.3903
-49.21788
-22.50724
-36.607388
74.20681
29.262066
-49.133892
62.002583
35.521122
35.13287
66.44308
1.9912956
-9.527319
20.159145
-49.72663
-27.994694
18.814333
14.405347
57.12924
7.3261557
134.20645
53.58625
-30.647284
-52.19872
-42.793625
-2.8641381
28.905878
25.30157
104.79743
-8.207519
48.50558
-24.301039
-15.567823
-21.817167
-1.3097779
-47.17463
-89.59383
-32.53674
-2.0276158
83.91469
15.436778
-6.823843
-28.647484
-162.21143
-23.349836
-117.35615
-21.281675
-55.77693
27.74283
30.127234
-34.93252
1.3884281
-50.181095
-22.205042
-80.64987
83.78877
-50.874012
-2.8364751
23.358349
-52.324203
34.4891
-24.514929
-71.38905
-13.136454
-16.756575
69.75749
-76.38444
-49.792507
-36.31656
-63.06557
56.16999
84.03539
-39.571934
-120.88296
36.372654
115.1392
11.514391
23.750198
24.8969
31.367117
-16.619656
-13.754265
-69.18843
71.64878
-117.19028
86.64048
-8.251099
22.61306
-79.960724
22.295315
-29.473993
-73.094246
-18.417507
24.004038
-24.71819
-43.296085
-97.88118
-11.368611
-22.865326
4.7857347
48.795444
47.51284
-74.77869
62.721096
-4.1886826
14.00964
52.62524
-57.199455
-24.497162
12.729967
-17.362928
26.462315
-24.409727
-39.741215
-36.630745
-51.328876
9.998034
-22.504152
-29.117413
86.63854
-51.886578
56.44998
-38.23224
103.46712
-82.007454
39.15794
48.976734
81.952995
43.674755
44.49865
-12.277818
-24.496466
110.28531
-38.285362
-76.93296
106.53271
10.733632
-55.05825
-35.803852
23.840307
38.092186
-6.5185065
32.2053
-4.9517326
-63.120945
46.77752
-19.805582
52.200443
-59.97602
16.045984
15.299395
-98.57757
85.946884
-36.773544
62.738964
-109.043526
-96.82729
34.038433
49.992855
82.58259
-57.313007
-12.537306
-15.291223
90.160355
-31.15138
72.33617
23.17716
-98.83136
22.223524
-69.97788
-0.60994893
50.070827
-48.32356
46.27514
109.25453
43.64433
-61.04171
14.408651
21.512058
58.764885
24.473133
70.22811
-50.358738
68.513565
-9.334106
-44.386517
4.282752
16.373642
-55.35347
-38.014423
46.83064
-3.4809022
46.186745
-37.400608
-42.954693
77.10925
-28.502901
41.05519
132.57909
-39.46256
29.470299
3.763578
-90.113144
11.529829
-46.083714
2.457151
-15.786402
-84.814285
-21.837667
32.671215
3.1971407
-83.56152
-1.835701
-43.49975
38.980118
16.867798
-6.511659
46.756336
-24.457005
-29.479109
90.70196
-132.54546
-18.60613
25.269234
23.39674
-41.761166
18.333883
-78.899925
-55.917633
93.6488
102.854805
-10.042271
5.7701025
10.823993
136.51257
11.007634
122.449
136.60335
190.40152
64.22486
53.009235
49.498577
54.941357
-0.39785638
74.953835
1.8456061
-18.028955
-158.25749
-50.5173
122.814514
42.712105
-13.799562
-68.50432
0.5787031
15.436435
-21.721457
-94.700325
-63.964375
-61.538506
143.26154
86.49747
12.095489
-5.976654
15.200114
38.3887
-92.885025
-46.154007
-41.055447
5.4627886
-16.504206
48.87615
78.105934
20.921484
-21.129593
-88.98348
-35.986355
38.227287
2.1206903
-48.668278
-5.0255513
44.90913
-48.12716
-55.07617
-75.65125
-35.637135
47.032516
28.6752
13.650532
-38.959797
-28.25111
-16.643646
-1.2602962
44.834515
-138.17236
-39.532665
88.734055
26.225716
-10.052988
28.886896
51.171436
-31.848667
97.708755
-71.06927
17.48797
-143.7884
-30.550568
83.32198
-35.888336
90.9149
30.616488
77.49235
-33.71618
3.9057658
-119.3805
9.075107
-58.558144
-89.78855
34.000793
-30.206684
-29.491583
-29.866209
97.0606
-56.50404
5.796052
51.35651
-65.44333
-140.76292
-33.88717
170.86674
-13.216108
24.75506
21.695808
28.35942
27.59788
-48.6801
26.84784
-36.403336
-42.231388
-74.73637
11.633634
-41.393364
-37.268703
-28.037128
44.9498
-59.45825
-9.584436
-27.704647
83.29511
-55.672867
108.8842
52.661972
36.726555
-105.91872
38.075027
-22.855343
-28.669714
-8.11822
8.393383
33.650223
15.775818
-63.22693
-53.360138
-92.675316
-62.319565
0.19872916
27.72799
36.62928
39.244156
57.389153
28.140495
22.843071
39.684277
-91.486694
-7.406349
-57.176643
-66.2971
-15.510004
32.844852
-26.15997
-8.503584
113.88767
-42.52839
31.619041
110.24102
-23.964504
-44.07524
19.900843
62.921734
-109.72606
-44.691387
-29.426725
-15.575128
17.81131
61.810863
83.7631
-86.5739
36.84948
-29.122711
44.81776
31.354532
63.265934
2.6967497
-117.98187
-83.82037
48.485363
3.002074
-67.49786
-43.013428
24.921053
-69.36328
-2.4254756
-62.012188
72.82553
17.050863
-40.138584
48.290527
-110.44608
-6.245775
74.05783
149.19072
-46.164238
-49.13944
-56.40833
41.32598
32.136803
-21.044382
8.984328
23.487755
7.93911
38.03117
30.472883
68.19441
12.328334
-52.64928
1.5898725
1.0739782
40.92356
4.5189166
-70.76578
10.314328
45.966217
18.072445
-29.288063
62.58493
40.09713
68.469795
-25.778336
28.190498
172.93884
45.934227
-16.755007
-2.9034545
29.199736
-16.831945
-35.102753
30.562315
5.796652
7.178095
1.9326336
-28.805145
-54.558155
48.452133
10.373505
57.711067
-29.830698
-24.112608
-30.686632
-19.758951
29.07783
15.483465
-87.13609
-91.08499
-25.539286
-1.6982017
-48.890835
-27.122183
89.48751
-67.73619
18.87355
-18.812967
-99.818794
-12.413885
-55.735844
-4.9195514
-55.058662
75.039154
-94.51892
-68.86555
86.456474
43.877655
16.758474
-70.50343
-25.763077
-60.343082
32.093586
74.5851
-14.305244
-68.1354
-12.305122
50.320896
13.561896
35.270977
-114.916885
13.4965
35.89881
-11.580089
13.764294
-104.20596
10.025709
-97.356026
-23.895985
-3.9374087
36.480522
82.3126
2.0550246
69.78739
108.809265
-41.767006
-88.4699
32.883133
57.411034
-42.279015
-34.82873
45.38543
112.47263
-7.3453465
1.4820911
16.698542
-92.66192
-59.1822
-45.518013
18.705454
2.1406884
-34.405514
-30.649452
-28.441277
-73.509415
28.236525
-8.670696
0.01176548
-20.061966
-75.036995
82.28534
-67.78349
64.154366
-6.8313737
-83.971436
58.706055
-60.365128
-41.26421
-29.205523
50.007122
-48.448967
-24.552324
-5.4907303
2.2943285
-69.99113
-18.763987
-4.649478
36.309193
-20.47831
-22.594246
-77.483635
108.10487
-80.36897
122.463455
-56.29326
-9.879862
-39.44052
19.141039
31.954254
-0.12587559
-67.13399
84.884445
-40.49596
-62.143723
-17.988598
-65.93035
-16.317486
-12.355182
97.66003
-24.987545
23.160385
-104.176636
33.899063
-54.698795
46.854954
23.972212
-92.683914
28.473682
33.51381
1.666547
6.152316
-77.63404
10.106753
35.424232
-9.7872715
-28.621603
57.963444
-61.827328
-10.0011635
-49.23566
9.412771
51.876415
11.932749
-57.530815
20.381025
-35.052147
38.194748
37.249573
32.294838
-52.926674
-27.843243
-20.857605
27.039175
-10.853046
-17.506353
34.299904
-65.23951
-41.814438
77.16861
-54.467186
144.8311
31.932632
-0.02178812
-57.716873
-7.550299
17.963736
172.76772
-31.817963
-46.331074
-6.8703628
-4.6432047
-37.438057
-28.400166
14.3992405
-107.91723
50.110435
-4.247039
11.781462
-7.8405013
-171.92964
141.8777
38.713997
-24.436214
-133.9791
80.17378
-10.346594
-78.28905
-13.713623
96.866615
-56.54342
-6.4001284
79.496216
108.534355
63.082108
74.775085
-30.610731
26.400076
57.187336
-42.31827
47.645687
-37.873394
-112.11771
-22.122345
23.87274
-39.431915
-9.884786
-56.364735
-19.22133
-110.79364
55.364876
72.08074
-4.194293
21.193151
-66.25332
101.4046
-54.46605
-43.827457
-102.56254
38.62948
113.85458
-27.510843
3.4955177
-14.196054
56.334286
-165.81494
-44.506493
50.868088
-9.569656
73.63205
-16.838184
-31.628807
-11.334731
44.47567
-62.918472
-76.07967
-9.189635
37.751804
4.8648586
42.019287
14.559437
126.5947
-10.233349
26.73565
-15.965969
57.48649
3.635741
-90.27998
-34.27934
14.59696
17.411783
13.56784
-23.722656
7.7305536
20.480484
-22.410181
-85.52259
22.680492
114.94886
-24.655115
55.432762
43.371384
-40.89138
69.279045
-61.48057
11.89188
46.110558
-79.92031
-58.38875
-69.83434
-26.772497
52.043037
21.593046
-24.63029
-49.474945
121.30234
37.69128
-9.880734
-40.76085
-8.35874
-19.249687
5.2568903
-3.2829938
-41.381283
-82.730446
1.2124383
91.77687
-45.074917
95.91305
90.77891
32.804382
-0.9553244
26.699944
-51.003876
118.243225
28.466484
45.055653
24.725075
6.3504496
-12.003907
72.59304
-58.673832
33.759228
-6.2354116
124.696075
-111.39858
-14.012497
-36.767982
-82.30718
84.38669
-3.8304708
-81.899414
9.008886
-43.291042
-4.929886
-34.76193
-28.046824
-52.33792
50.00153
81.484474
151.61781
92.51002
-19.910479
24.37368
-18.137587
33.6601
15.966941
103.0299
19.496155
-96.40668
-78.86842
-28.200356
-42.828598
61.62551
49.712204
-36.855503
150.9131
74.80152
78.68571
0.55022395
-1.6409825
30.283419
-169.98717
33.161953
105.33005
-40.73455
-77.2426
-12.557981
111.1476
-13.566321
94.09461
-70.12098
27.293316
51.065643
47.621033
-75.5006
-40.528404
72.83907
-130.88434
-41.720856
-34.187397
-41.400074
36.702034
-152.01631
71.64316
-95.523056
92.61381
-6.221547
-96.13789
1.9132888
10.32748
23.092314
-9.939867
16.047995
66.78303
-41.38268
-26.657661
61.447235
-50.73159
-49.80662
2.7052107
-31.667028
51.28017
-29.490753
31.262974
72.21971
130.5417
-11.301645
-3.740864
113.058525
-21.243952
9.500595
38.905415
-44.505196
-27.667952
-15.892456
3.1668222
-89.03771
107.309006
64.24889
-34.97837
-72.82489
-14.906771
14.128718
-93.36662
-77.91356
-84.4316
25.871164
-16.724998
-76.45179
43.905983
28.585613
128.5969
-133.49501
94.63418
-99.757256
14.67717
50.26887
-9.906245
53.26599
-4.824095
3.7358255
-47.70143
6.5449686
-7.6259694
-50.765537
102.299545
-137.86023
13.017223
112.74927
-11.810145
2.460516
0.28961444
107.55423
-31.273857
-0.07879448
55.56721
-18.199327
-15.118654
-83.96882
-17.853153
-0.535641
-1.1591551
-8.426313
35.733055
4.3931
-92.76359
28.612423
5.0820084
32.614075
-1.1127822
77.721695
83.94771
100.33345
-10.660763
-12.1133585
-5.65851
-131.00441
-26.215324
-7.692949
42.88496
-9.68449
11.68131
-21.96992
-10.305921
0.21440876
-16.269184
-97.47737
-53.717453
12.2018585
-87.46488
-50.69041
-49.905846
-28.768496
37.57649
-41.075085
36.917538
-126.25391
24.288403
-18.380152
117.03812
78.136894
-28.252666
37.003933
109.084885
-25.746246
83.1283
-28.555075
-12.277533
42.1551
-56.185177
46.95076
-107.45324
-15.60724
-29.691845
139.58992
23.557314
-72.67946
-9.057007
61.93597
57.30518
-107.20066
-80.36349
-12.5446205
92.27787
24.82142
19.754148
-30.45575
74.38133
-60.55246
26.894398
-3.7458773
-70.01893
-17.739515
-2.8151186
-13.860017
1.2111589
-102.52512
-0.9058795
-30.16872
48.533478
-13.052265
36.578396
-18.43457
-23.689255
102.53093
15.762063
-67.20192
80.21208
-16.867414
-31.202593
19.966661
-102.12203
74.87573
18.283606
-71.07915
-12.725659
-26.885263
33.821255
-77.93566
39.581924
-48.789654
55.669006
-14.483917
13.124394
-55.876247
50.814163
-64.39941
-145.18282
-4.5889225
54.9088
-17.001358
19.144077
-24.219952
34.74122
-82.90779
-94.96528
-53.90168
-123.289375
-4.0713863
11.382658
-21.837358
-44.90051
40.561428
-73.85994
-38.449284
-96.04488
23.46532
111.201904
-13.984678
-14.095801
139.18332
-18.645544
0.81370556
52.61136
-59.386654
-108.747536
42.005836
45.04821
45.528408
74.844635
-7.2714043
34.090103
-68.33923
-51.3019
72.4007
-126.88731
64.780754
15.2681265
-65.14817
-50.505276
93.51303
-29.445862
-34.76784
-71.00434
-92.63572
-62.062157
159.60997
24.85089
-112.8376
-99.89304
-9.704823
0.026975334
99.37583
-16.801928
83.78512
-60.433197
-11.318525
-31.115122
45.85607
-62.506786
-32.17426
-65.84867
49.269123
3.954495
-25.26424
23.216799
-43.355602
-121.32487
68.20614
74.97575
-79.18134
-95.33731
-29.766312
-56.207233
-62.348667
50.618214
17.929167
-16.986834
37.518166
-5.2891226
-7.850692
-58.740513
-26.858858
31.257298
-53.30239
-38.704067
-57.810364
-4.9506164
-50.620285
-24.934807
45.40871
97.534584
3.5652425
23.474354
83.73512
52.77542
7.218601
42.87666
97.55674
21.412264
-20.276747
-15.230278
58.498756
55.581932
58.346386
-55.41457
47.632523
-25.087893
-13.090749
80.05778
90.31878
-36.20028
10.0301
-32.85004
-18.831205
-17.748726
-49.79539
49.128353
-49.7201
12.609523
-53.943592
14.330654
0.13118172
-84.93462
-8.560864
67.00821
-68.484726
-24.958002
-0.48957938
153.79431
27.722292
92.198616
9.0327425
-48.2074
-151.41498
-118.575615
16.857027
-46.971558
115.88808
-86.194855
44.81689
-11.070128
-16.359995
-50.99935
59.75703
100.89394
3.1295567
20.100069
15.429316
107.933525
-3.100628
-26.777988
47.525536
-38.54626
21.218868
43.8442
-42.19142
-44.4077
49.611115
-28.909327
-37.401035
-13.083177
-5.219082
24.78423
-9.234403
-8.82461
-80.299484
-7.8643923
3.9159453
1.7638217
-15.235221
26.535246
33.948864
42.74924
-31.145096
-85.18975
67.804535
-13.04597
-29.997501
-28.725067
117.46563
65.96408
12.676186
-80.17759
59.528126
74.83817
-5.2483573
-1.0843396
62.971207
29.98684
2.1094213
-45.427567
70.287994
57.403088
-2.068912
26.938406
15.488024
-20.242456
-104.67023
-27.647167
35.891808
-28.176586
66.15574
-30.302605
-2.66551
20.937565
35.896713
93.90615
-71.82253
16.971405
89.08519
12.618774
87.00243
2.4627354
-8.39028
-61.0976
-11.163036
-77.93321
11.690211
74.35292
-82.81545
-46.060474
53.31374
54.653915
-61.70877
-91.06799
-12.367198
-93.874084
33.87963
9.1840105
20.557064
-174.5223
-55.1301
-61.772102
-3.6724117
-121.83649
-32.217392
-114.42661
14.418438
-61.626236
10.552291
-53.614
-5.6915693
3.1445312
-37.9088
31.259014
72.127495
-67.45582
0.60930437
-5.1167054
-23.072983
-60.584255
-19.893866
-20.320595
-4.574286
-11.537579
76.98222
-127.8981
-48.61098
5.6840816
-13.760111
-50.973064
-18.151234
22.24295
-0.21421802
-27.306314
8.709995
-93.381645
27.046768
-32.813282
88.80491
-75.82682
59.41483
32.734352
60.54853
-5.469698
-161.09866
25.301609
-41.18323
-63.475357
-13.639971
-26.61517
51.13701
12.891199
-131.78221
43.329697
32.117054
-82.74119
40.017654
22.48173
-34.90521
-121.80323
-49.94218
116.7845
21.50892
35.312195
-7.2294183
66.93264
-11.195644
-5.943791
-41.7731
113.07401
11.2157135
-50.253582
-1.6033486
-97.2583
100.122696
24.223322
-11.17561
-44.55559
-33.693974
-67.52387
-77.454056
-76.17825
33.07969
16.416933
-57.482056
34.067432
-95.252304
89.29026
3.6208956
-57.647076
115.54449
12.942323
115.4052
-82.54284
32.89186
-32.141335
18.680553
0.029468298
25.086435
-29.510448
16.496098
59.814545
48.077766
39.321465
22.79155
11.31888
47.935146
4.486392
8.396093
25.58541
-16.291595
72.02942
-19.811432
-57.47853
-22.655794
8.956052
-33.262535
-17.431807
-76.67168
71.432785
15.448869
-86.98843
-40.113678
-47.1922
64.09502
18.985806
-12.21754
12.250982
-43.97936
-10.49553
-15.041127
9.520921
-10.795872
-133.65506
-20.74579
-39.894386
-1.5221353
-17.672838
95.99542
7.5734015
74.061005
-26.816984
29.587513
-28.994932
-20.293896
42.666344
39.800236
40.08457
74.12899
15.460681
-59.23688
-98.92959
34.952347
-43.250053
36.128674
106.558174
43.74664
-41.328426
115.21896
-14.517434
17.343845
17.104406
42.501183
54.268497
22.274733
6.8002195
-57.618294
-74.7361
17.15077
70.37899
-6.714553
84.21693
41.906754
12.802486
-13.294552
-58.917538
-66.64462
28.89704
-17.332521
80.03254
-14.192999
85.209656
-0.26461172
112.29443
26.070486
23.364384
35.980534
-23.153337
50.607018
-49.940296
-122.40446
54.960106
50.47645
-63.54478
21.553596
1.6019694
39.481064
-46.86321
32.56997
-32.295704
20.163288
24.573719
-13.288371
-9.443367
60.787525
49.241585
-10.94384
34.04402
17.81218
7.868275
10.467516
-88.1444
-48.95904
57.732323
-7.277898
-61.752594
48.022053
-11.229303
-68.333916
-77.41878
-98.361084
-133.4154
47.845703
-141.9329
13.465303
-10.502612
55.754234
27.313444
-50.70748
-61.431637
67.460236
-3.041574
81.489746
-46.884296
48.2996
-4.4331703
189.6194
138.56389
-65.11431
26.428291
-18.608515
-115.95884
-14.3738785
-8.1690235
-128.84334
-156.07259
-41.766666
-26.172297
7.766881
-11.600508
108.41538
24.337366
-104.72868
-31.228745
-70.94416
4.658159
-43.977978
-32.50763
-99.496704
73.45057
-172.14539
-40.085037
111.156784
-130.67851
34.911343
17.999966
119.32286
14.116092
-31.136847
-11.158797
63.7652
76.11676
112.97879
-30.91168
-81.634865
10.759206
-27.35006
83.92149
-42.38684
5.1399384
-23.642363
-28.885368
97.21786
28.099688
71.90073
-5.0571423
28.392994
30.548676
-43.793198
-61.671104
-6.566355
55.453094
136.66719
-149.53221
81.35443
23.657976
33.957474
147.21475
-31.915037
-17.387383
22.014685
-71.250656
78.01282
3.127326
36.26403
48.512226
62.74505
31.969397
115.77123
-19.93102
65.134445
-38.800076
-38.182274
-83.90718
-10.277636
41.463287
25.037018
-19.985086
15.254666
7.5753183
-21.858631
-97.00462
-21.75326
69.2737
123.076515
44.192944
43.883587
49.575783
-11.247642
27.563091
-74.95046
81.0023
-50.232033
30.037981
-6.467972
108.261604
22.627981
-30.012058
28.369072
104.51542
-70.27178
87.08018
53.48188
-29.469872
80.24322
94.813126
-22.310957
6.6813345
19.83184
-80.03075
91.681496
16.070955
-125.17692
-90.41347
55.571888
35.127884
51.74251
14.267384
7.8767905
33.769806
46.704834
-43.42697
29.87818
6.9512587
32.64112
29.85679
-21.57822
-25.533989
149.0944
51.16617
17.25448
-90.4451
-15.3769045
116.42087
-45.289257
-107.89487
14.637853
-30.900995
-4.3670273
-8.36593
-76.09536
-51.593227
127.02572
-34.14905
38.44005
-129.38138
-70.0261
56.257076
31.601147
-101.19497
72.16273
6.2727194
107.108795
24.110167
25.051846
-99.837166
4.8883753
-104.90945
-119.37348
-39.728916
11.800611
-16.616945
-0.0617553
-13.040866
-29.772161
-6.2095304
32.186512
-16.728685
-166.849
-39.008778
-47.534298
23.232342
62.426285
15.104755
13.2324095
-70.75223
22.626442
33.38135
-38.54449
-3.276652
-85.47533
19.71952
9.325621
-96.06105
105.47726
-73.04503
70.10583
-45.07169
32.054802
7.8143954
14.921436
14.844691
16.143888
-47.42685
5.874708
-48.552753
105.76511
-14.2948
-75.52532
2.6695468
-3.2099123
-25.96792
-47.98986
43.830414
-50.082443
-16.616076
29.20084
120.94342
105.17749
30.363121
11.051387
19.481476
48.380905
-64.055664
-7.099003
-25.536455
49.507626
64.71332
-5.8127475
-63.64177
37.408184
31.010305
54.4712
19.683077
100.61291
20.10376
-69.19007
-72.956116
15.205372
-100.7103
36.221138
-4.878502
40.08857
89.728455
-46.555622
-30.58943
-16.66713
38.284824
21.585491
11.371377
-32.69661
31.616436
166.66667
-51.23273
-18.22443
-28.779427
97.26908
30.196087
-12.752565
15.112937
-52.521538
9.703854
19.66462
-27.757263
-16.015368
48.04967
-6.1201606
-5.632079
-11.900689
-67.00919
13.321416
-4.1899447
42.77787
16.994116
-21.446856
23.864094
76.410126
-48.634193
-16.653357
62.84667
-78.08498
45.56667
-3.9794166
15.5017
22.764656
8.288376
-0.5995685
-34.067524
-49.25636
-81.82926
-38.351456
-28.953173
-9.204243
20.854795
26.013472
4.973718
28.104704
-17.840094
-107.46113
36.788246
25.176817
125.186104
-137.69873
-3.053113
-41.86296
-76.16701
-56.493294
0.060580492
53.128338
33.14117
-39.032455
-32.608425
-29.670189
27.088686
-12.687461
-4.10691
-128.20123
12.170426
-84.85836
95.21421
51.131313
-41.558956
-75.84966
32.56332
-88.64508
25.380487
53.280525
48.14528
-14.997132
15.644298
28.414448
108.82164
67.597595
30.92258
99.664925
-76.70105
46.35296
-6.91917
66.75616
-44.887024
95.1997
-81.35969
20.729904
-36.967175
-0.5864221
-97.630775
1.0370436
-121.50459
79.23988
83.915596
-135.18297
-8.95253
88.41725
-45.576897
-39.947742
20.492424
-24.688835
74.49043
2.377612
6.505846
50.854496
-19.794703
135.33087
17.384321
26.449976
10.452787
48.23426
22.50972
-16.230688
-36.732555
0.7376411
-28.28824
-78.29528
9.258159
-4.183548
16.705431
-2.0823152
19.059114
85.18972
54.22621
25.427603
-18.664667
62.988766
5.799528
36.741047
-29.690823
48.52266
25.092646
-66.978424
-66.02283
11.91521
9.35855
-54.671505
-95.16348
-8.669877
-98.237564
50.483685
35.481964
23.092587
-18.757765
71.23116
16.027853
11.115201
-1.6204681
-85.87043
48.955566
-46.62534
21.146563
63.354122
6.603086
-56.48186
-4.561991
17.290726
-74.65941
36.479046
-38.763588
35.415905
-59.182903
-24.669127
89.813644
-78.6861
-27.078938
113.60317
-42.591194
-74.04591
32.396408
11.95799
-8.372313
-79.69596
-57.131172
-17.591932
55.347816
98.53068
148.42102
48.496628
88.20157
130.62877
132.84456
-4.756911
-39.48054
37.97451
-26.965475
-24.793318
-210.70815
-45.252903
-62.158287
-74.22711
32.61527
-32.91985
-59.905922
58.122883
-75.28809
-0.13801098
-7.5964365
-5.371023
-113.2246
-40.85842
65.64117
-33.677536
-14.492929
41.489285
46.603363
-7.2407823
61.013058
36.09324
10.023837
-77.21719
8.477952
86.77023
-79.05328
98.31211
5.965415
48.988197
-45.38384
-43.242805
-50.929718
-163.44107
-25.697723
-65.623604
-10.798667
17.233585
-26.721891
13.033054
21.918417
52.634182
12.486276
-57.444122
99.12486
10.330146
21.579796
-38.705387
23.156166
-59.60149
-33.04181
16.652172
29.400173
4.291803
-50.137177
-70.45089
0.19105422
-51.800125
77.716644
-148.09122
-36.196198
-27.111803
11.717663
-24.058147
-71.07251
-69.058014
75.79394
-18.238981
-81.004814
-78.33449
8.528292
-52.058105
-120.282776
-43.232365
-25.583387
-38.449043
-1.737144
-77.35897
-27.492393
-81.393074
-32.802097
27.08504
-43.124805
-51.751247
-31.391626
-0.87703943
171.47102
59.79964
35.955643
-3.1960204
16.795183
-2.3098178
1.3324046
38.09142
-65.87996
41.284027
20.866787
-14.462099
55.909172
186.41269
91.62777
165.32504
-36.54198
54.08791
-94.6798
-21.169268
19.395252
-86.25293
6.503541
20.169567
11.888399
124.52973
6.024723
104.95782
0.6908525
48.488304
-69.809746
60.228416
113.46692
48.868515
-82.49013
-104.15744
-11.831565
6.4405956
134.2268
-19.495028
67.09931
-37.160107
-35.998096
75.290146
-28.014679
4.5098886
20.08765
-14.862522
133.42294
-6.6134224
87.082085
130.53857
24.391073
-28.043509
106.26937
-18.382162
44.587746
-53.633324
-1.1328596
-87.135796
80.51167
-71.70627
-9.597541
42.845314
90.73824
-32.15086
0.84733737
-129.08438
5.7960205
-56.448563
-35.584675
-1.1076682
-29.65758
-84.7209
4.8623304
94.870926
-51.67992
23.046873
-11.672588
-47.231632
-46.725338
-86.482216
36.342625
47.562706
12.182319
-1.6051179
-98.01739
35.197536
55.4417
35.81287
-111.04447
-35.394913
-25.256008
72.79743
-4.2273674
6.6485133
38.751534
11.4151945
112.02912
-9.3302965
-80.046936
-57.571495
72.607
9.49791
-48.216347
88.29652
79.505775
17.496634
-54.68715
35.787186
23.285637
106.12429
-20.167557
-26.304688
4.9254875
74.01756
30.785107
28.139027
-58.50752
-109.096405
23.112263
38.51822
146.54547
12.576842
-47.465706
23.506947
49.5215
18.780901
-83.14488
-18.65834
-43.7669
2.4503765
37.365746
-61.135857
12.754456
7.6293592
-46.640347
-29.286146
71.913414
-49.627186
1.913195
-8.264565
-98.887764
31.778378
63.35759
-13.368548
-70.111984
-18.779854
32.41525
48.863907
161.94756
44.626083
124.15394
-13.397372
-44.42899
7.9687505
-58.147568
28.556469
175.21564
32.65117
81.598206
104.56477
-6.326731
21.186617
67.81754
23.052557
128.05603
-141.825
51.343903
-78.94147
20.495483
-67.58464
24.534662
-50.563965
-74.62496
59.36671
77.06225
-113.3381
-4.7665505
52.563354
-36.55626
37.219833
-96.731995
-81.61414
-83.86712
-18.581352
27.434654
28.722408
-35.289642
62.777992
36.06075
15.706436
-25.9518
61.768684
-78.66932
12.42225
-33.69362
166.82292
50.50354
83.42823
23.177479
162.62334
-27.769024
46.342064
21.142506
15.886801
111.690414
-65.06851
75.29188
100.34845
-50.012352
-77.31093
43.640785
-29.503105
146.27716
62.277878
65.320335
0.39607254
-109.37664
-1.1754539
31.661766
37.65869
67.97398
-35.823013
47.69075
34.50576
48.641006
-17.491293
31.183065
41.838467
43.7082
4.4204903
82.559906
-52.833897
60.675755
102.69501
97.15929
-42.36969
110.59975
-3.9801893
82.006226
0.7161646
-33.331608
-4.408678
43.37548
60.01553
-59.022938
26.735859
17.409924
-45.31541
6.6722507
-7.9462857
-8.187865
14.078425
-44.86991
-32.386013
-48.38591
-84.58534
24.644096
21.1241
11.21931
8.06332
-68.59808
8.957072
31.61444
52.311394
43.304546
76.476166
3.4395278
93.15458
-4.1797886
-3.7346144
8.877194
68.98626
125.61503
28.885792
-31.710236
0.32728785
-79.6753
30.575699
24.396076
23.30749
10.135666
-10.615375
-45.424664
5.263804
32.89335
97.453995
64.10479
-79.73117
19.409
-30.878506
7.170684
-33.22326
-30.555908
45.582886
23.587255
-31.259392
-72.868546
6.971804
-179.57079
-90.89719
131.07846
4.2573857
-12.995365
51.722244
8.424725
27.044191
1.0756845
16.93234
-72.48006
-25.808945
148.49458
-21.365805
-45.5868
12.644676
-42.315117
-26.368303
70.36114
-6.001747
17.834114
-98.143906
17.411505
-56.495823
10.67407
45.947384
51.439503
-84.72157
14.230536
8.969312
31.72417
-8.479261
13.942097
-33.792126
-33.212654
-23.408009
123.9136
26.11546
34.28416
117.13526
25.149744
4.4659095
-101.79776
-11.087072
-46.888996
-33.52289
-69.96332
75.36067
27.253399
54.761387
92.7195
69.04919
-58.647156
-63.728966
-38.952526
45.4021
-32.543396
22.105711
-3.1204643
25.01427
-12.87468
142.0145
-13.992632
0.65347934
-62.014587
54.10066
-30.825924
-25.907703
-2.4315548
-11.597682
22.150778
42.1318
-37.669174
-28.0059
-1.0778683
-73.65057
-30.957403
22.210577
39.572098
38.692097
-0.9588022
14.907064
-25.133793
50.46551
34.16685
8.137587
5.071895
-14.263035
6.0678368
96.17409
-38.852493
-47.397186
23.822643
-45.87674
-42.3008
10.304148
26.612946
-70.00088
-42.93262
42.14733
-5.8507295
47.758602
1.485436
38.502247
-49.57368
-16.571018
-88.61434
35.7022
22.485025
-25.255957
-56.846237
57.980865
-9.970911
-112.47282
-39.739716
26.204723
-73.227165
-100.26401
-34.59572
25.969765
115.12434
35.460278
34.216633
-49.185333
-84.98122
-29.33837
-19.195213
-9.333683
-5.79289
-105.76613
-27.581886
76.36032
61.442287
69.92179
-75.06976
-24.003916
9.532465
12.781433
-115.52023
16.369442
10.715051
68.0856
-63.70649
-38.57708
4.017491
-78.978745
77.13455
-29.455929
1.2443266
-101.42495
13.591366
57.31191
10.865733
89.20742
65.630875
-15.184798
32.215042
83.80837
104.323395
-5.3179817
-38.615902
61.85067
-86.22755
13.980591
-75.46767
-69.19906
-117.90639
-46.749783
-32.32263
-3.2603602
-24.578882
-11.769179
42.589333
74.19614
-14.6945
19.739666
87.121506
28.261831
9.558819
-11.324907
37.64531
-80.91505
2.8685474
-4.704913
25.835756
14.885357
41.16182
-38.34632
-23.305006
-3.416812
-104.08347
-22.269096
-8.363724
22.083336
-51.38839
-33.029953
-66.31264
52.98232
-74.65062
44.91506
-23.089495
-23.819683
12.656513
3.0671725
17.01953
88.525276
38.347958
24.830061
-31.316118
-13.872516
-71.20216
16.231773
61.529984
25.322271
-114.6033
17.893295
-60.68776
-63.794823
69.60044
-98.94779
-51.835575
-29.39863
79.67183
-25.469973
3.2321305
39.59819
-102.52927
21.60828
54.53871
-26.29535
-51.746944
-60.291405
145.7786
58.868336
14.71111
62.213737
32.30153
61.17942
-44.95115
-126.8541
13.676556
52.93269
121.1104
44.498417
3.2228632
84.6206
10.794982
46.56515
-97.62677
-83.51477
112.67722
2.94591
47.48866
16.233648
48.81137
48.702393
87.239395
-55.09416
-112.37374
10.594817
6.334455
30.371655
42.09984
60.94384
48.44652
-17.74685
25.012787
21.429325
-28.21344
27.751919
-100.21571
-129.26746
16.678804
39.37471
22.987726
13.914709
-79.29932
-7.0400243
-60.09492
-24.403904
79.688774
69.69308
-51.519646
-10.062178
-62.805576
62.31427
67.76875
37.108864
46.50042
-30.729662
-47.465908
75.24492
-85.4129
23.81773
-79.29056
34.64437
-12.760771
-43.226425
-33.73772
-2.500792
63.17276
-34.548134
-5.579758
-18.866697
-34.108322
67.5386
54.590008
-8.696071
-20.802553
-22.45487
-23.175573
19.665829
-14.439405
-78.484764
-69.131966
-9.094051
-96.9292
-32.323902
24.0344
-40.271202
-29.264847
-55.43021
74.08891
15.6785555
41.620174
-17.555813
20.629274
92.802185
-17.915922
-19.874035
79.31242
75.63398
-20.389729
119.48786
13.083516
-31.224936
99.90139
-58.23628
16.21298
-29.93542
20.789171
117.21153
-46.716244
42.95304
6.361263
19.149248
11.576714
-20.836267
21.817064
-70.58111
5.842544
39.586803
83.088615
53.3418
-32.227768
0.38821745
100.97467
23.664566
72.786095
11.731929
36.144802
-72.85823
-94.01337
22.55148
-27.039522
76.53498
8.902912
-71.07495
38.97596
-12.180787
-67.707535
22.403082
-48.52215
17.458582
9.153138
54.903694
25.00556
-0.9072757
-75.4965
130.68845
22.62678
-75.351036
-68.93866
-41.961502
-38.130398
29.092554
59.84942
-13.48573
30.384903
-14.864821
2.077442
-0.6549982
-2.8161228
-0.4471364
31.827803
-135.48103
58.799755
-57.648743
37.598885
-45.537502
47.56785
-54.505985
62.76228
-68.61749
34.971813
-29.375746
-31.649096
-34.60657
30.890362
-88.093994
-142.7475
87.49145
-52.272163
-85.86556
27.66071
