-91.76
5.0225744
-52.038155
-4.6986103
-13.820731
-66.52512
-38.39953
-37.838737
-19.674469
-1.1121336
-45.069534
-108.83634
54.14205
-35.574837
38.079414
61.69922
-39.943966
20.614365
80.77807
79.28935
61.695045
69.72311
6.2178845
39.236027
48.92463
97.897964
118.21612
74.0513
98.57424
-38.88455
76.88014
5.3757334
11.899447
54.889412
-66.18032
62.624546
46.586945
-41.831554
-57.046158
-13.617542
89.67275
83.12121
-56.603428
20.828833
3.519164
-29.265722
-39.384823
-94.66685
141.28273
-19.035118
-99.872
35.936172
48.198856
58.3844
15.795749
-58.60726
7.787442
-62.22249
20.968351
46.238235
17.539019
-64.81508
19.411205
-41.03053
77.10357
-118.49504
-20.22331
13.187461
-19.983355
31.182852
77.80915
-27.45304
80.96102
82.15747
-4.6350613
-52.952103
-5.929437
55.543205
16.019703
2.2528186
26.332281
28.85803
-65.14291
-37.999836
31.029036
61.983837
-0.8354769
-9.621229
-4.977404
5.072109
8.167377
-30.691605
30.962513
17.554543
-83.78243
2.42964
58.5662
10.549086
16.727085
-66.90703
128.90486
-83.25875
-65.00823
-9.532931
1.6247694
-3.9895468
-35.7991
9.775492
34.66373
-13.898377
-39.43638
17.339304
66.98887
47.025486
-16.574858
-108.646805
37.187946
-25.034292
47.95257
-42.11438
40.271873
122.48249
33.18055
-39.30805
-5.7137146
-31.111101
-8.05169
75.06344
28.108603
29.515322
-10.687977
-47.15422
68.50101
-28.919758
-95.617355
-12.373196
63.71087
55.80628
-36.201004
-75.82087
25.481598
-41.28287
-0.101896286
-10.925749
-49.41971
22.255852
-43.65189
-11.648771
49.96595
-0.8137549
-46.13162
31.234663
-27.926102
35.60778
-70.794426
24.196005
25.347849
3.4042823
24.98047
33.983505
-63.783646
-32.14894
-32.151302
-69.99186
34.117676
-18.770353
-37.24278
-20.910826
-24.178139
-41.265854
64.45759
-60.307686
20.495071
46.99359
-66.383804
-8.656081
-31.207642
50.014378
6.037095
6.3416233
-11.336528
-77.09453
3.6987274
73.20203
-87.93853
-26.194237
-4.4521413
-44.703304
67.46754
118.34446
30.614601
71.36019
-17.229225
-71.41108
-6.772681
-33.60582
19.458153
-19.773186
-13.190353
-49.185818
61.34856
-16.196898
-56.84889
-55.26144
65.49246
-14.900445
-96.558464
-43.28751
-48.7626
-78.386475
-83.63187
-25.003977
26.526499
-19.791967
32.642426
-32.70436
-29.832731
6.0411
-13.980096
17.97229
-0.85451823
112.02546
12.814829
-43.754932
61.249195
8.464573
24.333471
-11.303274
-39.801
-40.855217
-22.95738
102.33079
-45.48617
-68.75417
-11.853178
36.418396
-23.125982
-19.420742
-39.717396
-21.427336
42.57583
-134.61296
-92.4587
-6.4051685
79.06886
102.46275
-13.339183
11.283253
37.40882
-90.743484
11.528246
-35.588684
53.54645
-17.861422
-51.37189
64.10416
-29.577972
-12.54669
36.6172
-65.98196
-97.313065
-18.257349
-82.0783
-43.087833
-4.8855276
-19.600721
80.4168
44.67167
-22.021793
96.83946
-57.722702
-62.587177
10.331359
-0.3722254
103.601555
-7.8242664
-126.30001
-21.968557
-3.2469156
18.193296
30.711042
20.430117
-15.679944
-22.091438
57.933735
53.994576
78.904274
21.681612
-37.14651
105.06983
-90.819756
50.380657
2.4784393
-28.861872
18.619772
-19.090454
54.832447
-40.89375
43.31304
18.049543
-14.41581
-66.554054
47.18824
27.450607
-10.313814
-51.893833
12.582482
-21.568434
-42.430695
11.071308
-125.42001
53.410004
-12.643442
-87.82492
38.82837
-4.316377
19.045586
6.159549
-49.960716
-39.758713
-0.5737028
-24.246368
58.45991
-50.040546
-99.53515
39.808228
-69.42296
15.266416
-20.652899
28.895557
-22.336252
-81.68102
-69.64681
-107.90648
74.46123
41.447052
-36.741653
-88.27837
-39.310104
-32.287914
-26.67359
19.809822
9.951522
4.069294
-50.362534
4.864522
62.352726
13.955242
45.267494
-72.19895
-18.372612
27.445732
-41.32493
-55.448704
45.458614
21.603153
-2.0061893
34.068832
18.44596
45.07824
32.1233
150.09285
59.808308
-71.2614
-15.052374
-39.34784
28.634308
100.385284
18.142977
58.689693
-46.437874
-20.083126
-1.5535674
26.497042
101.1888
-26.691126
-71.44392
29.48855
-63.099644
-28.506437
26.652914
-34.816692
99.580734
-48.88825
34.55262
47.42838
97.03148
-35.403717
-7.901499
-0.16818404
64.33511
-27.97962
-52.489285
59.971622
24.733149
10.162972
36.480038
13.884852
-26.340544
60.143806
-59.36452
-28.04011
74.45252
-9.284435
95.46826
-5.9033866
122.421776
-9.870364
-45.77421
-40.9771
-46.481068
20.00912
3.4609356
-7.5745792
66.26496
5.6011257
20.184616
-13.864542
-32.372665
20.484428
39.23844
-32.721516
-60.566788
-20.464619
34.219334
57.11768
-7.565149
-25.900482
-48.478283
-143.0195
-6.987486
-87.27345
-18.110136
-89.02625
20.847178
34.328735
-49.325382
-13.141343
-22.44714
-20.89653
-96.84012
38.49144
-54.545834
12.861899
26.60377
-67.24847
43.27813
0.8036071
-62.044582
-18.759666
-25.124413
4.1819806
-75.93347
-2.2017324
-42.634224
-35.8249
23.715721
73.734276
-54.277157
-93.59424
3.2230685
118.856514
32.344715
1.8894998
58.98174
15.237117
15.052802
-1.1630967
-79.097855
48.326912
-84.752495
68.543465
-43.546963
19.400703
-44.604294
47.06285
-15.743281
-58.62747
9.488884
-42.98683
-10.940817
-59.427525
-72.28786
-42.86843
-29.410107
4.3696513
50.072834
27.730244
-26.823639
34.06289
-12.021568
21.115694
55.427826
-50.422153
-14.349009
45.065666
-17.352646
36.14144
-41.982243
-51.218575
-45.204643
-57.154613
-4.5337095
-11.449791
22.081362
77.47299
5.80309
14.2237625
-0.0068879724
113.435844
-67.41865
9.747221
-3.042468
78.42875
72.766556
36.374466
-14.889008
-46.94511
60.339375
-63.547363
-34.02101
103.96513
10.055432
-29.760504
16.181858
-12.158193
54.865524
-18.315908
30.456837
15.493657
-25.774036
83.53161
-6.0043163
72.83771
-72.39582
-44.253532
79.811134
-94.88877
72.43519
-34.29606
81.53226
-48.97472
-67.37162
29.284233
75.39528
56.142025
-109.36913
-20.763102
-16.287552
41.813454
-73.72409
60.327065
18.087465
-30.309929
43.416126
-63.94827
-32.929985
32.180607
-75.089745
46.320602
92.72041
42.185505
-40.924385
44.69076
-23.535402
37.44849
-22.46624
94.28655
-42.886734
41.415398
-17.022154
-92.77939
36.799767
-4.5738564
13.064099
-56.643173
48.013447
11.705334
1.3888602
-76.48698
-20.368093
19.547829
-8.971032
64.55181
94.84739
-23.09836
0.029504657
-15.146993
-88.89096
29.170498
-65.63295
-5.075453
9.974604
-92.561485
-22.804363
15.8721895
-26.26198
-20.97827
4.4982233
-45.458145
47.784092
42.501972
8.793761
26.99239
11.254071
-17.793903
60.477993
-122.72381
-0.614745
34.57962
2.4851036
-35.30341
15.121307
-72.10426
-10.522711
73.70873
64.36736
-40.408154
-28.886757
29.018183
94.84872
43.835415
107.64694
103.81299
182.40802
16.932068
45.717316
-17.926355
6.1351247
11.243193
74.87304
18.149319
-13.258246
-132.96983
-86.19529
106.80528
14.526219
34.09313
-29.700647
37.17293
20.852978
4.8127007
-59.72028
-13.018753
-45.038837
100.94249
83.88661
31.349339
24.50573
22.273922
22.753492
-77.26239
-6.03651
-27.674704
41.581165
3.6333804
81.95106
57.58077
4.5288305
-17.131866
-60.01919
-38.266617
54.227394
27.272724
-34.79132
24.699825
23.780495
-69.147484
-28.844362
-40.513905
-56.41052
43.9376
4.1386013
34.42012
-61.90498
-24.082293
10.041628
30.08415
78.69243
-117.925476
15.43197
81.8287
-9.162678
-41.886658
14.380954
42.207397
-6.2642546
113.20455
-55.899406
29.398602
-128.73625
43.97503
49.687584
-36.081596
53.790737
15.956851
65.63837
-64.365944
46.553165
-103.9538
-23.148762
-2.4593883
-110.6703
-26.498371
-5.805591
-48.40275
-33.581512
102.05381
-84.523
-25.422844
36.04177
-61.821285
-143.83276
-12.852432
137.7175
-44.424007
-1.5920839
22.023592
15.7237
15.571805
-45.754307
13.978989
-16.665808
-1.0408754
-18.610416
30.096432
-53.066273
-1.7851944
-52.24099
35.71668
-0.06779194
-22.78614
-2.1694343
56.97004
0.87289274
92.13567
58.016167
6.911474
-93.308464
-0.41961205
10.731191
-58.74414
-26.38822
2.8721063
36.596302
3.0399141
-49.489273
-58.235928
-62.71577
-45.028793
-38.072083
-4.7513633
-7.870242
24.531305
32.836933
-14.525551
3.0696876
7.4144216
-101.4971
26.463099
-55.21774
-69.49194
-26.419498
52.74112
-19.989847
24.352224
99.97564
-11.809706
18.374004
136.06067
7.912124
-35.176147
14.226106
50.669834
-103.316
-32.629807
-9.830599
23.730001
-41.546127
50.272793
77.50573
-61.662567
54.81689
-34.35926
73.52899
53.29865
47.104504
-18.532885
-53.339256
-35.300003
30.543587
19.061878
-45.716286
-17.73768
39.04204
-69.86995
-8.433986
-67.131004
68.37685
3.4592018
5.7775383
58.766884
-80.93673
-11.824265
102.44746
110.097305
-34.892212
-30.419691
-12.996926
6.5150137
35.19712
-13.189163
-10.681667
25.943834
-23.936548
54.051823
36.963326
68.45088
-6.8350677
-50.597656
-1.4529715
-4.0860367
58.88835
-3.9877713
-77.1175
-20.779058
30.682232
12.795943
-8.448609
46.60631
54.911045
44.42816
-38.832497
45.397488
151.40907
37.5527
-8.889858
-27.055271
62.239914
-8.334653
-14.361389
16.486288
40.989586
-13.140901
-1.693975
-44.839317
-41.670597
58.55523
-20.390074
106.32972
18.711533
-11.195621
-16.815273
-30.907726
16.982746
27.772287
-90.71073
-89.9036
-35.74896
-6.869569
-27.718803
-11.211879
53.93804
-88.04291
-8.611698
24.306786
-136.20381
5.2670913
-52.55921
-27.18257
-77.7612
53.463585
-116.81645
-45.388588
68.486206
52.9821
-9.863943
-42.312347
-3.0607214
-54.74022
27.251118
26.793758
5.323055
-49.317398
34.985817
32.65302
-6.8550954
54.590004
-108.21526
26.750956
14.010508
-8.822578
21.347462
-57.761658
-21.425823
-100.33543
-38.93882
2.7034671
29.85286
36.72896
19.415329
83.921
88.485405
-48.806244
-58.080044
28.903769
36.78039
-6.747572
-17.042217
55.268417
93.4841
-5.987976
25.015173
32.02304
-74.22909
-30.866154
-36.001064
-18.501165
10.413659
-25.187075
-8.233776
-60.01677
-18.420706
13.733833
-16.524239
-16.721046
-37.29413
-105.56177
73.07564
-50.418407
59.610138
-39.450855
-56.591885
16.423965
-63.157986
-29.654833
-39.147533
42.431267
-39.853153
-40.6918
-7.5550833
-18.582808
-21.597872
51.569035
-16.776997
36.430946
-20.023823
-20.463655
-102.00973
50.38397
-43.58832
107.73846
-57.316452
16.523289
-67.60577
21.896648
67.3597
31.066483
-24.723118
89.52106
10.638683
-64.94088
-28.666992
-67.855255
-30.106754
-12.4957905
80.40743
-18.471827
10.298224
-111.26054
57.241825
-67.314156
48.159195
17.150528
-56.241432
54.878746
24.92927
0.068133116
1.5313848
-74.149765
16.640287
41.930912
-49.235462
-65.084206
66.06655
-46.55668
-10.604544
0.5382843
24.689234
28.49035
23.076077
-57.507896
35.015144
-53.01252
17.733047
26.316696
12.980477
-47.17037
-8.500629
-26.432518
14.005514
-14.954234
-38.087868
1.9851801
-68.48613
-28.512417
49.35752
-41.977856
86.74816
-0.6069444
-19.40912
-87.653564
-27.7176
49.99226
139.13176
-14.06801
-3.4625793
20.761879
-19.672749
-37.982494
24.751293
48.205383
-87.034485
63.486305
20.140272
-28.263567
-38.077866
-131.36438
86.736115
-26.882027
14.648336
-101.99874
89.427895
33.022686
-53.445366
9.751455
86.31075
-59.171963
-8.383828
60.22981
73.397316
80.181854
96.8751
-47.90078
-2.7392795
27.48796
-26.28688
16.889633
-5.4301033
-87.44668
11.484063
17.271221
-22.04201
-26.316711
-40.034744
-63.513847
-93.43659
27.12009
71.23294
-7.764165
54.63247
-30.39465
91.50698
-84.786514
-29.553282
-57.072166
44.435654
70.95362
-47.16184
41.09291
34.682793
44.604633
-149.76482
-64.67149
65.3503
-17.28254
32.389854
3.0985293
-18.684916
-37.426384
53.935806
-98.544975
-40.3354
9.729898
45.251095
14.548513
22.142311
55.26465
83.389206
-1.8337574
0.70628476
-19.30199
95.59428
11.534612
-49.22812
-9.222837
18.466002
10.0944195
24.640526
-22.859623
1.9042786
14.367919
3.838931
-35.47886
-14.363522
137.51271
-10.952753
85.12013
42.65529
15.454663
26.922985
-70.17909
-7.857891
68.98557
-54.61437
-61.723793
-89.322266
-9.099838
52.992332
35.595905
-13.635448
-84.94363
58.32565
57.511436
0.36283278
-1.1916027
35.604763
4.2372394
-25.47627
17.114666
-31.765621
-52.44012
1.3778458
65.22946
-7.718898
91.80345
29.577887
10.93269
-8.081049
39.537235
-33.134796
62.78664
2.980561
10.939843
29.115435
62.312172
19.385185
82.707184
-31.89422
38.24487
36.90054
93.72493
-73.76827
6.8569756
-21.809547
-79.48332
88.679375
43.758278
-89.76893
-13.086248
-27.511288
20.014885
51.07971
-13.921328
-69.54902
8.952344
75.94871
119.53568
84.20394
-13.103089
54.140915
-33.823536
57.09066
-20.68103
99.099144
15.506139
-39.105907
-76.55704
-2.223168
-38.351902
97.20729
25.243124
8.707336
126.29776
32.053524
62.907936
60.014492
28.595074
30.146284
-147.3719
-11.240317
130.72144
-26.729046
-41.165245
-9.239408
63.84646
-24.993998
97.58278
-34.2523
42.507927
65.5798
69.099144
-73.3565
-42.518955
87.06234
-117.10087
-47.510223
-10.0709
-22.814886
46.399704
-117.60834
56.74682
-78.13619
25.729107
2.982067
-92.372696
-5.587097
78.272934
24.236946
-47.53016
26.801544
70.799576
-45.835373
-31.038507
43.679333
-35.040714
-60.669674
19.424599
-56.615566
27.349241
16.32719
45.194523
30.825214
101.71083
-26.116758
-15.704677
70.25346
-17.720036
3.9268076
28.97933
-104.7543
-80.41849
5.54831
1.4177011
-84.439095
96.570305
33.92705
-20.721401
6.308859
-40.600307
-29.581753
-119.75022
-69.413536
-103.00306
-8.680329
-14.917617
-19.16602
29.864899
31.268133
70.25109
-108.120964
92.801414
-62.31089
17.66862
52.235218
-31.727121
17.28629
-14.824414
24.150618
-38.074223
-51.386307
12.888853
-43.237343
61.58773
-114.25626
44.72065
32.034096
-28.2005
13.542306
26.363138
62.756466
4.233949
27.595934
50.592224
-2.5181518
-32.641674
-71.75012
-44.430695
9.585928
16.944946
-20.600176
45.333492
-24.47273
-47.86373
40.982685
35.019142
65.3522
3.1132205
40.67757
62.508274
105.29503
-13.970813
-9.396748
26.872377
-89.43089
-11.3555355
-26.294275
27.478758
-14.6943865
35.418137
-46.78492
-33.423378
22.834902
-11.110374
-84.66744
-31.51375
13.885761
-69.05323
-14.459721
-44.26179
15.112527
61.59198
-26.030403
31.432013
-117.13908
13.62373
-5.6094265
98.78508
28.207342
7.208849
45.393093
105.258156
16.077942
123.22704
-40.16385
-6.0226173
49.613213
-31.256956
56.023464
-87.230675
1.9870019
-31.233759
111.38766
32.222572
-50.574158
-15.162944
64.10416
38.80992
-67.33239
-63.41101
8.870265
81.86307
-2.8757393
-10.49739
1.3890566
15.36175
-62.132328
32.475628
-51.487473
-41.74534
-30.776924
-14.51906
7.633711
79.26785
-35.09597
23.0521
-28.201576
31.932453
-33.88779
15.270913
14.558106
4.74512
92.25878
-20.453234
-107.500046
119.44
-10.224238
-19.454678
50.288223
-105.901665
43.60757
-8.580026
-41.503185
25.612827
-31.117828
44.039696
-66.56807
39.220715
-39.585033
48.602516
0.018551469
-0.12389618
-37.645157
63.36253
-9.549133
-105.0336
-25.693607
63.51824
-40.6239
34.53483
-42.217445
1.9500599
-56.315197
-42.793922
-33.991543
-101.09714
-9.213887
41.71744
-46.79175
-27.391819
30.96642
-47.023106
2.5802298
-42.26096
15.290043
112.083725
8.540812
-20.65021
135.90321
35.95334
-17.254772
7.56469
-60.213566
-80.94881
-0.15266567
73.942924
76.43944
34.76808
-11.844461
-7.004568
-42.856415
-8.698012
50.62865
-96.029724
52.819115
-26.34437
-12.519308
-25.550892
103.25222
17.010818
-3.7584038
-70.14105
-110.05719
-85.26374
82.92859
43.478157
-73.69907
-87.53579
-18.798975
-12.668823
49.79183
-24.119438
91.06238
-29.856434
-52.28036
-19.845575
35.34401
-25.91377
-50.944794
-45.5313
81.5453
35.991657
4.180813
-24.020119
-35.495514
-83.106606
34.013607
75.28822
-27.503225
-92.73965
-70.350365
-80.1224
-38.964222
35.456955
67.59697
-2.7328014
29.467304
-1.904095
-21.821583
-20.617481
-17.120062
3.266746
15.83261
-39.64063
-57.103836
-1.0575358
-23.149233
-20.23132
23.290064
83.630806
16.21491
18.221663
77.17115
22.155283
-20.897602
-0.0053576827
71.36678
-24.010675
-43.8783
14.505577
39.962803
50.461834
59.242992
-17.252787
36.96005
-27.716091
-46.0492
48.504066
77.2133
-21.980778
-3.7677016
-29.088175
32.9066
32.514534
-30.34784
28.90379
-52.903194
27.818111
-54.028923
23.284658
-28.020557
-91.48806
-21.628904
91.86342
-61.885017
0.4253909
-52.583153
106.27853
19.745028
85.434395
-19.860376
-10.466852
-110.66733
-85.26049
42.962967
-44.476673
111.64637
-70.17008
61.10865
-20.399122
-9.516849
-24.134954
42.849255
64.167244
-11.451103
26.348452
-6.907858
86.64423
-8.923995
-41.697453
40.881966
-38.50767
5.3649616
40.296093
-7.688657
-13.399073
68.786995
-38.96298
21.103643
2.91196
29.721981
36.923218
-1.9038913
0.105397105
-50.95245
-4.6809835
-5.238948
-20.767588
-6.402764
-10.21534
-16.924364
34.021633
-28.29511
-25.004618
39.833496
-32.973286
-20.356865
-14.677557
27.798294
45.273502
48.24481
-15.823368
44.676727
58.764996
-12.149853
14.576854
42.747158
-12.789405
21.580023
-39.523
42.165066
58.522133
-4.8670087
26.618954
24.392576
-5.995134
-78.61014
-32.649117
31.806206
-10.198579
68.1304
-41.77775
36.592377
29.649591
11.892793
91.81899
-31.908337
34.87063
79.0182
21.60896
97.73486
19.595356
-24.777752
-24.03381
-16.045963
-59.377254
2.1736913
83.201004
-75.4798
-27.383043
28.704697
72.4467
-29.334822
-102.83566
-21.203815
-79.17516
5.780221
31.764061
-44.36153
-123.9896
-11.741436
-102.06081
17.031239
-124.293976
-27.90629
-100.71693
-32.61182
-8.761963
-8.379647
-78.96258
25.901981
20.754097
-54.44536
11.449919
97.14256
-71.09554
7.6825585
12.836381
-31.056723
-40.199673
-39.314217
30.409157
4.2878137
-5.6236076
63.005333
-157.9114
-67.65394
27.894793
19.032482
-11.243909
-23.233553
6.749245
11.5134115
-42.563076
-7.129245
-56.157154
13.42599
-24.083973
57.89739
-72.280266
63.718426
45.887146
63.089077
-10.128056
-75.092316
6.553131
-38.850536
-78.41797
2.4317198
-13.61701
64.3711
-48.244934
-77.64837
45.026276
33.986443
-84.56604
49.323643
34.02682
-22.66418
-91.19861
-50.830986
91.24735
35.70582
42.885113
-30.455122
24.60064
-49.015343
13.304447
-27.958597
78.62903
-40.421753
-51.563213
-66.09021
-107.12799
118.381325
49.285965
-4.690809
-19.243267
-54.07687
0.644632
-29.04813
-32.790382
7.2579694
25.992697
-39.02006
46.907272
-100.309204
95.06779
38.344707
-74.71537
80.943146
10.689652
59.78934
-57.05349
11.2099
-30.89179
3.3628883
-29.586967
4.420084
-17.252943
34.6138
14.408388
42.14808
-20.284208
50.04391
88.286545
37.48333
12.53507
30.957775
23.051178
-22.563622
24.00315
-8.928479
-25.767136
-46.03492
-14.454305
-50.918247
-34.91677
-77.136955
28.526386
26.604784
-76.10824
-62.649002
-42.405155
74.291176
68.141945
-20.71942
-2.8779616
-4.3521
6.3771596
-5.329381
-0.24698198
-23.311481
-99.04938
-2.0808825
-29.052277
43.956516
11.130782
86.28156
11.716203
62.674545
-14.605943
16.602499
-44.957893
-22.007954
73.61376
18.40968
69.42398
83.03311
-6.662424
-32.930042
-28.506598
-0.76329684
-8.078849
21.191017
125.61731
40.84265
-25.458921
81.46629
-7.849436
14.884591
40.9626
45.859306
51.934395
8.031153
5.9320283
-57.579075
-64.77417
21.54567
92.67409
51.317608
24.953676
56.802357
10.686278
-8.039276
-60.02033
-54.842716
63.64776
-25.219452
20.07233
-8.0898485
100.45308
-75.47062
84.75174
28.368431
24.883177
8.3963785
-18.196192
100.990814
-35.14972
-99.172806
45.06693
84.268456
-66.86728
62.710873
0.71734333
35.918133
-79.89793
43.083298
-21.955917
-32.074112
22.723804
-21.386137
7.7614255
73.94328
60.91745
-4.1350484
21.188944
3.0506318
27.493618
20.833174
-56.59455
-103.28306
38.64166
-24.824963
-28.348959
37.8415
7.038541
-36.65839
-77.28458
-41.56841
-116.158226
46.166843
-126.871124
2.6350746
-43.200573
5.4551077
28.03693
-25.985493
-102.61076
74.14418
21.540876
54.99167
-84.73851
3.0422106
-12.062489
96.345474
72.8946
-55.236004
10.474172
-55.411137
-76.43598
-10.423291
-23.071426
-91.8055
-110.62756
-21.662977
23.671352
45.512005
-14.326122
99.25485
15.618886
-64.09459
-10.9022255
-61.374096
-14.227222
-30.503716
-57.500965
-101.54451
64.06753
-112.406006
11.0793705
80.00535
-81.12787
52.421345
21.724705
101.06562
-12.224399
-14.681203
-22.27777
8.763125
53.789448
77.02215
5.3259993
-41.873497
-2.471857
-51.307076
130.78558
-55.62308
61.440735
-6.420657
-25.714783
74.25934
33.541847
23.73266
29.169273
59.831993
-5.437273
-52.082684
-30.868341
22.876474
40.263977
52.52917
-95.45021
62.58244
20.320255
51.568794
190.84561
-0.70683706
-19.302853
38.411602
-65.99064
90.40562
7.851592
26.193384
61.471188
46.055073
14.875488
119.01644
-33.074554
48.25644
-82.08539
-29.799122
-67.16687
-26.858353
75.90084
28.488752
-15.620467
35.249428
28.228415
12.069634
-76.46661
16.832134
33.20038
100.12263
67.95578
52.694927
57.211372
-6.4255877
24.386204
-69.73285
59.637012
-34.14183
22.098192
-9.230108
70.37988
41.56491
-58.17145
20.6791
89.67381
-98.014404
74.338486
32.234146
-16.777805
42.89171
68.9849
-31.033926
9.319763
-23.432863
-56.204197
88.92177
25.478476
-100.42919
-64.47597
87.623405
23.200136
89.17918
41.78793
-20.625614
7.624517
62.83483
-36.61215
18.648993
26.038609
14.753679
18.21367
3.8408105
-9.919161
84.328384
24.913101
3.584493
-81.60001
-4.3817964
68.33799
6.7610965
-80.80338
-17.189905
-32.410397
-20.986324
0.4258464
-64.36261
-38.220837
111.05772
-10.470181
56.157158
-119.35148
-26.172314
7.6153483
40.39751
-81.97336
62.954674
-6.020182
60.658146
64.68369
56.618546
-72.220955
1.065212
-74.89542
-62.45998
-52.468884
-20.825968
-54.163475
19.339426
21.282846
-53.88698
-7.5572634
27.878916
5.2194514
-141.13799
-27.19783
-53.690662
45.966694
53.326633
48.153893
-1.1140068
-77.674545
54.830353
6.517821
-19.04502
43.858803
-56.051186
-31.085604
6.585067
-63.365353
78.25424
-77.095726
62.80833
-20.851433
15.219717
21.722279
-0.39898503
29.60745
61.60452
-72.66247
-27.831173
-57.494423
107.72727
-33.592007
-59.212246
20.41962
33.463642
-33.949554
-60.170956
34.836094
-71.58306
-29.768644
-13.914081
17.45583
80.16576
15.666375
32.099083
6.9184666
4.8515363
-44.06049
9.811909
-7.6308722
68.39041
74.3081
-10.881037
-57.806946
54.769455
39.27789
50.27079
38.338257
114.72594
-3.8294888
-52.638973
-52.730457
-39.823532
-96.16597
52.363995
8.0896
41.795086
106.48561
-45.433746
-0.573737
18.88336
67.45833
22.69211
-8.18322
4.753632
59.324196
138.35135
-11.950064
-24.824188
-42.534622
89.27899
40.80422
-24.052383
24.112322
-38.802826
-10.927324
26.086458
-38.442604
33.801964
24.690853
-24.136078
-21.085522
-12.203461
-41.627506
9.675631
-22.324512
35.196545
12.753942
3.0155258
38.565723
86.89962
-14.067304
3.740711
40.057938
-44.588078
62.653847
12.771122
-12.337133
13.057916
39.901207
-12.375795
-66.40979
-25.105011
-80.55875
18.445328
-62.661507
-16.133705
43.55034
6.6334095
24.640047
28.587963
-26.176577
-42.48004
27.052755
-4.1776843
107.30173
-171.55943
-9.189545
-57.11188
-66.23886
-46.286743
-6.313872
66.90434
23.350676
-1.5543665
-8.008115
-59.01362
44.055832
16.238571
4.9857726
-78.49263
14.872409
-82.899315
39.92889
30.982897
-29.766918
-3.6763277
6.904086
-54.75908
-10.840442
20.23951
31.451538
21.18481
25.808838
73.24047
95.702866
79.99253
18.66761
133.19998
-93.131226
49.00036
-31.268219
86.24793
-14.261253
117.69235
-56.29028
57.75339
-50.02392
-15.080069
-67.131744
20.447407
-135.8129
45.199535
51.461643
-142.42291
-29.124231
25.57632
-57.67122
-17.7426
24.271385
15.0461445
58.136887
21.539425
9.022875
26.163288
-24.031696
118.04826
-9.1127
30.105103
30.757534
86.50642
40.106503
3.441412
-33.025143
-27.59638
-21.504066
-28.982595
-31.487816
-55.271767
33.754055
15.85548
-2.22524
16.857464
41.83939
1.9974734
-36.178688
54.264816
-10.14377
35.59313
-38.25585
39.497425
-3.6113262
-5.3357577
-37.301365
0.30599898
25.623177
-64.71271
-65.521576
-20.666315
-80.655396
29.496294
37.24505
-2.9448783
-52.61963
62.358913
8.403379
-5.485953
-13.176383
-69.29616
11.396736
-36.162666
-6.999775
87.80488
1.1379666
-72.895996
-11.82113
-19.301275
-115.05342
9.316073
-35.641766
35.605377
-68.26765
-0.62441313
74.17047
-48.696064
-43.82483
109.25316
-36.382504
-102.85868
51.67351
-65.054016
-7.7591324
-79.89308
-29.365067
-35.134583
39.93097
99.77697
110.04914
31.624872
57.761227
152.57458
124.42407
6.9206734
-79.27456
9.353927
-44.909424
-42.501366
-154.72911
11.208567
-69.41908
-54.262817
5.1281595
-0.31761682
-28.273272
73.30367
-47.980526
-23.027119
-15.118094
-44.500664
-98.84506
-76.48878
22.960733
-35.480133
7.8976736
61.16739
5.8204904
-25.606226
67.320724
50.957253
10.756917
-48.58486
46.142982
9.299957
-63.379223
92.86508
21.904192
33.293514
-47.73039
-66.2159
-24.913702
-107.117424
-2.6121168
-45.09324
6.073068
42.206
-25.93569
4.261025
8.354051
35.1457
-6.7850966
-41.832714
71.4996
-38.185757
65.645744
-52.73807
18.274565
-65.89458
-32.400066
23.498165
12.235903
20.180073
-67.62059
-36.95157
30.153927
-56.797607
86.244736
-87.97966
6.0370564
-36.83692
21.161592
24.089886
-41.139606
-77.29601
87.197205
-10.019518
-57.894382
-119.58337
3.2985108
-57.223083
-99.14004
-57.78581
-23.811335
-52.599266
17.323397
-59.89769
3.9364786
-69.72479
-37.870636
10.147144
0.046714783
-33.454937
8.242185
-9.913854
151.84149
40.05876
16.038813
24.863792
14.050144
-32.07658
3.0244546
-0.31968248
-98.96346
40.382816
19.302912
16.378126
59.606533
126.03914
34.261585
114.27329
-24.707787
5.230055
-90.77896
-38.99719
10.4878845
-91.66933
-19.920952
3.1041865
20.646898
91.51636
-11.376826
90.950836
29.74018
72.234795
-108.80818
58.55288
87.40961
40.933746
-121.7723
-26.084106
-41.01965
15.348618
64.24413
20.098362
40.402046
-35.7289
2.0421367
69.54284
-40.269333
-5.0269737
1.7841208
-56.090958
102.075294
-11.303192
30.233051
89.476685
-22.424196
-30.799965
77.33589
-37.297127
27.669243
-53.91801
13.771845
-102.21404
69.22522
-55.00601
-3.5136518
29.145058
23.81054
-62.995106
5.1062913
-118.46319
16.047562
-55.05208
-2.4178214
12.438961
-66.23042
-77.87731
-0.45553622
93.47298
-10.996369
45.917076
4.729244
-25.686144
-47.1313
-86.24627
69.81856
37.232906
-1.4022458
-35.105644
-111.736786
1.6472982
41.452023
67.123924
-86.57331
-52.598076
-12.603971
90.33448
10.917315
-4.9684086
56.162296
25.006582
53.957474
19.822556
-90.88037
-25.680952
37.11862
30.471767
-57.573063
50.80573
111.41865
18.850056
-36.99929
81.92242
-12.856486
69.56273
23.624279
-26.153322
10.727061
83.51652
35.225777
34.940662
-26.689077
-66.917854
31.087229
53.793293
164.5384
4.417371
-65.54046
67.5666
59.09735
38.522243
-75.82785
-30.656765
-46.033745
23.084042
-10.090619
-46.533676
16.402554
0.49511755
-35.000034
-55.48764
65.01357
-43.197224
-2.0924454
2.194818
-62.120815
12.486656
33.02556
-31.630232
-32.898994
-41.63052
19.32128
8.616435
102.23522
72.06683
110.45639
-16.22111
7.7722783
-12.229475
-71.723015
70.8149
128.83757
20.86188
55.051884
102.91887
-6.217658
11.92202
26.77361
-5.176561
148.51717
-115.122475
85.13433
-58.524185
8.995103
-22.814001
-0.8607805
-71.07794
-7.640389
31.884525
40.9444
-126.52805
-55.56245
23.085766
-52.12721
46.123497
-83.87945
-48.831932
-56.745735
-79.76077
43.027752
-3.7707744
-43.661564
78.49546
25.270359
-6.9380827
-23.172836
77.78919
-56.821262
-27.897135
-47.09469
148.94473
22.43997
43.15771
-17.050564
149.12112
-46.31806
63.78887
7.2942543
-10.177474
45.142944
-33.687786
71.868195
35.202526
-41.701427
-65.8077
2.3270702
41.458675
105.51341
38.835
72.10328
-28.184435
-46.862
-19.244673
67.167496
30.487057
49.358772
-78.13616
37.036526
-19.008154
19.534237
-36.964935
22.566906
37.31573
30.145437
4.7280188
88.19456
-15.697738
88.81756
111.848976
54.273514
-12.6283
108.25279
23.310888
98.65435
11.903274
-12.000783
20.685535
35.323223
38.276062
-53.31296
35.156788
4.777137
-36.081963
20.823833
20.0889
8.039861
-40.016006
-14.672422
1.6425911
-37.893715
-56.538673
11.379384
1.0294788
52.5479
-3.401748
-22.760176
29.58588
10.782856
46.901405
29.423563
89.05473
-0.0380677
73.30126
-21.99982
10.950038
-8.761704
46.3741
95.52442
59.02893
-40.559757
-7.829288
-116.64883
37.50236
56.078884
-2.667365
-22.146673
-28.550234
-69.41156
8.074484
42.857456
70.98224
60.33103
-51.15206
17.949862
-21.993578
4.39957
-34.74804
-27.467981
21.340714
5.8261275
-35.849705
-44.346027
-10.191891
-148.19363
-45.56817
149.3585
-12.9846325
-24.618864
22.633566
-10.861842
37.89856
37.283478
-3.870831
-44.221146
-11.20049
130.66614
-23.207058
-47.636776
12.391378
-46.068665
6.433782
72.02492
38.253895
-3.3102825
-89.81921
-21.407553
-35.064426
-4.8709383
29.362282
46.31871
-12.719927
23.779018
1.6647567
-15.582693
-27.912354
-9.259215
-34.55491
-56.840553
-46.159954
66.248116
27.66945
29.271244
65.94488
32.59354
-11.152167
-126.8167
-19.631166
-46.012627
-26.005733
-103.91097
44.109768
25.980473
31.396107
77.20484
50.08661
-71.48169
-52.071228
-12.125101
2.9097185
-34.802826
-1.3676425
-43.913868
11.618758
-20.884176
90.53699
9.204803
8.5407915
-51.575607
59.590218
-20.05899
-17.020632
23.88842
-17.660793
56.851624
-1.1955488
9.2732315
-6.8610215
48.99073
-51.43517
-66.158676
13.798837
28.076946
37.577873
-2.4897592
51.94556
-36.148483
85.3676
38.100296
-14.79479
33.78153
11.628959
21.243246
39.96628
7.044556
-45.21754
-14.103354
-43.623085
-47.38995
2.768372
42.81705
-83.2061
-33.807095
60.16688
45.27096
35.30236
-26.473272
44.514095
-68.618744
-3.9680276
-47.627453
39.507195
10.218419
-17.533457
-33.89805
39.571472
13.610586
-100.390175
-0.35986578
33.93371
-62.008877
-91.412155
-10.374216
42.74926
48.46282
47.751762
46.153114
-35.79269
-97.87216
-15.129986
7.0795918
-2.6359417
22.571619
-99.51841
-11.650513
49.72297
31.996723
16.644354
-61.19171
-49.176796
-4.5164022
52.700184
-90.08779
9.008207
-63.669277
41.85187
-36.851345
-10.8476095
-2.7260838
-81.904396
51.68733
-25.486656
-18.710012
-52.784756
33.06935
-12.785221
41.704967
47.80641
66.63083
0.06684804
0.77442074
75.68575
88.39913
26.41712
-37.439335
65.481255
-59.785843
24.224417
-26.677761
-48.08455
-149.98561
-16.34555
-45.28383
26.19233
-21.517511
5.653834
66.29153
48.33326
-12.814707
41.63511
47.927937
6.9627523
-6.71363
-11.642674
23.122955
-74.73691
16.505943
-20.260048
30.088379
2.8986425
39.843624
14.36317
-19.606592
-6.002969
-65.84368
-21.633087
13.684254
0.95510745
-39.20323
11.114635
-97.4163
64.03415
-56.734295
8.015494
-8.128604
-44.26243
22.486443
-45.33939
-6.8950825
68.37638
28.427322
6.6210485
-12.615279
-1.0437053
-89.6008
70.400536
93.02294
50.159317
-83.74889
33.541325
-47.986332
-36.329155
69.92905
-34.346527
-75.73999
-41.459988
-8.053115
-40.92156
15.739873
37.992424
-82.67992
-0.41656405
53.479626
-6.265067
-36.778053
-0.2697479
125.70289
48.22921
42.650738
26.58192
28.927563
19.987394
-23.588886
-111.73479
20.280075
33.282547
108.17743
25.62401
17.07357
69.48874
2.4665506
67.04682
-58.002018
-60.991356
110.89289
-23.084156
9.623192
-49.68805
40.854134
24.860613
71.52231
-50.661564
-90.83468
34.95562
24.093918
45.472546
15.987301
76.32436
34.408745
-53.376778
2.3626854
-5.2521877
-30.541416
-1.366712
-104.81229
-88.879814
6.9259357
49.27919
11.747269
-5.8499722
-90.03845
25.374285
-61.83928
-19.236183
25.2559
9.665906
-16.217037
-8.559568
-81.276474
25.586899
57.279556
6.560259
38.937557
-30.041279
-30.588951
93.78421
-83.398605
6.842737
-37.93477
40.83717
-43.516342
-7.704056
-31.969826
-1.9875095
41.19529
28.88302
-5.8713255
-22.557194
-21.717804
50.500053
80.8495
22.263033
-44.149426
-53.4467
12.548262
34.042725
-36.42691
-52.324047
-77.666115
-11.060667
-71.96345
-28.544962
2.0289588
-39.89041
-17.571503
-14.84064
85.58784
-11.585791
41.717197
-35.588078
57.06736
69.48232
-12.772777
-4.8125267
84.09471
22.502342
2.1032495
106.93665
-0.3710518
-56.99777
29.493696
-4.6136317
-6.5955544
-33.166656
22.725462
87.17621
-35.59848
88.934456
44.599716
10.204159
1.3633643
-13.363015
68.5958
-30.577616
12.518814
1.7846825
113.48696
32.28059
-28.945461
11.71309
53.38187
29.82974
46.25096
-22.886269
42.03062
-24.79449
-85.46602
-3.478528
7.6688404
25.118128
-27.948383
-44.592564
12.0709505
26.541353
-47.104267
4.1686783
-14.0167885
28.703547
-15.262536
93.72429
28.987274
14.070479
-65.72303
109.342094
35.736378
-50.272655
-55.207226
-32.794018
-22.068785
50.275776
31.416752
-52.226547
27.67093
28.06052
-17.32284
48.19448
25.830748
6.863362
32.005634
-131.10025
41.325912
-58.92494
27.69219
-58.78995
-12.964942
-65.607635
60.1951
-114.43205
60.86375
-11.730427
-13.272002
-17.878546
59.061504
-46.29519
-103.71061
71.52746
-70.88734
-32.63227
71.47969
