108.56349
-45.760296
-112.38824
-377.00436
-60.2036
429.3716
144.7364
-382.26358
60.502052
-299.1106
58.36629
-81.66852
149.4237
-259.22382
269.35773
359.7338
-111.44597
-72.199165
-83.937035
-139.27428
98.18866
-0.9080622
28.354717
149.77977
65.62919
-20.788664
-149.38316
-46.627644
378.2766
-2.8635106
-301.86255
344.81482
-140.13963
462.74567
84.84636
104.574165
120.25592
41.453117
4.856139
-444.07217
86.9558
91.218315
-185.96808
101.27147
-76.13727
-215.00594
325.68375
597.7578
-228.80222
81.84453
-32.05419
-270.7219
149.43047
410.5897
-59.05279
190.4765
-134.4423
38.30083
11.788058
-207.56471
-273.64886
-294.40994
317.63007
99.23489
-57.552685
-29.922052
-135.76604
-67.49469
-167.70299
-135.93056
-144.12935
-366.3407
-55.023468
-145.8251
-226.03673
79.69779
146.87047
-385.31293
-78.68952
85.73693
65.21075
-92.54745
128.11316
-186.58847
-1.3799622
-420.2015
181.54492
-166.44331
113.57753
191.3249
-413.32126
-181.3741
357.04816
158.93549
267.16016
317.11804
194.09164
196.62384
-37.44343
-5.428078
-203.22136
-104.5551
36.455357
9.310111
53.608025
271.0234
66.819496
148.64339
-132.13432
159.13551
-120.652954
192.96822
-9.738072
-159.40309
402.29358
-197.67245
-123.95178
-19.352743
165.30217
406.63492
16.601543
-616.0218
-40.938156
362.8103
-128.62918
-219.90306
-123.28794
-4.822358
-158.99141
-63.909557
-399.59097
79.613
-111.213585
-0.10800445
-245.66312
-465.08142
3.9846513
281.9487
394.72488
-145.18253
-117.62934
14.289802
-129.12819
-72.2271
-15.468388
94.129555
-317.74078
-87.53203
259.50677
91.733734
188.03094
77.27946
248.1128
198.26562
-61.025833
112.57388
13.856605
-21.765558
-380.90686
-546.24084
-91.7738
-74.57188
8.546942
-113.88989
40.959373
411.86664
368.8059
358.8011
279.3476
-426.69983
-420.34036
-239.69495
99.530365
0.15082014
-166.26073
-285.05484
-2.8260999
-241.08398
-162.1569
48.93188
47.571182
254.59558
-6.100178
-37.760536
68.01183
19.15593
-46.86505
-12.764529
252.28468
-29.313726
-212.71463
290.1192
-9.518211
-79.42048
-72.212654
-9.466201
26.154556
118.951645
-157.05418
92.94583
-58.01564
62.58594
-56.335743
385.39468
88.26473
98.97774
-553.15204
122.873474
-65.89815
125.28361
-4.9946966
379.63013
9.893234
245.2426
74.009254
-39.245876
149.31233
69.82684
249.16217
-57.21608
69.244064
-355.05292
66.64798
-182.67328
391.0523
-75.340935
-16.991222
134.45027
452.37778
-322.41672
80.5879
100.355965
73.80044
-58.388405
-339.87833
-211.41318
-290.89194
-184.7854
91.54102
-186.19623
-121.46853
-123.003
-190.21973
573.8578
-157.4991
139.81076
30.9462
-109.94419
369.4918
295.7939
40.712418
-269.7779
-223.97186
-140.71187
-293.95566
-326.07996
-143.44673
66.2552
112.07543
129.73335
-405.58276
-225.37804
188.40285
-282.82233
147.05882
-131.47612
-93.5872
-428.73972
-206.16801
48.13187
177.19301
-197.94586
1.0752866
329.4628
-534.507
-0.80801606
230.51321
-208.93683
41.258358
-169.0963
238.57062
83.72959
-6.8568196
93.72301
148.33212
-327.43115
-111.692474
-31.743326
35.13846
198.90439
-320.1933
14.397586
184.0139
73.801056
-114.546295
74.13555
-308.9314
40.70091
97.835976
-30.509167
4.1646986
-323.91586
74.165276
-126.209694
244.0159
51.135178
-316.44812
-197.16005
28.144444
203.20062
136.3534
155.0968
-128.96776
-195.90936
-145.66512
58.19364
-41.15942
-103.67684
-355.97168
-97.84298
-260.2542
-95.86405
206.08153
-231.07701
-287.17343
-10.555766
125.44141
-372.34897
-211.17749
63.7687
205.93225
289.88443
11.027035
-22.510323
-128.12885
-216.70686
-96.62237
-65.066635
-81.56106
-87.96877
-104.04195
35.85218
58.41684
78.35662
133.02623
117.382965
173.07178
-176.07898
166.8323
214.55315
219.20706
-158.8436
-41.26434
-181.19417
-99.50315
86.49322
486.17197
8.649946
-115.96387
-332.8311
386.6474
-238.72815
-58.303875
-499.681
26.107347
347.7894
28.378466
78.3251
17.670105
227.76256
165.44829
193.14626
325.25278
-161.41512
27.372955
-67.24491
36.822487
364.9819
-6.938
-146.57707
163.58804
159.38757
-50.243122
-225.39131
-110.57067
-246.59413
-186.38272
33.771225
-259.95474
-122.69815
-49.25715
-35.17794
284.91458
3.410658
-100.96049
0.7863563
201.86472
46.37669
-81.21847
-367.3649
205.60483
25.64112
-130.01276
156.48317
139.74257
-208.04167
52.552265
345.02872
-39.011143
116.184456
-120.33971
64.2987
279.1201
-112.57009
224.04956
-287.95517
369.57538
-436.5049
272.44415
104.80509
155.73753
-176.8872
-355.19437
288.54486
62.41759
12.937325
-163.09871
-238.91344
-136.47713
130.42105
-33.732338
564.05054
-187.80243
-119.876335
-403.484
-87.506836
-313.67136
130.7273
277.93533
146.00737
10.897413
117.29173
25.417944
617.5519
206.90039
235.35922
127.578865
263.96106
-66.266205
-165.30786
-155.64357
-176.39197
360.0122
-348.4096
-226.06685
-415.63333
101.45874
481.5993
-203.44496
-12.584049
-168.75589
60.345016
-91.880165
-444.53802
-179.96315
125.07633
229.5103
11.839052
-37.633694
-92.328255
242.23653
-12.116902
185.99951
131.54623
-244.2263
-125.020195
-237.59848
-130.96461
119.71649
252.31824
-361.5507
83.28291
-20.094107
-153.56107
-340.3432
-444.09174
-96.76155
142.0022
-114.25806
199.31412
-187.32349
-310.29025
114.64915
-250.49689
6.0199394
183.74336
-165.47725
335.16507
150.75342
-110.415565
-1.4408865
102.486206
-372.28717
236.48796
-390.83862
-218.99213
139.34528
68.3549
247.59265
132.19649
-149.54721
-437.50607
55.09273
-37.450848
-228.8638
-173.96376
172.47913
158.35262
-258.27664
12.330931
22.899658
34.59929
-15.335079
62.98673
-268.0724
-183.05168
53.596336
-166.88731
297.89673
124.82228
217.2982
23.131424
118.84408
23.765059
191.78171
137.20995
215.5945
-204.76013
255.78969
181.64851
258.37497
-60.49559
-90.13132
118.683365
-87.72276
-15.939959
-480.10678
100.39467
99.394005
107.92425
108.95558
180.99861
353.9139
111.733826
85.42923
259.58038
102.21523
5.1758647
-49.270176
36.96415
-17.989727
205.87863
391.3189
4.837924
98.26601
205.45616
-142.47049
179.30836
281.05612
-128.55782
-391.25897
-79.60026
-375.92072
-112.8192
41.340252
-141.88464
-367.2352
306.25842
9.462366
-123.77318
233.09627
-14.956016
695.44324
61.46788
47.60939
38.929066
102.61157
91.08208
74.91275
-174.26639
-36.736214
-234.38838
-136.0604
-84.926765
-26.04812
-237.9401
-24.739706
-19.262339
-52.052372
-97.423744
-6.9042664
-448.83774
-41.99009
-108.1989
-188.23329
40.181522
384.84268
61.969284
-49.987404
-246.16904
96.42634
-154.93776
169.72993
86.40528
-122.97583
-117.94584
-76.85449
221.7503
54.18636
-93.19694
-321.29303
-146.26622
317.9646
166.69664
-89.34981
-264.44055
205.3458
-3.0689316
-223.37363
87.06766
-342.55722
-236.29782
23.946733
-267.04413
-120.043304
-275.4406
-141.02628
37.072693
75.044685
-19.687698
222.62296
524.54
-51.077644
1.8834803
-67.45914
-68.89492
441.0117
170.68149
50.378998
-223.74312
-107.2618
22.814812
75.812096
-8.850457
-566.7911
-85.35534
-309.88824
-17.468935
-591.0249
-354.08188
182.83548
72.49571
188.3329
-248.02635
220.36934
-83.943634
61.485985
231.429
-361.41492
-15.829187
41.384354
34.976234
132.55803
-113.93716
-71.42502
100.008675
441.8415
-413.1551
232.34805
-62.153454
-315.9406
176.9664
-192.46095
60.56588
-147.52052
666.9321
50.946247
-192.91373
-462.08237
-2.3879256
-263.26956
164.99861
-418.73953
-146.62898
35.101624
62.886307
60.047882
134.81528
-115.64234
-61.40656
402.66724
111.34618
-51.615025
2.571773
179.51021
-228.01976
151.64839
-9.68733
-86.709625
137.06807
2.5674443
-16.352404
-132.68857
-265.79056
225.63002
-107.72204
277.30222
132.3744
-377.47607
-117.00358
-329.9353
-206.28122
-385.2066
20.983585
-14.541147
610.4462
-54.41985
2.4202135
-72.025894
360.31458
-375.82306
-400.2317
-586.36
-14.6928
-303.4397
15.524488
-162.9032
99.397606
45.691948
289.11664
176.03036
138.95348
84.40522
68.68044
-152.65778
147.03267
417.72052
77.324165
223.92705
168.18918
69.06368
-146.70638
10.5457115
19.00612
-190.48984
-386.1472
-8.949678
87.04391
130.49162
-204.7246
254.23662
-502.05432
-61.60836
-302.3601
13.071275
260.48395
-279.76917
247.80168
-224.61563
68.241806
297.86447
257.15988
-153.58351
-97.54994
401.78842
397.49313
-415.03513
-197.42838
272.61923
-149.96779
-346.21945
124.23738
140.61314
-14.015066
-28.740082
-187.55598
282.41544
-353.48862
-392.121
-207.97517
-268.10254
-146.74197
9.055119
-126.90503
29.039333
164.82602
96.88974
204.17589
-272.5388
174.81915
138.17819
-73.70444
-32.896915
-80.37921
-13.798741
24.503962
-265.67603
251.30663
124.263405
-314.47116
-150.03505
154.16881
-205.93053
145.38841
49.959045
-221.79204
328.0663
-167.30089
-6.204978
-47.731113
-175.89377
70.45601
-105.52732
83.76857
57.747005
-116.346825
137.60492
233.41223
56.886982
-26.83811
30.056833
-84.77353
160.85834
49.203876
6.561561
50.45766
105.716064
-278.22614
-15.867491
-55.82816
25.346031
-146.6996
75.996574
497.98886
119.70267
200.8021
-99.17998
-43.28816
110.99298
330.35107
89.86791
-91.6426
79.77933
177.02846
-90.330086
49.618343
37.284386
329.94946
-123.724846
10.90716
42.30601
2.4083319
-519.2768
-280.4364
180.92651
14.565666
393.07275
-202.84048
-343.90237
-77.99029
-251.66615
-109.537544
-31.080124
-88.344795
-157.06413
358.5516
-308.0974
-36.8876
205.22275
-181.48056
115.73881
-88.767105
164.67804
247.58528
-118.37614
-104.29248
-145.09508
259.36115
-13.491609
-275.35474
-31.286787
-235.84111
-160.06802
-291.91043
-17.46193
-424.79047
-146.24638
285.72757
-479.26996
279.43265
-79.22825
35.49129
266.98642
-174.45636
-272.94107
144.78728
197.77136
-168.84007
-264.47568
208.5494
-204.59933
-392.75067
216.03702
59.602345
-39.79003
-202.60896
-68.762344
-94.01583
43.140316
-388.40988
-113.44479
51.13718
-85.63371
-119.337105
-91.64256
-143.19383
144.43466
132.8791
69.63358
77.22757
211.0282
-143.80107
442.35056
-17.36153
186.78192
-198.67444
184.73239
12.135729
-26.583538
-28.79604
264.60992
-78.84884
-229.46783
12.5154085
-52.77943
-299.5243
-338.68335
265.20532
318.0321
29.28115
-189.48665
286.39914
75.73298
190.02678
-25.579529
-65.145004
-260.43066
-365.61908
208.54262
129.064
-161.9856
-302.59775
187.07272
250.19191
158.97394
21.220524
167.38147
269.3851
63.146545
-34.639843
253.73276
125.300255
36.75055
-89.05925
148.54883
-216.21567
126.565575
-148.6697
94.9807
38.503235
-127.58873
89.26312
251.46872
-336.4555
434.3833
140.79152
139.72554
23.391897
91.88402
211.10193
116.88438
286.85553
-135.54752
-5.3405957
-81.45497
-17.081322
-65.15727
-555.2934
30.851711
215.44292
-150.02719
508.52655
68.898636
259.40988
368.55988
2.6453097
-297.4052
241.3379
-11.100609
-62.48806
26.72878
-151.961
-138.61101
-447.74377
-305.0004
78.75681
31.719353
-299.19946
288.83676
72.252686
-84.52885
339.74936
22.53298
57.35545
224.18619
253.24176
343.49762
-183.40636
-103.94349
101.31478
415.68103
306.07446
-126.99494
-269.42868
-128.40149
-190.57735
263.69363
-371.26678
-56.493855
117.84688
16.514442
-65.32382
-21.816498
631.17865
-69.60727
-235.78621
-574.1991
-4.9474773
-122.89742
-211.04869
-344.03323
-136.80864
361.85016
-293.0737
-26.427917
167.02715
-310.20654
185.00383
469.13882
-164.6435
-125.833694
-83.822205
-261.61542
305.7399
192.79625
259.2966
105.99633
334.66556
50.444115
86.71862
299.47992
-109.54781
179.58698
-148.3028
15.796435
-60.23344
-266.11212
99.05203
151.77536
-69.96823
-2.567401
-170.54712
268.42032
-121.55808
5.0317774
-26.19535
155.70827
257.51907
-423.35242
-15.398058
-289.8464
-294.6591
67.33583
-14.387384
94.74012
101.585014
-154.27563
-499.72247
-381.198
-24.272003
178.4205
94.89808
35.309284
-4.218245
11.543931
107.7255
330.75412
184.4345
189.49054
-27.915565
120.96743
-293.71
285.47943
18.652065
142.20229
-33.60561
-106.03419
45.29695
-41.76139
-69.52269
193.75816
-190.98895
-68.906876
-187.61603
-225.62985
-429.47937
125.514755
205.41151
170.65552
330.18872
-49.615116
-62.56571
260.96042
348.86514
-161.60817
232.97421
-183.61781
407.12164
29.868263
58.614674
-27.82519
154.56064
-242.3928
-42.417084
-71.634346
-279.26447
-36.13602
-129.79762
217.65973
30.802654
-178.11359
-10.623253
287.10684
-71.592224
-454.193
133.14001
423.48126
167.89522
233.42073
-92.54287
-142.65897
-88.51023
-196.15005
-271.55505
121.01422
277.01193
431.2358
-54.298992
418.0804
231.04488
174.623
100.299324
-45.48696
216.31464
-88.51744
-211.54836
-149.96309
-244.15854
-242.20534
93.87899
-71.93134
-371.95364
323.3467
-150.40225
7.6901674
89.93475
-4.339323
-210.7304
52.30212
-28.96786
-93.367615
-206.31937
-120.135414
-246.52728
213.63968
13.105387
339.6933
255.45638
354.17203
-327.12903
-155.6384
-241.81532
253.00366
141.18265
11.969652
240.98814
-56.299797
9.118253
-98.72742
124.84469
70.282906
485.02316
157.57013
-16.875822
184.01752
122.18959
322.33368
180.299
-110.94083
-211.95575
151.44652
-210.60063
1.6923914
-217.58733
-180.74689
258.74976
-49.714508
227.46092
183.2038
98.38447
452.9042
22.413593
-141.79248
-30.674479
279.79126
-269.50894
184.77812
176.5409
218.93593
229.61023
152.12349
-223.08942
-89.75041
-213.07872
-226.02254
-55.170403
-50.36854
415.21735
62.95934
-125.37903
-94.82097
116.16767
-40.59519
-39.833054
-43.5877
-167.54358
138.35269
123.43397
-681.9697
331.57242
67.35322
430.1812
25.241512
136.95209
36.700882
110.2508
-227.23322
-45.54525
355.56973
-228.83598
26.654873
-192.8412
270.6065
86.89947
-198.03514
-281.09995
83.4255
114.63868
-2.9586277
-190.59856
206.80278
104.91002
-256.30313
-43.843437
-8.840606
-230.0315
250.72125
224.47632
463.53558
-253.91492
71.79338
42.70481
-368.1944
-211.6276
-355.3578
-4.0490227
384.5347
-6.138885
-197.41045
343.57462
-93.67035
15.0192175
-400.58713
-99.84516
-155.54997
-237.43898
-156.55328
-39.41732
97.14241
195.93051
101.117966
141.80624
92.78017
322.22083
53.1425
60.59921
263.29205
-65.54981
169.67236
482.8579
-270.08325
416.61285
-222.47856
36.07538
-366.98743
64.592064
655.2199
422.56915
112.25777
212.67883
383.96158
-304.54312
-95.94539
334.13724
-171.89139
-86.413994
-35.35393
234.33977
-67.37091
-594.72424
-72.12379
-173.65596
269.08655
-28.0372
-167.73207
-207.31651
312.33215
-237.58145
-85.02133
-113.25255
355.6844
-334.4425
-172.63072
-24.033077
-207.16064
54.99727
-126.389366
40.624065
1.2982203
183.57544
176.52066
153.41858
-120.11251
240.19717
352.65262
187.85175
-154.05249
55.341293
295.9538
-297.6455
-292.25958
-128.15637
-255.70271
118.93492
-34.170383
476.88263
3.5527358
-186.22263
-19.097536
-129.0124
-120.09886
-167.3654
-193.15273
180.43134
-77.156136
-128.55212
379.75607
186.92188
-219.86185
166.3661
-404.054
-409.8584
194.64832
-87.88322
-208.21663
299.31256
-178.75433
-95.37907
291.36166
112.17909
-25.161186
-51.293926
413.92532
150.0834
584.5856
73.129944
-196.61209
-209.81635
-44.31436
528.9517
139.55385
99.857216
33.622227
184.1618
130.84608
209.73558
108.50147
18.991552
178.57439
28.136187
-123.79064
25.44287
-244.57149
9.245208
-591.29974
20.860693
26.672367
71.23287
-11.245576
-235.0478
56.68158
177.3855
