106.14979
-179.32256
-209.61798
-235.87607
-81.74898
644.309
126.98168
-227.71606
75.78658
-347.2313
73.057045
-0.56768966
119.15636
-499.742
239.05052
426.7463
-83.078674
119.049706
-107.39519
-269.33505
-83.36842
-54.583836
-422.93146
-27.679676
11.428414
-82.947655
4.727426
13.999129
520.20166
32.053627
-356.47214
228.53209
-94.438805
346.3298
-83.57656
63.85749
372.30792
358.87393
-31.351244
-250.07693
242.96156
150.32892
-330.4939
-71.38347
-91.36207
-114.25342
240.08327
624.22156
-441.7078
123.716064
-120.45865
-241.44884
72.06417
454.78113
96.65528
64.806015
-100.31957
138.9005
27.323559
-273.24805
-377.93167
-342.1346
177.0543
158.33214
-109.7372
23.25497
-135.63663
-226.84248
-137.23138
-86.753365
17.383017
-274.8986
-57.843845
-82.1746
-308.6941
47.60713
362.68045
-382.5177
10.612579
1.1960609
-13.158344
-6.321858
-94.395905
-1.4420877
-62.112297
-648.7999
90.59374
-364.83093
21.213032
325.6332
-724.2037
-87.60731
100.043
64.93561
157.71576
422.5771
119.65096
237.92207
-256.17813
-122.74691
-188.50322
-157.08716
-208.22725
94.97526
-161.59843
382.2937
82.10455
-61.455254
-173.8674
80.18455
-298.45804
135.89
104.97631
-198.13358
376.79236
-317.46222
-313.7261
143.8474
219.91252
412.2678
72.21439
-704.3374
-161.05637
267.2917
-377.7858
-107.46062
-158.55623
-177.4835
-195.6276
-60.74225
-289.38718
275.99023
-27.93927
49.362526
-125.70185
-375.77646
79.8213
255.25935
566.4894
-269.7281
22.952383
101.98616
-37.210434
-65.621414
54.642365
233.62617
-141.9478
25.548298
-100.67999
-59.4055
230.17812
-58.54981
232.60692
490.86612
187.3438
137.29462
2.1681879
-14.225585
-239.95433
-504.95346
-182.94334
-175.19615
-74.38643
-79.01023
-54.602654
694.2768
174.34457
337.98334
231.59854
-524.1894
-514.2251
-217.6077
-87.311615
-211.20638
-274.34418
-504.92914
124.26729
-203.72464
-133.79874
53.52808
-4.868445
227.6669
102.66865
-82.62206
456.52655
-102.43571
33.961227
17.209202
-26.070976
-195.24535
-272.27142
300.06613
-134.72195
-148.97195
-173.86891
-209.40579
116.913994
31.318686
-10.791394
59.44761
-98.16418
-3.5457
-27.260208
260.6589
91.79598
59.782276
-584.58386
228.4098
-242.05151
223.38153
-55.537125
445.5377
73.88641
236.69543
110.59821
-6.7745953
45.65753
250.10199
313.72562
56.901707
5.8428473
-322.6571
50.008976
24.741194
363.61136
205.27856
-2.595105
40.978283
381.53516
-253.44939
-123.34909
178.49623
-9.463983
-171.73329
-244.92639
-295.78748
-222.25024
-304.2195
52.01437
-110.18193
-156.8612
-126.619415
-238.06377
672.4841
-358.3132
-51.13244
-95.13991
-268.37085
238.12068
121.85174
-256.02383
-374.87372
-203.55707
-233.89043
-433.86722
-449.49423
-165.05113
160.73445
113.84405
91.82372
-372.7058
-65.55733
43.999332
-265.43042
195.03188
-241.68336
-128.6762
-423.01425
-317.00247
-41.65755
395.59595
-282.12222
-138.6684
371.28683
-604.95764
-31.215899
405.68048
-265.5044
69.26239
-428.94986
256.45465
201.1129
165.36093
303.15378
174.91725
-330.70135
-18.376743
-139.98474
-8.105258
237.16942
-295.4248
45.71271
112.1227
-25.840076
-241.66154
176.67749
-203.86389
-19.506283
37.21634
126.34015
238.41791
-320.98938
106.99687
-109.429565
319.90106
-188.34872
-424.20074
-169.43752
-76.17353
41.049385
-22.158482
255.15073
15.799495
-261.84335
-219.28386
-15.152669
-73.88267
-246.29088
-417.66882
-182.99858
-106.88934
139.82355
347.1703
-389.33444
-242.75444
190.2
94.41037
-418.75165
-463.44046
45.493843
166.62033
115.58071
269.8235
52.39833
-52.27792
-254.04669
-207.58334
-286.84818
-0.450171
-289.70346
-37.118855
19.360828
-11.113964
178.95972
172.52972
142.19356
128.0795
-167.74344
301.30078
414.89587
198.7784
-260.86258
-20.964931
-30.759228
223.46272
77.124306
400.6018
-93.43878
-246.86636
-208.39885
224.92114
-496.9314
-124.164154
-256.03232
152.89807
488.56293
-6.274354
74.343216
111.852684
353.06006
288.2414
175.40233
415.05594
-124.28445
-27.984905
-69.2783
-54.15296
289.72925
-164.40004
-277.728
360.75595
145.22272
-54.620975
-59.100864
30.732206
-321.82556
-254.01392
-167.49469
-176.46059
-53.857418
-133.51878
113.31594
151.0892
5.60887
-212.78802
-147.0802
-43.06574
-23.99419
-52.96055
-485.27908
125.26636
-106.82209
-17.290695
234.44818
-6.891217
-219.77838
-131.59416
249.38419
-194.87686
110.98978
-170.1876
-241.76614
365.27798
-16.876873
280.56967
-83.41212
350.6072
-273.73904
265.54047
97.79986
184.38922
-327.3564
-405.10962
343.66873
-99.69803
-68.611755
-247.44072
-328.20578
-177.7521
161.19455
-163.57242
392.76776
150.16815
-165.63658
-160.72034
-306.89523
-99.571976
-90.89562
544.8533
-2.8670385
204.77428
136.7658
115.497215
691.51025
121.78645
155.94467
17.20929
471.11542
-179.64091
-176.7225
-27.12336
-68.94774
406.75967
-346.88184
-198.20277
-475.30957
14.871348
502.28503
-75.23412
31.441494
-282.17694
140.25587
-65.43135
-412.65268
-280.7623
153.61765
176.94926
17.142826
296.55698
-181.95692
286.1563
-3.4938607
17.202358
81.166336
-217.95222
-279.2544
-145.09317
-31.313026
143.02013
457.13312
-355.91046
121.63174
7.2761936
-421.33887
-372.34195
-393.9113
35.89528
75.237175
-125.83601
144.50206
-247.01115
-247.59818
93.48185
-334.92136
22.990385
147.88884
-280.17368
405.74103
521.2443
-278.35056
75.47443
154.0439
-614.1213
189.31175
-523.416
131.62105
-8.00858
50.98071
361.90918
91.99003
-225.0472
-672.9953
70.49488
33.894127
-326.90698
20.145042
292.04553
168.29878
-443.83386
120.55786
37.524765
-177.17667
47.96018
-46.571163
-338.21204
-90.50438
188.5326
-196.08238
156.25635
229.40187
487.0096
160.02649
81.9704
123.82059
540.425
313.35825
364.1217
-212.38403
162.80188
268.98495
249.22603
-362.6863
-34.681007
166.7405
74.53137
186.4261
-342.10474
307.8275
-43.430885
7.212101
-86.67993
307.1672
405.65826
85.13279
-147.96118
194.35408
147.27542
-33.772854
3.2125258
54.236366
102.22094
166.77261
332.67154
184.80153
313.00208
184.88882
-285.53986
186.2145
389.08478
-126.2196
-78.980934
-145.55437
-320.9472
-550.85443
84.97803
-207.41017
-186.28986
161.96222
-77.09464
55.158173
350.96512
-64.588295
802.3183
321.75507
-57.140884
155.92033
-109.751495
121.3166
-20.62865
-93.78041
45.531258
-107.26077
-157.72325
-192.87437
-8.247052
-222.13774
-143.06187
-113.04596
-26.10503
-49.32645
193.58159
-264.90048
-164.432
-386.143
-214.72076
-77.944084
419.03076
-3.395361
-97.73925
-322.82147
187.88666
-263.64062
165.86763
-14.913866
-234.27502
-53.967735
-38.075493
143.20497
-138.04083
156.54868
-116.14927
-181.4213
317.73453
-45.141716
-74.80573
-405.9664
393.224
51.940926
56.340042
20.578672
-206.03764
-223.70276
-77.01841
-401.4823
-93.60714
-216.20854
-126.3143
101.73065
-58.84032
23.404087
272.1403
397.33023
109.89949
-23.816038
-228.93071
-244.75279
458.6458
252.6112
398.52707
-365.6669
-64.68262
-164.61465
75.42785
-85.02799
-626.3834
130.88887
-309.85587
134.76543
-548.84875
-236.39243
257.4029
170.54314
119.03895
-275.37338
166.8689
-66.981064
51.006645
173.24165
-284.27838
-163.74193
255.59857
-34.461613
324.99054
-61.392197
-198.11864
80.89023
678.10486
-113.797104
29.411491
138.62216
-180.73837
198.98592
-120.688354
-111.6013
-76.47019
792.33563
-38.593758
-203.17108
-412.0003
-129.79974
-204.19376
45.17041
-350.0296
-77.30354
-130.16351
171.71767
-103.96408
9.231744
-128.51123
3.8676274
220.75345
197.37486
-77.618675
164.74138
35.057434
-161.19064
239.49644
-39.9904
-145.87909
196.64362
-74.85838
-102.8341
-42.236755
-333.77054
121.259735
-205.68523
303.97366
207.94225
-411.6644
-119.80216
-241.42345
-308.64865
-561.3862
-24.607027
-36.725506
693.4709
127.92355
-125.75695
-64.28191
290.38995
-278.47324
-396.28018
-694.01447
89.91297
-69.86771
-149.66772
-95.87558
179.98363
142.9603
295.3086
-77.49178
-116.316216
157.54865
-152.93985
-433.7933
44.245174
468.54416
-34.62138
296.90906
261.16882
286.2874
-256.67654
-28.283998
223.28436
-194.51306
-334.22665
-61.817665
256.39328
100.96948
-140.40155
473.87833
-442.81866
-56.586346
-487.95282
26.344025
152.74376
-301.56808
196.27466
-99.81188
46.31182
359.98785
278.7333
-164.34442
53.121773
345.32547
280.786
-485.74985
-265.7295
176.97491
18.87847
-507.02896
33.05419
172.09451
248.08325
-66.72468
-194.52313
307.49994
-310.5644
-520.048
-191.34805
-366.90732
-356.15463
-132.78957
132.03378
29.56781
120.78619
253.2581
237.90218
-460.62897
252.93408
245.31923
-141.20544
-143.5512
-135.67918
112.99388
160.85808
-244.3287
115.65988
117.62481
-304.2244
28.885181
64.00965
-189.31529
366.31763
48.702873
-351.39612
436.0818
-221.62733
151.77266
125.19719
-319.10452
121.46394
-39.611477
167.87244
-1.6929241
-128.47733
79.17524
325.8584
99.09676
-54.46921
-4.013239
-163.28435
67.52252
215.01253
-178.36787
172.78575
205.29427
-349.47913
-23.421083
111.84607
19.928986
69.2396
-57.950787
550.90625
13.838538
97.02044
-282.1261
-90.51572
225.83502
379.74615
-7.794553
-19.067955
148.51183
164.95201
71.45853
45.31067
1.0152514
411.78677
-204.87651
-48.18932
328.2432
-148.99744
-318.70633
-114.81499
176.30035
128.28714
482.4953
-454.44653
-406.80597
-88.4316
-181.96504
-111.95868
-102.56681
-1.7929925
-260.2321
395.55838
-203.18073
132.79524
257.9203
-305.43655
335.97913
-164.85854
247.73442
187.37712
-93.28959
-191.47206
-123.092094
285.78308
-43.353603
-58.164833
-170.5416
-273.75897
-307.6154
-277.1841
141.5737
-310.70215
161.8757
284.06897
-387.0457
659.3897
-34.969696
18.921074
212.11156
-293.6977
-512.4586
388.8018
75.72422
-226.52484
-439.73755
294.52982
-112.61915
-493.45944
140.36957
-64.08457
122.32677
-209.43748
-177.54807
-265.88092
14.592545
-222.89856
-191.71143
-251.37111
-132.00006
-182.0996
-203.7907
-441.96005
20.234951
240.96643
239.92474
31.651686
125.599525
-126.85703
415.58734
59.622242
-174.99858
-459.40366
300.4646
92.307106
-38.055645
54.78453
176.38222
-114.11253
-25.877949
41.75858
-58.474697
-81.22403
-380.0018
140.9827
163.9659
-32.045044
-258.47968
367.58746
17.449442
215.18571
162.07959
-86.75484
-195.85733
-389.89154
211.07233
156.5936
-91.068565
-482.6236
100.99426
215.38777
201.61975
135.63182
305.22943
82.8397
140.9608
157.22383
185.01561
281.1112
-73.474945
-130.91402
245.13452
-268.17505
-148.54239
13.656868
15.920513
117.296776
-172.56386
90.35395
100.02725
-400.8449
423.12326
198.83386
182.72372
-67.22239
21.46405
27.438307
80.40737
249.81915
-16.06503
-143.27226
-369.7076
68.62132
156.1169
-730.5245
49.982433
196.93233
-135.23653
609.6487
-62.400257
267.52872
426.97787
-158.49413
-374.26163
330.8623
25.7159
-156.65854
-86.65843
-168.30406
-273.7111
-530.3473
-427.70895
71.03695
16.047413
-217.48776
383.0326
32.403244
-223.31471
253.52444
27.970894
55.556187
282.82812
7.2695627
295.5316
-145.41745
205.67674
157.9985
408.27502
358.4347
-62.031174
-178.75389
-255.7894
-256.45145
133.82507
-598.4436
-140.86003
256.9407
164.23018
-124.911575
-264.49704
597.6895
-198.00516
-19.325434
-390.90997
50.21995
-9.59193
-275.91025
-611.2607
-359.47336
454.95264
-214.72733
-6.269706
318.0942
-364.18237
456.7746
517.966
-116.81869
-107.659225
-240.39656
-189.2976
90.3773
174.45479
166.5626
6.1236506
424.8744
10.216795
283.53995
367.42355
5.422847
125.7749
-69.20389
-211.76659
-261.93842
-280.95807
144.8789
-61.032806
27.240833
-24.424057
45.402596
418.33
-69.56059
-225.36769
-23.713291
107.37537
414.03098
-316.13522
-132.16821
-408.46024
-177.97354
262.09747
159.35228
329.80658
76.613686
-236.20876
-567.95074
-293.72055
202.84685
314.0662
108.74801
-20.034517
-117.94776
142.72392
239.26793
235.57722
97.93209
276.69327
153.03061
203.8898
-302.3732
44.2662
142.61043
286.3198
-34.66791
-267.20044
-198.94092
-177.0196
-109.87294
259.575
-262.7837
58.35312
-324.12036
-97.73731
-371.62552
111.88782
-7.6534257
395.37115
440.20496
22.39313
-71.476135
151.36028
367.38992
-121.78254
287.228
-144.13887
258.64725
-170.69998
314.53632
-265.59225
52.75496
-300.89453
-21.12488
-65.36232
-390.6344
-146.98601
-212.91704
277.37527
77.88419
-400.5411
4.818391
151.2468
-142.91824
-126.38714
166.99973
446.8832
283.14432
189.05707
55.094025
43.87445
-57.54468
-225.06123
-392.82138
190.214
417.76868
311.11084
129.21506
573.9057
101.48881
42.535973
216.80466
-133.14635
191.25627
-43.44845
-159.34744
-25.37721
-197.81091
-364.0439
148.41158
-124.961296
-394.28137
301.77988
-163.11626
-58.780243
13.945746
-76.08829
-195.6585
-138.95535
86.1492
-31.706203
-173.70044
108.69961
-217.48077
335.14368
80.42361
444.0483
126.014725
223.24063
-470.2624
14.323777
-102.76836
40.972218
183.00665
37.463585
266.1305
-277.16013
53.759136
-82.19507
268.5945
89.171715
520.1359
354.83292
-14.585288
131.13103
60.15618
399.68936
112.456055
-127.257195
-58.370827
-34.531265
-44.748833
-180.83514
-447.45807
-271.912
434.68982
119.899704
256.97348
322.49362
87.08452
397.55817
-57.155678
40.392536
-45.59077
5.238352
-425.29276
307.8957
50.6116
17.622877
57.619583
-81.7522
-356.01114
-339.62335
-391.00217
21.945705
-99.315865
-94.81541
250.86789
-64.07847
-88.02425
-216.65303
210.49977
-87.90036
20.626143
-26.100538
-305.84668
120.490135
95.02362
-613.8602
400.96713
23.227434
461.66638
203.88843
169.64449
-59.193676
98.21617
-346.9155
-140.7111
293.36685
-305.24503
132.29118
-381.09818
253.94095
-111.7396
-218.98322
-246.72159
171.84486
271.27295
-144.3404
-335.34784
218.70474
217.96465
-501.06058
-142.64212
-27.943996
-452.93
141.54192
251.19028
373.978
-488.4449
194.74397
10.96588
-441.85675
-215.14789
-235.1294
30.548101
272.11945
73.5087
-179.55168
289.6414
-424.03073
82.35074
-327.42484
-266.8052
-167.99742
-158.42169
-28.618774
-49.004913
-61.663845
59.182045
64.41669
123.03885
14.885278
507.5426
117.38162
39.266468
223.96945
-14.059483
171.3604
575.8043
-283.72675
491.2253
-139.18997
59.382233
-269.96918
114.31493
641.00684
422.57974
168.14958
319.32303
487.84518
-398.32025
49.829445
354.91855
-98.03708
-148.674
-109.84757
185.3536
-71.67711
-582.93555
-176.0711
-264.14658
440.10733
-228.34232
-293.86035
-446.2372
200.73605
-474.64236
-176.35345
-214.29315
120.6268
-280.3755
-287.4498
85.78629
-389.96378
29.052233
32.470497
213.54771
-5.2351246
175.6557
217.06229
-21.43295
-76.64834
218.03645
297.09778
160.08858
-276.46405
-70.449104
231.02136
-349.27103
-243.7453
-262.6471
-156.6846
239.53793
-20.142365
419.50024
-40.7641
-153.6986
64.23197
-218.46837
-390.03168
-269.3409
-342.87363
307.5241
-6.52899
-166.91629
381.4669
22.57467
-142.67715
235.1757
-279.5123
-487.75024
341.7661
-37.53958
-222.33354
242.87523
-369.5638
-99.2115
267.6286
235.49321
-267.0918
39.094536
558.457
271.56418
516.93866
204.04822
-282.95425
-158.87485
-57.41838
543.09674
57.29165
-9.508157
84.340416
173.37509
180.2241
329.89005
-77.11028
291.8352
143.17857
32.514156
-93.479065
88.820404
-311.63614
29.072714
-575.0823
30.176369
47.806686
103.8908
-124.71467
-35.253498
-52.752174
316.45502
