-51.018105
4.70842
-18.586267
-0.05620095
-29.412691
-1.0483352
6.988023
-10.845021
1.204566
20.169077
-8.750682
3.8799422
-8.744158
-7.336781
18.796898
6.411475
-43.227356
19.190823
34.714787
-0.96462935
4.1808147
-22.052732
-8.5866995
3.5606027
14.140391
19.724289
25.0457
20.526007
-17.710793
14.464025
26.857054
-1.6663766
-40.84943
23.741604
-18.699453
9.218709
0.5090249
-13.585439
-20.795923
-49.073994
40.004692
-12.432496
-6.877966
2.5956635
11.78988
-13.1003895
-18.656097
5.840838
25.507137
-12.34166
-11.735361
19.979902
4.0602155
45.91794
-5.4077864
28.815763
-18.403381
-13.7384615
44.72677
10.77534
-29.204422
-15.908406
-13.824902
4.1725993
16.094542
8.339485
-17.303753
4.328295
-20.884495
13.957956
37.700493
45.332333
29.18042
38.152916
-15.243044
-42.83464
7.2491274
2.9804432
34.44727
-0.055755496
-17.490698
14.1508255
-13.574306
21.992218
15.765478
8.592049
-11.224628
-31.890047
-23.462626
11.934969
17.617115
2.9461732
5.6504474
2.9268074
15.603678
14.398317
8.128975
-2.1734746
10.91516
-2.5765784
39.438858
-6.468781
9.791713
0.94056284
-61.989933
-12.131019
18.302895
29.028187
23.84356
-6.3949375
1.7326303
-3.9784932
21.7419
-8.066294
-21.045444
-40.351204
18.274733
-12.528209
34.527237
-31.231985
1.1655033
7.5716987
6.3966217
-6.8466024
29.310083
18.479767
15.294393
8.919258
14.384504
8.812164
0.49723172
15.060919
34.298954
-20.534166
-69.98969
10.899648
7.200336
16.558315
1.9522302
8.044153
26.704483
21.81058
3.375112
26.17292
-7.1222043
0.7642274
24.628124
9.840044
6.7694674
-15.141502
38.346508
51.103703
-25.64952
10.545005
-6.0291557
-6.7992473
-3.9367461
-9.754806
5.1104426
22.57974
-9.525013
-13.533443
7.6148825
-0.079839095
-20.872595
-27.646837
-14.933159
14.807496
0.57024753
-11.247728
9.839967
-37.148735
-9.375603
24.889206
-12.035534
12.149014
5.9318857
15.818983
19.217678
-4.9987984
-30.292112
18.140429
8.1121025
18.921867
9.969003
-3.3497038
16.199894
-18.212816
34.693058
-15.266584
22.231958
-27.35191
-0.08054468
-50.15083
-24.052563
-19.16687
28.222218
1.7546632
-12.391168
-11.88707
12.427954
13.479513
-10.149619
-21.691763
33.61533
4.0831633
-25.785906
-14.10526
8.344019
-27.568388
6.1248636
11.145032
22.401556
-1.6924266
10.597702
25.934477
-4.733706
14.142876
20.254623
2.2286277
-0.50554514
-21.678707
11.26996
-4.4179373
5.1596594
-10.51066
11.845579
-30.393196
-9.918496
-16.214565
-15.949395
7.2772717
20.461239
23.492716
-30.441845
14.951408
4.583529
-10.89491
2.631099
7.46388
8.285249
-19.41392
-3.592729
-6.6193895
10.240664
7.7559757
-33.1386
-11.533128
-26.05089
-3.6827712
-1.3653448
-19.688278
40.131676
-0.15621841
2.821673
6.071227
19.831766
-4.9160624
46.781403
-24.110199
-26.43011
10.357308
-2.4706306
1.1043787
10.917596
15.382592
6.1272707
-23.013062
-13.868404
14.9290085
-38.81793
-7.320052
10.416281
17.378166
21.026663
-19.98278
-24.703388
-5.306617
-5.3624945
33.366364
5.6107807
-21.998524
-22.100971
-13.301488
3.3825815
-15.488012
35.348854
-1.5442476
-6.99592
35.404606
-57.726696
28.767712
39.847115
-44.172432
-14.220838
-16.276997
-21.390661
-0.5851245
16.240173
-20.200308
0.08451095
-2.519383
28.185772
-21.213087
11.686794
-12.459208
-18.82922
-46.195072
1.2933673
-15.259933
-5.682604
-5.59142
-5.8851447
-22.361967
1.670677
-0.2218492
22.895798
2.4149861
-15.881861
7.497127
13.368693
0.51598096
-10.779613
-28.985445
-22.24797
13.196123
2.6958203
11.442845
-10.976636
-1.9214911
-27.27438
-10.194275
-5.83837
-26.411867
27.903568
24.949053
-7.8698153
-0.6384144
-26.546614
1.2402359
-7.509095
4.901145
18.921862
17.962332
-12.0217905
37.52167
-8.475369
-11.549972
8.258522
7.0890827
-43.784832
10.471842
-13.927269
-16.576305
-25.251904
47.23493
-8.50532
12.029308
39.68314
-0.9682256
13.714704
10.281708
25.124903
-0.34846774
7.999438
-31.0955
50.307835
-4.3740377
-19.22396
14.730714
12.684221
-8.939057
-0.51286113
-31.822886
6.3734565
-12.715252
-16.920803
16.17953
-34.68799
-17.025112
-31.203957
-23.160511
6.826613
-16.007753
18.503311
12.179762
13.813584
14.482376
10.305856
0.26990235
24.88974
17.934587
1.0061591
22.95523
27.620985
16.922771
37.932594
4.5996385
-0.19881397
-6.316453
-47.813194
-31.526896
-15.790025
-23.318094
22.694979
6.505066
26.150728
-29.276373
29.65747
-5.112849
-32.52852
17.090168
9.804533
0.5958483
2.6725407
8.000263
21.996952
-1.6618824
-0.24715662
-9.607147
-14.136216
0.6774995
12.655248
-26.350128
13.676773
1.2189331
-21.342218
8.8220825
-24.423979
-5.6988792
-6.2742195
-47.87833
28.958332
-34.77219
43.743916
8.292099
-9.152077
-42.81492
-19.217003
-4.129247
7.4778852
-31.671322
22.848854
7.875407
13.196788
-13.996972
-5.8005614
-11.220417
-5.592092
1.4617865
1.3327869
19.858625
-7.513461
26.135372
-40.661602
-23.60049
-7.8487806
-14.095167
-20.332481
16.495836
-4.284457
-8.803606
12.628202
-24.276651
-12.525316
11.083324
27.870165
22.131737
15.412237
33.071213
-14.879043
10.386744
28.18493
3.9649255
-31.28796
9.612392
23.382463
10.059542
21.282116
29.813662
-28.900307
-20.935823
-15.088819
1.6607335
3.4250073
19.72078
-5.4555874
-0.043289423
-21.629889
-13.389883
-27.761175
8.741897
-5.925061
-1.3733966
-30.205215
-5.987581
-41.56862
30.543537
-4.6966047
-26.198225
7.3519983
-53.14568
-20.413492
-10.993759
-25.347462
15.508146
-5.686121
18.660658
33.43747
17.255714
13.977272
-10.743548
3.1867816
-4.115004
23.513628
17.82574
32.09123
4.000125
2.9002702
0.45755482
-6.8206816
7.078294
-25.36222
9.516109
10.58806
10.929226
5.768939
-0.80106133
-1.2787287
-3.3570745
-27.252926
45.82603
-12.884261
16.871279
-9.729475
11.383331
19.99164
-10.698804
-7.458804
-34.724907
4.493703
-59.241974
-22.962896
35.43769
-1.6477333
-14.695197
16.312246
10.750315
-23.666643
20.8549
-7.71108
21.537537
8.722836
-19.1013
-5.3265734
24.767868
-4.4667377
14.612643
-16.388838
-22.189959
13.998606
35.932083
3.334235
13.244591
3.9454632
28.450842
-16.586702
52.767174
-0.4282856
-1.100017
44.715626
23.627453
-13.376808
-18.405191
-22.271652
2.6682303
9.360236
-18.963316
4.553143
-14.147497
7.6316805
2.9571304
-30.697437
-5.905648
-17.697504
21.043676
37.452194
0.5832939
-11.193126
48.173347
23.697653
-25.50318
-39.212486
-25.751263
-3.7724497
0.8175208
36.70852
-6.3170223
25.875881
20.980597
22.964933
-20.582947
-19.219526
33.746704
3.0088525
-1.3887326
37.6717
-13.905596
15.034597
-3.1296842
13.239473
-5.026406
20.046543
-9.403059
29.98063
-10.049471
29.829962
15.760076
2.9049563
4.433037
22.322397
-22.099384
26.124054
35.30391
30.355825
-3.3700361
-0.3896749
5.53651
-27.31233
22.891579
-9.360453
-38.65725
-26.913229
-19.499445
-40.51461
-9.046254
-10.812878
18.738148
8.680738
6.314455
18.511145
-10.401509
2.3282094
-36.601814
-2.987086
-4.493881
1.3229399
0.9907209
22.66596
23.53832
9.546579
1.1192327
4.0234256
13.774779
8.981552
27.747662
-6.142444
9.022209
-3.7961617
14.436115
4.145949
19.282465
16.491318
7.250682
6.252855
21.121656
9.91165
14.129423
-7.9723687
-9.247305
-37.312645
27.848053
-24.853191
3.2661626
-29.916843
5.04432
8.453932
-4.1016736
15.120606
-26.871609
-37.946632
15.957582
10.900678
-42.708786
-12.635657
20.289251
-17.167227
5.291202
-25.902643
2.9685476
-8.935976
14.723738
48.86639
-6.505575
28.374939
-1.1873649
19.72295
11.531408
12.489605
-37.81418
-4.4519625
19.234049
-2.9285836
-8.367892
-0.3647734
-35.124573
-8.224473
14.261772
-25.016094
0.9660749
-15.35645
29.417051
-14.0260935
-16.715338
5.9052925
-25.80971
-13.225586
28.209375
7.4360647
-11.113594
13.852271
2.3265696
32.77069
-15.268833
10.917381
4.697178
-1.7733507
9.493078
-13.16047
-2.035493
-22.794796
-7.5336285
31.808954
20.914171
-21.664356
33.971554
26.852135
3.7429705
-2.1046767
-17.955914
4.6705074
8.688996
-25.221785
-7.146427
-4.75354
-27.555538
-8.610948
-18.271177
3.33602
17.422577
-39.111588
12.643268
60.759655
-21.685308
8.683068
-36.468876
-12.344796
9.635165
-43.6602
19.479387
-7.0199485
3.9284687
18.639053
-6.0411196
17.085907
-1.2906306
64.43449
1.943071
-19.10937
38.627434
5.931987
-16.678907
-29.679836
26.647932
-26.003101
-16.018873
10.853798
6.0421834
-20.787981
-13.964594
19.234203
5.609979
-0.5915998
19.492321
27.96588
10.485842
41.150185
-13.640459
-9.25186
-18.440153
-9.222752
-20.60623
-3.277035
0.61094475
-9.07508
-6.6641006
26.444397
-50.95562
-24.891489
23.073736
21.148743
11.833691
-11.074738
-32.602528
38.80058
7.8276596
11.448454
18.795742
-15.420194
29.010239
0.4617737
-20.840532
22.044485
-6.3225126
-23.24161
-10.248636
1.1181314
7.766594
40.683815
-26.059992
-8.283139
1.7745702
-0.4749608
7.2307634
-13.947396
-29.787231
-25.835724
-10.0989485
15.014938
-2.2441406
8.061111
2.673188
-37.53714
21.476088
42.494728
19.103123
2.490214
-8.378418
-10.733299
-29.982695
2.50247
7.565336
7.4552526
-3.3218307
30.330452
24.459837
35.163914
-4.686683
-10.207395
33.220715
-29.144823
16.820293
-26.935583
-9.428479
-0.88393545
-1.7671276
2.953148
-13.936288
-14.890025
-37.286114
16.28234
-14.602755
3.3114703
-17.966105
-21.167725
-25.22596
19.178162
13.076887
-1.7760584
-19.113478
-19.410694
-16.264736
-10.29453
2.3506665
5.0986524
33.420433
12.394152
-35.480392
-15.940781
-1.0611076
-52.51866
-28.063421
2.47725
5.8433275
-16.187588
17.423206
-4.950662
-15.727777
-17.997398
0.51932037
18.860678
-14.551696
-0.81166923
-9.622199
-15.658073
-18.28144
24.75509
18.665453
17.907148
22.059767
-8.591017
13.886719
43.10915
-36.660225
4.32288
25.388536
-4.99572
-26.308853
4.235932
-6.7309833
5.130293
-11.34805
17.450819
0.12025845
5.4704666
12.73847
-18.095453
34.721363
14.86822
-17.831348
-15.1871195
-35.652473
25.633766
-14.418802
10.87236
5.0779014
-46.67055
-34.2107
41.833225
-13.646345
-19.22248
0.9198122
8.4798565
-1.902821
1.485176
-31.101593
18.981897
-1.829166
-32.98319
-26.433212
3.8950574
-26.820343
-6.184584
24.7518
-12.441896
-18.572126
26.974058
0.04794836
-44.562393
11.698374
-0.18395752
41.368225
21.827213
-20.256348
9.588279
11.492411
17.5391
-9.169558
-2.929885
12.273686
6.5847187
-22.797222
-1.3362828
5.091447
-0.4689225
-14.494699
52.050846
-23.937572
25.312464
-6.8343716
15.980165
-8.225593
-23.381842
27.023664
-21.957209
18.965427
-10.7070675
1.6096323
39.290047
8.748654
19.495754
-21.683132
-2.026791
10.0365305
16.4508
-0.313756
-17.453417
14.393755
-12.31808
-2.5926828
19.344189
9.565135
6.4750857
9.0379305
-12.039147
-38.141003
-2.189129
-7.9183793
1.0039155
17.771183
-2.6091764
-20.759598
16.485733
-9.07607
17.575209
-39.11432
10.5225115
-15.176482
42.512768
8.222428
-30.376314
-12.338702
20.394413
-4.711536
46.556953
1.1888103
-16.56406
-25.464375
-16.781427
-20.55853
4.2256103
8.7453165
-15.980943
5.5502925
5.2897644
-11.597405
-11.280182
-29.845268
12.284094
11.123862
-32.988853
-4.894986
5.6704082
30.253254
-5.6334257
-3.4998417
23.186874
20.829702
-7.8278174
17.590813
0.24290586
24.558502
25.952215
4.8639827
-14.618675
-6.016275
-3.5750716
7.777392
19.618824
-9.40795
1.9470147
12.428959
-8.493433
13.19717
-18.659964
-29.487162
-27.853325
37.430386
40.991318
-7.764462
33.060257
-24.020727
22.773298
12.634995
9.938437
-2.4700704
8.907191
-9.53646
20.020075
26.193996
-3.3280168
12.329752
-23.093008
-22.368286
41.442516
4.5557456
38.797688
13.54452
13.157616
8.065331
10.8299265
-30.609375
15.654161
-8.143598
37.03484
27.961868
-4.6473045
1.643504
10.853533
17.779875
22.090729
29.516394
24.503689
-7.9075103
-14.72871
-4.4372606
29.622915
-4.1593285
-43.114277
20.453156
8.568945
6.462805
-16.87737
2.3665054
27.852257
48.622578
-55.94187
12.119311
7.3691406
-23.769949
12.024127
-6.6470513
32.81907
22.588638
-9.119513
-2.9243298
-5.4126234
33.00763
12.7918625
-23.607365
-15.633104
-11.989216
-10.869905
5.9093823
1.6014354
-22.170654
6.207769
18.427864
40.271744
32.763603
-24.392282
-12.954082
-3.6310625
23.732136
-23.009123
13.8589115
-16.114435
-18.149342
0.9484261
8.281763
4.73986
5.6628995
22.732246
-30.812912
2.9917245
29.1501
11.550525
17.201412
17.996334
11.673596
35.134655
7.589999
-6.366153
-18.281004
18.323278
1.8228626
-3.122362
8.654261
-40.971622
1.9051487
12.114976
17.87828
23.855818
-19.703299
-20.94718
-22.292364
-8.893081
60.20008
0.25835246
22.599333
47.024506
5.4725122
-17.27792
46.837746
28.081217
-31.874865
-31.989668
-2.719424
8.121162
15.212954
24.389488
10.261048
21.349533
53.67445
16.559065
-17.547739
-17.224812
41.530544
-9.842524
-19.307892
-3.6986458
-21.960402
-15.631435
28.304464
-15.34894
5.802553
-9.705318
21.151283
-27.36687
-26.155554
16.2822
-2.0414684
-24.73383
-12.98351
15.184715
12.214089
0.9693174
-28.657711
-11.5166445
11.682477
-28.486368
-4.079035
18.29985
16.067616
-4.409018
-21.554417
1.6613007
5.2429867
-9.917204
-29.9178
-5.2193403
-2.0692778
1.420709
-35.010635
-22.357248
28.029047
2.153748
-11.745978
10.680771
-19.779413
28.768843
13.767919
0.59712154
22.694244
-16.855307
-10.848742
24.402456
2.0964859
-42.61477
34.74142
-24.337755
-35.367294
17.464865
-11.733958
-8.09876
6.689013
9.806528
-16.31453
-0.7973442
32.779808
-15.135308
-39.097794
-24.991173
-40.78506
21.791346
-4.009329
-9.3006525
-3.2094057
6.835478
-5.896837
-52.84824
10.225782
-4.424026
21.893627
3.203755
9.248426
-1.3852773
4.946082
-3.1267881
-54.498745
-11.811488
-1.8269532
-51.72112
10.488625
-12.874961
57.86612
7.7129345
28.778406
12.5105915
25.879856
-38.874187
2.8292322
-10.880276
16.317831
0.05785811
-16.28373
-13.2719755
22.593908
14.706231
-19.004108
-4.667259
36.177723
9.2071
-32.809258
-11.409192
-1.2193494
17.51448
38.39767
-2.5298371
-1.5152864
3.4734735
4.3475647
21.544123
-25.43516
-27.01992
21.522686
-26.426868
18.208801
-1.1983896
18.7679
16.851578
29.70298
-4.009208
-12.9140835
40.58533
11.079911
-19.866753
-19.964764
-17.379372
-10.374112
-13.9427185
41.608498
-0.2649248
33.617535
-1.2660923
-15.994057
32.642704
-12.661749
-2.684758
14.591902
9.900836
-14.625949
-1.124112
7.539591
-12.716275
-2.4325633
-4.1550403
21.095592
-3.786696
24.565266
-28.714079
15.198056
4.2943487
-9.277866
-17.811178
-7.329282
-14.067204
66.57162
-34.071552
6.437645
-12.964848
17.452042
25.93535
-10.4839325
-15.323381
28.679787
-6.3145165
2.4439569
19.100117
-1.1768122
-16.321936
-3.8818488
10.123297
45.01794
-7.003716
-3.2270362
-5.774642
-10.304186
-7.209429
28.59376
11.54939
-14.041608
14.865983
-33.112633
10.83008
47.13405
6.7469206
5.209057
-6.3065157
-1.0480843
3.9885702
24.970787
-23.208939
5.998725
35.109634
-1.0471181
-25.069553
34.867855
-10.709101
3.7236414
19.784626
29.659119
-7.4192247
-9.991668
-30.91201
-32.194443
-12.684341
2.9069254
22.499765
7.4221706
-17.814096
-23.37226
25.83634
-8.085146
-0.19753605
-13.335604
11.126766
-25.170307
-0.2721098
-26.10413
-0.28896415
-27.097189
11.811377
-39.211308
54.018707
8.990236
23.360622
-41.83294
-10.54148
24.57032
8.350561
-34.986027
-6.0647917
-12.839002
-39.905872
18.435715
19.593777
-9.443546
24.438158
11.552713
29.490248
19.841526
17.306072
-22.302805
8.683911
-29.7242
-5.7140136
0.63167787
22.517162
2.823831
-25.84211
12.350975
-20.319494
-28.386322
28.702297
1.4952598
4.1214023
-21.913847
2.3381267
-6.2508082
9.765951
7.6184206
8.380596
3.0354097
-42.188713
20.032082
16.781717
21.166876
1.8194079
37.00553
9.866362
0.04863715
7.343615
-5.718887
-7.313259
-8.688054
-1.7888987
50.00782
22.261986
-27.179237
-27.96403
-23.012
-11.23909
20.050234
29.580904
-41.110687
18.545761
-0.95761675
12.926211
40.350727
4.9247556
-6.470602
-21.934477
-12.835226
4.972905
-24.189566
13.573584
17.323395
12.816807
18.289524
14.159726
-26.672987
-2.4566193
23.92894
-29.227644
-11.044728
10.494353
-10.240185
-18.9334
-17.205147
29.923122
18.128088
37.308197
3.3753657
8.779867
-7.4427314
-18.972683
8.774426
10.371136
34.897808
-22.41398
-1.7191637
31.841034
-21.24229
-17.662043
18.321198
5.7189484
-28.916176
-35.663097
-34.142666
-20.763407
9.082004
-2.181517
24.810421
-10.231465
18.310133
-31.190214
25.023264
2.1455376
10.750293
-43.64163
12.294955
-10.134848
-18.796167
8.263537
8.222821
-3.0796132
-7.8901296
28.941431
14.459253
-16.574526
-0.7738849
1.6557864
17.920515
23.210846
12.815195
14.831471
22.99048
-4.2441044
-10.992735
-7.0952806
13.647874
-20.42167
26.351137
6.7644877
-4.1762
34.28234
-43.795017
7.685398
-7.6033115
11.2228985
-5.8060646
-16.977024
-10.800881
-19.038774
-17.1808
-1.1529334
10.746537
-13.556551
36.16223
-21.3377
-17.890251
7.4814453
-4.4343896
-15.073257
8.741943
-33.783443
-31.790876
-2.3031173
-0.28952193
-23.995255
-12.091549
-2.0455356
7.7214193
-30.940434
-17.513428
48.76463
-30.93171
3.659659
8.974823
19.455074
33.001686
24.107758
12.091049
12.94915
-16.805588
3.9150875
-6.160827
11.543198
-5.7933474
29.12656
-18.679201
5.9806705
30.989893
-12.196328
35.386898
-4.8657284
3.0108266
11.517218
14.986553
18.771223
-40.854893
-3.1385217
-24.071997
17.712774
3.249931
-27.303772
15.548285
22.931232
-3.5443568
29.780836
32.172314
9.918439
2.1345713
-26.82671
-9.639847
-28.95732
15.820797
-2.2164755
-11.580743
22.473553
-29.247597
-9.9088335
5.5325375
26.880264
-13.713136
-22.151714
-2.3775883
-23.145235
15.845469
-24.742096
1.715678
-7.832778
4.9237185
4.5039773
-0.2028315
30.635445
-2.0943537
-21.313913
20.748247
25.993607
-2.2755694
-3.9324179
-23.898243
32.071148
-34.127647
-34.281593
8.514154
0.570073
-49.173996
-10.824297
8.424863
12.476353
1.1738136
-6.3023415
-26.345875
-20.834185
1.7226721
13.28609
-5.560161
13.15949
14.955667
-8.564798
19.02049
-41.76589
10.059599
5.0454082
-23.924793
-54.928223
6.453411
22.011395
-2.9530983
-35.067753
1.652667
11.137593
34.618423
23.682808
31.071009
-16.938414
-3.0240707
-20.001596
20.662437
31.427809
-4.495374
-14.892316
-6.663646
3.7861576
32.251797
6.6684394
19.271786
-0.7597209
1.5145204
-24.998987
-16.176647
6.20854
23.730621
-25.22969
7.1082864
6.5009217
15.775445
-6.906642
22.217134
1.9113456
22.655226
-18.777214
14.710801
-40.10513
-5.4553742
-3.1925735
-33.819138
9.954072
-5.807303
2.397628
-20.918167
13.866738
-8.7055645
11.681993
-18.311302
-4.6607504
4.722474
-14.608681
-4.7938166
18.60591
-21.482569
23.214983
-4.4043
26.285492
16.913567
26.416418
20.155258
4.391285
-4.6740255
14.818711
-2.946765
-38.1424
14.287472
0.6672989
11.550804
-0.11107719
-3.988021
11.14709
3.2686453
-33.688778
7.0885596
-6.090818
28.775072
-9.510498
0.65446055
-13.506786
7.952153
5.6428943
8.28087
-5.425575
-30.789736
-8.529504
3.5894806
20.657778
-20.132542
-22.951607
4.277165
22.786818
45.51672
15.035913
-4.0588474
-13.650976
14.505717
8.254961
17.810415
0.8904984
-10.21816
34.080788
-9.0028715
14.307539
-6.293967
-0.025116444
10.137534
33.343643
-2.5318081
14.472071
-45.543232
-22.587214
11.954892
-13.940989
-0.22116181
-7.179132
-4.690837
23.679016
-0.7658162
28.513714
-7.109329
-0.4330002
5.1236334
23.510794
16.668463
1.890688
1.5368822
-22.5323
25.11384
-9.986256
-16.151257
-35.659393
36.240894
16.108936
-7.272103
3.2509341
-59.81341
-21.7689
-5.152772
25.281698
1.0779511
-44.75701
5.300672
17.61151
-10.203065
30.7539
-18.863468
24.268957
-15.166397
0.56030416
-10.376629
9.929034
17.23461
0.90183854
0.82646453
31.237406
29.828981
-4.3138742
13.79544
0.83222556
8.764464
-16.676128
-19.504612
9.563079
-3.1311843
-25.123327
-4.7920823
3.1319623
10.116169
-20.982613
-6.2598724
-5.3079505
-23.833874
-19.38858
-19.69505
-4.1945
-29.639635
-29.731842
-5.508729
-5.9798775
-16.112967
-6.2922306
2.088015
-1.5854552
-21.215282
-13.845381
-3.9380717
-2.5383935
-12.451025
3.0113752
-27.155748
1.2661517
-16.46599
25.572788
1.3129902
-7.7625766
-14.9348755
-42.756065
-22.73439
-35.37367
-39.969833
9.63068
39.54412
-20.207623
17.936
-15.929677
34.547096
7.5136614
-7.464089
-4.9885025
-7.1892834
-27.851652
-58.31145
5.759712
-52.413116
-22.859789
23.644896
33.870304
-40.98972
-19.827047
14.547213
27.025433
-23.473385
-17.954355
-5.142808
13.310949
47.4551
-8.908066
8.694477
-3.2726665
11.341059
-2.2907882
-4.8547883
27.176828
29.850466
12.716421
-25.809797
24.42077
15.242507
15.282869
21.957544
0.021755457
-10.1981325
27.949234
-10.396924
12.159586
-19.672699
28.345778
58.794827
-15.07383
-8.886267
24.367939
18.310318
25.727636
-20.166973
8.533753
13.152676
43.954853
-1.9816251
-6.8033824
6.3458524
-12.551762
-28.960215
-4.7244406
-31.688185
-13.371986
2.8435347
8.460743
-0.75066704
-18.749754
38.9764
6.654333
0.8544882
-16.587065
18.13229
12.15427
18.740036
1.5852383
18.375462
-2.217517
-8.318102
8.509526
8.705379
16.401073
8.149443
-14.4965515
-22.366652
21.125015
-22.901901
0.90983886
64.058655
-31.592142
33.01611
-26.292444
-42.102707
8.702982
7.6041436
4.43865
32.70526
-23.817987
3.4414139
21.414927
2.8587213
-24.468134
-28.86334
3.7134767
9.8546505
-8.098444
-5.22898
46.259468
15.421486
8.054238
1.6041603
19.35475
38.408386
26.323402
-34.12978
24.086885
-15.48834
-13.817567
-2.399184
-7.6460667
-36.443832
0.23829114
13.332971
-26.78245
-50.5618
-16.20091
-4.559095
1.5559783
-15.557455
-20.84663
6.540052
10.877896
3.280438
2.5129218
2.7421064
11.008415
-1.0834812
-9.065363
-22.82963
42.412632
-5.908723
-1.0714822
24.40339
-25.251175
11.932641
-1.5358392
-27.69178
-13.47765
7.4306984
-7.204155
42.04661
30.24035
-3.184867
-9.584101
10.5038395
39.851562
19.792843
-44.878746
-16.144564
-7.6721473
-2.594499
27.595526
1.7804582
24.447327
-2.0238748
33.37312
-17.453257
-31.04059
-15.562828
-7.3078833
-1.921755
-27.434713
-21.156286
47.61696
-39.5267
4.783841
19.5457
-19.178186
-13.692677
-29.267557
9.445232
-11.599402
-16.273748
-23.503315
-19.722681
13.850271
4.995566
-55.619724
-37.77601
29.10597
-34.365635
-26.729004
0.8983705
-7.0995526
2.7946951
-37.22378
23.902195
19.340214
-12.962806
33.865562
-28.71698
13.068669
-31.792154
-24.594194
37.77552
13.178151
-9.490394
-15.901093
-13.677071
0.79698443
-12.069587
39.970467
21.682562
-22.187544
8.335023
-2.1361756
-14.950511
-23.31841
-10.979148
-2.9031718
44.30347
-2.7589414
26.53095
-16.116333
2.7780862
-27.121365
-0.94247854
-19.755413
-8.992113
-35.144318
24.709148
-3.897547
-8.990766
12.383832
7.39426
20.14342
-1.9757428
-44.33578
8.3460245
-9.044115
-5.0620584
-16.583845
15.399258
26.797174
17.297417
31.796568
13.456847
15.754546
-3.830294
-9.419363
9.03958
39.82159
-4.403774
-30.225306
-8.851255
-8.92746
57.998436
-25.648682
-4.5767117
-20.295002
22.111164
-31.453568
-31.529783
-25.183617
5.227273
-5.679202
-34.5821
-11.447136
-6.3060846
15.888829
-7.6090393
-10.705343
-4.395228
-1.5197309
23.731451
20.514248
3.3806372
-0.87343466
0.7253897
21.042147
9.816813
-19.041779
-6.6732655
-22.767189
9.716755
7.7833676
9.212302
-8.313915
-5.3631454
18.172253
8.026846
-16.317924
-6.8576026
-12.850699
20.866713
-10.486104
-0.43849158
32.22691
-31.215147
-10.55346
11.9145355
-25.136137
20.767712
10.519252
-26.163157
20.981518
7.3258886
-8.368264
40.510094
15.34529
14.469115
-13.716248
13.796364
20.639643
32.573402
16.724646
-13.067893
16.253008
-32.537403
32.5351
25.23688
-8.510644
-23.64221
-22.571735
-3.2180998
-14.779473
-16.372438
-11.984255
15.850323
-16.465143
-20.804068
28.16602
-10.864999
32.578857
-13.829867
8.073113
-32.723263
29.428337
-27.151257
-22.701208
-5.0884833
-7.837066
1.3361725
6.8429203
30.04401
1.6880071
-3.0399213
-2.527872
5.5510283
-14.07131
-12.088582
-11.264399
-15.896246
-36.939816
1.4562434
52.702477
-23.72625
-20.141994
1.5845606
-7.1384726
-4.011506
18.464182
28.391422
1.8376235
16.170654
5.5517454
-13.83446
-29.425129
-8.199477
-15.781052
1.3607426
11.280826
27.662222
8.05896
-8.35958
-4.290448
-13.426134
18.485828
3.306827
8.541981
45.83168
-14.222561
23.136591
-14.799135
9.009684
-41.494778
-8.14946
23.614182
-8.33484
-26.262714
-10.143778
3.1921616
-1.7559553
-5.2411513
-22.51996
9.923702
-7.685915
16.0972
48.82051
-24.782063
-7.5555773
30.657938
1.4126098
-12.17316
0.87216485
1.2039738
-19.304375
13.814549
-22.157778
-2.3396282
-9.148354
15.158129
24.251213
-1.912071
-10.14079
28.594791
24.874802
-42.512768
-24.300623
18.152548
17.62393
3.8171134
-33.16005
-19.238947
-17.711859
-19.963507
-26.027878
-0.012924314
4.561093
19.69839
-2.9515717
13.408831
4.423535
21.522083
-24.298208
-30.735815
-25.035988
-30.837378
3.4214118
24.948513
-9.381325
-39.427055
6.2275677
-3.6269507
24.15839
-14.053376
30.101934
18.355228
-2.9486175
28.652887
18.72049
-9.057023
1.6553106
-6.547425
3.724067
-0.7809535
-21.9433
1.0900571
10.837001
-6.8060036
-5.2154684
-4.5890684
4.465354
-7.583045
-12.266006
6.626236
-4.6904078
-22.82693
-27.353054
-27.222391
8.505845
8.736916
10.415131
-30.423008
-18.412027
-4.1953745
-1.0808759
13.282415
13.088601
18.496355
-42.62745
17.415543
-12.29893
-19.794668
17.787518
-8.125775
11.077152
6.7742953
21.734528
-3.0865312
-1.4595248
-36.473152
-64.709435
-56.761078
10.223968
4.7555995
3.0770316
-6.4436736
3.9384956
-10.17868
-17.655394
2.3800697
-22.195307
15.401272
-12.53055
4.6921353
40.84875
45.7832
25.767784
-27.1418
-19.792692
-33.40248
-25.021238
-2.187971
4.263806
23.358753
-9.9903965
-27.885899
4.291094
-0.23358858
16.353851
21.144453
22.270859
20.34196
-17.675304
18.61668
-19.727266
0.23788118
-15.433568
-28.027225
-9.789795
7.050926
10.395906
16.23137
15.746118
-0.48288226
17.544386
-9.871853
-13.739855
4.8922453
36.18909
26.29991
1.4478049
3.0343838
-16.58209
-10.897045
41.891205
6.872157
47.974968
-19.344316
0.21085608
-1.2661345
-6.7383847
26.517246
21.307003
-27.36298
12.092763
-5.879565
17.075176
8.007817
-8.570528
-25.078354
-3.4235897
-13.69979
-8.294611
2.8622952
13.514004
-32.51604
28.500729
-23.506031
5.030143
8.406114
-4.109295
-9.58094
-17.143097
-21.291008
33.483818
9.929719
6.626554
34.653683
-24.156878
-24.513458
10.697146
-0.7393224
0.41143364
9.376472
-4.9797564
3.7441075
-14.4349375
26.278011
-20.81389
22.825026
-1.6910121
7.686381
3.839316
0.021582246
-3.4005547
2.5259223
-31.289234
-22.747269
-22.831278
-15.478422
-41.938477
-11.17095
-31.060884
-8.360445
35.836647
-24.63099
4.1384854
22.13183
-17.261808
8.211283
-11.560924
28.633455
-1.6053442
-4.7936697
45.37551
4.751562
-3.321214
-18.827238
17.070883
-15.29204
27.60061
5.550125
7.9911523
0.16591653
22.792963
-16.507982
9.848586
18.845814
51.400944
-9.950291
17.284948
17.203714
4.0353613
6.142277
7.9454637
-24.953966
11.119432
-28.122377
-18.777424
-21.599792
-11.671126
5.487943
-37.026382
-19.498703
-0.12796402
-29.46816
15.149968
15.351494
3.4039283
32.020267
7.237127
-5.0406275
3.543074
-13.726375
-10.019846
14.574877
7.00704
-19.999847
44.086487
-10.147063
-21.444035
10.150603
1.6850761
2.1650171
31.712252
31.4103
8.126535
28.690346
47.352375
-13.354953
12.6048
17.416592
-8.40672
-37.777096
-3.0572393
-31.144968
-0.63582605
-24.26532
2.167437
-28.678858
-22.141333
-14.1845045
31.42014
-28.081781
23.986275
0.17879748
-3.150192
8.006557
9.622324
4.3759093
14.134763
-4.6708684
30.597013
-15.979387
-9.275199
33.95656
20.237637
-48.17197
10.685097
-7.399572
-16.251078
7.341698
51.401833
-2.4800644
-39.542007
31.71519
-21.316597
-6.446912
4.201853
3.9558468
22.762135
21.152987
-10.753935
31.36017
20.577608
3.073367
31.873106
-22.835129
31.512342
2.3993375
10.393389
8.540609
-9.404524
15.862738
19.905243
4.904192
22.304974
15.226561
8.055494
-2.2815862
35.563095
-32.360085
34.283035
-44.66083
9.584727
10.875296
-6.467465
8.743078
11.45488
2.7571974
27.725882
14.753786
-1.292457
23.870436
38.37325
30.597954
-13.270829
36.380035
-3.9220662
-12.599446
0.53338486
-24.638098
-2.5821493
20.870476
9.805346
-15.707758
-2.514188
37.972862
17.93942
-38.67571
-10.162935
5.9441595
-13.263049
11.489411
8.589741
13.857019
-5.9702687
12.282228
-6.2222466
10.591875
45.568726
22.028774
26.241432
16.87027
22.214735
-10.543281
-0.7431029
-13.716565
-27.863485
36.735573
22.974022
3.9251308
-11.663302
-13.096777
-55.79637
43.018597
7.0409
8.4226675
15.99259
-12.376138
-2.1844254
21.058949
-0.71647716
-0.15936995
-2.633809
-43.542103
-0.052658856
-26.381538
18.278566
3.8754485
13.454706
-4.401234
20.586662
9.972682
19.201925
-17.727816
-13.9003935
-15.119324
5.797596
4.1401567
5.7632627
12.202596
-23.013624
-2.641598
50.842968
5.6510677
12.744019
13.73655
43.42727
-26.113762
-47.830933
-34.730167
-20.724825
14.462589
-3.827228
18.054186
6.907101
-2.9431622
45.46173
-19.487877
6.7189903
11.863586
19.926708
-9.878272
-10.78596
-9.001533
1.2091908
33.827293
4.161528
-25.403675
-20.418936
-31.93027
-0.37234706
-1.596847
9.920648
-1.6039141
-9.868771
2.2815807
1.2421122
11.985095
1.7982247
-30.84334
-40.717648
-7.9914937
-1.0933213
33.998543
-8.14961
-2.865849
-12.912453
-41.16667
-20.376575
-8.667067
-31.627186
-4.949172
3.2310262
-18.437187
7.267136
10.005306
21.057558
6.9705544
-8.631466
-1.3701698
0.026394963
-1.0886981
18.150833
14.384212
-16.447878
41.449825
-41.791756
-12.7472925
9.318773
-31.465477
6.655834
15.07998
-5.022415
-39.423878
69.3152
-27.528385
14.120171
-7.618397
1.9614887
12.702182
-4.424954
-3.4192533
20.61616
13.314276
24.472855
-33.52535
17.27864
28.303856
30.875309
8.275571
39.71279
-16.166153
-37.36223
-8.43454
19.60831
11.841083
-33.83451
2.0184345
8.771166
-14.679557
3.1708856
0.17491788
7.8818717
-4.062702
7.541438
16.943779
19.836647
7.1060276
-9.655237
31.952633
32.08814
-49.051117
-17.85905
-4.9367847
8.3790245
5.201569
-25.511639
0.7625276
-24.64352
-4.2563105
-23.691166
-15.66709
-11.800418
-2.6729474
0.45577323
28.937405
-14.161793
15.796936
-27.683113
-20.737698
-11.318865
-36.778152
-27.873644
-28.207663
-8.073198
23.955122
-27.176514
-8.786502
-18.803835
-3.385573
10.074543
-31.952692
-1.8056324
33.88481
27.179766
-10.686778
2.242955
-9.7035
2.5069163
17.81316
-15.303878
-11.347353
-23.754847
-2.943716
9.79491
26.67464
-39.522377
13.583511
-8.92782
21.322733
2.7373085
-5.7569413
10.81408
-4.616149
10.743692
-9.206529
17.090729
-24.15557
9.649585
-21.063038
12.6369915
-11.406498
8.678241
20.235693
45.105247
-20.534595
1.4834739
-7.139416
-20.933886
4.301487
-26.688082
14.283485
31.884148
-23.80155
22.702522
-43.78314
-16.935495
-1.414427
11.965887
9.690645
-14.047914
-1.7723175
3.543348
10.08031
19.075523
-19.470299
8.516022
-0.7533728
10.608347
23.56588
-18.314724
-36.066856
28.205908
-19.58416
-16.135311
10.831909
21.17852
-22.419432
-24.26627
-24.753796
9.981075
0.7804138
-5.6684356
13.433808
-3.5088232
26.095768
28.382011
10.820589
35.37756
-4.8261213
-8.412254
-12.81028
-12.647445
-8.516956
-16.38395
39.744717
52.050552
6.7787867
-23.036623
40.028282
16.9069
-3.201624
-35.15844
-48.331894
0.57056403
10.291983
0.5251682
-2.7568007
2.5805469
-35.83183
0.312797
21.200758
-29.137018
6.805338
51.6609
-3.575066
8.353483
-2.2733612
-17.124958
-9.686047
14.505625
-10.108172
7.600724
6.7377596
-1.2754443
40.012596
-16.49569
-1.6479391
42.637196
-1.7704244
8.4203415
9.510113
-21.744568
-16.476473
-22.553135
-1.1748462
20.270027
5.183623
2.682356
-5.2154293
-15.491511
17.21424
-9.246208
5.3352504
-9.807304
29.062462
1.603639
33.637497
4.668153
-22.374134
11.543364
-30.047977
31.9936
-34.79738
-31.34705
40.518784
16.884516
-5.7473445
28.810606
-3.2587895
-5.7906723
-21.45794
1.5232474
-35.559017
4.22278
25.905983
12.9423685
-11.694937
1.5754076
-17.621984
18.077229
20.17463
-31.92676
2.2840471
32.500168
3.8902996
-32.74591
0.9630369
-16.57501
-4.825504
-44.73093
-22.82085
14.930709
33.611492
-8.490566
-22.591953
9.561838
-28.101404
15.211331
-19.997932
7.050038
3.5929668
-7.5945153
-22.779633
-12.573706
-7.0025654
-13.913854
-15.66258
3.2724142
-4.0583773
-24.105907
1.3091085
-13.605831
4.659056
-5.109598
44.043472
-23.055075
3.5155954
-8.8661
26.912695
25.874554
-41.00647
-1.4073957
20.853025
11.265695
10.139258
23.286686
6.8911204
-2.8171206
-5.6593
22.714348
-16.182617
17.633358
-16.92962
28.935688
-23.882875
-13.792075
-26.294296
-23.546265
-11.496396
8.670458
-13.208465
14.484472
-6.1153107
-0.054147243
-25.359423
-0.8821554
12.067681
-54.82507
50.145042
-10.336765
29.706484
-18.663912
26.905556
-23.017717
-30.740948
-9.87858
-24.427006
-5.5527463
0.26333344
42.372227
-27.08081
-7.3855696
-41.79858
-36.164154
0.6279626
-17.137135
22.529577
-24.785639
-13.66356
-2.7201567
27.594858
32.100655
11.276305
-29.643127
-44.077553
10.447676
-4.0126996
-13.471943
3.0960026
12.452819
12.87963
19.433105
-37.506298
10.773648
8.622206
-28.239332
38.17858
33.073914
