84.657036
-169.3296
-213.33617
-257.85843
-77.085045
683.44464
4.8684344
-101.72834
-66.74465
-320.80212
88.01966
-32.92314
43.9177
-459.0581
185.74352
387.57208
-41.509052
215.1267
-362.38663
-190.49191
-21.119614
-225.25902
-461.7895
186.76605
-80.2469
21.50072
110.05226
-102.52816
599.0878
130.95973
-405.53757
191.2341
-102.534424
411.67496
-218.39537
49.77816
438.7198
282.8013
126.457985
-288.7267
69.838264
324.97202
-254.19135
-143.21005
-75.295586
-195.68195
156.99529
609.40656
-499.75516
27.27362
-85.83672
-169.29977
166.4493
579.0045
-18.329092
109.945404
-96.47508
290.37732
-17.245594
-99.11858
-359.36322
-224.17946
235.19519
-17.106792
-56.94514
60.264072
-207.45651
-175.18893
-188.08875
-32.426937
-11.234016
-226.23393
-43.191708
-78.15734
-201.87892
77.29468
435.2953
-505.4041
-50.510345
-24.875751
6.388956
-27.830376
-305.71194
145.30426
-115.94458
-714.79254
129.76245
-407.61713
-111.08774
353.6774
-694.2969
-79.04348
198.0922
142.53287
22.44924
513.666
228.04933
154.32027
-133.15964
-155.27525
37.017258
-49.427074
-219.39322
121.64179
-279.42963
300.77716
246.9206
-75.6019
-272.7731
75.21401
-279.06232
242.18044
18.2179
-371.51443
427.63223
-415.0949
-195.87294
143.50763
270.97394
440.4411
39.527916
-608.48236
-57.387447
420.2598
-399.95428
-102.49125
-124.377716
-211.43478
-260.0793
-105.91971
-377.53708
194.20554
-37.788746
6.3462915
-150.07721
-212.37105
119.19039
203.08292
352.1004
-400.6322
-122.42875
-30.632973
-51.18154
-68.60815
68.07069
277.9851
-168.10175
55.757935
-101.462585
-145.74266
315.27234
-150.00635
346.44476
516.49243
231.45793
253.89009
-50.13573
-120.865166
-135.98375
-664.2124
-251.12253
-232.79176
-106.882164
-130.4812
-94.64833
718.11285
78.361786
193.82086
-22.392656
-610.8256
-532.09015
-278.574
-43.618103
-226.87386
-481.34592
-555.45404
280.3196
-248.3118
-274.18753
20.445503
-98.1743
133.93866
169.90192
-265.8001
410.9248
-65.824104
109.337204
121.5037
2.2517145
-181.24397
-297.84442
450.96158
-40.86745
-266.53427
-110.72929
-303.19135
188.56134
98.388245
-67.252495
173.51714
-14.079504
83.48693
11.761142
281.70407
-19.264263
28.332888
-722.34546
319.6241
-253.87466
325.82092
-7.5432878
398.24713
-31.198664
243.30055
112.463455
45.053593
155.75821
378.12057
511.79898
-46.535137
136.42012
-450.92773
44.807655
-55.313942
331.57047
254.7411
100.32064
91.1347
298.16257
-233.88512
-108.20395
18.91725
51.882057
-175.909
-239.58246
-166.54108
-249.85439
-354.62772
173.51329
-135.44048
-205.72484
-52.016838
-171.77669
801.4026
-363.82242
-19.54456
2.77488
-249.61179
149.78284
194.70969
-159.97035
-580.4847
-206.40012
-147.86171
-476.24356
-312.46133
-130.02986
232.20602
186.45764
40.439796
-473.30457
-70.9826
16.686682
-173.64224
273.97507
-268.02057
-74.79191
-450.53723
-313.41476
-19.2288
355.66626
-426.35077
-301.5522
364.99796
-641.72253
-142.26936
303.47098
-323.45117
-42.956966
-430.04016
240.58127
151.01953
25.75089
255.4068
137.18405
-450.5814
-3.8982415
-113.91255
-86.73109
216.70866
-275.74966
77.72933
20.508163
-71.78644
-230.81999
229.64874
-134.39938
-40.251186
53.999737
5.2586064
254.1176
-364.33398
91.529465
-159.25066
272.00934
-287.3432
-339.72305
-394.93286
11.645489
-12.957428
-86.5501
338.236
87.49179
-256.61917
-215.44272
-61.228096
-206.68176
-263.76996
-518.9171
-59.725662
-102.91339
115.143745
416.84406
-462.84253
-399.75516
87.58958
165.69089
-489.82294
-510.78802
25.41983
248.76132
130.55269
423.93945
97.10226
-88.522064
-213.5727
-224.7625
-339.45166
-83.201225
-271.8429
23.822708
-30.154713
59.95909
219.3396
187.57236
40.25012
58.490314
0.86863697
457.0412
451.3789
139.75647
-161.43367
10.5397415
68.894035
179.93124
23.224087
402.04678
-131.80959
-256.74124
-156.45105
122.756065
-444.57654
-167.64589
-198.98247
170.01826
356.1861
76.19399
161.64464
213.98474
383.34357
402.43182
241.42075
436.67023
-96.71789
-86.13123
-130.86552
-62.794415
193.2023
-76.459984
-227.67935
347.91205
106.42288
78.43911
56.68561
21.750183
-454.96548
-109.75335
-78.1619
-126.59682
-114.70031
-100.2415
203.88362
174.12451
4.4293694
-51.887962
-198.72025
-72.73731
-7.2136836
65.728424
-528.055
58.093906
-147.3504
22.942144
341.8042
-91.96672
-138.52762
-87.63063
368.93
-186.08694
2.066639
-181.17445
-322.47797
319.23187
33.11597
125.935616
-37.402336
463.13736
-360.3488
311.26102
-3.42337
47.429012
-427.88617
-266.6521
310.71786
-16.649355
-195.10223
-212.99133
-320.76294
-195.44724
175.64511
-133.43222
392.53592
192.78043
-299.46854
-195.6306
-288.57803
-151.60614
-97.41156
479.98666
-181.81963
94.191246
218.80453
137.60262
665.7096
74.068375
109.49301
-23.200365
507.54034
-80.078705
-16.006344
-112.04518
-132.99118
549.8131
-351.954
-189.58556
-430.37277
-201.75912
732.51697
-186.21037
71.09018
-295.1771
-31.868618
-204.84769
-402.63248
-192.2403
139.0169
56.7652
-211.8178
231.52898
-143.60657
428.93057
63.44965
18.338783
38.136295
-72.77978
-318.57605
-113.1283
-51.281246
186.39223
432.18436
-301.62625
74.14398
34.471016
-407.2944
-487.73135
-257.33026
124.78947
227.83972
-116.77414
145.45403
-243.26425
-280.662
69.704445
-399.84137
40.807426
103.07917
-497.34863
416.78412
443.0961
-39.610832
-61.742214
157.4591
-475.16864
220.00214
-679.29346
34.2037
-98.81431
-70.00687
318.87424
-26.238987
-221.9582
-721.69025
33.714577
14.298239
-345.7764
164.07877
380.1381
199.27957
-487.89447
92.18041
130.09726
-155.31487
43.592926
-54.230705
-321.6366
-1.0284398
206.84518
-177.26517
303.9839
327.00677
579.5443
25.602869
150.38133
-59.406094
610.56146
209.28084
334.31702
-455.3915
178.47612
318.86725
145.22258
-180.75429
129.9096
68.870026
18.600092
132.69626
-416.2929
495.54254
4.5359535
-53.879818
-129.59613
402.5028
221.07147
53.407066
-190.42592
192.3898
38.398594
-66.87058
82.68831
137.78972
307.2311
-58.382023
41.212326
136.07747
278.56995
138.49632
-303.595
181.56194
332.7758
-152.9496
-39.73143
-140.89474
-306.91956
-496.46564
14.335221
-259.80057
-116.49312
178.46465
-145.65332
197.60141
380.87137
-14.862439
833.81195
314.88443
-241.78
175.86322
-233.66193
133.73875
-153.80998
66.47522
54.672054
52.160877
-3.948621
-93.42371
-9.203004
-288.3869
-252.93523
-184.25978
173.53813
114.715866
197.02779
-159.98631
-107.8007
-588.5184
-312.88434
-83.12054
439.58618
-83.75635
17.660973
-301.04666
184.13675
-212.851
124.0624
-53.113808
-202.39027
-7.01919
116.09169
30.283947
-55.306297
34.451077
-14.43028
-272.61078
191.59076
-83.13278
-29.674765
-513.95264
449.5308
23.143166
-4.7032394
-53.316017
-211.46532
-300.51785
-4.4470763
-282.12354
-39.61006
-210.77357
-190.22183
24.311634
-17.80906
-47.70588
137.76477
365.56384
-40.67583
-43.704987
-231.75435
-419.54742
431.07672
354.22983
359.2273
-406.82968
-145.4811
27.076813
137.84727
-56.89871
-651.63446
82.8964
-332.4645
195.22084
-423.18124
-286.47018
142.65875
151.64983
290.6425
-314.12802
276.41373
-170.10666
70.55947
284.05878
-358.6016
-182.17914
255.55862
-14.10296
284.41617
-103.82521
-180.96387
105.239716
712.85406
-111.14774
67.64546
195.02365
-143.49797
250.24628
-45.422817
-96.45623
-29.47438
774.1942
-59.104862
-182.79257
-424.831
-70.88015
-153.85454
184.79654
-317.91095
-70.73981
-137.61974
194.45934
2.3338711
58.25219
-81.79737
-1.3252354
235.66852
213.57942
87.8625
160.11838
-60.95788
-215.77446
298.8244
44.755203
-150.53221
112.94314
20.050158
-74.88478
-22.520948
-263.89337
-89.296974
-100.61545
257.10455
259.82455
-217.30528
-250.06195
-321.4688
-393.74698
-507.64395
15.688039
-150.15787
728.3442
91.38083
-78.22933
23.630419
183.88028
-184.53056
-493.65378
-705.9767
-10.09091
61.87408
-105.8822
-191.63689
340.0584
140.90204
224.54382
-65.20004
-168.6891
84.34429
-220.06339
-461.63992
-22.209753
447.3392
97.59091
265.89703
149.84186
269.1306
-299.80026
-137.1788
266.633
-292.0775
-280.72513
-41.568672
204.22353
145.46147
-166.05183
431.7404
-516.7783
-56.73954
-672.27826
79.91583
100.20265
-233.63353
162.77238
-96.67334
-131.85591
431.75095
323.03296
-151.64189
65.445526
468.903
291.7728
-498.05338
-265.0958
231.89766
-89.10339
-551.891
-84.0189
236.42836
213.78967
-118.95361
-174.1392
340.35187
-189.44783
-564.2513
-160.9402
-571.51544
-316.63065
-117.18625
131.75777
-9.31192
124.51221
267.73386
275.636
-397.7109
156.92284
306.155
-221.5568
-332.25476
-308.61295
88.87603
163.81119
-214.69211
89.75904
83.44359
-392.48724
-7.4107056
-29.89569
-69.42208
460.2464
47.93812
-334.18716
428.40134
-342.71432
14.552175
143.8893
-297.88052
201.4396
-93.35367
133.11093
-100.60517
-194.553
10.746344
232.635
332.7632
37.496544
-183.16025
-188.44608
45.82504
178.59793
-201.72264
354.53763
166.9862
-462.05765
-69.119804
77.83496
29.244272
152.06639
32.587563
564.0258
-25.366282
127.71383
-349.12064
-14.578313
200.76309
434.64108
-70.58669
93.63311
152.96548
120.558266
-68.42993
43.48949
-150.10223
342.54684
-169.29422
-140.74884
400.0953
-202.26376
-383.84155
-60.93442
230.79683
188.82773
360.51096
-573.01245
-451.4702
56.059666
-84.63728
25.714193
-8.143326
-53.600754
-286.36633
323.73682
-123.139404
180.07349
328.11322
-373.82953
267.7392
-215.23816
130.97566
161.86002
74.3442
-85.692825
-218.71432
361.1843
34.226955
-2.0139084
-121.2049
-250.70753
-269.8501
-194.11621
127.48101
-388.08917
49.736702
198.1465
-194.25897
641.4062
-136.07698
-99.769585
289.43085
-390.59128
-483.79364
635.6251
13.554052
-259.91833
-479.65005
354.76935
-95.166306
-423.2915
126.369644
-162.34372
122.82777
-258.44986
-170.6476
-260.1536
83.83757
-274.8444
-316.8358
-191.42712
-233.50102
-125.424965
-41.804646
-538.1689
188.35176
167.54437
241.91112
-166.22563
58.308327
-123.55916
382.11877
85.08729
-181.06879
-411.0639
268.06732
126.15885
-12.245471
209.5455
323.5146
-61.630154
-90.51292
-163.72412
-123.67512
-107.8505
-463.52078
107.67823
198.09355
-115.842125
-388.69702
242.00288
66.999886
246.35751
189.25458
-54.64671
-140.43727
-395.86914
282.7132
282.09775
65.54563
-625.0403
10.619623
165.73918
318.01764
67.82612
318.30765
249.55713
172.99751
255.48083
70.822914
250.4338
-110.10076
-4.148645
260.65393
-197.9161
-205.51636
-67.73236
-92.507774
62.835567
-149.45407
2.228895
300.6608
-521.3081
289.3646
127.54681
175.32559
-51.15666
94.410286
182.10298
130.65582
226.09383
-58.432632
-29.349968
-302.73627
128.98584
216.15579
-701.65295
70.00314
126.96266
-39.62472
598.3333
-84.582085
262.24304
348.806
-34.084675
-385.68155
267.11044
-59.108616
-90.755356
-9.444985
-164.73605
-296.25446
-479.25732
-434.90842
51.90901
65.7976
-220.03706
250.8576
31.577923
-332.73166
272.44513
-15.956848
12.280446
252.81789
83.6635
150.533
-283.70853
249.5668
127.09566
438.95605
375.30887
-70.76127
-325.8634
-304.10657
-421.42664
252.55188
-502.0833
-76.851494
203.99239
110.48233
-75.491936
-165.44684
540.6266
-163.59361
51.849014
-500.7266
21.97903
41.27229
-418.2562
-637.04395
-259.57217
508.73657
-83.60204
-97.38645
315.36444
-559.8006
444.96243
544.8892
-193.58641
-60.587677
-184.98965
-178.17146
84.516945
54.269066
108.02079
50.192238
439.16858
-27.189497
380.4875
274.83533
-7.262164
139.06984
-159.49522
-275.03925
-395.4311
-381.36926
114.67315
-120.241486
-7.1797724
22.408373
98.33173
344.96976
-120.56435
-162.44438
-155.61803
179.67627
399.59204
-348.81775
-50.14494
-399.3446
-112.58162
292.19427
111.95984
303.9609
125.43016
-286.7651
-696.9825
-343.06143
22.180084
357.73096
86.65914
81.58129
-37.884132
49.13627
295.49286
386.12335
160.99751
231.45197
49.975357
117.748146
-308.89294
-4.760396
132.48978
281.45016
14.904918
-337.2275
-266.69464
-226.04565
-11.809118
247.6362
-292.80377
221.71167
-234.48532
-166.74518
-169.44751
-1.2937267
40.40659
488.87415
594.6328
82.1676
1.2438512
181.4365
284.48163
-125.254265
266.66052
-252.84421
246.57054
-120.418274
163.72958
-328.2347
32.207333
-231.80647
-89.14071
-9.425771
-397.11365
-89.62713
-259.207
259.86963
131.3005
-418.1447
100.30241
268.26828
-198.90712
-30.751434
212.87341
418.1558
284.5354
160.84515
77.47133
-3.861156
-210.371
-215.47975
-428.90298
196.90474
619.1994
327.86447
45.208603
566.2034
57.107525
51.701054
288.37256
-254.072
214.29175
-15.244401
-106.05788
99.71828
-260.71262
-533.76495
108.9133
-3.6718206
-199.34143
326.68307
-293.30914
-47.080933
-228.70866
-42.706135
-272.37305
-187.21146
64.94497
-14.838089
-148.02898
139.12323
-288.0336
312.84396
66.60193
422.90884
151.16687
188.85753
-489.3416
93.3179
-88.4189
63.768402
170.23598
18.673641
238.81966
-432.47342
125.70787
-38.209843
185.35432
118.160255
485.34637
316.4406
-38.10806
275.34335
124.896385
411.16718
139.94043
-204.7523
-29.496906
70.257195
-89.662224
-240.33531
-527.683
-303.15826
472.05557
145.76013
211.01518
230.93945
136.29088
242.22464
-97.7824
95.9286
34.248096
-4.379734
-439.76892
446.2081
150.06197
80.74493
-14.016005
-158.06035
-380.22894
-409.92288
-293.8332
78.72667
-67.77785
-130.53693
103.3972
17.751179
-87.62206
-165.67278
282.55185
-26.700163
215.52827
-57.299667
-419.88654
192.61429
31.525034
-589.88586
453.6594
-39.88306
311.86877
130.46445
108.531166
-132.96234
311.27704
-380.15985
-266.5964
244.084
-374.2639
226.33542
-526.2793
151.05751
-24.060068
-174.3088
-408.7284
179.10678
300.42966
-105.249756
-337.05048
173.55682
278.83737
-457.4429
-285.93024
-95.36008
-537.2492
137.03159
311.26083
491.1965
-419.84064
158.43384
72.54298
-440.07098
-299.31244
-193.50793
-144.15497
182.81421
-123.78267
-181.48386
342.5439
-596.8794
-38.198376
-341.8799
-238.9104
-78.19046
-112.812775
-39.640247
-14.924049
53.816654
8.993885
72.45144
33.584675
113.7161
552.87714
217.20059
-64.998886
182.9738
42.96125
161.29832
613.148
-181.67902
390.28012
-70.364746
-44.75732
-293.1222
177.22389
646.48785
601.46466
201.57948
369.1223
549.9185
-378.88885
-68.92886
425.40506
-58.327057
-58.63768
45.2105
114.82201
-38.19614
-518.57654
-182.9486
-193.54233
447.39752
-229.60269
-260.94217
-500.6403
235.83109
-347.60785
-118.74412
-275.91965
72.39703
-265.3321
-302.7781
10.696411
-381.16324
-123.03961
34.36675
109.828926
-19.422108
150.56653
182.77321
-49.673134
-83.53614
206.47838
455.5405
210.50809
-189.29588
-123.74582
201.82613
-325.9317
-262.28052
-259.68597
-138.06549
92.62035
-81.925865
332.17084
-52.11656
-34.00971
143.86266
-185.14552
-470.12054
-239.65019
-281.14023
157.82835
12.741838
-118.02278
468.94504
-15.154763
-123.108826
252.13547
-371.2754
-445.27567
509.10196
61.82882
-373.81332
262.5782
-312.2403
-163.0978
292.60086
266.40823
-346.12402
-62.44666
556.4434
212.33308
369.81638
224.5957
-276.64862
-117.48196
-22.062693
407.41052
-102.15063
24.424517
75.324326
157.68303
137.95174
457.4566
67.29554
275.10632
127.5461
26.799797
-2.7468104
37.50398
-393.7314
-0.63719654
-734.26697
-1.6330514
-82.40881
104.70571
-246.91344
-63.12226
47.674065
209.96338
