23.386646
-182.66609
-220.50807
-323.2176
-88.34737
549.8743
128.02036
-266.18634
52.66669
-400.33954
108.48405
10.692364
150.85197
-363.81754
158.5778
431.15518
-106.91908
64.339874
-19.2129
-255.35262
-65.42663
26.153858
-165.95653
38.963516
31.46465
-45.756184
-71.09762
-62.034515
468.4025
-131.77768
-360.03534
116.780846
-102.12879
423.5568
80.949356
-12.17927
68.299644
199.29
-52.591377
-327.53366
7.2805996
96.94107
-257.78903
38.156586
-164.45428
-49.01741
246.2818
583.02875
-334.63586
176.9992
-72.44333
-257.51505
119.31813
395.1979
28.851377
153.28398
-28.455053
230.16296
13.237707
-274.47696
-381.3598
-283.35352
183.98221
157.52802
-119.218994
-35.832115
-145.97466
-61.976177
-240.43495
-79.31812
-79.74268
-358.08514
51.718426
-85.67294
-217.21692
200.69421
240.84473
-343.05258
-63.720806
5.361142
74.874825
7.1873827
-71.144646
-203.56787
-60.46717
-492.4192
188.93277
-291.31342
-8.517531
242.11087
-475.1544
-231.89455
320.03485
143.30162
289.18887
369.91116
78.677986
302.9955
-47.23994
43.811684
-103.54405
-117.438805
-78.81769
17.042618
-87.109116
335.85986
-33.63167
114.207245
-138.37943
93.819786
-181.53986
105.69355
-9.337603
-153.19409
382.39157
-197.5763
-270.33258
39.57963
158.63843
372.14438
12.55321
-550.0945
-165.61343
393.25934
-286.04996
-218.3219
-70.15906
-179.33646
-106.56953
-84.985634
-331.80096
225.76418
13.763713
1.8908062
-189.07059
-386.10672
22.368795
233.73059
545.6446
-239.27744
-84.73878
-43.780243
-91.965385
-137.02115
14.389317
125.03905
-159.90721
-3.7999127
32.575844
-5.4160776
196.04605
13.674628
257.45694
348.75418
-7.723013
47.0348
113.52426
-48.81009
-368.21344
-548.91797
-127.24901
-280.40845
-10.997648
-71.46994
-78.92414
485.65305
311.6173
370.83612
319.6614
-603.12634
-426.36203
-216.48376
60.027794
-118.56066
-120.80739
-328.45148
80.65286
-138.84296
-113.13271
31.515593
-86.438446
231.08255
27.75948
-88.56731
253.44345
-76.63266
140.5341
-73.466805
89.65126
-76.264305
-218.47626
314.0271
-88.568306
-53.926186
-67.66463
-40.30471
61.967323
225.69106
22.436752
58.095806
-33.214214
-42.343605
-44.61036
322.34906
67.85735
83.565125
-690.9656
233.46245
-187.73354
88.34983
-28.969439
436.88324
124.00139
328.50153
31.721842
-159.02678
121.78492
264.01266
361.10638
106.159935
-18.095814
-390.90668
93.73773
-56.513058
280.07178
37.00933
44.735115
104.616264
335.29694
-264.65286
0.30963206
140.28563
88.39749
-110.044365
-314.84912
-256.6996
-187.46184
-294.55545
118.128296
-188.64348
-0.81194735
74.698364
-182.49136
643.61804
-229.71873
39.239025
-123.27025
-189.11319
277.17532
190.39879
-155.93791
-309.94418
-293.91458
-120.4373
-253.52882
-441.25366
-93.89109
6.345254
74.158394
47.03363
-381.6045
-132.84193
109.43055
-325.64456
363.4186
-7.0212135
-40.27592
-432.70853
-274.73477
-44.50465
255.1878
-273.48975
-56.23235
260.46432
-542.284
-128.97908
270.9001
-222.18124
-20.531988
-302.88873
190.52415
256.35617
68.858055
186.10277
216.15434
-359.26355
73.841484
-16.507954
-0.84510154
301.01358
-214.6716
34.243073
286.92715
41.976562
-221.26735
171.4959
-237.3868
0.53505826
125.685326
108.76305
99.63815
-322.32492
71.34472
-77.086075
131.85883
-52.488583
-473.19043
-320.04507
-38.46647
123.196
168.30247
102.07556
-77.67784
-150.3384
-165.05211
16.216074
-30.145336
-129.95116
-391.04373
-255.01355
-179.32504
-2.1984997
266.885
-340.80872
-352.2648
65.24409
25.032349
-354.61023
-350.36606
3.2556777
176.20372
153.4501
51.84443
-9.066208
-71.97265
-204.20232
-9.191797
-224.79057
-34.721516
-204.78064
-143.8052
46.74348
51.429935
105.73969
178.20981
136.06877
196.98494
-94.879456
365.03427
215.46516
267.84784
-189.33597
-93.354965
-90.35158
56.621597
122.59932
396.05682
-61.760788
-139.10559
-207.6926
357.32928
-263.90955
-110.21044
-304.47076
75.596054
446.94516
1.0109533
227.49103
20.624826
259.98477
283.74173
151.93965
396.15768
-195.74074
-48.502777
-69.86525
127.44263
417.65698
-119.0018
-257.12946
206.12769
185.4564
-88.62181
-182.32352
-2.7808976
-311.4948
-137.12677
73.37181
-217.54929
-158.1153
-37.3656
-128.9456
193.53192
-20.91182
-169.70274
-213.52203
175.33073
72.25651
-87.10095
-517.13385
201.29779
-37.044323
-83.03459
237.01854
77.86256
-322.81082
-120.50705
331.8468
-82.503586
50.294167
-82.57474
-139.89725
236.26242
-117.19393
322.494
-152.0096
276.19086
-250.22865
213.5238
79.779854
188.84073
-172.86877
-383.5559
306.42746
1.0361198
7.5605392
-319.83032
-257.08243
-58.558907
51.816498
12.576034
448.2731
-163.83588
-70.16015
-325.12137
-230.37471
-273.24643
91.157646
298.919
103.764915
196.36987
279.01968
40.27999
659.6271
277.0853
242.43344
-55.772358
364.98975
-115.77647
-117.5469
-242.4029
-94.50958
324.89227
-273.4656
-243.60226
-503.359
63.739357
460.8206
-248.12762
-35.61679
-293.71088
54.83657
-30.44083
-410.94046
-226.57236
116.83821
220.41579
-130.06969
29.144999
-81.24105
117.478165
89.33465
215.75647
-17.695927
-230.00761
-229.98727
-216.84021
-183.41705
181.65372
294.4731
-310.0691
94.66265
57.77325
-379.32596
-322.99023
-549.7131
-42.864178
45.734314
-201.99692
158.84657
-144.51108
-232.7421
75.78184
-211.03513
84.0763
165.75603
-173.66718
386.1217
342.88208
-284.84695
0.6473968
185.19554
-493.5644
204.23859
-546.3596
-85.547035
133.84407
201.26848
271.371
116.890175
-109.63461
-372.36
24.767412
-82.367294
-272.01743
-148.36774
127.3877
156.70648
-519.1039
-40.223213
32.51499
-71.55552
168.83058
-75.04961
-324.8301
-157.97864
53.830624
-206.7212
252.37305
258.86548
245.7741
55.933918
39.94923
38.564304
349.19025
166.65724
151.68443
-185.54837
214.48492
243.40404
316.7914
-143.59528
-131.39182
69.0405
2.946351
103.82682
-405.2964
247.99306
53.651146
169.64328
-17.919542
405.6937
337.3289
20.598534
-90.3372
219.22205
120.25777
60.501427
-123.69617
139.7088
-34.974182
141.11739
418.85574
85.33986
171.09073
158.4818
-190.7238
268.95883
295.27893
-75.616
-175.1361
-82.39086
-375.12543
-342.2778
48.183773
-93.98231
-293.8705
144.35838
29.83847
-40.539936
214.4472
35.869728
708.51196
138.3956
21.920876
196.3962
23.675903
124.93071
103.53226
-81.11186
61.08073
-120.80813
-198.52122
-133.66277
49.02302
-204.27509
-187.89282
-90.26394
-103.25615
-131.66867
39.100666
-293.51065
-35.458282
-249.6384
-220.73552
-115.50503
425.68115
26.804638
-211.35155
-328.90494
88.54318
-188.74547
204.9759
102.812035
-162.57138
-37.736893
-93.00615
133.74095
-101.467415
-92.65464
-312.3272
-154.26955
407.25235
126.38446
-149.66823
-386.78833
254.79106
-6.650725
-38.74305
50.976665
-389.57135
-269.0738
-51.550484
-332.9669
-85.9581
-131.01407
-100.28414
158.69281
9.448508
-67.39574
227.25424
457.1777
16.099129
-42.033417
-157.5916
-166.49686
421.69513
194.55174
294.57782
-390.19553
-44.41382
2.2638175
130.58998
-35.793457
-640.8078
-90.18662
-362.7019
154.52565
-542.5265
-385.25354
309.13614
73.50817
121.18101
-180.98505
128.56563
-192.16019
48.285233
224.86185
-332.53232
-81.777145
197.55606
0.07334542
319.48297
-51.241787
-88.13134
31.588974
502.9713
-246.18408
152.013
54.567787
-256.8907
137.75098
-37.341946
-134.37387
-192.56924
628.82635
-57.89565
-207.4556
-484.07996
-30.792631
-232.52191
143.00192
-464.92145
-174.85213
-88.998856
79.199776
66.133194
122.87723
-143.82715
-38.64668
474.2073
46.39584
-38.238785
15.996557
152.09511
-221.85191
224.24625
148.864
-46.756393
113.86895
-87.322586
-146.9959
-140.72533
-238.13808
155.56186
-172.81923
320.96176
141.71962
-276.3077
-143.31808
-238.25879
-334.84863
-495.96686
-64.545074
64.05692
609.8236
-36.177803
-19.81454
12.278475
333.12515
-279.01215
-467.31766
-579.3428
6.4926944
-148.78462
-36.505875
-167.72717
124.87328
129.00337
372.9539
14.806963
69.04063
166.09238
-44.16677
-259.78137
173.70667
411.39682
87.13242
256.90588
197.21573
111.52581
-187.68054
25.983402
31.482935
-148.13336
-287.44818
-125.75535
100.019325
101.77216
-119.6743
270.458
-479.98303
-201.8457
-303.94043
13.776017
295.37643
-355.54504
242.2626
-183.61745
-34.68306
237.88972
189.62534
-230.35687
-141.72319
367.49365
418.2533
-451.98627
-247.07901
77.200066
-3.6594553
-434.17584
123.78186
119.45944
184.63907
-71.0499
-47.34446
214.17722
-397.86777
-489.4397
-244.94424
-316.00717
-262.86475
25.99992
56.855667
88.26139
153.04674
53.35345
265.25455
-440.02383
164.91084
94.30165
-243.1438
-52.114403
-33.893692
0.5892432
63.23102
-227.97685
224.11436
128.82405
-389.34915
-74.65261
90.37595
-205.36069
170.55365
134.3105
-254.96483
389.26404
-144.68347
45.923626
-33.955654
-264.60196
61.54334
-177.91473
191.77382
107.357925
-237.9409
147.89442
192.98041
91.23834
-55.598225
-5.9450116
-187.69066
164.29312
129.43791
-34.637913
148.32936
103.012634
-218.7176
14.981405
-43.92211
73.02565
-10.192549
103.42775
482.2175
39.70561
192.29895
-248.86543
-10.249352
77.70919
387.427
85.57425
-81.1317
292.50107
142.69406
74.7491
65.118996
93.33323
290.47433
-194.4723
56.098206
109.971725
-29.690527
-400.30768
-170.40778
174.38849
64.56834
423.897
-225.1733
-377.6368
-128.71564
-235.9659
-71.86445
-76.27102
-99.20238
-219.86232
345.93503
-243.42769
46.24316
130.97377
-147.71587
107.31006
-256.751
354.4484
241.11925
-210.1176
-165.69838
-46.104996
334.70837
-45.74773
-143.39532
57.12731
-330.57452
-310.1843
-359.59543
15.063981
-342.31186
-114.529495
261.36627
-349.90707
399.07898
-144.32275
19.334164
212.87463
-129.41386
-307.59033
193.6646
163.89435
-259.26608
-263.68576
275.65994
-178.70486
-411.4412
85.516464
-10.644752
-74.50015
-231.81856
-161.68356
-102.96945
47.471893
-333.6665
-209.72385
-34.046864
-14.8998785
-149.96873
-162.32117
-272.16278
89.88709
148.1701
198.5689
27.90306
83.83121
-199.7334
481.1818
56.52038
55.53422
-194.5342
230.26242
87.240845
11.051205
-16.426825
275.95667
-99.43043
-252.51591
-47.8335
-101.65837
-163.89424
-313.05167
127.86979
293.90253
1.9885517
-81.42752
168.20001
-27.717272
247.08798
89.63481
-54.39062
-219.64635
-351.14206
142.59874
104.6842
-88.64125
-350.49374
153.93817
185.99083
140.6311
15.918787
231.57637
246.8825
26.494781
75.74129
266.7932
115.14103
146.06496
-89.41842
201.12791
-302.50842
7.464505
-69.51907
142.60342
175.13503
-193.87376
188.24998
141.1194
-306.42825
442.79636
130.43695
152.1907
-50.922306
-25.88336
210.81836
50.709717
334.34094
-121.46718
-119.64277
-179.8111
-63.84525
-65.39151
-793.3597
11.614731
170.01723
-79.89472
710.2629
-64.91109
312.52298
305.02518
-35.380783
-337.7371
316.77087
87.581375
0.80569386
-18.878614
-68.422714
-283.71896
-536.22955
-450.51553
50.97843
108.06214
-318.8118
384.27026
-23.53624
-288.64075
256.26364
-85.36214
137.98953
241.95929
98.700554
258.35345
-225.9221
-6.363327
131.45848
329.13144
340.32443
-110.140465
-236.2474
-58.170193
-276.7015
200.94585
-558.8387
-101.161606
279.41394
48.124523
-152.91074
-159.44597
559.1125
-110.042816
-122.26697
-566.21924
102.141304
10.703183
-275.1581
-524.4586
-276.52945
520.8862
-259.29803
-120.70587
251.12816
-335.95093
376.83414
372.6091
-179.02682
-53.255608
-118.65561
-308.57352
249.21317
196.11938
247.50076
62.49742
410.10886
-102.77393
86.17097
231.77481
-51.154163
197.72783
-209.85762
-143.33936
-140.5559
-197.48056
100.44204
66.067406
-91.58302
17.848387
-35.703724
310.6434
-124.15368
3.1565444
35.556564
46.022366
258.6119
-409.92667
-137.03285
-292.8159
-279.4455
157.84799
37.12644
130.06822
110.24612
-142.58748
-550.2307
-285.32327
75.80016
228.16878
36.741955
-96.72143
-88.1432
18.295462
177.42767
412.49512
125.38373
354.35556
67.04833
196.74648
-254.42514
221.4796
91.108345
301.14026
-132.21664
-274.60938
-98.91359
-126.284805
-173.99353
283.5241
-242.66217
-16.699835
-265.62885
-140.12715
-316.85776
171.11885
188.02441
243.69241
353.44403
-85.20263
-61.14257
154.25102
306.08237
-34.020855
313.75385
-78.90382
312.69724
35.74284
177.05199
-171.29944
106.63624
-256.93314
-17.85786
-6.5295362
-343.8121
-97.81948
-267.83298
307.89188
34.33499
-274.49393
12.8081875
309.41458
-73.69748
-287.34543
211.65936
391.89316
339.14688
150.31537
46.734062
-54.77962
-99.165
-120.279526
-323.57196
168.01239
279.4119
494.03885
-89.51284
496.69806
115.74515
67.70063
155.70267
19.148148
318.2049
-20.69796
-225.79152
-90.38858
-243.70702
-189.6951
131.77708
-77.766685
-343.30453
330.0417
-172.16867
-32.51622
18.695011
24.621061
-183.19371
-19.518091
54.867287
-37.724483
-231.80296
-20.131628
-206.32242
144.96959
-82.82954
437.38818
164.76758
311.80807
-221.69824
-145.34166
-131.94574
86.67895
261.66577
29.648903
311.40076
-92.406364
101.32558
-58.18606
112.00625
134.45692
512.7023
268.65167
44.591763
196.50914
15.047031
363.02878
127.03818
-103.51961
-120.17492
38.229492
-137.712
-158.37308
-230.05957
-172.85104
390.33374
-64.01194
229.36368
214.23312
110.49844
306.937
74.231514
-186.09296
-6.4800215
104.303665
-221.33894
328.97897
97.80176
126.34224
113.43954
7.865527
-289.7051
-192.46672
-215.41258
-98.19793
-149.7712
-110.386604
292.11368
-82.03595
-63.40871
-260.03162
163.57454
-19.579403
14.0214
21.723396
-214.29411
155.51825
85.81004
-566.4276
408.46436
-19.245123
536.60266
169.19057
148.38441
-52.558876
110.90255
-294.8723
-85.05724
324.3876
-200.17404
9.047542
-250.7667
217.5318
57.12861
-237.0371
-416.54526
101.24949
54.85807
-89.47509
-284.04474
73.37681
191.05853
-267.57498
-25.582426
47.739933
-250.97047
131.4249
328.8844
445.18503
-354.52176
8.341925
-9.521119
-374.1913
-190.96596
-314.4836
49.508396
323.49582
84.86195
-138.70334
301.25952
-189.08904
37.24292
-427.7915
-79.795845
-266.37103
-136.66896
-33.913433
0.77881956
123.25655
203.18808
-20.318369
140.89299
5.281811
342.88492
109.16744
-57.311543
330.3993
-107.78311
330.9099
526.61597
-310.3776
526.3165
-189.15088
29.23561
-376.4444
155.91861
760.5222
484.8875
184.06201
362.5696
298.02094
-370.22888
-80.1631
311.64398
-245.39096
-49.92944
-162.82791
179.9333
-100.05627
-780.048
-105.82567
-146.37015
351.65668
-132.93054
-280.22043
-393.53915
283.24615
-395.59314
-27.01116
-144.55537
301.18594
-247.41899
-190.39279
-52.514687
-241.09074
5.099186
-54.679676
74.46569
64.34002
76.61298
96.98491
-21.06976
-87.505005
304.88107
377.3581
320.4648
-170.71707
36.405178
296.57895
-276.208
-186.53864
-213.35648
-145.78143
358.44012
-59.87218
337.29645
-45.681286
-225.98683
57.831234
-131.39888
-214.64006
-298.21796
-236.47299
166.23253
83.1742
-146.78003
399.79474
111.98711
-84.5562
175.61047
-433.25998
-512.00006
164.9443
-94.33758
-270.8289
256.42862
-184.49522
-85.66733
234.51059
263.77383
-75.68131
63.48805
511.9714
190.48466
570.27026
49.12442
-212.74142
-188.39896
-108.874344
481.86456
71.79985
67.52218
4.8361797
158.72513
81.53136
318.45316
7.5024657
155.16713
192.2865
59.557617
-193.23715
172.80043
-346.56552
10.449324
-572.346
79.695206
14.450795
136.90582
-88.488434
-90.395546
-38.65541
218.9197
