181.58463
-188.77332
-176.47241
-182.41537
-392.32053
740.42896
-112.9086
-201.31494
169.54477
-74.83457
113.932724
200.29773
-113.34983
-650.8582
114.72856
503.014
-164.70134
320.7425
-495.03363
-149.87401
-174.28276
-209.8232
-487.89798
53.70708
-129.53038
8.541353
352.65836
-136.2909
691.01434
145.42505
-330.88495
181.5926
61.541096
338.60742
-345.38724
231.87677
491.22638
234.5586
-14.989916
-433.15933
-96.679535
152.40057
-456.4839
12.638936
139.47748
-228.60541
188.0307
750.2281
-568.0441
120.15635
-72.64154
-211.73032
178.45403
691.95056
-150.07831
189.7078
-135.40579
277.38354
36.675964
-100.35474
-430.5932
-96.34149
223.98871
33.032417
-194.02551
31.693783
-62.596542
-383.03528
-386.94736
-158.95438
-12.2841
-33.827564
83.10216
-190.2087
-112.57093
-12.188438
291.03784
-327.44144
0.7656958
-57.05254
25.000088
22.339664
-500.07568
12.578436
-79.97747
-557.2302
277.92957
-373.9287
18.368029
408.20544
-597.24286
55.78643
329.10825
117.3914
-62.489258
392.57953
396.1319
-41.429096
-10.475811
-186.29303
105.01434
-126.96081
-395.20325
61.07971
-49.415283
398.198
-26.059118
-175.97414
-297.446
46.355606
-424.42694
321.9512
1.4439341
-280.84067
298.32837
-725.3818
-354.75723
75.31418
-48.088238
690.7616
45.273975
-705.7597
-102.777504
528.8296
-445.54367
-166.16145
-176.63983
-131.09338
-265.3504
32.761944
-255.85637
65.6764
-166.54712
-45.03268
-286.07907
-185.46933
60.01443
82.12564
262.0772
-255.75812
-163.31012
5.8491564
48.98805
-43.188595
-130.21086
220.0293
-327.4502
46.26326
-121.436134
-288.38443
214.71051
-97.98741
401.314
236.30154
165.1317
279.79025
5.5284243
-302.15732
94.60079
-717.7464
-405.18344
-123.59228
-216.39401
-238.0715
-204.51274
820.8946
174.62297
44.938305
208.59465
-683.12244
-309.04593
-206.0676
-138.98177
-261.8198
-454.21906
-732.47296
269.64645
-123.75876
-324.18466
-108.793076
-335.30048
192.23361
479.319
-373.94797
430.2387
-38.78534
-114.52338
17.108168
43.483837
-113.59262
-229.46739
232.77057
0.55364954
-511.49228
-180.24681
-475.10205
101.87941
45.219883
1.0232825
248.66194
-109.69251
72.38759
-68.274025
352.42032
-280.28043
-30.432829
-638.09033
440.1576
-454.01505
184.40805
-137.01042
310.27783
54.680145
76.02181
229.26819
233.76788
207.58253
193.1351
445.5266
-122.33204
277.32407
-549.3035
116.5696
-177.7402
288.07175
84.54513
255.90672
-11.766073
286.6022
-115.89741
-52.953907
-53.279064
58.253265
-189.21109
-317.1551
-183.88133
-319.88474
-306.0284
231.13513
-110.38838
-243.7533
-40.80849
-204.7671
777.02344
-512.3336
-166.89821
24.271605
-536.9923
96.77438
140.74532
-78.43346
-659.44214
-478.50693
-271.20645
-399.8558
-424.98804
-22.847723
132.9645
377.21445
159.60237
-277.45438
-116.96083
18.555939
166.3326
245.52974
-375.83673
-136.25583
-280.0798
-348.81735
-182.13618
420.52026
-358.09628
-354.45428
275.30807
-616.54974
-79.928696
450.4992
-336.90646
-53.384182
-221.25035
248.9933
-67.6124
-152.84074
272.0072
162.66435
-571.8095
-57.5454
-156.51913
82.3937
407.1711
-414.47617
295.5031
14.491791
-14.292566
-395.537
365.4375
-308.96875
58.02772
-93.05728
2.8069568
0.3688984
-554.52795
9.740452
98.80197
197.6504
-177.34802
-579.3746
-620.3466
133.4009
25.071903
-189.92628
226.70033
23.039534
-336.91382
-387.32
-6.09949
-325.58524
-278.36703
-420.15298
-28.076694
-221.52995
100.18544
413.39
-412.62772
-563.26624
101.89133
102.84393
-436.94318
-461.43106
-63.54302
187.31674
22.144142
636.405
210.87747
-107.24517
-205.08327
-134.22041
-411.09482
28.155304
-377.45605
131.49686
94.51741
-176.83917
-1.7792366
230.7243
50.117348
159.82619
34.288525
522.1832
498.62366
-56.62957
-359.73743
66.264755
51.939785
172.31566
-52.005325
221.4802
-1.2566013
-134.77304
-34.026325
217.6727
-383.78943
-359.77884
-277.7845
22.484247
320.99185
129.75139
182.87614
152.9557
451.2856
608.68036
179.58879
613.1861
-57.2253
70.26911
-103.05039
-484.71936
260.075
-38.333508
-288.53412
175.41354
177.66467
16.853638
173.13348
-159.78328
-458.88254
-124.31201
190.55276
-63.762875
-103.207756
-340.27106
355.78342
182.97792
60.25964
-38.617313
-270.08975
-75.29878
-73.032684
102.59198
-312.82184
228.03418
-122.68924
-12.248771
205.61752
-104.50253
-152.00928
-83.795494
273.1514
-290.87396
-109.273964
-272.22665
-275.97958
277.37326
169.07494
380.52094
-95.02003
551.58057
-231.05777
218.0674
164.11998
206.70432
-620.81824
-123.38017
362.66205
20.91763
-24.286522
-261.74365
-268.36563
-104.25593
412.1133
-136.49843
435.83408
163.15204
-337.06494
-188.29037
-415.65485
-239.82677
104.604355
559.22266
-278.00143
336.28894
130.3885
79.04756
554.4303
-206.41731
294.54645
45.444828
481.95142
-81.83
-107.948944
45.669155
-103.247635
517.32404
-386.19376
-210.69748
-372.59836
-292.37747
701.8034
-34.655415
-73.623055
-285.41632
16.098688
-224.64578
-391.7731
-160.11185
-14.413941
171.43579
-313.94928
148.74706
-65.889946
171.68994
49.107662
-156.10124
-26.53118
174.67943
-349.80618
-119.50933
4.8961496
248.32759
485.13266
-389.5268
-143.83781
125.76026
-378.51147
-525.0123
-394.1031
197.16602
260.9355
-146.86974
50.969547
-220.88832
-343.184
288.5238
-508.7198
-123.48736
-85.38597
-309.22327
467.60754
357.3906
24.72885
95.99127
73.10556
-557.01025
160.76715
-838.04266
-20.420698
-96.8003
47.181984
388.95007
18.384548
-557.3245
-610.26044
119.02906
-179.39687
-525.91327
74.585754
321.3293
217.52182
-284.85025
-9.718171
315.25977
-301.60114
52.58508
-206.3307
-167.74426
44.10915
231.5108
-61.784115
291.7084
316.93088
587.9332
1.0127332
215.16962
-205.32404
667.6028
139.44254
441.43988
-466.75262
108.544235
254.68175
244.61877
-131.58597
3.6638312
-56.668068
218.15758
226.723
-532.3777
371.23413
-89.93525
15.6294365
-38.752834
475.64157
6.470829
-147.55528
-228.96408
348.81668
212.76897
-70.887726
318.33298
-149.90685
414.257
-192.31235
10.212717
72.49642
426.82315
345.67117
-293.3601
215.8731
142.3783
-192.46472
32.06975
-188.0136
-254.65685
-475.53168
168.53444
-107.79756
115.94844
211.23328
-35.849678
243.07433
434.7297
-134.61339
807.53894
189.24129
-193.51271
102.92583
-320.39774
136.16309
-303.71356
138.93973
130.12148
46.164543
80.8592
-92.483505
-121.33973
-226.49454
-145.07893
45.45062
145.54271
266.91452
269.7225
-154.14725
-81.66772
-623.0234
-398.4461
19.944733
422.13284
-12.430723
-256.9772
-296.17038
119.3869
-12.740938
-129.05867
-69.078186
-333.1869
124.14352
186.08688
-38.432747
83.38298
158.14795
235.54103
-245.19997
350.44153
-12.507427
-227.92831
-636.27826
616.6608
60.852615
155.42902
-213.49136
-203.79494
-388.90067
111.91539
-348.15918
165.40536
-24.72186
-298.2357
-125.12084
98.34058
-54.443146
227.76697
250.02737
-44.560238
-276.11536
-324.8949
-339.40298
341.72647
433.42795
573.47424
-528.32697
-90.867516
-31.725574
81.00693
-104.838264
-664.4986
-87.43355
-391.30246
239.19884
-471.28088
-239.93901
106.09801
146.7097
297.63068
-97.34286
105.67255
41.401367
63.73433
348.5685
-340.87805
-165.57071
332.28693
-70.20092
19.780247
15.103421
-209.93202
106.54134
788.5298
-69.22968
264.4386
244.89279
-243.3367
380.4304
208.46222
-138.92567
-159.66301
936.9123
-34.812016
-199.91432
-509.16367
195.77051
-256.6617
-35.687595
-485.6481
-60.15269
-157.56712
268.8505
-82.80367
124.66808
-70.45683
97.51086
381.98224
209.25081
-57.412643
311.72797
-68.35284
38.422916
360.06143
72.76211
-360.0378
229.16603
-101.72551
92.93822
145.7842
-12.1135845
-297.68484
-59.585842
395.53357
96.7362
-176.37163
-190.99046
-448.23618
-483.5476
-448.81412
-246.43597
-165.91501
823.0181
31.718483
-39.30422
-95.09463
66.92084
3.295856
-602.7424
-683.7693
-93.462746
175.60553
161.15442
-149.59375
363.31555
312.19275
441.94226
-4.2370667
-215.37497
144.44641
-212.64967
-676.04834
86.0064
400.85886
198.79086
378.7377
97.378876
326.49463
-119.51995
86.69021
254.6166
-200.94543
-228.64307
-94.467354
294.81158
14.590889
-383.2918
488.35745
-614.15765
-184.31064
-774.8736
-108.04467
201.31387
-124.86929
36.581882
-55.189148
-355.86588
252.6307
324.32776
-285.99704
-2.781313
400.65186
414.34418
-533.2287
-138.09828
100.54921
-177.68872
-680.0893
-155.5717
305.557
171.04857
-21.416233
-313.2689
401.26904
-274.94766
-565.46674
-210.96417
-532.132
-395.7202
-287.5549
-32.66745
-99.28098
59.402702
328.50195
188.93266
-240.44266
95.96786
353.20993
-326.1072
-294.85715
-158.92038
61.18197
133.37668
-430.67587
243.82672
22.281662
-356.62408
168.87093
-51.85417
-98.36312
490.37494
-98.17131
-525.3066
538.18506
-337.2416
-10.924761
122.6651
-512.4905
442.53662
-126.19948
125.41496
34.708878
-170.09193
-17.762062
234.75148
262.7443
43.163734
-377.02264
-195.39334
111.40777
193.70926
-187.62029
516.0867
209.96478
-396.96384
-1.9330075
89.0585
-76.883
157.6432
80.78626
548.94885
7.282632
285.69293
-267.17795
247.41083
378.03296
603.92566
-90.529945
142.27457
244.79955
-169.83911
160.87103
42.575542
-137.05212
462.18472
57.003162
-129.70448
300.13046
-70.069916
-221.38698
291.73383
306.40604
269.94666
50.423836
-708.1737
-601.99023
-204.6405
-239.65964
-138.5899
-50.025856
-86.151794
-193.51657
485.63602
-106.91595
214.99854
345.01883
-199.91034
197.61656
-50.93091
-133.75932
30.767666
248.76599
-131.34288
-165.77408
379.06537
-96.185715
58.73374
52.990097
-380.81802
-404.80905
-330.38242
167.83646
-409.07983
4.8025427
202.52002
-233.05972
537.00885
152.27588
0.7643497
311.0821
-513.31177
-610.27246
651.9337
26.463896
-395.5945
-390.77292
752.29926
-168.29776
-436.21725
156.34111
-374.43216
-40.556206
-323.37048
-407.6357
-36.322163
204.31525
-280.0805
-166.32495
-162.65385
-185.96298
-306.70074
-216.68425
-315.31494
208.73828
309.7141
322.27753
-128.12239
32.678127
-14.962852
414.11133
200.83882
-234.8204
-303.8919
152.9974
-32.148075
76.61097
64.86298
283.64398
-71.46013
-144.52223
-362.59674
-64.98394
-251.14253
-332.8419
-70.11264
261.79883
-63.119522
105.840385
326.69894
71.41256
437.03488
156.93118
52.317806
-257.1538
-486.70886
339.87677
160.0654
-104.11441
-503.77634
45.341724
102.24529
132.82935
372.44983
263.9064
294.9358
-45.428375
240.64682
216.88918
247.88078
-148.61032
116.479324
269.9986
-313.64822
-70.092766
76.67545
-17.29068
37.394814
-174.20116
164.19807
167.94316
-541.7632
516.9082
289.4913
267.72058
-271.0946
310.34158
275.43997
-37.315983
462.0738
7.997277
-12.878543
-425.68665
-13.290065
234.41354
-673.3184
30.478594
417.82275
51.033012
593.85724
-206.30481
234.4204
464.9309
-46.681137
-340.18793
53.821396
-70.19654
-197.85645
-86.65375
-149.02701
-193.62344
-381.57663
-83.13304
361.6493
110.1009
-201.63545
42.2222
166.18585
-512.41754
408.18546
-270.58618
25.421978
303.95786
-142.45963
96.39162
-65.32867
274.1164
-4.942767
194.21873
308.56018
-13.337045
-313.00613
-248.46846
-253.67418
286.8286
-487.27356
-33.91716
208.90366
252.33112
-156.68245
-361.30057
459.16394
-59.26841
-35.943657
-391.49133
-171.14485
76.91398
-436.82617
-397.8034
-301.51886
421.2178
50.17562
-167.87955
417.85278
-494.09906
550.6921
721.3382
-179.89262
-1.7252747
-332.5307
-210.03781
16.647446
127.73029
217.34764
176.22952
497.6142
231.17259
340.04507
269.2696
49.31324
27.359436
-259.84875
-137.7467
-435.73193
-456.49823
60.097603
-50.118435
-99.12698
119.22991
141.23746
356.12314
36.598785
-281.09177
-286.7956
68.49447
474.57434
-347.9715
-197.45558
-224.86838
-92.89518
170.83904
347.80585
605.47986
-188.50845
-292.56845
-760.1991
-541.4893
-15.177709
243.07486
-40.46118
123.837364
51.551613
-19.624388
250.0152
466.3658
18.159513
355.59793
-92.01898
523.9138
-367.3315
-101.401245
41.372986
189.7272
91.153915
-312.82104
-275.94604
-102.99823
72.60991
130.17186
-305.1815
211.87314
-279.80078
-312.64633
-297.2624
-48.60679
114.92991
628.94293
705.01733
120.35337
145.69975
122.330055
366.0459
-243.66092
185.50453
-211.17708
221.83173
-62.28575
236.48605
-260.66772
23.575289
-120.13791
14.806094
-170.24147
-244.9823
-53.073364
-259.0809
564.98346
320.8634
-414.12625
147.71208
199.91893
-297.53146
-9.511659
117.78779
349.2432
297.298
75.028
110.665565
104.823784
-195.2245
-365.9689
-280.39014
144.46361
536.0551
402.97934
232.98991
350.57135
17.734211
-149.0439
291.96756
-215.99994
106.87627
15.719211
-19.2174
-85.45625
-133.48874
-562.7024
315.75415
-69.46363
-121.42519
506.129
-122.89287
-147.83095
-231.40465
-138.32101
-100.27342
-186.57669
154.93782
145.03908
-141.75735
132.82188
-328.78732
418.14844
102.987236
492.49686
193.90865
207.99654
-518.87585
164.14354
165.75932
-17.813831
123.900795
-299.77036
175.67487
-362.15143
26.633104
236.12589
24.62955
221.5751
586.88416
27.760685
-23.990688
136.56355
73.968
497.45355
228.1649
-173.74667
76.63977
47.304752
-161.69063
-225.46388
-516.2206
-532.3099
478.39706
246.88205
185.22969
153.008
-29.150639
294.73157
-167.66618
185.01338
-72.710815
179.1716
-327.40933
570.62915
166.71695
64.83222
11.920502
-357.5026
-602.8453
-354.48572
-375.23703
117.61778
-306.06445
-55.67767
181.66234
-67.61108
-39.318714
-192.99875
303.23184
140.63982
74.879364
32.49787
-392.216
319.93762
92.53403
-557.09674
395.78546
-178.03307
520.7626
226.21875
203.07469
-202.88004
96.35188
-309.7144
-462.07437
300.40356
-225.96806
340.82343
-597.18176
151.66057
190.39552
-377.62878
-660.8788
234.49086
489.1832
-110.19768
-417.08734
150.87022
352.80786
-604.1893
-186.18169
23.377178
-470.70856
50.704506
418.56436
417.6029
-177.16264
-171.6234
291.98892
-291.029
-376.2318
-164.31949
-162.62997
277.29065
-77.00375
-182.94499
154.86247
-626.6068
135.90955
-148.56628
-268.10968
47.208603
-226.45567
-129.60419
-6.2101192
168.63914
-132.17664
112.43161
102.634346
318.25888
613.6663
261.706
-196.24358
252.48396
55.877342
260.52094
609.56683
-111.477135
506.42712
-113.11112
-358.10757
-485.8184
43.098167
808.5489
546.11804
232.68343
340.5661
600.40375
-487.57062
15.562887
299.58032
-224.5374
25.633423
129.57913
303.51257
-80.81306
-528.75024
-127.66306
-153.07516
256.61703
-329.92587
-187.96123
-508.54025
58.58183
-149.34348
-357.0137
-354.43182
8.969236
-606.34
-381.20392
56.808666
-339.85153
-201.18248
4.4609118
-85.29828
-171.0278
230.66042
268.89417
-77.13398
-212.21986
233.18492
507.70065
286.0493
-34.02658
-334.28546
397.02545
-449.80273
-320.04684
-217.69408
-125.70702
244.17024
41.217976
339.7552
30.710247
-136.47054
10.282568
-36.28389
-744.6108
-378.30408
-331.69598
269.53516
116.34352
-85.81127
417.0309
-18.000578
-76.83862
370.68222
-389.17303
-505.0037
598.778
14.561301
-439.87216
416.5172
-94.06441
-18.140278
136.78195
157.66116
-470.9916
-27.97168
698.3185
217.36417
336.07007
324.04132
-446.77866
-103.568275
179.35428
226.22528
-140.12938
67.84223
353.3161
364.24124
185.19289
612.6241
40.88926
355.8148
131.54208
-91.77399
-41.212242
164.82516
-404.43774
-109.52697
-802.7368
69.83131
59.627705
176.1029
-158.04019
-49.67225
-134.5853
69.146286
