127.2895
-145.91312
-276.5451
-312.79483
-27.690508
673.8708
-21.912151
-140.41708
7.17104
-303.3271
74.72882
-71.83331
50.766968
-463.7839
164.27818
445.17062
-78.75081
188.0403
-309.05893
-260.6007
20.80345
-166.69803
-457.92795
137.94565
-105.88566
29.29652
87.25126
-101.16047
557.9255
106.568695
-427.16345
258.94394
-97.048874
405.91425
-215.6516
48.083534
374.08347
309.69455
146.22917
-233.3256
131.32828
311.7336
-218.68788
-172.53964
-34.613213
-144.79173
194.47354
606.5186
-481.1139
2.4669814
-132.30707
-139.26761
134.19708
581.0591
2.0404072
66.71523
-45.31761
317.17526
-33.53992
-132.07697
-358.93
-298.72128
246.28224
-60.037838
-30.59584
48.64354
-178.24821
-204.35641
-208.51685
-87.096306
-24.91442
-264.74188
-42.161552
-101.68666
-279.17145
89.873726
436.24103
-438.01645
-85.38126
39.488796
25.696379
-50.603897
-277.9794
188.98143
-119.34087
-707.018
80.94957
-412.8419
-71.128815
358.4147
-682.145
-51.91228
233.87262
137.93834
26.360872
509.52725
164.81615
172.37234
-164.89531
-196.2398
0.67252636
-29.21106
-241.13524
71.46786
-298.97418
318.09912
182.33353
-43.422134
-241.2582
-28.252014
-278.76166
200.5893
17.221903
-382.39267
403.15338
-370.445
-205.53983
159.31659
210.51749
419.51596
50.072414
-621.13464
11.415711
389.57864
-443.40375
-130.3412
-130.1285
-211.00943
-217.25768
-82.97402
-341.15717
201.40274
-24.526026
-0.68824744
-125.1716
-248.71346
88.335175
162.35188
396.30667
-394.29727
-137.58427
-60.236275
-16.135908
-53.726215
65.52662
303.45947
-196.35268
113.95515
-84.09741
-124.192726
341.459
-140.78433
295.3028
506.5561
223.2626
226.54402
-1.8504974
-82.57234
-149.69617
-735.55695
-265.6079
-214.91405
-149.75337
-84.40895
-77.750145
681.3274
108.7313
192.83249
-12.618336
-580.7292
-556.5212
-298.59006
-67.354095
-222.60767
-485.77917
-528.2743
265.23248
-222.14038
-201.55952
22.487904
-67.96528
160.16325
162.95285
-226.92216
438.88013
4.5649953
16.926048
122.043655
-66.9951
-243.80075
-213.19066
475.6742
-18.730282
-366.94522
-122.78886
-310.89374
165.6482
31.955156
-32.120304
146.76819
13.791566
143.16678
27.80929
308.00946
-2.1359453
10.77538
-691.8714
324.61383
-237.15323
299.42197
-27.53169
383.66348
-16.681543
210.00305
193.73898
27.336143
106.052086
322.91202
418.19043
-5.085106
183.99495
-378.56287
14.559211
-69.09906
334.94843
296.72232
69.29743
101.76476
320.91824
-297.07663
-74.52579
5.9126973
44.071102
-219.42729
-162.98956
-148.89842
-226.51852
-331.64325
105.84333
-126.64799
-211.5339
-0.3321185
-180.85239
785.64453
-339.12616
-61.62545
39.23679
-317.6774
159.95709
197.96907
-165.2342
-575.3957
-202.20345
-67.88083
-487.5823
-346.27704
-104.97242
250.62025
117.55541
102.80445
-444.6709
-29.948088
47.312843
-198.49936
206.53293
-234.02087
-81.88127
-457.4771
-351.8177
-41.38242
342.62057
-431.55154
-284.18097
383.9533
-631.2235
-153.43465
324.67072
-319.66052
6.4532146
-437.0605
242.94066
220.83958
79.65052
269.06122
131.0139
-436.93323
-39.02095
-155.77586
-22.489037
214.6567
-241.21854
106.93706
66.52246
-36.984406
-266.545
243.9426
-160.9706
-15.526229
90.10941
8.141188
249.95518
-409.10403
52.289856
-172.46304
234.57437
-274.10864
-313.07767
-309.6272
36.513775
1.2721915
-102.145744
341.05838
77.21901
-208.0469
-194.92111
-26.214727
-186.38388
-275.47766
-597.8086
-21.376102
-49.025692
109.69282
418.69336
-426.10583
-359.35507
106.32996
166.77866
-480.29584
-463.42148
12.916096
250.08147
137.65683
413.9155
102.13343
-78.629135
-209.75754
-237.94527
-350.51468
-50.69872
-265.28223
31.905714
34.592316
12.249811
230.86612
200.75253
114.88823
66.69909
0.23068881
375.12766
427.0215
113.960014
-164.15132
-7.598905
104.56664
224.40387
40.176052
364.0557
-121.241104
-325.25854
-137.31073
171.60182
-430.33365
-151.41154
-205.70685
138.97871
421.87042
79.94832
84.48775
205.21896
372.86655
361.29532
287.78748
410.37305
-48.857685
-160.99991
-158.43977
-44.90505
208.40376
-68.57817
-226.37393
358.9351
112.3121
89.378555
49.37732
41.9697
-440.31815
-107.290596
-56.256012
-127.88971
-128.44148
-74.73097
253.31097
237.83412
-2.0161
-114.38567
-174.86629
-83.110344
-21.40435
59.6666
-535.1938
38.62112
-136.63402
15.906361
382.56833
-91.30671
-126.01876
-66.25469
321.0578
-207.76389
4.880377
-168.70367
-303.92603
296.48047
40.6863
117.59377
-64.484215
459.44064
-359.78958
330.00623
-53.223343
74.379105
-373.7949
-293.50998
298.1017
-35.94688
-195.83023
-218.42784
-301.40555
-198.39084
156.3635
-98.05541
414.20508
206.40999
-293.98108
-142.36168
-274.79593
-155.74869
-107.540825
450.32886
-158.44046
149.77205
192.57527
122.318726
694.14233
82.03192
132.22368
-26.650356
483.2446
-85.758995
-24.36503
-71.14434
-98.66848
507.4121
-346.24225
-147.04
-463.1666
-117.55107
718.67175
-215.87907
83.958534
-258.98547
-27.751764
-215.34546
-413.8096
-193.18713
115.64341
45.201393
-154.4897
263.34232
-190.27483
413.64343
56.463745
35.221485
15.7041025
-74.52198
-272.84872
-88.95411
-9.880354
180.85597
412.41208
-307.3043
86.18756
-13.166874
-413.78116
-482.3761
-264.95905
122.63026
205.73074
-87.86825
172.08685
-207.31543
-288.8137
7.606099
-338.3012
44.608097
145.7656
-533.1888
459.74802
506.57864
-69.30502
-37.78677
149.4542
-535.17633
248.88243
-649.7892
60.09533
-114.80685
-4.5954256
374.7734
17.929293
-256.57477
-738.7131
52.922516
24.816921
-347.72736
138.79732
399.95856
241.73042
-422.1377
115.03669
96.08182
-150.98444
43.50934
-22.432163
-330.034
-21.481884
221.08997
-163.8762
289.64288
323.9424
587.71576
18.098421
132.35858
25.056261
657.13055
202.99013
399.02884
-421.96405
150.09575
355.2188
197.68619
-202.85161
102.12252
65.187386
2.4022846
173.74078
-344.9625
474.26297
2.199954
-28.92892
-102.46216
426.0449
241.40167
44.147476
-156.33363
161.8416
31.365875
-73.98936
55.41591
166.55673
295.43396
6.7432976
114.785805
117.9099
227.99527
169.37445
-240.27048
166.15182
295.52673
-163.71854
-4.1829863
-112.42042
-304.46725
-523.2464
29.722546
-225.03314
-115.5107
188.23717
-174.86502
171.25839
389.29126
-19.289465
794.2851
307.58685
-265.25458
161.56671
-249.03772
163.35442
-161.1379
77.294426
47.812637
51.331844
8.255191
-106.773964
-31.825075
-258.5026
-231.42319
-184.43095
133.9337
55.038723
158.64517
-172.43901
-129.58961
-537.1421
-309.53613
-105.940094
464.5916
-79.20744
-54.567196
-309.82343
168.97737
-211.03288
147.92958
-9.7653475
-201.06505
49.01957
58.675457
32.103924
-63.76616
33.96115
-61.07096
-288.65637
303.64474
-78.73936
-1.5474536
-484.55905
521.80804
48.784508
21.751123
-52.726192
-213.0455
-312.36588
-5.282527
-287.1852
3.2456224
-202.06879
-153.00374
13.684364
-6.982732
-4.5657244
161.14136
405.93283
-12.273287
7.772381
-230.15291
-406.81427
494.0167
312.48846
337.11105
-434.57047
-143.58736
8.888603
122.915245
-64.43284
-629.6352
96.05907
-303.76004
165.83531
-436.269
-311.2671
160.3831
148.36195
279.27936
-291.90906
276.60876
-130.2892
33.558495
315.907
-314.12674
-199.68413
231.30757
-42.560593
257.4638
-103.49429
-216.80356
133.0611
674.0336
-90.222115
19.558855
172.15858
-183.04697
283.8304
-33.905067
-88.8944
2.2660692
787.6799
-45.586273
-202.61159
-447.66965
-67.50309
-176.69905
166.89583
-319.1086
-104.417885
-141.93143
193.01135
-55.077724
32.167656
-89.844086
-37.119656
253.91814
227.54225
69.754524
166.09692
-40.294094
-214.10577
338.73898
73.5158
-155.71262
148.78148
-2.5700505
-63.820404
7.584289
-278.79544
-105.88758
-85.43568
254.9232
273.85532
-295.01376
-275.66272
-308.53867
-377.1295
-483.84317
34.61654
-135.89952
739.44336
91.46381
-67.97977
14.539547
203.59564
-212.90996
-484.76337
-689.9134
-14.284269
82.88506
-119.424736
-176.33493
326.3087
135.73204
225.97957
-85.2547
-148.54716
71.68932
-271.6802
-451.47714
-30.909986
444.5449
68.4244
292.92722
150.3854
322.43787
-325.1097
-173.97916
276.3506
-291.85126
-292.97864
-18.828112
198.27342
130.99762
-149.26263
434.3739
-494.66772
-70.23604
-661.4609
111.17154
95.06566
-250.06047
152.71147
-91.62029
-149.55437
425.56924
322.69806
-176.24355
87.7589
424.8512
263.90384
-524.1019
-285.91727
186.30667
-117.10924
-521.3943
-90.688194
258.75357
222.67694
-88.27239
-240.03629
341.7551
-181.66835
-507.51617
-173.01146
-565.3417
-330.9011
-137.85617
122.22405
-25.79083
100.891594
233.88057
271.76923
-438.7281
111.84565
270.8211
-232.30627
-297.0255
-264.39716
73.923935
174.822
-212.60226
125.71171
75.228714
-351.9346
-41.646214
-19.331182
-72.05342
469.45584
18.059448
-314.43503
465.34412
-341.0077
15.4330225
128.3902
-319.47983
209.65419
-71.74446
129.504
-69.837616
-199.62306
3.770608
209.60054
291.647
-6.1490746
-154.90036
-244.48198
30.16355
166.51973
-232.39676
320.47217
150.10042
-522.3045
-72.46777
127.60238
44.17429
105.890175
8.838835
651.9351
-2.4602835
101.39117
-372.49454
-18.6774
185.3594
446.86575
-73.42967
119.71731
149.90082
83.65096
11.605673
58.175552
-107.157455
329.93903
-203.77785
-191.51506
386.53455
-162.14572
-351.4294
-81.61795
234.73798
182.56999
431.67358
-549.00665
-460.43042
50.913933
-89.71859
39.440105
-50.267826
-36.813553
-268.2845
369.8681
-185.24866
153.64586
270.5053
-392.71136
241.32161
-206.88666
153.69852
103.828285
69.12026
-112.716705
-171.0292
367.5817
76.714096
5.213535
-104.54396
-248.43439
-232.03134
-245.59193
132.18576
-392.5392
66.03968
199.83348
-227.11505
613.6666
-103.15641
-56.01334
336.52026
-363.43484
-475.82416
648.7266
-5.526224
-223.48509
-483.64212
380.93103
-105.82032
-431.1794
92.44881
-201.78712
76.67715
-258.9624
-208.91466
-229.88838
63.81516
-273.7366
-289.58728
-198.3634
-198.50056
-162.13606
-54.4876
-571.0493
123.42202
174.59723
242.25319
-144.78659
74.81383
-138.88701
380.56577
99.4201
-120.29572
-413.77478
257.17484
132.6172
2.8401432
188.52193
287.22607
-103.621826
-21.78501
-161.75017
-120.92873
-144.71371
-477.35278
86.658646
171.82275
-166.98448
-348.91605
291.443
30.186132
267.1935
158.07748
-82.64291
-143.49934
-401.4254
250.47052
310.0218
-13.561272
-580.47375
-3.8603556
191.80124
330.09702
66.66773
315.72745
248.6467
193.37556
211.56076
70.968056
246.30757
-94.817024
-1.6436158
269.30566
-221.2786
-204.90239
-51.338646
-41.117817
57.231777
-96.68951
-11.179145
328.69016
-451.391
283.81027
134.62378
182.1638
-32.670918
76.17801
145.28937
156.71097
256.84412
-30.887735
-78.22396
-292.04858
121.51337
251.20277
-705.2745
76.94438
152.0912
-83.2688
610.95746
-99.57115
282.8246
401.8893
-56.715897
-361.90942
286.31436
-76.510735
-110.68096
-53.84488
-158.6603
-276.3976
-513.9221
-454.75507
65.49987
87.450455
-217.57832
257.4649
-42.296837
-335.5444
233.94911
9.759098
43.218002
271.88205
80.955574
133.51952
-265.3827
231.74454
144.06706
405.47028
376.2586
-36.73899
-320.26062
-328.4176
-348.7834
248.15125
-485.12762
-141.04778
152.20714
141.86069
-59.826157
-183.94807
578.9211
-179.89647
33.23929
-482.8989
-2.6868832
87.00555
-414.67953
-631.21765
-323.07144
526.63806
-128.75589
-100.19456
306.9105
-516.6488
432.08685
536.74445
-196.87955
-34.143356
-166.66158
-186.47893
44.085945
121.286835
140.46912
56.0109
416.26883
5.009966
363.98624
289.5359
6.9609885
114.65064
-171.62602
-221.33595
-345.51437
-352.53336
161.10638
-109.321815
22.162914
0.69346285
50.316525
356.04855
-141.68999
-180.59735
-139.85013
168.39056
389.99402
-312.15396
-1.8595166
-371.45773
-180.35945
315.0634
124.92848
308.80807
192.96223
-261.4502
-751.7108
-346.09448
76.74023
358.6274
57.142498
126.00154
-54.401608
58.617695
287.06622
367.8618
165.8125
229.81323
86.56823
90.27408
-277.89954
-29.261488
109.45584
317.14423
-13.113919
-327.5671
-163.32951
-214.48752
-1.6731908
254.93964
-273.7817
127.36009
-236.02039
-73.31335
-245.49706
73.00632
-1.1487588
464.32077
584.32385
117.4491
46.04931
164.31816
290.19794
-100.31913
299.5523
-180.75725
274.04898
-155.28557
161.70973
-356.13348
75.07682
-230.13045
-86.70206
-6.5079126
-388.79938
-74.72677
-271.00644
325.8296
176.50848
-458.59555
69.349144
255.76352
-210.68732
-31.007488
190.2286
388.21072
298.88004
170.11209
54.18316
-32.469196
-186.32236
-189.2941
-405.82782
177.69644
613.5799
354.65555
82.33914
546.4205
46.83009
8.240963
327.24673
-200.36694
237.7356
-53.79223
-99.504425
82.46423
-244.0915
-504.17114
121.43045
-46.806324
-260.93393
307.44507
-261.0101
-59.531906
-194.34541
-76.814354
-261.7857
-139.00398
91.56783
-6.485743
-93.3532
96.10379
-332.23016
334.8258
61.867786
434.64258
138.0415
161.4248
-502.0976
131.24403
-65.24126
62.409454
127.00653
23.680954
224.29063
-361.29095
130.34648
-49.207413
174.2008
129.81544
526.58765
284.66196
-55.602314
236.8102
109.91233
392.81625
142.40283
-192.10371
-11.429195
71.31449
-85.94675
-213.47038
-522.2546
-302.06506
502.14462
174.44089
197.67682
265.30283
96.414215
261.78973
-73.471344
85.44556
36.451973
39.067234
-472.68845
435.98743
119.46547
49.28328
-22.128199
-140.92996
-396.95706
-378.5543
-336.64178
82.48792
-68.62118
-131.14246
108.76577
92.09247
-133.85823
-200.7284
291.39154
-39.88208
186.74266
-10.617729
-479.94766
170.38353
47.193825
-570.69214
442.72983
-30.070826
373.13046
146.03308
76.4072
-85.82659
273.5943
-398.20746
-277.5116
256.55655
-372.4236
257.37418
-586.607
157.53944
-13.856715
-154.89381
-398.4509
133.2684
292.03418
-75.38925
-357.5545
208.69469
248.47322
-486.76083
-253.84361
-98.09785
-533.2102
133.46515
272.17072
498.9081
-481.67786
145.10988
105.129135
-417.63962
-281.4896
-193.64186
-165.11632
212.63821
-105.08607
-116.77109
381.18777
-555.338
-50.14778
-386.994
-267.64438
-48.08746
-121.24489
-50.992573
-37.467693
6.0948215
23.261074
69.3887
39.2108
130.92007
548.7796
192.07646
-75.935776
175.63853
33.891087
127.38377
617.9267
-125.83565
396.32544
-86.011284
16.726412
-328.84744
146.02809
667.5827
620.073
169.92964
351.253
598.7885
-379.29382
-148.47862
444.35898
-69.02135
-104.215385
14.538691
126.60776
-52.256855
-495.3524
-169.40703
-234.53633
434.5559
-182.1603
-266.48636
-528.32153
229.95918
-354.43768
-170.16933
-258.26782
80.109146
-296.5114
-320.28287
13.270136
-384.9255
-82.66289
41.66625
116.9265
-30.29048
156.95586
155.69331
-35.385693
-114.075424
221.73297
420.64407
165.64963
-180.73161
-127.39155
195.86705
-310.38168
-247.11102
-208.6804
-125.34008
128.04103
-68.93269
301.16956
-16.92111
-81.45201
143.27539
-193.72714
-513.8897
-239.39017
-301.08295
124.988976
6.085839
-100.723366
515.90955
35.660583
-137.86682
284.72314
-397.77628
-470.26852
465.52072
-9.852514
-409.35608
273.32364
-317.82547
-173.57399
283.48608
300.70157
-331.10718
-34.73824
587.68085
248.85367
384.84427
230.07324
-278.2558
-132.54552
-29.383745
440.8794
-103.41436
9.266323
20.18
177.21152
158.08368
456.2729
51.983116
308.47867
150.78844
-26.884377
-42.024326
100.301346
-374.85004
3.7877586
-717.63763
42.047318
-117.31041
92.446014
-216.01103
-32.293736
10.443899
196.68225
