-178.64731
33.069187
-68.34825
-117.48651
60.752953
-149.24269
-20.369368
8.666058
-85.35262
-204.53987
92.29532
-79.38842
55.09632
-69.978325
70.03138
69.64382
-86.76286
-185.14536
200.89157
158.78654
84.756325
118.86737
14.021379
114.21505
15.621479
97.10556
157.28546
88.31738
133.91621
-39.668644
79.9694
1.1068558
164.97388
27.692526
-284.06686
5.1854115
-24.234936
-5.1222267
-135.95094
24.278784
189.07864
159.3865
-109.44632
48.790817
-94.0715
-70.22585
-98.47894
-20.763111
138.54608
140.24474
-37.15076
113.05876
-20.319715
323.8661
120.878654
-98.94984
-69.706955
-153.05475
-50.22244
-24.466776
45.59468
-72.9068
-98.80108
-37.462994
27.856422
-164.1037
-24.281244
136.66495
126.238754
-7.869034
49.499466
7.836564
30.648384
-50.27899
87.348755
66.85393
-2.3247252
10.742366
69.2843
-91.79949
20.041147
-40.621326
59.377335
-8.946082
-123.34331
100.33952
-132.77133
62.304085
49.92902
-96.49841
26.40628
-39.61706
159.26361
-29.102455
-70.731155
103.76732
-11.074815
-51.35119
-10.981182
-183.19029
93.917885
-75.11538
-109.623566
24.780666
-9.508071
-129.8069
-50.116425
43.011745
-89.792656
-124.77595
-88.76153
-14.2839575
-37.23682
-45.82859
4.046956
-178.90753
-91.65439
-73.76147
77.40133
-53.4168
18.749567
185.1565
81.86232
-128.19249
-45.694588
-158.17859
173.66757
-17.474375
-3.4938078
-133.69685
8.799192
20.54697
136.15633
94.02068
-18.63832
-39.50075
109.40243
-3.7131386
-4.825754
-55.325718
67.90821
17.763065
-94.12058
-68.824814
-75.57522
31.304174
-2.9086063
-95.68949
113.815475
80.96756
-69.41018
102.18286
-45.46692
2.8192413
-226.32782
51.67046
-41.680634
163.74007
41.61816
-65.559654
-56.147873
-79.34297
-116.71385
-206.88991
157.3684
6.3759484
-1.7191783
-84.8983
162.31975
-117.31449
26.443089
47.74458
114.49657
38.173264
-105.62038
28.247824
-97.25415
50.80524
-74.866066
120.897644
-21.822344
-31.910366
13.271161
115.83033
-67.92108
68.055405
-11.663122
-102.815285
-93.00789
256.97745
-55.48311
246.9164
42.093464
-83.55006
-51.810123
-112.39141
-115.93695
-85.18528
-87.35313
-132.63116
140.5108
-127.49702
-65.11621
-151.12215
28.330793
-48.546608
40.057064
-101.11584
-118.30672
13.587019
-57.5405
-187.24345
-59.23506
-28.910675
115.10242
-187.51474
-136.32515
0.7569793
68.94273
104.187004
-98.403404
136.03015
-60.713856
29.682829
-42.07304
92.832726
-11.408634
94.97108
25.56589
-17.631098
2.4576468
83.1625
69.54857
-40.589806
-147.14519
150.35098
26.074385
-60.578262
-133.99115
-128.93944
57.668316
-189.16406
-75.230515
-24.629635
23.462164
111.9432
165.7533
48.631523
-47.1193
-88.1072
24.593184
-114.91621
-0.3710999
-12.441875
-128.15338
86.10717
42.843067
-82.77687
201.55708
-129.74812
-92.17389
-86.4554
-17.278015
-86.90581
-79.06474
36.861168
95.03646
-21.960257
64.41249
98.31671
-134.79375
-97.774796
-65.998665
-6.587571
24.52899
-5.8439164
32.125145
33.871807
-27.063772
20.167868
-4.3400946
-20.010378
-135.07108
16.861197
-1.7482319
67.03493
57.47513
26.019426
-211.9812
80.96419
-171.52667
-1.8117757
135.02544
-185.0908
-93.56817
-7.5503907
205.40665
77.08601
-66.808205
27.139648
1.5758948
-168.59303
126.47461
55.651237
-38.625835
-121.81083
-94.59359
-23.828186
-80.84868
-52.795864
-138.65887
127.913795
-30.530956
-137.4174
52.742817
71.101776
12.415051
99.95091
-104.310074
-22.626778
-117.20065
-22.331324
-58.90846
43.06513
15.319886
-65.65867
-59.46637
57.234936
60.90528
-3.102902
-162.82628
-6.9579525
-57.536648
-20.142443
122.358
71.231186
-20.071777
4.137775
-193.0423
23.589287
125.090355
111.8787
-50.131313
-28.462725
-170.49524
57.68529
151.37
-34.962143
96.27604
-124.28146
52.00594
137.43077
-123.00788
-200.21198
-39.067085
16.977966
33.650463
77.10097
60.24206
47.120735
51.141193
276.08566
63.58247
72.16133
-111.65092
-4.74074
-177.5535
253.28857
7.7374077
96.59445
-110.259384
2.118892
-58.235268
81.85688
127.74752
-80.714165
-206.24515
140.72452
-160.94064
-40.800037
-25.409508
-250.57808
56.613804
44.452835
62.208927
-117.68943
118.457
-48.91912
-65.68067
21.032866
65.46666
-28.917963
-57.284115
179.0154
-5.50866
100.89901
-13.224357
49.00459
-42.328087
-14.151708
-54.16313
123.89454
64.54079
21.396076
179.15521
39.468616
34.633442
79.93723
66.226814
-62.844547
-52.69333
-2.694174
35.55085
34.470352
32.572655
-91.00442
59.38294
4.463869
0.5707339
17.452774
15.681728
-124.96899
-75.16259
97.67454
24.011473
76.178474
66.1569
-39.616055
43.525303
-316.85605
56.736034
-77.48456
-125.449646
-61.629414
43.92394
157.05452
-62.63207
-106.39059
76.95713
-127.26196
-38.710014
-13.588795
8.01619
-127.07336
-55.672318
-72.7977
80.592606
-27.141968
-99.60718
24.993744
-15.600391
2.7706244
-108.87362
-134.6719
-11.288941
-73.14893
-21.775856
53.72692
-58.179947
-129.57593
26.545343
241.46991
27.153477
106.95984
-38.61136
181.56165
-22.452682
-23.967297
-43.27054
126.60812
-58.189816
122.941826
17.47103
34.80589
19.692665
69.37247
50.351456
-94.67527
-112.73118
-42.896687
-96.95649
-3.5229654
-8.751963
7.4100866
-97.71103
55.126675
51.225597
-8.118862
-14.592162
137.37225
-45.951122
30.185719
-18.56577
-69.45206
-61.759502
-32.48517
-8.095755
39.41998
41.7056
41.766582
-256.02637
-156.60738
-22.716997
-0.9393537
30.47264
-21.878456
-87.253944
47.603786
15.427868
229.81067
-57.882977
-1.3131256
56.82441
227.58862
195.79057
147.4405
-13.626486
92.76885
-20.15916
-10.395228
-66.765755
187.62572
85.675095
-0.13772297
-86.361984
19.853666
51.76154
14.330692
141.15694
-15.910149
-181.62547
106.86486
111.967804
0.17717087
-167.59439
14.536859
35.130436
-210.86795
86.95273
-15.18918
192.03198
-197.44446
-196.16544
-97.980606
-9.684654
150.75885
137.71106
15.095838
-122.88963
64.66561
59.187824
102.3104
-102.933044
-152.91748
-45.714615
-96.462975
36.868027
65.09292
-90.75018
131.24605
176.65308
117.67601
-92.990036
-134.80067
-23.08181
15.320557
28.271656
65.85392
-179.52803
47.31013
46.04929
71.36492
222.6455
168.29468
-35.01002
-34.575687
-146.49406
144.51714
-11.508807
-185.17982
-68.69029
168.61275
43.628
96.28325
331.51868
-2.5060332
51.871696
-109.990524
-250.80914
-4.434015
123.07229
-26.380882
-71.87712
-61.4318
-80.875046
62.760742
83.0572
-163.16383
52.3518
14.701596
-24.085247
28.949697
-20.200453
15.262416
101.722374
117.38948
-58.833004
-111.16806
19.157873
-107.14254
131.32059
-34.434906
-54.29428
60.063602
-61.701916
-10.12513
72.69036
-48.73511
60.302456
68.92383
193.44826
-39.993507
176.39218
245.88445
211.24979
-71.13317
-36.869293
34.94959
130.53792
-92.51861
67.90035
28.277534
139.02486
-139.39075
-4.067442
201.21832
34.012096
52.079735
-39.37265
-14.671125
31.942694
-102.82408
-144.44144
-154.47331
-80.78356
223.79144
8.564415
-76.90241
58.090744
-94.77286
148.64777
-5.599987
-25.256989
56.240936
-100.67558
60.515717
5.0451784
70.74168
216.36006
46.23829
-57.593445
-103.32407
29.396957
47.55378
-122.7547
7.0213385
57.80745
8.925813
75.631195
-11.560955
-12.3455715
31.026962
21.70739
-27.803364
-31.268759
34.291912
17.542614
28.140507
-41.821724
-99.28391
-64.820724
120.62135
-72.02375
155.9931
33.457096
39.189762
16.784788
-27.567251
-24.429369
-81.98012
-130.30078
-3.0192933
-25.092642
-62.0484
160.06763
38.26921
81.02999
-2.0075116
-54.07716
-68.21826
-94.77112
-43.4457
-19.698437
-1.818189
86.73444
-55.07532
53.912113
101.64382
62.291492
25.785969
-1.4706929
10.219352
-137.1034
-118.35069
142.2247
-43.642113
104.76545
37.26165
137.25865
47.887085
20.713882
32.503307
-241.75443
-46.459534
-12.2909355
-142.02722
-43.888832
-99.2324
-35.12679
18.65508
-145.31384
20.56988
-180.88904
97.36562
-121.58755
69.39748
-25.085197
-26.443121
-209.18338
97.177025
36.394833
-11.512283
22.270947
26.459255
122.83417
-100.03158
2.5532186
11.897403
-84.84431
10.125819
-20.85904
-72.660736
103.9626
-9.987461
50.180294
87.75383
8.356777
80.576866
-87.1618
23.42734
-147.26506
-198.43307
-26.197285
41.118084
65.27136
-126.5131
257.9852
-53.529312
1.0664588
139.83868
-49.37066
-78.42696
-55.99565
206.86258
-107.85229
-150.85263
73.846504
137.56615
-107.833435
112.981285
63.63391
-143.46645
-84.69385
125.16717
73.900696
37.736515
-8.451082
-49.215366
-218.41296
39.685684
164.4402
10.889972
-79.95499
-139.4068
227.57025
-75.17801
-29.263361
-51.179787
-96.90207
142.1248
-99.38683
118.7586
-31.25587
-131.81506
113.19901
91.51375
-147.29607
-67.83535
-194.23749
8.387376
-79.33617
-54.87279
-101.97985
47.308517
-18.846975
11.175782
47.32488
23.637856
-25.223385
60.296227
-81.64813
-107.01725
-4.3980594
-30.611097
-61.509686
54.04054
168.70663
17.05456
-71.29604
-51.643635
29.057526
-23.171707
-28.313099
128.12483
-13.389067
182.49142
7.093971
20.25628
23.15429
15.804589
-64.78192
56.49134
-175.66736
-18.386826
31.834196
-47.826088
149.18352
12.111512
-35.64853
202.00218
-24.235174
-6.017227
-52.491352
-100.00488
14.840117
72.3987
-2.8620148
-103.00203
-10.163272
74.57575
-17.909113
-5.658777
107.44454
0.29015142
-23.074453
-21.264065
-13.344988
-115.03203
-22.804308
89.08064
-23.344776
208.31654
-125.43777
-79.66949
184.2885
81.17687
182.73097
-48.939503
-65.84088
-9.734975
107.05694
111.9418
47.700138
-62.302498
-175.20718
-29.969961
23.735031
16.307468
-30.734121
19.0423
1.3868408
-167.88226
-9.886835
-145.25159
-3.843802
-13.072849
-21.498158
-81.68333
-4.130341
88.46604
-79.19432
71.855095
160.33229
52.283646
23.083569
136.4745
56.065
-10.585247
15.0657015
60.649338
-76.67402
-67.05215
48.451546
-93.78882
-119.44461
-55.246487
-28.08107
8.233588
-124.02191
-159.70433
-108.24541
108.12446
-72.47982
-21.488337
42.79883
-140.50606
6.282953
-104.058846
7.843841
-91.1022
-31.210815
-11.521909
-147.05643
71.16121
2.1755648
-24.518291
-42.657146
143.22957
18.092255
59.229916
-57.858433
-13.390053
-49.111347
-97.79068
13.909048
-114.23952
-84.68153
84.1625
-48.955467
127.518234
105.60454
12.93808
-18.039335
-21.585718
4.6009936
103.069244
-16.573334
8.636663
-222.17773
-19.777256
-17.095057
-87.132675
-29.344246
-35.40571
-92.586754
3.6869469
147.80649
97.19795
77.19522
-94.97604
65.59
-94.50907
75.27027
-77.97992
-143.17914
41.166164
-148.0658
88.754654
60.714073
-112.53756
29.223822
203.77893
30.95074
-59.087868
64.06677
-55.722317
-50.72434
75.301865
-15.433294
68.14842
30.997253
-137.42009
19.333626
17.531631
26.888565
1.6699222
107.1109
-112.0378
-33.601444
22.874405
53.444508
-29.499386
6.726081
-59.364677
-51.69274
-162.60814
127.96953
-64.739456
110.26243
-10.026213
-3.3225598
-113.944214
83.71746
109.52966
44.0403
38.366543
-42.527027
32.623886
-45.788715
-226.01399
79.69788
119.276276
-77.44684
52.41452
-162.52568
-158.1625
144.55188
-386.66183
172.01112
-11.877556
90.621544
-174.13174
-5.8447313
-0.21360683
-58.61573
-8.933276
75.119705
-130.8408
-0.17642987
84.35634
-7.6252217
206.90317
-62.8697
13.121263
-42.97161
134.02881
-83.89977
121.51539
8.109291
-139.55785
76.766464
-25.23395
88.41239
-124.80229
-55.54023
13.76696
-183.03775
66.79416
60.27584
37.895138
153.37923
-55.020187
116.091545
45.434013
-98.04818
-190.21918
39.774227
165.20287
-39.72135
-56.188515
-106.0874
-6.3475914
-209.10089
-135.32616
158.47859
-150.63992
143.81905
59.67553
45.178772
50.655113
-16.459875
89.49844
-106.82599
-5.049136
61.728703
-6.1069255
99.494736
78.993454
171.43604
-33.534206
81.5801
39.35448
119.457664
-175.19466
-221.10773
-9.4478035
140.4263
208.40721
-63.55954
-160.33958
64.68773
8.910327
55.12062
-168.39742
-78.56249
93.738014
-153.24146
2.3041148
130.50313
99.30855
33.553055
55.904945
36.897938
69.17879
-119.18382
-59.098976
-72.196785
-11.209476
-63.279335
-63.90796
-157.69144
-73.20673
259.36163
-19.900198
-91.80068
-23.29746
-13.962256
-135.3445
110.66836
19.62167
-249.49284
-20.384867
70.32661
132.7044
-70.746956
165.58675
150.62032
45.185047
16.542194
137.46849
-239.98694
107.371124
-104.51945
-140.37424
177.27205
13.789347
21.871944
-5.6608276
-109.907326
-36.621185
-47.048306
53.563988
-102.749855
-40.21653
-71.12672
-144.53372
54.46865
-1.0977327
-179.02243
6.996557
9.402895
-123.81173
-126.772514
81.65896
-59.008984
195.67822
146.79024
138.33301
-39.07297
-70.84694
0.77238524
-91.88657
-68.18374
-88.52476
175.50473
86.42548
-160.05838
-24.264328
91.055664
-64.94022
235.52203
110.39244
-173.02467
19.043415
115.00829
50.64597
55.323273
-61.83932
-14.753222
-117.34495
29.28027
121.94724
-97.48119
-146.02821
-5.3642764
29.644289
-105.228806
222.28319
-169.1025
-13.309445
65.8782
-1.3747675
-87.5972
-77.03582
20.106422
-231.93234
90.191925
-287.5808
36.495075
-43.982
-108.96716
52.85853
3.020092
65.9847
46.19333
-25.06635
41.421215
-38.187237
-83.209206
41.248398
164.52838
59.33441
-113.64469
-32.86671
-50.92503
-108.74999
-80.40873
3.579834
-23.257362
126.29391
52.184513
18.201292
107.19535
211.15787
125.66626
-22.516577
98.30477
110.16004
-32.82956
153.89018
-200.8002
25.678587
-49.076935
37.59987
-185.97632
67.624596
149.72612
-130.86555
-209.52055
-7.8287435
33.107765
-98.85786
-135.45561
-49.123493
74.2775
-23.112516
-222.24202
32.74293
235.22314
173.26292
-62.082
188.23412
-167.82484
211.53561
-69.01094
88.75864
4.4524837
101.0737
34.478622
-23.220139
57.27236
-49.270493
-30.667961
71.3427
-182.30554
59.28904
43.850735
14.680145
31.155981
-64.48406
89.443985
-35.253162
-71.71753
43.20226
39.14936
-1.0100114
-124.656715
111.275826
-27.104208
133.87958
14.217974
-4.0834966
34.390026
-9.537876
18.684418
-26.634884
102.868034
35.863464
21.778652
35.045853
90.06803
70.78393
-69.721466
103.59922
-127.99357
-129.46625
108.174644
120.99077
28.879051
39.96639
20.158869
-58.757656
102.93131
-190.80676
51.18096
-103.151344
-32.00957
-235.78864
-95.88126
-91.59179
-144.95517
39.2681
-134.31012
-113.864296
-192.5601
71.92923
-26.382547
-30.073725
-4.3256054
43.18071
98.16204
149.68156
-38.06684
-38.81557
96.7636
153.96086
95.192116
-64.70496
-67.703384
-56.033104
-12.64859
-95.08018
210.14987
-101.29526
-27.159092
101.88688
-20.985334
66.14359
-80.789635
-61.636005
58.563797
102.21999
56.131138
269.55173
27.911459
120.38096
-38.956753
16.178581
-34.142498
-159.27644
89.09583
46.179504
-34.0926
-96.6001
-163.9568
-43.43691
61.872288
-43.5041
35.876804
137.91246
62.216652
38.936054
159.2512
273.21002
-88.621895
38.54072
-22.635519
106.470856
-125.77915
-142.36536
21.395056
-66.20109
-126.90448
74.44264
45.799168
26.852657
-74.57705
37.59569
-206.34383
3.6610394
-88.01807
-32.106556
-80.0147
83.25246
-41.073692
-87.50005
47.715652
113.00139
-53.01301
44.235146
-64.23629
65.80682
-77.621
-251.04138
-83.35075
-70.69147
-52.896683
-14.660876
47.108234
-36.58742
92.484146
-114.27475
-45.581135
-194.02208
-139.61467
56.321724
-2.606782
17.87867
172.23196
-28.499836
-49.448383
72.01441
-59.93652
-144.85677
-24.551188
147.20059
-16.677235
-77.14325
-59.52965
278.69354
-22.76685
32.437096
47.9731
-160.56172
-111.3017
83.699165
40.064144
-20.402523
38.02311
-55.338295
-136.60194
-44.288857
-49.57838
-132.81702
27.893911
-68.704575
-232.92917
-188.82991
31.907103
44.678368
22.8606
-40.29554
66.603775
-122.63354
-124.79118
-48.268764
84.28424
-135.51865
-84.583374
-73.584145
30.542759
-26.74044
-92.318184
52.688686
49.709816
-179.15132
-63.723873
-72.772
-80.35828
-0.6475589
-171.29321
-49.66157
-36.754604
14.481145
103.784424
-23.72858
145.47871
112.482346
115.024
47.098408
-17.588106
57.739395
-19.555483
-233.57098
-90.388145
-18.892237
-48.077175
34.576473
89.81738
174.38373
-33.427673
-101.424904
113.395546
108.0431
11.952033
103.55642
39.984333
48.960785
68.826416
87.12168
38.757843
-90.581505
163.2445
-55.144173
6.673197
-118.159676
3.8155737
93.2813
113.56318
-63.974216
48.146782
55.00203
70.73803
142.41808
56.023796
-20.621954
-99.05752
-54.78242
-1.5181617
-23.442396
251.53864
-39.00874
-96.89584
90.61751
-6.3758416
14.521326
-17.765928
184.17757
-61.397778
189.24797
6.110651
13.755683
-263.97083
-230.08646
76.91442
-122.35922
218.986
-65.050766
170.20349
19.815372
-37.114132
-64.3031
219.05032
34.260544
-61.71821
-99.29721
-190.03354
187.10066
13.259878
-61.13429
97.79419
63.62108
158.23158
38.735176
-23.101748
-51.538525
116.16595
-50.507923
-38.86044
-86.42667
-153.76414
-27.03695
-33.81462
81.49026
0.76068366
-112.542885
61.224857
-107.5918
30.492462
96.586845
74.98509
252.21931
-15.364611
-91.41159
141.37447
2.3712578
-81.58147
18.453686
120.92608
30.440899
10.430096
-124.04546
144.58304
44.340294
85.83441
71.05106
-17.50513
106.5448
-19.698921
-6.509706
123.8021
127.75396
-12.341467
-3.1715887
-36.947083
-0.5208696
-1.8001463
59.045155
-17.183517
-196.1369
81.68755
18.565176
11.841925
-44.58077
180.14642
252.64557
8.813135
177.41281
127.519394
-115.457886
124.961
-118.59516
-3.3244903
57.04933
61.4427
12.969957
-52.299656
200.77734
-143.72568
-51.731266
-19.896564
267.5604
91.39257
-48.81627
181.56769
-66.08663
95.595985
-11.373288
-30.761808
-120.242065
-126.24344
-149.11441
1.3056436
-147.78496
-54.258
-18.289867
-70.360855
-128.70978
116.76176
74.213264
-27.398039
113.93453
18.102577
45.709114
215.8658
-67.278305
108.49106
-132.30553
-17.451931
-18.035717
39.963634
-108.56154
42.979973
-25.899904
-31.113987
-95.698006
50.107426
-29.566698
-51.06367
-114.19698
-82.23366
-12.985362
-32.657166
-190.87117
-8.559366
-10.810417
101.36835
-40.34097
42.38189
-139.61327
-10.248285
108.658195
-55.670425
100.162605
-121.488304
121.22823
-16.72374
-44.45721
-63.68298
95.593994
48.27017
-53.25793
-223.7775
145.19649
-38.15952
-31.104868
45.50518
-60.639645
-35.507526
-122.03421
65.82769
136.85329
18.111116
103.254715
30.24275
98.26817
47.67812
-130.77522
54.61074
106.598816
37.00247
-38.6009
134.8006
51.265316
112.964424
-67.35362
70.19883
-146.06407
40.67025
-53.747795
-160.87082
-57.439156
186.05075
70.83769
-70.19968
174.65302
-197.49547
237.96535
-16.743923
31.493584
116.6531
-62.180973
89.8312
-78.14182
-5.1894255
-113.46927
-14.142868
186.77254
65.28666
-37.54795
5.6831346
-1.4806519
7.982441
139.89157
180.7936
-44.28211
63.997692
15.597787
31.175573
129.28041
97.80777
25.971354
-6.5416775
25.482447
-15.850804
192.07764
-61.120358
79.40015
-87.21327
183.24718
-37.47949
-172.24776
74.85689
-190.74815
-26.076672
-11.306395
88.28487
19.593845
-206.62831
57.5641
43.95001
-23.422369
109.115486
-235.21814
-155.02716
-67.1592
140.81105
-58.111286
97.90687
-46.4406
175.2026
-54.87496
-5.0052223
-109.07397
100.474205
-21.140123
189.42578
50.100185
35.18731
0.06305885
62.32116
45.618324
86.15208
27.28308
8.922625
160.23209
-38.042828
11.770663
167.75697
-54.02954
68.807755
-1.1468762
66.910736
1.3985993
-64.16608
159.30536
-83.063354
-195.957
-14.911254
122.49085
-52.80293
159.63309
142.24533
42.869297
-54.07635
34.27669
-118.484665
103.797775
-152.16624
111.06575
-32.340076
204.27786
-26.481773
143.69556
-11.477422
4.1227274
10.352959
0.13867891
251.26619
34.158684
-40.265884
131.78052
71.33468
-37.43995
-10.911446
-24.67165
-22.721445
-174.86607
-184.75877
-26.887123
143.3796
-24.468033
-52.144543
23.090998
-6.2082224
11.73281
-94.36443
8.454618
226.03186
60.499325
-10.983321
-292.75415
-119.42953
-86.77175
-18.02047
-28.99889
152.36774
0.584654
-10.376931
-152.96535
-5.8052673
-266.16443
35.391247
-120.30335
34.27079
61.259907
-62.164337
-24.291866
67.33559
-189.79799
15.590273
-25.1194
149.13792
-70.49064
-19.359243
-23.36824
210.01102
71.61481
-81.707466
-34.157394
77.08935
-100.13721
-33.37664
17.188442
-146.72098
-314.69693
55.690697
-79.41112
-129.70473
-40.443367
73.069984
178.20657
-206.78773
-55.17802
-27.757511
98.77432
-37.266724
-98.799675
-214.23274
18.445143
-92.27847
26.533894
-61.353653
-145.41881
-5.4763103
42.527134
97.32401
121.72758
-68.83039
73.333
52.93488
53.4033
73.395996
46.495182
13.321196
-23.774815
-8.008063
267.57373
69.51277
-26.33705
-109.84087
-1.7415516
192.56729
-3.1753266
93.65864
26.570976
88.37094
-85.12664
31.435215
-28.218632
16.858149
20.891514
168.56476
-213.29108
88.939125
74.10902
225.7313
142.79092
116.73343
30.407356
-13.503702
-120.999016
196.71323
57.580727
73.67805
32.828625
17.260513
50.41101
154.72456
-56.745956
71.79298
-138.953
48.6795
-104.1125
-71.63036
1.3921435
4.882235
44.75165
-20.57626
-3.213903
-116.587
-255.48041
-111.22754
88.17557
64.198006
48.48274
112.075516
2.4831545
-62.12864
-79.528
-35.640633
166.71902
-57.11317
22.955395
-141.91887
101.37696
-20.671322
-88.04648
-44.320454
101.27053
-63.82382
122.335075
-115.37921
-60.20999
-38.06962
233.82118
31.304466
24.5905
-105.98768
-250.37929
64.23305
111.55863
-261.11688
-340.92215
0.64662105
-73.95261
229.36192
-78.49744
-17.532028
-80.89687
75.34802
33.652596
37.758423
-10.863386
-29.885096
-34.26351
120.881256
41.24393
182.21826
61.48901
24.463749
-229.14758
-162.62999
143.43498
-232.69772
-54.99295
189.03523
-4.243128
-63.584057
-50.472233
29.246775
-55.776405
51.903633
56.467537
-57.351215
-95.62193
-185.24965
24.858345
-15.521765
31.193262
93.981346
-63.368248
164.71696
112.903465
113.11409
-64.870255
-21.10453
36.81766
-22.281202
28.976763
83.71793
2.669504
5.233711
72.81659
-125.199905
-73.55022
27.657856
-138.65768
-202.74522
-32.241215
-49.070885
106.32024
104.27506
-79.56212
6.6019974
-216.41397
76.03757
-34.450523
11.576941
70.28053
-51.146297
36.233524
0.5081798
-25.549448
78.13807
-80.40706
235.94475
44.43987
107.92058
-30.833046
-31.718721
45.984035
97.47808
-53.185333
65.435326
-63.329926
248.12955
-12.533049
-211.88249
115.46226
-12.637168
-1.6915926
100.61645
-35.543983
-209.10706
-44.80359
115.24356
162.19394
251.77016
-43.50139
-63.735252
-110.92145
150.08842
-41.348854
112.46066
-56.189526
8.545777
-21.580624
-71.57508
-22.029945
41.920288
82.665375
10.274184
-49.091953
166.86925
56.91525
-208.42769
-67.53106
47.041103
-161.02635
-23.915894
26.326345
-37.497684
50.55546
-128.75316
152.24428
-86.868095
-10.896177
68.38805
-214.42593
-37.724266
0.17746782
96.12757
-52.336803
-45.690613
-55.423172
56.77635
-168.3823
-136.27443
71.57443
-45.779564
25.012426
51.92141
45.97619
30.773327
10.351277
-89.745895
124.919464
115.48882
-78.085846
88.700356
-32.635975
7.783135
-36.504223
-64.25739
81.37743
117.33846
-14.5202265
70.07261
158.36522
-100.055695
14.353076
-64.34623
-16.558016
4.2809544
-188.72618
51.99253
-37.450947
99.633934
-176.72346
148.8574
-42.34534
-104.51614
-48.980606
-0.7313411
45.570396
-109.06253
-5.442321
-112.300514
-6.4503837
-31.926592
134.64275
-147.76295
-34.97382
-105.83046
-86.82545
-86.72349
80.3191
142.63745
130.24455
100.16817
-129.59898
-105.138016
78.29831
23.918327
7.277734
-61.03872
-22.681417
-72.17596
30.003834
72.8492
-11.566229
-108.52126
83.93199
-73.1731
-9.128434
31.226902
-11.830211
-37.28077
191.8333
196.5026
80.21615
28.747044
-61.709087
55.243374
-56.374516
4.1600957
-125.71616
-11.827532
14.636838
97.47521
-152.17741
93.10917
-29.341011
-70.645424
-242.3244
41.389233
-187.14351
190.28995
45.266808
-47.907223
39.313755
274.84848
-103.37838
-92.41145
10.612285
5.4863634
113.08818
-37.370644
134.85713
34.21808
66.62542
-55.136192
54.840572
5.042714
-11.919619
146.17786
62.617146
51.74215
-39.60132
27.164343
-30.19888
-103.0369
-94.29696
99.75653
-49.318077
45.958027
-21.102676
118.539734
193.22446
51.821613
3.490689
71.0428
50.64669
24.845478
71.06836
23.321693
18.960287
-66.84568
-67.29762
-116.601234
116.431366
34.217148
-136.58844
-30.69271
-27.525513
63.88181
34.79715
135.00137
-167.96976
181.37434
-16.379616
-103.73252
79.88907
-76.59595
145.52051
-223.8075
-21.946413
70.034515
-6.922961
-59.663128
26.072704
39.145363
-116.95755
74.7988
99.78424
123.72864
-242.60124
-16.504948
-81.50375
-34.89617
-71.09861
178.88538
-72.30904
-65.12275
-97.730354
122.06171
-13.145661
-21.281265
-31.923672
-17.581055
75.87369
-6.4911017
150.27039
144.88538
3.1164293
135.81491
42.325012
-25.85854
-90.94238
-6.583383
13.900208
-89.50842
-170.99689
79.13155
-60.009888
5.736297
55.86728
-9.877996
-54.682503
32.41873
-67.86609
130.06447
-130.104
69.34209
-80.2411
-74.81197
84.64241
163.07637
-151.12201
68.5524
-5.0269623
-60.524776
171.91751
-44.07519
132.09917
-156.95995
-148.8502
63.043987
-161.79886
179.49022
89.02347
241.44969
-95.80251
-64.85251
-0.023012757
-163.6039
-63.809242
-100.86959
-30.220163
141.28178
-188.1735
-16.3563
-16.069494
-37.23985
154.58516
-231.73682
45.489635
26.257391
32.290874
-94.00254
76.90027
42.302067
-10.489523
-16.827282
110.00322
-10.840937
-15.805617
-78.32834
127.94001
74.866585
171.53995
-185.17345
-153.96558
-101.60472
133.264
-78.87515
-39.833614
-188.17758
110.58427
22.662064
-82.96888
-245.61427
-128.96303
-29.075825
46.54761
-152.49297
-59.624325
48.572697
157.96567
-118.024376
-171.89949
-83.313934
-54.620632
36.97033
-61.144695
26.251598
10.699029
23.857735
218.14423
113.689384
-39.746593
13.881825
43.017365
16.072811
-0.944543
-125.50052
-25.509302
43.16214
103.0556
-9.771555
2.1672716
279.3292
147.45996
123.901566
-134.24548
-81.25667
-71.75428
121.22581
42.54983
-261.9657
71.23091
-102.335434
37.815975
-76.37696
-15.2595825
299.41476
20.73596
12.557514
43.036663
32.91876
159.89021
161.81372
-114.20866
-180.18463
33.33646
33.6138
84.94855
-89.38404
29.013683
-25.686592
58.9011
111.94842
-51.198936
30.182743
77.187515
132.69441
234.4518
-1.722796
22.07938
197.6695
-34.602196
62.752945
177.92612
-16.770468
81.44771
-83.22788
66.75249
-0.39747947
138.04935
-16.60325
-171.58395
113.332985
46.528538
-54.717083
-72.6936
-270.53595
182.26897
126.724594
-101.09446
-69.3796
-27.205553
-168.15138
81.72861
190.17294
-97.62423
87.41707
51.6421
-10.71665
-70.044495
-38.168915
-1.1623782
40.541077
-78.23879
-73.397385
-168.31345
39.255108
6.517113
58.173576
-223.9263
-105.45706
-103.33098
54.389233
-87.04039
54.05208
107.41338
64.40927
64.2446
-84.69868
-100.679474
-51.08103
100.509285
-211.1937
-54.81246
70.126526
-68.63142
-40.503635
45.759865
101.55382
167.93315
46.03382
-64.01323
-51.00669
25.83053
-192.21497
11.547113
40.53717
12.456906
-220.36717
11.986891
-14.663125
81.58377
80.67974
11.821456
-55.561638
105.66953
89.001
-77.2402
66.059875
-137.09433
20.481607
76.73031
-103.29292
-129.12553
89.40922
-53.566254
-112.64242
60.21937
-135.38475
-69.62228
-107.98786
-106.968216
-110.84137
137.92253
110.39942
-6.6476793
-109.36246
126.27658
-70.0966
95.36587
56.974945
-37.31594
42.80606
-83.70735
168.4318
-57.70067
-29.974222
234.50932
-203.16943
166.35905
164.49059
59.176384
34.112293
83.47138
-31.50326
146.5791
-115.78199
-21.210852
-57.69738
-4.6620975
-37.30317
0.55986583
-109.55518
-93.5259
37.817375
170.83359
-156.5561
-7.586789
28.77052
-164.70187
-5.2753296
-179.67065
-49.933872
-165.05046
49.433098
128.82704
107.80794
-51.244743
166.25636
-92.45013
83.32581
9.960321
128.9186
-129.81932
162.61264
-106.569565
197.44214
-4.049215
15.056017
48.024582
171.05775
-26.315826
59.987736
-61.07663
48.410004
44.911217
-145.20886
22.65633
26.187098
-41.487602
-101.66209
198.04813
120.89424
88.53439
32.14731
49.54802
109.377846
-153.75687
105.230415
-3.710147
62.35261
33.785915
49.517365
119.34788
50.877934
1.5064038
-150.06914
90.12715
83.88365
86.973816
50.659523
221.44907
-18.47367
213.7358
99.2589
169.48221
-132.53915
109.40384
-97.31906
177.9632
71.15896
-122.9189
58.021927
-2.9247189
130.63019
-119.63937
-58.821854
65.16158
-58.42691
68.393524
49.404438
-87.90671
-65.14447
-139.92427
-190.78116
-58.507915
-77.3572
69.85817
-10.807025
34.327526
65.5233
11.529577
64.838844
111.219444
-34.288517
8.259858
76.45412
-9.9942875
-40.127377
-49.84042
-83.716965
-33.480247
18.808632
75.904396
-36.74935
94.79984
-23.158504
20.808178
-33.92054
126.604
-163.34818
-26.829018
-20.4153
38.688343
150.31761
25.779322
270.8997
239.86327
-158.81555
16.856693
122.93792
-104.16213
-40.424553
-73.06677
118.71241
68.57566
-131.69041
-21.370203
73.061005
-252.6627
-61.89545
138.6969
28.721783
68.290726
72.07255
28.444311
96.03945
-67.04607
98.44977
-26.5842
54.397297
127.44741
-147.42874
-82.46863
-10.640661
25.925396
-10.892695
139.16649
-60.736755
119.07447
-39.033295
-66.69663
30.822365
-28.37349
-23.060917
-19.484137
-38.29089
-49.240356
193.74702
79.81185
85.66517
155.7114
-20.814182
118.20657
-14.052376
46.483994
161.1866
87.95646
185.27798
74.676926
75.72912
-135.33128
-96.35745
-82.10237
63.11805
-24.436222
79.37571
16.647987
15.090304
102.334526
8.55241
-156.86353
-85.75795
-123.55277
190.00905
-57.039757
-40.474564
87.98117
151.26172
-118.274124
162.22806
-46.798046
3.14245
-55.284077
104.34652
-46.059334
-117.30751
-3.6896884
-4.2870674
-50.65291
178.70485
-17.441399
32.460167
104.520195
-62.060234
35.020092
-62.471737
-16.484213
90.65937
38.69036
-222.54836
33.118443
105.8924
109.97411
87.89639
56.960445
91.673
122.35375
93.359436
-124.913956
-122.77148
-58.011734
-76.5206
-115.027016
123.59816
11.816467
-158.77223
-112.83153
-44.771698
-200.75151
9.670913
65.51355
137.19348
-166.54384
-78.66889
-8.227186
-92.884636
-58.430836
-149.32089
-57.203613
-105.01051
8.337555
-153.37561
13.551859
-1.262643
-81.56793
-102.41802
-136.57773
-60.193733
-11.452693
-37.566994
-131.8061
-153.56664
-62.21555
86.01912
-170.62964
77.10799
1.7841923
-236.93713
20.022007
-10.511094
63.44379
44.750763
-78.40697
1.5809758
96.58374
128.29465
-237.03561
156.25226
50.437057
169.80984
-141.21541
-25.89529
83.34192
-179.35718
147.32368
25.095678
-10.736202
-109.926254
43.83654
124.73365
12.158225
-63.75363
109.09005
38.745705
49.684685
49.172577
87.12341
-0.56041634
-85.87696
77.74512
2.414419
-64.97113
-119.653694
-140.51088
60.09155
-128.02612
-151.48845
-81.57118
-59.99383
-1.1541798
33.030907
84.43943
-59.66412
12.805274
173.71704
41.894184
-80.73498
138.18977
-82.205246
-127.18264
-21.239382
-89.70161
11.515565
-36.617542
102.22593
27.165663
-70.311745
193.75383
-55.678402
-67.165596
-100.82359
13.876263
-98.66904
15.532492
-170.88527
-35.587486
-21.625444
-14.897074
133.95532
-74.622345
54.75403
-100.44334
14.626161
234.41321
80.62617
-0.3416615
-25.223017
78.397064
-106.36852
84.75074
75.43712
228.36891
-78.37216
70.768105
3.3627796
-134.18567
-14.888357
-168.28986
-100.40944
33.000935
187.11809
-12.403299
-96.76057
31.171003
-99.67611
-146.74335
74.67578
-7.971134
-113.45802
78.34668
178.4393
-110.05555
137.84995
54.273125
14.845249
-26.178604
-150.77269
-188.48827
83.69957
74.42963
59.134354
48.415607
-32.085865
31.716755
36.246387
14.16326
-239.15245
-140.75394
56.871155
-74.39326
83.869736
-22.366304
81.718124
-0.58959043
33.31141
6.51533
-205.7856
16.453875
28.576036
-71.32069
-38.63767
67.98809
-62.611027
68.11104
13.509366
-95.21412
-14.896686
87.507576
-155.98073
-150.95212
93.68415
55.36312
74.710655
9.259215
-193.20381
69.90395
-96.17907
-105.01636
87.20254
3.033483
-20.108988
-70.97093
-49.579967
58.045002
-71.36802
77.77732
91.60575
-75.8886
-20.412035
11.022094
-108.45621
48.89423
-105.749016
43.066654
20.623663
-67.065674
-8.112821
117.16019
9.282091
-117.086
-89.70971
-51.801888
97.788826
-13.313931
103.239784
-113.71336
21.928724
-55.93057
108.628555
-6.7281656
-49.125114
-190.86247
-180.30678
53.32663
4.8778296
-36.574947
-103.9579
-14.521278
-151.439
-105.02825
195.12091
7.8473735
9.786699
-41.868923
103.217865
88.972336
-77.24059
-24.097486
-10.898976
179.83559
15.967017
138.6035
-87.24022
-50.798603
154.89198
-143.9798
-30.09247
-64.33202
-0.8599595
77.36064
41.287094
55.80448
72.37078
-37.35
-36.356842
7.105561
62.456577
-79.57446
-56.30465
126.09003
64.55112
-6.01078
-83.8144
-98.314476
112.28016
-25.257366
171.21802
-18.212976
26.942144
-0.5067383
-97.53586
35.684563
-48.244804
-66.978615
159.69643
-44.774864
153.25978
-13.438761
-61.991043
39.60828
-193.88863
-31.257431
-182.60234
94.838585
16.466549
-12.9214735
-144.36694
40.071323
-30.955814
-80.37042
-78.789406
-56.648556
-127.85453
-129.00867
86.42247
18.339169
-8.761828
-172.79451
-34.95441
47.02531
243.89452
-12.103059
49.455944
-185.63348
138.31085
-113.12008
-14.301476
-59.209507
-14.899773
-165.28104
180.70273
-138.45029
71.21498
-81.70134
95.58892
50.245594
-0.8348105
-162.36227
-40.304485
140.05678
-66.271355
-152.7806
82.70986
