-208.4833
60.3171
-98.597
-105.55649
54.224392
-45.844868
-13.26119
-28.712776
-46.94984
-56.542442
66.90726
-153.47931
79.176926
-117.642296
29.187244
52.261288
-101.925835
-128.54376
117.61874
185.97368
69.57156
149.15004
-14.290793
35.56857
44.224613
56.39302
119.44199
77.924416
192.9485
-42.046654
133.57718
38.9386
58.389843
35.810444
-225.83069
-2.2110727
0.80535746
-26.508263
-177.56206
26.934494
86.321686
146.4566
-65.20206
34.628242
-72.754234
-58.67807
-72.077614
30.335285
129.30814
37.918636
8.706624
25.419758
-24.629053
235.20023
75.72974
-169.32236
-42.98621
-156.2935
-52.373062
-6.2072806
-5.1624613
-67.60193
-53.76688
-45.438
-26.281855
-157.49477
-22.586788
56.248947
124.26995
-32.48737
-26.695938
-88.259865
68.99978
5.31336
84.55127
31.892199
-28.067005
44.387615
20.360725
-43.589367
6.3246655
-37.626408
-12.587681
-7.562628
-35.91491
75.15302
-94.7261
-40.522934
13.556971
18.28476
3.7874856
-51.71382
61.633606
-20.291117
-19.257223
47.476646
65.473854
-50.858677
-6.7178464
-69.08941
157.44287
-80.4331
-89.360825
-26.208963
-64.57576
5.392293
-1.1284821
62.11836
-100.172485
-108.28331
-136.68732
-7.4294615
50.694286
6.7431264
36.015705
-101.69231
-58.500084
-56.893036
57.3893
24.014585
36.55722
161.40489
-2.3015883
-67.43019
5.453798
-127.59824
70.587296
22.96302
-13.108533
-61.496178
-0.0041503906
-2.238304
104.623314
17.662762
-84.67973
-45.338757
64.172745
-15.500938
-13.376245
-14.44339
89.87691
-40.223316
-95.335754
-42.641632
-71.09205
78.6309
-74.19589
-52.614204
92.63384
64.26569
-44.357212
79.55886
-51.82541
-8.875143
-110.563484
21.993263
-100.104416
151.60478
62.62104
-74.63783
-6.293231
-80.15237
-78.071526
-180.3178
50.218098
-25.622099
-22.861187
8.612964
121.2858
-73.933556
117.678925
-14.551605
94.16616
-30.151335
-52.922287
65.4063
-29.671392
110.64777
-69.900055
115.18733
-45.33689
-9.434221
13.195829
147.81001
-40.23229
55.461266
46.93039
-166.56042
42.92861
179.6553
-64.95322
179.3509
28.316963
-56.28758
-31.293102
-114.10828
-29.798368
-68.39289
-127.513306
-70.63753
106.32925
4.10589
-116.388626
-101.54208
61.70444
-0.6649574
-66.75493
-94.24848
-109.48143
-1.321512
-108.04972
-100.10235
58.301476
74.80301
54.432827
-120.07806
-162.91486
-2.7610574
21.859663
68.97097
-52.70873
82.221405
-54.90933
-34.137955
-69.239746
51.604637
-5.217642
-29.340134
-52.116127
30.992134
39.689587
96.01792
55.622528
-8.506266
-124.67628
63.970264
-85.21066
-80.52846
-34.901573
-85.044495
45.80977
-136.78458
-35.476112
-44.553905
43.454315
130.15497
51.089745
-9.219081
-16.473763
-144.32489
-26.092926
-88.06448
21.231003
-32.60074
-38.961723
86.5248
57.598373
-51.402554
160.14375
-104.54359
-58.057537
-38.012966
-117.6019
-124.27456
-57.409332
36.120316
112.64181
-11.802272
80.60244
96.89168
-62.31599
-132.76721
-60.143524
18.096067
11.797439
-30.796106
-47.69599
-25.807446
-61.775177
-26.666445
17.368559
-57.63165
-12.20142
-26.161835
75.842995
9.46437
52.553555
73.230385
-143.5575
128.88191
-76.44268
65.51101
86.43829
-139.7544
74.32409
28.055012
76.94883
-46.782196
8.233204
86.07413
30.20113
-106.2993
123.78193
83.61963
-12.063673
-71.03582
-62.094734
37.348164
-26.555155
17.646257
-154.70103
95.04403
-20.584036
-76.79259
74.72101
-2.8949559
-17.252884
91.91112
-57.569042
-22.674223
-81.474365
-60.27536
56.96729
29.732998
24.588984
-19.024529
-92.48336
75.46588
50.824627
40.44066
-38.20944
3.262207
-88.84375
-74.87538
78.906136
136.712
43.17332
-34.68453
-123.82427
12.582365
48.873947
63.207962
-19.037542
-84.46186
-175.91008
52.156414
135.16705
-18.505358
103.78222
-9.045745
-17.679014
147.10892
-109.25001
-138.36652
-21.590004
9.261979
-24.630068
130.20729
1.8336608
95.57962
67.24962
171.00005
44.30924
30.101463
-83.77553
49.32357
-29.329376
134.65385
52.65247
130.64403
-25.272594
45.634842
-28.490189
23.835396
73.28335
-63.712322
-207.01186
157.23323
-69.5544
-35.041393
-85.059
-91.90805
95.439674
-0.08087993
60.655766
-49.38758
135.67145
-119.644806
-24.912498
1.998976
62.645523
-15.3448305
-36.145493
96.115166
-23.283548
66.82939
4.1453314
-4.139823
-9.430736
-12.68463
-72.69136
37.290264
-0.76142263
11.985704
182.67677
27.335478
84.49776
44.97528
29.14904
-24.077919
-38.958103
-38.810387
43.906193
17.692087
108.55569
-45.535095
54.566265
-45.139057
62.619827
22.590294
-63.305225
-61.531155
-100.600876
83.109055
37.457794
106.56736
91.166626
-32.449787
-9.048162
-221.35738
1.9314146
-138.27179
-43.590244
61.431408
56.71194
75.820435
-156.19295
-72.582664
21.15503
-52.65746
-61.477943
46.305862
-49.056587
-0.31257594
18.213497
-53.231632
36.94802
-24.608534
-72.02751
-23.833551
9.615682
91.98547
-44.770325
-98.180084
-27.813171
-121.983795
32.943726
-10.899124
-100.30166
-136.91193
-5.531332
167.34676
-58.745724
113.76355
-93.65095
44.030064
-4.037801
51.995686
-64.58567
161.19525
-92.12547
92.89521
8.217989
47.336098
6.7125373
78.78925
2.9395843
-82.86956
-66.09245
-77.64358
-32.75762
-125.08563
-65.998436
-18.793793
-28.059351
-38.77559
29.582468
-47.958538
-88.194145
103.8666
-59.01271
30.493433
103.473015
-101.97982
-24.39157
-2.6858203
16.740322
38.464413
17.714672
-10.006096
-75.28752
-154.9096
-27.197506
51.530308
22.161613
2.5944815
-45.506725
53.279186
34.37622
165.71802
-70.561615
-79.54268
42.096592
181.67139
117.13742
96.19159
-17.564531
69.38522
0.23970687
-34.05121
-106.80103
168.06213
77.098145
-108.249626
-67.88351
32.75873
102.1512
-98.32638
127.784676
29.369225
-98.321396
4.692744
38.084972
43.849365
-59.416245
-38.147537
53.04405
-131.23233
99.74599
-3.6649885
166.62653
-127.43218
-141.34293
24.68203
-14.2553425
71.87198
57.66659
8.531897
-22.374743
58.90753
-14.558326
149.16414
-48.156055
-149.43845
-1.7321792
-96.99366
20.32342
107.862625
-91.73457
74.61708
143.90567
51.820263
-35.037693
-19.660826
-19.995005
19.093115
-15.503746
59.154556
-118.84333
167.29648
15.962232
46.300392
149.33722
99.13315
-24.3829
-34.11612
-87.0324
44.22012
42.803062
-109.7403
-83.22875
105.754364
7.3982334
35.87746
253.37605
46.80875
-29.720602
-91.93973
-131.79517
50.738697
78.5137
-29.756844
-49.744205
-21.123568
10.622623
72.64566
134.36359
-139.9905
2.691638
-51.21568
17.287155
16.6129
-44.812744
-10.183346
19.15334
55.562794
-29.470997
-209.30673
-23.576593
-11.750115
-4.1593494
-29.314924
-86.01783
-17.386951
-23.274231
53.08138
84.60905
-67.70638
91.08584
10.140054
112.982086
16.388977
174.58154
182.42818
180.5075
-23.162235
39.374554
35.20526
55.70248
-47.831657
58.67309
45.068718
84.56078
-182.19748
-50.819107
105.09821
27.316309
4.5084033
-92.091515
-25.339191
-24.65943
-98.45332
-83.71657
-85.927765
-43.006264
178.14894
80.47074
9.521992
18.723103
33.995136
82.165405
23.740202
-99.00168
37.521973
-63.650677
66.05199
46.601665
144.10648
81.605385
47.17411
-44.473763
-48.34927
42.651344
11.856442
-94.475845
3.8817053
66.16595
33.526585
-13.890926
23.954803
-41.89665
32.618717
34.72829
-10.073521
-65.23759
-31.194136
-7.173862
25.172628
3.126347
-92.91843
-0.4719422
88.48242
1.4561207
110.86948
23.999744
94.24696
-75.59233
31.403967
-44.772808
-34.83339
-88.138664
15.374481
41.469128
-22.970726
61.306366
30.371714
88.452385
-0.20288241
-53.017628
-104.062416
80.370255
-142.6326
-39.731205
119.09575
83.68951
-90.73236
-4.5027866
72.85132
14.474017
-25.267326
24.81839
-50.737972
-176.54004
-24.73866
198.40985
50.385696
47.248444
29.23908
35.655315
-9.608628
-28.659725
63.628567
-173.18417
-13.056876
-34.031376
-52.19406
-8.472116
-76.648544
-30.272703
-33.787395
-88.77184
-6.8014536
-107.2445
140.77406
37.22571
97.80574
61.64392
26.035648
-233.67796
72.44259
-41.154858
13.289273
-74.20311
51.97112
58.53929
10.638584
11.154145
11.088709
-104.53671
-12.068661
13.552922
31.0976
36.72817
39.846706
78.9154
23.430233
42.49581
38.005947
-92.07559
-26.80501
-119.3924
-92.80511
25.512884
71.42791
25.297607
-15.231738
98.07978
-51.939686
-3.5679905
93.979034
-87.55474
17.220154
-60.734978
39.89262
-108.61899
-136.99843
-28.221329
142.50974
15.208769
93.48684
81.48366
-199.14215
0.16034865
64.956985
32.739906
20.993174
22.822655
-61.733433
-155.87743
-7.066554
102.91649
98.944534
-48.339542
-75.299446
151.397
1.3835069
-48.292637
-114.38419
-29.976854
123.45469
-152.15102
49.96291
-66.854164
-5.5162563
113.454124
116.94295
-147.97945
-75.82753
-115.761894
-72.36172
-35.568394
1.125517
-5.0757227
43.32858
52.94125
8.235582
-7.301294
25.74229
53.99314
-48.803764
-111.47175
-45.350544
40.37026
-9.28703
-64.22598
-7.3510923
75.44147
0.086328626
-18.386745
32.114704
84.18195
-2.7638745
-58.72482
92.02394
40.18217
146.29942
-49.195335
34.129036
73.08304
23.675947
-56.40135
33.346043
-62.508404
13.343092
9.707565
16.697163
54.12496
4.8445106
-4.408561
110.55974
-0.4438247
33.677364
-54.744534
-14.215974
61.542324
45.492115
-14.254173
-107.47662
-35.251656
18.380161
15.211236
35.35861
67.4894
-120.02497
-26.745195
8.71382
-79.138306
-8.759433
5.532293
-14.517995
-33.971405
125.335106
-106.62081
-145.74387
167.34969
58.58174
68.92854
-98.329
-103.96602
-38.441162
29.411093
49.00265
8.193562
-20.285187
-135.64076
40.83137
69.07546
-37.592155
-72.85244
57.402893
49.696857
-83.69205
-20.852974
-92.67818
39.800575
-73.46539
-19.359465
-82.215675
33.815506
98.881516
5.7669654
28.850922
86.31591
32.69983
-48.67726
74.39549
47.495373
40.983635
25.62858
82.17375
28.486153
-19.51283
30.230188
-6.858028
-59.12468
-101.76909
13.904781
-10.69154
-38.079273
-125.85308
-26.431376
3.524722
-20.668224
48.827145
17.367317
-58.924385
-47.995987
-90.34685
50.005135
-139.62595
-13.530739
9.082108
-123.30535
63.429333
-97.92458
13.797154
-55.299084
132.80464
-24.554401
58.560192
-102.272484
35.1245
-47.511192
-84.57458
-34.99497
-53.36661
-71.64894
-5.044495
-42.095325
92.51819
-7.955233
36.99125
-72.75857
-19.886072
25.277184
19.495628
6.2886424
41.839375
-97.79748
21.012896
-91.43017
-69.42321
25.836231
-71.01639
-63.109413
-21.906992
152.81386
-20.773418
114.37543
-100.51599
51.967136
-89.752846
34.992424
-54.594833
-151.51021
-13.845395
-50.159523
53.913246
26.87012
-122.040565
-9.347078
224.07196
-59.545986
5.422857
59.995564
-11.422399
-102.34108
-30.859682
66.670204
76.02404
39.252235
-119.25589
50.569675
-10.639763
-31.280537
79.77968
57.698765
-110.8043
20.760994
-33.28402
68.128654
28.763756
-44.455746
-21.132631
-38.799095
-86.9255
72.63035
-26.63269
178.1417
-34.568096
15.285587
-117.4897
7.5601506
81.00889
130.71603
6.5607123
-60.088005
-62.78638
23.31715
-148.36713
-30.875134
116.28377
-97.78154
5.779465
-67.5802
-95.900406
49.30014
-256.1865
116.25349
46.70885
93.84468
-202.2652
110.65377
-14.239216
-78.35701
-18.812386
68.07702
-115.22058
22.145985
10.634882
54.14209
124.50777
7.6314096
31.851027
-0.909034
141.84503
-79.70013
74.97921
-28.184475
-182.7907
70.86765
8.554989
58.928123
-23.586353
-28.233528
-42.84722
-171.82262
93.12434
78.886696
68.90802
81.74954
-68.476524
131.41638
-16.893856
-69.04021
-141.30556
4.9688377
74.391045
-38.842766
-58.909645
-82.49348
47.95559
-123.25374
-50.27512
65.782074
-104.96254
83.343285
67.725235
23.246292
4.4551353
31.092794
-6.052047
-98.99872
-5.6580763
23.659271
-14.76523
56.901627
64.260254
225.27187
-80.593544
33.272736
21.744604
180.20198
-45.54162
-167.64615
-114.42994
73.587975
60.790855
-16.39074
-79.71736
-7.03587
46.00234
11.039491
-163.13205
36.41248
79.755295
-139.46933
8.120824
86.058075
47.149616
103.330925
-11.422167
-21.323202
46.385242
-122.18512
-39.65232
-135.90508
38.247356
-29.910141
-24.833666
-99.04219
-69.74727
237.57945
9.717141
-61.68018
-0.8559329
-20.996616
-79.57641
24.07683
-37.28324
-142.87764
-65.841446
-35.88024
219.47742
-73.60805
144.2068
80.18927
108.155174
16.1019
79.38696
-156.53545
179.58022
-5.9447026
-129.47044
102.13294
2.8348784
-44.399853
73.4906
-63.654453
-6.575008
-41.937096
167.66895
-173.16533
-134.53563
-61.082653
-162.42264
46.404648
25.339909
-59.364445
6.5720687
-31.758512
-70.28502
-131.90874
34.142937
-116.94941
73.418976
150.32098
134.12714
84.673965
-83.86422
-19.195824
-115.99464
-26.743912
-120.46348
189.8969
89.667244
-126.74962
-59.096844
-13.088098
-41.800552
181.73753
22.02089
-72.030815
82.92102
78.921936
-22.022251
10.3935585
3.8955119
77.95687
-214.07327
4.4964504
69.357735
-128.48058
-164.13881
26.039389
3.7388155
-57.445896
145.28564
-117.94492
51.0353
53.33039
-74.093185
-22.421822
-67.779366
9.883728
-243.0535
-8.294291
-152.88568
2.3921764
-22.992132
-171.91077
42.440132
-69.13869
109.53057
52.93101
-63.727932
-12.193955
-23.43287
37.187256
7.7691727
115.99175
61.428413
-110.36088
-42.678535
-78.30745
-22.905106
-45.173744
21.409885
-70.03053
80.69563
66.83489
-20.6197
48.115864
142.99254
27.942122
-42.19979
82.81579
1.4719768
41.053604
76.32066
-107.06209
78.187195
-28.840088
-21.366777
-143.17606
49.771168
87.04689
-64.68542
-206.61635
82.77733
-22.01633
-69.95934
-228.20084
-132.74553
30.289576
-43.056458
-161.97723
30.847109
92.389496
205.13799
-149.87274
114.24093
-152.36739
98.66059
-19.048084
-3.285027
37.470924
58.267723
-27.63044
-38.29276
-42.54105
-35.084644
-53.00184
-8.659674
4.3078513
61.79414
86.54799
-38.668205
-32.61648
-92.61058
111.48324
-95.19581
-77.65511
7.95342
-20.10405
-39.730488
-93.422226
91.60471
-34.599064
81.93396
-14.853529
3.4506075
49.79365
-63.29335
-39.022934
28.616817
60.057846
25.418278
37.777454
33.410065
91.288216
93.53636
-6.744832
82.02664
-169.89621
-9.983915
52.520866
71.28362
69.105835
-43.938816
15.343491
12.262535
76.08756
-122.49662
-35.520203
-94.691475
17.093615
-203.61322
-130.12906
-60.639942
-124.8793
4.9451075
-171.8887
-10.612117
-178.7205
28.345436
26.162256
66.34198
55.49274
-14.022486
139.91492
130.48792
5.9032
48.084835
66.48976
97.165375
74.97059
-57.38355
71.75457
-96.15115
-36.88344
-112.880196
192.445
-32.959995
-75.44187
79.962524
-23.054928
46.33029
-45.031296
-21.30328
-2.2074437
120.30291
-51.951374
172.54446
-19.99739
122.97115
-65.836105
-34.442005
-57.28298
-114.1553
5.0932064
-9.11578
44.875423
-63.73104
-149.03104
-13.05451
-19.06113
10.177852
-25.626495
111.86906
3.2339268
1.1638212
171.89299
135.3185
-10.635837
111.17032
-8.989987
23.96731
-18.440346
-195.53479
38.446136
-48.116833
-66.824295
3.2621741
-8.63838
-3.559717
-53.63077
87.48638
-72.747215
68.51451
-100.81346
-23.139545
-32.964825
199.29108
25.695965
-127.32588
25.97353
117.644035
-57.2093
-31.259462
-61.415947
105.044
-46.6146
-200.29434
-53.173492
-89.169655
26.908892
-45.51918
7.1009684
19.235203
80.11155
-10.775732
9.435743
-148.90245
-137.8292
59.111706
-37.799458
14.938005
198.03113
17.880844
-37.01552
20.563942
-91.545845
-178.35162
-34.026646
103.12408
72.82042
42.022396
-64.75493
171.90622
-62.834656
-45.55514
82.87302
-131.1134
50.950535
56.601402
0.85166
-43.28953
19.67416
-4.6554055
-109.717
-47.62219
-26.899557
-84.690506
30.511276
21.686426
-152.44225
-213.08224
-15.743673
2.2528849
52.109783
2.0062346
79.57567
-60.16113
-12.66561
-30.116976
71.04046
-127.101494
-11.445467
-120.29504
37.490997
-50.497406
-62.095234
73.29876
-37.247883
-155.4116
28.55342
-1.0351063
6.1995993
-56.18924
-102.20947
-44.004105
-145.29442
19.04315
75.52843
-29.663746
91.165504
39.779438
27.071333
-11.130312
-27.125488
-15.743547
-59.526867
-117.02192
-98.01424
30.144075
-78.757095
-14.670273
109.76304
107.55946
-47.431202
-106.94558
79.93258
77.89707
-4.406324
91.84811
77.83694
47.595158
53.955597
-27.731466
52.285656
4.2854567
177.03964
-86.723404
-36.774055
-61.03487
-47.433247
97.70743
100.30671
-32.11045
-93.86913
70.17836
27.362627
68.948616
-25.476227
-11.658055
-64.95007
50.282
-28.817184
-50.107674
126.587395
-37.986908
-105.80826
105.76391
-56.716633
9.554522
-31.219667
161.80786
11.226877
136.99287
-24.387058
25.455832
-167.58861
-135.92885
49.28733
-125.24684
157.90797
-134.58778
103.380745
76.15464
33.811943
-32.697346
93.009315
76.66579
-49.649742
-77.22331
42.80743
165.37003
17.167664
-57.106174
87.53093
-29.696474
145.29189
94.35425
28.69667
-64.76638
171.87642
-49.342075
-0.5693103
-46.145588
-76.428856
36.012783
-10.573029
25.470926
8.6527405
-14.269731
97.15298
-12.886224
-14.095449
10.856878
49.76785
165.5521
-96.55001
-85.68617
115.658455
16.082207
-13.295256
-29.954052
75.03927
80.5786
-6.911887
-131.51108
105.41088
80.36774
-27.113342
50.225235
19.81772
54.507347
-55.23906
-105.48231
21.798151
55.66017
-12.880688
64.10553
38.16098
9.425636
-58.505535
-7.9150715
16.613174
-216.41632
55.676666
-6.3914404
-94.79234
-51.643906
98.02497
164.21548
2.4833803
131.22652
90.96757
-8.662504
126.87638
-55.83061
-11.267993
-42.027176
10.04774
-104.553734
-19.744423
57.982265
-79.127335
-9.674422
-14.748514
138.39064
52.799686
-60.936325
49.56991
-74.356
40.14967
45.378857
18.501183
-166.07985
-143.2152
-122.88072
-28.602116
-116.329285
10.093998
-80.62033
18.195227
-150.97043
81.52153
12.604062
-80.42997
3.6213818
-15.957869
37.856937
183.48915
-34.274887
30.608574
-7.6884227
57.14266
-47.59036
-29.491928
-32.37423
62.389114
12.912809
34.26862
-85.66619
29.696321
-8.02826
-79.458336
-45.08781
-34.47821
-22.261803
5.8359494
-124.1644
-32.36399
-48.208267
-6.7178974
-38.77523
114.40051
-118.65403
51.895798
99.33786
6.894546
54.670067
-165.10751
97.35272
-112.2923
-82.762344
33.590916
63.19548
19.78371
-138.93921
-231.53342
103.953606
-43.919586
-134.90445
1.9200991
2.7703924
-110.11598
-141.99219
-35.500942
52.524506
19.289764
43.52428
35.62396
129.3315
35.84354
-54.311985
22.31042
181.97328
49.516205
21.351885
42.45539
-46.666397
101.209
34.671867
90.91059
-48.205708
-12.911115
6.2904215
-159.39543
-82.56426
88.812805
45.151882
-61.33101
127.22788
-254.9686
163.57101
-19.127657
-56.0125
124.84174
-13.296045
126.67245
-26.011127
20.960848
-41.881683
3.2264335
134.15587
104.1347
-107.45289
9.541597
-12.630643
-4.5738897
43.42533
90.10536
16.10294
59.62032
58.609043
-7.412468
122.90012
-11.714135
-7.1408944
-43.3607
-9.249937
-2.2219248
120.70615
-29.683239
34.626427
-115.05478
153.55656
21.612299
-120.23144
86.282936
-115.12696
18.850573
-9.478449
40.460693
9.941958
-78.65412
-16.534687
23.006193
50.780643
17.681202
-137.34816
-109.500534
-109.10966
54.645954
-7.5952206
113.72402
38.050995
88.60245
-18.436274
12.738806
-114.72816
82.88433
59.23706
125.84249
99.73077
107.56459
14.567764
15.331647
23.623377
36.27943
-31.738504
-31.592329
110.2688
5.4136133
-54.44358
106.85224
-35.85895
29.840229
29.883835
6.8958244
21.137003
-22.648508
41.34612
-146.61002
-83.943
15.411217
82.745766
23.29436
105.74783
13.151014
-6.699111
-41.32858
2.9079218
-69.52603
14.205671
-52.37388
110.0846
-13.266632
137.91586
-26.190529
101.26806
-17.782461
133.51706
41.26095
-70.52584
163.9861
-61.762344
-122.30707
103.01913
102.44812
-115.207535
13.222908
-70.6265
5.258053
-198.89
5.232235
-1.9298055
83.41548
-4.1834464
-7.563158
-19.890478
62.296886
100.30726
-117.78231
45.937443
124.984146
69.076256
8.743085
-240.8832
-60.970764
-5.6900845
9.721313
-27.268867
103.99061
-91.93713
-13.937134
-98.80062
-74.65218
-119.56016
-18.727722
-120.172005
24.557678
-2.7503877
-50.086643
-83.68096
7.3341827
-178.47166
49.02612
-9.496949
124.59453
-97.77072
19.521881
42.614273
233.96968
46.858143
-28.528149
66.46438
24.438042
-78.67914
7.491082
-49.61712
-123.21698
-282.4127
-27.169664
-36.77698
-69.76656
57.290657
60.08058
123.65116
-98.758125
41.606403
-73.04493
103.42601
-44.963497
-74.500145
-143.57251
87.54518
-139.54982
-0.99215055
-45.459637
-137.97174
54.454563
51.941277
127.52005
63.105843
-9.39748
21.125576
46.563766
25.663101
101.13235
-50.028492
-10.8420515
31.247934
39.013065
228.50772
-41.18161
16.228033
-11.037443
-2.422225
93.44098
21.961517
27.23468
-4.880879
137.40248
-23.207996
50.857586
-47.842155
-44.8207
-16.08203
215.30452
-174.4681
25.762636
58.552998
96.53227
92.9848
59.326202
26.053844
33.035847
-87.77523
168.48245
28.655159
71.47479
-1.8689604
79.469284
-30.98375
152.97758
2.639196
83.92114
-134.93471
39.933792
-50.84797
-31.481947
2.1719348
-20.420763
0.9150437
-31.473896
52.810883
-43.61467
-163.00862
-62.597363
83.54708
137.80568
-66.39396
137.82574
1.5297711
-27.625648
-64.73144
-43.012177
98.51986
44.29822
58.132557
-18.994278
119.83338
84.02974
-28.76195
46.202095
153.08908
-51.797295
143.52643
36.03156
-41.076775
70.0569
129.94571
-5.3587875
-45.465424
-57.533085
-162.92996
126.53315
61.883167
-195.61101
-263.29147
12.055658
-11.896284
92.09791
-33.63885
-71.53872
-4.6560144
34.48563
70.8146
55.21597
-11.61102
-39.10853
-13.445701
-11.100533
-13.394577
162.19379
98.73446
44.028564
-158.2949
-171.1308
175.97444
-161.83319
-118.966965
88.112724
-28.334837
-99.267685
7.443046
26.248623
-85.67584
74.37868
-6.631955
6.5697303
-137.0379
-152.4578
61.74397
21.404724
-1.9052833
60.25866
-18.90702
72.41428
162.82672
37.52028
-27.251944
56.534737
-35.687286
-97.78522
-82.23509
10.267833
6.97266
52.496628
81.4745
-130.23091
-54.90802
50.064598
-46.917316
-113.41541
-38.932186
-7.426747
13.160151
82.76216
36.228516
44.967083
-142.37297
87.32168
-14.655453
-12.066862
15.340625
29.997656
-2.3225002
-4.728501
-53.48133
26.35803
-32.888485
117.11128
24.344566
178.86998
-38.53725
6.178035
51.30895
100.68254
-71.05309
14.345473
-124.48995
184.94528
-26.921343
-184.65594
58.252598
-34.741367
-32.550014
-51.140594
43.088146
-183.11351
-121.299774
3.5929456
214.64528
166.87688
-32.033318
-11.320529
-68.15691
133.20647
-25.669518
2.8336723
-52.544804
42.893856
-20.356823
-112.50043
-10.151961
-3.6442082
132.20047
21.077091
28.407003
160.68286
38.083717
-24.555212
-44.25949
13.362809
-109.347725
-33.72831
-4.5982056
-30.629015
120.61368
-99.42684
40.022762
56.49689
34.51564
48.298527
-115.94161
-43.63292
31.300606
166.80148
-67.62456
-111.881386
-60.56158
59.409626
-92.43737
-10.324922
2.1884155
-24.5708
15.997616
33.038055
4.1683264
-43.13865
23.740896
-74.14044
52.625797
81.89318
-84.976494
80.24419
10.538163
72.117546
17.14062
-41.021862
101.73703
101.33035
-63.96661
-24.526987
66.482285
-139.76099
49.76301
-76.6351
-76.12456
70.32375
-45.478603
44.249813
16.672874
-5.5515847
-49.827206
36.838287
-20.952972
-116.959404
28.590473
34.954823
35.550877
-28.090368
19.925638
-58.69059
31.092812
58.63187
116.78762
-126.11764
11.697784
-37.62461
-117.655075
-62.647755
52.52855
54.072342
97.45759
53.76039
-103.93691
-26.461708
-39.143154
-32.25285
15.04203
-110.244286
-31.127836
-102.34976
-17.697706
83.438446
-18.38308
-73.70366
77.321724
-98.390526
-36.013027
89.68185
28.235868
-50.79822
79.79841
156.52455
81.58436
50.512165
51.68868
79.25771
-34.81276
52.11093
-97.440384
56.338654
40.729015
136.41498
-176.81618
41.32776
-48.10347
-11.506188
-92.30164
41.86701
-100.23307
132.00146
68.969505
-56.270115
58.14685
213.13293
-157.11957
-27.052244
20.58757
58.729588
60.638775
23.51412
101.77065
132.10556
22.320768
89.89125
73.26669
-5.6960125
-45.8408
134.57367
-35.403233
-19.99166
-13.161858
55.60911
-34.602345
-86.713104
6.5021043
-2.9009
54.676865
75.63168
66.953
109.35784
175.71155
48.929554
-24.832115
51.009212
-5.1174197
54.878693
-34.180252
47.14772
25.34876
-90.22541
2.9185479
-35.531742
89.25897
-13.220429
-154.18721
40.56038
-78.222015
10.847025
41.524925
34.548214
-131.33331
164.13715
79.66367
11.468546
-21.597548
-64.84449
3.6600313
-90.77883
51.948387
77.37348
-59.03964
-1.9316657
-49.352528
41.407593
-109.25787
92.645615
63.825974
89.43306
-140.22171
-71.741936
-52.251965
-46.520214
-30.293545
165.15503
-53.42509
-52.49258
-32.99671
56.24753
-49.93819
10.029415
-118.037155
-91.79751
98.126686
37.58343
174.97476
121.693016
49.346394
232.7438
46.911186
-22.470749
-102.879166
-5.909951
-27.509583
-77.859604
-177.81273
8.068104
-32.95655
-15.769966
-20.066029
-40.00973
-37.181366
64.01665
-80.66552
109.12147
-64.8425
35.29284
-153.76942
-130.51492
74.15221
64.69356
-76.22492
48.0735
38.075684
-8.052786
130.96817
30.693275
66.89835
-78.08631
-5.7179594
27.016813
-86.25514
97.070816
49.420258
144.66008
-83.680504
-44.18341
-22.722687
-135.04742
41.632904
-65.0266
-1.023185
102.21155
-116.47201
-45.521183
-53.027893
-15.015659
41.859013
-155.37741
63.959347
-9.158887
34.45666
-94.70984
31.12372
20.27728
-46.779434
0.46049333
69.25511
-9.056559
9.294515
-58.766766
4.623706
51.46742
104.98149
-140.02023
-69.960846
-40.861683
45.355095
-20.43397
-57.777554
-12.132401
95.46088
-31.65808
-88.2935
-188.36293
-56.595222
-7.366802
57.401203
-154.93698
-87.25604
-8.073772
99.5825
-101.376495
-58.862946
-99.11434
-19.460564
26.318949
-40.751484
-15.289884
-22.556576
-18.119658
179.65532
64.36088
-51.221684
-1.0363058
42.49653
30.706676
31.527779
-120.73599
-71.97384
28.608524
39.134327
3.686347
62.317947
235.18976
149.2934
159.2911
-85.64431
-53.312344
-93.18458
38.675037
22.985682
-225.28618
45.492958
-107.216064
16.300426
-38.151123
-42.762314
174.27779
4.5651217
-46.895752
-54.219418
66.26178
137.12996
171.48106
-89.371445
-160.07277
10.023613
33.29122
174.86238
-57.174175
-33.373714
-58.93895
10.219042
109.29336
-10.30029
37.145256
0.46058694
40.016037
190.17079
33.854893
38.702377
191.119
-4.4411826
-45.44234
126.4074
-55.136322
75.80351
-80.63539
47.58723
-39.96798
113.25255
30.274029
-81.7988
134.3708
132.71202
2.1116693
-57.561653
-271.56042
108.757385
3.0691423
-53.72275
-64.49995
6.1991286
-150.86748
108.44535
173.91086
-40.67716
4.899838
26.724915
-15.30597
-53.534294
-3.823051
22.180384
4.9489207
-54.32357
-53.541576
-127.27994
20.00217
-16.538956
-4.7543664
-196.94601
-100.34413
-28.42858
92.3044
-57.91971
4.0990868
85.8343
80.7118
78.33399
-76.38345
-107.3367
-28.650032
96.73768
-116.07578
-5.335932
47.0406
-10.379111
-82.64683
-22.153574
29.833197
116.6614
10.655686
-24.471794
-93.694756
43.05585
-78.1659
-5.6537137
108.08414
-51.961243
-194.8739
50.6749
-7.9814534
135.99731
34.463284
-5.4076257
33.73657
43.959602
57.923286
-114.11981
75.413506
-116.03239
-39.088814
72.4045
-66.363235
-69.722015
32.90659
9.378976
-116.15349
64.59014
-75.949486
-26.548624
-53.366913
-127.59075
-60.048256
75.74757
-13.451752
-74.17784
-28.708708
68.73808
47.944122
69.54456
-3.0083663
-0.94798905
-3.5704708
-63.00218
88.23047
-54.204037
-16.085455
222.83809
-19.220634
121.97664
108.79052
68.670654
-3.271669
126.55267
19.235237
116.43314
-24.40568
41.383923
-112.389114
38.095295
-76.18246
69.56205
-27.981321
-100.483864
164.30809
141.96703
-193.1141
37.070217
17.511562
-172.38026
-42.19329
-153.4284
-87.17759
-116.71086
22.613253
32.033928
90.54386
-62.521156
94.897194
-42.632183
80.628944
9.9279995
91.08456
-60.884285
8.343305
-16.102167
176.85316
49.55254
49.14817
30.20305
175.98865
-40.463097
116.98353
-85.8365
55.51502
77.74473
-115.61509
60.584393
4.242339
-35.276585
-109.88769
169.47478
23.836306
172.44171
11.410799
35.59857
78.63719
-169.33846
10.309892
-12.316218
27.897987
56.238884
6.5471616
101.27459
139.6563
92.10917
-69.22284
20.275291
40.90219
86.976555
-28.472588
111.80802
-11.615983
135.13457
96.40459
164.56583
-139.63164
100.86484
-19.28608
179.37027
-15.657404
-40.19677
47.18406
26.87593
114.5661
-58.22815
-42.892822
110.332886
-24.839735
46.55305
64.61405
-84.76792
-100.19878
-93.250496
-120.57308
-83.7029
-77.74958
3.5471985
10.716834
75.524864
28.869848
-4.5292764
103.451225
49.017452
-89.52555
18.539558
94.47957
92.85354
-35.01333
-20.466267
-58.8086
9.056588
-25.62281
108.29068
-47.865753
35.911312
19.625471
-69.61869
-3.6952667
73.64968
-18.780182
-27.959078
-6.7900662
-44.126305
73.86732
14.783476
126.20267
190.76486
-144.61256
-45.767506
17.181013
-67.324234
20.03974
-4.9181566
110.908295
47.106316
-147.87202
21.852516
66.31982
-214.21188
-49.3584
168.01802
40.188236
62.52514
91.54726
-35.11238
93.6447
9.85137
-15.075018
-93.93628
-112.92223
181.24355
-45.357754
-64.35121
-44.08096
-57.683434
-115.62673
135.25816
-41.9499
48.726562
-94.02608
-44.21188
-58.86759
10.516827
31.685513
2.7840981
-70.22008
47.605286
74.142075
85.04077
34.647167
145.33846
-80.55825
60.23331
-14.249957
46.426334
54.172993
-4.110599
158.99936
78.59303
133.80936
-49.7275
-30.67228
-18.722242
-0.7116351
47.63237
103.05823
7.045427
37.170696
73.34702
48.017574
-121.73466
-56.826344
-76.77288
103.207886
-36.70556
-51.04288
44.98888
115.223595
-113.687225
87.751015
-66.670296
-0.5093467
-55.10163
77.06015
8.497235
-72.31128
3.071699
19.974043
-20.218128
94.1498
-26.888014
38.6149
69.45477
-133.43834
-72.05392
-2.1144943
24.521349
86.268585
8.013588
-104.513596
96.622215
72.05656
117.988396
-1.4210525
-34.04531
57.723495
93.53356
15.902851
-51.3883
-82.01886
-14.606734
-92.57392
-65.72304
72.20556
-49.65263
-77.635284
-88.38944
46.4852
-121.331314
-46.956974
33.231686
109.30249
-113.93692
-63.72727
-56.35657
8.628432
4.188796
-115.20795
-19.168707
29.139551
7.322404
-136.97192
-41.68948
24.77893
-41.876823
-105.37818
-72.50141
7.459549
101.851105
0.97195387
-65.9394
-92.82136
-61.011826
13.768651
-112.03739
8.9202585
64.09696
-162.17564
-16.155487
79.06367
7.009336
72.785706
-81.4681
18.493612
85.94458
50.627567
-179.6156
148.91457
6.161094
192.41524
-159.12851
-18.696508
-12.788465
-55.167343
138.05191
10.622386
49.486927
-102.340225
-54.661987
96.46226
-21.872173
32.791252
21.316671
17.661896
-1.1526655
48.706043
30.84905
-35.03125
-25.035645
15.50256
-63.732635
-23.719732
-50.58925
-58.737675
-71.27462
-22.384222
-63.02264
-17.072987
-85.34555
37.750305
-5.159949
65.002365
-52.29497
-69.5068
197.3581
49.433273
-73.96906
14.534137
-94.82783
-64.01263
-72.22829
3.5909996
-22.569754
-2.3323379
115.87946
17.004711
-55.07208
191.47076
-114.148186
-98.43368
-27.100239
-10.691221
-76.83294
-34.530037
-147.6619
12.558114
-106.54038
7.9616303
12.243672
-18.08917
-2.2087116
19.952093
10.185499
102.945656
72.73806
43.73376
2.1851754
45.841465
-69.60186
-3.816609
89.35242
95.75815
-83.18258
59.834778
23.0161
-132.48238
-40.592617
-108.54711
-61.05618
29.742756
144.7412
-29.420443
-29.35087
26.180595
-159.83011
-35.117218
85.044266
-47.77588
-67.92132
-73.437225
56.512672
41.14901
65.89002
75.24873
-14.489992
89.997536
-100.78728
-141.75833
68.19939
89.8422
76.00213
-2.2138534
-34.91873
-25.771563
85.69611
32.266945
-152.4032
-200.31622
112.43382
-30.592213
32.290886
47.187687
112.22354
25.900255
94.713936
-12.693237
-191.02551
41.955387
10.160076
-13.720706
7.322993
52.285156
-30.86058
84.594955
14.43411
10.006243
-19.960554
8.806969
-68.252525
-86.57317
28.726797
60.026413
10.3010235
-2.021522
-96.36986
108.010155
-57.60868
-100.09549
53.0737
45.528576
-13.185908
-58.818974
13.972918
143.66638
-12.84399
-26.813066
57.811012
-58.320583
-13.2418995
25.637407
-159.48747
53.615826
-30.776905
19.616629
59.31864
-59.120598
-5.144069
21.92764
127.4864
-84.35163
-40.465466
-55.86184
19.949806
24.81754
119.092735
-19.40125
13.635245
-51.986645
-54.426147
7.2071104
-1.4146802
-168.1784
-146.48167
50.056347
-64.38738
-33.20722
-24.31995
-1.0680629
-109.906876
-126.12304
92.93813
-16.149927
9.923156
-85.9929
41.399963
41.836643
-77.57669
2.5069237
35.84967
80.354416
48.985844
202.18521
-45.25128
-35.04528
106.01553
-107.53279
19.433712
-25.907442
2.4546156
102.56498
-30.681437
145.9944
-38.92357
-60.80641
-18.134558
-12.177642
53.245163
-56.006516
-10.720448
141.38223
130.0036
34.83617
-31.585325
-84.78496
55.1837
-29.118444
196.52678
22.349562
80.76304
-16.348118
-43.97297
85.44864
-5.0857143
41.03136
64.51579
-47.451824
86.47836
-31.676891
-32.216244
24.004736
-174.08936
-75.547844
-81.70535
123.76296
35.86019
-32.86761
-46.152905
94.78701
-1.5020704
-83.80923
-101.65682
-50.520916
-22.755278
-33.81528
79.10616
6.528244
-45.835495
-80.60305
-28.507048
51.67164
27.1187
-34.062073
0.76301026
-225.11888
158.64212
-168.8995
-14.000979
-36.307076
9.677597
-105.957756
163.08728
-122.30998
38.827244
-53.75213
6.085021
-56.245235
-24.300354
-127.074196
-103.48748
83.81499
-48.32306
-142.25227
57.853584
