-215.2866
18.214054
-66.25222
-136.36891
75.49127
-129.72612
-15.178588
17.123907
-77.28216
-155.95844
113.96611
-111.63127
51.521263
-91.273254
44.672577
28.907988
-100.45196
-199.59755
136.92407
157.48215
87.73694
144.59601
40.10053
116.72478
39.819637
95.11767
97.127205
108.723206
153.79303
1.9310572
89.54229
27.271126
97.47984
6.414041
-264.40497
14.277195
-15.697174
-27.483425
-121.00527
61.285976
150.82594
151.47519
-93.10025
0.4996059
-119.33902
-69.530365
-63.365467
-9.500204
122.68404
136.36981
-40.344322
108.50669
13.519443
315.57883
110.327774
-126.288284
-34.911213
-163.68541
-115.555336
36.370144
18.409773
-98.08068
-78.66715
-49.190807
15.914696
-195.55968
-12.671008
85.64148
111.937874
-11.009701
-17.043993
-21.016169
72.33131
-46.04215
111.21993
14.729506
-18.298616
24.443237
56.347492
-67.322205
5.953153
-54.63413
33.44438
-31.45044
-117.99172
142.15688
-102.94359
45.438694
93.82993
-82.26363
25.667904
-50.044937
119.64735
23.25491
-95.09142
78.98943
-23.899345
-41.4814
-32.18328
-116.34558
107.273705
-93.35181
-118.26314
-28.362196
9.462676
-100.26549
-23.181704
-6.4874783
-63.682446
-124.48499
-107.10726
8.721948
-42.192142
-51.240963
-3.475397
-164.06915
-54.086575
-25.392958
54.305016
-31.851105
11.345317
151.76273
65.06987
-113.32831
-24.22252
-117.91093
163.16824
-11.536377
-12.013905
-105.81484
6.589479
44.172466
188.17554
54.52841
-21.445137
-50.340687
98.00084
23.198994
53.43722
-76.00133
87.88909
-18.246891
-61.53706
-84.238434
-88.20496
36.354053
10.685817
-99.80496
106.04299
64.40003
-107.39168
60.077835
-33.564655
4.797686
-203.23465
19.366442
-86.39909
152.59763
99.41522
-78.95195
-42.783924
-56.938324
-134.91087
-201.9559
135.1184
12.438183
-1.8053123
-21.423996
173.01123
-122.01863
54.229042
57.422558
99.66414
58.2964
-81.07263
4.1220636
-88.98165
46.98676
-76.98024
176.13536
-23.457804
-31.296474
-10.10263
119.09379
-123.92488
77.61744
-10.059216
-83.039375
-37.086548
252.41324
-8.477048
238.12917
1.7704268
-93.14042
-45.57615
-105.437065
-98.10487
-33.266895
-66.60616
-69.64138
133.48712
-98.32605
-83.953354
-162.83017
65.24248
-52.806118
-11.323824
-133.57108
-93.33626
15.231734
-91.091255
-150.26659
-53.274193
9.990792
97.732185
-163.92915
-118.52916
20.966244
59.02487
93.60708
-85.16152
129.45654
-84.35361
29.867552
-55.850624
97.15497
7.4331803
33.210045
14.702846
39.927128
32.12712
46.9123
56.430153
-42.116993
-137.8063
102.514084
-51.668793
-85.91497
-124.987335
-128.6958
68.20111
-173.66356
-69.71138
-6.8062572
-0.8203969
67.31684
138.77292
0.09266722
-13.197106
-87.643524
9.349911
-155.94264
1.3482744
-34.51482
-54.98669
108.71662
32.64154
-111.52432
148.09451
-105.544365
-96.56322
-71.360115
-64.87401
-157.4452
-101.65628
25.072659
121.20212
21.775734
46.053394
119.08395
-82.76403
-80.570076
-25.547316
-27.631424
51.751377
-18.636345
-7.6753993
-16.50117
-42.282185
-16.689774
-2.9743185
7.7568107
-91.02869
57.537426
33.394646
53.276417
35.14776
45.54083
-196.30789
98.49661
-141.245
-67.26034
108.00121
-196.59981
-18.332521
-3.4863348
154.2798
78.29854
-40.7461
72.17858
29.702261
-114.38045
130.64505
34.480278
-5.759424
-64.448326
-141.16823
-18.660995
-43.22211
-26.388475
-129.97546
142.74118
-52.58503
-70.08145
51.699852
82.11009
-24.761879
105.315094
-79.68606
-35.03754
-124.00033
-45.9686
-37.139915
59.2477
63.386585
-79.63538
-66.93921
32.47119
40.19082
14.770851
-112.60283
-22.115217
-72.632225
-44.619423
119.26137
102.1951
23.386671
2.425352
-141.1008
9.342944
142.116
74.849335
-28.945555
-64.69849
-159.51633
64.29685
160.24104
-43.23288
128.3641
-110.43251
46.462696
128.56042
-97.68034
-181.09065
-50.794865
26.582666
33.36348
83.62406
46.970337
53.714264
50.529583
243.0806
14.846357
73.72103
-85.07843
4.4544244
-113.543846
238.77048
27.905384
113.7658
-92.86105
16.022583
-49.715466
76.51066
105.93685
-83.36393
-178.02379
133.99066
-135.03474
-42.053806
-56.6904
-226.32027
33.249992
49.161583
38.719997
-109.16656
66.93335
-91.864365
-55.68406
15.07381
93.33025
-58.807053
-32.238068
129.06267
-15.155504
59.99976
-11.195596
43.683533
-57.316914
18.96462
-64.61088
107.12423
50.966003
-33.14347
151.86136
73.403564
72.29832
84.781815
68.66161
-38.374165
-27.5464
14.805437
-9.980467
9.483444
83.0363
-97.42609
70.72653
-28.51315
-1.5210248
3.4540896
7.1348767
-123.88515
-124.70637
77.146645
46.97182
64.406944
88.91144
-82.31147
5.923988
-287.03088
36.803444
-137.61009
-123.61787
-2.5478816
63.939438
88.02588
-107.22283
-122.40549
76.47887
-87.59741
-39.376507
40.773525
13.286317
-96.15035
-60.79349
-86.54167
93.406105
-47.79907
-100.24651
21.44297
4.5314965
-20.979082
-68.198814
-120.04418
-33.355442
-97.376976
-44.02009
26.81537
-91.70645
-131.6491
5.6829486
206.3861
-6.9633284
120.581055
-51.70017
161.01965
16.386112
3.6145937
-39.45486
135.16821
-114.86319
134.2547
48.24645
14.920184
-3.8608162
88.22343
26.619621
-70.528625
-119.82901
-68.039154
-69.25544
-66.360275
6.2773943
-21.88721
-100.88897
68.004974
20.428276
-28.510382
-5.565386
125.10535
-102.08267
20.679632
16.216904
-58.527412
-38.377808
-38.380665
-3.410946
36.456676
41.8916
48.601044
-191.41698
-152.1416
17.870691
-27.516335
39.58846
3.6480246
-50.377506
40.891376
47.269524
193.29659
-45.315308
-8.722244
56.93501
245.31432
141.78477
125.31849
-9.902387
143.22633
5.1875663
-59.79312
-108.51538
172.45871
107.09474
-32.461857
-90.05084
-19.100065
25.038326
52.379864
107.206116
-1.767782
-206.74083
126.684685
41.845646
0.4105159
-155.7282
27.289982
38.6291
-149.7554
72.57734
-27.509281
200.92836
-204.96014
-207.75273
-59.869728
-23.415707
74.29224
124.581856
-17.922272
-73.15895
18.146227
46.810673
119.935646
-113.87828
-121.95351
-42.31551
-28.128546
20.021555
60.578987
-86.23365
126.16341
151.0834
87.65234
-82.45548
-129.32706
-56.10189
-4.7368355
44.01602
113.20507
-158.90808
77.68018
44.90399
89.0823
243.72275
201.69229
-70.36217
-36.430183
-166.44139
103.65133
15.205829
-191.35812
-42.75837
145.00215
42.84015
83.77138
316.60056
39.838013
29.886522
-68.9609
-246.12321
14.831942
134.43683
-36.992096
-40.023144
-59.54647
-62.130108
37.807323
73.992096
-179.39462
10.476657
-18.640495
12.255539
14.753224
-14.128259
-0.4409039
89.01517
77.1389
-27.106781
-134.88751
-28.331034
-90.10265
69.8538
-50.361843
-51.39784
3.47334
-10.997277
34.634747
75.196815
-71.741554
45.0095
47.855476
178.23729
-57.55051
196.97403
221.89201
215.43123
-129.93343
0.3410927
35.067684
97.92299
-42.531113
97.94704
17.477354
119.86536
-138.1208
-50.81546
184.29211
69.61789
36.203545
-2.6056433
-54.621353
39.477394
-146.05502
-143.55421
-150.13922
-88.76846
176.59727
-1.9563944
-39.78652
40.963436
-35.112144
116.11038
7.9989996
-42.78867
47.69486
-16.745815
52.84845
10.667726
62.174843
176.92534
21.346336
-29.70614
-104.85277
31.750725
65.64201
-93.45278
-27.886246
48.783062
9.502074
33.83509
4.917259
-24.434875
22.32855
8.80369
-46.096275
2.4857697
-14.681113
28.723993
36.751366
-45.1935
-95.859215
-67.59427
154.68723
-70.9254
161.08156
59.60219
85.762505
-5.637629
-3.20092
3.474428
-58.679897
-136.3949
55.99212
28.19181
-8.576612
75.826935
26.017635
74.84704
-15.035458
-40.465103
-80.07683
-35.107086
-77.176926
-61.0447
-5.2154512
65.590416
-34.735256
68.84639
100.134125
78.94555
-4.804161
18.693151
35.000935
-165.84254
-97.73614
160.16185
-14.774307
78.77552
43.18578
127.81492
56.849285
30.759567
54.478813
-230.5574
-52.582367
-22.118343
-97.80716
-50.350388
-95.18268
-3.4708924
15.8371935
-157.11572
33.40344
-178.30544
130.96432
-86.82173
78.55018
21.408045
16.509588
-252.1678
102.4321
5.4355454
-24.720703
-17.476715
56.61628
119.940025
-79.14922
27.210436
-0.40678608
-123.344
8.730788
-6.8282194
0.12912029
74.08444
-27.284012
39.710327
79.34513
9.534554
73.33775
-70.27775
-6.099212
-153.4573
-190.64703
7.6671715
46.793762
92.409325
-104.48554
169.47559
-80.55566
-1.3397858
90.669304
-47.869747
-30.64436
-109.874146
173.8481
-110.87148
-132.87787
52.79628
128.45851
-68.82919
126.85392
37.177284
-141.01558
-33.49284
126.72248
71.11236
40.278587
-32.83895
-29.60667
-217.6825
31.067657
176.54866
41.920784
-50.73119
-131.62967
193.47862
-75.37053
-105.03061
-92.84921
-105.80444
152.3253
-122.11709
122.94338
-61.661602
-92.731384
133.62764
99.52043
-150.00255
-71.62047
-161.75336
-8.376914
-58.397232
-0.75017136
-85.682686
24.614866
-24.643913
12.284445
15.530807
14.8030205
-38.932068
31.558449
-104.33971
-75.11381
-7.40882
-39.95068
-65.632355
54.100803
169.53087
18.863241
-66.345535
0.26441586
25.786682
-17.0799
-24.432743
100.59457
5.0830154
186.08398
-42.266388
-19.923504
36.306328
-13.745556
-52.769592
45.916237
-134.63971
47.405285
-3.6760845
-36.297237
118.46206
13.424928
-18.694828
189.59872
-1.7441295
-0.8467169
-54.763214
-73.692276
55.39759
69.70687
-44.06623
-77.85816
-5.9716444
81.255005
-19.731287
29.598286
96.03573
8.342984
9.592995
-33.202225
-46.47216
-45.87417
-44.45428
29.087406
-54.005215
186.04922
-171.19785
-67.347984
171.036
49.939114
133.64854
-22.893002
-73.12751
-34.941826
73.64829
104.043236
-20.258253
-81.83086
-110.259636
-20.3153
85.174614
-26.00652
-46.736378
51.0568
9.380335
-159.04195
-5.6021285
-85.399506
-18.645517
-21.29597
-18.345161
-44.63491
40.71714
154.37125
-37.767902
58.342896
148.02806
25.134205
37.17945
89.316986
83.87782
43.90266
-21.03789
49.53975
-61.88957
-62.528053
60.65927
-101.36235
-102.08376
-78.8312
-22.503874
34.893753
-121.566284
-172.66805
-49.177555
71.948555
-32.055126
3.1559653
24.230598
-135.35509
4.6617093
-102.032936
37.20057
-111.787704
-26.046309
15.814208
-148.42693
45.951702
4.750407
-7.1150007
-46.719345
143.68953
12.312664
46.644543
-71.00752
28.482773
-136.43468
-167.01266
-2.4021091
-143.20467
-110.28811
69.13428
-60.451057
81.860916
78.5157
19.379961
-68.00762
-36.455296
-13.169166
96.23904
-30.629532
13.371866
-165.9891
-26.037893
-38.80666
-81.623375
9.6654
-39.350765
-92.80004
-5.1920295
237.7516
47.44938
107.293015
-106.73853
62.199608
-133.6357
99.37718
-31.94771
-160.15602
40.983505
-99.241234
48.36482
36.965424
-138.98206
7.322151
198.85028
14.56098
-61.14194
29.095165
1.0692043
-21.844473
87.14214
-15.15028
41.514793
17.964836
-125.92705
-29.121914
26.092545
38.882393
34.7366
80.07995
-89.18787
4.945524
-7.010147
17.751114
8.808463
20.276249
-57.85249
-42.93921
-170.28957
156.26015
-40.618126
152.016
13.7188225
-1.358365
-104.14242
98.72004
81.34702
64.31564
16.743942
-8.252756
23.381916
-46.41303
-170.0821
31.277107
172.25514
-114.046135
61.43849
-119.86185
-107.32391
103.86722
-361.6595
156.08212
-28.65668
44.41638
-188.0176
32.301846
-27.177681
-73.76184
-27.111996
69.939224
-163.58705
-25.186684
66.48723
-29.847563
110.03526
-41.347763
-7.471321
3.3447838
142.3754
-48.286743
114.32381
-41.096317
-118.02592
66.401794
-41.214108
87.08063
-116.80866
-26.123772
18.50528
-163.71878
67.44109
54.308544
13.845105
148.0934
-34.660316
110.03388
-23.386484
-58.60949
-162.10622
49.95874
126.448296
-37.6232
-81.57892
-73.35992
27.389008
-198.66362
-163.43077
117.28871
-127.07262
137.7517
89.953094
5.079746
35.009846
-18.768034
57.219147
-147.74203
-12.871563
18.175243
-72.00745
79.35133
60.450386
209.17857
-55.900738
30.944824
-0.22514951
132.54642
-136.71313
-178.6526
-5.974929
136.11414
167.90979
-47.5085
-120.76422
59.119736
3.5923505
33.551582
-160.43593
-47.964737
114.35787
-163.34724
52.538677
149.17583
92.233765
16.51188
17.597609
57.804493
34.646652
-129.89049
-32.269814
-82.44492
-26.357277
-32.852066
-75.45889
-137.86781
-51.26733
238.31145
-20.892776
-79.25602
-18.129986
10.261349
-123.30785
79.3313
23.417511
-223.90205
2.498214
29.914772
185.21751
-32.767685
141.20346
148.41364
49.326237
-21.395037
173.73167
-252.99762
203.17336
-63.915443
-132.10072
142.45474
8.65068
-45.01989
34.690723
-78.2583
-36.22114
-52.277794
111.45674
-145.04663
-41.06818
-86.80583
-136.0997
61.324585
-10.912622
-182.79752
-11.638363
18.538282
-64.53557
-119.760635
93.057304
-67.94618
153.54301
163.40663
77.67533
0.013919294
-62.324444
-2.4659176
-118.52493
-60.202152
-79.56469
191.93358
40.786034
-233.78406
-26.2538
68.95667
-56.51935
201.63013
73.6475
-120.66212
43.013767
73.43827
40.19571
19.839611
-33.33846
60.570683
-188.17546
15.796478
147.79771
-96.53634
-172.84952
18.911068
56.02858
-76.290565
192.1173
-124.55279
-23.958998
51.504448
2.7412267
-65.13093
-61.193832
15.145128
-209.85785
24.094986
-243.65565
34.915154
-21.85819
-61.562267
73.962105
-21.241228
51.218174
25.00708
-4.6509576
13.315464
-11.257367
-52.802116
24.227024
148.72543
50.901833
-108.49926
-10.797902
-59.038555
-90.42556
-87.39743
-38.304276
-11.703429
148.76991
28.55868
-23.224049
55.764767
173.7421
84.287315
-64.4761
91.355705
51.341602
2.7273912
147.65453
-178.98927
41.42453
-30.911701
54.3975
-175.83987
74.71884
147.75223
-135.24074
-174.37285
17.11678
31.99789
-89.73786
-150.33344
-70.57116
40.175957
8.969558
-188.1894
81.79343
150.23111
169.54489
-95.08927
118.262856
-161.27933
200.8973
-39.750668
8.175005
43.28944
87.50739
14.743465
-8.589606
19.96178
-15.895481
-5.578236
75.17666
-124.09902
104.524826
30.443075
49.60067
3.0016592
-125.23008
103.48804
-32.02166
-53.680836
-9.729957
38.124348
-3.6962328
-98.3819
137.89204
-48.259678
97.35959
37.00473
-49.579086
39.811893
-16.252472
43.95475
-35.251575
109.87
51.92903
29.352907
7.2897286
65.38154
61.84263
-13.294891
97.97629
-118.29831
-76.99045
97.30901
77.93395
61.533527
7.082928
2.2262752
-66.47116
117.16445
-154.78557
32.176373
-55.71274
7.7434897
-254.76549
-81.80354
-100.79898
-140.06181
56.249966
-158.78786
-51.03573
-194.08884
31.98403
-4.0640726
37.028263
11.593832
27.632885
107.376045
139.50157
-1.4660845
-16.591375
144.39635
127.76624
109.37198
-105.076614
-1.813526
-65.07763
20.78587
-130.33398
188.5542
-77.06786
12.37838
138.65414
19.016384
103.58823
-19.362808
-40.91724
12.649109
113.66651
-43.740536
256.32965
-21.522108
95.95455
-23.390636
-11.760312
-26.624493
-145.58113
121.53114
29.067043
-5.9887123
-67.91223
-146.25357
-43.661716
33.223297
-13.304367
27.924278
140.9263
45.572754
25.001078
190.15596
246.04555
-58.65806
71.0563
8.680348
58.542774
-105.27455
-137.94228
82.15314
-28.265085
-116.474785
25.69328
19.710062
2.0775244
-57.067703
75.72481
-184.07169
-4.876004
-99.05637
-51.811832
-66.18265
107.06761
8.693541
-94.046005
76.97818
100.006516
-38.598972
-4.3305073
-55.63238
56.69614
-78.72547
-306.14685
-71.72126
-116.923225
-18.321733
-31.780073
35.780483
3.8050375
51.409813
-90.36763
-39.527523
-162.22398
-120.83385
80.06474
-8.587154
21.84528
186.248
-33.55919
-3.946897
47.781803
-70.47412
-106.64111
-35.38167
140.29774
3.223393
-46.34429
-92.157196
274.77032
1.1003853
48.704483
39.49015
-170.34799
-14.112397
69.08359
7.3205833
-38.32095
19.921314
-34.340576
-123.33974
-36.074226
-71.028076
-136.0019
29.93822
-23.284752
-222.78223
-237.64981
2.6029902
-1.6937275
34.30886
10.974464
72.69559
-81.819984
-86.07607
-83.74729
104.34487
-149.46814
-110.3029
-84.47764
2.169127
-43.813
-35.709145
72.99244
23.051443
-171.83133
-18.532671
-41.393562
-53.746197
16.298033
-140.82117
-69.514694
-87.00281
20.598228
103.09118
-24.65108
110.25989
76.037704
104.89576
34.662354
-72.13671
66.38567
16.119396
-219.46768
-129.80951
24.618637
-46.914803
-6.690888
94.43788
174.62685
-22.250284
-125.17767
130.96935
118.03746
30.847952
116.48866
25.669464
58.449726
104.42949
42.55802
29.899889
-98.18521
140.67435
-71.926575
-12.250294
-120.6334
-8.380397
133.21553
99.01156
-18.092926
5.5140476
116.60535
60.84917
128.88055
32.246605
-24.420288
-90.50175
-24.563354
-28.31382
-28.048132
229.6248
-71.8484
-93.01467
106.23109
47.43601
-4.205407
8.936287
204.09947
-43.29043
187.74695
-39.680367
16.216564
-242.17392
-173.88493
99.82916
-99.18551
207.57388
-100.97098
136.3944
38.166042
-51.03051
-50.578552
203.73747
59.192135
-61.881386
-96.29986
-141.40236
185.73038
-33.738983
-80.230316
107.62631
53.680607
162.10486
38.397755
-52.354145
-77.45751
123.925026
-84.67918
-43.132423
-92.730545
-113.04071
-21.817965
13.227311
47.071568
8.387972
-64.685715
100.8042
-108.52904
1.7652509
58.759308
104.81547
206.87437
-46.73936
-111.21998
143.69632
16.033081
-36.269722
4.8759456
99.60878
32.323082
15.348937
-118.25562
104.432014
83.9579
94.28889
81.64636
12.503352
93.010895
-61.472324
-26.529032
95.84052
134.37065
-11.557165
-0.5828412
-28.003902
32.440083
-21.74708
2.7032027
-52.7421
-208.33357
101.6132
-8.178809
-21.569374
18.301773
153.50098
240.71751
-15.990406
175.155
126.634384
-87.93726
136.94688
-107.07992
10.754139
25.321817
3.1121228
3.9573672
-70.30767
146.98732
-100.376915
-34.54302
-32.349327
238.799
42.748306
-54.104473
140.38348
-133.45581
26.02364
4.3701744
24.595322
-133.8189
-145.90292
-120.19691
30.189157
-118.63236
-38.66484
-55.377502
-27.78818
-148.18431
97.94748
57.64643
-14.862938
83.58672
52.452282
33.71274
213.0769
-53.564243
96.31335
-78.61961
-16.763683
-26.887413
10.036545
-117.71064
73.42211
-34.773914
-4.325127
-136.42274
23.702993
-22.315117
0.37366554
-103.390594
-100.730865
-37.38009
-10.911356
-172.21523
-13.06957
-36.165268
94.87876
-56.973392
76.68707
-101.09293
14.707912
113.02083
7.4296083
85.22764
-142.31572
125.70534
-55.227707
-60.182037
-26.785343
77.435684
34.32811
-119.66587
-214.9397
116.1568
-47.93608
-82.036156
36.68626
-48.901554
-90.902145
-127.29205
29.426483
129.85841
11.061745
79.433
26.164999
106.482735
28.473665
-101.35178
33.549488
120.46958
58.205917
-54.698624
105.00825
49.597923
165.44823
-1.1584358
78.14616
-169.61382
16.519243
-10.830896
-165.20131
-11.972361
177.36919
61.580944
-30.41445
150.18959
-176.59747
204.87526
-27.298769
-8.111044
128.14314
-67.957016
105.056816
-61.64643
28.904839
-112.29759
-42.119633
176.48227
98.20098
-29.561066
3.3603518
21.4933
-9.765749
61.87472
190.67067
-29.976355
60.613033
-25.062326
15.846774
106.572334
85.120705
14.248496
-7.757476
43.348137
-31.204369
182.56604
-108.58402
100.6602
-130.86049
107.11345
-37.394722
-133.84048
72.08213
-167.70638
-24.099758
-3.7291632
71.94177
40.96732
-146.70587
-14.627639
40.226273
1.3368742
34.024506
-175.64005
-179.78207
-147.54816
136.1799
-17.993572
97.62544
-16.717308
156.96477
-22.679523
-16.303656
-77.29652
96.85914
-9.984268
176.1878
83.79397
41.767902
23.033226
70.53957
2.5861573
76.01173
-35.99566
-14.594064
145.16539
-53.541824
12.383271
183.09854
-40.528225
77.75074
49.53938
64.181915
-37.921486
-10.128907
104.77309
-109.06626
-213.92929
26.969667
91.87383
-55.979454
126.70094
98.990166
68.06562
-26.906206
45.605362
-106.38188
76.08925
-83.20656
117.84704
-39.52792
231.21996
-35.500755
158.40205
-13.474592
49.925327
32.811256
0.8290778
220.70543
-14.250563
-27.342125
95.15588
56.676548
-11.822442
12.1307535
-59.488815
-28.361664
-162.72926
-161.4367
-26.760979
168.29489
-52.620537
-36.14249
-0.77044857
4.262973
13.120375
-105.15449
54.6754
200.39085
101.12083
-25.93142
-301.96762
-136.3364
-24.594688
-28.505747
-51.024292
148.39922
-63.120163
8.462258
-119.76024
-56.19115
-196.08575
-9.309045
-100.30577
20.554264
29.530607
-50.52379
-68.406395
33.390095
-199.46255
24.385935
-21.79902
153.2992
-58.71003
-8.726006
-0.24921417
207.8485
96.47108
-67.4066
-29.218327
58.712868
-117.491745
-13.414824
17.429394
-174.36151
-286.80618
16.435268
-24.60958
-72.42509
10.566544
54.567924
160.0638
-170.58528
-4.8815765
22.498613
93.102715
-60.810734
-51.071297
-222.95245
56.373688
-100.80136
15.332606
-33.98151
-123.00251
38.6147
44.746933
185.41571
112.33091
-36.22726
72.00689
65.19981
18.462553
72.348946
39.257843
1.6800148
17.53832
0.06042105
251.32422
36.35107
23.48679
-83.3634
24.807205
173.23018
33.879856
65.41235
-22.61854
94.99406
-95.713974
40.397724
-21.045015
-53.561592
55.856457
218.38777
-194.16809
92.103966
50.241936
214.4513
119.09756
96.38942
40.808777
31.003641
-108.57499
205.1503
67.32532
51.877827
39.6904
25.494287
8.121807
146.44675
-38.395485
69.78264
-155.81427
66.62481
-93.05544
-47.474934
-9.625663
-10.90182
37.09353
0.09168404
10.539998
-99.43441
-238.65268
-102.47815
92.9789
105.10675
7.330197
154.50589
-36.233425
-33.245174
-77.513145
-1.9740715
141.46065
17.789267
-13.828865
-101.2822
130.47627
-23.526442
-113.12201
-42.7717
140.71188
-59.56281
90.47915
-75.2543
-56.589863
-26.190628
172.91786
-12.955593
-4.922691
-124.79993
-225.72539
75.83386
114.38032
-258.76788
-347.19794
7.724716
-68.59486
202.23236
-45.32006
-28.687874
-58.133244
102.91394
39.99383
28.842108
-38.692875
-40.693436
-8.069366
41.188023
26.377436
207.15913
20.940573
25.139597
-202.63908
-114.8944
181.65778
-243.47545
-118.505455
158.44463
-21.240675
-124.81247
-9.456652
15.14072
-44.95165
81.56676
32.07747
-31.749777
-89.548225
-165.60648
47.238895
-19.634493
60.221355
97.70946
-35.666786
138.52837
102.664955
65.38302
-34.243374
1.0211874
29.506046
-30.405493
-23.292652
50.05237
59.577038
23.532808
88.61937
-111.17973
-47.00043
79.1201
-140.17458
-166.36383
-22.600208
-33.479946
90.23122
131.14478
-51.575897
21.458313
-172.58554
80.982925
-42.74861
25.474344
29.816925
-11.077573
50.871555
-15.831869
-28.071854
66.73648
-69.884766
181.5323
44.24864
112.038605
-13.703774
-20.151909
66.941986
100.78772
-47.279976
66.887924
-56.064354
228.41255
-26.721033
-239.25974
97.177345
-10.918418
8.466996
52.58691
17.14801
-224.80942
-68.892235
80.35353
126.29762
273.37973
-35.60427
-74.72555
-123.93032
166.37666
-22.753435
77.78187
-119.47952
9.675152
-4.3782196
-74.99402
-11.3267355
25.382921
90.74113
28.78291
-57.39872
157.60547
71.43731
-206.94281
-10.022534
33.003323
-162.77597
-34.29081
19.177525
5.760915
93.38062
-177.1491
165.84846
-69.276985
34.875492
63.67697
-184.39522
-67.59414
3.438975
152.42404
-34.50927
-52.305637
-58.93585
22.509748
-144.4748
-68.92373
42.867397
-24.350176
10.209051
19.203176
-16.107204
-7.194562
13.274566
-102.831726
91.43493
68.685
-56.767696
111.33143
-20.865705
-2.9859567
23.106436
-68.44987
101.28914
111.14327
-24.179718
34.09801
154.51817
-147.8711
14.989366
-45.125534
-32.052837
40.131565
-168.82281
87.22384
23.34872
96.220894
-183.44006
101.526886
-12.543208
-106.30602
-16.486618
25.937065
14.652077
-85.35345
-28.429686
-76.04282
2.6208863
1.7105532
164.22438
-140.12383
-50.863426
-75.920944
-81.41286
-71.56029
58.992573
98.163734
93.2442
83.85805
-113.10851
-86.966736
51.642113
43.302586
31.371433
-93.31427
-42.882298
-52.036755
-7.7510786
101.678055
-71.1646
-139.46071
122.605286
-81.74662
-46.800644
68.281265
-27.361135
-72.865166
115.596436
242.68716
58.99015
51.542267
-80.74329
66.22689
-60.738693
22.090479
-148.6368
20.935274
31.178186
115.126205
-168.96523
73.42416
-46.787422
-41.768307
-186.4238
36.372437
-203.82622
154.02107
33.49911
-54.431587
31.115997
273.58255
-116.232086
-77.79831
10.247576
-4.097476
78.74083
-1.9818231
78.009476
13.152199
10.983861
5.773275
42.29419
-26.803455
-7.8720093
133.35106
8.283967
41.196537
3.4082334
47.121887
-22.988945
-120.16576
-11.520464
46.691517
23.689154
54.730846
30.201347
60.531013
205.85236
69.00339
15.931495
66.642166
50.80958
39.15586
47.72167
65.72134
3.3719323
-113.83968
-27.494
-87.44054
169.79335
15.79677
-140.7089
-30.892862
-31.796371
20.396866
50.092133
112.97903
-148.06097
160.03224
19.915726
-45.42257
30.992075
-71.282524
95.90847
-204.08154
-1.0948551
82.5871
-3.4778874
-49.773315
29.056889
48.03104
-158.19969
71.80512
59.75119
116.73198
-204.5965
-33.738705
-34.524258
-20.886261
-56.603706
159.41144
-72.48471
-46.439198
-88.14154
87.033806
3.771793
-49.478752
-32.867702
-72.253296
75.18017
54.27275
194.92119
148.4413
37.272102
172.4074
71.24201
-29.954693
-62.51195
41.86119
-3.6597672
-85.5325
-149.48254
77.19175
-48.770733
26.757385
19.765285
30.430696
-72.46787
63.616093
-73.16475
151.96906
-75.48501
61.69721
-89.97493
-105.58063
83.08528
118.970474
-124.37019
72.298454
17.516804
-73.8684
215.85236
-34.504917
86.76727
-114.65758
-122.00609
42.93043
-151.5942
161.54095
87.21724
202.3955
-92.501396
-42.056477
-7.7034082
-127.47146
-65.640236
-93.991646
-62.44389
140.209
-113.86714
-34.215218
10.737176
-45.81616
125.659584
-191.6734
28.274672
65.1063
78.719154
-72.28026
91.25679
25.833914
-1.9812908
-50.83602
83.08793
-26.37439
-33.96852
-67.81277
89.08523
48.625004
99.945335
-158.00563
-117.80058
-76.7263
90.457726
-48.968235
-14.460679
-112.99931
87.86452
2.9858775
-138.16711
-214.99637
-107.695724
-57.41132
32.30843
-151.60275
-51.316116
42.322884
92.0895
-102.113235
-157.37706
-82.400375
-3.5301232
62.130306
-48.38801
15.16596
26.062944
27.62873
244.5944
87.95521
-20.215307
-1.0612915
48.972897
26.094664
-31.399387
-167.47536
-59.30074
33.933628
101.26397
-6.5189657
-52.113186
263.75885
180.54008
82.61005
-152.64165
-67.46679
-59.75226
94.061195
42.13867
-285.79596
70.72796
-113.81751
52.063248
-57.288822
-15.736879
279.49414
32.84365
-50.896786
26.892942
25.018446
146.57257
130.49684
-102.695076
-203.62949
24.875866
38.594025
141.7081
-65.07794
-33.441254
-52.16444
28.967867
120.68657
-71.89229
35.902744
71.2915
123.99793
231.1875
-4.927603
-12.970373
181.00258
-19.024376
42.46451
114.236244
-6.678418
89.65563
-50.27044
59.0492
4.866945
141.56822
-1.6517974
-156.69049
182.41689
42.368668
-38.73342
-63.753525
-269.1262
198.62631
109.473366
-106.43071
-108.514786
-8.627697
-166.64342
108.95045
188.0237
-79.95373
28.993776
31.372118
32.07323
-36.80684
13.680017
24.360123
75.56194
-95.39961
-71.21291
-164.40454
13.859232
17.71398
38.25633
-195.2764
-94.753914
-92.10415
64.186295
-122.60536
35.470737
109.30885
106.32261
78.16739
-85.65575
-127.06894
-20.986816
45.959583
-144.76907
-10.611743
147.21915
3.4403253
-37.00536
-19.792063
76.08851
199.41591
36.18668
-11.5589075
-77.279335
45.164936
-156.24815
1.113384
63.3888
34.328808
-198.4297
63.879417
-39.51573
72.670135
70.1706
-24.97346
-16.070448
101.359955
93.6095
-129.4818
43.089897
-131.7827
15.659122
115.77003
-73.36423
-112.64243
87.42486
-24.612692
-81.01304
54.179184
-156.43306
-68.628586
-45.703735
-147.64717
-119.65259
125.60342
93.34604
27.325712
-51.166767
108.64087
-7.734679
40.84697
5.9268365
-26.048204
20.292086
-48.077557
129.7466
-36.525818
-20.857725
234.25749
-161.63416
198.46863
132.41089
40.42701
52.750725
96.29275
-40.11791
148.69284
-156.32466
-65.7233
-70.898895
-6.5833697
-8.648948
23.111134
-64.00485
-119.7467
78.83319
113.76064
-144.937
15.924351
46.50136
-180.60065
-43.67221
-197.02515
-52.08806
-178.4243
16.58097
144.37369
120.53619
-18.509182
143.04904
-114.66034
66.890076
24.840612
163.43405
-117.90032
92.70916
-56.761765
161.12988
57.38797
35.326576
72.96046
186.6971
-36.89566
55.150776
-28.739603
13.787717
83.301674
-160.3958
40.82251
-14.362913
-77.81684
-162.80002
193.12383
153.89735
145.31134
-3.4030905
111.35801
104.6698
-172.18378
74.85195
-16.159948
41.90313
26.49571
28.259285
86.75235
82.23695
31.83289
-113.432434
78.40556
72.51019
74.74953
32.237293
171.37827
-5.0549207
196.56804
63.82563
187.85767
-144.11397
133.54488
-103.130394
172.45627
49.328617
-60.897003
65.00131
52.00058
76.034775
-122.10361
-75.393974
94.67464
-55.562897
62.627956
25.913467
-55.684895
-88.90949
-172.59686
-138.72891
-87.93802
-46.57272
48.223778
11.041067
43.537575
28.330225
16.453936
111.233475
86.079704
-65.10937
12.919811
104.732376
8.94586
-42.89961
-2.51901
-70.23667
-42.367226
12.888863
72.45347
-16.033932
101.43812
-51.361473
-0.23759782
-68.23892
113.79714
-151.52098
-37.056797
-10.173074
42.326942
130.18005
-2.3641691
237.01672
238.3564
-172.26608
-4.4985948
82.9781
-104.43055
-11.591575
-64.26021
105.02482
49.872692
-82.10968
-19.900349
94.90809
-241.62975
-66.26567
134.73007
41.951145
39.073208
89.42616
27.024858
125.67007
-35.86669
69.336464
-54.433105
22.61999
88.12889
-122.87262
-73.16731
1.4523184
-29.433432
9.366934
133.72636
-41.70746
130.30566
-41.0375
-57.873013
22.047262
-45.200874
-31.0854
-11.73114
-64.17365
-27.910418
157.71109
62.090782
136.40567
126.72266
-13.040459
85.58323
5.6160183
60.22263
77.33069
84.96001
204.341
68.16524
76.33002
-103.314644
-26.829056
-58.52433
61.639378
3.9947505
68.62519
9.720929
77.7713
71.44704
5.588832
-177.80168
-51.312614
-97.64964
165.77046
-50.95684
7.7493196
40.603188
130.42563
-116.04768
126.5763
-41.710613
50.71165
-38.62472
102.9136
-41.579754
-151.31836
-13.900801
2.244851
-43.050495
175.25009
-23.742521
31.65975
88.79927
-75.831894
9.865433
-42.603268
-26.173342
114.39049
15.476589
-148.97127
69.22369
39.022
149.28119
71.63843
64.755424
110.68637
120.74015
70.00184
-113.37231
-116.03358
-74.55803
-92.16739
-156.65414
130.61996
-1.3191898
-149.73764
-88.94376
-12.883737
-161.44633
4.685156
-4.3613925
177.75241
-173.15152
-75.66915
-27.910398
-115.51628
-30.718288
-130.2009
-40.66768
-86.93336
2.3851433
-188.90486
-5.2213407
18.806807
-46.815
-86.83409
-144.58376
-31.657305
52.959713
-29.77296
-100.506836
-97.37487
-52.485695
72.567024
-138.53334
5.978808
7.242067
-178.81816
11.916071
20.9569
15.40097
44.64169
-64.83803
-24.66866
66.78511
120.75547
-225.67677
172.36995
32.782597
177.5266
-117.59997
-38.582775
20.99868
-105.66399
127.85052
9.31031
24.194458
-158.46375
12.843155
84.733185
-4.0562882
-68.209755
116.59457
40.124092
27.434137
57.926098
84.56346
-11.394615
-57.140118
37.47892
-22.977978
13.990724
-79.67886
-87.704994
9.844031
-98.14355
-117.91507
-87.188286
-42.761166
-5.46948
20.984703
136.26163
-96.228264
1.199073
201.91025
57.476257
-120.76
120.48183
-58.39071
-90.97623
-37.42517
-75.605225
53.18969
-7.928036
78.099236
19.779036
-71.12846
188.78035
-101.00997
-98.90288
-120.918236
24.60584
-94.15707
-1.5727739
-136.21925
20.181944
-40.79844
-37.585373
137.0289
-62.887196
36.263138
-61.43254
18.48555
221.26587
68.452644
-23.948246
-15.295215
89.93799
-67.71183
62.84979
89.88675
170.11177
-107.174774
133.93835
30.848465
-127.220215
31.703615
-167.68459
-76.29916
30.303602
134.69112
-6.5647645
-143.60857
41.61674
-130.36342
-117.65458
90.19728
-43.35721
-69.72214
43.690556
164.5829
-47.94085
121.95645
13.978828
-46.70429
38.620335
-114.87774
-161.231
71.90822
69.72762
105.12772
28.637478
-10.254469
22.870647
59.81043
15.683111
-271.79825
-140.90985
61.79693
-55.115444
99.10468
3.941293
93.220825
60.942425
77.267456
16.64964
-212.73819
3.910421
104.59476
-51.644466
-17.26299
40.08468
-22.211607
79.117874
35.818745
-70.6876
-0.043776274
53.432835
-148.21472
-125.777
67.61245
123.80137
58.801815
-7.816964
-172.95668
65.93585
-76.47985
-82.165726
117.90369
-1.9991008
6.33934
-51.138206
-60.63755
94.09617
-34.062958
70.015465
99.0032
-50.112534
-41.485424
8.238884
-116.45119
48.297195
-47.29997
32.2407
24.423887
-49.76518
-29.485657
149.99443
39.632664
-90.58892
-96.95019
-27.52943
45.199135
-29.54084
119.79509
-110.56466
-6.0987597
-32.310837
63.21181
-24.86379
-77.52069
-170.62234
-164.22624
62.28086
-34.392067
-33.788456
-81.38799
4.3941364
-107.433426
-99.26541
141.19328
17.749767
-17.908422
-34.641716
95.793976
83.512276
-107.379745
-17.780516
-40.18036
153.21736
62.993534
132.4041
-72.291275
-28.011272
107.15792
-122.71264
2.545317
-71.62692
-31.92383
82.077095
26.518007
62.642284
75.028496
-55.019707
-31.524548
11.98673
81.74433
-49.134056
-54.37826
120.76989
82.45671
-13.131934
-88.582535
-85.50178
80.56749
-20.064804
145.25974
22.861094
57.323765
-22.527954
-95.18569
52.858543
-27.326612
-33.84144
109.262886
-13.346085
111.05444
-18.751472
-53.237877
23.959661
-202.68582
-21.113735
-173.57404
161.58998
39.781647
-14.91095
-170.69586
43.750076
-36.924007
-97.85562
-107.689865
-77.44778
-76.38426
-118.66816
73.397545
-20.76992
-8.992396
-148.86652
-53.898773
38.301197
152.90208
-2.139597
14.310578
-217.21956
108.52189
-144.73633
-41.24503
-28.717932
-16.184093
-166.17027
211.7651
-113.235085
81.85261
-99.48377
24.237177
11.72179
8.668637
-140.06174
-41.423557
153.22298
-69.371025
-157.3147
58.431114
