-51.979465
-2.3708382
-15.751889
23.567978
-54.0234
6.844003
-23.537243
-19.518576
-26.477665
22.122362
4.517966
-26.37739
25.867483
13.986177
3.8778143
22.239248
-42.5934
7.307799
27.410982
16.830885
36.035934
19.346071
-2.102227
3.6519096
9.634543
50.18327
68.96187
51.488205
41.133984
-26.190607
44.858475
-16.949438
-39.714813
10.95363
-25.174124
70.00133
23.755081
-56.193775
-37.567184
-63.730526
95.079796
11.1432
-26.41176
33.337612
-6.855015
-15.742606
-33.033
-9.978561
61.652878
21.702751
-48.092068
13.146865
19.499386
41.59348
-29.495192
23.37939
23.11175
-35.866226
26.60999
15.338916
-51.175114
-14.979062
-5.534013
5.9041457
-11.373199
-11.542001
-65.64105
-4.058019
-17.288212
8.605284
36.461506
22.427397
80.80037
65.09692
-12.875243
-41.364758
29.33005
-14.010186
71.81681
-31.962091
24.861435
41.860905
-6.7808733
34.412834
11.098991
19.707201
11.085729
0.3640468
11.730508
34.696896
11.673466
25.381317
-0.45545733
10.43713
-40.9158
27.81573
11.634135
-10.983966
36.212574
-38.266487
52.889786
-28.46848
34.65174
-13.246182
-29.297548
2.6450696
-9.016547
7.312022
32.73526
-28.622984
3.5533667
-22.715025
18.399029
35.410202
-12.292186
-53.808575
22.658232
-15.0762415
40.58776
-24.173307
1.204304
16.546185
-2.076273
14.902039
24.06513
7.3126845
17.64427
52.048702
25.350208
24.576284
4.4398584
6.0768175
34.23102
-20.579536
-60.47674
9.305554
33.690567
1.3979696
38.756546
-11.598076
21.228828
-15.146202
1.1878678
25.105942
-12.394426
34.945686
17.548622
-16.91558
28.537441
4.07298
-27.800049
18.33274
-53.316456
35.427044
-63.317886
8.881632
14.736003
-14.110945
-10.356622
37.829334
-3.9172287
-26.097872
-25.054066
-25.769577
2.9919748
-31.150623
-8.698209
50.088955
5.7643347
0.44002393
62.98638
-48.47378
-27.714083
0.15218031
-32.68629
2.2451496
-27.235176
37.579
-27.860968
-7.672271
-42.285717
-21.634718
40.272007
3.6952772
-40.193184
28.236477
20.150652
-28.98857
38.96148
62.158604
12.239139
-5.6745377
-10.989915
-50.9833
27.038269
-4.407912
7.193425
-59.037975
-13.299948
-38.718597
37.691856
9.15471
-33.573254
-33.82658
33.930084
-8.408917
-59.350536
-13.572518
-34.14267
-36.190235
-26.445076
-7.0340815
35.67196
13.687229
50.66132
7.572082
-43.233616
15.38195
-22.19672
6.7238836
9.05857
4.1266365
-10.722919
-18.510723
66.507195
11.957148
-11.835307
-30.985226
-13.329146
-40.76174
-44.764423
59.962597
30.43032
8.31399
-28.089918
29.322363
-8.042421
2.0357203
-53.21529
-0.005311221
-5.597838
-72.34515
-40.027164
-23.182606
50.79088
52.623524
-44.076557
23.49162
-28.033466
-6.34784
-9.733067
-41.47763
39.662334
-22.820757
20.796862
-3.2770848
64.57046
51.588867
58.904533
-64.29609
-50.48465
12.812867
-65.86358
31.598223
-16.282032
-53.09269
31.068659
21.81093
-10.284615
55.677826
-65.98445
-14.908052
14.137129
24.766024
74.59171
7.4724793
-75.81377
-10.746223
-25.900728
41.048668
-4.178288
3.5782266
-41.477673
-11.139864
-0.66861594
-2.883937
10.993949
-3.0173078
-16.651455
54.76695
-71.18846
77.64613
17.191103
-39.641003
15.779581
1.7072037
-4.20589
-15.480277
30.378757
23.715767
-10.242255
-34.133926
82.24561
6.3896575
1.1389604
-18.937527
0.9404011
-17.446009
1.2748625
-5.1365304
-57.154312
11.30742
-9.742633
-17.475449
44.05623
22.265934
27.069948
7.1449265
-56.82347
4.022822
-27.178743
-29.834757
30.74672
-26.083302
-14.734098
15.822424
-1.0761707
30.950302
-24.937618
-0.18556887
-33.98864
-39.119583
6.6112924
-26.275091
18.234055
12.267027
-29.563654
-79.58522
4.0535474
18.121037
-31.69263
13.501268
-13.198243
30.378439
-27.407488
-13.268494
17.11308
-3.5717878
31.542974
-21.996426
-29.67061
24.08172
-24.182932
-41.07484
-59.175713
44.23441
-31.608967
31.242428
15.220084
-0.5975934
-13.155389
58.08572
21.81649
-22.35265
-8.161974
-54.29573
26.315603
7.7106667
-12.05351
26.779696
23.720913
23.637
-11.308668
10.049941
27.326431
-42.700096
-60.747974
-15.371025
-22.768934
-37.562805
-20.502684
-37.37522
13.135899
-63.930363
21.44035
41.099335
23.633717
-14.360083
25.875608
15.200095
30.052315
9.172099
-42.867867
34.161236
38.581886
24.300234
22.781092
-23.574644
-17.990831
-18.624046
-35.991432
-43.35456
5.565271
2.2899487
54.189156
26.042257
7.819599
7.1195393
34.865135
5.368059
-39.244556
52.880444
6.58808
-12.078945
31.765696
8.513103
-8.188997
-45.95915
-10.80825
21.39997
1.4749734
-36.640198
22.752048
-32.856647
-0.0005503893
-24.693777
-26.387497
4.262106
-56.347477
-58.59288
-26.518206
-25.322199
20.357286
-48.968628
17.08398
-1.3409945
-19.011087
-38.101234
-53.291477
47.5407
6.49666
-40.235863
2.0824466
-5.613092
1.8184927
-49.12696
-7.3745346
-10.04144
38.182274
-11.019146
-13.589794
44.10025
-53.57195
30.677233
-42.557384
5.9195976
0.4049251
-14.404339
-19.672518
-7.9393983
-23.919655
-17.848873
34.503883
-9.146183
37.58175
15.70005
28.406351
37.488583
-32.770504
4.2365646
-47.83985
25.331453
3.1483815
16.474125
-56.323257
4.082048
39.227757
1.4569923
45.225574
-44.715527
-50.16906
-13.179387
-47.437664
-32.222485
16.389894
16.670067
-47.29863
5.1147656
63.750057
-3.463738
-49.774136
6.1347585
4.3241663
-14.030143
-55.44406
52.408455
-19.047571
63.142727
0.6189504
-30.402643
-46.211037
-44.76931
-62.870495
-7.408256
16.614744
10.210233
-3.6477387
9.541714
-17.647537
69.572334
-60.21931
37.30998
-32.270466
42.073586
25.66926
9.5604515
9.194613
-27.030912
87.69415
-8.341964
3.6142564
30.651836
-30.107353
14.787486
49.214973
5.44633
17.905556
-26.641676
-23.679905
16.235012
-51.650948
71.08185
12.488938
15.42859
-6.2500854
1.0224051
52.154533
-38.5673
-7.614214
-53.992397
10.385778
-37.268265
-8.7353115
32.527943
32.309654
22.331333
-19.844025
22.260994
-32.962704
14.821793
-25.015957
30.21358
21.76622
-69.605804
30.18471
-19.10193
-32.54589
50.909534
-23.025026
-21.662529
51.114605
13.411861
-10.279963
-12.305286
7.650339
-7.149511
6.4911222
41.47982
-7.5253115
8.040242
8.894374
-6.6183014
24.48365
-19.332336
-9.781277
-22.879538
30.950352
5.1741314
21.991755
-6.0999794
-0.39482158
13.12003
-31.581161
-5.4887176
24.636654
34.211502
8.737308
-7.2045937
-56.037582
38.840477
35.989155
-16.694878
-25.22609
-23.624804
-33.475178
47.28253
51.57155
-42.442898
36.704334
23.244802
36.62833
-27.843557
-20.327955
17.671314
29.176535
-22.07156
49.368813
-41.839134
-31.660812
13.027477
-52.993675
-18.743113
31.222424
-38.7725
1.6260538
71.63186
61.657814
-7.615825
32.979877
30.659594
64.98317
33.38246
86.921265
89.53683
121.234024
4.305786
11.397466
41.60515
-5.929745
0.2789855
29.593826
0.4598596
-18.80792
-64.75556
-34.759186
67.073715
25.98064
50.02167
-39.69409
62.438393
-33.206738
35.60773
-40.50304
-21.74044
-13.09723
39.037445
24.455116
33.458435
1.8200704
40.89245
23.87379
-36.705444
7.9105687
-29.635754
22.041288
24.186508
33.270218
35.124664
-48.338924
6.743329
-25.982302
-43.858868
1.5960408
-3.9639027
-30.091318
21.055235
-4.994831
-12.477431
-24.63729
-12.478352
-68.82792
53.08015
-16.793922
-10.705506
-16.090912
-1.6692076
29.093227
11.5202
57.853268
-23.447376
-43.35556
39.189682
45.57774
-40.904186
2.5217354
20.3658
-28.008753
50.62639
3.912941
-21.155296
-1.8255255
28.227386
19.703562
20.680315
9.556259
-8.788693
54.045605
-10.465167
50.68525
-82.54336
-24.924078
15.831648
-44.86119
9.864656
-7.172647
-17.48366
-24.577602
26.21889
-30.241777
-41.74629
5.046402
-39.912834
-50.250195
-12.588398
41.539955
-36.472996
-7.039611
-9.571064
21.201017
-34.80221
-19.502953
36.545288
19.803041
-23.096825
0.96584195
17.81614
-18.164583
1.7590841
-4.300309
3.2705612
-44.354218
9.431398
2.4893262
38.330753
-27.055704
-12.951624
65.345116
-19.645615
25.001009
10.309916
45.235146
-30.406479
-24.647274
-2.600216
-14.966617
-40.859085
-21.203312
-47.73276
-46.915134
-22.571705
-25.433716
11.010364
34.35146
21.685349
13.195064
13.959236
6.1006527
18.04758
-65.21372
19.33347
-6.4201064
-15.027275
14.062586
2.054359
-28.38693
14.323599
78.44125
-52.757435
-24.405977
84.15521
-14.464643
-19.0751
-14.928163
41.9432
-63.104916
2.6207254
30.19476
21.508772
-47.186764
5.314633
36.127026
11.413572
6.845941
15.77309
9.432393
29.46466
39.89608
21.546597
-14.637565
-12.591533
-7.195582
7.5272856
-25.736176
-5.779561
28.26577
-27.22654
22.24358
-68.22828
-40.042988
20.138758
27.727365
44.338577
0.89601517
-35.902542
58.85129
35.727005
-17.822235
17.937735
14.553907
46.960007
44.661884
3.6002421
15.148969
20.596493
-3.6969895
15.513877
8.713556
85.86553
3.7556112
-75.11982
-3.1468744
20.763784
46.015568
-8.732414
-39.48441
-53.48021
-24.791843
19.549492
-4.275814
12.152397
23.440315
-3.8039095
-25.2485
27.62266
89.07868
33.22105
26.535172
-27.894617
18.065104
-30.46483
4.1428695
-6.1441317
57.263145
-17.587698
35.229214
2.857337
-15.899143
1.9762167
-35.54692
73.01911
-32.37224
42.396824
-13.336277
-7.895492
-9.046905
23.70719
-53.822
-31.33805
-14.236136
-40.083115
14.174511
13.394394
1.3801272
-47.893066
-13.701866
-20.148886
-19.9415
25.355433
-4.0954866
-21.312056
17.844435
-2.1504755
9.994301
-37.95754
6.328207
35.67543
20.677
-3.746757
-26.315975
-29.894592
-48.442154
-35.67097
-11.782243
-60.53925
24.45924
30.692175
1.0550942
-10.594096
-59.081226
5.712169
-16.81333
32.049244
-13.861486
19.753443
-47.87232
-32.32287
25.314034
5.363436
47.136166
22.965855
-3.750813
56.687054
34.95338
-71.452354
-62.654972
6.6506333
5.914624
-42.754803
26.468676
11.128806
72.917786
-24.76674
15.250231
-19.498743
-15.973551
34.222332
-11.125207
8.23551
-39.654434
-4.651404
13.827446
-76.108154
9.814603
40.890347
22.064495
-4.9031606
-66.61253
-46.870968
44.707096
-29.341154
23.76506
30.3459
-4.966428
4.8655767
-36.36361
5.185908
-39.680977
-16.984161
-0.701532
-27.669806
30.30712
-27.10404
6.6630445
12.44844
-25.883984
26.815613
-21.680124
26.066841
-51.037155
29.602568
-22.488895
42.5756
-4.1181717
12.883814
-10.219608
18.850592
21.156979
2.6168532
-6.5416775
39.180023
27.692549
-52.419083
-37.290504
-2.875381
-2.0139716
-32.7964
77.21589
-75.56887
19.938463
4.016206
34.079838
-43.591522
45.163754
43.67523
-68.57197
51.372322
17.606308
-1.3223596
6.7487226
-27.451963
-18.12822
-24.52174
-67.20645
-28.459072
-2.4612486
-28.324041
-15.99785
8.798382
28.895014
24.285929
15.416071
-1.7517173
30.55419
-39.837616
30.605154
6.342757
54.379562
-18.5292
17.755686
-0.44729608
24.702732
-4.7381034
-5.5829
-20.951372
-14.676488
-27.368486
12.786783
25.760635
-5.520286
-11.43995
-28.309824
-10.220056
29.606535
1.2021388
72.95301
23.545855
-9.068965
-7.3581758
-0.48638344
-54.832245
3.3853445
-8.915164
-37.054317
17.47783
37.851566
10.285661
-82.134
-75.05759
48.865566
22.760248
-17.449911
-66.5606
20.016573
26.529408
-39.85133
13.128927
18.138187
-9.849185
-12.953785
16.61206
20.226164
25.574686
72.270035
-20.191122
11.238528
31.00328
-27.088947
35.719894
21.319075
-16.248936
18.295061
42.825207
22.111341
3.8018827
-6.262322
-52.18516
-38.11344
14.928903
55.184696
3.419137
57.815388
-26.963346
38.728924
-13.907417
17.259941
-27.826944
16.86429
24.91304
13.431963
15.444744
-0.4409024
-1.9683485
-56.910576
-46.460114
51.131554
3.779131
64.51631
1.576478
6.328568
-22.323944
5.454767
-70.85725
-48.538643
25.328909
8.107257
9.809867
9.539815
36.24679
1.5259457
9.06702
26.224068
25.872606
34.395664
33.924847
-28.376373
11.444401
29.326952
17.254124
-26.086727
-23.040262
-10.130105
-35.67533
-33.068344
32.34473
17.53702
76.47127
-21.238407
49.771446
8.042993
-22.280672
47.51594
-19.870266
0.7882091
17.953442
-39.023544
-31.844109
-28.071495
61.049633
36.135445
4.8796563
-9.256868
-1.0102226
12.900405
84.179855
-8.241745
24.840729
11.610009
4.5832887
24.2938
50.04731
-13.13072
-1.4041936
25.491678
60.599445
-33.610256
29.403997
17.02159
-44.542515
4.4303675
-38.663166
5.9066873
-11.738752
14.6711035
-25.459047
-10.033026
14.2961645
20.388756
37.984802
18.215878
-2.638235
35.812996
43.886818
-64.05684
-5.2418704
7.3337626
-57.652447
-3.3480272
40.478107
-50.626663
7.4998126
3.263119
-29.808598
46.51026
2.3156474
-54.856625
-15.518717
-5.591479
136.30797
27.508158
48.05599
62.041325
-59.150223
28.30574
-8.317603
56.30753
-10.951028
-20.036964
11.641967
-16.92242
-30.520035
35.025517
36.47994
22.49743
103.51297
-1.0482347
-2.234655
0.9325004
17.02273
-23.940107
-64.520874
-4.2463655
63.073185
-17.014223
25.417393
5.878828
55.0523
-5.3433895
40.189075
-36.366962
31.96208
22.638878
-1.5890658
-14.95816
-37.795868
57.31771
-25.076145
-22.228434
-20.547216
4.0846677
29.050386
-35.79328
24.176254
9.407357
70.13316
15.236813
-28.720728
11.710553
40.686016
13.369779
-49.17393
17.347128
-2.608831
32.17443
-23.557016
-10.347131
18.844063
11.260036
-15.916833
35.846172
-12.711607
28.184025
35.067642
3.1274722
19.505608
-25.13188
-24.30785
15.1032
-3.1236815
-44.455185
57.40121
-61.450138
-44.117832
-21.998907
-13.604261
-37.937782
28.21399
29.142141
-28.956734
-24.312532
-48.976036
-37.322853
-71.999535
-18.248745
-57.384056
-17.15756
2.513445
-24.73009
7.3718615
-12.8072815
12.508795
-43.882698
17.27384
-11.366136
34.923912
33.612633
-30.515978
3.4164004
-31.692795
-46.954285
-26.23854
-41.16243
7.365373
-48.693787
-8.302403
-75.972725
57.33322
11.690956
11.066773
30.209316
11.207445
13.255445
38.826412
39.07391
28.446657
11.927604
-8.047828
-8.149618
15.3283205
13.095491
-0.47916484
24.747814
49.302647
-29.291548
-3.9945323
-13.0979185
9.56849
35.931103
7.903123
11.9499445
19.053963
29.048542
44.85325
11.887189
-32.46352
-50.963364
27.55827
-26.261778
34.285385
-33.039173
42.89674
-38.508198
-7.61629
15.799628
11.177856
-10.619779
-1.5953145
-7.7683015
-19.896933
12.194683
-2.8786163
1.9297047
45.93694
2.7824926
41.185303
-49.439148
-48.32487
59.103592
13.300735
-32.226936
-14.875171
12.461083
28.69503
40.918327
16.938776
-6.2361507
22.731724
2.8876913
-17.777245
-10.718762
20.722122
-18.520689
-50.092186
24.997435
5.4468627
-64.73387
-26.966684
-2.2873025
44.493416
-68.77031
4.7187567
-20.143482
80.54993
27.810417
-21.25798
-4.848491
41.106567
-71.21384
31.488592
-7.65463
-26.464657
18.446058
-12.978365
35.622498
86.02875
-10.962614
-26.553387
7.603985
12.579852
-38.548424
42.95018
12.383166
0.23198119
43.917385
-21.198683
1.6477292
58.308964
6.2627306
-7.579504
43.772038
-52.70893
18.14691
1.7156991
-14.39061
17.360373
1.0907567
5.433489
-43.465904
34.483444
11.745218
15.232238
-4.689444
28.705292
11.560643
39.3302
-26.625933
-25.272919
12.35596
31.777302
-37.30484
46.440178
-25.094156
1.9154129
-0.75331515
34.800495
9.010912
-35.72705
12.280092
1.4228985
-5.848484
-31.485493
-18.818073
-25.091967
-26.389202
-26.224087
31.159994
48.500984
5.825301
-34.968464
-0.53207844
20.712593
12.10683
-34.285885
-83.84579
-13.408856
-22.771324
55.162445
51.83939
11.417986
26.815699
-7.081655
-40.735344
-0.74894017
28.144674
-52.86179
-20.032068
-12.9783535
14.729297
-28.084698
86.357185
-1.5232198
-39.784275
-56.765484
-48.335835
-35.65308
49.65566
22.355396
-46.744823
-36.487267
10.007875
-21.178776
44.470062
-14.433628
7.9074554
14.3838005
-79.11237
-8.088728
48.606422
-23.34294
29.335712
32.489014
23.916712
47.44349
-22.522762
19.490004
-39.85381
-37.182262
7.9962277
47.868843
18.791252
-56.13542
-34.394283
-29.36992
-13.143597
37.63186
38.545116
-24.848404
-9.023737
6.007704
-15.235485
20.051842
-12.004716
6.5368943
-33.708393
-9.7310705
-36.72946
-7.391493
-7.3669977
27.138155
58.042187
21.098782
-8.033635
-9.903921
22.22593
21.160717
-35.60973
-13.439582
29.651108
1.9650936
4.312562
39.380653
26.059414
20.725616
64.52986
12.468036
7.8533983
-1.3218226
-11.672331
45.167973
11.715094
19.883879
3.671572
-37.380955
43.9185
26.323908
-49.596245
14.645416
-24.729467
-54.04354
-48.77223
10.711967
-21.2763
-72.21949
-0.73050106
29.518726
-1.8791884
37.912727
-48.406662
43.06587
5.3940787
45.40828
-61.664272
0.22229397
-58.58558
-1.4390359
15.66429
-24.236423
48.42619
-25.432024
34.740906
12.472511
-24.359169
-39.20632
3.128106
35.775925
-53.86108
31.476067
33.444195
20.259691
4.0335803
3.9990108
-19.620335
0.42456245
-23.171581
48.12513
42.939457
14.458159
78.57165
4.6274405
-0.23170662
-36.534843
-11.853451
40.787533
7.1235614
2.6822944
-36.69611
-9.4202175
-22.43132
-1.5529639
-19.810287
-25.712929
-52.60249
31.17439
-3.4981246
-2.9289198
-25.01869
-9.939609
-55.157192
7.000538
2.506664
6.54288
14.821141
-75.717575
1.3224126
-8.874551
-1.8025124
14.001148
31.131842
-22.445433
8.102068
-3.1070962
62.93339
2.217165
-4.1736736
18.559673
17.956202
-6.173074
10.36339
-33.82854
-2.5695865
-14.4627695
59.733986
-25.848534
-31.428097
19.810572
-6.1259794
62.124954
1.4458946
11.538114
-11.003984
15.830309
49.174118
-57.550682
-12.985666
-6.4808674
31.140396
-5.8716397
-37.46552
29.540272
-22.31275
-1.0062366
70.26201
33.10785
-30.69058
-23.68126
-10.4913225
-0.3626228
-0.20765549
26.968538
-39.019077
-56.79786
25.119438
-18.708208
41.423336
-66.29234
2.5214825
-80.38157
5.4966936
-11.156752
1.9720664
8.06435
-23.889414
14.526539
4.882169
27.709835
41.01476
-29.262953
24.902163
-7.742974
-60.94961
30.214663
18.444443
20.240896
2.7748952
-18.623894
20.691645
-30.095297
-48.033516
-9.988184
40.59388
-61.65423
-25.065193
16.805769
20.148075
-11.679081
19.731094
-17.784344
8.763067
2.5242019
53.867676
-45.371815
-5.39567
-7.1086645
46.95057
10.559802
-60.47192
-14.609003
-1.3674703
-16.038103
-58.680206
11.977684
55.051586
-14.422978
-12.117448
8.9514265
54.848343
0.17654622
41.962315
29.618378
-5.361114
-59.44463
-9.295476
19.89866
4.2510204
-21.02864
0.28331566
14.487055
-50.51924
11.575045
37.032402
14.167848
-21.674316
-0.73161244
-40.21255
-38.978683
39.063442
49.532013
-7.920829
8.703367
9.694283
8.078454
-37.954212
59.279305
16.271057
20.9513
-40.76602
-25.75078
-67.82022
3.390668
20.867428
-33.918667
53.39372
15.7109785
-22.685833
-56.17745
-6.5984693
-14.401113
28.98713
-14.130624
-17.176435
-16.06048
5.975131
-6.1589785
16.518429
4.695873
23.979546
63.061302
16.676504
19.981401
50.966022
37.686
-0.1297977
21.660965
43.630123
-49.593025
-37.259087
-7.877068
-6.074077
24.710535
1.7803978
19.194414
35.90791
-39.46283
-50.991673
-19.704098
18.560905
50.20043
4.562882
14.628529
-30.415249
8.511673
4.2247963
27.215544
-7.4679575
-39.895145
-22.774986
-21.78175
15.116956
-6.908002
26.857267
7.7024503
15.714771
25.99802
27.746113
-11.811479
16.92958
70.91059
28.80969
8.003464
8.354401
-31.387434
14.204192
-48.339397
-23.68207
-31.163048
11.122106
50.984352
44.529358
-37.211613
31.721601
-37.455086
-30.411154
47.96966
2.992957
41.5453
2.1402152
-21.051588
-17.809715
-62.56978
15.766746
26.42614
16.545918
1.278584
49.67947
-11.696442
14.173828
-13.766306
2.5288904
36.4917
-46.908386
7.388367
-66.32424
38.47554
-48.29165
18.288969
-8.230973
-34.89978
-31.109583
3.8664274
71.10143
5.7998123
-64.00751
-9.689223
6.581444
5.963051
31.634573
-45.826263
34.06566
-37.302387
26.288675
-36.780857
6.1200624
46.34772
-15.011937
46.276527
67.184105
24.462461
4.9414167
41.66264
-15.271909
-8.827943
1.6161712
-36.279892
-14.231189
20.339838
-62.923805
20.753773
14.626173
13.435034
-31.487446
-6.5621066
-5.0964355
-64.09291
-7.7264934
-39.096394
5.4476213
0.33039355
5.661977
23.331758
-1.545863
-43.537075
10.016795
14.6783085
-11.580698
-38.52653
-64.4229
4.6664
22.478664
63.705585
17.812746
-4.7234344
-18.4089
11.403536
-30.736784
-21.982355
-3.3701642
-16.650396
-54.17016
24.736027
18.408852
-9.812703
6.4812775
28.372004
-43.277557
11.070297
-47.63468
44.304134
0.26032454
-23.959
-25.633554
34.97473
-37.441223
6.2823105
-0.12535295
-20.619707
51.12937
-30.776701
86.356636
-21.378426
5.530745
-5.0556355
24.519579
-6.723423
52.3658
-45.2748
-25.030014
28.69173
2.1205354
23.912682
8.825675
22.91987
5.619026
-50.73471
49.57294
20.890423
-12.781904
-21.396797
74.80686
38.30933
-23.296602
1.6268945
8.409527
9.872326
10.222289
-30.108046
43.280766
-16.865782
39.665646
109.28243
-45.201504
-0.4404537
-12.475278
-13.401003
61.501595
19.981602
48.357616
32.12595
28.329943
-1.4159355
32.94039
2.7614665
-2.6403399
-28.830135
-8.876458
-9.843479
-32.922577
41.106647
21.264118
2.3909655
14.729758
50.78772
-19.518671
-4.8674207
-68.994484
54.904716
102.5743
-5.940447
-41.84001
-0.1261338
-21.887596
-3.343902
-11.836259
59.165066
-42.345005
0.20325135
-7.852566
13.160438
28.19156
-63.877083
-16.24817
17.15023
-74.361465
74.84645
-5.107084
-45.404144
11.080299
82.36097
13.158893
52.404026
-64.27613
-29.414253
35.316956
6.2843094
-91.43697
-36.11636
60.992405
44.608738
4.1351423
51.47317
13.304138
45.201218
8.487734
-5.4283895
59.619606
23.80622
-30.284319
-16.963928
30.2965
-56.7829
-2.2001567
-31.229433
19.529268
-48.0753
25.491486
64.384254
-58.997925
-38.05089
8.979831
-14.42879
-1.8774586
-29.112629
-25.178373
2.8094149
38.688507
-21.648714
34.6552
-62.005684
-6.5203247
5.380173
-31.496014
-67.23702
62.349556
16.39748
41.809925
19.119232
-22.32798
-10.329038
-23.291992
-40.761265
-27.550953
-71.16309
-34.212513
12.1156225
46.18345
-2.098981
-50.388386
35.62165
28.997078
-7.419716
-76.397255
19.398197
-15.804896
47.128765
21.990843
0.099251986
21.85852
9.746272
46.188007
1.8319714
-29.322432
-53.92365
-62.378834
-5.7397346
-38.53452
-19.121805
27.236158
-54.110256
31.192417
25.836964
12.207664
-5.4708247
-29.727179
-19.551542
-4.7646027
-42.241127
-85.555405
-41.41001
68.04089
-9.868477
-46.733704
-36.20906
3.819389
-25.441315
-18.989325
-17.308384
-33.757355
-2.0973854
-35.48345
-1.5415809
-3.3212066
-25.504875
39.50294
-20.180395
-21.450443
-10.499294
4.4667697
25.246195
29.497847
26.440292
-19.066471
-28.2657
4.6746807
30.607023
72.88377
55.82392
64.17573
-6.2727423
22.701122
20.225489
-27.039604
-53.429935
35.639313
31.540854
14.337624
46.64101
-21.897243
28.315695
-9.207726
-2.9663372
-33.31746
12.901257
-35.1947
-19.755676
40.06786
-16.08552
-31.941967
-24.203299
26.003893
-8.984222
-19.779892
37.730206
15.232693
1.5393519
-25.544546
-23.022085
20.456316
9.831237
39.48869
24.49661
-22.167912
-20.948563
-45.33365
-38.512203
6.6811123
-21.243025
14.446656
-2.289903
30.966013
16.786642
-22.057491
25.937881
-40.419403
70.6777
-12.33187
-45.00791
-29.583755
27.97815
-8.339009
-65.20501
-24.81476
-60.896507
1.619602
-28.753256
-12.815096
-13.101929
12.12801
4.07883
28.916494
-54.93914
-14.606183
22.925499
17.992537
41.357998
-90.46428
-27.68437
11.204857
-50.014603
-3.5688536
22.929514
21.467825
-25.087568
-5.3421926
-31.416584
-28.801529
47.67768
16.63541
3.341634
-28.70565
-15.556377
-1.4610686
8.476762
-6.6418524
29.928413
-28.87415
5.928156
-11.658587
-28.152279
27.160183
2.4002635
13.033774
59.902008
22.651854
43.10525
64.65708
-37.23996
48.371582
-26.36508
0.8392552
-27.862103
16.952425
-36.326866
76.87694
-17.292984
13.731063
-49.17503
-8.170176
-21.768925
-7.626869
-80.4092
-29.811968
43.195526
-51.540325
-29.654285
21.451385
-0.6483279
10.817938
33.12637
48.733673
9.656127
70.061874
13.704524
-47.306522
10.60452
0.5551572
-6.179756
7.9012117
12.406589
14.2762785
11.313535
-31.820965
-21.334229
-12.9271
19.58295
-14.445706
-12.780698
-22.92644
6.5000744
30.77747
-7.138725
-43.296646
38.072918
-12.118074
-11.956748
65.849686
55.80831
57.12646
-0.8866194
23.76161
-16.27365
-20.196068
-6.509755
-24.571814
34.956993
-12.613619
12.829001
7.0092373
-10.636932
30.445097
-30.290644
-24.164383
-8.600458
1.5325335
1.9343184
-19.846825
12.637991
-14.997942
10.47634
-42.156815
-33.42777
67.34246
-13.059896
-49.861202
-23.37596
11.382381
-31.977865
-4.945106
-26.775265
23.547386
-6.323779
-19.516895
72.985634
-30.2588
-11.01038
42.910717
-32.489357
-39.286938
8.001456
-27.933409
-53.289543
-53.77852
-18.09107
30.782003
-22.735756
26.588558
33.2813
-1.8665042
50.552723
61.63361
90.47384
-4.1365743
-16.96153
-5.4007626
56.58973
20.520288
-66.70578
13.907715
3.6905265
-40.667786
-5.782005
31.53308
19.505457
28.066671
-39.124992
-24.645971
0.34905964
24.342224
-31.341917
-51.29334
-0.15461509
-54.214733
47.06984
50.033245
-71.045654
-18.134268
56.42818
-23.158596
-1.2170467
-36.14803
41.67837
15.0690155
-32.557266
84.21619
-6.2204356
-14.194811
-13.057456
-17.918242
15.858958
-59.97825
-33.192616
-18.163494
23.262732
3.9943643
-31.286219
14.351949
25.691433
-17.216
5.284664
-13.369817
26.775145
27.765297
23.580212
-34.966103
-21.011116
-6.00047
0.4579426
-20.248823
3.6244316
-26.879534
-46.730843
-7.970647
39.54405
-26.044449
-15.049704
1.2826824
17.025887
-35.220757
-14.331846
-26.535524
21.734034
-48.91592
36.147087
12.924317
-12.571136
-72.1531
-31.611668
-57.61416
-9.5912285
-3.8370261
-8.177593
-34.492043
-22.809307
-28.068802
-13.401574
-41.74307
-12.258309
-17.237566
6.504386
-39.4887
29.24571
15.128024
72.75716
-10.075426
-10.945899
-38.97254
-27.710745
1.3222666
-13.197651
47.289993
-68.80338
3.5585878
15.920426
29.633204
0.76666176
54.279728
15.320595
78.82698
-54.97521
7.8977385
-49.945316
13.649136
-13.221613
-58.58647
-54.675133
-16.407032
36.801792
49.54831
9.67427
-10.796035
21.712713
20.946579
-61.21312
53.12444
39.871597
19.728422
-51.295315
7.0704956
-2.632614
24.462843
65.87562
-26.984509
46.89853
0.38471454
15.843055
32.36334
4.5883193
15.318096
27.991123
-57.688602
11.870117
22.47491
56.898285
48.05511
-18.107346
-54.94793
13.445133
-15.651924
-13.4653015
-48.323887
8.456158
-60.02716
4.3651347
-37.149624
-2.569767
-9.950437
18.381504
-38.493694
-26.10066
-38.887596
6.7903414
17.232622
-32.904385
42.11742
-37.560017
-41.042774
39.307236
23.90707
13.341313
20.430447
-16.566986
-5.9804564
-12.042434
1.554845
-7.270326
21.195717
-0.81433976
-42.31696
25.141806
21.714672
26.866812
27.634468
-86.68715
11.850294
-34.659214
24.872679
-22.419842
14.771217
19.129395
-16.39697
89.864105
-39.370945
-57.969917
40.58802
-19.019997
31.18778
-25.459742
28.335127
68.23609
9.262146
1.6349832
47.396835
5.687413
43.987022
21.18111
-14.727191
63.85187
59.365097
5.341969
-10.396068
18.201277
-10.078271
29.233973
34.11483
102.859795
-27.23353
-34.082577
27.875456
30.579636
-24.586908
-3.5996246
-26.21546
-7.9324784
-34.542473
-23.874647
13.263723
3.7073698
15.851469
-17.750912
-47.85379
61.909706
-1.7488413
-46.275246
-33.831318
17.412455
35.04722
28.317238
-8.883311
-34.003613
-11.9697695
-9.3049135
17.181242
-5.2857533
22.826492
85.68105
-19.370075
-52.6019
-31.920448
-61.343437
11.059794
68.253555
78.273544
10.093108
71.741325
35.513927
19.229753
-7.1371913
25.471819
63.508545
-23.100166
53.9447
-72.317825
-30.531334
-8.359668
-31.142647
-38.44975
-46.03174
12.054345
25.816887
-72.984314
-11.617703
-0.44968474
10.836776
29.504385
8.65261
-33.523098
-33.66745
-21.494675
42.318474
-2.1686978
-45.891277
81.08751
39.97491
2.5469646
17.961208
15.857426
-25.513264
-9.332658
14.774169
43.94015
-2.18595
31.825766
-13.627757
76.70639
-6.1337566
44.99758
7.3342257
-42.93779
-18.674833
20.594437
28.371035
-30.407272
27.092388
-36.948658
0.3916564
5.907094
35.868313
49.279316
-15.515077
-0.0826509
-10.905989
12.387947
44.720154
35.175217
10.885838
-34.000072
33.477474
-30.846813
60.843124
-25.083721
-27.672695
18.581244
16.64463
13.246698
15.135183
4.7170424
32.68691
20.980726
45.174927
11.144714
76.61537
74.729324
-17.49754
-14.233983
30.091988
-18.934124
17.504831
1.4192439
-14.650393
14.492304
27.5149
-27.630562
-11.148044
65.66863
5.2865067
-54.86151
-69.763
28.043444
-26.081987
18.9597
2.7655897
-27.70033
45.152874
7.8005924
-33.57067
47.170597
20.976103
34.667484
11.376527
43.913998
19.274189
1.6906507
-17.96654
20.80181
-54.441574
28.805552
94.570816
28.03224
-14.372341
-19.548262
-89.37804
40.635178
34.30621
3.1875284
1.5067917
-20.448421
-42.36426
28.569649
1.779057
24.5639
-0.32209975
-5.4150505
11.380688
6.473141
-12.415346
-10.445974
26.932634
2.6687465
-2.369536
28.064096
0.8892424
-25.08761
-89.14458
-2.5231714
43.80279
5.486279
-29.55246
7.6234665
-23.298141
6.7531576
27.487782
-37.103153
31.697796
-54.29409
94.7109
-25.422472
-40.413876
-47.61375
-36.288944
17.050112
34.275215
62.33407
38.41272
-9.857895
18.168983
-70.347626
11.584885
-8.292067
26.364765
-23.648212
26.58892
12.39422
1.2725046
36.816017
-29.014517
-34.748894
-3.3338003
-1.5631261
-30.42546
24.463896
-10.499666
50.812767
-8.060611
-14.934668
-47.800873
-22.194221
-26.929295
-57.234238
-119.2343
23.257843
-24.770695
65.059074
33.562733
-1.000918
-60.545273
-30.500547
9.42981
-35.049232
-15.848962
1.4395399
16.468231
-26.23628
5.8267164
49.89968
22.239025
20.881336
-17.592436
4.02357
-50.443474
-30.051977
30.122564
17.935076
8.5816
2.1161404
-16.17461
-22.863863
28.600283
-31.673346
-50.883465
19.3909
35.774784
0.6461651
65.08453
-1.8780308
-2.0239606
43.758785
32.479355
-19.749584
-24.038578
9.098949
-8.414687
-4.26301
34.593018
-23.03616
-6.1866655
-7.1356354
24.39804
52.789974
71.04962
-30.838488
-49.473312
34.579903
29.18036
44.753433
-48.304222
-13.077698
-18.995518
15.836072
-37.566643
31.648314
32.259136
-3.7128594
15.855142
25.842472
19.400255
-21.187536
-2.2057433
14.672965
0.8024619
-40.588856
1.3029566
21.706785
0.80274725
8.322544
-17.966202
-14.954068
-62.95644
-19.870615
3.2200885
-32.161987
-22.548168
-0.9141731
-6.301103
38.910667
13.689358
5.4255385
-10.806931
-3.6246586
11.775568
-11.135587
-37.656563
-15.109841
-28.318785
60.94469
-10.869884
11.850064
-28.246635
-50.012264
-20.870327
-36.28178
-14.475136
7.6643796
30.782866
-22.098875
4.0762725
15.637669
78.53327
32.541374
-16.961105
24.647612
14.208168
0.065150365
30.5523
-0.3181131
-5.9674387
-0.48578084
-72.21618
-46.957436
-60.74672
-12.904331
-25.676075
36.898968
-1.3109633
-19.341976
34.31747
-25.074568
26.910408
35.892
13.809484
-37.227768
44.98107
-29.783375
57.94523
-53.710804
-19.041824
-57.854263
26.794634
-9.51168
-32.23911
-14.436312
25.031797
-2.886639
8.469401
-86.3939
-38.017803
9.694437
-41.470474
-0.39992183
-51.358086
35.684803
13.467334
5.4040236
-10.206997
-40.34602
40.11784
7.757719
22.920805
48.232174
0.99723095
-39.304325
-7.5149016
-85.64731
-39.86554
51.042374
43.361958
13.619588
-53.06257
-33.119343
33.34944
16.07679
-48.32953
36.62334
-28.884743
-23.575024
54.80777
2.509328
35.11275
43.573135
-63.163788
-54.921852
13.058071
1.2296255
-33.577194
30.729103
88.120514
25.452715
-18.546778
14.969676
-23.2522
-42.211273
-32.135277
-56.82387
-48.351585
-28.65141
17.55931
49.7015
-37.691643
-1.9777508
-32.75425
16.244637
-19.636166
-31.558407
32.363438
-55.065765
-15.563131
28.936789
-30.551115
-19.383333
31.530186
-41.10081
-28.802526
3.7289124
14.705301
24.577528
44.57903
62.258244
47.62529
-10.783317
-3.6127107
25.023243
-14.560343
-18.193624
-29.486547
-51.17559
31.795559
59.149357
12.64128
21.724463
-24.501566
8.047516
-74.22043
-23.52013
-29.691814
9.538322
-14.136179
-7.3655148
-44.328293
15.71202
-6.066268
-36.561245
48.361034
-32.098877
-9.236969
59.30175
-35.020927
-2.8313665
4.6581707
-28.93308
-16.474365
6.1198745
-32.203407
-27.326859
-1.4808342
-2.203321
40.380054
1.7895856
40.49356
-9.420844
60.2006
-12.064228
-17.332375
-7.9109497
3.73671
-23.119532
-11.17449
-39.56926
-65.67176
-32.933064
-47.11059
-70.545845
-0.08655
47.213985
-7.489235
-8.636121
46.62255
-9.766215
6.5731626
6.100917
7.6182847
21.324316
6.3823647
-22.681988
16.494688
55.273212
-2.4456787
48.39353
-36.703327
10.194585
19.397429
-17.235857
8.929746
34.709995
-4.3159065
99.068596
-26.007774
23.032791
-1.8208182
5.8473396
48.197746
-18.49245
27.85392
-24.060633
37.01269
31.415085
71.29578
-5.5475287
15.906245
56.11602
58.731125
18.001144
-10.645775
-54.7431
12.000344
21.513994
-39.615227
-27.528444
14.330895
56.461174
-35.188545
-14.556861
-4.9061947
4.2820864
-4.634822
-40.127373
1.9374399
13.343276
-43.57612
65.37256
-31.728798
32.928898
-23.999674
63.949562
-3.8399785
-27.804075
-40.247837
-46.33215
-1.411962
23.17476
84.3778
-31.650204
-30.596292
-35.69394
-56.32334
-6.3103886
11.643833
-5.2455025
11.599768
-33.11731
29.238302
20.9302
33.84254
-8.932731
-4.272879
-4.4977036
40.85104
-45.190556
41.821068
-0.25116348
72.43395
-41.69292
25.3603
-60.008274
-17.197021
38.549488
-44.909462
16.525782
41.134636
