179.31573
-121.783714
-222.14067
-136.96964
-357.56088
777.4874
-103.0708
-224.98589
140.67842
-129.28963
218.88242
204.06345
-261.0624
-634.1935
231.86848
429.67926
-160.08852
178.01173
-486.22958
-150.14642
-157.08043
-309.6347
-505.57452
0.37527013
-171.82892
84.93219
347.1777
-111.065094
738.8522
105.536026
-412.90112
183.02963
-78.387695
367.82306
-364.2742
343.1414
442.19714
343.24072
53.282177
-313.05078
-14.591757
109.559616
-505.4558
122.98431
120.93345
-196.08746
368.9262
785.0357
-596.6816
144.36429
-112.174515
-44.45497
190.80345
696.5868
-92.48254
193.38495
-170.23924
318.16174
19.648937
-4.7853518
-452.0729
-26.563404
227.70674
24.136066
-246.1092
104.22826
-98.464905
-413.30127
-311.4606
-132.65002
-11.952878
-47.21279
-86.768234
-125.774086
-125.82117
38.50884
351.06342
-229.6937
38.247906
9.667408
-14.832535
40.83377
-557.82947
7.5323677
-141.71005
-610.5081
331.1291
-297.20416
-11.741784
373.13522
-579.1699
106.39042
438.8498
105.194
-240.87387
440.75977
425.1609
5.169942
-56.73186
-141.87816
133.7807
88.05697
-423.91315
-38.598526
-49.71387
394.9081
-78.85948
-187.47427
-295.95395
-7.2048388
-417.63235
374.13437
76.95446
-280.5334
327.85364
-688.13086
-401.1863
54.4873
-88.74287
668.0428
-52.258762
-748.8287
-68.15579
486.53342
-378.45825
-9.611687
-204.1614
-119.67718
-322.8592
-4.2270193
-257.33707
46.599735
-258.09528
-116.03018
-241.89876
-82.565926
46.121845
85.38029
231.6302
-246.50209
-87.56109
3.5411243
156.2097
-79.46868
-58.43018
246.67679
-328.9343
74.33073
-159.53738
-398.70154
231.02313
-98.128044
385.66415
207.40598
119.205864
272.8777
-3.72121
-299.88977
224.5957
-813.15515
-252.53265
-141.48016
-166.43758
-319.55505
-126.05745
834.35614
131.86491
22.245962
216.3913
-723.69934
-306.1183
-204.69852
-114.519005
-181.19177
-395.3248
-770.3569
197.41194
-151.32542
-266.43088
-54.46814
-273.90613
251.36653
498.59106
-297.95486
448.86877
-95.415695
-87.42717
34.1808
119.56919
-68.34633
-208.40878
255.41766
-56.62161
-395.3224
-180.05202
-486.68613
210.15099
-18.608397
21.55405
268.50186
-136.85056
120.78974
-179.17166
298.43115
-198.73776
25.281628
-602.81744
358.38303
-406.0681
334.37433
-29.174215
361.83978
34.987717
-67.70286
332.14154
271.35574
316.91202
207.8147
508.50723
-170.70763
315.69232
-587.9638
85.03418
-195.03653
280.23822
58.11251
151.71666
-36.748688
249.40044
-152.98752
-31.946674
-52.919197
-55.479195
-106.51083
-331.01706
-159.86629
-290.96677
-256.21262
209.74628
-159.51823
-216.58937
7.6245413
-102.58178
848.48865
-517.74225
-164.17538
109.61825
-612.5703
114.315056
88.093704
-18.546526
-613.31555
-381.73853
-258.01978
-421.87708
-556.59467
-42.720905
146.31569
420.0088
157.26471
-412.61215
-244.60948
-44.336895
322.87436
257.4402
-285.2358
-109.60499
-255.94238
-408.845
-176.32204
387.5961
-470.04465
-465.4888
364.57147
-539.56116
-239.2092
351.96042
-239.35133
-135.98901
-177.77731
231.58904
-34.88363
-111.90287
276.43015
156.66644
-496.0148
68.15994
-187.71606
109.054405
453.2371
-438.64276
330.622
-9.984705
-41.79699
-437.3159
397.29987
-290.03574
37.465096
-132.77815
-29.702427
-42.12277
-635.217
76.199905
17.3943
168.01912
-202.65115
-541.9994
-610.5259
133.93134
33.142902
-211.54314
143.04648
126.176414
-269.0258
-414.49323
-53.851078
-248.8583
-327.54712
-359.46655
28.006649
-212.89912
91.45031
359.04373
-420.77475
-527.57825
210.12622
135.87776
-350.8047
-453.22363
-7.246048
230.97171
-7.7535443
663.5865
195.5235
-126.64835
-52.544056
-59.906178
-385.05603
40.90832
-363.6136
160.00905
112.17578
-165.52692
140.31758
172.71754
-65.19134
141.075
73.523
539.4714
450.02228
-75.10025
-479.52264
23.660059
-47.47973
213.06819
67.44802
217.94101
83.614174
-100.69704
-45.68257
225.01553
-473.87436
-314.25198
-327.5469
-84.94447
389.49673
171.54698
135.66255
189.7971
460.1355
497.4986
149.55084
550.0866
-53.350384
19.056759
-111.04025
-479.52448
276.34927
-197.05324
-307.51825
164.75563
149.18422
95.84646
216.6337
-253.40846
-351.51422
-82.21001
183.63272
12.208747
-125.12279
-326.1817
444.65396
100.352356
84.179115
-96.13668
-285.20996
-31.450842
-173.39214
122.206764
-209.77875
217.73306
37.627502
79.477425
263.8783
-65.73389
-11.256398
-65.07909
320.26263
-362.68405
-44.42626
-366.10233
-233.61751
263.69977
161.0166
441.90973
-139.66368
602.25146
-204.74362
345.3814
198.8757
117.99355
-635.5616
-63.644688
352.2835
62.639164
-137.73264
-235.34077
-363.93817
26.205116
390.2753
-78.47593
464.66833
212.01741
-346.3199
-55.31951
-385.44778
-253.96695
143.8139
600.92847
-257.8821
422.55508
182.72142
131.92902
490.2742
-189.43675
299.5375
-11.509191
483.3043
-56.59391
-24.436209
186.33748
-38.195847
482.1991
-377.79214
-311.71805
-440.56973
-269.14545
668.8087
44.592026
-93.13923
-327.06476
39.011543
-268.3867
-427.99054
-310.99448
14.844133
127.112656
-313.66574
113.42461
-83.361565
172.13885
20.704733
-123.75779
-75.90124
95.37664
-353.60565
-100.457504
7.1997375
378.09518
530.33484
-281.00742
-170.4042
180.45883
-435.72784
-527.5542
-392.04657
168.86546
219.67128
-160.31134
44.221474
-166.28369
-284.09308
250.41872
-486.65863
-153.80696
-2.5728462
-253.05168
464.42523
203.29224
192.91847
32.784443
111.59439
-582.60754
124.272865
-890.83984
51.395954
-48.16995
87.297386
415.54672
-25.161388
-504.09836
-646.342
19.160233
-211.9102
-610.3768
57.630814
323.70273
228.6366
-243.62744
-45.5102
295.35272
-312.24918
-19.928951
-238.32138
-210.19777
31.983547
209.15173
-87.70326
243.47166
243.40038
727.6609
94.29078
124.78065
-194.88524
611.96265
131.63431
410.4185
-462.20236
70.844986
178.60773
215.7141
-185.61256
-27.896479
-22.142775
212.43352
238.10825
-426.43005
421.8974
-113.3273
69.117
-136.24104
563.39355
-121.747826
-109.22332
-137.46361
401.59973
157.01933
-26.469017
402.14987
-164.35953
387.24652
-145.51224
78.44
115.355125
484.848
384.40475
-269.3062
175.91608
126.84695
-171.27036
-6.226859
-161.30745
-278.61755
-432.2392
287.30408
-229.3098
159.58832
105.44979
-9.995142
237.96298
417.86853
-87.40316
785.88074
268.6684
-90.4808
158.10954
-516.75287
137.66167
-358.03848
134.58092
202.47173
94.43696
104.639626
-96.2082
-108.811325
-167.28691
-168.50594
92.480736
90.27071
153.8538
206.57234
-126.46231
23.132133
-686.6825
-403.68057
164.99208
435.84232
19.445208
-249.3351
-288.23865
167.22733
7.2831326
-234.84656
-67.33412
-322.44775
-36.58826
202.90312
-2.6709862
64.22464
102.782524
214.904
-139.7681
369.90787
20.590029
-152.79149
-602.8158
652.3782
30.465115
107.19418
-287.9798
-195.11008
-431.4171
141.21378
-517.43176
105.17595
-81.82877
-131.1453
-92.989876
105.11986
-60.983204
186.38623
252.91692
15.433286
-131.9404
-315.017
-374.68652
391.01825
500.2996
604.04047
-562.6463
-209.01552
-114.73871
170.83757
-130.96652
-673.512
-101.93486
-460.56528
251.42331
-327.84323
-207.28421
2.0703838
183.02298
245.71877
-68.39763
100.92531
-18.919487
51.671833
376.773
-434.06595
-176.70071
206.72887
-55.582016
110.626755
-3.1792176
-289.43805
123.60308
724.2097
-110.57323
381.3905
290.77588
-258.77246
371.90985
205.42989
-42.34017
-151.94548
999.0382
-51.01566
-240.7707
-602.5188
121.07701
-228.58171
-68.9813
-552.4121
-93.983116
-161.94514
256.34503
-140.85612
111.751915
-119.508934
112.867584
424.61545
230.1828
65.94351
291.93616
25.598532
126.129776
447.78943
60.80845
-354.2659
137.48706
16.613094
71.53882
191.66704
59.260677
-250.01904
28.458282
425.53458
154.08627
-288.87976
-148.81789
-551.5156
-499.51456
-468.98822
-253.35748
-228.34396
804.14703
11.58676
17.473309
-64.73234
31.58656
-104.22818
-619.1314
-629.0414
-119.30909
151.88452
209.91167
-204.00932
364.64255
213.47833
489.9885
11.893879
-239.68732
154.60567
-247.63115
-662.5909
42.834915
458.85638
226.31808
401.9364
156.89925
279.99722
20.705418
56.791046
253.11125
-180.37265
-199.9345
-143.43379
287.5352
-4.979612
-365.4859
484.50433
-662.21655
-192.7809
-718.4691
-136.60336
89.49491
-95.734024
-21.771402
47.432312
-354.90878
210.57175
346.93375
-281.9898
-32.592403
322.16794
446.12668
-574.67236
-185.65236
178.86177
-144.47318
-563.9489
-233.6451
251.2737
111.7816
22.011475
-245.3733
372.81467
-257.73636
-490.31396
-90.667496
-462.09338
-332.66867
-265.86996
84.727776
-132.73335
38.607216
337.93103
201.18906
-210.87607
46.149517
298.55652
-386.32584
-350.50296
-128.93217
112.63401
72.188194
-405.28696
183.55646
-5.526892
-357.5633
150.29283
-66.50739
-193.71985
465.12646
-81.96742
-501.82306
529.91077
-381.211
-1.6174083
159.16376
-517.1765
548.26263
-192.8679
176.56917
102.91322
-121.49597
-53.971527
261.5823
258.09308
36.9029
-353.66635
-180.37505
65.60077
146.25429
-185.94994
525.3863
274.38916
-420.45038
66.30864
9.119609
-165.22171
138.02643
50.678844
520.36414
-40.678852
251.03378
-178.71336
312.71014
350.94574
502.26376
-86.94047
55.086506
247.1891
-12.490317
214.4905
-22.907452
-198.95598
463.9972
14.963228
-59.046597
310.64752
-34.813683
-117.88835
284.25977
263.3872
182.77908
15.12522
-827.04395
-706.00903
-254.69699
-221.89458
-156.83147
-37.556656
4.2916775
-135.95848
548.8216
-154.88332
83.37878
331.3959
-298.72223
181.44608
-25.8073
-204.42276
62.91867
339.99216
-72.10927
-89.42051
421.89365
19.233717
3.3157465
113.915115
-490.51672
-355.33942
-424.31543
102.20585
-376.21808
48.670357
46.831512
-252.53906
526.1777
238.83487
47.788124
298.65207
-594.7281
-677.17914
592.42346
50.19902
-269.86203
-342.48077
817.2574
-127.05443
-469.21432
181.09744
-393.15677
8.631185
-435.43002
-399.64423
98.390045
303.17587
-334.6591
-128.2901
-174.97159
-132.9642
-410.17212
-224.89839
-281.96014
267.40677
230.32326
327.85474
-179.21506
18.537413
-93.92488
412.1578
230.28294
-247.86382
-329.2111
224.68188
-15.43708
-7.51083
-52.755383
313.8519
-107.51262
-176.79585
-370.09772
-131.04265
-235.84132
-232.58713
-125.953835
331.29193
22.85796
94.719505
266.07477
62.11709
469.31702
216.06187
65.351074
-250.28201
-597.1447
330.73813
186.83209
-51.232315
-586.82874
-21.044449
69.931946
198.33011
442.13885
318.41107
402.11346
-24.778837
120.05445
130.54396
250.61569
-169.10611
55.19694
310.10626
-402.33395
-54.26545
134.05109
-72.8857
95.18253
-180.24173
173.191
240.9252
-548.97406
547.55194
215.69342
280.3546
-184.69069
373.60968
328.0477
38.312508
387.2749
-124.12308
-24.601501
-431.21902
7.385821
172.35765
-680.8494
-22.578089
447.98755
-12.4425535
559.2003
-185.9951
293.93774
448.08292
6.290621
-305.93304
107.89119
-31.067976
-250.32132
-110.0708
-177.8831
-175.79182
-397.95847
-82.939064
377.28345
193.01413
-181.31262
-54.14462
263.4048
-481.73456
445.93152
-192.75513
4.589104
437.31787
-148.81288
143.8142
-103.55169
177.15752
57.954617
215.84758
342.29175
-54.88635
-336.208
-232.20499
-365.80984
372.69717
-440.9453
106.835304
178.4923
298.33215
-214.50955
-350.4858
512.48505
-83.223404
-92.86073
-354.79913
-181.4097
112.706635
-420.2418
-359.97372
-269.2622
409.7411
122.37662
-96.04773
438.5598
-456.21793
552.097
764.62427
-92.02449
-120.50533
-319.79694
-182.33104
-121.87451
122.47897
104.8742
187.58206
557.1732
220.63394
292.17978
340.1557
64.923744
-26.543537
-234.32578
-70.49876
-442.33862
-445.04688
104.38809
-2.7710724
-258.57504
85.23709
122.58367
416.96854
-45.0631
-271.63187
-232.23747
24.808685
398.5373
-359.22034
-208.52684
-340.1012
-111.63228
51.746304
321.54672
541.9469
-256.0608
-263.755
-830.485
-549.6024
-91.26353
222.98265
-115.79649
39.239838
0.48232388
-32.80844
249.44102
510.96814
-52.905132
335.2725
-23.50141
627.1601
-330.78445
-55.09034
15.47875
139.49503
148.04886
-273.17303
-239.77838
-132.40219
67.600555
146.8249
-281.60706
165.29951
-321.86026
-297.00552
-377.3999
-32.938076
156.06027
704.2285
793.55005
180.03897
71.75816
111.72214
270.96985
-197.92572
138.37277
-283.1056
190.81097
6.3693504
353.69415
-210.48175
-28.72716
-11.713215
-37.766224
-114.311165
-187.22508
-189.63962
-190.6046
602.80426
376.6402
-223.9772
108.58114
142.24779
-235.53484
-82.16989
106.00458
376.44702
303.655
-5.7369895
156.09189
126.27267
-203.6689
-387.96463
-181.16887
98.610405
615.5086
424.79688
208.77042
322.651
4.5993137
-133.52203
262.48923
-172.37137
114.624374
36.31417
19.685627
-31.34622
-171.11934
-543.74115
262.07388
-89.38577
-123.595215
499.32217
-128.79294
-193.74542
-316.99203
-124.57946
-79.61719
-213.19562
95.21916
74.36321
-162.8979
172.38445
-372.99832
330.1251
157.37982
517.77264
213.77202
227.39961
-512.73883
140.30139
135.51215
-28.065662
243.71616
-242.17444
232.25125
-499.7778
46.563435
105.29107
42.142868
131.00935
645.2273
0.98816466
-31.686565
175.9322
-36.14692
524.97296
326.4074
-234.18364
42.840923
79.64715
-140.44798
-139.03032
-518.92377
-450.2835
470.6067
240.77473
222.04076
157.78433
-25.151468
399.90793
-178.75742
280.81134
-94.89797
234.87839
-343.59708
736.9904
63.59055
77.12393
28.845652
-314.60812
-598.1263
-305.56863
-478.27274
192.8319
-306.84277
-54.12819
231.14908
30.760494
-52.080044
-165.91315
318.67902
163.35097
97.23572
40.435097
-471.02255
303.73602
108.79046
-464.6985
402.24405
-151.82457
590.06964
238.69942
187.58344
-201.42783
98.62066
-297.38196
-442.00034
248.4117
-215.79352
412.42072
-579.9113
138.93825
104.483826
-375.23682
-699.8698
248.47568
512.7468
-160.12726
-369.45493
129.93242
347.97284
-735.42206
-181.32779
45.839264
-606.7015
89.17021
559.6053
484.9864
-163.16476
-185.00595
262.51334
-336.34134
-388.99072
-194.51863
-212.43228
193.75352
74.83441
-201.92827
134.51271
-563.5819
103.76001
-85.36247
-372.0268
74.6621
-268.24457
-88.929855
-28.500093
175.8568
-100.71518
107.49201
136.60759
315.3453
629.2453
220.52278
-271.6352
291.48993
21.576496
264.83698
670.13904
-173.29564
556.41266
-119.359535
-418.19034
-475.47128
24.598488
845.50916
674.6814
225.20267
316.4003
555.9072
-572.7368
34.861732
337.24448
-156.6028
141.35664
152.31364
328.23334
-133.59042
-558.00104
-265.66162
-161.53128
354.315
-314.88098
-158.43106
-546.0902
211.01343
-159.22156
-345.4906
-375.49515
-36.309837
-648.20557
-434.982
90.53314
-284.5678
-176.84224
0.23110533
-133.45186
-145.78049
151.89252
263.5941
-56.02583
-183.46349
261.86
520.72644
373.90424
-41.885994
-388.23868
364.50372
-391.6696
-385.41687
-181.26578
-73.68503
217.08505
59.26605
288.10553
14.186474
-57.56541
-6.580868
-66.19664
-780.34875
-315.45026
-376.24484
206.79117
238.61975
-195.32953
443.5044
-47.534298
-158.1727
347.8119
-248.72601
-510.53275
615.9652
46.168156
-408.48575
404.2776
-23.461063
-29.434229
169.30208
126.81834
-487.67517
-40.091087
685.5076
258.7656
360.93665
466.44962
-472.3035
-127.22212
121.20865
215.53813
-8.0780945
147.03015
357.3343
302.73785
112.713905
635.8615
50.605995
347.5789
167.67558
-181.94981
-96.44524
151.0974
-499.0012
-234.14117
-819.0022
42.61036
91.335724
212.43497
-175.52365
-108.38963
-46.607166
112.78663
