197.80913
-203.7109
-229.25574
-153.97516
-355.142
818.2695
-192.0347
-232.69972
180.63152
-106.967
256.00424
216.61281
-214.23909
-675.87476
142.70776
417.10144
-226.72414
236.25613
-496.71365
-184.7424
-184.79129
-192.27553
-484.4813
64.83049
-144.30736
26.80936
332.75558
-94.86857
737.8385
138.31966
-411.10913
171.4821
14.282347
329.80673
-319.17758
303.6171
489.00925
299.8505
89.72365
-349.15308
-36.702244
213.45122
-431.14932
78.84067
117.438156
-226.10144
266.5889
822.2748
-625.3876
184.15826
-86.5577
-146.54727
191.5379
627.2464
-61.474648
195.1438
-114.770134
270.85
15.295591
-24.469326
-407.0271
-53.08486
264.11273
12.912926
-232.23283
102.66029
-64.04514
-419.0025
-326.73825
-199.47585
51.204166
12.695973
-37.372383
-189.01883
-121.752815
16.284765
299.22583
-305.0248
-21.565994
20.38483
13.79544
-9.571492
-511.6547
6.626229
-103.10652
-617.13556
301.88837
-323.91327
28.131136
437.69504
-606.21606
96.12545
417.2784
98.24334
-207.39688
471.0891
384.8162
17.005543
-23.664457
-174.1511
36.837006
-17.731144
-405.91824
19.828695
-47.559666
371.6514
-123.962944
-132.95726
-290.4298
14.777288
-464.79208
386.5809
72.54581
-308.91992
302.09183
-657.49646
-409.58438
96.65163
-77.40104
662.00995
39.40746
-749.8318
-45.036987
489.37027
-407.6194
-82.43706
-161.58841
-197.36618
-236.76373
39.26036
-265.8541
11.977266
-158.33824
-24.993748
-261.67383
-128.088
56.108448
111.92206
262.8349
-168.07663
-125.67664
40.204468
74.169975
-112.24881
-137.43477
186.13217
-329.8702
73.42596
-107.591156
-302.812
227.07213
-96.70204
350.55832
136.63805
102.85773
295.24857
-2.5157638
-295.6233
171.1662
-791.81775
-385.57437
-150.51399
-162.74089
-280.602
-177.87318
803.9471
264.2851
31.927784
224.19856
-760.25
-288.77362
-230.00696
-172.71097
-208.75247
-440.90125
-832.05865
222.61461
-162.3366
-228.07578
-51.80119
-315.81876
188.1938
499.56564
-334.5103
465.48352
-60.540863
-131.10501
105.06068
121.91813
-102.4623
-184.41608
210.04535
-47.164772
-446.25583
-178.71742
-480.20273
178.84831
10.852226
36.39822
252.64787
-105.388985
148.73302
-141.23631
321.36377
-231.6442
-21.935493
-630.31744
399.0339
-423.53934
262.86682
-102.48214
277.97424
-7.138381
-65.50236
241.01334
176.8436
310.72275
159.25352
491.43985
-156.52643
314.18445
-605.0862
78.017426
-145.76245
305.9142
71.52099
262.46332
-83.03136
256.73062
-136.40009
1.4910047
-45.36492
-56.592155
-148.28015
-278.9743
-160.64354
-282.81998
-318.96902
246.63226
-120.44983
-218.11232
-61.43902
-171.06398
842.8369
-530.9959
-128.46066
115.67523
-539.5805
88.702995
110.68627
-70.206924
-633.7319
-424.084
-264.59738
-379.28287
-524.0892
0.6188061
127.101944
343.88602
156.51411
-368.7032
-171.46735
-67.89555
260.2289
232.47488
-357.2933
-142.77562
-250.16501
-436.6945
-217.01978
375.69296
-373.52512
-375.09412
367.50592
-539.43317
-173.66002
335.8778
-287.8489
-108.646385
-217.5295
252.63522
-62.252964
-117.42992
260.1671
147.80324
-542.9691
-0.3419547
-195.33253
76.50685
457.12927
-468.5562
310.41824
16.382048
-35.00621
-431.31244
410.29056
-345.28635
82.148705
-113.708084
-12.6101265
35.497334
-545.57153
54.673145
40.61696
173.96268
-215.57977
-594.4076
-562.12524
144.97086
78.141136
-229.80814
226.86479
99.094986
-299.88544
-423.38217
-73.3951
-274.0127
-330.8921
-379.7743
3.1809645
-281.43832
116.11326
396.36536
-399.39896
-533.12085
136.9942
125.89661
-361.76523
-509.5401
-62.514935
185.11601
51.400524
671.7922
161.7747
-87.332756
-121.6346
-80.59934
-405.74872
25.32345
-405.91644
162.25746
83.18318
-182.76498
50.494007
194.66858
-40.963932
153.7924
32.545013
555.60693
477.47903
-85.527916
-398.97775
29.00115
56.854645
204.30205
24.256733
175.72852
51.87956
-128.15163
-41.302013
225.8098
-380.03906
-340.0284
-325.97574
-51.786236
391.71533
146.89581
217.61014
175.38945
444.8482
537.08795
138.53098
581.3029
-42.47081
70.530846
-103.939835
-514.8639
269.16086
-108.2605
-310.23083
156.53816
127.55414
53.50088
188.7714
-233.74532
-397.20795
-131.87703
215.93956
-31.046492
-69.669075
-343.94586
383.76175
125.45851
32.655735
-81.58359
-281.38177
-9.153265
-108.099846
89.6276
-272.12424
287.28024
-76.155975
6.9294863
265.85126
-33.900127
-58.233715
-87.850334
273.9867
-287.42212
-19.122423
-306.24622
-305.2286
246.04752
180.98004
452.32755
-103.55725
550.5076
-235.48682
332.4714
154.12059
161.82959
-631.8303
-78.39639
367.85938
14.960789
-88.87518
-232.96687
-348.23013
-44.392
403.96317
-85.10272
495.65213
190.0247
-304.14163
-91.39215
-406.2104
-241.43425
114.64012
524.95636
-288.17676
406.32755
169.44386
99.56153
468.81464
-194.15366
297.32187
38.27173
462.30338
-69.665
-96.41544
138.74652
-98.60235
523.85443
-359.80298
-253.32536
-393.6436
-331.87982
684.2824
-20.40965
-13.593047
-286.9449
24.128199
-266.406
-417.33594
-240.42636
-53.065605
94.5914
-304.27393
148.80902
-69.40457
145.51003
45.737267
-84.17328
-77.69833
209.73915
-358.008
-137.04866
-20.703156
290.36887
522.823
-295.8026
-157.97765
182.39201
-361.76587
-531.30786
-360.7021
147.03679
199.05978
-152.45155
78.83517
-186.7803
-361.46957
252.79353
-487.2282
-163.50937
-15.975688
-301.7059
484.28424
329.87897
144.0367
53.304962
137.54211
-636.1291
152.5538
-864.5688
-43.66324
-91.08527
103.68745
373.4939
-4.6471868
-524.6464
-642.1031
50.060654
-202.6493
-524.63696
47.710495
318.8388
230.64977
-333.47168
18.043932
306.67758
-314.5749
-11.871196
-255.68242
-277.02304
47.8121
233.61945
-38.554253
312.04147
263.3054
668.0487
62.93708
215.41682
-232.22894
570.284
162.95824
417.08908
-491.58267
90.29795
228.31808
223.73267
-162.86064
34.552402
7.8882356
258.29742
236.3993
-496.48358
411.56216
-82.11062
-25.455048
-50.593513
496.91113
-89.562515
-73.94
-165.49808
338.1658
184.92767
-54.166664
380.00705
-181.57451
372.70743
-184.13742
30.968504
114.11861
469.81693
354.1439
-270.68958
244.91861
140.55798
-204.06068
-33.343826
-130.63997
-301.26935
-474.67612
211.88876
-143.33794
102.83469
133.87209
-42.724747
230.4132
465.50452
-114.16618
755.97736
298.65982
-128.32732
91.69425
-396.4105
153.54663
-348.71375
164.06943
200.61005
61.930103
112.308205
-82.541664
-150.51788
-173.53728
-196.79498
68.06003
101.31282
186.20392
225.25848
-113.569496
-51.790768
-657.12946
-415.8707
47.97362
485.54306
27.403616
-226.31342
-268.5169
183.84451
-49.469738
-148.70299
-0.74864364
-297.73303
43.476135
157.53728
-12.79115
64.80179
159.83524
227.59227
-165.99084
390.35397
58.7244
-145.81001
-618.66565
638.90906
5.6946216
105.129654
-327.1734
-186.13783
-401.41306
104.28293
-354.36362
137.58691
-66.012955
-221.92873
-69.897675
121.43671
-49.70877
232.4583
276.93192
-23.008022
-219.29958
-320.24432
-352.50427
393.424
453.81516
648.93176
-540.4529
-156.1025
-20.890121
116.38041
-108.0107
-693.3569
-82.55286
-403.49673
313.5503
-387.44424
-216.56464
55.098526
136.71626
365.64496
-115.304855
146.13461
-9.151374
53.75782
340.96597
-374.20804
-159.64809
282.1687
-73.41753
-8.679977
7.460967
-222.23589
123.59153
746.8991
-64.900955
341.62265
240.9562
-193.71434
412.30515
243.09396
-53.694733
-140.40384
983.1811
-40.438477
-188.16176
-582.41626
132.59583
-207.17508
-52.50841
-548.3076
-63.65295
-157.59544
278.82574
-121.299446
68.71179
-157.31544
13.414287
418.13684
209.03719
-35.30906
230.1029
42.743565
78.77761
447.3499
49.8838
-344.37744
159.21323
39.865547
7.9642205
195.46625
52.19039
-294.4983
-13.198627
397.8348
126.52571
-236.52103
-147.12708
-584.9779
-462.57785
-463.05957
-251.20035
-162.38673
805.00903
55.299686
15.334198
-60.162155
85.245575
-87.83899
-649.417
-648.6723
-113.0819
182.48955
151.72958
-160.52896
363.80698
284.59644
514.346
-61.535343
-216.18307
136.32254
-256.6107
-618.9716
77.15998
462.90884
195.085
394.63626
96.601425
309.73135
21.75406
102.51994
268.41565
-249.96938
-190.29051
-92.942604
381.59747
11.91026
-406.39844
468.1019
-627.1439
-225.13037
-758.8756
-108.39541
174.05518
-164.35225
-28.104527
-4.8334565
-347.03214
235.39592
297.9021
-282.26956
-20.270245
370.6534
398.73065
-516.09485
-166.34528
178.82875
-189.9252
-620.7107
-146.02481
356.34265
196.35252
-10.395488
-247.84894
361.49936
-234.56665
-479.8628
-91.51746
-503.62
-345.54932
-249.48024
21.671652
-23.32888
112.144264
311.8503
178.4658
-222.50848
85.12499
335.89056
-361.1753
-302.00235
-166.6595
86.062126
69.72147
-424.45035
200.22401
-14.935795
-312.53586
178.32152
-5.423038
-158.09116
470.82413
-75.74683
-470.51797
579.6035
-391.24136
-39.31044
131.74083
-536.49115
488.94812
-154.6162
131.07712
29.131908
-110.83278
-21.147106
304.8036
251.53009
90.908005
-383.26675
-205.38194
89.68104
149.51921
-213.2973
511.2692
241.5696
-458.58154
-30.86688
63.233887
-115.887436
136.57123
96.02526
538.04333
-20.653997
264.05508
-281.92377
289.95883
362.15656
526.15454
-66.47113
100.59468
255.12086
-106.74648
135.25575
9.811836
-168.41705
459.5948
-9.23004
-72.47501
263.626
-50.78271
-186.76782
355.39285
312.9818
261.0347
49.65063
-792.6671
-589.125
-201.47653
-217.01968
-157.73636
-64.832726
-36.656918
-195.56912
492.59897
-90.15611
148.31343
312.2236
-261.3984
171.69472
-51.60904
-147.51038
17.87763
295.28693
-88.10175
-91.18178
434.03165
-37.3185
48.709904
115.2696
-455.45505
-329.37814
-344.80173
180.14285
-324.03256
68.36149
107.8305
-258.48297
467.62436
219.69202
59.49089
307.9335
-530.978
-656.87616
545.7175
17.2857
-285.68976
-318.17194
796.13007
-170.33482
-394.28687
169.23802
-385.64276
-30.500408
-363.44086
-384.24945
60.377014
270.52936
-341.51053
-139.91235
-102.83946
-177.76141
-332.06705
-238.56943
-235.1713
248.10815
227.57898
317.8984
-131.99742
24.369589
-86.19982
397.57825
201.4355
-238.56007
-309.40436
234.25098
-3.5047781
-5.853223
21.740633
288.47525
-73.06267
-161.29071
-374.6225
-92.9687
-213.7655
-241.28893
-113.030075
283.01816
-56.09201
131.85553
310.96964
78.7503
394.5927
182.68738
61.17143
-262.59952
-611.01733
321.02356
119.160385
-50.762867
-519.52435
-2.2127833
86.14357
119.21795
359.5025
352.84683
350.29572
-90.11635
161.05112
171.71309
257.43915
-113.29427
85.50826
282.27435
-340.50534
-0.24347973
129.02286
-36.018143
61.589874
-172.89113
225.4052
240.4708
-586.3879
454.71072
210.31923
243.32182
-206.17505
282.98917
293.37332
-2.5055363
451.82288
-93.64377
-5.8322325
-443.24866
26.405993
183.6313
-712.5053
28.219776
436.2324
20.402458
541.5063
-278.86154
237.88766
521.263
-13.97433
-268.35947
133.09595
-36.931877
-251.9241
-104.560394
-177.76576
-174.45197
-395.593
-47.64646
282.77075
127.45287
-179.17346
-48.365505
195.04567
-520.8054
454.37558
-235.68161
15.230048
385.6265
-109.22651
142.15443
-65.94123
209.70068
22.120531
256.55844
400.90118
-20.683517
-385.00424
-218.45973
-299.87592
343.149
-463.5404
-5.308814
137.55089
277.40887
-174.79312
-349.01004
473.48642
-132.57884
-65.1213
-357.89978
-115.21791
105.763626
-429.67328
-332.65784
-284.06787
457.08664
84.37692
-140.2965
434.1326
-498.5756
608.58344
744.54425
-43.981415
-31.316002
-273.87003
-192.07668
-18.426828
93.86392
155.68953
160.17087
514.173
206.6299
243.35014
287.71652
20.969276
-16.964094
-255.73172
-116.66895
-396.842
-482.33398
95.84174
-7.1166563
-200.92044
74.76411
148.29832
332.96353
-21.37686
-279.1591
-292.01236
11.773619
419.33188
-351.84937
-223.07283
-284.78543
-92.82686
113.19573
355.4724
589.75464
-217.45021
-339.13123
-832.2536
-579.6808
-54.223217
277.94794
-103.28505
26.486507
67.95706
-32.442806
227.82777
523.2262
-64.62397
311.06995
-79.27156
553.3327
-323.74557
-110.761505
-10.776119
182.11551
123.250305
-249.68982
-265.08682
-138.80484
43.978535
128.1891
-303.2692
186.84114
-311.33865
-327.71832
-310.79416
-47.46002
143.23248
703.12885
734.0878
117.859825
96.78134
83.924355
319.9112
-227.5899
207.41002
-297.09973
246.67331
-57.626373
363.51736
-242.69589
-21.154737
-48.93491
-0.6118388
-151.43265
-224.3719
-112.55738
-237.36243
582.6504
399.48984
-258.7367
147.07887
147.91557
-279.9815
-77.309875
148.57399
393.81546
363.77478
32.292553
142.50063
136.72296
-247.56052
-376.03076
-260.96957
130.6789
521.6792
395.55414
262.84662
296.54913
2.9437387
-108.35598
267.16843
-215.55699
116.48984
32.3018
-56.781242
-25.034187
-170.35213
-608.51874
291.06555
-109.739655
-90.74032
505.37872
-72.68994
-204.70114
-277.46988
-181.7344
-99.38922
-148.70544
105.48886
83.22446
-150.44897
163.63892
-352.32706
337.87003
134.83951
533.03326
222.70114
205.62834
-546.91345
196.00027
175.87424
-11.148193
209.80643
-223.0738
180.13701
-413.56342
37.54006
171.8112
28.687222
186.05556
629.21655
12.662932
-14.560062
131.68628
24.491419
529.38824
252.26534
-265.31155
76.66205
73.717926
-208.24655
-165.05914
-495.97827
-471.2844
487.27817
282.88507
203.01096
171.56679
-3.6513724
338.93408
-157.57924
242.41808
-98.98617
237.35342
-287.9417
652.5313
114.76769
138.03583
39.49207
-310.2452
-658.2478
-361.21036
-400.5701
171.84624
-294.1207
-38.390953
234.70483
-24.860638
-29.042093
-171.33304
298.06113
86.02212
78.070755
49.888237
-416.00513
256.29608
183.6678
-507.3554
420.50943
-199.86438
579.4274
241.71422
172.03053
-211.90291
125.16217
-265.84503
-441.97183
254.39034
-205.47699
412.16034
-588.87585
131.57472
166.61351
-373.5832
-720.00323
294.12952
520.6275
-140.6485
-411.34665
124.34777
319.4334
-683.13806
-182.93672
22.454937
-530.7092
59.98205
511.5337
427.96713
-102.89697
-172.15869
335.6537
-287.17023
-361.3902
-163.45625
-148.7398
222.45763
-17.077879
-188.5986
122.67472
-579.7528
102.528595
-94.091354
-324.66263
-0.66149306
-286.4749
-175.02101
-48.08802
176.58769
-121.301994
79.524124
106.6958
318.17584
595.54364
224.32042
-221.55238
284.08298
37.282967
278.6896
650.734
-149.71129
562.6736
-96.51802
-378.56546
-473.50992
44.51983
796.43475
578.2047
271.70242
327.26532
589.1252
-510.15424
44.755634
283.23843
-193.86598
96.268745
156.32005
283.3113
-52.88949
-606.18195
-231.0702
-121.620926
260.7859
-284.26892
-158.08415
-503.08273
190.80759
-137.27477
-410.92093
-395.57523
-25.015854
-580.59937
-421.04153
72.427795
-336.88184
-167.7356
21.063192
-141.75203
-151.77081
149.05522
279.72473
-56.17761
-182.63869
224.77452
472.22668
307.1341
-41.708244
-332.66226
351.59933
-467.6846
-319.26685
-150.54494
-87.82017
275.52652
18.511618
314.50076
7.4762545
-72.99322
9.555194
-67.92433
-769.4776
-342.1799
-361.99072
256.08972
166.54932
-143.75177
457.43973
-48.560852
-130.70914
342.54102
-338.15237
-442.37363
574.90027
29.731113
-382.24844
368.54547
-101.97199
-10.986283
181.03593
177.90718
-502.8614
-9.984574
699.35236
155.0234
320.43542
365.15344
-409.4119
-134.6144
102.26945
251.34425
-39.758293
178.73228
278.49008
267.27063
126.74195
599.53186
43.753857
356.47888
175.35927
-140.78922
-91.11846
165.99739
-515.315
-164.42004
-854.6539
87.185844
38.538643
153.9693
-155.37395
-74.041626
-60.588684
93.31656
