-138.89229
5.5529933
-47.559196
-37.83271
6.407473
-27.905983
37.759537
-2.8762145
-98.11232
-176.28456
60.9381
0.4464686
47.46895
-96.033165
153.41367
138.01923
-87.940346
-213.2692
186.28664
139.86801
118.24482
76.31801
17.758585
146.96344
-23.17332
170.80553
192.12442
32.08002
130.74382
-10.2683325
150.00723
31.649984
79.73176
-5.8998227
-257.94092
11.842228
-88.89505
-12.907053
-103.39457
61.056168
132.01585
162.18774
0.62572324
51.89857
-114.512764
25.236929
-108.42639
-0.80451804
150.39622
138.8459
-16.376846
51.121716
-55.28272
311.8618
10.827086
-131.2775
-112.65057
-120.848564
-80.01378
17.533558
81.26239
-46.153015
-140.1622
-59.79247
56.0595
-231.07431
-60.255848
162.7913
142.41609
79.94047
16.556728
-33.787067
79.89029
-29.043135
101.553276
84.31651
-47.381187
93.719734
102.38297
-81.55427
-40.489365
-16.071627
30.677444
71.97876
-188.68802
157.42876
-129.47118
35.87771
145.17014
-120.809555
-4.4358573
-41.291264
201.92686
-115.4833
-32.28095
13.133663
-18.814795
26.12228
-37.923565
-191.69897
56.67925
-9.976442
-123.970726
-68.70938
15.334715
-110.93926
-86.84102
41.43882
0.3849516
-125.367584
-119.576675
-21.212255
22.972904
-18.727785
12.09755
-169.94582
-88.00857
-40.32109
122.38333
-26.26259
-6.6499467
179.38994
31.47396
-34.9157
-17.98526
-173.35312
231.42845
49.602264
-26.43705
-161.97151
52.031364
21.4797
130.48015
127.49246
-35.951893
-18.08588
113.739494
65.19479
19.739548
-47.346268
74.33134
15.518043
-17.09279
-78.478165
-32.578754
-1.4239545
-47.07502
-8.405191
143.75995
46.42327
-16.933567
19.000195
-19.14125
-66.657906
-262.5303
37.56514
2.7720065
118.78668
41.888607
-103.228645
23.89295
-66.30778
-84.74699
-235.87764
149.12349
-55.164864
128.13359
-94.4992
82.4995
-167.86238
-22.349167
-2.2795453
174.82384
81.152245
-150.0102
116.88744
-101.7219
-5.134935
13.644602
102.63038
20.330818
-28.768646
-45.61003
59.2973
-3.2924316
20.674814
-29.867182
-172.9394
-120.788345
252.95622
-91.754
244.19931
117.14912
-106.16019
-144.44785
-49.69638
-124.40528
-108.246346
-102.48106
-153.07564
65.22475
-24.657337
-124.06069
-135.95024
-8.384655
-34.15953
-12.1131525
-11.099102
-96.66023
67.52241
-30.367455
-170.59457
-172.19737
9.409705
152.42822
-217.11853
-138.47177
-19.572584
116.254684
87.86016
-104.79044
124.7095
-54.65352
65.714935
6.308496
-3.1175373
4.538749
59.537388
32.576584
-68.68752
-22.178364
74.58087
13.639195
-58.914722
-163.27129
139.92816
-43.293213
-6.7474976
-135.59239
-113.75802
-12.574545
-127.41557
-42.702904
-66.881676
87.135124
128.12903
85.754616
53.960705
-14.804677
-70.32767
-65.03056
-144.22607
-99.38279
9.572161
-138.30035
116.73862
20.292875
-124.80431
195.99805
-146.95009
-62.387413
-74.21194
17.673521
-96.45505
-117.12017
-31.169163
80.05297
-53.717995
110.07863
128.41177
-140.49602
-98.68175
-106.67419
92.84982
23.526966
20.061352
-49.941673
-39.250732
21.927736
111.04066
-9.896895
-23.637854
-21.898304
30.947252
0.45337087
135.84052
-6.516611
53.901154
-140.63731
87.35448
-220.12259
-46.42203
228.1997
-250.51152
-68.47068
-4.053055
189.51561
82.743744
18.501074
23.883345
-17.995731
-159.62645
214.21965
1.9435819
-19.89174
-138.58124
-113.070404
24.566093
-27.929485
-68.008446
-184.26486
56.054283
-136.38582
-137.23442
72.90076
59.741817
11.217251
43.89476
-63.642406
24.509851
-123.64695
-35.18616
-42.72413
45.640175
96.701
-87.6272
-10.513775
130.7703
32.444267
81.164856
-197.45818
39.345383
59.38502
3.4993134
80.062584
73.530655
-37.829086
-71.50115
-174.2675
5.1057315
83.65987
92.974594
13.221001
40.432045
-201.21907
34.844753
144.58928
30.314552
150.46292
-111.13436
4.087839
172.34616
-99.22086
-219.28465
8.249037
-32.678574
44.452408
104.83448
64.78447
63.823967
90.09351
253.27136
152.20201
65.100876
-201.49506
-51.08718
-146.37682
264.29922
7.708892
131.56395
-115.40708
54.825653
-64.759026
34.206013
47.05687
-82.492256
-233.54927
50.647987
-193.08421
-75.99572
40.208176
-236.45718
-5.610977
26.616737
58.640602
-216.23036
68.60253
-46.010197
-33.79362
-23.040482
24.545965
-14.503415
-19.338903
164.15895
-12.2700615
136.78725
-22.668613
65.18699
-130.5535
120.166306
-3.2138252
143.33907
-3.8905268
56.210056
152.69948
58.31309
59.22575
86.87682
41.31152
-25.225836
55.34829
6.515417
81.6858
57.349277
-7.151895
-175.00854
74.43442
29.936367
-14.889593
-23.162031
21.824205
-148.06848
-30.470379
134.84113
101.69812
119.41403
78.77141
-65.17591
115.02441
-332.25024
146.27821
-7.5844054
-103.5028
13.566873
6.117877
220.6865
-83.60162
-141.58481
129.90215
-124.287056
-24.605198
-10.867625
25.103823
-50.025517
-70.55468
-65.8308
79.02384
-46.508823
-65.07206
47.304115
-71.65312
-91.888504
-100.20484
-202.04066
-47.314636
-36.807056
-7.593837
-11.069265
-95.30613
-115.100845
-20.124039
182.53976
123.003944
125.65834
-66.84572
227.83955
-80.48249
9.464956
-42.978016
79.51572
-76.139885
180.90701
-68.04506
-51.288597
146.54688
103.86021
-3.2767272
-225.1289
-113.86306
-12.837632
-140.85527
20.266886
-95.69288
94.82893
-37.840828
13.143363
49.064175
-36.157837
-13.098936
122.517746
-56.47917
90.52712
19.336382
78.866234
-104.9603
-59.97704
49.52058
158.55818
27.971766
28.62002
-251.7434
-133.97931
-22.03301
50.851135
41.653877
-5.7905374
-94.54368
63.43165
8.698946
207.80928
-11.156117
-15.781204
-38.0394
268.0166
192.78526
110.93755
-25.593943
130.73233
-60.051464
-3.1825566
-123.21819
174.15279
158.13559
37.67077
-26.12212
-13.305957
31.21651
39.519814
117.49094
30.066093
-195.3723
117.52333
37.43853
10.38006
-224.69054
21.546074
83.36882
-280.50845
123.488495
-37.445274
204.84575
-189.44003
-272.22665
-85.806114
-8.889452
193.21614
157.9035
52.140976
-57.555977
136.31796
34.972576
100.67444
-93.9463
-166.68735
5.9617324
-49.13162
-22.562265
-37.09904
-49.476315
149.68472
110.06637
127.72142
-151.18486
-168.65129
28.834679
17.987434
9.374263
-14.067334
-171.34924
96.15943
9.240463
56.389072
245.80028
192.11609
-43.439835
-0.60015154
-108.12831
75.6905
-9.360731
-212.21365
-89.96626
113.16402
10.047348
102.902855
358.58057
17.644949
76.7486
-54.825546
-272.99677
-48.237946
116.655205
-18.588129
-133.64853
-68.51192
-148.83414
78.23163
103.51553
-209.81537
159.87766
-57.11345
-60.298233
-13.5990095
2.895996
-7.3456135
102.71363
115.60775
-66.55135
-97.76288
-61.57994
-115.92435
201.50684
1.7671125
-98.670784
99.230156
-28.331377
-73.91846
-10.458343
18.728714
43.202698
-26.40842
228.95297
-51.122612
189.41164
244.29868
243.05247
-106.16425
14.763474
-16.111923
145.5806
-75.251564
19.497753
23.401182
95.74932
-243.60385
-7.1034417
193.55838
47.929733
60.67146
-107.742294
23.18033
15.628977
-86.7096
-155.4801
-152.63118
-73.472984
259.54858
-6.860628
-61.96307
55.783577
9.046259
175.2416
-40.09096
1.2518548
12.826613
-22.28681
105.87594
60.25495
75.60326
182.50243
62.465366
64.09294
-133.8124
152.98824
3.5828009
-234.71713
46.41941
60.44764
35.79715
113.42483
-53.25916
41.206738
-10.120391
39.927887
-21.033531
-29.211445
69.13124
50.01946
63.349716
74.58677
-106.70969
-8.365776
125.64875
-124.30962
57.038277
36.272713
-21.23755
-10.886032
-57.214375
-63.531563
-73.664
-220.8585
44.81362
-49.32929
-90.32871
195.90514
-27.624826
80.89931
74.52546
-93.78614
-106.223915
-17.708105
-44.779102
8.756739
1.4596673
38.65288
-24.577831
24.897581
146.99046
2.5803602
43.619198
-7.7102613
106.864784
-208.11234
-104.38011
72.16851
-107.3756
188.53844
81.87965
145.84364
92.302795
22.906776
-38.27735
-270.75473
-44.674244
-27.6138
-138.94032
-115.87623
22.42165
22.948334
88.004654
-233.8282
-14.040995
-224.32127
112.12116
-148.92964
102.10637
29.239916
-22.122253
-265.08984
61.33538
-42.883972
-31.564564
23.46821
-52.30544
36.791393
-65.64475
-10.226126
-122.82762
-78.00396
44.19209
88.53886
-46.404037
128.55382
-3.8213954
12.610904
159.56046
-6.4855676
75.36043
-116.24791
52.531525
-30.459684
-213.9233
-94.46613
4.3954206
66.682144
-171.56094
283.93472
-66.3314
-37.827168
211.13222
-72.04964
-175.42216
-77.974464
234.80653
-74.843094
-95.50928
-14.109938
111.3484
-180.69069
66.52385
145.77753
-216.42415
-70.60125
189.81192
-32.9089
-16.682304
-33.621998
0.87698996
-277.90643
28.73422
127.47561
75.32368
17.632526
-127.65416
243.99986
-100.48729
-10.313988
-49.939518
-103.42386
96.55305
-222.2528
75.588524
-110.42589
-173.97903
70.45421
97.94523
-131.12871
-178.68939
-213.72179
6.9732785
-100.38245
-77.37005
-90.52104
34.250023
-55.111065
13.736204
-11.827834
55.77847
-51.259518
-47.813255
-77.903564
-181.15079
-81.537674
-45.04132
-135.46062
101.45553
122.66912
-75.862335
-154.08812
-46.17066
-8.348377
18.814148
-22.897663
140.34512
-47.983265
224.59984
-15.859926
22.297676
0.9734446
18.489033
-30.955793
8.8572035
-147.92265
-77.05951
57.574814
-175.08566
140.03452
-55.173862
-78.20283
116.18448
-54.38906
-4.5863466
-48.760544
-98.60122
63.468983
103.181755
30.693285
-87.22621
63.449074
137.71011
19.310137
-37.50555
67.06775
43.05604
74.79704
-13.713492
25.038696
-88.570175
-73.16323
121.62656
-17.057014
162.18799
-34.408096
-21.036509
142.87593
16.550253
50.780106
-72.87289
-78.87583
-18.343666
94.69605
124.23504
-23.368828
-66.18568
-127.894554
-45.266243
-43.341663
45.336403
-44.202858
17.438454
-71.00049
-177.50168
20.899006
-189.33717
51.066597
49.845585
-101.29834
-27.043322
13.574465
104.42027
-1.6870327
128.65613
101.650314
54.933167
56.882526
180.70245
-20.751049
26.149624
-23.237242
95.436745
-79.98919
-52.40958
143.23476
-80.311966
-96.34778
-135.46883
-35.475193
13.469652
-132.8005
-180.6255
-50.762844
78.02444
-116.37386
23.839289
28.52725
-153.12
31.239002
-182.50722
82.370804
-127.50241
-3.32448
-71.076706
-161.24823
176.0226
23.311726
93.502594
-60.27083
205.30258
97.35625
127.03542
-30.9767
48.562313
-191.57883
-106.28128
28.704617
-80.76687
-175.41533
51.03138
-153.86821
42.863144
106.93212
13.3473215
-14.715375
-80.00879
-35.68937
147.71985
-92.882645
29.382399
-187.70134
32.511482
-20.455446
-58.209656
-72.219376
-20.461735
38.86834
-1.4654261
133.99597
72.61256
155.62807
-135.91687
96.59316
-164.76427
122.57883
-11.870474
-112.72474
114.98803
-94.93702
27.27927
-13.476659
-96.933395
88.28222
255.25914
-107.93386
-60.304066
-5.684499
-89.33514
-17.877369
-4.1296473
46.588196
113.6755
-10.718004
-184.09091
-30.749989
52.073505
131.32492
41.19693
98.216736
-103.35369
-50.720287
198.58176
11.48094
-69.70738
83.52836
-55.722862
-23.985302
-233.97122
107.68832
-162.19444
29.673365
-133.84921
-104.010544
-80.09547
70.00406
131.38481
58.82402
117.946
8.803933
28.500734
-39.699997
-283.518
-18.288782
162.81042
-62.205666
78.628525
-157.85822
-193.41974
121.85293
-389.1514
257.22372
19.606518
25.310616
-151.69095
-149.24452
62.60895
-51.341698
-110.766716
6.0859284
-148.15805
16.397127
98.90651
-31.353142
154.50615
-89.02972
-65.10072
-44.72423
127.06533
-86.86425
59.248886
40.08997
-80.16125
29.36348
-3.8541937
8.021863
-137.41447
-7.929654
25.84649
-201.80571
38.01978
13.193946
21.337961
191.13327
45.147343
121.97345
-13.185646
-233.0583
-167.9721
18.724276
188.17928
-58.850613
-9.497828
-109.366585
-92.89329
-297.69382
-165.36212
166.94868
-169.29033
162.4771
-2.2206898
144.53017
-41.978516
-32.311325
17.01438
-72.37393
-15.476056
99.293686
4.55963
89.576965
113.02115
135.88297
-31.58744
35.854767
90.30061
72.066185
-218.26279
-120.55307
40.211224
253.9366
173.84007
-40.164375
-123.63195
19.579412
44.940834
29.357008
-146.08156
-9.63625
83.28973
-192.40358
61.96547
125.07051
126.62114
-10.8475895
34.9478
35.767345
60.11375
-156.38208
-58.136948
-107.421295
16.678776
-59.424103
-5.464263
-236.76901
-105.50462
196.34955
-130.9661
6.8831234
8.169182
16.934208
-115.30538
119.839676
-2.7192469
-232.67049
-32.49847
128.66742
91.062546
-104.35678
180.23198
263.52142
22.833454
39.197906
172.82942
-236.34401
71.25903
-50.296104
-195.66719
126.57104
-29.362194
71.34121
-104.540596
-189.31364
-26.98135
-55.176403
20.056623
-28.23471
-0.6234181
-25.749607
-221.3924
50.800865
-31.618986
-135.69382
-46.42684
30.621586
-147.67355
-191.65703
29.476297
-41.08516
265.0302
162.97433
192.73628
-14.411481
-65.17514
-98.63098
-105.58709
-58.66905
-68.99307
194.7897
97.51984
-201.05997
-3.489395
34.922253
-120.918175
163.36613
149.8942
-131.68669
32.53556
138.5707
25.074064
-18.26168
-8.429976
78.68305
-92.92591
188.97546
126.1081
-84.63594
-235.59648
0.57577986
-16.641066
-72.87175
213.67496
-219.41867
13.440956
70.9783
-19.294037
-35.903053
-66.92161
-59.672047
-271.8575
72.70615
-252.3069
52.62253
60.20405
-106.86096
81.82191
-11.056815
16.05383
-50.65134
14.810504
31.801485
74.314766
-81.95965
66.24499
192.13483
-8.533119
-142.84229
-3.9141808
-68.256905
-196.94211
-103.39306
-34.293266
-38.14204
112.7172
-15.178283
4.042066
11.1327915
198.00826
175.72908
-57.937923
31.221178
75.44092
59.17116
138.7985
-135.80049
34.187546
5.7945943
59.967438
-318.53772
-27.210545
126.70227
-192.92969
-230.23755
-81.96071
46.406628
-190.20682
-166.59358
-95.55693
115.73583
-28.373701
-196.42615
87.42364
245.07185
134.46547
-10.941724
103.48984
-106.59024
227.1547
-45.291325
90.80075
46.3151
244.00859
-36.566944
-85.40293
148.60866
28.626812
-57.5577
96.40516
-177.96335
91.508736
-8.464004
99.56491
15.059671
-23.14014
137.31638
-62.52791
1.1685596
32.976513
-32.22298
-15.634741
-227.27577
135.5401
-73.00368
102.26393
-78.93111
-18.663832
-93.39881
-110.963104
28.71557
11.652395
75.48255
43.423527
-31.43259
71.42861
71.772
103.84539
-107.37639
150.39253
-107.91851
-131.11041
93.6407
39.454002
47.546776
41.446636
-8.826174
-136.28566
114.70494
-249.32173
73.26167
-160.99577
-48.71298
-202.97162
-76.66431
-111.53958
-72.44286
-26.73774
-253.02379
-116.06803
-124.98512
44.834915
-23.464317
-44.627262
11.426832
64.40147
144.87758
184.72672
-43.879326
-41.534386
86.16552
95.34784
120.27752
-35.8886
-87.24261
-12.159317
-25.784529
-89.14497
208.97194
-120.844635
-26.570671
129.15765
27.430117
123.71073
-3.8367097
-103.82145
0.7842436
135.60406
38.86802
261.3172
2.6775658
152.13809
-27.349064
28.936022
5.2145624
-116.58661
74.9384
10.4151745
34.196716
-85.861595
-189.67722
-120.54885
21.968657
-12.194476
-31.858536
157.74689
31.08866
162.37231
169.23415
323.7093
-69.96639
112.76677
-114.74261
84.43192
-12.538311
-202.1884
16.579712
-35.106415
-75.89209
26.704231
-83.379265
87.176926
-69.49554
-27.247208
-220.54881
37.598175
-78.37521
-4.6722436
-82.381
120.05967
-81.54712
-81.18247
138.23248
-39.863102
-37.225723
48.283627
-58.616936
78.802185
-86.704506
-232.2996
-109.657425
-95.96463
8.852534
6.7293177
51.97521
-45.766533
84.17104
-93.78688
12.242659
-161.85628
-149.23943
58.507427
-25.422829
54.15492
105.89159
-42.975636
-94.93658
20.694115
-123.01228
-221.96252
-67.672676
180.01872
-9.107214
-51.006954
-11.209548
287.2768
-26.205936
44.96858
-30.93925
-145.86389
-146.88586
68.07201
-9.031123
-20.221737
46.723232
-87.12295
-114.98191
-58.763477
-72.66026
-200.69524
-6.0625844
-95.87236
-226.93602
-181.01454
-9.693786
16.879635
55.359203
57.40388
150.90092
-107.592445
-137.6936
12.510248
123.028725
-135.32344
25.54462
-40.85345
-5.920433
32.83899
-85.11092
148.11449
8.968118
-156.68759
10.100011
79.22552
-54.91278
-4.5708976
-132.3237
-64.12589
-19.446253
-55.66444
84.04354
-35.50042
185.04018
98.49154
135.13745
82.97159
-35.76781
63.91823
-90.535835
-97.4611
24.665844
-81.19636
90.01078
-6.19541
161.51787
147.12144
69.71814
-110.25901
37.049953
116.62362
-3.3307958
-11.262867
-102.474304
83.16956
105.29715
18.23353
55.15508
-118.24219
218.3153
-1.5439013
-0.8058537
-91.628845
-63.22221
102.22991
82.73629
-106.88929
57.522892
40.26381
79.43308
133.48651
105.30231
-56.469307
-121.7633
-63.745693
-3.896221
-11.645259
258.336
-79.81245
-125.09444
15.173719
-25.274418
-110.96654
73.04515
263.4361
-129.96017
127.67305
43.306213
80.90483
-218.12352
-191.74968
17.935228
-81.76769
219.43733
-131.33177
92.871025
-56.960865
6.3041883
-71.68969
207.02101
92.776
-114.0355
-113.20954
-125.85494
147.84044
51.037178
-32.212555
130.78455
105.54401
138.48863
42.016174
69.1219
-46.059322
64.39702
21.530296
-62.074764
-184.75911
-178.46138
-17.702772
-3.6814215
97.43452
21.391077
-242.57005
26.882027
-63.874092
72.75664
76.665695
59.16115
219.50262
-37.100006
-51.107952
-4.8321
-54.099953
1.6497883
92.33573
160.26854
2.468699
92.09343
-153.89493
149.3234
130.85312
104.26698
80.21703
1.8349406
46.939144
-21.411732
-123.531204
108.372635
161.21611
-118.54672
61.97275
-12.89081
80.55574
-57.4878
119.943306
-29.83266
-182.27914
70.147644
17.864023
64.14997
-91.131355
197.2231
188.09674
-44.02581
132.56226
75.49918
-118.59658
113.2097
-113.47566
20.920132
4.872639
12.874116
45.509953
-29.928751
205.42044
-227.34076
-89.3433
-14.932388
278.54745
43.425503
-140.68616
197.33157
-35.564674
44.998066
-3.3413794
-22.222876
-177.9067
-191.77966
-108.05714
27.936296
-184.0272
32.56211
-141.21976
-27.646542
-128.87144
108.72116
25.098112
-40.205013
73.19575
104.982544
102.141235
201.92885
-51.347843
97.2253
-151.91367
-40.284607
-49.495644
21.79554
-72.887146
7.3061986
-65.42524
-70.16021
-77.59629
-4.4348173
-23.142252
44.76021
-23.726765
-81.26523
83.446884
-14.519821
-191.23692
-87.00062
-22.425112
153.39323
-69.02607
45.207756
-161.92114
-18.359076
55.08686
-40.31049
277.95218
-111.42739
57.42398
-11.524052
-27.779886
-71.95299
24.258554
21.527641
-41.531708
-266.4854
185.94618
-20.850325
-73.980354
41.494053
-75.81592
35.335793
-143.94211
12.554539
111.00522
-31.617033
58.034756
87.29435
126.989944
120.72638
-155.77795
114.503815
115.289185
41.344917
-68.82228
116.706955
37.767883
141.42424
-29.973522
87.82942
-179.23901
21.48143
-47.453236
-199.40611
-26.605667
149.88016
66.96549
-61.270134
141.6954
-192.38855
202.85948
-73.72205
125.53906
77.22986
-78.46278
54.298824
-46.74224
21.052204
-129.19803
-27.71473
224.14722
79.22206
-62.14661
33.94744
-26.073008
59.082592
112.084595
149.363
-78.44959
82.36222
-76.537865
18.34886
54.476105
87.760124
-25.88328
-53.38443
79.89757
16.460257
239.96686
-42.876583
100.91242
-98.74511
213.37651
-17.277834
-209.56471
23.671747
-256.30048
-9.996997
-69.2305
88.23554
60.62389
-267.1681
63.092216
33.603874
-43.239246
96.60954
-284.40753
-2.9765983
-81.72802
125.52208
-33.92001
73.1895
-86.7199
121.17739
-10.236214
8.425596
-83.49632
183.31544
38.972557
161.84546
65.57207
82.010025
0.6554126
50.134087
110.23428
107.21784
65.14391
40.679836
265.999
-114.3841
-47.88067
113.054276
-47.695034
77.63068
109.24163
16.212574
-65.70817
-118.271194
50.67324
-28.228355
-162.83833
-3.869197
153.87941
-38.95505
158.0087
138.66252
20.118776
-85.29112
4.429246
-135.76901
142.85727
-149.49797
33.819584
-62.881157
195.06134
-109.466286
205.91687
-44.430145
72.41622
-48.64118
1.2371752
246.80946
18.17643
-8.515675
120.799484
13.82921
12.399473
0.16757226
-60.071693
-60.550087
-223.8725
-156.81737
-172.6569
93.87879
-91.43208
-103.33344
9.8532095
85.758484
9.903908
-75.614876
-3.9512181
117.60063
225.96468
125.0927
-295.70535
-83.18664
-60.34912
14.812477
-16.832111
177.00266
-0.29398942
2.5397205
-116.05148
59.78336
-184.16138
44.88985
-89.66005
81.51987
22.483908
-129.74106
-130.42326
59.040775
-262.43927
7.8905625
-44.819004
124.26456
-50.541847
104.22985
-85.07883
252.90866
-17.437027
-24.733398
-201.10551
64.06604
-82.20124
50.63395
-25.243643
-169.15846
-365.2269
26.136192
-125.668465
-126.60291
-5.088519
76.53172
268.87854
-122.007996
-19.745848
-34.741802
173.46864
74.336655
-153.1684
-244.19286
-37.38644
-37.364185
37.713078
1.6494253
-65.65348
-20.683825
19.342857
112.7163
111.20044
13.5976925
97.94921
27.219143
89.22331
71.20143
82.67291
23.011944
-42.97646
22.243807
235.22818
-40.216106
22.981829
-146.15059
-65.52232
179.57906
24.999765
160.86551
-40.13199
92.75686
-94.52425
0.38073593
7.6051865
-2.1473622
-17.079878
194.5856
-210.02094
160.60106
90.009735
208.3043
177.55817
76.78408
44.760307
-11.550577
-85.41022
255.09344
34.3533
104.44807
20.390251
-6.039473
1.2971916
168.36394
-63.48573
145.42139
-183.76474
99.24042
-112.16197
-80.888214
168.29205
43.07309
47.857906
22.680195
65.09006
-87.994804
-343.685
-199.16669
131.8002
4.6023736
70.98533
104.36079
-24.45539
-117.57063
-103.04086
-95.06818
87.47443
-60.17709
7.592905
-80.7034
108.23789
53.274776
-120.53982
-60.35619
118.771645
2.4720945
109.31539
-87.01153
-68.38987
-110.59729
227.90195
-7.9986954
29.059273
-158.78091
-254.55122
17.36025
97.53816
-254.53531
-352.9663
36.192802
-22.027653
261.42963
-115.00214
-44.72039
-11.765329
105.748825
25.116728
30.626057
46.37757
-42.820065
-9.71678
39.161762
20.288034
141.2793
-15.569467
-24.55965
-216.53047
-63.739494
115.388565
-240.95834
-101.3862
127.01186
40.0294
-56.49919
-84.36206
67.08022
-36.62494
66.17445
58.561333
-54.39221
-105.91097
-207.01503
-25.788687
-44.997784
15.457884
154.00458
-113.18423
184.68593
81.28746
50.75152
-24.1691
-75.458084
101.947174
-123.09446
22.257702
-27.466717
15.336101
5.651752
57.699104
-215.23404
-31.819265
67.98572
-161.21417
-250.99997
23.958746
-2.541208
70.585335
107.80606
-112.63107
-43.418655
-199.44775
-15.485969
-59.636024
-0.6597415
28.633738
-39.03561
3.5422149
-28.378162
-95.06403
-0.28125727
-47.99482
262.2034
18.280235
205.89857
-7.4597807
-60.59129
72.61078
4.491205
-38.949196
-39.393116
-92.636826
209.61084
4.1877284
-210.08696
124.53371
108.15949
-57.94934
107.47375
-12.555487
-173.4043
-50.487778
148.53665
135.36868
266.22876
-30.880323
-14.7120495
-84.32618
146.26427
17.070345
150.69867
-120.50168
28.223793
-56.321426
-39.76975
-8.187053
52.813854
66.4647
6.046711
5.9774327
107.55619
-21.210323
-192.08011
-129.2507
91.16306
-135.44955
-83.778114
53.514904
-34.717064
103.31569
-99.0319
119.174805
-117.70647
-20.392433
20.726547
-256.889
-51.316425
16.41066
142.01482
1.5066876
-48.628117
-79.64314
11.246463
-177.9063
-65.430214
140.51027
-38.96316
113.473915
39.779537
-24.642355
41.02758
-21.288553
-93.25481
164.05739
118.94402
-75.80283
39.36885
-1.6683353
77.19126
11.91597
-54.081154
-17.301
125.91853
89.87604
37.724808
141.01134
-65.11145
20.359844
-3.1777213
-70.36656
60.12132
-221.38017
45.415173
-33.439648
109.20372
-165.0035
123.43374
-10.307979
-107.11614
-51.08155
12.109991
67.46586
-172.48135
-5.6574507
-155.39355
0.19705033
-33.428593
221.81166
-154.09996
-20.043615
-170.74797
-77.866554
-159.33939
189.40793
179.6793
116.81145
140.32141
-70.735176
-96.55601
147.86395
53.199493
-25.334942
-20.595694
-44.17513
-151.30399
79.313934
55.826057
-52.859806
-198.71333
167.9843
-62.812523
-33.092285
8.495836
-47.038925
-59.833412
221.81685
229.45645
90.9128
92.015015
81.497185
157.28923
-85.87192
69.64203
-62.98059
25.739428
63.405933
80.90796
-176.83083
69.26971
-0.918193
-29.230467
-210.40837
38.73679
-88.97572
182.40936
36.27868
-83.91279
75.08377
304.57492
-101.62386
-162.57236
-48.002087
1.3601792
77.42039
0.25985232
100.03833
60.908276
103.433426
-90.60987
18.290688
-46.38632
-79.94494
105.23246
63.66736
136.7729
17.588562
96.90252
-121.785576
-203.71654
-171.52466
158.94633
-56.727116
89.45263
16.269388
105.7286
242.13744
94.98527
47.367805
73.58139
48.262444
-11.906411
139.71321
-21.230711
-43.771275
-82.33468
-131.21303
-157.44978
163.14627
44.434395
-132.83786
-22.143942
-108.40771
31.01463
1.840228
141.77185
-138.37825
192.21431
-33.94075
-96.09729
82.2872
-43.000168
155.53253
-192.68932
32.433544
115.806816
62.386856
41.726257
49.740547
27.425346
-151.29562
188.8275
183.21979
98.38412
-238.54944
45.52272
-143.20763
-78.178474
-68.084305
160.28496
-18.425343
-133.62733
11.19473
141.95445
-1.8731259
-13.065148
-39.720135
51.708145
125.88792
-19.23098
118.460014
114.78211
-56.096977
115.529625
-5.382035
-4.472666
-179.30634
66.508766
-5.842833
-91.80768
-75.333824
118.23765
-12.653775
51.125072
103.67889
-138.29579
-113.31167
12.184757
-8.431149
147.27779
-147.37329
-2.3630953
-92.701614
-70.450745
30.405346
232.96506
-96.63256
109.043236
137.81738
-46.065502
174.66179
-71.538055
85.504974
-181.8998
-137.56255
-3.9529414
-127.89127
251.15652
120.42699
168.22533
-76.58752
-39.713596
-7.168525
-128.5757
-10.684118
-111.85137
10.790287
178.01027
-274.6745
76.58736
18.458168
-6.000243
111.62309
-265.64874
41.1129
5.700562
66.66861
-0.045808315
63.231552
114.18621
4.442983
36.454403
83.29064
36.820744
-80.531456
-125.09003
37.656055
128.45918
182.83316
-192.75134
-164.26846
-38.928745
102.80995
-74.697525
-32.747993
-107.20675
176.14806
12.91342
59.145683
-251.4012
-107.95825
-120.99872
104.21016
-100.80345
1.5432116
106.48566
187.25453
-57.73675
-116.48003
-22.304832
-61.323856
81.87148
-111.2406
-67.55753
52.77474
6.500486
278.84512
135.28963
-59.912865
-16.838682
80.30435
31.643147
45.292397
-128.50555
29.454117
2.4561598
113.51473
-8.838971
90.45501
347.36923
119.30467
168.82373
-71.21866
-50.484825
-57.090824
171.75255
-9.986221
-199.43657
58.38068
-53.324924
-1.4026133
-82.24889
-66.843285
341.39996
24.247318
50.49193
75.728035
-2.0528593
122.56899
213.90343
-164.04759
-161.15108
92.14379
82.19059
72.2993
-110.745804
21.965849
47.07014
-3.334922
89.558754
-34.18945
-45.128708
142.54294
62.86059
310.02182
36.42736
67.350204
198.20587
-103.57173
13.5558815
280.5726
-82.5322
86.69694
2.1804497
111.12633
123.01188
114.594215
-52.0641
-111.16288
102.77708
43.482777
7.90776
-12.825489
-259.65256
307.14755
205.00688
-108.34113
-75.444214
-53.4127
-118.60749
36.06371
277.73004
-194.17642
47.755013
95.882454
-8.934348
-101.316124
43.91873
65.3852
63.997654
-76.46402
-78.857956
-96.55898
78.8521
-1.4125686
39.547085
-187.81398
-105.25632
-144.13345
78.414406
-15.37687
39.37293
88.74375
32.819637
46.199276
-56.3371
-104.60524
50.849445
57.08148
-271.81616
-79.21307
112.43631
2.683183
-60.18159
115.03351
77.89976
121.79438
81.08056
-83.26928
-85.05724
51.458332
-156.74275
-21.544277
-63.395885
66.26785
-178.26132
67.04409
-6.1854568
58.16569
160.0447
38.911278
-57.964046
94.986984
189.0195
-80.32383
112.84478
-100.71247
96.727486
147.07884
-20.887306
-162.78447
-9.152769
-36.90734
-144.88158
-15.588112
-163.33115
-29.31606
-208.39413
-126.614044
-81.9365
129.41591
156.99829
33.561493
-49.360233
116.820366
-93.32179
90.83635
65.5447
-61.25955
91.27317
-107.40647
295.69202
-99.47394
-57.639954
160.62811
-213.50482
236.0798
146.72482
165.38109
74.07711
115.82294
-69.502594
122.97311
-94.36282
-59.347317
-97.9063
18.837828
-42.77916
4.298638
-137.5924
-15.711929
61.035126
32.90729
-184.7161
-43.97578
53.469902
-172.6163
39.52236
-164.79712
-13.705365
-96.06347
60.955467
66.573906
129.61954
-72.7008
153.94572
-73.181625
106.006935
-89.4614
122.768486
-125.49359
147.71568
-161.05067
267.61182
102.68851
99.17512
134.37071
171.42943
0.41931504
89.3212
-75.72414
12.284314
120.02299
-149.5679
69.15554
73.72705
1.9154985
-36.299564
139.94835
198.05153
112.07515
101.63957
62.319275
148.95471
-147.74898
145.055
-11.922733
70.393196
5.355776
49.296356
-10.917083
75.39938
-80.75223
-252.2835
155.54672
64.149216
160.70547
55.648758
132.4585
15.632814
155.4356
126.07814
114.68957
-127.48606
178.2641
-67.423836
225.00575
74.97673
-173.05095
-13.4803505
36.130413
86.37754
-43.191998
-64.82002
114.637505
11.515575
126.997955
166.94965
-58.850616
-51.00759
-174.901
-180.44713
-142.20526
-137.6931
123.39864
10.530239
60.416397
-1.258251
-36.6147
57.68558
98.23728
-44.337444
-67.94906
67.27376
5.301402
-27.014368
-78.287415
-109.71669
-41.67614
-2.7843828
107.950035
-69.232574
90.64163
7.907608
39.088497
-16.729183
125.50528
-129.9378
-38.1138
-72.16665
-0.6265613
153.86029
58.13549
280.03745
167.99608
-136.80412
-15.967463
135.59084
-118.74161
-53.802933
46.0486
38.040993
129.75304
-27.523006
-39.26264
99.58717
-332.4166
-80.87114
152.14436
26.476036
39.62218
18.780088
47.98315
140.51674
-53.28634
59.367344
-52.77278
19.758656
89.01849
-86.81575
-31.268768
91.93903
41.027058
-31.81447
90.89543
4.42949
20.0565
-5.3026495
-77.66843
162.84111
-42.395573
34.644474
20.996931
-67.95273
-12.249469
204.5124
96.693436
122.544716
115.12791
-82.25018
165.24959
27.126034
59.707153
101.37705
125.535255
260.62155
148.90456
86.06267
-92.79854
-156.51729
-62.698647
112.237595
26.404324
-2.4366884
30.310474
-22.116337
96.7501
-34.058617
-136.40782
-136.1779
-167.26352
181.27107
-99.69455
-0.6014174
169.76628
87.161064
-142.52672
207.39212
-84.88885
-10.207641
-35.953133
62.084606
-37.16532
-136.41255
-118.01978
27.890087
34.91172
115.7316
-40.886074
27.190336
82.08349
-9.269608
64.93642
-116.74248
-130.65202
-2.506213
-3.8996496
-184.46442
156.65346
111.60817
44.584072
127.70719
-2.0891895
72.05373
123.81088
140.18436
-198.22128
-118.50058
-92.7571
-22.05742
-98.55935
76.68494
3.1738422
-127.78248
-112.16563
25.642735
-168.30486
92.12543
32.357807
154.36705
-47.464554
-96.62703
-1.4953531
-128.80652
58.338375
-156.17957
-13.033472
-17.773857
57.13029
-189.0527
31.176891
-13.765962
-106.5492
-109.87154
-205.10205
-37.8218
-9.131545
-22.17126
-62.95026
-122.133736
-56.605114
104.43157
-160.71149
28.586142
48.557148
-231.74088
90.30543
69.40803
45.84033
99.03717
-49.532738
24.315456
174.68204
126.14931
-330.24408
153.28706
-2.9031382
224.08273
-110.062035
-70.20023
64.90378
-226.66524
140.76622
65.8272
-42.064472
-80.211586
81.07773
121.07191
81.12204
-94.9944
129.8423
121.69551
-92.552
49.40722
23.791492
-72.85872
-82.66777
76.42232
3.9816
-5.369843
-77.45936
-27.929129
23.766268
-127.25726
-140.27077
-107.09102
-80.50335
-9.559101
-2.214961
85.855644
-157.26051
24.02815
153.4254
117.06237
-124.87498
94.3529
-29.09207
-151.09802
-60.920456
17.789429
31.318594
-3.49236
157.03543
27.295832
28.57393
184.78777
-24.192429
-100.67901
39.70658
-2.544848
-90.31925
-3.3553312
-118.05661
-22.927563
2.949072
-77.34301
163.6146
-85.96228
68.18473
-121.403656
53.87473
279.06458
119.883156
0.03923893
-104.49992
-16.194836
-185.99648
30.35526
125.83878
254.65875
-45.23023
-8.229055
42.496746
-133.0666
6.5218954
-147.53609
-66.20832
93.13958
100.87202
-39.725746
-138.90158
118.91635
-63.929024
-103.24063
195.72961
-78.190094
-113.541245
96.35435
231.92557
-52.95958
140.49858
33.947834
31.160414
-14.985784
-101.06525
-130.95688
113.07239
127.15567
141.96419
60.73126
19.361237
72.13386
-17.09265
-20.563148
-297.47513
-214.86017
85.296196
-88.01798
46.180794
-113.49733
68.8914
-76.87996
47.699875
-38.034756
-261.672
113.223465
-7.443106
-127.92733
-30.489935
97.35625
-39.415054
23.815939
51.13646
-91.666664
-42.431942
132.96626
-82.06154
-52.91461
50.843536
17.88333
71.48635
-11.032258
-189.6479
-25.640163
-212.58507
-89.6268
94.88365
69.99053
69.13575
-125.11257
-47.14356
17.522495
-88.41465
41.330673
133.97383
-97.397675
-63.60879
27.409233
-62.58069
69.092354
-41.981014
66.37377
15.713598
-146.85356
-62.24808
176.75888
-67.70765
-157.49614
-93.71675
-43.522144
50.0643
34.848442
57.262653
-174.45518
14.724477
-42.783752
63.923763
-54.3036
-48.347275
-225.39532
-162.02765
39.40569
18.235893
-92.026184
-101.326324
-69.79666
-56.948067
-22.06592
188.81271
63.352913
-49.254955
-31.724323
141.53888
73.879456
-57.263065
-61.562496
-83.23359
164.44263
-49.297634
21.906946
-127.70248
-50.0642
175.1996
-203.51193
30.892426
-117.73194
30.526157
169.61176
74.88445
-4.584002
107.55677
-69.01046
2.3843794
-2.588026
65.18257
-45.798717
-35.957195
61.028152
60.16141
-66.60171
-14.586676
-96.621185
166.91756
20.73798
123.32041
31.677927
90.757286
-60.77014
-139.26358
9.235068
-72.74873
-134.1497
151.69852
-40.364735
206.96896
-21.19123
-120.77164
9.669498
-227.30473
50.29085
-183.22821
55.358707
37.505566
6.509098
-120.17755
-17.194998
-44.152542
-107.266335
-66.95369
-95.171
-159.18517
-103.93154
1.4206523
81.69719
-57.102646
-202.31
-20.873514
-35.70107
246.22356
-81.61052
144.11462
-218.18506
121.331375
-162.73524
-109.22502
-94.998405
-17.810778
-232.79938
187.22946
-103.842255
98.390236
12.490374
122.91989
9.984974
98.11013
-271.07507
-124.63039
132.24248
-53.376156
-152.84955
75.33548
