0.35659555
0.8008098
0.7381661
0.72169185
-0.94923127
0.960162
0.58733946
0.4939862
-0.4467172
0.92982775
-0.92039114
0.7167155
0.9611609
-0.2980256
0.7260397
-0.26866305
0.5125125
0.60531884
0.10250687
0.049634613
0.56346416
-0.98403746
-0.3317153
-0.7232506
0.016262403
0.74413663
0.62399143
0.5079383
0.81045955
-0.33310404
-0.6778648
-0.2333652
0.9077083
0.2074535
0.46319127
-0.031505257
0.8378998
0.9813891
0.18442193
-0.7565171
-0.37494737
0.037841313
0.23222283
-0.8036834
0.972391
0.7373318
0.62979376
-0.34702328
0.90493774
0.36066172
0.1279093
-0.61228067
-0.778025
0.43133444
-0.6010269
-0.57699084
-0.53076845
0.33562478
-0.44039327
0.6638224
-0.3572657
0.20113783
0.30140638
-0.111820936
-0.67260385
0.6030886
0.07802433
0.35474727
-0.21749629
-0.30990964
-0.8123605
0.32479793
0.8691391
0.41940078
-0.23974505
-0.84349626
-0.16020432
-0.22173472
0.6085494
-0.6473811
0.7618106
-0.19218196
0.71797615
-0.08769522
0.99746466
-0.4198803
0.72707283
0.37546596
-0.6560866
-0.83867943
0.84465027
-0.6087612
0.14822936
0.003284691
0.37422267
0.6997653
0.33021823
0.2353574
0.788583
0.5373196
-0.34604207
0.28423142
-0.100353494
0.015029663
-0.1838157
-0.37367472
0.0062263967
-0.45424396
0.93161494
0.7433843
-0.16652794
-0.86923844
0.21546495
-0.91277754
0.48423168
-0.5063396
-0.7196836
0.18168743
-0.09856674
0.591282
-0.87919074
0.27931985
0.052107133
-0.7279685
-0.07430262
-0.8377069
-0.45950386
-0.2529612
0.05117148
-0.26992828
-0.43133703
0.54857314
-0.289936
-0.11444045
0.005657577
-0.8859637
-0.7775214
0.83383894
0.64895374
-0.70627075
-0.7984261
0.91832334
0.052989297
-0.99671775
0.93427444
0.41268864
0.8926628
0.38236606
-0.6215875
0.36697695
-0.967139
0.36581257
0.5596148
-0.76129705
0.54687977
0.6636866
-0.8804155
0.45252886
-0.54008526
0.67333823
0.6417986
0.29126772
0.44744217
-0.8506061
-0.1745135
0.9341627
0.51082903
-0.008323676
-0.57060385
0.8727472
0.47798002
0.09696147
-0.059123766
0.2281075
-0.6462845
-0.8920444
-0.92260325
0.47563618
-0.75731564
-0.9150109
-0.5512595
0.607358
0.009045837
0.93502015
-0.6621232
0.8379646
0.13039818
-0.5942459
-0.08092788
-0.15713838
0.7548308
-0.9552082
-0.64507955
-0.6282093
0.9228176
0.71685445
-0.18094279
-0.4206508
-0.25856444
-0.013908903
-0.16862133
-0.09191669
-0.23145333
-0.55761033
-0.55960673
0.97183853
0.14234765
0.167333
-0.8820437
0.7367259
0.17879002
0.58482325
0.5844121
0.14002787
-0.21340571
0.466677
0.46220034
-0.9015455
-0.4905362
-0.8654706
-0.16260934
-0.46670187
-0.83835435
0.7590107
-0.49492496
0.59706336
0.9829233
0.25397673
0.2652684
0.12281626
0.49770725
-0.027258186
0.2741104
0.21859142
-0.06415959
0.6106981
0.16764097
0.858246
0.43809
0.72525865
0.9010267
0.6655638
-0.83610654
0.86186063
0.2344001
0.93894655
-0.40010384
-0.4423717
0.45418546
0.4208817
0.40964848
-0.28898373
-0.69715405
-0.4839405
0.8706913
-0.43301496
0.14237717
0.31173494
-0.7229122
0.9841988
0.30834734
0.5285677
0.6071487
-0.1377918
0.46211937
-0.9365373
0.15335055
-0.2816
-0.42804503
0.43822807
0.5526091
0.17710723
-0.6178771
-0.40601656
0.033793304
0.8437482
0.8739966
0.0868658
-0.90305984
0.8467805
-0.118429154
-0.64516944
-0.016327761
0.17917056
0.4288105
-0.22001119
0.5944862
-0.16153197
0.5123835
0.32196054
0.031052282
0.2632991
-0.8732714
-0.6264667
0.0045673084
-0.75097543
-0.43973878
0.003675224
-0.09945121
-0.976712
0.33613726
0.12990615
0.15517077
-0.22094825
0.8446476
0.1785865
-0.9462526
-0.9905783
0.81509733
0.83856153
0.4780605
0.26363233
0.5098433
-0.21387565
0.97155887
0.6603721
-0.6250896
-0.54121387
-0.54541314
-0.8033528
0.32618183
0.92154616
0.15837932
-0.8366977
-0.5183347
0.3447607
0.39080477
-0.03938423
-0.97737134
0.8976341
0.1503222
0.049605187
0.15510583
0.40251055
0.8425804
0.54276425
-0.9661972
-0.35719088
-0.7538052
0.7722123
0.043178976
0.46287367
0.48045865
0.30969784
0.66159207
-0.13400628
-0.7617793
0.5237232
-0.11292186
0.79670256
-0.48395962
-0.29800037
-0.017844042
0.38853696
-0.8909324
-0.7076694
0.7140734
-0.56801164
0.5220475
0.16538875
-0.26715502
-0.7048914
0.65281534
-0.08255934
-0.7486263
-0.82064205
0.20099097
0.5566813
0.23035459
-0.86821616
-0.38720325
0.6440252
-0.3156045
-0.03288661
-0.18143138
-0.73161227
0.15359119
0.96721643
0.05923599
-0.8200266
0.76043046
0.65407795
-0.5522447
-0.46132404
-0.22729862
-0.9317905
-0.024743741
-0.9968109
0.649936
-0.7963596
-0.41505668
-0.65126574
-0.05670519
0.25048307
0.42704192
0.560358
0.45019618
-0.009385676
-0.78330356
0.5844139
-0.62235165
-0.4468795
-0.34568653
0.70302886
0.1005886
-0.6372458
0.33926156
0.24441741
-0.28556213
0.71649516
0.68720275
-0.95295215
0.7734773
-0.6656119
-0.73694813
0.50689733
0.96846205
0.010423128
0.9278662
0.29719537
-0.26008388
-0.690762
0.38437086
-0.37973303
0.6217582
-0.6381564
-0.2323682
-0.29654932
-0.8552858
-0.64220107
-0.93124646
0.64314574
-0.34028736
0.52042484
-0.40933684
0.71638244
0.0012696413
0.9613344
0.6236223
0.847328
0.80448276
0.35993516
-0.4699231
0.3947108
-0.19906381
0.57740456
-0.0031071058
-0.14304934
0.15906146
-0.2622979
0.7465737
-0.88527626
-0.38501987
0.21975307
0.044150542
-0.13664113
-0.628841
-0.27804947
-0.8817365
0.21802713
-0.58294785
0.53209263
0.0053612394
0.6703227
0.115286075
-0.9701794
