0.04889141
-0.3496707
-0.09731508
-0.9837396
-0.22184564
-0.62783444
0.49374962
0.13305211
0.14433278
-0.01267184
0.67304206
0.280833
-0.1399176
0.116212554
-0.2901899
0.9286786
0.8599382
-0.091198474
0.3898352
0.3970876
-0.52472216
-0.34961748
0.46851212
-0.99932414
0.38954985
-0.5188706
-0.49659014
0.103956
0.53981006
-0.009584937
0.3164074
-0.5830512
0.009741187
0.93219805
0.074242316
-0.43768063
0.6075007
-0.9551532
0.5563385
-0.17589058
0.8966152
-0.6871963
-0.20352808
0.93701744
0.13374205
0.29061535
0.838873
-0.594214
0.60131145
0.7530999
0.9387068
-0.43853107
0.72024477
0.90103024
0.3484928
0.49811906
-0.36861178
0.39609522
-0.27885973
0.19769673
0.6819325
-0.6174848
0.821344
-0.12490453
0.01573992
0.0244896
-0.29374933
0.10712313
-0.72673345
-0.49419436
-0.7140119
-0.6152899
0.4862501
0.9125234
0.26013234
0.9542852
0.17915219
-0.85527337
-0.6217544
0.60955495
0.8671546
0.6279552
-0.5740984
-0.3677891
-0.38696438
0.557836
-0.9156452
0.66754425
-0.997555
0.24220386
0.30961144
-0.19554463
0.7852116
0.22209685
0.49390054
0.6973562
0.6689135
-0.3789081
0.033764288
-0.0047036055
0.72578126
0.5937574
-0.24742992
0.72426844
-0.8053187
-0.12646003
0.82810104
0.89035827
-0.33254045
0.86889493
-0.03937187
0.12946573
-0.1615007
-0.5898361
-0.7305806
0.9777802
-0.39278835
-0.38731027
-0.63764465
-0.15639435
0.24049044
-0.78997976
0.24496417
0.6622231
0.7065032
0.34760597
0.97140783
0.13937558
-0.9063061
0.5084822
-0.94400805
-0.95689315
0.3433312
0.9816343
0.2219032
-0.12718019
0.024337562
-0.41391164
-0.68724054
-0.9951356
0.9915054
-0.32991815
-0.6442059
-0.7051221
0.8507385
-0.42022586
0.77635807
-0.0155793885
0.7306642
0.24624191
-0.10042884
0.43790868
-0.35987383
0.35046127
-0.24659199
-0.13780798
0.5288081
0.52361196
0.87603235
0.7586759
-0.5447187
-0.06132926
0.605407
-0.45905894
0.9233654
-0.28506133
-0.49409893
0.43614677
0.40945795
0.45923835
0.22194096
-0.59796184
-0.4700327
-0.5320214
0.11281428
-0.4784077
-0.020446766
-0.80555254
-0.5004243
0.39923093
0.04204233
-0.8348303
-0.5390346
-0.21723118
0.27434018
0.055499803
0.06450506
-0.8090475
-0.5968133
0.5709729
-0.3599303
0.95721716
0.8581257
-0.9942015
0.504066
-0.3716453
0.35846785
0.929668
0.058048353
0.12638989
-0.9351965
0.79872644
-0.5416041
-0.30579126
0.0504653
0.7452598
0.6560483
0.23201881
-0.24973938
0.0024405646
-0.33003786
-0.9832399
0.86107534
0.67657065
0.8822106
-0.5875857
0.42347336
0.6584313
-0.9839652
-0.37872937
0.39531085
-0.53550327
0.09203563
0.3090197
0.54041696
-0.087913744
-0.9337143
0.7618309
-0.1080013
-0.6825763
0.5655236
-0.49374953
-0.4928554
0.80752677
-0.424256
0.43736893
-0.7290236
-0.07343404
0.7171188
0.55039734
0.6023318
-0.94632554
0.3977547
0.39662662
0.3814379
0.40974167
0.6199796
0.44029877
-0.9251567
-0.5146385
-0.9583493
-0.04449968
0.031895623
-0.41851526
-0.5084801
-0.6750624
0.5178864
0.14704981
-0.39395314
-0.8427667
0.7558056
0.15847726
0.8471147
0.8724936
0.53751105
-0.33746812
0.35899708
-0.49997103
-0.9024342
-0.87124604
0.2665195
0.59362316
-0.87646073
-0.909104
0.14173743
0.7268117
0.56695336
0.9056333
-0.46163848
0.5328442
-0.82033014
0.49165404
-0.42709658
-0.02681182
0.22521913
-0.82435316
-0.24125612
0.73920447
0.4801307
-0.4818152
-0.35536835
-0.6799294
-0.18997592
0.55966294
0.67695105
-0.43575087
0.3744171
0.70855117
-0.5906599
0.8973276
-0.11435684
0.11809303
0.6634239
0.18406332
0.39477685
0.9037163
0.18742572
0.5825273
-0.26321927
-0.5467304
-0.2640381
-0.97951066
-0.6909196
-0.33491793
-0.13458876
-0.76823205
0.34762457
0.7581762
0.8931855
-0.3780307
0.5101479
-0.5303025
-0.24823576
-0.60854894
-0.6302069
0.83984333
-0.9259262
-0.7157144
0.8262564
0.0816361
0.8640996
-0.42090294
0.63493705
0.65841675
-0.19122615
-0.45166928
0.52148366
0.38348013
0.6143128
0.43142265
0.63773197
-0.9534819
-0.2904185
-0.6229496
-0.25333944
-0.4722991
0.11109208
0.5103802
-0.44550008
-0.77875376
-0.44125503
0.27427915
-0.9246174
0.3218311
0.46028757
-0.32241994
-0.0015010473
-0.7028795
0.79018706
0.1218986
-0.5743811
-0.06285468
-0.63841176
-0.6710889
0.18557534
0.16476983
-0.078876674
0.95415217
0.107527345
-0.14647579
-0.78117687
-0.36212486
-0.48292783
0.28869644
0.1928012
-0.015547648
0.78494954
0.16656002
-0.6339376
-0.65488523
-0.9672233
0.57981825
0.03990946
0.23449695
-0.772113
0.9568603
-0.79183453
-0.88983893
0.18019941
-0.89473814
0.057597093
-0.2412196
-0.85876036
-0.553895
-0.6248768
-0.53777194
0.6393299
-0.9617906
0.77852046
0.48146552
0.635982
-0.7165321
-0.09664907
0.9399576
-0.5131424
0.51932555
-0.7410993
-0.7771072
-0.015038058
-0.48137566
0.34655336
-0.037368305
-0.44800663
0.57447034
0.5177942
-0.34283313
-0.124833435
0.82579464
-0.3050052
0.28169098
-0.8966029
-0.86229587
-0.30535364
-0.25767136
0.017749352
-0.24382941
-0.19972743
-0.7640952
0.89213985
-0.07822736
-0.23572698
-0.04044975
0.64505017
-0.6550208
0.2963958
-0.5759006
0.50541466
0.048469365
-0.5026268
0.864618
-0.3577929
0.7053537
0.49902704
0.6638456
-0.69257957
-0.6516713
-0.04071184
-0.41942123
-0.66795784
-0.9895866
0.45193064
-0.94894195
-0.24163957
-0.56089824
0.81466764
0.6323341
-0.31993932
0.06946924
-0.4347437
0.42707336
0.4468969
-0.24873447
0.8996102
0.14362937
-0.66153175
0.71908045
