78.17376
-175.8304
-210.73502
-222.17474
-62.869576
633.5748
153.93039
-247.42259
102.90472
-376.84442
56.69779
5.4996843
101.402725
-521.34644
192.15034
480.69254
-63.911865
99.75863
-157.72148
-270.2091
-110.166176
-102.74782
-393.03555
-74.04899
3.21828
-45.47297
-33.287697
-42.45116
497.54456
-22.21841
-366.06967
239.90353
-178.55206
331.11847
-135.09186
48.83698
356.1022
315.6131
-66.10383
-273.77963
236.78172
117.05002
-286.72607
-51.16271
-127.02004
-47.528553
245.15596
593.2433
-428.58496
185.9407
-130.83601
-248.70193
58.70411
540.8457
49.27423
76.76654
-78.72603
208.99724
63.088936
-256.2786
-350.25778
-313.6518
164.69067
182.22217
-144.06462
31.030048
-147.60129
-183.23125
-125.30193
-115.18901
22.14604
-263.06174
-29.101658
-70.04012
-260.64545
83.674706
369.4537
-395.2094
-17.309885
-23.95281
-2.817583
-29.076277
-166.72942
-49.86567
-98.17625
-600.29517
138.22781
-349.53534
103.16974
322.81686
-672.2894
-145.35143
143.97063
135.6694
111.49981
386.35764
82.887634
274.42465
-202.77333
-102.02226
-130.18626
-138.91042
-182.91574
67.706314
-111.57059
393.63757
18.079988
-74.71848
-169.27203
42.496964
-254.7988
59.856544
47.455086
-177.3201
395.7883
-266.96704
-288.27194
182.68864
235.24414
458.61346
86.476166
-696.2176
-159.46039
275.29837
-406.87512
-139.5961
-144.7908
-193.67213
-154.0663
-109.601616
-256.97525
257.08887
21.171032
57.76737
-157.32361
-389.5269
93.175735
284.1537
543.58453
-297.5941
66.36355
109.31857
-93.24678
-91.662964
49.16663
170.51877
-194.22185
8.095449
-77.32753
-41.85193
223.60506
-38.23549
225.15593
455.69543
128.35204
115.98251
-34.18378
-37.014694
-188.76338
-557.73914
-163.32166
-223.34186
-30.888039
-109.72265
-79.54031
707.50214
178.6296
345.58652
201.83682
-512.6894
-490.9204
-202.86035
-81.224045
-251.25198
-248.8741
-445.48557
218.64908
-188.6308
-146.92653
39.6165
-44.85749
235.91208
107.413956
-120.94902
426.83817
-87.950195
70.82141
19.686058
-17.57667
-133.26414
-290.3857
320.8456
-106.10699
-158.43704
-166.83653
-178.80249
163.90381
88.658936
-36.313446
60.947895
-78.78121
-42.57999
-28.561226
275.30414
80.51287
87.51824
-603.2157
258.79892
-182.1655
181.65111
-77.83342
487.23788
82.518684
196.49579
63.976646
-38.53483
61.306644
269.9498
294.03436
32.13799
-24.045502
-301.55258
88.13914
-53.401752
307.2305
227.15367
-51.375633
80.27505
398.20663
-282.9445
-116.332
200.7805
-19.763878
-109.84631
-224.21089
-277.89304
-221.77293
-332.2851
93.05331
-90.38979
-141.54791
-136.80498
-203.5631
665.23535
-338.6054
-47.80059
-62.63828
-198.3382
174.97679
149.76222
-218.57999
-386.17838
-238.3091
-268.02054
-401.83856
-462.67047
-128.98254
168.80363
74.12129
41.607777
-371.61273
-34.864372
67.98314
-243.06093
133.25069
-232.26083
-125.589836
-470.40918
-308.18723
-1.445539
439.21432
-263.69577
-131.07819
344.66354
-573.1723
-11.162583
402.68362
-276.17798
55.113926
-419.69
168.66687
266.58325
152.46306
275.93375
178.23175
-364.17377
36.02222
-122.849785
-6.092102
268.85297
-306.2275
35.634457
133.18126
49.24056
-225.52095
166.39
-251.24097
-31.259794
47.17241
185.29768
241.35202
-310.8638
107.597404
-117.135254
278.30188
-160.59009
-428.83124
-218.51038
-23.079784
95.083565
-28.917534
220.12256
36.067062
-282.916
-202.29478
-45.24344
-84.6349
-216.54378
-444.53384
-151.45917
-115.667564
151.92026
335.26797
-374.92603
-269.23975
151.28706
40.394592
-449.58435
-473.3701
20.688084
169.13223
97.55164
212.09637
110.067635
-93.70716
-229.81279
-168.09552
-269.2553
-4.985132
-278.1807
-69.20178
12.041117
-77.89792
174.86081
203.27727
182.292
154.94597
-169.61436
317.49976
457.47516
214.53944
-348.4399
-50.712296
22.476734
221.89857
97.79742
341.76663
-125.55646
-204.62166
-232.0827
260.34314
-490.24078
-119.58999
-244.59845
178.70901
440.5405
-45.380424
84.16385
156.26016
328.99704
322.19522
166.47815
434.64297
-147.4021
-28.05478
-19.677368
-72.3586
334.8521
-149.75858
-255.70053
338.85474
113.91728
-9.61516
-21.327332
59.237843
-344.7337
-226.01831
-142.48535
-207.5216
-47.80023
-98.03147
58.37226
178.16829
-19.76406
-168.43356
-136.85043
-40.79536
-55.580917
-65.609825
-543.9617
107.36596
-83.69241
-13.988221
244.9584
-1.5944974
-219.09798
-128.04724
323.2193
-169.1861
131.92297
-168.13911
-236.75734
350.1678
-47.53199
287.02786
-27.492247
375.4913
-267.32425
288.73746
119.43314
145.45985
-260.81717
-364.03506
404.4319
-147.79904
-65.480415
-247.28825
-265.46472
-191.4499
119.36186
-112.90298
395.66226
113.47601
-174.15672
-188.71603
-328.01126
-135.0712
-73.37594
520.94604
7.6580896
223.56084
131.28923
111.61658
604.13635
130.15012
186.18636
14.414984
491.62387
-216.38799
-141.47931
-30.857315
-113.80138
456.5864
-326.7876
-178.09436
-495.34433
-19.228952
495.3886
10.188925
0.7904012
-216.73073
185.74583
-76.44413
-455.71384
-244.02728
190.56743
167.59431
-23.940971
274.3275
-221.46054
261.7548
78.56673
51.769955
61.47488
-173.12549
-293.71964
-200.53026
-15.082293
130.5838
415.493
-382.03265
93.139786
45.133118
-420.7765
-344.71588
-394.9476
57.90505
103.28879
-131.16132
165.35312
-204.72986
-264.1384
72.65129
-261.21393
37.807182
129.50302
-291.19156
397.09665
480.18732
-253.44797
43.492096
129.62796
-581.9313
208.32646
-572.73517
109.36978
-0.28220916
39.01241
395.59644
69.05795
-210.01537
-705.12573
75.72512
-0.8705268
-355.87506
23.33031
306.98093
144.72043
-428.20456
104.63823
61.822727
-122.23097
96.67233
-8.830844
-353.84558
-59.557163
161.99663
-167.79993
158.47836
220.99097
484.93033
186.41486
50.76851
106.5651
526.1905
296.08105
331.33728
-197.57951
160.62764
257.96472
265.496
-314.4966
-44.8576
135.14934
53.56
198.27399
-349.59247
289.2045
-74.96337
33.25943
-46.069817
280.87317
430.725
109.790504
-125.969696
161.88187
151.0537
11.461838
-20.046446
27.146936
109.155396
179.52551
304.8054
190.9189
273.24988
183.03574
-236.98645
166.65553
373.63962
-133.27124
-96.6519
-120.140816
-311.5283
-548.5829
102.83564
-227.42932
-224.12332
146.66956
-69.48836
74.300964
311.6705
-83.320694
753.5093
358.76096
-97.380905
143.91563
-112.47217
103.561226
19.067064
-90.66502
69.14047
-71.35276
-171.49265
-186.51378
-48.991936
-229.95189
-138.56026
-149.86392
-31.440676
-22.316961
171.50294
-257.9759
-127.50586
-380.3242
-181.2875
-88.71649
443.05618
-35.9885
-145.28818
-305.8151
167.54662
-271.9875
125.164696
2.3681176
-216.12543
-49.054222
-85.559685
137.29529
-129.56079
167.29343
-127.6396
-230.45094
271.87732
22.184633
-46.246277
-375.87952
378.05276
38.766422
54.39786
24.90306
-218.7844
-255.7082
-59.210556
-376.17056
-79.79282
-265.2206
-163.21646
127.30628
-107.67234
34.40841
267.56503
365.2999
113.48671
-73.660446
-284.05963
-251.21231
437.62222
158.37874
360.59286
-368.27258
-40.077682
-204.37877
92.85061
-81.30296
-629.67505
95.14529
-293.3835
144.9084
-566.3571
-243.47845
237.25122
154.4173
49.742283
-305.44293
129.51302
-58.41356
25.000385
157.4807
-373.70163
-159.57234
265.7625
-14.863474
330.32718
-57.389854
-111.38725
80.39927
648.8994
-177.7363
-24.560349
172.68901
-216.96356
199.24767
-126.84047
-82.23898
-98.45719
728.86035
-52.53414
-208.0577
-453.8975
-127.65377
-200.30826
72.16878
-397.23886
-27.854897
-140.53545
185.43295
-115.74769
30.952454
-157.69318
54.3082
228.29257
217.07991
-139.00461
152.15182
75.10689
-180.97551
197.50407
8.721155
-176.24529
192.24902
-107.6917
-42.318836
-63.132706
-314.52167
129.52448
-177.91077
335.5881
211.7397
-422.48065
-139.696
-250.53932
-322.1328
-536.32996
2.258635
-28.729895
613.97174
101.29317
-67.911476
-15.462752
314.45197
-320.6496
-334.6733
-684.97546
48.92732
-104.93893
-98.553505
-78.67981
180.49467
132.67024
326.63174
-85.06582
-54.828163
187.93332
-175.85521
-443.03094
139.10902
530.7672
26.702398
349.9404
243.9244
231.6161
-240.24167
-44.98715
192.93
-153.81236
-245.25656
-38.97109
247.37604
175.64124
-65.22969
505.52707
-420.52225
-118.658775
-437.52814
49.703102
126.06915
-295.1908
143.15659
-154.28615
0.10874057
315.70053
208.51385
-139.70723
106.906494
311.0419
318.53537
-498.94305
-214.13103
193.93849
35.387535
-426.4548
71.75859
125.92555
229.57031
-85.8616
-194.22879
281.5061
-312.7702
-580.4425
-206.01338
-353.4669
-255.39839
-164.75063
142.7403
31.572056
91.5947
256.53943
198.98137
-363.4946
216.9376
159.20328
-177.62917
-123.62117
-98.7949
55.872173
135.59355
-230.24683
182.11557
174.53172
-325.62888
8.0244465
142.01921
-190.93587
342.38464
36.163586
-390.8991
338.73172
-192.28516
112.33958
101.07272
-301.53772
118.97554
-83.62827
185.92621
-14.089617
-142.76303
97.63279
319.70248
99.54458
25.397861
-16.974298
-121.17797
36.373623
229.61307
-218.89442
229.96072
198.91368
-326.37497
-7.3325744
63.262135
50.688732
58.077213
-48.97229
542.3383
20.61658
33.4249
-299.01086
-106.30602
201.09021
396.0853
33.394825
47.37273
157.35287
136.5407
52.264862
25.792437
43.53826
376.85675
-172.42526
-80.21268
270.22852
-131.46773
-285.17416
-144.98172
228.97891
94.05687
428.7171
-451.99142
-430.18
-100.04658
-172.38724
-154.0343
-118.37909
-15.362068
-168.47505
402.5648
-174.76283
100.06382
230.87456
-284.36362
300.30963
-247.72626
257.50708
242.42456
-132.20969
-262.40787
-164.23941
214.47234
-9.781293
16.388985
-91.43705
-210.19026
-310.16913
-283.5595
167.50415
-349.2014
139.64258
248.0642
-398.88528
597.37976
-79.90582
-0.5630647
267.5587
-265.35495
-406.7151
452.7652
80.834465
-252.61462
-414.883
303.18695
-115.60166
-556.3099
92.51229
-55.02897
143.84161
-187.78157
-215.88881
-240.69621
59.19089
-258.9929
-122.692986
-197.16241
-105.802025
-201.2808
-238.97157
-430.3633
36.41387
303.42566
232.11217
25.151894
156.3424
-237.84378
437.5869
2.384865
-192.9481
-457.19135
246.98494
109.963165
-1.1603014
72.191414
183.30518
-106.4257
-82.96844
11.997696
-55.349247
-31.575737
-357.6074
146.82219
256.9548
-32.941555
-216.70428
432.0751
30.033295
194.40512
259.59125
-42.88188
-158.4865
-385.26096
191.96031
118.38096
-24.608011
-485.2395
56.458
232.40312
241.09616
133.8282
265.25522
134.75853
98.07732
222.23808
172.4512
262.74017
-29.917244
-152.62285
219.47458
-226.22485
-102.30004
13.0593815
14.303678
129.37329
-242.96498
106.95166
104.21556
-359.6756
422.71597
169.2346
173.1902
-54.774178
25.964518
16.876717
94.62557
275.03787
7.599681
-137.38737
-343.0089
80.34781
88.37737
-752.34045
10.863484
171.17598
-142.94887
624.5612
-55.350185
254.40445
406.3086
-159.28957
-388.87085
307.12598
26.763351
-84.93768
-80.71774
-119.2706
-256.1959
-535.0247
-413.58865
64.58511
30.429129
-188.09525
360.8224
39.930004
-232.24153
271.65482
4.155052
42.683434
280.09744
-7.899543
311.29617
-175.32498
194.18307
170.31096
383.18536
379.53052
-68.12501
-239.87688
-255.41644
-264.58554
183.53049
-587.42175
-160.14545
330.899
159.58136
-62.57128
-261.33105
616.16394
-172.24405
-62.552383
-437.57938
86.51138
23.84944
-287.37302
-692.54565
-335.7359
488.3072
-216.76643
-31.494108
345.88614
-360.0857
513.60834
470.74658
-175.98962
-104.00675
-212.06036
-198.49968
85.23739
168.85316
194.187
14.661129
405.984
1.8363636
277.87277
341.10367
-38.67442
141.52454
-91.285675
-218.91934
-217.41716
-254.74998
115.43536
-35.393097
41.07937
-53.817345
12.365369
406.9449
-103.68904
-205.8962
-17.07983
91.52072
403.47705
-335.3529
-116.522606
-381.27264
-204.32985
218.31003
167.08331
270.76068
101.99182
-193.14337
-583.2827
-313.95596
209.80641
319.26743
128.39534
-54.037052
-137.70776
162.79338
209.79716
231.89351
94.74422
312.53415
134.00214
179.15367
-315.90158
58.730022
158.23177
237.51634
-68.1639
-203.22984
-213.26788
-178.97606
-133.41989
260.42224
-276.83835
29.256659
-343.02786
-139.2851
-401.74533
83.4783
50.069862
412.8819
463.527
-22.294888
-68.87649
149.169
349.5066
-125.13601
312.5957
-115.5621
245.53542
-172.37738
313.35776
-242.67255
7.6493397
-202.1003
30.330797
-29.396555
-440.00388
-145.01654
-245.82523
271.87497
71.94547
-388.40533
61.14672
154.60304
-172.64598
-181.12517
166.13263
417.9143
278.68265
190.17844
36.03086
5.80385
-36.75846
-203.84293
-369.81378
185.26518
413.69492
343.6389
104.34392
614.0332
113.75885
26.138288
201.72874
-113.3637
177.62497
-59.86003
-104.246185
-51.02337
-144.36493
-362.67657
169.40953
-136.21405
-409.07666
343.94226
-145.93085
-32.09791
16.804302
-45.985516
-211.31206
-150.03284
38.719387
-77.20382
-170.80531
55.75043
-238.66322
302.7158
98.65169
474.60663
145.3896
217.29637
-440.91003
-17.131514
-87.43783
62.4163
222.35333
1.892899
303.18057
-259.965
62.5467
-122.21721
264.55447
115.645256
487.9908
372.39542
-7.958735
111.06355
68.510025
345.17157
180.87721
-176.74829
-101.27971
7.4569163
-84.83576
-177.52234
-389.9203
-272.8353
443.0608
120.26757
250.47778
342.39954
86.7247
411.86008
-20.928476
-28.351515
-38.558136
10.740185
-361.24927
317.4326
75.716576
49.9251
17.607307
-28.058943
-344.99356
-366.45355
-372.26782
21.857773
-116.2591
-86.65398
259.40607
-47.815456
-88.529144
-215.19331
205.36293
-116.47529
83.28604
-33.88131
-309.65945
128.03944
93.92101
-637.4509
432.52817
19.373285
478.33875
187.17104
141.24649
-49.494503
110.092804
-327.84677
-89.39592
370.06738
-286.05722
126.8947
-388.17236
234.38467
-122.328575
-263.15503
-267.77612
141.31735
275.11972
-160.03809
-350.8577
259.40564
147.05693
-485.4084
-208.60585
-40.13612
-444.1641
97.30958
293.43213
421.9269
-500.98935
169.69258
11.932618
-432.60812
-209.77463
-267.08444
1.5207695
206.41844
99.03476
-222.3106
246.29172
-428.44556
107.81334
-366.56635
-236.96149
-208.39807
-92.23986
-0.16361356
-34.367176
16.97542
77.877945
91.03207
98.35517
63.48793
509.50348
72.8228
42.30385
256.89334
-32.600864
234.5422
602.3119
-227.29707
512.7984
-148.58847
73.629486
-284.30896
154.39053
678.9112
380.17795
172.47255
328.14175
461.7272
-361.91202
44.414867
344.37274
-117.11639
-141.49173
-134.71924
170.61072
-80.4624
-587.46954
-188.18294
-270.4541
484.69415
-193.60867
-281.7963
-416.1603
223.68802
-441.42804
-160.72661
-225.23463
141.39062
-223.86284
-304.68408
80.77013
-420.40604
56.512558
11.116019
244.3908
36.586365
165.00772
192.42574
0.5748744
-86.1869
226.91039
319.08905
182.30911
-250.6138
-41.141483
232.77061
-335.37003
-253.8291
-271.26593
-154.07224
279.70767
1.9652771
448.40463
-31.2671
-157.26093
72.08425
-223.79492
-400.0545
-260.24237
-318.4818
260.2347
-19.478693
-184.06921
405.0923
-60.998528
-84.52792
146.8323
-307.09448
-533.68896
288.16858
-42.980064
-243.06313
234.72256
-375.11765
-152.52263
306.49655
293.02164
-268.0999
21.68289
575.85443
256.7675
481.35483
145.33923
-306.8179
-150.66965
-107.85196
517.61896
56.44356
-24.519762
54.546562
183.26889
172.18713
368.6075
-76.19185
285.5273
172.43094
33.934563
-74.33123
78.20917
-345.7063
23.627377
-570.6236
53.943104
108.634895
96.30752
-120.616455
-106.678276
-40.424656
284.1669
