86.587036
29.050062
-128.85709
-339.25983
-106.85411
480.83908
200.3464
-339.29477
-29.210573
-235.13641
58.218704
-21.403683
169.76949
-253.8016
254.17722
326.64755
-173.61726
-143.85513
23.910315
-192.90033
154.56393
-31.77686
27.812603
97.18778
52.948936
11.1134405
-147.16438
-16.805925
331.1297
19.87624
-127.112495
302.0881
-91.95529
380.9601
36.263294
160.75966
109.88583
18.008928
-22.863537
-539.58496
88.90723
27.135143
-87.58694
16.741505
-203.36064
-181.37488
234.73428
569.67664
-355.09824
35.678547
-89.81675
-56.82227
60.484375
387.3575
-69.80518
44.801647
-182.41096
40.995216
-140.51643
-298.3304
-302.81647
-370.40436
373.37665
31.74118
-67.60274
89.157455
-64.88702
-84.944885
-169.95515
-134.32301
-142.85054
-301.84915
-169.32925
-110.02609
-205.99535
-103.47878
89.51088
-364.30835
104.00125
102.80187
263.42032
-22.54172
268.50717
-115.782074
-43.692852
-438.36917
189.15773
-238.8764
76.73298
205.03119
-332.97223
-127.94243
271.8144
120.5226
151.20982
247.30614
89.558105
193.97899
-64.34939
41.363827
-301.67087
-93.23866
75.089905
52.81083
-52.67781
303.12265
162.63155
91.158325
-73.73259
318.66006
-97.10538
114.93601
-145.40356
-131.7699
409.34073
-213.97931
-159.92174
-50.634663
159.59506
296.8332
6.0637875
-536.32355
-112.19336
427.81702
-190.70088
-110.815605
-149.00984
9.5499
-165.98035
22.837616
-381.7379
150.07458
-75.56668
62.3177
-237.89954
-385.50375
-2.4943209
278.0435
397.05786
-51.002087
-146.54277
-74.58583
-47.84932
2.9440486
-63.7346
-31.508648
-268.3046
1.5458143
305.02823
45.33174
204.72571
245.29898
288.06757
135.93935
5.204153
133.84218
51.991673
-84.33393
-392.5787
-559.0352
-14.2794
-94.848
16.573528
-134.69748
-74.61349
335.8136
351.3439
331.65414
186.39453
-340.6707
-283.0866
-204.21184
79.254944
-30.835798
-196.03462
-181.45323
100.8438
-260.68826
-81.38463
65.112495
96.130516
163.16074
-85.31963
64.09052
-14.299487
-37.80592
-160.26215
110.525566
143.76193
-43.093887
-146.8234
231.11026
-38.263603
-143.9166
-66.07457
-77.973755
28.59743
134.25346
-161.39967
56.51615
58.088272
29.725557
-111.88273
341.11197
101.96751
187.67969
-504.99277
65.07984
-18.80871
126.79281
16.141724
294.0204
-9.939185
259.95227
60.487923
35.80087
192.33534
-18.835794
295.14236
-72.24354
46.708866
-249.54726
13.048883
-200.53862
341.1626
-146.20995
-0.076936245
68.01011
387.29456
-308.72723
115.08765
138.49481
117.447495
-51.038353
-400.46695
-115.124504
-339.7428
-85.886284
164.67975
-194.67473
-196.88152
-38.19705
-177.57909
430.59912
-186.18411
208.30426
46.993282
-179.14474
364.15482
316.51752
122.39804
-283.97446
-262.3929
-55.6186
-247.49283
-308.3732
-182.56058
-42.826725
45.53638
256.56815
-444.80554
-203.56972
212.51683
-229.12607
127.45438
-173.7793
-69.535484
-406.79828
-206.67343
-14.957473
62.449444
-124.494316
-89.49051
279.81744
-471.20334
-59.230167
135.75204
-92.37754
-4.3162622
-196.27426
317.91995
87.55165
-106.882286
95.7305
194.42581
-234.12001
-101.86118
83.785866
9.416055
226.31624
-294.29276
-23.790455
57.69655
132.2951
-58.46967
47.581657
-314.5153
39.92959
60.947865
-47.12795
13.443663
-342.2725
64.30481
-117.58297
166.72778
83.87691
-343.65524
-195.7414
110.118576
169.11163
138.49243
213.20358
-126.96123
15.767216
-69.30815
89.54923
-34.554806
-52.369747
-294.64075
16.609667
-160.70276
3.5237734
325.20483
-202.82263
-308.2921
11.990059
96.125336
-423.59485
-150.96626
50.25294
254.82924
233.55174
64.13578
-47.169968
-77.66585
-132.96873
-69.68678
10.989436
-61.78906
-61.741245
-169.78201
-12.331169
71.76486
238.57785
230.0824
125.660385
77.68823
-81.016426
249.69014
182.51666
169.76755
-169.90517
-66.784355
-391.8872
-189.45903
137.51245
364.29086
58.682766
-172.74677
-329.0907
313.94012
-219.9448
-65.17323
-558.68945
-9.897505
404.72287
18.314816
92.50609
-6.3642387
148.29886
85.74352
122.61319
257.27777
-138.06476
20.48661
-78.16231
132.35689
352.6775
79.46811
-121.66744
114.30356
47.677345
-42.968372
-288.66574
-158.21552
-122.47772
-125.18667
-21.941046
-167.59703
57.752583
-25.74808
58.52574
224.94565
83.77844
-135.483
61.765965
174.55794
3.938161
-37.579674
-354.62567
78.015114
-149.62694
-121.65272
188.30707
57.731876
-159.07973
13.343938
383.53308
-68.74754
39.635593
-90.03416
34.97004
337.50592
-129.55658
247.62936
-252.55023
415.31314
-491.82245
169.07405
31.723083
33.044052
-172.1081
-349.1914
324.15005
-54.40946
-77.290855
-163.25505
-129.77112
-125.106964
168.82506
-167.32057
538.8166
-85.66772
-87.18314
-428.20975
-185.34364
-197.65678
174.36998
259.45493
195.01491
124.78201
202.12451
-36.96468
429.6235
154.17224
194.56798
87.7836
118.78588
-92.43543
-68.336
-80.65945
-283.01813
328.16342
-327.3651
-258.7282
-478.44638
35.89803
491.85416
-162.30647
199.64864
-241.95671
117.30423
-7.379671
-286.8907
-224.47705
123.08508
191.31287
-110.29678
-71.29125
-114.34953
225.27562
-41.96515
312.95874
41.29603
-266.43085
-280.56348
-125.52184
-108.296165
132.8687
205.1587
-415.18655
57.571392
-133.80568
-98.950806
-340.3523
-368.898
-183.81773
26.692362
-64.71638
89.199326
-190.43823
-240.70447
135.54008
-209.20157
-107.10779
298.969
-179.08633
244.82431
196.53621
-184.17738
22.541208
96.76886
-255.83446
91.74606
-257.94614
-169.16672
174.03836
-15.800383
324.95657
167.37614
-123.6881
-350.90842
60.057873
-66.703064
-312.1455
-206.3619
134.55934
158.60297
-280.53458
55.39992
61.620323
-12.677346
87.47185
25.855478
-218.24872
-124.25025
134.95338
-248.86278
162.88045
69.0515
171.05182
41.621197
116.74237
-83.10987
75.32573
177.03049
234.88126
-116.622025
225.63367
190.35394
173.17865
-54.17711
-111.041595
105.016685
-76.975174
-75.08916
-448.82306
231.01924
28.780981
135.38148
-41.459076
90.19089
322.85654
15.443683
35.290855
235.83826
54.8935
40.354942
53.90059
-56.721237
91.057236
124.3937
270.11832
2.3302128
278.2861
147.37106
-61.14313
174.59091
245.91583
-104.02015
-271.0525
-10.699691
-258.39645
-141.19565
90.97535
-185.45401
-293.74066
404.17877
83.79448
-57.35576
222.61673
25.854225
630.76733
97.25905
33.378704
-48.754032
173.42252
133.11858
52.30114
-111.92893
114.097694
-221.2746
-40.060097
-107.22043
-25.328808
-134.48265
82.04243
1.1422168
21.727823
-228.12814
125.26755
-477.71902
-113.02686
-49.629456
-64.73387
124.02284
384.22708
6.8279905
-127.88487
-335.92688
67.702896
-103.33057
-9.568135
128.04248
-54.780254
-75.67857
24.862722
342.66754
64.60553
-168.25298
-201.89056
-235.38603
200.0835
280.60226
-115.60691
-313.21344
182.73706
22.227612
-267.0536
-88.735565
-276.83676
-144.77307
-84.31934
-228.23979
-156.65749
-237.77753
-83.798065
11.034784
106.120026
116.34125
208.54117
491.90756
29.661703
-108.624695
-133.82394
-78.17191
532.22003
202.43642
11.236046
-357.44113
-150.3648
104.97066
90.89647
-40.554615
-404.20834
-108.513725
-304.1879
-138.76974
-463.2622
-293.02597
254.77948
140.78024
189.23318
-259.32236
209.0325
-47.972347
45.872665
209.65758
-323.5559
-72.06774
28.323574
-38.484493
-55.439835
-16.638577
-83.15178
248.4204
339.14557
-322.93555
153.35078
-164.31317
-276.53018
160.09511
-227.10895
175.17973
-155.16563
614.85284
29.978045
-111.548615
-540.3878
-44.33782
-261.65942
225.8477
-417.34598
-76.21329
-0.5536332
19.444431
46.24543
96.95359
-199.97644
-30.982014
429.46524
61.497578
-31.942505
-5.9379444
10.599115
-256.60165
66.42047
-39.34672
4.5930843
66.393875
38.379555
71.20676
-100.88818
-326.42816
218.30254
-55.90212
281.19025
75.613914
-358.96274
-106.73811
-307.95224
-263.59454
-321.93463
-9.564407
16.176031
562.8621
-53.50938
9.524706
-70.95996
258.08487
-240.9081
-440.97635
-526.8312
-98.69701
-130.21878
33.7764
-72.292404
-33.796783
74.46499
161.67235
106.883484
18.38882
104.64135
98.248535
-72.85932
154.1436
384.34274
-53.060238
124.12894
87.38131
77.4163
-226.84955
16.540028
67.44753
-212.61252
-364.7569
-64.37972
73.90377
120.14685
-270.77783
258.75113
-411.46475
-88.97646
-274.89587
108.72605
325.17062
-95.82543
150.99176
-208.65865
47.188286
215.29259
222.47734
-52.526627
-193.04787
395.9688
299.16263
-296.04822
-261.22226
238.41183
-121.46699
-397.90433
113.95745
31.576424
-84.40274
7.72859
-194.21141
277.23737
-491.31625
-324.55084
-173.48138
-214.79932
-242.48863
-18.82358
-212.23428
117.00121
32.886845
153.10645
179.58382
-179.72081
191.53633
127.4822
-156.27664
-117.81814
-11.265413
36.83329
-2.5110395
-342.952
306.92487
169.25346
-209.69492
-192.06493
125.449684
-313.1519
22.836409
98.05771
-210.1431
258.19443
-232.83752
-45.71102
-107.742
-181.38521
65.59352
-67.08829
168.09769
146.65274
49.195305
38.175987
352.7297
-3.032124
-69.6705
-34.172657
-20.648165
120.089066
-81.011826
-105.24772
-55.953995
-84.20118
-175.56743
40.15527
-155.83047
-34.04572
-62.34591
104.19083
394.58426
84.749886
205.9816
-90.826454
83.17607
137.04651
226.32828
238.98657
-49.971127
89.67618
216.81938
-31.128267
31.122684
-10.537573
457.70514
-119.926636
88.90338
117.23054
28.14137
-320.90833
-357.75726
98.26579
87.08415
374.61588
-148.25204
-179.06169
-23.15504
-86.82297
-74.86393
58.238533
-176.53596
-172.97285
240.622
-363.23102
-164.37294
320.72922
-292.16843
134.01692
-41.095993
28.423433
208.00885
-159.33577
-154.79724
-72.59219
117.39208
-101.24777
-219.20093
-11.443048
-149.69337
-156.78545
-355.10934
-217.59125
-418.75687
-134.47014
329.77908
-327.3272
329.82968
-12.883727
-49.26732
265.07407
-149.50124
-309.68225
1.39231
134.01364
-132.19527
-128.81247
111.901764
-194.5694
-357.0776
167.73026
125.62121
-94.950485
-198.38692
-64.57112
150.21771
80.922745
-420.56363
-155.16304
81.31512
-175.40295
-164.7336
-33.261555
-230.7846
270.8802
111.832375
27.799322
70.154816
118.55304
-125.44455
340.41162
59.29594
178.37456
-227.277
73.13137
-51.14795
16.58859
-75.3022
121.087555
2.581528
-173.48827
-60.612694
-16.491697
-345.26364
-290.37228
207.50073
362.5614
52.75019
-11.954998
222.99042
112.244514
138.25499
-153.71599
-131.31578
-201.85075
-322.61215
246.38614
-25.279713
-73.460976
-307.01862
191.64565
260.2421
186.41354
-17.768003
145.854
131.97705
-24.995852
-163.22203
179.66896
0.0628165
100.135216
-88.23761
115.02046
-58.56705
225.79167
-19.684216
34.83222
-0.6697918
-150.48846
-160.62796
248.02603
-281.24548
466.4583
69.257126
245.76811
189.29633
18.8953
209.65868
253.32553
253.0385
-94.13515
87.39834
-33.999645
-12.333357
-35.249287
-524.936
-31.342436
203.87704
-14.727126
465.14435
1.2321559
215.75154
375.4698
12.7249565
-280.74692
300.81622
124.85824
-61.952
146.1858
-131.28082
-114.75275
-347.39212
-230.6274
93.49952
37.403362
-269.06555
147.14406
79.39099
-169.65681
220.89627
-47.7171
1.8438923
171.78592
79.97594
291.5733
-163.02388
-11.568872
139.83006
234.20589
350.9624
-187.41934
-248.89226
-167.17789
-9.05001
354.33136
-350.5212
18.261335
184.56323
-70.56992
-87.73834
26.228785
564.07806
-20.856028
-92.43327
-558.2823
-4.3863316
-125.307594
-237.12639
-472.643
-58.021606
222.227
-101.05029
-41.752583
180.52222
-374.8512
203.4555
328.58313
-62.1498
-25.992023
-55.16738
-254.77547
249.18993
134.02364
259.3125
-18.60679
290.74844
53.187523
-68.92657
313.87216
-4.307551
109.482704
-177.91595
64.91986
-115.878395
-205.96704
137.7323
96.57547
46.384346
-21.5092
-121.18222
399.36496
-42.527195
-44.127796
79.587524
133.27354
231.7364
-287.00186
-8.507078
-261.48694
-258.60587
26.42919
-29.659752
-43.908375
45.10068
-205.85587
-443.8823
-461.1695
27.661518
42.967827
56.36728
37.03196
-60.822025
57.54693
31.156507
258.8961
161.66353
135.26207
9.188016
209.01868
-170.98624
222.3527
-85.47
117.56048
-26.40186
19.423729
85.90328
28.760948
-84.451805
124.77509
-170.49763
-46.665134
-130.36778
-186.13512
-535.70636
29.79056
260.31418
277.74316
319.69067
-74.360245
-65.7664
223.3916
307.04916
-90.84184
184.25244
-183.70988
322.19952
-49.40548
-11.65266
-13.445978
148.86249
-233.9663
-14.107189
-5.8127728
-174.37163
-65.53151
-66.87705
286.23553
29.775759
-230.00194
-23.158274
255.91641
-140.08458
-421.4427
278.5323
451.92804
107.8785
184.49062
-214.43646
-242.22002
-50.350998
-148.32394
-228.15086
93.364845
288.403
388.1241
-116.756294
357.357
239.50597
181.88104
79.528366
24.483242
311.3941
-45.48789
-264.40802
-117.95781
-235.99664
-274.99033
40.3923
-103.700165
-349.56845
215.53741
-146.69585
-65.041626
73.006516
-110.024635
-81.83866
39.091164
22.649683
14.562565
-189.26268
-251.11943
-226.0462
278.2635
109.385796
227.087
276.16888
365.71072
-276.61124
-150.89133
-212.20143
282.41544
120.386185
25.10967
168.40765
-65.1515
-64.012215
-104.98879
140.55911
14.509516
490.00104
70.69761
-19.283947
187.17116
142.17451
239.55666
118.28428
16.286633
-187.21568
78.77249
-178.1728
-1.8728981
-166.91728
-135.92157
167.16443
27.48499
97.429184
288.61462
111.11222
386.04047
70.247536
-84.20681
82.27673
284.81998
-121.89116
210.21947
133.77861
151.11972
161.51576
243.56544
-99.64147
76.06045
-154.9041
-162.10606
-4.6853294
54.773746
370.87222
42.554173
-38.98008
-32.899536
101.23496
55.75135
-35.77764
-95.64204
-178.85684
131.73637
69.78415
-570.63666
282.28638
77.95063
451.73334
-13.409261
275.4349
133.76523
99.5112
-231.13132
-115.067184
317.94662
-211.12668
-19.493053
-118.5643
168.14738
6.708981
-156.13304
-259.4509
-51.67229
245.22203
-7.417627
-214.93315
127.82603
3.3523
-270.65875
-67.421844
28.030628
-381.98224
207.50801
90.9258
472.92798
-222.76347
76.82259
91.20648
-342.32294
-175.24446
-366.19565
25.581127
368.87756
18.977472
-132.81506
300.2738
-38.344578
52.27041
-343.32764
-167.75537
-114.77133
-117.105835
-268.63477
18.130693
41.246696
127.44705
37.763687
239.60953
26.658054
308.99026
44.12025
159.36122
264.42795
-44.01421
188.99007
472.50693
-263.04538
434.4388
-115.76711
69.33247
-320.78235
192.51486
524.4851
294.70734
171.46654
253.55302
444.83768
-312.60266
-83.20128
292.0033
-172.19096
-107.547195
-47.876694
25.945034
21.709768
-642.1656
23.326534
-63.022358
285.12497
-8.671475
-176.76196
-171.52153
335.19254
-135.07901
-94.051765
-215.45161
288.3176
-412.19467
-220.16681
-50.33712
-137.4911
-73.49409
-114.51493
126.06383
-8.761288
103.985146
154.27231
193.4044
-54.00081
208.36227
358.84027
148.71793
18.117823
117.74258
197.05742
-264.57416
-329.232
-106.92585
-255.6796
121.12679
-32.410515
413.03656
3.8047414
-209.83713
-34.080994
-204.8993
-173.20828
-156.25804
-230.81554
111.82371
-43.742264
-109.0565
400.27072
216.5215
-266.77652
95.181076
-200.00475
-428.31384
156.36041
-207.48735
-117.503456
169.46599
-177.5318
-26.65485
265.05807
110.2524
-7.840842
-76.73266
317.44507
115.148544
493.8613
78.964516
-102.35905
-373.2476
25.365103
502.62402
168.22748
166.82188
92.726555
232.14456
97.74324
213.79385
118.731705
-30.600933
34.1019
-35.613743
38.586983
-30.567642
-188.96169
42.646336
-454.8769
45.67251
103.06274
-61.49262
93.115295
-189.16888
-15.557116
127.68136
