51.899174
-258.25302
-227.35933
-161.84177
-43.87493
598.68634
272.66284
-244.87787
65.82509
-459.77185
88.25577
36.71766
45.531372
-415.95584
197.54091
444.4536
-62.515984
135.15358
-189.63205
-295.13303
-153.60892
73.17708
-244.87779
-3.6351929
7.478533
-18.671509
-106.74208
69.70055
541.8485
55.627872
-343.26205
283.90112
-155.15022
442.47058
-62.244995
-35.92253
221.70892
308.89978
-54.2287
-248.59605
96.93408
222.40063
-198.22893
-112.040924
-169.49944
-83.11914
252.18645
539.00806
-257.65988
132.98154
-2.506859
-184.81937
64.72345
545.8763
57.111347
107.646675
17.67803
173.02505
-13.553743
-295.14478
-340.0041
-341.34747
105.62989
129.21509
-122.56774
-44.928753
-136.24045
-163.47299
-143.59326
-108.16301
-78.74594
-329.23264
-24.282284
-134.6877
-262.12445
62.833134
348.81207
-326.2384
-83.991234
-7.7028284
-20.204502
-10.588709
-110.94302
-57.024277
-44.405926
-538.4699
127.6956
-309.6232
213.4315
280.04028
-613.3827
-165.77678
319.45084
169.77997
186.19736
252.24509
75.74211
269.06674
-180.94798
-45.61995
-78.44582
-86.65323
-194.32245
74.88866
-81.36676
351.0218
81.312454
69.77024
-187.26402
93.29741
-195.28267
24.0973
27.683474
-158.25574
371.63586
-273.97702
-297.83508
114.00913
168.28574
392.20187
87.537735
-720.2247
-139.70602
338.32315
-334.97684
-157.21265
-21.857937
-167.32869
-119.83151
-120.02909
-312.16327
189.58224
-42.109745
1.6800355
-205.4618
-292.08682
53.29667
323.826
578.62445
-250.16263
35.0731
51.075253
-38.44843
-154.19208
57.32957
155.478
-201.05508
97.96674
57.24364
-65.94068
248.43915
-61.25973
174.73216
506.78052
122.59094
119.042625
-13.393374
32.169445
-279.6592
-650.16876
-141.50546
-275.5459
20.810278
-40.169243
-44.384594
666.82916
249.83563
445.13715
192.06136
-487.2121
-481.3161
-155.20526
38.1814
-166.65404
-268.2457
-390.47354
177.557
-260.2999
-161.511
16.061357
-56.24833
207.02438
120.09382
-106.7453
274.3971
-155.49925
170.26653
26.690968
7.9259977
-104.329216
-358.83255
284.0955
-84.62208
-108.931946
-109.75995
-136.79047
39.380592
61.769325
-1.1936691
9.778733
-28.229872
-6.9354577
-75.51161
321.34277
-58.391674
20.470734
-685.48425
202.05287
-228.51625
99.311325
12.38052
478.78702
151.7166
285.01013
100.961655
-108.08668
87.03126
181.97401
343.67447
9.119594
-95.87525
-329.83777
41.591343
-22.720558
309.7964
191.55054
-55.658073
132.58878
328.6865
-238.08994
23.634157
175.08301
101.258194
-159.60818
-256.6546
-240.67345
-189.95375
-307.31607
79.303986
-178.05951
-74.6982
-77.68157
-151.12482
681.71857
-371.26917
-46.779736
-42.826225
-177.43042
192.34856
239.45998
-218.77318
-392.13226
-286.9316
-175.81339
-317.84888
-483.8929
-156.52026
160.44252
-17.025953
89.074135
-336.2144
-98.20753
36.192654
-347.07996
172.30109
-63.003834
-80.8173
-420.59155
-303.8319
5.859236
356.96588
-259.34167
-56.01353
324.29584
-513.45935
-51.099678
438.9702
-227.84637
60.60046
-389.9383
187.46628
259.2787
128.56485
268.4621
220.99461
-403.94803
78.89196
-68.31459
-39.80734
239.90382
-256.39413
51.71677
252.05228
54.275997
-152.16544
168.40628
-250.22537
51.481384
69.209724
165.2243
169.34106
-324.0508
142.13918
-92.6066
213.63823
-168.42912
-493.32666
-288.6521
-36.6447
211.70212
51.6389
233.16609
9.292753
-261.7516
-251.80101
14.124268
-6.321443
-217.26509
-392.0215
-228.2713
-105.35047
171.78658
333.05823
-432.14337
-314.84366
87.269066
70.75078
-518.6238
-404.59048
2.2990358
90.02747
138.43991
162.15036
63.517975
-171.218
-215.37222
-91.584366
-184.36078
-123.73174
-260.94
-135.93468
72.15075
-14.2406645
183.3186
202.36926
178.64246
175.23038
-182.39539
191.25204
318.35327
208.38046
-315.36896
-24.519062
-60.71892
229.38664
44.44821
397.72235
-82.1437
-229.306
-227.34674
318.90134
-432.5662
-90.0028
-195.23755
151.82396
411.75238
12.793314
127.21365
36.57283
336.83377
279.93353
150.63243
511.5204
-129.75613
2.7749317
-10.0297575
18.672796
352.95984
-177.42018
-219.93161
307.74496
241.17914
-125.292534
-52.857098
53.845894
-271.79034
-62.033794
-119.896194
-201.01628
-176.30518
-28.675898
-59.193348
174.87857
-17.619858
-118.29672
-188.03307
64.18115
20.206991
-92.38028
-664.1738
134.45198
-84.34273
-150.69981
286.78586
70.09658
-245.70459
-118.95387
338.58224
-119.410065
77.26266
-137.99147
-194.18289
299.91495
-83.1685
359.5457
-154.64087
299.26013
-326.32523
203.54779
37.03792
150.39798
-268.91803
-371.18567
342.30518
-188.40193
-55.254055
-239.87947
-330.33594
-162.7093
77.30049
-7.0428276
443.1188
-16.834665
-123.45283
-256.19727
-259.74973
-95.90067
-5.9800253
481.0457
71.58922
273.77872
246.97481
102.98733
607.9274
202.33527
232.95914
-19.291058
448.49753
-161.06691
-135.23694
-168.84604
-124.12266
396.44708
-359.51385
-260.6736
-448.93198
-23.218151
445.55347
-155.34644
-70.6178
-344.03665
124.20902
50.601685
-377.6099
-265.05643
62.503727
191.06482
-12.952599
121.9895
-118.329544
256.4319
110.30997
85.67128
29.313166
-223.49733
-230.81491
-225.29553
-5.4034424
181.65163
415.26624
-455.44733
32.695957
131.20473
-397.82434
-349.23694
-428.85706
103.7904
-6.7312517
-128.59764
224.04001
-177.22705
-332.52432
82.10064
-186.43591
68.94673
151.94778
-244.85185
349.4893
341.8967
-260.84015
-14.769839
41.138756
-532.0853
184.30588
-519.03687
-36.729534
85.00489
161.81589
345.01334
112.09212
-162.95377
-631.6068
103.73822
-123.15713
-272.28238
-81.06752
227.21431
250.85721
-433.86893
30.236475
37.34088
-162.9938
172.90942
-38.934826
-398.53506
-93.38465
99.79457
-145.8511
209.6774
219.53822
424.88443
61.710358
21.243393
135.82153
405.17563
203.38806
274.2333
-159.06888
215.47313
270.15863
284.85556
-257.1982
-44.76458
86.80631
100.99077
89.04122
-364.00146
266.67676
-98.06641
222.26437
-10.597951
283.78485
391.29828
75.19672
-146.90407
200.71298
186.30072
31.406109
-17.29668
68.49892
14.032253
216.22374
398.3077
118.561615
211.2776
182.42175
-151.79167
223.45157
421.4557
-124.35585
-130.84334
-122.80422
-251.70538
-420.7221
113.94744
-197.60687
-222.04602
182.8457
-19.937658
76.13716
303.4312
-28.746164
669.3923
207.8427
-58.040462
169.79869
15.347594
57.871002
5.9963975
-76.301445
65.74607
-87.76356
-160.70844
-176.69623
14.788029
-283.17404
-182.54918
-135.20811
14.468786
-132.6736
172.92345
-281.3869
-104.466156
-254.60378
-207.86104
-72.86459
359.7385
-54.720634
-171.5242
-328.72192
107.18038
-289.41232
120.6144
72.21871
-106.35891
-21.428656
-132.78731
203.68651
-51.096405
99.5157
-193.48338
-181.64474
302.03116
144.08217
-35.06321
-354.99814
274.70615
50.488903
29.80219
43.983128
-294.29675
-285.26822
-64.50166
-218.32451
-55.05451
-185.97417
-138.17935
101.41307
-76.9689
-1.282641
236.41624
384.2865
45.742523
-40.03378
-183.1536
-222.55365
460.31226
207.95197
362.43372
-410.21964
-27.320808
-137.22888
16.208536
-100.50362
-536.67566
103.71123
-381.51175
203.29095
-534.3768
-278.325
319.22336
99.89954
184.58237
-236.1335
152.0606
-110.00833
83.02007
171.80078
-360.43686
-155.0763
220.64314
38.97415
326.07965
-44.807384
-160.84108
89.25309
604.5364
-203.01224
1.2973961
107.60169
-246.53519
197.3685
-106.88745
-109.97558
-63.4489
682.6515
-19.566916
-255.35382
-475.72766
-56.026516
-121.60965
39.670708
-459.941
-178.50475
-145.70296
162.47523
-64.286766
93.39903
-154.68604
10.73242
370.8807
117.021164
-123.72641
96.19806
50.853485
-274.58746
205.70192
64.97411
-140.86723
178.43094
-172.14072
-42.293034
-112.69428
-325.48993
154.81818
-179.85545
254.79465
141.38536
-408.07013
-75.69377
-212.92456
-288.56894
-520.37616
-66.45023
-2.1446648
600.1773
64.57551
-135.32442
-0.879678
233.83887
-251.07823
-324.9852
-652.6918
111.2154
-66.95275
-130.04405
-222.54816
124.45569
110.40998
340.03204
-47.212803
-18.988192
194.21964
-153.67421
-421.5886
164.18335
468.04535
12.982761
343.56406
120.4715
213.2267
-187.42735
-73.121994
57.237854
-108.44539
-287.74493
-42.70582
241.38423
164.03807
-29.324755
362.41275
-446.3077
-197.743
-370.0623
59.86037
274.88638
-246.60907
286.43454
-193.92677
-47.811615
335.9598
196.78056
-51.55853
28.537653
256.36246
358.56534
-503.93628
-203.57184
159.43916
-40.70435
-373.52347
51.221813
192.16035
206.76001
-114.1726
-187.01553
163.79976
-347.70386
-561.2944
-234.44736
-348.56366
-218.96324
-88.70525
179.4406
-2.6678288
92.12469
166.63583
272.98148
-391.28046
226.7139
66.11637
-221.8483
-44.526184
6.233429
74.377426
95.35054
-201.3594
216.32196
181.0347
-350.10773
-33.90793
85.151146
-273.60538
318.80804
172.45616
-325.8894
359.53287
-172.55933
116.924866
59.389545
-213.93808
115.01355
-120.34058
231.67168
-52.84934
-189.67967
172.36835
315.11032
95.8151
-35.29029
-49.58568
-270.50653
162.3031
165.26756
-153.4774
144.22057
160.49947
-185.60023
-73.56075
-19.154282
26.134983
-79.33626
31.498182
497.7235
29.36976
126.77258
-293.15842
-95.4215
161.3635
418.2078
-39.2942
-16.988068
182.33295
234.23555
133.20894
73.86534
87.703804
377.8691
-232.71257
-28.574371
252.0134
-60.773563
-288.15082
-182.74716
163.54631
110.99267
396.4824
-347.8951
-447.8045
-147.8594
-277.23206
-96.64292
-129.18909
-63.58011
-264.0193
364.37076
-285.03928
22.226353
213.23215
-262.9811
181.855
-196.27206
321.9475
311.28708
-178.57167
-142.28088
-98.67372
288.24576
-36.181427
-23.079782
-9.751726
-321.04047
-366.0115
-234.60953
116.400635
-341.4777
-18.550453
238.1845
-313.68494
570.4019
-93.00159
53.344154
247.27124
-174.74962
-392.32825
356.828
18.111917
-194.25383
-257.1703
275.82944
-99.755165
-475.3005
99.99022
-2.1840253
122.69369
-233.28041
-126.66167
-246.53894
-18.75971
-282.81058
-174.26233
-110.10257
-103.44518
-164.76816
-166.2028
-397.82895
88.395775
293.14172
250.1898
25.656183
148.72359
-220.4206
336.6616
15.48158
-85.36102
-298.67554
235.79413
85.76675
-27.952309
-12.18577
208.89146
-159.08263
-180.26204
-18.935715
-54.560993
-11.189475
-345.2623
147.82845
226.61525
-31.04657
-207.37157
302.35767
9.936904
211.33429
147.58244
-28.614878
-150.21095
-318.87546
154.81322
29.120356
2.4667969
-432.43665
78.43758
216.61751
230.62993
68.373764
155.43727
101.80058
143.61206
168.49413
185.31715
298.43622
-12.38636
-114.46479
177.35782
-261.91263
-154.51038
17.959293
122.82891
67.61733
-272.6603
193.3568
152.31346
-379.02002
402.5311
116.246414
137.58359
-93.047
-61.638596
146.31114
153.83324
278.87042
-44.92588
-167.19518
-324.44934
29.648539
34.214344
-736.26154
44.79654
194.19598
-90.86703
711.86804
19.442835
283.535
417.40347
-67.43213
-418.82294
322.9914
91.406044
-14.498415
-61.93545
-9.73345
-255.43105
-544.6526
-557.21906
92.15696
16.548159
-280.2222
322.02597
8.889936
-219.11234
313.18765
-81.003815
68.04788
169.25597
-6.5988727
244.94365
-216.65945
97.27508
201.32127
304.12103
380.00867
-157.42603
-165.15547
-128.76355
-192.00562
145.69902
-617.02563
-145.8455
347.04953
84.932816
-115.87299
-282.6759
668.6852
-214.96762
-125.88899
-489.79593
96.48385
9.675325
-235.36555
-644.3054
-340.74582
532.59564
-195.86763
-109.58714
319.00363
-299.27722
563.5886
484.4019
-157.05536
-138.68025
-139.01161
-225.75233
183.94342
200.61256
241.85735
19.453829
402.2403
0.31492662
166.80069
293.87164
-33.24647
150.51295
-105.60832
-210.4065
-137.72214
-265.40723
152.46489
6.725121
-72.22879
-20.489288
30.08284
364.4851
-70.0923
-82.20121
-50.601196
47.980164
300.6861
-359.86124
-64.67463
-346.08545
-273.18396
202.27736
177.899
171.82043
109.38133
-180.18652
-576.9371
-301.764
179.36879
272.75507
150.8243
-7.489604
-112.10474
135.35966
128.18889
346.09024
79.206535
255.86452
57.67174
253.50313
-304.7435
147.42154
123.65082
242.19948
-70.627945
-281.03464
-197.85019
-144.14345
-81.70423
268.68848
-356.7901
83.13985
-245.6059
-197.43471
-278.21075
185.73077
83.97653
267.91006
490.6028
23.155016
-91.593094
181.94034
326.35446
-80.81354
267.29022
-68.50665
174.78929
-83.91719
260.92108
-256.8182
62.725742
-174.64969
4.9503336
-9.721023
-362.52078
-151.05223
-206.40692
329.69208
14.203382
-255.55054
1.5145572
235.84422
-95.91894
-247.94832
154.31956
472.85056
280.81305
194.63832
-29.203903
-20.311954
-66.129166
-193.84315
-264.93
211.29747
394.98364
402.4481
15.525217
626.5134
51.277428
87.51341
123.53523
-60.061962
230.16005
-19.84147
-144.83733
-34.150284
-222.22792
-313.01562
181.09715
-126.70257
-327.36237
290.9501
-163.66203
-35.185196
62.37563
-86.1374
-181.11137
-127.26097
-9.377133
-109.20323
-137.35509
28.507858
-239.21342
234.29773
-62.54661
486.21005
116.45508
253.042
-388.86615
-66.1507
-146.47557
67.96778
223.84851
64.439255
347.1648
-253.53934
91.79042
-74.74722
62.185028
19.969936
393.2272
381.35147
-11.820075
141.67581
25.603004
337.31638
153.03659
-149.2774
-120.80988
-45.516693
-145.9371
-247.45953
-281.65506
-191.37874
444.3631
60.231625
232.7972
306.15973
169.96637
374.99194
-44.418686
-108.95813
68.346794
24.239214
-343.52466
297.193
159.3306
117.19215
76.32553
-52.473076
-271.64413
-130.92918
-368.62018
-20.676126
-133.65901
-115.285416
296.03726
-95.01808
-156.95108
-268.76196
180.71262
-41.592247
29.298223
-52.515667
-307.45242
147.33208
61.222095
-597.84326
383.43533
-38.34556
497.96143
149.67625
117.34799
-54.953358
147.91154
-345.623
-92.57699
453.7916
-283.9467
3.5223465
-211.04817
286.65515
-95.1132
-256.0069
-316.65814
13.597829
179.02489
-79.87097
-385.64752
223.96158
195.851
-440.67444
-183.41629
-32.454224
-415.54053
131.07481
334.61743
358.6709
-448.0542
176.38773
-19.23455
-429.19382
-124.51245
-380.5872
-27.625263
207.0128
-22.170712
-242.14758
279.95593
-320.6716
60.476093
-413.24506
-111.27346
-275.7184
-71.10916
49.834248
-31.72057
88.036804
151.57443
134.76344
76.0607
21.133696
453.5231
118.62401
32.999546
283.79068
-3.5180135
281.93896
653.65466
-119.80758
494.7618
-157.93898
81.00269
-295.70557
212.82742
673.33966
470.2035
241.70616
346.888
457.61694
-394.2579
2.5349128
436.3184
-101.92025
-165.6425
-147.63454
191.82584
-107.3875
-601.8804
-139.27028
-187.16777
435.08722
-110.20345
-248.08327
-405.47836
353.07272
-455.67987
-209.49918
-129.64044
183.3506
-253.48456
-249.29063
17.949041
-320.42773
67.44865
-42.150387
232.39655
-59.196476
140.21428
197.66951
-15.19266
-113.69618
260.33282
356.23648
272.99734
-240.2784
64.084946
182.3705
-285.36606
-223.91405
-151.8286
-107.560135
363.69037
-45.081963
405.53506
-13.82954
-227.32683
86.67486
-198.90965
-329.18024
-357.1317
-334.28036
148.3372
4.124856
-213.17397
438.5055
-22.110683
-52.29223
155.12265
-312.7578
-483.1039
280.0165
-113.40459
-164.7915
161.13788
-278.481
-118.18892
330.75708
354.85675
-193.16232
10.732968
637.09393
257.43307
501.87552
-14.309523
-251.8186
-192.38255
-100.74722
529.93
49.2896
-0.2275585
10.850049
242.92513
94.781494
368.58987
-45.204662
268.27884
109.71931
62.407284
-147.60248
158.9533
-344.35287
-39.596592
-579.04047
101.992035
19.11959
137.93396
-85.152534
-71.538765
-47.021774
220.1959
