-1.1588206
-1.600355
2.2098334
3.1551852
-0.76563644
1.5809618
-2.018829
-3.2478642
3.5478156
-2.272201
-0.23296338
2.0006042
6.6202993
-1.3631916
1.1654537
2.723657
-2.6710882
-0.7584028
-3.29272
3.3954058
-0.79411006
1.6491206
1.5422101
-2.100437
-3.6292655
-0.6582258
-0.22993398
1.3837667
0.99668217
1.6690576
-4.2689557
-1.4509287
-1.8938668
5.6994853
0.5599537
-5.047928
-4.1582527
1.8528001
4.701805
-3.7181575
2.1373205
-1.583989
0.93475986
1.3706791
2.4830635
-0.31016684
2.8795052
-1.0246923
7.111686
-2.0287979
1.7673882
-1.8390009
-5.5559845
-3.7871678
1.9057918
-0.94141436
-1.2141268
0.3489728
-0.16608852
-4.4100723
0.5166184
-3.5757008
-1.7440281
-2.7040887
-1.7891917
-0.5716508
2.0358796
-1.8576827
-0.10249597
2.427248
2.9173255
-4.034602
3.260714
0.6202764
-0.46080083
1.0530937
2.875537
-0.65048933
0.8117272
3.57183
-1.8352319
-2.7278512
-0.72212595
1.3486031
0.22584504
-0.8228935
-3.6080332
-0.95052916
-0.1944381
-0.82825696
-0.20289755
2.4964633
2.9892647
-2.0353665
-1.5160182
-2.0685833
-3.356129
-1.3445331
1.0592506
2.2528362
1.3956991
1.437035
-0.87073505
-0.93826395
-1.0699803
0.5429177
1.7457132
1.9210708
0.91125935
-0.020715378
0.5089812
-0.10905787
2.1663022
1.4424534
0.6952678
-0.1872586
1.0294528
-2.608767
0.9748672
-3.4188392
1.2633421
-0.34679586
2.7022636
0.045316085
-1.0412481
-2.073299
2.8558514
-3.884793
-2.0989559
3.758547
-3.279248
1.1101629
-4.2461896
-1.0208478
3.2286701
2.520327
3.4277742
3.6284342
-0.7786058
1.1156797
1.3316777
-0.36438984
-3.6765728
0.26956537
1.4874753
1.7361561
-0.8265153
1.7897843
2.8165274
0.7806997
2.149378
2.8653312
0.9358789
0.48270983
-2.3706658
1.3188591
1.8396615
-2.2235184
0.21860635
-4.5889287
-4.291726
-0.37291697
0.35654268
-0.6441744
4.2838078
4.8272877
2.0623474
-0.8749624
-2.9669962
1.0321015
-1.6728117
-0.49127826
4.040843
3.469191
-0.84706575
-2.7696304
0.98076695
1.0038913
0.93778497
-1.3492398
3.8406944
1.7663181
-1.8848683
0.23732254
-0.51460683
1.0645894
-3.156017
-1.4565793
0.30557644
1.8346144
2.5084214
-2.825038
-2.3976994
-1.5018185
-1.3456163
-0.3551345
2.3066342
-2.249614
4.5321164
1.3349993
2.8791003
-1.2054982
1.7538079
-4.11511
1.4868445
1.2864571
1.7187243
-1.080204
3.535046
-4.4653363
3.0314867
-1.7786491
2.6004863
1.8567843
3.2326117
0.6138356
-2.3800135
2.3635118
-2.655074
-0.95799404
3.1578045
-4.0632515
0.31715983
-0.062478483
-4.133704
3.1006513
-3.776566
-2.1910193
3.5300822
2.5318675
3.2022998
-3.0878797
1.5680094
-1.3389778
0.20419443
-1.6074193
-0.5518048
2.1728477
-2.7578893
-3.5136921
-2.0266685
-2.704777
1.6920038
0.2706344
-2.1128576
-1.977236
1.5245222
-2.5923982
-3.6769936
2.313947
1.545761
2.8902328
-2.6894631
-1.1810031
2.2215292
-2.3272693
-2.861209
-0.776863
3.5563397
1.5093127
-3.0429323
-4.7649026
3.299913
0.2901718
1.9571979
1.5268929
4.1740766
2.0643625
-3.0641973
-1.2259408
-0.65314543
1.7968318
3.3224983
1.6921668
-3.5830374
-0.2560604
2.2848752
2.3591495
-2.6617212
-0.34769917
1.601361
-1.2501216
0.8192914
2.512008
3.141557
3.3861063
-4.0019407
-1.4008076
3.7176678
0.08425522
-3.3423395
-4.430286
-3.8248122
-3.8893201
2.5571904
-2.7770414
2.2417896
-3.7259316
-2.3847249
2.3015137
-4.0539513
-2.7124057
-1.7109294
0.2559245
3.9987657
3.8940582
0.6565822
3.016802
2.9331036
4.0413265
-2.1660285
0.5028953
-3.1620233
-0.14379555
-0.7315539
3.0088122
1.7993693
-1.2096727
-0.43720734
1.7213312
-0.3771552
-1.171668
3.8590975
1.086875
1.9649544
-2.436444
1.218792
-0.42697668
1.3792903
-0.6692529
6.0676775
-8.721579
-3.584361
-7.020132
4.751223
2.4432635
0.69925714
7.767002
4.5128827
-6.4485993
-2.9876037
-17.551193
-5.6316004
-5.515692
-4.756942
2.2769573
15.432577
10.083749
3.745754
-4.0216007
2.0285628
-3.6128902
3.8251472
-2.3333783
-11.502288
6.4215326
0.7689917
-1.9780362
-4.7712507
-4.118034
1.8253881
6.067006
-3.1695588
-13.978086
12.185435
-2.8487103
0.38669896
-1.1918095
-3.8906443
5.6801777
-7.17632
5.995042
-0.44907844
0.4910909
6.188306
6.4468126
3.737348
3.1850796
2.9699535
8.090688
-4.536778
-0.19171236
3.300216
4.9309754
-7.093258
2.890866
-4.520321
-4.332083
-6.2281637
0.7299068
7.1083956
-3.1016078
7.354314
-1.4652946
9.298046
-2.6222212
0.094628334
11.801698
-8.682612
2.540311
-1.1498524
13.048964
-7.105833
-8.958971
-4.4069605
-12.385757
6.8476424
10.075197
6.2908225
-11.653057
-0.43117642
-6.821294
4.340634
-6.9777994
0.88883936
9.0904
2.4413447
-5.3267546
-3.1565
-4.9454145
5.7985463
4.064167
-1.5798671
-1.8027654
-1.7521226
-1.8146435
3.3109827
-3.2607808
3.2852256
0.013810992
-1.1972694
3.3737097
-2.5545497
2.7157888
-0.8993201
0.41840667
0.7172395
-3.2910824
-2.8148384
-3.737541
3.6586022
-0.2050241
-1.973341
-1.06142
-0.40746048
-3.586008
0.40516365
-0.02550608
3.4754663
-4.6327834
-1.0842974
-0.21183807
3.536381
-2.4294562
2.754643
0.20586741
-1.1684246
2.8949049
-2.2326694
0.08422458
-4.2123904
2.8184547
2.5630777
0.10385108
4.6737137
0.085164726
