41.22754
43.94374
-58.366333
-260.29758
10.481307
519.8967
224.73358
-268.98428
51.198967
-179.45709
-12.353891
110.34376
210.22243
-150.17473
293.81833
190.2874
-41.660713
-83.2043
-36.735497
-225.089
295.55914
90.30201
92.13148
2.9838033
43.441013
52.999676
-100.65608
140.8107
185.50948
63.219467
-14.721626
225.38171
-47.339703
272.4235
-165.54846
257.028
21.090572
-8.835737
53.00151
-493.4389
14.197285
95.47935
-3.248019
-22.392883
-191.17696
-280.46942
223.53893
628.7047
-329.51633
-48.281857
-51.83302
-84.27289
141.09442
175.40738
87.34973
-118.102585
-91.61309
-44.9616
5.2835064
-26.995108
-272.62827
-233.3512
243.11838
-77.029175
48.447445
208.98392
117.37194
-46.694057
75.765366
-75.66195
-8.421805
-236.90163
-15.142811
-1.4362134
-154.58606
4.633403
82.9499
-234.97952
271.0086
-33.816334
107.66716
-103.30296
132.81178
13.213743
85.76002
-183.88992
145.87521
-101.86179
-62.02568
244.09097
-285.5054
-118.94746
150.1271
-127.00141
93.26415
161.9474
-7.481221
183.7285
-8.378902
128.22107
-256.61145
-58.887592
188.22916
144.9761
-118.06863
169.53136
149.72748
68.18331
-21.329298
224.69122
-32.28249
-10.778327
8.944272
-65.501465
195.16861
-82.686646
-268.12628
-34.143085
264.1198
132.08801
61.642063
-374.83102
-81.52574
322.07144
-186.21025
-13.4982195
-123.32639
91.8647
-80.84845
11.699392
-268.70236
17.31437
-113.41978
-251.37173
-136.85878
-219.353
212.12476
230.57938
216.80798
-51.02142
-117.000435
-30.10374
218.9355
26.627192
-152.19658
-132.00693
-365.09158
45.685795
240.57324
-49.965466
255.31926
93.23931
191.03926
1.7266046
90.02178
-64.82389
-48.570446
157.63942
-292.91776
-333.73383
-178.3255
-148.13406
81.84836
2.0736966
49.491478
307.73798
195.63048
317.4145
190.13655
-36.030178
-194.24933
-132.86969
147.01254
-72.61159
-170.31396
-256.5522
221.59332
-191.22899
-105.633896
122.765175
162.28618
261.12848
0.27783942
84.13859
-31.792168
-110.466286
-163.50723
-17.33263
27.666862
120.9476
69.58675
168.31564
7.2953086
-107.154884
-27.677917
-60.0822
224.49911
151.68787
-130.53064
28.79308
-82.94344
41.18905
19.11985
282.11942
235.18092
58.35977
-473.59454
130.87445
-92.195366
199.69797
65.52972
382.81854
-50.205338
126.16706
8.599085
93.42656
45.50945
193.52953
-14.842806
35.839172
56.649597
-101.3163
-109.924194
-18.434807
363.3573
-218.81535
5.1303177
104.54087
397.98203
-142.24213
106.76665
217.8987
59.92547
-39.147186
-159.94174
46.583782
-309.62503
-91.512535
97.46925
-103.15253
-72.68732
25.997055
-143.07414
227.02414
-131.27867
159.3898
226.23746
-76.68715
312.24475
243.44266
150.51999
-61.99525
-516.6383
-64.00942
10.093141
4.184105
-90.3257
-71.14761
-101.84146
190.51277
-289.13757
-151.32417
26.956438
-77.21231
26.624184
-192.63632
31.496447
-220.00394
-164.4775
83.160995
164.86337
-100.34784
21.50569
243.6069
-258.5135
-138.00711
44.839397
-260.69183
13.335883
-228.50146
97.708916
266.68146
-153.1865
83.43484
96.90401
-151.9607
-107.04259
-119.78332
17.214252
62.18232
-92.140465
-105.50717
262.90686
119.372986
32.558064
123.45877
-204.31433
-79.73531
-25.52388
-47.35261
-10.563934
-256.51334
-94.13964
-48.439415
-58.651497
-34.138298
-356.0744
-181.6345
121.75621
81.8145
84.108696
250.59283
131.0968
-81.41127
122.80404
34.690784
-114.60324
87.70817
-134.9481
71.805084
-303.91226
-81.83046
154.21104
28.665857
-246.64508
-100.444145
122.58899
-251.28801
-37.094086
-140.27245
-28.227776
149.67976
76.99171
-150.84113
-19.378517
-143.77933
17.691454
5.854233
-32.430496
42.54789
-329.37347
28.226303
158.8524
46.731064
245.49785
93.87843
46.589134
42.847042
162.2722
258.3283
295.24686
-178.62697
-131.14993
-257.67786
-255.35759
105.85672
405.2982
210.05872
-57.53354
-264.70737
225.95912
-291.66946
71.89039
-172.33345
98.50488
222.70181
-30.090446
123.98455
8.851418
87.61993
91.26809
125.4805
175.9012
-14.708762
-99.48513
-2.475146
72.19628
51.779762
163.00446
-155.65073
66.88868
36.597256
130.63776
-376.4639
-64.20644
144.63295
-20.306402
20.2221
-100.267204
231.2673
-19.24659
25.136559
-26.215994
61.80942
-40.62702
67.16701
-30.787607
37.162468
19.049124
-211.18414
16.337103
-135.85434
-211.16058
174.64911
67.92277
-6.378426
73.245285
285.5276
98.435455
-27.632324
-82.26372
-4.288047
22.156944
-46.583927
249.99875
-292.8827
216.48944
-361.24164
222.8317
-23.144688
59.936203
7.400253
-336.7655
178.91841
-50.392323
-78.1958
-174.74548
-237.29184
-60.21808
96.87898
-286.95776
465.73123
-98.09708
-29.478464
-250.95325
-101.667015
-129.2342
107.824356
208.34355
110.11627
-41.588097
289.82663
-36.334053
250.01701
165.62839
46.807667
-80.32451
70.030624
-13.172281
6.6048393
-40.2246
-178.27467
282.93558
-257.0147
-117.109955
-178.37933
28.30792
220.1978
-191.42406
84.709854
-96.34993
-56.23133
21.180592
-339.56488
-160.5256
8.119221
65.90169
-137.80664
-161.72557
-103.49762
329.00366
46.574566
214.38924
248.21858
-320.0771
-188.58931
-81.76336
-99.31695
74.46671
192.29906
-127.7246
149.1822
2.3770885
-158.23776
-284.85168
-356.3109
-97.36936
0.38076448
-169.23743
-57.356873
-101.32086
-5.268603
-48.33933
-91.17326
-81.093544
98.80749
-341.10785
240.97612
106.53459
-120.237236
8.652211
91.39787
-143.7691
71.81598
-260.35266
-1.5265272
75.89089
-109.748314
139.76993
90.26742
-50.201294
-192.78877
-92.525116
20.162174
-374.90643
35.805405
37.828976
-20.205694
-320.97177
-5.3431773
66.1282
20.581377
203.23227
-54.782516
-215.00601
-104.864006
110.5426
-60.08132
201.23094
-53.970848
-41.478596
-36.662872
56.95024
-111.91351
-28.361124
121.590065
-59.74444
-176.6068
193.43726
153.324
207.85298
-53.161003
-0.3321252
-22.497221
-71.17825
-226.5052
-307.28458
31.350855
48.47003
58.61716
-131.70193
59.09564
250.5515
-31.972654
-20.994442
98.7914
28.23225
51.30618
92.77098
-122.88491
165.95543
114.76513
87.45999
-11.524521
390.82657
208.5457
27.700771
35.95586
81.76063
-95.90965
-179.78496
12.056641
-214.38693
-24.657545
172.90791
31.834517
-208.4391
241.32784
-58.695927
-46.267097
57.06794
-55.43269
434.95102
5.7363076
-120.69878
48.989857
159.83012
19.313395
76.72229
-229.27873
29.174297
-97.39465
-75.26514
-141.98714
122.44865
-53.391075
23.893953
-20.36215
-165.42189
-40.934216
185.3659
-158.95102
-109.9594
-35.58059
63.041542
-78.646935
345.82022
-80.46099
-11.7789
-357.94986
9.569628
31.348576
127.53253
252.46828
-73.61297
-130.94283
126.362595
247.92122
121.6245
-66.20273
-49.43355
-106.18454
43.258656
287.16922
-275.60724
-274.49176
192.93681
114.474556
-211.45273
-95.577484
-213.19705
-263.82495
-120.57602
-139.38797
-62.32182
-332.38312
-253.11748
-31.4428
225.9841
136.7716
199.62154
334.618
104.53904
84.82793
-83.12705
-105.79937
376.16696
15.063637
-95.96374
-47.230206
34.24217
124.03779
112.59909
-167.33467
-273.97034
-86.24397
-266.16824
-29.421047
-371.51938
-174.8371
146.40616
104.87275
200.54262
-262.39975
61.581554
44.67598
111.50428
200.97668
-248.83382
-46.546734
-65.98708
-73.90705
-80.1626
-177.43944
-44.044075
316.55704
226.47984
-258.78714
93.9571
-170.34933
-87.138985
171.00409
-190.64633
59.282887
-218.46281
399.939
-101.6782
-51.6333
-326.19305
119.77404
-236.43285
9.906442
-213.41066
-148.23958
-231.87808
-24.515919
93.5523
-46.533714
-246.25435
-11.918899
331.83542
-65.94545
-31.526737
84.22267
97.35616
-127.97316
-21.340227
45.602127
77.46921
109.39342
-54.971832
113.44101
-207.67267
-368.41696
126.54583
148.8008
47.392757
-34.016064
-316.28696
-53.056675
-141.41846
-254.53065
-246.41013
59.3346
72.79192
428.84546
-178.15942
-18.31604
-34.409504
207.68253
-74.12347
-211.68733
-329.17703
-136.96672
4.9110327
-123.76009
50.05078
-272.49384
-157.88036
123.31187
131.79085
-117.226295
94.328766
162.5489
-224.4617
175.06812
389.05777
-94.306725
219.51408
4.0638676
115.47108
-215.95207
168.58665
-5.547057
-272.6709
-237.93951
-99.37577
-16.10799
82.57354
-268.27124
206.11913
-271.2128
-116.93512
-81.28385
-80.735016
186.50731
-115.00253
6.5219593
-61.854458
71.53749
104.33776
181.53252
87.70479
-228.99217
417.4813
355.51157
-122.15885
-22.54116
164.78142
-92.98928
-250.17537
252.56546
217.50963
-136.66805
-17.593348
-285.8932
331.72153
-346.45706
-258.3189
-134.80574
-170.06918
-85.8228
-185.04053
-262.28717
163.22737
117.75524
94.88248
193.50685
-274.42282
128.52933
101.45757
-128.21725
-180.94548
42.1034
-33.280285
14.519801
-330.0223
308.55994
4.157278
-155.9702
-61.317757
21.965067
-228.76512
-26.797964
105.66314
-161.14821
177.20654
-175.64915
55.32817
-330.14148
-171.22902
66.30411
164.56068
21.8922
-2.3799868
72.30084
-168.10841
305.21237
28.885126
-150.3477
61.693443
-111.546234
65.09035
-23.022865
-95.65829
-157.64673
-107.579216
-138.20984
-103.73269
-131.48839
108.668274
34.037575
122.24546
329.28235
61.50064
145.51407
48.683548
-67.97121
72.97561
75.520805
110.54614
-155.88078
45.028812
45.470833
-59.805782
-97.91803
-5.926322
135.33412
-146.96907
192.90092
-31.905355
66.62262
-441.5441
-260.61807
183.6413
109.41649
327.90576
-131.57884
-178.86876
-90.713295
-55.3765
43.173714
-57.31616
-118.47496
-327.32996
198.78432
-245.57478
-189.03429
229.71037
-223.87123
94.8152
-97.48031
111.67327
141.64098
-101.851395
-76.05866
83.759895
-121.10273
-88.70876
-262.38406
204.16281
-190.45612
-119.78709
-255.36377
-146.39658
-234.50377
-99.372444
165.4865
-290.81958
145.8489
-41.505005
-109.79414
151.54698
-49.261868
-327.36356
32.213924
89.42242
-106.38416
-89.506355
-8.4162445
-85.51583
-239.56372
152.2339
104.88792
-32.441
-104.30131
86.25173
175.63205
11.499289
-221.00417
-111.918396
67.49883
-37.83855
-30.031853
2.7356746
-244.8017
117.92686
195.91301
71.38926
-6.2699795
123.6724
-47.85481
451.54474
66.743546
-20.201323
-268.41675
-67.59804
-36.78215
-49.930016
-61.223297
103.46401
-234.64095
-214.84503
-75.22572
-146.27652
-97.83018
-185.04262
139.24074
313.66544
5.5144553
-94.67878
210.35245
80.39788
35.245045
16.509108
-34.416058
-72.86378
-145.99889
251.93365
9.968259
-49.902897
-227.20665
32.045822
84.91179
199.98735
-2.2905834
62.632698
34.961445
13.816311
-126.39982
45.304142
-46.96625
32.089626
-46.28384
16.315796
-214.48276
194.3813
95.07381
143.75323
62.43567
-101.18562
-197.89326
73.052086
-74.10137
303.50162
-117.70367
137.5671
290.93695
33.016235
22.58815
22.0119
181.97089
32.07668
178.32983
87.33843
-23.866829
80.302475
-338.039
-5.6089296
298.31143
42.888554
192.26253
-16.285471
257.65616
351.33145
7.05054
-312.4858
152.28294
-24.280739
-139.35678
87.86956
-57.538223
14.882871
-306.11606
-97.28005
126.21687
83.653145
-170.59047
157.76414
14.140893
-103.59922
398.9109
-82.66942
37.531815
124.488266
141.10696
242.00314
-174.68921
-101.26942
131.72081
327.64603
257.05368
-113.52952
-176.91522
-150.24976
-76.14928
336.61734
-323.50037
67.26578
197.80405
13.622606
-47.967514
58.794987
447.821
-9.003917
-130.4672
-426.15613
-11.530138
-53.9748
-149.37436
-298.49405
-37.5537
90.090904
-288.00098
-66.50818
102.691574
-150.02585
50.004795
148.42297
-228.26575
103.08653
-101.328964
-70.97284
164.26732
157.28706
189.1045
146.50162
241.59445
93.37757
-12.331612
172.70995
89.681274
-37.095467
66.29055
45.135418
-63.502724
-298.12308
50.024597
54.49177
-24.039675
111.13474
6.719514
298.5905
-190.16167
83.16949
237.45882
115.01527
-16.34296
-205.10791
88.96688
-207.58134
-148.7364
137.7097
63.342957
38.0819
143.17574
-264.55228
-345.99704
-342.14612
154.40956
286.62808
83.136185
30.613365
-36.110855
57.72842
-204.50768
266.94305
193.00858
1.6441416
-217.70192
238.09602
-300.2252
38.54398
-2.3648274
-21.984194
2.6334538
-77.898994
-9.235014
33.05204
-1.2431362
29.952015
-111.7918
-320.24307
-67.01684
-127.10957
-477.0688
53.09122
101.962265
392.85175
182.8496
24.157806
-115.96846
207.59819
120.907425
-108.400795
105.13496
28.257502
144.69571
214.212
42.259285
-70.84326
-95.809525
-245.16663
-40.512802
2.7496557
36.558216
-53.570133
-5.4709926
183.53665
-9.897413
-28.050724
-91.8196
258.34564
-341.05896
-378.4487
222.09888
211.54332
119.55093
189.66466
-64.74656
-280.81012
52.935627
-82.815834
-137.93846
-30.179247
340.0604
404.64285
-31.386679
304.0961
175.9361
271.24554
144.80127
97.515686
257.1967
37.46834
-295.07376
164.56194
-112.826645
-174.81706
-3.6007872
-72.60616
-235.82019
30.79047
-14.008512
140.13289
24.228722
-324.98593
-34.86913
-51.295887
-4.215255
-137.48409
83.05462
-292.82397
-263.7851
113.49026
25.812218
-21.506323
232.93652
382.33853
-170.8313
-100.83909
-174.02148
131.47266
52.222244
-25.115322
159.0705
-269.0691
-20.311783
-147.82709
-12.185126
121.7654
421.4966
142.1807
135.47478
166.6884
-57.796314
358.31302
249.36864
0.896616
-272.1942
247.48268
-22.07724
-76.87466
10.261224
4.555559
262.6648
11.652955
-52.111908
234.56009
-59.565784
360.33185
-28.848455
-16.303202
-11.32686
154.74226
-17.814249
135.68257
97.34919
173.93701
47.513786
201.5492
15.881245
208.9696
-163.54788
-144.51218
-90.99589
73.023994
174.88687
71.790215
146.31624
-176.27477
-51.85317
37.27762
-201.80078
-183.37791
-96.73777
209.91768
137.1591
-443.65262
183.19902
43.099518
395.20203
-45.476658
289.8915
74.41946
57.75726
-140.19305
-54.598316
382.1131
-267.2567
16.732775
-109.548744
43.092148
16.392754
31.733404
-326.11148
-14.403931
306.1108
-74.764
-127.326225
129.04561
-38.983173
-180.96364
-102.301765
114.74353
-227.87515
189.57918
44.05703
249.64795
-136.21622
209.69197
117.39383
-468.28156
92.58401
-50.994305
147.2308
300.89096
37.850952
133.36295
160.29616
-148.16039
73.07316
-183.31285
-303.109
-32.613346
-221.20338
-53.442013
105.28486
133.6789
96.484474
-56.90816
21.432627
-64.76929
295.06104
229.95436
137.0162
189.87338
-57.132908
210.7217
407.82687
-132.08775
168.7092
-178.81099
181.50671
-140.82281
213.60986
231.23317
129.18521
343.90515
137.52856
252.71971
-126.90731
136.13286
284.40976
-210.61458
-11.667573
-51.13687
-19.574846
45.010696
-508.27338
222.72728
-44.67534
229.1319
108.152374
-198.54233
27.174253
290.29623
-212.18854
-278.30737
-73.36499
305.12744
-181.87535
-127.03971
-30.500463
-86.132225
-94.65375
20.03927
184.60678
17.693518
-163.46065
47.765156
225.22025
-9.020123
173.4988
169.1781
197.90845
71.97219
17.048243
70.60582
-296.2729
-329.21832
-15.26416
-103.41507
-32.37319
59.78864
237.16057
-58.636356
-37.105255
-70.952705
10.428527
-59.703068
-214.48088
-163.54938
150.64107
-29.240685
-154.78548
15.511855
132.93892
-155.58946
28.548746
-236.00658
-224.2756
178.77168
-121.146034
-383.72913
96.48534
-63.413807
-92.88733
219.21475
67.794754
25.198141
-101.05754
349.43698
94.53824
418.0301
73.11784
-62.31377
-346.91577
-70.40959
362.8133
32.501823
-34.077377
124.93361
277.29358
59.611786
152.38466
13.757161
-106.98853
-31.301138
36.22974
30.664818
132.58557
-343.07724
-59.27599
-325.294
-23.481962
29.05171
45.43974
-76.44919
-206.49287
-2.2696874
173.74065
