90.10201
-180.99307
-191.69621
-240.1531
-77.51641
643.3601
135.2204
-228.3559
39.84886
-381.97067
118.07549
-53.480927
101.31432
-541.8228
267.12997
429.13733
-1.2186127
133.53954
-139.44978
-322.0498
-66.113716
-41.48461
-400.38068
7.845292
-20.050331
-132.45084
17.515772
-45.360676
508.11096
-55.688168
-311.34808
200.85643
-104.89458
312.09576
-116.62241
57.283714
375.78275
343.58768
5.7988734
-210.85132
220.09583
159.8019
-285.83075
-96.159645
-95.37791
-94.34421
175.88791
617.02496
-407.66263
72.39661
-138.438
-159.31473
62.33097
422.37518
100.7814
93.44687
-59.23709
206.6877
-20.630241
-220.37772
-397.31387
-301.61856
170.80121
146.62453
-125.19879
15.4831505
-137.56607
-218.22499
-154.17712
-44.454487
50.1768
-276.30154
-39.761456
-104.78168
-308.65555
51.065292
388.23877
-410.78836
18.835312
-11.779057
-13.308665
-51.793358
-128.37999
6.1682825
-118.578995
-638.76495
105.10457
-403.16348
-16.70166
292.7703
-720.74524
-37.72109
108.333694
109.33146
78.71377
457.773
135.96819
184.50629
-253.40428
-92.30599
-177.58673
-174.01134
-196.06017
106.15664
-193.64795
338.66776
88.27239
1.7820268
-208.28633
48.92321
-290.4048
114.721405
133.86055
-181.95659
381.92493
-272.1019
-329.92273
134.53076
153.89041
451.28146
62.231895
-724.4243
-184.11853
264.11032
-389.0952
-102.03228
-208.47095
-199.16829
-195.19302
-60.97971
-319.06412
298.62045
-56.628174
30.660547
-124.91585
-369.97885
22.60387
191.57465
579.07886
-268.52798
28.66214
70.78951
5.8887844
-81.86589
86.51367
240.95792
-174.17305
2.07546
-133.0451
-77.9271
265.68686
-33.254272
269.37415
499.82858
217.04955
181.28513
-33.474247
4.4404354
-165.05132
-506.94247
-224.60115
-152.54045
-55.323593
-87.425316
8.477819
678.3274
142.65321
347.70288
151.84912
-568.0215
-476.65955
-247.68913
-110.54652
-199.16531
-294.42712
-517.0342
201.70464
-154.17361
-163.32729
33.030563
21.560848
221.77039
80.816124
-101.560326
412.59747
-90.912865
-2.7714295
99.52217
-20.919666
-223.71051
-267.7957
364.95212
-130.64421
-162.11774
-154.05058
-206.3236
147.63844
23.810642
-79.70427
123.600075
-92.61121
3.6255887
-82.50066
306.5689
79.96549
26.30223
-613.1358
206.25366
-257.6919
228.4152
-67.10027
443.47372
23.032286
251.44328
63.969803
-60.802845
61.324417
251.04889
364.35797
33.216698
55.957237
-285.888
64.14134
30.861868
372.0147
252.8331
-37.606335
96.68437
358.31937
-271.38876
-56.911583
90.770584
11.267447
-119.606476
-195.60814
-274.65454
-223.445
-311.47418
24.535336
-97.86919
-150.90309
-108.687416
-256.8672
679.0918
-386.49573
-44.135662
-54.094707
-232.24
225.51497
121.842575
-202.92453
-427.52472
-191.95264
-145.86441
-491.423
-430.62436
-134.4294
228.32402
144.97603
75.79136
-366.34625
-79.147
88.15438
-278.31027
180.25427
-262.7498
-134.83205
-442.8989
-335.40195
-44.014088
445.04126
-291.8399
-149.32466
315.39255
-635.6551
-35.98214
420.93677
-276.68362
55.699333
-442.20578
253.3268
176.04562
173.14426
301.37048
185.73972
-361.79843
2.677468
-157.58061
18.310211
201.00215
-263.86346
15.251081
97.31061
-59.26768
-234.02269
200.69011
-154.40723
-12.465109
38.740723
92.84883
192.02391
-378.09476
99.49328
-117.22501
295.3574
-241.51912
-402.5401
-245.26286
-18.82882
52.443466
-5.343955
269.3765
52.158726
-272.88425
-223.7095
0.23280406
-94.60222
-254.11852
-454.8651
-188.19249
-113.71761
84.96806
358.71518
-378.2363
-259.94193
175.43063
72.04457
-439.81445
-446.44113
24.158443
125.83311
142.554
302.02414
43.15874
-46.57022
-173.81424
-219.28201
-349.96277
-20.239992
-327.29675
-45.80709
22.670511
-25.638315
164.96866
165.44371
110.69841
130.66766
-183.2338
316.51523
404.8324
219.69978
-202.93102
-43.91746
-53.963585
242.11432
94.47846
403.7638
-45.74804
-250.99287
-173.10287
276.74265
-492.60916
-82.768
-295.55023
182.20457
511.15372
15.403286
68.99397
139.47385
378.60733
334.96802
186.10641
404.10474
-112.35214
-81.901596
-26.328669
11.084491
270.29736
-130.7498
-318.2933
372.1591
168.92682
-66.34677
9.924112
58.22917
-308.85132
-215.53229
-135.6946
-151.86972
-159.25035
-154.51079
88.16141
128.17482
-1.7088386
-164.59651
-146.49857
-25.329876
-22.83933
-26.663296
-429.26105
123.91678
-95.41346
-59.21853
255.61726
47.13683
-199.94382
-78.44121
278.10843
-146.84354
105.10047
-138.71358
-245.02222
361.96942
30.268124
280.0781
-111.33114
354.52567
-272.56558
239.74275
66.746086
236.60657
-316.95288
-429.61963
358.05084
-60.7996
-78.83019
-228.59117
-324.59875
-184.71857
152.37163
-196.50745
387.8049
163.75763
-153.70616
-203.91466
-364.4005
-103.622925
-104.19182
553.982
-53.371624
185.35466
106.24802
176.61168
730.55554
115.702576
147.12492
13.055265
486.7111
-213.04572
-183.5856
-39.01058
-25.480694
404.62497
-312.585
-220.35603
-500.42755
-26.16372
567.21967
-90.44359
64.71012
-367.20044
149.59709
-88.31452
-434.44977
-294.84033
184.25287
123.90785
11.467722
282.4565
-188.4715
278.97427
-1.459051
-7.0240316
116.046394
-162.05978
-262.21698
-118.89568
-18.730572
153.93816
425.4982
-323.71158
110.7789
-23.918638
-365.75223
-336.52045
-352.0152
47.880695
89.89062
-111.17826
177.24915
-230.94196
-259.43884
99.41346
-298.89517
36.2064
140.779
-337.68616
419.56366
467.83557
-249.76411
59.428986
156.66849
-612.09845
222.07375
-562.51776
189.96599
-71.75503
36.464592
388.19724
68.47217
-206.27718
-653.1681
65.821434
34.4872
-348.34268
-27.848915
302.16412
182.62216
-416.15677
115.02984
61.978077
-190.30447
49.08001
-51.190144
-312.86813
-111.35524
198.07538
-252.26389
166.04729
266.57028
480.329
147.84381
124.323425
148.16101
531.6335
243.78091
416.39993
-241.80113
197.51375
243.40843
236.04486
-350.20724
-35.054375
153.33122
0.05019903
239.75449
-312.30734
279.91205
18.147926
-12.964322
-76.2875
305.22568
398.50638
62.02018
-118.26587
173.35175
125.115845
-32.265656
0.5441282
59.034016
122.88682
144.46246
292.9254
248.48254
304.28387
202.03923
-283.1034
196.26347
382.45825
-106.34317
-66.6625
-122.53447
-333.95316
-598.7797
51.970634
-222.95244
-200.55043
157.53566
-71.024216
51.98297
330.0988
-65.59259
842.8876
324.90335
-99.23398
173.63863
-141.45744
57.848507
25.56609
-93.30775
10.09357
-51.477505
-118.291595
-171.50294
0.7682544
-240.98276
-212.29709
-141.88956
-24.02409
-65.71283
179.01501
-306.23602
-150.37274
-444.10617
-271.9163
-108.43851
438.46634
-36.66576
-60.05866
-335.71942
231.31366
-320.78888
167.37607
-8.443573
-284.51028
-81.21699
-19.483522
83.65602
-163.83582
110.58449
-67.670555
-201.32858
312.42834
-47.989883
-70.07131
-437.3645
401.514
96.98732
21.947266
-7.271268
-162.15009
-255.26051
-58.029583
-333.59546
-42.045643
-188.12492
-59.324295
84.99535
-24.576963
-1.2747772
257.7849
375.67023
97.43161
-13.388847
-220.68181
-242.7059
471.44437
286.25604
393.1734
-379.27487
-101.38957
-142.88734
41.65698
-55.353878
-655.0596
98.79229
-308.35147
109.37793
-525.02563
-267.66507
243.06981
187.51604
164.2449
-327.9715
218.40001
-50.46856
63.937088
216.8628
-308.721
-172.99577
279.4185
-56.681618
313.39685
-62.274475
-201.75412
91.10231
694.3387
-125.73162
36.35175
102.979546
-149.66414
183.94858
-130.70041
-135.82018
-54.219852
794.97656
-45.209705
-176.17567
-427.5096
-122.505196
-206.04845
14.08308
-344.05392
-133.80913
-101.20883
206.36826
-78.90987
13.462727
-144.00414
-18.420965
217.79893
198.13353
-71.7339
187.02219
23.285631
-170.51819
233.65218
-15.602296
-107.94814
146.90662
-77.0052
-64.15287
0.34616077
-327.744
91.31262
-183.57544
263.47476
183.04152
-428.96768
-207.3594
-237.10298
-306.3465
-517.95544
-8.123735
-71.30109
694.61237
117.4687
-142.53853
-103.03889
273.4658
-282.97028
-474.26447
-712.06366
118.63147
-53.241455
-95.08665
-86.26026
224.80307
132.9011
325.46375
-70.808655
-166.1572
193.10153
-136.05894
-424.503
27.116236
407.93777
-22.232103
280.90405
250.75327
332.76477
-220.14851
-94.46847
239.20927
-191.4227
-399.6042
-73.13425
262.51804
89.055016
-142.93047
477.94046
-414.00357
5.419086
-519.22076
60.063927
128.23347
-296.85474
127.622574
-77.277435
45.692314
378.1428
299.88605
-147.78368
94.38863
340.72034
260.51828
-483.49417
-314.4465
154.2424
23.165504
-540.31274
-9.725091
127.72119
209.0666
-46.864014
-175.88399
279.33307
-345.31763
-518.3677
-157.20628
-401.4178
-328.36923
-137.83217
152.92354
-16.043587
128.16072
264.63217
224.99467
-494.78293
226.37561
212.01451
-144.10721
-178.80324
-149.8294
102.43587
177.00047
-263.31638
149.89511
94.02502
-323.70627
21.998495
54.138016
-149.88632
372.66318
13.30235
-308.3426
437.45465
-233.6651
127.64503
174.55865
-307.90726
116.44196
-75.98198
143.48227
-19.991327
-194.00873
51.522133
347.8407
143.23592
39.050476
-67.04189
-192.85533
34.283222
218.30022
-182.87473
215.60297
168.51454
-407.23212
-80.22651
84.7885
27.286425
29.609957
-32.03197
568.8592
12.865205
87.59684
-238.89445
-85.885284
220.08788
407.2248
-12.245682
-9.467222
186.74014
171.30853
64.56073
72.56004
21.239902
379.24402
-203.37384
-22.716295
327.54977
-152.49806
-283.85962
-111.47978
140.29477
136.73589
472.86105
-424.20587
-407.76166
-84.57746
-159.1347
-67.58924
-77.94359
-4.2611623
-239.33652
410.076
-277.55682
142.42865
207.19322
-343.57675
337.5527
-177.40678
241.80351
126.96295
-44.725117
-189.17773
-122.925644
296.65656
-50.68743
-18.04021
-179.61078
-272.74243
-329.10504
-297.00357
117.06816
-347.55646
184.88033
259.24225
-375.0113
716.9835
-42.929493
24.959959
259.71426
-308.50116
-417.31107
404.43726
-2.571107
-211.11696
-460.5702
336.69495
-66.95206
-502.5886
123.56579
-103.448845
172.913
-261.7583
-192.00967
-184.45944
17.746964
-193.49168
-240.10097
-273.63507
-148.29109
-228.15947
-241.30978
-459.07477
56.24316
210.12463
215.29433
3.7481017
132.02599
-152.97496
351.0876
47.276417
-179.04666
-423.5434
334.67267
86.38864
-6.6590834
52.52515
200.20213
-133.41531
22.18901
38.906788
-28.677612
-66.56161
-412.1532
120.740524
155.53757
-38.395336
-277.90253
340.7607
8.729134
256.01984
109.78617
-85.0411
-209.84749
-415.59662
209.05405
201.07623
-123.122665
-580.70746
108.63284
224.09836
221.83606
134.13152
319.10434
121.960365
195.88458
173.10194
99.85163
301.72226
-73.41464
-114.91654
240.70572
-297.45236
-179.79375
30.939991
6.17569
106.63513
-166.57104
161.10574
112.19979
-388.6831
416.10703
169.00128
161.14612
-25.23676
62.19574
100.600685
72.91484
262.9026
26.909653
-139.68199
-358.01584
55.23233
113.180664
-725.0277
65.70522
213.3357
-142.70757
637.2744
-49.233025
239.8317
417.5885
-145.09784
-380.4619
378.40903
-17.373158
-162.49562
-39.96239
-111.01272
-253.80052
-545.5205
-434.08618
65.66417
117.380295
-210.52426
373.04724
70.92653
-307.67505
242.88478
-16.725296
16.43747
239.7108
13.1996
259.45486
-133.79303
200.34967
167.50108
408.18475
385.47882
-103.40694
-255.70244
-202.81564
-277.4732
188.73694
-603.53577
-155.61769
206.2056
140.7481
-157.08195
-266.10126
622.6883
-221.9242
-34.45943
-403.74466
6.3027186
-7.175172
-319.50104
-662.1472
-335.31158
442.5139
-181.78928
-31.553633
305.80978
-398.24835
426.13364
492.59747
-162.48946
-87.02063
-178.96149
-187.2425
88.9246
170.6558
140.28876
40.303963
390.6335
51.574783
300.27094
374.56555
1.7485557
103.407295
-76.165596
-238.6971
-292.07858
-248.9483
112.95527
-79.74002
48.829437
-59.369873
23.087093
419.39645
-64.06757
-238.28787
-22.75189
96.87989
386.96454
-342.26257
-120.68399
-454.5639
-181.30774
286.51108
151.48111
354.6804
144.21942
-267.39017
-569.6024
-284.34265
251.79149
327.9312
42.635963
47.177605
-115.38456
107.17999
286.85614
225.58656
119.65874
280.32925
87.75614
199.79337
-263.58902
6.322706
143.11298
270.72742
-27.517359
-301.55756
-187.58952
-219.0343
-113.117714
299.87805
-294.58234
51.516373
-352.97318
-69.09564
-316.48535
49.982468
-13.493052
398.81882
481.4834
10.055258
-92.06983
142.13153
365.17212
-50.208466
301.30545
-192.4386
256.23312
-170.64969
256.08298
-290.5091
32.375603
-255.02234
-42.260857
-58.331497
-399.59668
-114.49718
-187.9942
256.4798
43.448833
-363.46204
42.427975
208.19986
-113.4483
-54.29235
170.34883
383.80118
271.57285
219.33403
79.467255
42.714413
-25.276653
-234.24597
-392.3074
122.84361
452.2905
330.3001
96.80896
568.76495
95.70979
38.72916
177.42819
-123.14399
209.38188
-35.648445
-102.71247
-14.741991
-207.26013
-379.15683
174.45778
-115.7398
-411.53278
303.31665
-187.92963
-38.653732
-66.264
-80.06468
-192.13068
-96.41275
38.6491
-54.85567
-94.43265
109.084946
-238.4555
309.54587
52.061184
437.98456
105.45686
173.31201
-411.81152
20.89285
-110.34873
37.474426
181.95244
-0.99794316
254.06752
-266.94907
62.006397
-128.52061
224.69821
84.7526
489.36008
364.4472
-4.628949
162.45662
65.04776
393.6085
129.28397
-115.59379
-75.2258
-50.000095
-71.493355
-201.34642
-483.52667
-296.39597
496.05057
89.991646
246.27844
359.40118
106.2771
386.34848
-19.293207
24.765747
-18.303373
16.263294
-461.58746
301.6559
101.86906
25.539064
75.93552
-89.68678
-342.47052
-357.301
-428.2428
8.837722
-154.0638
-86.778564
249.70903
-72.57604
-115.234886
-188.83398
244.87122
-45.62473
33.60596
3.6515448
-299.6908
120.91546
88.70847
-617.35535
406.37646
30.703724
456.0179
222.9132
157.04732
-145.46916
137.57564
-316.75293
-210.72919
288.37213
-332.21655
134.07896
-436.07614
220.8736
-116.72115
-147.59612
-285.98877
212.70499
263.80914
-120.27758
-275.1597
216.06921
233.2297
-513.32056
-152.97179
6.1205444
-446.46347
188.92093
208.46944
416.6371
-462.98813
129.43654
60.571236
-437.02847
-257.499
-207.36629
6.61857
230.46112
40.259995
-175.65685
361.87543
-391.22284
56.219738
-345.62167
-306.94614
-147.57838
-113.62587
-76.44491
-38.167763
-55.547665
81.47987
99.84709
78.66163
62.577477
511.63135
132.84886
8.228917
235.26778
50.54857
181.0913
609.1199
-190.29768
457.92703
-123.67756
87.829796
-303.9227
102.80442
599.27454
480.13556
152.89787
307.40802
508.05533
-363.82367
-3.4749863
363.53036
-75.33271
-142.29094
-106.74335
209.45023
-59.65523
-611.8197
-170.45886
-223.32855
348.42953
-284.94162
-270.13773
-447.34705
128.59032
-379.81396
-151.66719
-197.09798
181.00673
-278.55777
-208.60974
39.628666
-351.27243
42.26084
37.200535
257.9947
46.48215
132.79962
211.39696
-40.636795
-83.21089
192.96025
332.20667
137.56549
-266.84714
-73.861015
235.69984
-289.195
-229.64777
-254.67055
-113.450676
224.83038
-41.59252
409.01004
-57.97295
-85.57302
104.414406
-212.03967
-439.28534
-218.5082
-318.53394
271.28354
-61.7717
-147.66565
368.1706
-18.304623
-136.24756
187.16014
-279.99368
-473.761
390.31247
-13.8537
-201.11147
303.36096
-377.5762
-160.64215
264.34528
217.02785
-236.81348
44.225677
565.19525
244.72955
519.143
177.72244
-295.0332
-202.28156
-70.606514
532.70917
57.111046
-31.355173
131.70485
192.42252
183.39177
330.4504
-91.67038
306.65338
85.45501
-1.0782225
-90.30466
35.86664
-293.75345
10.258795
-602.9227
11.613087
25.044973
86.262764
-97.03612
-41.5426
-35.662685
324.4261
