-222.02184
50.346375
-99.50688
-89.39013
35.983837
-86.65816
14.3164
5.97356
-35.647076
-76.01163
36.87971
-143.75154
89.250946
-112.83133
46.37832
-8.163438
-111.7929
-141.80844
117.51104
185.67104
96.46635
149.92879
-6.900378
30.782858
54.311703
41.12706
128.85721
88.71333
210.83679
-20.763674
126.085014
22.415499
87.83456
50.46655
-198.28557
5.6919003
-17.363884
-11.200255
-137.13309
4.722981
112.666954
124.961334
-86.63882
66.29164
-114.50756
-91.17312
-80.8947
2.1419203
138.0131
71.44294
-5.3975215
70.60331
-59.585693
216.77039
80.09835
-145.71999
-44.57081
-129.96585
-73.852455
33.284176
28.668226
-71.04628
-49.530888
-8.603604
-48.883976
-203.12044
-31.146074
70.35932
109.73008
22.213346
-5.838473
-55.85314
84.62844
20.027966
77.78329
34.200287
2.1006227
39.333843
38.969917
-31.201866
-19.996399
-45.964886
-14.634047
6.6694527
-62.08569
117.41181
-87.15963
-6.6771584
62.971584
-21.151327
57.269035
-47.145683
56.00948
-10.051787
-45.648922
42.355515
17.44828
-29.285397
15.468896
-57.446835
131.33397
-117.3139
-90.49383
-61.685917
-50.03514
-12.4854765
21.389532
49.909416
-43.19321
-117.81439
-138.93875
-17.585323
17.846422
-11.377536
50.556683
-137.96822
-67.606415
-52.27842
58.374466
39.745266
-20.998177
193.27867
43.114307
-80.530426
-13.049475
-133.94017
93.59422
18.44002
-6.4991345
-55.12039
10.022248
18.834906
149.18367
57.51945
-73.11898
-33.452656
67.0848
-9.899096
-9.735908
3.3800397
50.184742
-73.25508
-117.29626
-7.109746
-89.82566
69.57915
-43.76312
-69.87247
100.452415
87.513145
-46.02562
117.948135
-48.898968
2.9550066
-140.32007
29.114128
-82.73233
155.3034
87.92496
-92.26705
-51.022045
-119.481445
-120.32011
-180.1581
81.88236
-30.996244
14.939677
-15.458345
115.502426
-92.93056
109.483826
21.82978
106.31685
20.57872
-28.966679
39.67952
-29.124908
63.580532
-49.238197
152.54762
-41.568726
-9.171513
40.056217
157.16156
-73.09933
60.912712
13.041662
-109.80432
35.511284
219.62521
-94.41756
163.71722
49.43257
-82.86065
-54.407673
-161.5919
-77.71698
-58.176304
-121.919334
13.8308525
91.4106
-28.517363
-100.11424
-87.848564
72.12959
36.25366
-32.53723
-74.879036
-106.68898
-52.795593
-111.06705
-123.917694
8.4090805
48.677464
63.397057
-158.39525
-162.29366
22.083588
85.12666
63.137608
-87.97238
121.815094
-69.51568
-57.53954
-32.69886
65.6237
-54.65751
12.171762
-41.773113
60.685295
47.458206
86.66101
44.277824
7.7628636
-142.94705
41.292362
-49.317684
-73.46691
-100.511894
-100.11482
72.42775
-151.31479
-54.12505
-56.545364
24.879477
121.57608
80.17678
-19.995323
20.159025
-152.023
13.638422
-89.191895
10.008755
-60.778778
-72.422905
106.44627
22.394613
-56.09926
157.74037
-70.04077
-107.7691
-20.673994
-112.686844
-130.71164
-77.01129
70.49246
134.09952
9.059329
102.38776
77.48675
-75.752594
-145.77979
-71.53789
23.203032
27.319832
-7.2710567
-19.55567
-10.031984
-89.12
-80.264404
28.468182
-32.13042
-3.9409194
-11.493698
40.31109
0.22348881
25.03219
76.274475
-144.32372
61.56754
-108.57473
23.867363
107.02847
-135.40887
36.098736
11.683475
99.845215
17.73767
61.069393
88.38567
48.65155
-114.62833
109.15574
74.86576
-4.6194158
-63.22953
-96.77565
21.273546
-49.113953
-7.3835964
-160.91872
82.39826
-40.785355
-116.39816
85.804535
38.95023
-53.34987
100.927376
-40.574017
-31.752174
-65.44161
-54.257515
45.57034
45.324074
43.930042
-13.753146
-114.11665
77.786255
53.317226
40.12882
-34.542908
11.001742
-87.3926
-63.18387
102.7426
104.71877
18.376244
-20.290936
-178.59253
46.041363
68.47665
65.45453
-3.5220156
-87.81941
-148.61626
100.70334
119.725075
-35.02813
146.12373
-30.262032
25.43113
133.60567
-74.64275
-160.06752
-36.534393
-7.135035
-14.856614
109.30549
49.171986
117.34623
13.448218
197.75009
25.353737
15.973441
-51.054214
34.511383
-72.89376
157.45134
42.128857
133.51491
-27.9665
64.83933
-30.043737
34.95919
68.9558
-92.16549
-189.50061
187.26683
-62.764023
-40.530758
-46.35532
-101.701965
96.3434
23.96491
-13.520196
-81.74026
127.12515
-106.87337
-14.072093
2.632217
57.80281
-47.39783
-25.973118
136.69203
0.07810366
57.530926
-15.223001
27.822615
-15.609928
5.0340757
-52.01624
25.182043
2.2108119
6.734099
146.0535
44.471096
96.84621
35.25523
12.906009
-28.064407
-49.354145
-34.6679
88.47552
-26.506947
101.43255
-71.28831
24.129272
-20.789894
76.385216
15.710136
-12.4691725
-104.52394
-91.33124
64.22469
46.66709
126.491264
104.54599
-7.2776766
-4.9751873
-277.22385
25.601988
-134.11856
-80.24776
97.871544
101.962135
115.63616
-154.77287
-104.851875
92.49232
-76.94872
-47.788776
83.82445
-42.583942
-15.499592
12.488162
-42.6127
61.88741
-30.448328
-94.87766
-18.15335
12.908461
65.07708
-77.13846
-150.27057
-40.537895
-100.25897
25.962648
-3.6090784
-59.26852
-115.539276
26.756659
172.02222
-61.125286
118.994736
-79.339294
72.312546
-38.633892
49.96607
-36.682835
132.36586
-99.72525
126.14829
48.892136
23.477022
-10.037333
72.21536
-23.633389
-95.48606
-46.678295
-59.35778
-63.28653
-134.97594
-65.250946
-19.037369
-57.50679
-31.241655
47.993057
-68.994316
-78.57091
146.38693
-68.3785
26.723692
51.637
-57.8196
-32.16982
-25.738022
25.35517
61.031372
55.239326
24.257854
-117.95124
-144.1327
-19.280958
-0.22764194
32.514015
-20.179213
-66.08302
59.657677
27.98797
164.1867
-53.74057
-51.746643
81.868004
186.83522
67.45117
106.93517
-49.484634
78.68684
-0.27297795
-35.85254
-167.11957
135.43161
104.174644
-78.56242
-55.058792
38.179886
73.43042
-24.330887
127.09282
57.338085
-94.13755
73.58296
14.609035
23.746002
-109.05494
-1.4269207
21.90718
-158.20047
103.16205
16.47488
171.35507
-159.59499
-167.78497
-32.94393
-22.647926
113.62634
69.51248
2.071113
-40.722614
29.540398
-13.192031
136.96457
-33.845875
-151.76505
-7.0710907
-90.34232
51.81224
129.05055
-68.10968
99.97577
182.18445
61.74439
-81.672386
6.8543544
-57.04484
-8.243482
26.32157
86.3947
-120.53459
129.54883
18.80678
21.946411
172.62201
145.73508
-86.72059
-12.969775
-85.228905
71.9425
31.319946
-158.29892
-49.33293
111.291954
-23.302982
76.13058
247.5235
26.346111
10.451756
-63.146698
-194.82643
63.083393
68.924484
-77.07543
-49.152924
-47.11829
27.13212
79.17256
51.446854
-136.5793
10.004245
-37.601162
9.231062
12.601384
-44.928185
-16.700937
-9.273045
58.706917
-9.800102
-247.80284
-16.328476
-38.030342
19.337702
-36.96001
-14.5942335
1.445138
-15.255628
49.39029
73.65486
-106.53704
2.2599719
10.597655
110.45735
1.8300822
207.26794
209.46002
186.7632
-46.012318
-13.053841
71.50435
39.936104
-50.0031
69.66567
32.01847
119.41341
-155.85103
-50.85115
128.43204
67.03549
14.311825
-78.895256
-42.058582
-33.62575
-124.297
-118.767296
-112.61576
-11.214759
161.30264
42.98358
10.126437
22.550037
47.425114
66.65596
-9.240483
-88.120834
21.847458
-66.127914
50.561802
41.56292
85.550995
103.51585
53.327858
-69.07681
-78.852455
17.307926
18.013042
-92.59837
-20.118853
87.64906
11.134245
16.359837
45.569466
-35.816273
31.495726
30.098673
22.055676
-6.1394014
-69.424065
6.7111025
41.18406
19.401707
-91.123314
-14.212089
104.15665
-9.97902
91.59787
54.41079
96.45989
-81.32209
67.141396
-35.799656
-13.686499
-94.09482
13.9153805
37.465
-19.04863
61.114597
10.707527
81.497086
-8.145593
-46.456573
-87.12296
47.153034
-96.12122
-68.66693
69.19439
57.432816
-99.14763
23.039858
45.388023
54.873558
-25.74961
58.07694
-33.341473
-198.39586
-59.74456
210.91553
11.686842
58.708794
11.278251
19.295925
-0.9264059
-14.629958
42.417915
-159.34712
-6.9633894
-41.916924
-51.580853
22.252508
-88.875565
-19.605446
14.72848
-85.035614
-1.1853173
-133.63844
161.89804
-8.367579
99.11353
68.993355
22.022057
-221.16077
43.718376
-25.076733
-36.98277
-109.18757
77.76109
83.45554
2.0012195
39.15494
7.2765055
-124.1226
25.431492
-26.145586
19.38627
39.651863
-3.5191398
110.68407
44.45433
13.395358
77.058495
-63.609688
-10.122849
-138.07478
-146.5392
21.80137
50.426453
34.586006
-19.364222
107.74679
-62.101402
25.619255
103.48943
-85.94696
42.381134
-54.57327
74.30981
-136.82979
-147.06432
-34.67513
91.35403
6.479627
95.82601
30.176844
-142.56969
-15.025922
78.39623
53.855576
10.532284
45.188828
-89.65383
-174.81499
-9.14158
139.53154
85.74807
-74.05393
-81.006485
160.3497
-17.654629
-49.428383
-132.14978
-0.3767038
132.7855
-155.14491
82.52461
-84.730095
-46.218575
157.40457
150.3321
-137.68996
-76.113914
-133.64865
-44.501648
-47.462738
-11.172188
-34.295464
26.972822
23.942211
44.939987
2.4912515
28.26136
5.179653
-65.0229
-121.236244
-73.1336
28.136242
-56.34994
-67.08897
6.392728
84.44932
-2.681232
-47.048817
35.05308
47.558605
-41.815685
-22.82115
104.656975
49.69689
138.60097
-74.14906
-5.7676215
48.723225
-54.965508
-72.082985
14.530861
-100.5345
42.660603
-23.438375
-13.320595
54.902523
-0.38735574
-17.199749
150.37825
-23.917446
50.251423
-67.688705
-22.943779
74.65963
63.39824
-77.03905
-78.811806
-5.1275873
23.746439
3.985637
22.070595
76.29059
-93.64992
6.3271832
-3.3367434
-49.576923
7.898324
-45.894
17.915955
-52.651768
137.39053
-109.61088
-125.98293
203.33073
73.44665
62.848404
-98.47079
-117.182655
-21.387308
38.03486
59.038143
19.14904
-26.749544
-122.82902
-1.6552825
91.8492
-24.070333
-34.443176
41.342854
-21.133898
-124.06599
2.619969
-118.75156
41.805843
-69.378746
-56.492958
-57.724472
14.565723
165.24994
9.705288
64.20662
95.55823
34.358875
-23.155634
71.057755
49.089275
34.115467
-17.683321
85.72787
-6.5343213
-29.690891
45.0528
-70.683914
-60.379326
-76.424835
9.239812
-24.392178
-66.491875
-126.162506
-30.157612
41.51406
10.266898
49.433422
43.503944
-98.66074
-9.30563
-98.60263
18.517994
-141.46315
-7.4473305
27.533283
-141.69656
35.160416
-65.116394
-16.447414
-35.791485
152.89096
-49.811077
38.493954
-74.69717
41.63525
-54.80719
-97.566154
-25.824606
-92.43343
-114.537704
2.4309244
-39.83105
68.18477
21.191917
27.495718
-66.43862
-15.963764
32.794373
65.75399
11.630139
61.28454
-123.96289
-24.80214
-44.948555
-75.428215
1.1430018
-80.82772
-85.02159
-8.744966
171.5111
15.516234
125.03889
-98.964905
8.671563
-98.72689
15.47904
-45.79544
-162.43272
-20.475994
-58.013924
54.912003
24.490126
-125.604095
-25.998613
192.25949
-14.954289
-23.383472
46.510155
14.698178
-57.703133
6.954056
41.45063
42.26521
6.2605796
-93.61956
31.601398
36.087013
27.42766
99.83508
79.49317
-76.8976
17.77699
-27.245964
88.949165
43.39535
-44.240932
-61.076324
-16.641607
-136.00404
79.384445
-33.752174
197.64752
20.586283
45.712055
-109.37567
29.2607
58.661194
116.78168
-14.571945
-37.62231
-67.58893
-14.85145
-160.95705
-64.43277
128.2636
-100.56099
17.590223
-53.657925
-70.64551
27.671715
-261.62183
115.43889
20.898476
114.53772
-207.30856
69.81226
-57.292854
-87.188644
-7.975068
38.256363
-176.03735
-37.20381
24.267132
39.884308
174.3484
-24.542826
30.176445
45.839157
151.80588
-47.731014
50.881447
-44.941803
-140.53166
92.73931
15.662124
57.30139
-61.685257
-17.531672
-27.28509
-173.42204
54.294563
37.16038
5.471167
65.57151
-18.777334
116.787506
1.6593976
-75.77569
-145.54549
-23.306284
80.69597
-45.591324
-51.36324
-32.201183
74.3851
-126.38365
-84.46115
40.95888
-126.617035
85.35317
50.266342
-21.165133
-7.895447
18.57893
14.253713
-152.34077
6.8534355
1.8025635
-31.149754
60.897697
37.914944
186.75009
-77.71265
-2.2864206
28.424007
181.82973
-58.747272
-186.5284
-78.57224
67.66178
60.13387
-20.230972
-76.422844
28.330513
75.48644
4.797061
-148.94644
44.425735
82.44385
-166.73915
21.286839
114.7863
70.36356
34.446148
-22.454306
14.168759
12.749264
-134.7268
-31.988321
-135.14099
34.991966
-58.252094
-2.9435694
-100.32704
-81.854385
243.83658
6.865027
-50.56408
5.8599796
-1.6959003
-113.4256
63.82616
-44.586086
-119.57897
-29.181
-49.41748
229.86493
-32.623783
147.23763
91.57052
82.679924
-21.18518
92.09889
-146.78241
173.35822
-25.552849
-123.43345
96.68684
7.5428047
-31.897722
91.50974
-51.77844
-2.2143877
-70.270195
161.73372
-144.96976
-107.108635
-53.455624
-192.28963
11.445523
27.57606
-99.198006
-19.653633
-29.021383
-45.711582
-106.866455
69.47365
-92.81833
122.29625
137.38623
126.12739
51.617977
-55.599136
1.3915083
-120.27038
-31.024899
-121.42991
169.46252
100.882645
-134.2922
-51.19769
1.8533463
-50.301083
163.33473
69.91359
-91.1871
62.71111
112.63066
-31.305313
-4.4211063
-29.07811
91.106186
-210.8965
24.179337
72.825775
-147.08673
-143.85927
38.344837
-33.97758
-67.52786
183.88829
-111.17738
54.27554
84.315765
-60.53216
-74.34787
-86.81428
9.269363
-196.79343
-19.684423
-154.37186
45.57727
0.44713038
-146.43164
64.04768
-54.281643
108.08132
54.784863
-16.872982
-34.398
-39.600967
16.882404
19.87753
133.7032
45.41391
-121.60635
0.07892895
-51.282944
-11.406939
-88.57944
27.640545
-12.101861
103.85034
52.72452
-20.358068
46.950096
124.58225
12.115982
-40.298416
64.61012
9.266983
55.570637
86.967354
-162.82025
63.92363
-33.375847
61.449905
-160.32066
48.111996
116.44114
-90.19091
-208.77676
50.951492
-12.027089
-60.249416
-220.74092
-133.7129
63.66107
-39.772007
-200.5986
35.713036
116.60728
182.76991
-134.67381
129.35533
-183.44104
138.50023
-0.4041202
33.9662
43.52959
70.03454
-35.060757
-70.9253
8.981077
-30.462368
-15.679734
-8.170199
-4.412861
83.55395
80.09829
-32.71063
-40.134468
-99.60631
85.293625
-81.84166
-72.21865
-11.978035
-24.12549
-2.9810543
-118.3209
83.45212
-14.304873
91.69186
21.53899
-25.78567
54.392185
-60.715595
-29.947657
-12.079137
66.50431
24.155764
18.164524
36.937412
51.790783
105.28013
3.294983
98.80132
-146.1347
-51.01172
76.67065
99.73494
51.465073
-43.666126
30.313246
-17.192066
94.99205
-152.58456
-25.593603
-66.13291
50.683064
-182.59686
-101.6756
-75.27662
-143.55751
-25.884613
-138.3636
-36.035988
-183.6523
37.17432
54.40235
40.563034
17.75842
-17.657686
182.55348
150.03787
-22.82319
43.081944
50.074883
96.98967
92.881615
-84.71394
61.531475
-69.591644
-33.673138
-153.87228
169.59102
-47.780045
-71.29626
58.844006
-24.777147
84.85799
-20.346409
-38.138237
-2.718413
101.71368
-16.48405
167.76826
-16.751389
161.68167
-99.556015
-44.94479
-58.665882
-118.27828
51.811214
-18.057112
61.078617
-41.728855
-147.90796
-59.95218
-24.719667
23.909891
22.198626
139.10889
7.3144817
12.030766
152.48404
174.84373
-56.71061
86.47834
-2.1313014
30.737572
-55.051277
-169.35956
55.775227
-48.663353
-93.08297
0.70789254
-25.893877
14.325218
-27.6296
76.08112
-99.61882
45.27715
-92.15196
-0.5834079
-45.56769
155.10075
24.564737
-130.79446
42.754646
101.63109
-37.54895
-47.93338
-76.793015
104.61307
-12.092819
-261.3828
-66.99723
-63.117603
11.14871
-21.720057
10.99546
42.953197
63.130283
1.5150971
-4.8712044
-149.2029
-155.63104
70.07594
-29.895294
38.525463
211.25272
4.351643
-52.30661
15.25543
-89.94817
-167.98067
-24.17538
101.76437
9.319826
-4.671465
-83.7242
183.01529
-55.48671
-0.732538
71.88163
-146.4265
-4.6605334
37.86743
10.045778
-71.64782
-16.38057
-37.320095
-86.71646
-66.84371
-5.3738904
-74.95504
39.21244
-28.466688
-128.95883
-228.0312
22.105345
2.305024
70.61039
-24.198332
81.033905
-45.5086
-63.81676
-24.898975
82.74266
-138.87918
-57.3408
-86.81007
10.70422
-72.293274
-62.031452
115.15699
-58.31153
-115.2957
26.207434
-18.602062
-32.014595
-67.7031
-150.96057
-84.63922
-160.41927
44.25134
67.33383
-19.873903
73.04286
46.159637
90.01188
6.267067
-25.424038
25.569551
-15.813739
-171.87471
-104.37068
45.805923
-28.528492
-3.2706275
79.042595
104.57794
-47.06003
-106.404366
115.92729
80.581665
31.218655
137.5239
87.581795
62.22067
85.97386
-17.519096
79.67743
-33.134727
168.60373
-85.30603
12.859159
-84.26334
-57.800774
154.97314
77.64416
-51.95656
-103.02601
83.741806
36.305077
72.459755
-12.071496
-49.559925
-39.604282
46.901405
-22.513184
-77.79316
147.15834
-9.358453
-103.64884
108.2246
-14.807998
13.515748
-42.203186
165.47693
23.215075
135.34674
-12.314465
-30.561111
-163.99629
-186.92697
35.31061
-123.55891
178.51488
-143.08801
101.995186
57.841064
-8.163473
-63.795937
152.12492
56.3191
-41.468956
-64.26481
-22.334845
155.34047
1.420735
-24.67444
95.750725
25.213852
170.6196
86.91215
-3.3335721
-66.50103
162.15395
-104.02504
-22.796892
-64.04559
-144.97148
-49.668583
-35.730446
-3.5509393
4.302033
-1.5976291
102.68387
-56.744297
-59.201385
28.25392
65.3626
195.8028
-79.65603
-92.81023
143.75192
62.499397
-21.16106
-2.820304
65.14388
79.6382
52.543533
-167.2835
85.0736
58.217216
6.3472137
28.318026
13.740705
47.65407
-36.900303
-102.26569
-22.409687
86.9453
-17.9189
39.82274
13.3935585
-15.212494
-67.721275
-60.678356
-2.222995
-232.05176
43.882614
-20.741106
-87.4044
-49.843086
83.43057
220.7758
-4.628641
147.67683
83.23571
-40.38412
132.72
-80.58584
35.915474
-1.9888239
23.250713
-87.80001
-13.715247
100.53087
-44.713898
-0.4751979
10.888254
155.72066
37.316742
-82.03728
90.61333
-74.0126
40.087505
0.22716922
-7.6982923
-129.48695
-141.32391
-132.5761
7.639785
-127.704926
26.131035
-78.41673
16.138813
-130.4759
52.97436
56.72649
-73.73814
-0.67530036
-20.200975
26.328136
213.41176
-25.67454
42.810436
-44.932938
0.45679533
-50.714115
1.4731016
-36.340275
64.87823
40.062912
73.07625
-104.78868
25.836214
-30.81249
-64.80299
-77.72312
-24.718977
11.5828285
28.98505
-89.95723
-16.83157
-61.62075
40.328915
-41.011456
78.75797
-100.43152
66.62456
93.83612
23.137146
97.512566
-157.73155
91.19285
-106.76915
-41.447895
-21.00536
36.114433
58.56798
-125.87442
-188.2326
119.922195
-19.221855
-98.10602
28.966454
4.0217414
-89.656425
-128.84914
-40.50861
85.15855
17.117674
87.67448
49.93613
135.38356
67.92091
-50.9023
-13.798456
191.69843
60.05938
19.22929
27.627975
-3.3320062
144.9081
5.5331264
105.04387
-124.92224
-0.6215361
-0.93089473
-179.90076
-55.74518
109.330925
81.35366
-22.431963
145.71577
-233.9803
227.54738
-15.515893
-55.30058
110.66612
-31.746159
127.98213
-19.672354
15.413765
-46.640476
-26.651726
143.27011
93.5604
-99.4547
7.5782857
-5.6782765
-30.65155
25.2474
105.24157
-25.184631
78.91094
55.020626
-13.100486
96.95589
-11.615123
-24.939487
-39.819138
-19.856918
0.33497003
136.80635
-31.953539
52.511353
-104.768394
104.13529
35.854008
-105.06107
70.0945
-142.69992
29.396515
-3.7068121
45.61234
46.106133
-91.54768
20.901608
-6.829672
19.068708
51.79362
-151.21786
-140.72144
-120.10651
32.728966
2.893804
64.69563
29.971247
111.952995
-42.289932
-14.199526
-86.823524
115.06725
40.879772
135.63148
67.677826
165.3354
21.766226
10.817951
22.282171
50.383186
-44.81871
-47.10092
109.82771
-6.067893
-38.253197
140.70398
-18.30813
30.626451
47.780483
37.212044
2.554143
0.75498605
64.627686
-112.38992
-101.49207
47.003777
99.3221
-26.122284
137.86548
76.83469
-8.27181
-53.02205
-7.2255077
-97.01178
22.677156
-60.065342
110.85748
-22.208097
166.40302
-47.33254
120.682526
-20.15603
164.09421
57.85232
-93.10742
164.86339
-57.009556
-85.96496
66.86394
76.27849
-16.172504
15.003716
-59.4084
14.281705
-163.44168
-38.13227
-30.109932
119.72987
-34.991413
-25.637882
-19.093973
79.928345
74.40116
-128.47948
76.08476
136.20233
62.320892
-46.59755
-275.66302
-51.97567
-28.163498
6.9245014
-28.320004
142.70778
-82.90361
-40.60173
-98.86878
-65.761505
-137.37144
3.8732405
-108.18943
35.557796
26.642048
-52.16991
-38.123447
32.658054
-192.90594
30.789246
14.695634
140.42435
-108.91813
19.457664
45.064552
235.88904
40.473915
-40.763363
63.085003
38.00532
-88.23133
10.058141
-45.538597
-129.88762
-324.1378
-26.772356
-25.385576
-74.349655
82.398766
66.51457
167.94986
-149.3816
45.11079
-41.129288
116.80501
-61.946774
-58.60392
-151.90768
55.885326
-85.41702
-3.021786
-30.981974
-141.31158
64.27203
66.023254
144.88893
74.2211
7.9527526
17.786652
66.48501
53.87594
126.26228
-51.703148
-13.806292
47.78596
19.667751
231.78073
12.21874
17.039045
-18.143759
-12.933218
119.599205
29.388988
52.597744
-40.347233
162.69456
-31.168947
24.171389
-57.12709
-70.78546
-18.67923
185.67146
-204.64568
36.262585
37.751694
84.71641
97.041794
67.950554
53.822014
-0.18513238
-100.56476
201.33185
68.08362
46.020256
-9.780766
30.00212
-33.443935
128.83572
-10.705991
92.811005
-151.6681
38.23226
-72.8262
-42.21165
-24.701164
0.5271951
-51.049423
-19.113869
19.61236
-67.4788
-164.21074
-50.34291
134.29776
125.31425
-58.529655
128.10536
33.433193
-21.383852
-79.414185
-70.711205
88.23689
30.063274
53.990845
-2.9613006
148.47781
47.782608
-55.031185
26.429977
173.0899
-82.33077
123.53661
-21.433567
-39.40628
46.549522
167.83109
-13.857621
-19.260153
-80.37279
-179.25244
98.12601
60.44463
-243.32986
-291.4898
-10.776808
-6.1445284
126.31573
-5.1262827
-30.71167
-41.751698
72.396835
101.191925
89.4021
-15.501848
-29.445011
-37.269867
21.437838
17.073915
176.56317
86.701866
36.21664
-182.23735
-138.36453
216.89557
-158.85292
-120.23323
83.98144
-16.286678
-91.878265
13.793041
45.850864
-97.572876
21.3107
9.078217
-36.89879
-130.23122
-168.69348
82.388405
2.4299233
-9.369463
41.320194
-25.040071
84.11075
131.78229
65.03411
-62.885784
43.234364
-18.191631
-56.60357
-59.596333
25.493162
27.9642
62.475815
65.988235
-79.42151
-49.00822
68.953316
-82.768776
-122.62047
-48.622448
-4.6405272
48.609524
80.70729
10.761815
64.0186
-156.73639
99.068634
0.11806393
-3.421098
4.433977
23.58545
0.019518577
-10.097722
-10.963117
62.43036
-70.47541
146.90166
51.744232
129.40273
-22.23515
-46.773766
70.35696
102.19328
-93.37608
36.80453
-67.92759
184.5524
-62.554726
-242.23894
73.42446
-13.2279
-52.859074
-45.262268
-3.9434383
-220.20888
-126.33214
19.077955
182.3009
223.86053
-34.13189
-47.17064
-69.40191
159.10733
-30.821217
30.3777
-43.98806
34.131416
-22.28177
-61.865223
-37.555164
75.20394
133.0976
37.254295
23.296505
181.73795
83.20857
-83.25759
-79.22891
32.303864
-115.56736
-52.681404
-10.899676
2.9493723
125.90671
-106.723305
67.256165
2.2530308
23.988234
35.40128
-167.39241
-22.608294
53.307865
142.52966
-52.936348
-102.938126
-64.504524
67.84256
-125.92163
-4.999243
11.028636
-7.2729
-11.447168
18.107023
1.9883919
-49.908867
0.094429255
-97.77167
45.719856
100.74972
-82.53017
114.865814
19.843334
50.1443
55.611332
-60.59915
132.54243
139.20111
-56.18126
14.9174
82.72237
-189.33504
31.946547
-56.723488
-61.70717
48.95506
-100.93228
50.5696
15.335023
19.501741
-101.56071
88.11129
-1.4304988
-111.10646
34.938663
16.761992
41.423332
-36.316895
14.489492
-64.59023
53.23223
-4.385017
138.2828
-151.89246
-47.261444
-60.090557
-101.740746
-33.012833
99.78932
44.50617
82.14891
78.88872
-69.55713
-45.029675
-8.964733
-27.680004
17.881989
-110.86377
0.52458274
-109.55131
-1.577321
90.24351
-75.78253
-98.54009
81.07275
-96.3054
-49.198044
35.91726
9.5537615
-55.054367
89.582146
184.28264
72.19373
44.1241
35.33054
79.012856
-57.225353
52.308624
-83.58089
81.67254
62.814587
97.29855
-212.11058
75.39823
-36.822918
-22.542036
-133.41208
40.107803
-112.03723
128.78857
47.97432
-58.608223
51.720272
176.40555
-131.75673
-39.156162
17.906366
43.98908
66.43105
-4.461649
95.91307
114.297035
5.411907
58.73215
79.14116
10.439451
-61.2446
171.08815
-17.64662
-11.0471
3.620412
68.954506
-21.71867
-70.363014
14.9403715
29.505974
26.975174
54.32404
60.35283
94.255104
182.95938
57.6789
-3.3664541
39.566517
21.51047
92.89714
-23.738756
58.203365
26.9293
-104.258675
16.81961
-37.669197
93.58643
22.54558
-146.0377
10.98048
-65.96338
25.70324
22.84673
37.732426
-92.2136
224.97821
5.57925
-12.012458
-31.689173
-97.581764
71.231705
-143.98456
44.56754
106.00427
-53.329567
-0.07006025
-5.8033633
39.91827
-82.677986
141.54959
55.310715
102.87516
-164.9651
-104.0237
-2.325978
-35.120876
-41.653633
138.70741
-73.10804
-36.80559
-45.27605
54.426094
10.028466
17.743723
-64.51222
-65.301796
82.22892
65.765305
212.46399
140.07011
54.243935
199.9431
72.38021
-1.9748483
-120.44082
-4.761149
-36.248844
-61.123367
-171.86166
22.573675
-22.142527
37.532795
-19.060846
-15.360534
-49.429585
84.60863
-51.545643
123.99744
-62.49177
27.347246
-155.94313
-107.50985
99.35918
118.60628
-88.50007
69.946655
4.6423936
-32.12836
151.23376
-10.974692
83.812195
-76.65867
-7.9766154
64.40207
-103.5585
118.55654
56.284
127.1413
-62.093216
-55.391113
-10.82656
-138.14851
-30.350233
-47.682674
-76.358826
76.79961
-136.16475
-25.793552
-45.483063
18.989105
90.24391
-206.98195
38.88886
34.717117
15.39443
-137.38748
76.559456
-1.5352273
-66.972984
27.720995
69.0352
-17.588434
-2.3951101
-74.46181
33.776524
56.535397
87.02251
-142.33655
-89.312546
-42.119553
57.003532
-20.8643
-62.81524
1.6875108
93.43931
1.1765008
-118.59861
-217.61415
-105.1032
-27.483202
28.21038
-160.96143
-90.49979
9.40396
104.17406
-116.54998
-89.70385
-62.136993
3.7627192
22.81669
-73.59164
7.314154
-9.0756855
-14.6598015
189.55826
58.826473
-34.525074
-14.236957
64.07571
40.447796
4.5090284
-131.16481
-59.65689
45.19883
57.782547
7.807641
13.400674
242.49892
138.45247
131.70076
-108.026634
-50.714314
-76.84069
76.75244
47.26012
-259.19012
64.79263
-134.09457
1.6006125
-32.590286
-36.988407
173.35573
25.446814
-60.225716
-48.528282
44.215527
136.28021
153.10445
-75.78798
-179.2729
-3.4838755
42.352432
167.34439
-39.839516
-37.180138
-82.83534
15.620831
149.41014
33.001938
27.58458
17.573614
60.617344
209.88292
-2.342149
8.202114
204.60402
9.6356
-12.19935
125.62415
-37.29726
44.633415
-83.25265
38.969097
-28.551245
173.5472
24.37939
-97.50677
145.76141
118.8237
-16.467323
-24.946905
-242.70627
138.54242
47.854004
-71.99466
-93.48081
-18.389715
-158.78816
121.43993
184.7897
-37.222706
16.985214
45.472885
11.559049
-30.695143
10.06983
53.073566
25.340622
-87.17109
-72.22085
-141.84166
4.9874554
-7.415319
35.49016
-169.05486
-85.14173
-38.455704
56.9603
-59.76443
26.042973
94.19738
101.60563
75.318886
-40.63162
-112.61219
1.6420586
59.798668
-113.62579
13.275705
58.964577
-23.752443
-72.14642
-42.916862
58.348778
161.41597
15.374748
-32.1576
-63.625244
69.08358
-106.54657
16.231153
87.2009
-9.00478
-217.82097
78.75201
-25.566986
143.01126
29.287685
-11.022852
-10.151313
72.305
47.662075
-104.07668
96.76115
-111.33119
-13.127145
99.637054
-33.82334
-44.400715
108.42584
7.1092935
-71.893456
71.89924
-76.982994
-63.892384
-56.893616
-171.75471
-91.68735
109.04565
12.589584
-31.202965
-56.697178
94.32471
41.5499
103.32759
-5.2367635
17.58617
-28.598642
-60.690403
84.54214
-77.41941
-18.545889
227.1207
-42.297832
129.45364
94.852844
73.192444
-21.816706
124.52709
-17.571552
111.03598
-51.70424
30.02031
-122.94989
32.86913
-81.49992
38.952923
-26.838614
-100.9765
123.1881
133.59042
-174.52867
34.029324
67.62525
-181.81808
-43.63035
-153.8185
-81.33243
-153.1536
43.37136
82.69125
97.66791
-43.531506
52.323627
-62.405098
84.30071
26.44887
131.55159
-112.90059
54.955986
5.759066
177.16501
38.085938
44.623165
69.993065
158.69098
-3.6559396
70.66896
-88.728424
51.562817
94.13886
-171.86957
85.44531
-20.879017
-90.09612
-100.87961
146.31195
106.20603
153.16075
-11.501764
78.64846
90.091774
-201.05812
25.802563
-16.203419
38.111538
61.67205
1.082853
103.301384
107.19921
28.0571
-98.71445
27.210907
60.131382
85.23816
-2.0380073
140.43806
11.873721
136.04158
81.55687
179.54498
-140.18053
114.515114
5.479804
179.85686
-26.27855
-81.03347
49.154667
32.263836
134.49124
-64.51632
-53.690178
113.053734
-31.637806
45.998
93.09817
-43.02487
-76.76492
-107.65356
-124.329636
-39.691086
-83.43779
32.106544
24.689981
64.23905
18.914743
26.911154
93.87387
86.94247
-104.070915
4.575841
121.49785
57.713104
2.0065796
-28.83347
-65.66029
11.019127
-31.28594
93.935196
-74.186516
55.682842
33.13545
-29.098959
-18.642946
126.50856
-55.54519
-21.702456
-51.450108
-39.47212
136.88441
-0.6485151
127.963234
204.17978
-133.42921
-27.46483
48.995235
-69.710144
41.800575
-18.065498
155.80397
50.254482
-137.89989
-28.265043
48.08368
-212.22485
-36.236343
179.55092
68.0044
104.59815
112.55339
38.260887
74.32172
2.4949334
-1.7013731
-99.470116
-70.92589
137.21887
-62.795593
-27.164595
-37.83408
-10.495998
-75.34952
82.09129
-29.94274
115.37967
-64.02045
-42.430973
-39.773014
2.4086044
15.918235
-22.947983
-72.005875
-16.71398
44.685482
52.464603
49.30314
142.26807
-8.250183
40.060787
-4.002721
61.591393
62.63792
59.01674
202.18909
82.06509
147.73215
-8.994206
-37.182602
-22.851536
61.66069
43.619076
74.599304
29.54106
46.578865
93.908936
9.088694
-142.88792
-67.24331
-64.54437
107.282684
-21.851254
-6.888988
31.541182
99.24519
-118.25608
101.80731
-43.404976
34.229435
-55.831017
116.09703
-16.501455
-110.48131
-18.15454
10.953778
-83.70767
96.65089
-0.09917128
54.79179
95.75338
-130.07906
-36.1252
-14.468632
14.0808325
64.87034
-1.0393615
-117.907974
70.27559
71.16895
154.97
24.730263
-7.656658
77.41417
103.90896
22.071512
-88.12107
-88.82669
-43.16557
-94.95274
-99.41998
89.696884
-27.570324
-108.55724
-94.24229
30.063967
-113.07402
19.906534
36.35757
149.90572
-121.81979
-44.569073
-22.16943
-8.474994
-31.083767
-122.942245
-26.72246
2.5282342
-20.431671
-187.80597
-53.193535
4.0693
-59.035244
-122.09585
-115.071846
-1.4324028
135.01083
7.3939424
-108.95452
-104.06506
-84.51472
28.812044
-125.84676
25.90366
31.621998
-178.41951
1.5258819
55.429848
19.31992
39.581993
-74.115425
18.200098
83.96154
38.9341
-187.4527
167.50822
6.293265
185.37372
-140.1284
25.939816
15.591719
-71.803185
159.9427
24.941101
8.830904
-123.02694
-33.125256
82.04804
10.941292
-13.5038
53.073093
20.85646
24.320904
22.70106
50.24987
-41.05095
-30.068415
16.790966
-27.4138
-0.87508875
-3.527157
-79.48905
-50.012814
-8.7477
-106.13694
-66.80568
-70.00994
65.25287
-30.337664
85.37024
-41.156677
-40.76786
167.029
26.892368
-84.07455
72.59952
-89.55972
-48.503044
-71.46632
-48.108368
10.467095
2.0928564
122.116585
27.804861
-65.151985
202.11464
-107.79335
-83.24392
-64.720795
-29.529795
-89.841354
-40.84477
-128.8755
34.13153
-87.62876
-9.650416
27.442066
-56.55982
-25.814209
-18.860374
41.620373
122.62411
12.654489
14.609949
-10.054618
62.3955
-50.14676
6.9746118
93.00887
87.723114
-80.31183
60.518654
31.87197
-112.10532
-5.0495625
-140.41315
-76.32365
30.013357
146.78424
-41.38706
-82.58543
43.011055
-101.430695
-37.782337
97.08541
-35.23513
-63.539234
-67.44417
92.78362
20.793621
83.74322
99.421326
-32.778225
80.13256
-99.10059
-88.17074
48.843483
101.015076
94.76381
-14.299966
-58.581886
0.74516827
83.97525
17.134096
-197.72049
-189.98152
125.15113
-28.359163
39.52263
47.72488
111.77646
2.9730277
81.13851
-20.947937
-176.13583
6.029915
13.606628
-47.864517
5.3727517
55.79698
-10.926556
25.914577
38.868034
17.732891
-23.00718
-27.934883
-87.568146
-125.843666
57.89203
82.692726
28.543278
10.047705
-150.14543
106.834854
-33.52548
-92.48519
18.262695
16.963158
7.591649
-42.357365
-25.999151
148.61667
6.248599
20.007261
64.67148
-54.67428
-8.2529
25.809376
-124.125336
40.645622
-13.081671
-14.244663
-8.411031
-39.50993
-3.9430203
51.216305
123.65007
-53.675148
-54.030674
-32.99757
57.970554
-19.544758
138.40234
-10.448477
14.846418
-56.531876
-24.432068
-12.115468
-47.841858
-186.53477
-152.07132
53.891018
-54.147137
-21.396362
-67.57125
-20.665777
-110.90327
-136.46875
118.853714
24.881859
-66.38581
-35.688087
50.87017
69.57547
-94.21447
-13.098565
-43.09153
111.98579
72.71509
198.0833
-46.272106
-22.228157
107.037285
-94.79974
12.949302
-58.87606
19.622658
107.41888
-26.241796
121.51356
23.455225
-54.533318
-16.036266
17.740562
66.2354
-20.028835
3.3562522
110.49669
90.32773
50.67767
-27.318064
-79.096115
34.111088
-25.340149
187.29764
19.767899
50.691338
-45.171288
-64.5892
79.20284
-41.56332
44.522312
79.53501
-25.880253
82.31044
-43.873596
-22.858418
-6.1419415
-177.9058
-37.077362
-104.346985
110.6045
30.45692
-50.823208
-85.73184
70.02183
1.5333161
-91.08211
-95.94462
-37.836098
-26.473152
-66.90657
115.25822
11.900804
-33.873493
-101.14669
-55.167553
33.030056
77.257866
-19.617594
34.733463
-200.76903
95.6698
-181.41978
-6.4555073
-24.76378
28.098083
-104.80963
181.06853
-106.9792
48.49815
-48.708904
15.586344
-34.144054
-31.205786
-146.18814
-129.7032
97.01261
-82.7277
-144.38194
69.0177
