136.16112
-98.7348
-226.02817
-161.98402
-317.3156
801.4598
-89.91153
-217.15549
117.63112
-241.2738
64.95158
299.78558
-80.1596
-504.4172
205.4409
513.6407
-179.73438
173.42613
-430.3999
-252.27827
-199.19678
-222.77377
-568.6198
215.41486
-59.71095
17.016882
350.78485
-40.70331
621.98553
75.84057
-434.38907
248.62166
3.7547984
309.81052
-228.53781
154.25024
502.67166
312.57727
18.057268
-309.56287
30.160786
259.77264
-316.34625
-100.665695
132.80577
-247.32414
190.4586
772.94336
-517.09985
74.59735
-237.20047
-238.62418
129.84067
634.6768
-146.15497
202.0745
-171.90222
298.46396
37.46062
-86.81932
-506.79385
-147.4108
181.19298
38.187656
-194.04092
161.80032
-76.89268
-325.76038
-270.83957
-131.91434
13.93787
-106.20539
81.32825
-193.75548
-147.96558
51.560215
372.10638
-404.7333
-13.220025
-34.515213
25.002123
51.10045
-447.85745
119.56853
-8.433434
-635.05914
231.49738
-352.2788
61.27436
351.98468
-537.4632
-26.35706
317.86182
94.24929
10.649705
399.65796
268.36902
-14.547717
-94.95153
-122.76581
40.20426
-144.06754
-347.52176
119.58398
13.008876
334.86215
-77.51463
-156.1425
-315.27148
112.17171
-389.7974
280.3269
89.21344
-311.16092
269.00092
-581.4966
-280.00095
112.66874
129.21593
625.5556
88.73947
-583.63196
-42.429058
507.44064
-478.7046
-40.565598
-160.50897
-167.7609
-285.90216
41.94174
-342.05545
73.65731
-117.16782
-138.89172
-145.43147
-298.4205
153.81984
142.91196
298.23666
-141.36461
-79.903145
-7.3869033
-29.74914
35.006
-33.350304
304.7744
-258.15652
196.7756
-124.939224
-334.1095
307.767
-73.46168
450.88663
292.99112
111.67871
304.99475
-2.7079062
-250.83226
83.201744
-728.5618
-409.96463
-240.52461
-107.31382
-182.9153
-238.47081
688.5253
111.461334
48.213215
223.57486
-609.67596
-430.75104
-211.03493
-105.13255
-271.92398
-480.10666
-717.44635
354.4895
-106.45912
-222.19221
-5.1920958
-203.70735
186.23743
366.82867
-306.63593
423.07425
-49.05926
-48.17092
151.4145
152.76974
-98.36031
-292.87384
335.22122
-2.6726134
-468.85416
-252.53513
-429.58392
69.64369
-14.066818
-29.211967
360.19452
-67.2504
136.88916
48.994778
282.6345
-132.26288
-32.731094
-624.57477
317.77286
-346.17896
315.26367
-132.73457
311.0392
9.707172
154.7384
262.01242
203.4106
225.65182
300.57516
435.2127
23.08651
274.07324
-599.10077
94.159935
-155.52426
247.15071
188.37363
242.24985
-35.314487
177.7209
-90.021255
-90.90085
-4.9758396
1.2465987
-20.443674
-315.4378
-181.38495
-179.1208
-304.58804
176.52025
-96.752266
-222.0217
-23.886131
-227.755
753.54193
-463.65247
-123.22286
54.218735
-405.65018
90.497475
193.02174
-90.1531
-632.9931
-397.19867
-361.6369
-437.65964
-371.8984
-46.32781
142.7486
260.32385
172.55551
-365.53714
-124.61119
85.681694
-41.151367
235.6932
-355.19342
-192.85353
-317.86594
-416.72534
-161.10808
397.49152
-285.3375
-320.88123
202.34352
-672.65405
-33.4718
334.975
-322.96066
-111.88923
-305.6775
301.64493
88.42643
-134.18103
289.48355
171.79077
-534.9503
-126.08356
-147.99895
72.11959
318.68585
-281.82306
229.41185
51.412193
-61.20668
-234.85188
312.10797
-356.2722
12.967959
-36.696144
-31.687326
70.74193
-469.21384
-5.4881754
-22.7271
293.2674
-113.5954
-516.4966
-494.75272
99.86965
18.766634
-221.52307
310.4266
50.679802
-339.5721
-365.59094
-105.479324
-255.8792
-313.29288
-381.58374
26.135637
-249.70164
83.89413
510.24905
-374.03452
-512.40405
192.46243
84.54293
-363.37033
-551.5507
-112.11692
227.78438
19.991703
609.95276
308.1435
-65.42982
-261.02158
-200.1952
-374.42465
34.574455
-310.5314
146.48517
13.072298
-115.91441
69.93986
179.8215
-84.0843
71.10081
-55.17049
619.8907
388.7093
-32.753723
-298.15314
16.910433
22.299503
212.67636
53.454056
234.60095
9.282028
-208.44292
-117.84611
244.88135
-412.95087
-221.9345
-198.06819
22.076973
400.51266
110.24661
232.1103
206.26956
546.52576
546.37555
181.10179
589.8285
0.5483475
13.028597
-119.823524
-357.1504
221.6426
-150.78487
-258.68832
292.6822
156.72029
-38.315117
133.9552
-75.0408
-499.74005
34.70044
104.47942
16.36745
-98.37389
-103.4974
290.56607
123.90222
93.64597
109.85892
-327.37314
-15.472414
-111.96038
94.69485
-403.02457
141.19357
-354.55637
-80.43279
321.4321
-139.5465
-43.62728
-80.09168
320.81906
-211.01585
-61.205635
-156.51643
-298.96692
144.90033
139.7068
288.71216
-63.111145
564.35895
-392.07767
449.84622
141.45343
173.7222
-507.68152
-207.08113
321.463
93.03744
-173.59521
-350.61487
-319.8281
-50.279423
330.75586
-190.97417
366.00342
172.92903
-289.1656
-241.21399
-307.09015
-43.538315
148.1751
536.44403
-334.0653
114.327576
123.60055
9.953877
699.0318
-193.9956
214.07973
112.07109
515.5329
-132.44708
74.314514
-3.674812
-178.10478
555.80676
-384.63205
-159.62154
-360.34613
-246.60258
646.57776
-71.41495
46.477024
-298.3655
36.74599
-131.72244
-421.81784
-271.34933
44.520725
105.091095
-296.99054
173.59918
-75.26023
145.88936
-51.364727
-173.74492
46.009968
20.246584
-403.23502
-66.86426
52.33137
187.26158
468.14102
-463.26108
-75.581985
118.59031
-390.51968
-501.76172
-282.91306
193.62823
312.74823
-119.113144
148.58873
-247.76071
-420.17838
192.21054
-454.35846
-112.95449
61.55181
-303.02448
554.1842
331.1458
-116.24915
7.7060027
150.86012
-480.0016
216.14352
-816.96423
7.7916193
-131.45404
-58.972885
447.0965
-62.73049
-387.9877
-610.36725
71.11224
-142.63489
-417.5379
88.6663
283.825
209.84303
-266.50854
26.876366
196.73965
-182.89572
23.581873
-187.94695
-243.2964
-12.921721
230.25963
-78.46177
209.74951
428.76874
626.89276
67.26858
147.74332
-241.64136
543.30176
102.407684
401.192
-520.2129
56.69483
236.57738
230.02122
-160.67831
116.722084
-15.922247
152.7389
224.38264
-565.39734
476.53845
-91.12071
31.42587
-1.3585806
490.01318
-5.0960712
-65.77056
-237.19777
396.2147
217.71318
-22.236454
296.91968
-18.622597
341.1892
-300.23016
-7.3131275
96.63031
450.9425
214.377
-297.41672
190.5958
252.09592
-178.98386
43.54906
-80.01976
-265.0346
-469.26016
216.75093
-105.32478
-22.362307
136.87474
-83.684845
182.53084
398.7845
-34.329067
853.4333
341.9955
-332.86627
63.00586
-187.65126
92.24109
-254.62999
71.03823
120.95672
59.472775
50.003063
-121.42689
-141.65945
-179.71352
-160.14377
-64.56527
143.28885
227.05928
274.45648
-187.71806
-113.62558
-614.42896
-357.5628
37.220104
434.01666
-134.61061
-260.36896
-285.43152
204.7895
-25.187592
-6.731216
-63.51136
-221.3123
38.474808
85.54974
-46.464058
106.313736
123.875435
46.27626
-211.70192
266.8412
4.376213
-156.28937
-612.64716
538.8599
54.380623
83.656044
-197.53462
-286.3544
-307.2198
102.92275
-373.9025
144.67705
-77.00784
-315.02228
-70.09741
129.18414
-64.251625
204.05214
218.486
-23.436079
-213.53471
-162.89601
-435.72318
321.89502
401.2114
533.1542
-482.73325
-71.917534
-39.552303
259.98328
-38.839622
-729.54895
-5.2504063
-427.598
216.46652
-404.10422
-306.0847
147.4973
95.75638
393.27246
-58.364822
118.26426
-28.346325
-1.7150033
362.6654
-348.29633
-153.14238
350.45395
-9.302178
117.88439
58.320602
-139.21794
50.635868
717.6801
-31.640713
122.99274
91.437386
-258.15747
371.5005
129.67961
-74.32568
-108.139114
999.5096
-106.971634
-258.2651
-469.01028
174.09206
-274.6589
113.513664
-398.6002
-88.09835
-196.71974
213.93549
-89.93239
121.63945
-8.328406
103.9216
468.88965
176.23747
6.543439
348.2138
-31.896235
-36.55274
442.27216
-71.360214
-197.32248
238.60718
-1.9627285
-31.226921
142.89598
-140.73126
-319.06842
-62.35636
372.07196
125.87963
-47.029373
-217.25407
-439.8263
-303.65237
-488.5575
-206.12448
-265.4509
865.9127
64.80705
-81.23094
27.516264
228.12354
53.91512
-506.17297
-745.06903
-8.968736
272.68677
111.14108
-191.6554
332.79364
144.31885
309.78348
43.883266
-229.68697
32.01257
-262.33777
-674.73145
41.071487
345.75092
229.0585
277.55615
73.68977
308.805
-279.96567
15.7159
228.64046
-226.72607
-291.39368
5.155641
217.75824
124.451256
-304.1575
407.64505
-541.7476
-182.87444
-814.4179
7.1356683
203.47894
-183.90263
71.40305
61.73596
-277.22348
288.96915
309.59784
-271.23398
21.985245
486.88232
390.82272
-466.27377
-102.249756
130.21822
-236.70045
-571.78125
-88.77657
234.43811
288.95062
39.47994
-242.14798
403.05603
-282.44742
-583.87976
-125.58237
-525.7359
-422.4786
-170.7991
14.763556
-114.21754
25.236975
342.46405
224.62393
-294.2727
159.6987
428.80453
-310.39926
-272.26193
-93.03107
61.182396
242.48581
-342.24484
121.26796
87.367584
-329.65363
178.32207
-46.95115
-79.23599
528.665
-73.12781
-481.59015
508.4814
-410.52475
-7.176954
89.19415
-526.8557
367.7964
-98.49826
159.0734
57.763134
-163.89658
-106.516266
267.0918
362.8103
-71.58683
-254.43646
-75.26443
37.139275
186.83472
-261.08463
449.20407
240.34656
-307.8034
-126.76224
9.144507
29.503653
132.99933
63.1225
497.0911
-8.964816
147.40263
-251.55072
145.4285
241.58144
379.19705
-180.65727
140.36197
180.35016
-102.22098
90.78334
-27.031376
-178.64076
452.10654
-87.02634
-63.008938
404.13474
-180.06667
-257.86475
255.37233
201.26872
253.41417
240.56192
-603.60565
-452.957
-91.71846
-194.44366
-78.487595
12.548973
-146.68604
-102.00182
514.01776
-57.712852
175.79846
404.77783
-236.48824
193.19482
-100.865135
-40.877113
5.848899
314.93597
-68.800156
-172.42403
369.78473
-76.10328
27.749456
-5.35429
-358.98596
-310.02005
-364.8006
126.16032
-401.08716
24.826687
241.68324
-199.50015
475.88962
43.471905
-59.974037
351.5369
-541.46484
-567.0985
643.2169
-143.88893
-329.10965
-526.3348
512.4263
-112.44748
-339.15656
174.74791
-311.2837
-124.21756
-291.81992
-292.84802
-16.424908
182.97699
-255.14912
-176.2327
-176.8878
-200.10886
-293.8415
-174.92825
-357.28918
220.09152
248.21408
315.14236
-48.710426
23.451675
-54.7101
309.8635
141.18674
-182.61842
-422.70676
144.33484
42.545467
0.56407094
65.79513
259.92236
-61.530525
-115.245544
-288.99988
-105.59407
-240.47452
-350.7912
26.725115
201.63515
-119.53606
1.3392607
248.57858
97.80751
386.43396
260.16714
13.394192
-266.16336
-543.9971
248.08598
193.92609
-114.05579
-452.74088
42.25684
79.40982
223.80464
309.48184
168.35396
190.29239
119.325195
301.44498
289.9474
209.0908
-176.73041
124.98116
246.42206
-262.32895
-122.30733
-9.304878
-121.28694
168.37173
-256.5244
152.83742
194.04185
-498.28177
441.45355
165.46564
236.14395
-254.47011
260.8325
247.31706
-52.942516
365.7916
-30.893719
-130.13242
-425.05182
16.517323
191.73137
-713.3286
0.77738523
287.42017
32.70315
566.20844
-167.23705
203.59155
479.1293
-81.017555
-426.15347
36.25953
-55.852283
-212.07845
34.273357
-110.63458
-251.12366
-500.26526
-243.11008
250.98012
75.35682
-266.649
92.9315
-6.0629525
-398.0011
285.01416
-87.30988
-43.059605
286.44635
-52.123856
159.9329
-68.848694
166.08289
149.60645
260.6241
326.64984
70.6135
-289.87036
-238.40201
-359.06738
188.1751
-399.42267
-72.84012
219.61438
287.3964
-122.93239
-350.24088
537.3282
-108.25687
38.028202
-477.96024
-150.07832
99.14197
-450.35294
-500.3394
-176.60071
380.6111
30.034842
-160.95891
443.0152
-568.52295
549.3353
689.8815
-146.0043
-18.749825
-319.4399
-275.37115
-42.418613
224.33812
190.94966
39.150814
562.2193
181.45648
421.61148
257.14706
58.652763
119.20684
-365.47586
-243.22614
-413.8581
-466.9933
58.559692
-81.156685
-113.2006
-0.8537519
74.670815
334.12592
-22.38177
-263.75494
-129.9293
67.5401
442.8431
-328.14456
-113.446175
-277.06314
-107.61877
236.81741
269.73676
540.0171
-36.261707
-299.46838
-761.3174
-529.3076
61.147186
305.12946
32.056885
117.23924
16.854082
-127.33192
322.95572
457.06253
-33.599026
249.50781
-52.86829
437.00394
-263.34708
-23.191528
72.41455
237.26807
90.93088
-406.9479
-282.1077
-165.17729
120.18457
216.15088
-272.4847
359.33957
-295.57193
-292.3399
-286.1406
22.18347
125.33034
519.5353
662.1034
138.87924
-19.001183
206.19896
344.4515
-234.3208
209.67625
-297.7995
255.92068
-59.164234
203.14221
-159.59602
55.710686
-99.72965
76.62611
-47.69978
-361.6774
-37.572933
-270.21085
389.5251
219.76868
-344.52887
9.87465
234.83078
-164.76727
-26.066515
257.84616
386.57312
216.762
155.96005
87.81061
75.509346
-116.30988
-295.1425
-343.24747
20.133528
577.9047
456.0396
232.9689
331.6867
92.40408
-80.87349
231.97029
-160.1748
136.09843
-5.222083
-37.39797
-92.72095
-201.8298
-528.757
295.41434
-56.039963
-4.47744
511.78586
-257.20105
-179.65059
-229.99239
-146.94862
-145.56755
-173.42041
23.370932
132.92088
-152.1227
125.56404
-377.93552
357.9282
114.03211
483.58008
118.799286
134.37135
-483.7916
177.95506
117.6596
-12.568522
145.80167
-180.09093
88.67016
-385.52563
136.97311
195.95567
-21.793636
183.28934
606.6611
112.6046
-101.73869
179.32034
59.667015
378.56952
209.94559
-119.91138
21.471237
45.674007
-138.77306
-218.82527
-521.4388
-550.1634
429.36758
256.45743
185.7341
165.36862
32.965168
323.97
-244.48024
154.64514
-25.8971
62.758404
-318.71375
517.89154
191.50322
104.377846
23.781635
-228.5867
-557.59784
-308.85242
-182.53952
139.16304
-140.2346
-139.82645
132.26967
-160.90016
-103.960205
-146.75865
286.69092
182.5999
108.98866
-28.411083
-389.23807
204.4958
12.21252
-583.28754
359.86868
-77.56194
449.7159
207.4484
92.50879
-23.921747
269.77005
-352.96158
-358.18323
406.9694
-340.0398
328.02612
-514.5019
225.61063
128.75247
-293.67557
-591.9653
172.51715
347.9958
-161.02025
-491.6893
305.33508
291.31244
-564.25775
-205.51819
-22.522058
-475.927
60.94055
412.19852
450.6907
-271.47665
-40.5394
100.632675
-292.05402
-417.6727
-163.83281
-201.55891
259.7007
-112.31924
-201.6736
241.39615
-593.3177
91.85513
-180.06303
-284.20074
-6.814038
-161.91145
-111.6401
58.699646
66.39884
-170.7865
138.42896
110.39876
226.61919
530.7702
315.80566
-128.99826
165.97107
47.83007
193.95186
617.81616
-22.94814
475.7258
-56.804157
-272.34238
-492.40442
122.71783
797.5565
440.88904
263.4946
404.89148
590.90497
-380.5424
-6.74778
277.177
-218.00122
30.953175
117.04984
157.27837
-37.1677
-461.51636
-223.09846
-120.719894
234.92525
-213.89444
-122.42009
-560.72424
113.46302
-280.2405
-267.02643
-313.72296
-33.07952
-505.2532
-420.72748
63.059883
-343.0571
-205.9656
51.883625
79.41254
-77.59015
144.52423
267.3676
-164.92018
-171.85765
282.92676
498.96597
247.21712
-100.76775
-309.92892
350.3742
-486.2912
-240.55002
-283.94266
-60.21676
145.00243
21.511318
379.88937
9.653444
-15.027944
93.56916
-148.10191
-494.33682
-309.69955
-227.89592
257.56854
45.32762
-83.071465
402.39902
-25.495096
-63.146713
407.4502
-489.3622
-462.53424
572.76746
3.610061
-517.7464
339.55624
-198.19339
-90.57166
239.95462
214.89558
-371.2758
-147.94562
617.9689
196.0651
334.02484
404.75958
-485.3342
-22.863295
111.5442
221.81169
-160.58751
45.18425
345.12314
287.58737
173.28271
567.6978
26.528347
246.6435
89.680695
-103.668175
-82.93035
86.74069
-426.42093
-96.39692
-758.54205
107.35021
-37.00707
81.952034
-161.01398
-58.29734
-119.23611
112.34419
