31.79798
-140.80948
-215.55678
-194.44803
-123.78866
620.1538
129.50638
-252.02528
-12.716913
-390.16357
81.55652
43.130333
113.46356
-383.1182
139.5844
368.48947
-46.268887
34.49304
-89.744705
-284.22406
-56.788452
96.863495
-211.31615
36.004456
-10.301015
-61.31902
-63.20183
-63.72876
484.90714
-91.20571
-387.91733
164.80946
-109.90444
446.16962
45.300903
-83.59506
75.963165
234.06671
-91.87991
-298.86996
23.67549
169.8866
-230.27371
-1.7603148
-185.02464
-72.387405
282.54422
615.1636
-348.37726
127.61191
-98.87789
-276.73825
87.915726
412.20392
15.556756
203.21214
-15.364452
176.71756
18.356693
-218.63503
-284.44638
-269.2356
164.53305
132.72221
-83.014595
-61.193485
-208.71193
-51.62586
-246.99492
-106.06769
-71.202385
-291.8067
87.15207
-98.21321
-179.65385
140.31488
282.90866
-324.3805
-75.24357
14.762757
36.593796
18.06033
-95.593094
-208.47845
-42.01788
-511.33527
190.58578
-226.33875
55.579247
304.6077
-558.05176
-215.26093
319.90674
173.4505
207.51674
338.83987
74.39225
259.8877
-123.462715
-38.208282
-57.752716
-105.83238
-142.00786
42.93842
-83.94701
318.47626
1.9648758
88.2665
-139.05023
172.73003
-191.62018
102.007
-2.6362097
-168.95671
390.14865
-196.0335
-288.54953
32.84676
243.30698
333.92163
21.247387
-582.0082
-182.88687
307.2469
-300.77704
-224.04813
-20.971626
-161.20966
-23.630072
-54.287434
-266.1939
166.31978
-18.040709
-36.08201
-211.84824
-355.54544
38.430923
311.19348
543.8055
-269.7547
-32.856873
21.255783
-35.55997
-74.14827
58.924057
153.70059
-185.25319
81.99946
18.122297
32.86623
200.60652
-29.178028
234.98424
437.16464
53.79253
12.37254
74.08908
2.6748343
-344.313
-586.6855
-147.69276
-272.9705
4.7341914
-106.60682
-11.823666
516.2323
331.09006
372.67703
381.52563
-542.5342
-458.70972
-96.19273
12.609512
-149.21263
-173.42139
-350.41342
180.33017
-133.16025
-124.56336
49.373966
-96.461296
196.6552
61.730522
-89.64856
258.68423
-159.11783
125.80258
-36.272617
93.81478
-25.647816
-220.00514
258.28595
-120.26292
-73.292465
-88.2841
-70.538315
14.605686
170.17134
-72.292015
71.75548
-10.5981455
-38.02548
-55.960255
373.44608
-31.669441
71.04527
-656.4278
246.29547
-214.878
94.6505
-13.419113
443.2944
115.899475
316.89084
28.808481
-131.29666
45.424824
220.00688
342.00024
64.510315
-74.6987
-359.4687
138.14546
-101.47364
246.60251
126.96688
55.031227
94.83597
322.3043
-285.73752
0.41239548
168.98471
29.464472
-152.67693
-299.1742
-201.76299
-241.00536
-217.50449
94.76383
-149.58075
-61.572273
-9.148272
-174.64117
680.5041
-293.5062
53.718716
-60.942524
-215.63152
217.56236
161.5445
-159.73668
-302.52136
-316.2131
-161.17879
-248.8427
-423.25568
-90.14083
111.5164
31.650501
118.828094
-368.62152
-99.25445
96.7582
-368.93402
329.92322
-35.11985
-75.19448
-412.9981
-326.69424
-50.55986
197.49722
-218.6833
-71.38205
271.54404
-552.77545
-83.06515
311.29324
-239.93091
1.84752
-377.5725
198.63911
233.51456
100.651276
198.88344
218.32944
-434.58792
53.075916
-31.782738
12.861165
222.42657
-259.75375
59.459267
301.14218
22.43025
-186.4084
170.30534
-236.66675
40.56307
101.114174
132.35794
94.62159
-331.03558
146.53273
-99.68788
194.37895
-102.440605
-541.6289
-309.15366
-28.84972
190.85768
61.629772
166.47089
-93.59496
-164.66026
-205.32791
80.29358
32.201923
-154.01334
-408.0158
-307.43738
-169.00053
-10.530753
283.07187
-381.60617
-373.5967
49.37537
85.92286
-367.08188
-384.52032
-22.164814
142.3965
122.81853
84.83383
-11.640963
-111.44062
-243.76718
-44.89941
-148.26561
-84.1134
-136.75569
-134.80232
49.1492
0.32075858
133.67499
126.76228
131.27626
153.31248
-88.066925
287.69595
331.00256
222.24995
-242.4528
-91.248474
-46.372047
111.82753
167.0197
413.32077
-83.71565
-115.0545
-228.26912
321.24197
-262.7853
-40.244442
-248.8815
99.803505
449.64847
-17.154985
235.54868
-18.924202
229.5846
316.4938
120.6791
452.48892
-145.25266
-72.26356
-67.925255
96.57177
426.99756
-120.189384
-199.84927
256.41815
120.40165
-125.05022
-109.735275
-62.06486
-253.7379
-100.96742
88.57474
-185.74069
-128.17003
-75.0368
-80.21638
202.7227
-25.237528
-97.80291
-175.82343
98.43868
85.782074
-119.45792
-543.76294
180.87247
-52.59237
-80.8214
248.4618
88.336395
-278.51492
-81.21656
312.7846
-129.74332
55.85922
-114.81908
-161.50249
256.08533
-125.68842
362.63232
-132.08833
284.11325
-288.4753
200.15485
88.38952
192.25087
-180.87875
-397.25015
282.7608
1.4037967
44.101345
-279.75687
-261.97882
-96.668915
1.5030465
-3.6466076
457.40234
-140.52473
-40.095596
-234.18892
-235.44293
-239.2247
56.70609
316.9044
87.57617
261.1492
185.73596
80.28837
630.62665
222.28249
228.40115
-72.02754
412.36398
-133.73824
-112.359375
-221.93054
-79.29951
357.4904
-369.4106
-230.79013
-501.7336
-35.174965
439.26996
-203.10153
-54.827374
-365.95126
127.36274
18.341394
-402.29358
-201.60583
148.79842
213.75632
-88.08949
17.807352
-143.80283
157.45586
129.70941
151.59805
-61.49935
-195.10704
-224.73387
-244.86552
-140.83798
309.53293
221.29816
-293.46365
93.69156
124.90922
-445.619
-308.58865
-465.00812
7.278274
77.420845
-131.82845
208.25415
-176.092
-275.8354
123.04587
-157.06577
45.896603
185.37961
-200.74059
377.61594
387.71878
-342.74463
-69.712166
186.15405
-529.0406
187.97679
-554.6393
-53.614365
120.726776
132.74634
309.74606
81.467636
-66.82673
-519.1428
51.241898
-108.60867
-303.06064
-158.56076
175.1254
193.10501
-502.68253
-41.675262
58.916824
-126.45948
172.95946
-122.28818
-328.61758
-123.25759
25.654238
-210.40227
235.51913
311.43018
377.83572
73.46796
1.999327
109.92569
357.84595
233.32458
160.8503
-212.13142
220.17882
211.05672
317.61368
-192.77731
-106.777824
19.730087
23.859219
87.75673
-413.20795
219.97586
99.344604
154.82816
-8.999759
414.3392
356.929
-26.73568
-92.29493
235.64674
171.9407
98.01892
-77.15984
103.24369
-19.53864
151.99382
343.0392
67.94711
150.35619
187.95552
-141.04639
284.59082
389.85052
-114.118195
-105.59903
-153.7607
-313.90118
-352.14465
47.4628
-194.523
-291.5669
97.37029
-36.35177
18.298101
165.94487
48.146458
682.99194
153.13776
-21.895056
201.68211
0.1065948
111.73869
72.41266
-101.057274
63.292202
-130.25241
-95.211525
-159.17215
18.516085
-183.35323
-188.38457
-63.078938
-89.48991
-174.19167
74.801414
-278.00226
-132.515
-303.47552
-237.61003
-86.65996
392.58188
-42.699535
-196.67052
-298.9212
129.37773
-267.59186
175.47278
26.861303
-90.77977
-49.92683
-74.07971
179.73717
-49.46785
-29.61561
-309.85233
-249.66068
357.97372
146.53148
-80.27394
-425.73953
276.6414
11.583641
-12.72327
67.49272
-352.9589
-267.6436
-131.16425
-314.02896
-51.560516
-124.88499
-207.86665
128.96898
59.939503
-51.177624
240.4393
433.23477
42.38961
50.63942
-157.28638
-145.33197
446.43887
208.71353
325.74713
-372.29614
-12.533144
-25.729134
106.8276
-82.018524
-554.5406
-28.406498
-348.66223
128.9679
-485.14514
-405.41492
314.35284
29.33099
154.82906
-214.12036
115.03731
-143.15846
98.86673
234.64903
-295.6536
-49.176495
183.46109
12.601002
285.74527
-40.51721
-89.864
92.717026
548.81274
-241.01746
155.2254
54.336445
-253.2532
138.23274
-75.128654
-25.23109
-68.90838
644.8358
-22.600243
-211.44183
-547.70984
-56.063927
-183.67645
97.36202
-530.29315
-240.32281
-63.28126
32.345787
72.55506
111.59844
-153.39041
-26.752935
506.7237
45.810223
-59.38836
40.373203
147.68573
-303.39307
253.30109
194.60431
-44.282074
87.28557
-96.981
-170.87996
-136.73285
-240.54169
205.79988
-190.50693
205.67024
120.09536
-291.0289
-76.647705
-211.36128
-337.11264
-480.94022
-77.57022
49.236797
583.02985
-33.979065
-99.52741
-21.892174
311.3886
-237.98137
-386.24615
-701.01746
45.061405
-115.51205
-84.11963
-213.37593
169.64882
143.72601
420.51996
9.343721
75.057526
155.85869
-155.84793
-320.51697
148.8751
424.31104
33.314384
265.04257
151.22041
172.84827
-182.19363
-38.5495
57.462223
-107.41463
-338.1857
-105.064964
191.56046
42.70312
-44.665478
281.12936
-426.97037
-195.58023
-332.50964
72.42813
281.98773
-299.19608
251.68326
-198.20134
-73.24634
340.61957
153.40276
-206.13426
-101.75864
350.43857
391.5981
-472.302
-209.50691
134.77228
-6.805961
-395.19495
160.88037
225.30807
191.0851
-123.17265
-90.19323
192.18192
-373.91223
-573.5694
-218.76794
-334.51688
-253.15163
22.265793
46.985397
57.909042
131.33804
83.18872
280.28088
-420.07086
171.14487
51.680977
-251.59224
-78.47039
-28.803001
16.786795
60.04454
-229.95917
201.18787
115.243065
-392.91595
-83.909355
124.598305
-243.07237
181.8428
149.17084
-321.95386
371.82034
-127.00094
65.366615
-20.011728
-252.13846
84.283516
-174.22226
196.96103
73.10834
-215.58965
182.564
285.39673
66.218575
-57.98801
-20.19833
-223.87573
156.373
224.64404
-44.85643
141.53397
153.46138
-176.9689
43.83241
-60.68297
56.544884
7.557603
111.49686
476.40646
18.53677
212.17584
-276.6661
-38.099255
149.65346
385.3146
4.7534056
-65.74139
260.44836
147.1802
152.85312
72.00468
121.52035
281.3514
-270.55255
-7.004999
174.99352
-40.591103
-383.2315
-173.18163
126.92677
74.848564
423.2309
-228.23192
-377.5481
-139.69107
-248.70836
-109.414375
-104.81688
-71.12506
-203.80867
346.53894
-218.23071
30.906712
180.14984
-180.73424
100.84421
-275.00012
383.81104
278.6782
-227.27345
-182.75201
-38.548836
337.5899
-4.2870674
-100.5602
27.059975
-377.54327
-331.98056
-347.3753
78.468925
-326.25946
-58.252598
255.35342
-354.7215
502.21613
-171.8425
39.393623
232.1597
-142.5038
-311.83054
308.61566
69.99129
-265.74518
-278.9133
321.7557
-131.05478
-452.75107
-2.3088558
-15.141497
20.628523
-183.32661
-169.81364
-171.67807
-15.570518
-285.1871
-193.64534
-39.323532
-69.55284
-147.2716
-155.08293
-329.17752
90.53425
203.28139
235.58029
-6.0901966
48.564537
-166.64636
428.36572
47.142998
13.66088
-278.3188
196.36755
104.86066
-50.474953
-42.528713
301.3236
-99.511566
-153.32597
-95.22403
-129.37796
-124.90433
-350.2205
141.87584
263.49295
0.61559826
-110.096
243.84172
-63.89277
208.01709
109.56993
-12.739524
-224.62766
-368.4213
150.90205
67.18701
-65.99669
-398.4611
170.05453
215.41608
148.13028
74.31253
178.96822
241.69801
98.326294
94.55909
272.7061
143.71466
86.71446
-36.79697
205.32344
-311.0934
-29.1669
-38.405468
116.40847
101.85149
-220.14159
240.89996
148.36775
-302.61087
397.3392
135.42262
186.73958
-81.10667
-68.16312
103.20881
39.379353
281.8265
-137.77928
-116.08292
-125.593506
-23.676731
-20.73445
-763.1844
47.913704
279.06976
-63.06679
739.266
-61.32069
328.36786
370.67694
-59.87321
-395.98965
307.71982
56.872467
-88.220566
-26.957565
-19.489906
-341.7501
-503.52664
-552.5366
22.494923
91.40013
-302.60358
334.7607
-34.148624
-246.31091
253.06818
-54.81135
108.0043
221.12885
36.147316
260.02066
-224.36662
39.2442
116.77255
351.03668
305.58624
-90.722534
-242.30975
-51.41059
-232.43509
158.66887
-559.025
-146.8556
291.69775
38.58876
-104.275276
-180.04774
575.28094
-158.66368
-133.76741
-541.0386
108.06438
-59.311157
-246.8222
-514.3571
-314.90158
517.20026
-228.474
-154.6321
269.72
-330.27176
440.11444
383.19104
-120.46866
-105.07864
-128.06825
-306.1442
177.30254
259.95526
251.6047
31.226437
401.8102
-44.927376
71.10426
194.68042
-62.18287
191.63881
-219.05605
-174.12534
-110.165794
-239.31734
64.98845
-7.0939913
-115.9796
87.777054
50.145752
310.80377
-146.82759
3.7399585
-35.535343
19.588892
302.22684
-399.6701
-130.21057
-259.4566
-262.8631
167.14638
105.022804
149.97427
115.54452
-169.20303
-539.317
-313.3367
100.698494
276.14447
70.27338
-63.528072
-78.05063
34.704155
123.36219
315.868
118.995346
327.26932
76.69495
146.80025
-256.13922
168.77907
172.85036
282.98367
-77.53181
-272.67093
-125.08095
-141.04694
-132.50177
227.5956
-291.82895
31.153927
-234.05594
-184.40497
-274.81583
169.6769
88.11213
235.41232
364.53662
5.1321335
-78.06509
188.66727
339.28464
-51.731678
299.16193
-122.4954
300.413
-48.149925
210.09673
-225.37427
114.64707
-220.16858
-21.755732
-40.761913
-358.61075
-163.38774
-229.47949
286.90158
34.302265
-303.30447
12.362231
322.6209
-111.48844
-253.55519
208.66513
335.87134
366.6507
189.21376
77.08162
-114.54616
-94.02715
-129.56004
-316.62314
220.49995
372.68878
472.25018
-54.21518
479.13077
105.97509
68.199356
86.864876
-51.372334
293.85556
-67.583
-226.91966
-59.14833
-228.9899
-222.7362
160.50905
-160.9358
-302.2696
335.80182
-249.51254
-48.462395
7.0178213
3.8780453
-152.96893
-32.532516
51.81394
-89.403145
-158.387
56.11739
-215.61752
205.01967
-53.14307
448.04193
202.76578
223.01877
-329.7812
-89.91081
-173.84341
84.43385
261.35574
46.6967
247.76144
-119.927536
42.453102
-14.8913555
162.42671
69.03436
525.8504
277.1863
74.8832
149.44838
34.043407
326.46344
233.58502
-170.65483
-135.7819
10.987826
-150.73218
-185.90614
-273.63492
-211.55476
347.2173
-57.11533
219.71712
273.0331
158.49951
318.28848
-48.010365
-178.12439
14.51605
136.43695
-255.81596
310.11484
129.72697
151.77194
145.55974
-75.96959
-284.94742
-161.02821
-291.4544
-57.67412
-118.90102
-22.197968
321.18677
-46.09095
-122.50007
-171.18538
197.77902
-8.117477
54.656704
46.72479
-215.48329
153.73364
123.482315
-721.3798
475.45984
-24.75668
497.5577
130.3612
233.7478
12.606043
107.210785
-297.82523
14.648409
412.8745
-238.95831
24.02363
-256.26157
179.95872
25.431458
-176.24753
-341.11487
30.014164
141.43411
-27.62201
-328.87866
140.16296
206.47185
-297.68643
-44.859993
-17.744274
-262.5836
146.64119
296.2236
388.47495
-340.75977
109.87957
6.3671994
-487.78912
-161.96112
-358.15662
51.778664
330.24524
41.30534
-195.54123
298.18436
-291.04956
55.101585
-398.85043
-68.125786
-308.07782
-109.8639
8.885854
-10.958743
123.113304
200.88737
58.249725
116.71762
-23.30778
348.04364
158.36855
-73.74495
247.83609
-91.45983
265.6608
551.27985
-263.46393
530.0402
-142.49734
58.81259
-408.27118
200.14952
649.2418
511.94193
250.1249
350.04233
386.12332
-361.5095
-95.92973
329.48703
-230.15111
-97.56501
-134.16699
203.42143
-110.8361
-728.69403
-119.545654
-88.20874
317.47568
-75.12003
-252.82755
-411.49286
334.80453
-386.0296
-87.00498
-132.95126
275.00903
-266.69406
-220.66243
-9.409497
-309.99496
11.529128
-27.035229
124.924324
19.789972
130.46248
168.25377
40.042355
-23.07425
216.81146
338.6579
336.62057
-190.6951
30.075594
280.8663
-298.153
-164.90608
-239.79152
-149.00984
350.97958
-51.006924
369.05576
-9.940269
-221.34103
79.38563
-159.7721
-265.3821
-319.53418
-269.39844
148.35587
48.24167
-76.88324
509.4517
161.16518
-64.03725
195.04846
-374.59637
-560.3843
150.89459
-97.394066
-309.7894
215.67226
-231.48311
-74.3148
154.10234
253.55678
-78.557205
105.38005
520.3648
195.97992
527.23566
-2.6670382
-173.04813
-220.10304
-105.46455
521.0182
46.06913
25.003153
5.3155193
210.58324
135.31012
294.93958
-18.824133
183.32706
151.43788
116.553444
-206.00249
222.30026
-337.99533
3.155634
-585.1311
90.673256
-22.30124
138.69739
-191.89009
-154.07535
-39.135826
257.0632
