-201.07767
31.755566
-88.98707
-95.160225
70.56789
-129.64062
-39.00881
15.73609
-58.899185
-139.03726
91.65873
-164.93198
50.562973
-98.25127
49.00647
30.063774
-119.15091
-175.57549
189.14114
161.3546
115.58671
163.46646
26.637985
48.06323
35.29773
58.313034
112.544266
115.29019
151.23415
-14.646087
92.49278
32.69221
90.857925
44.799488
-200.74681
18.659952
-13.124582
-0.8002347
-133.25346
7.473454
131.36276
145.1108
-105.06469
32.508965
-99.94515
-100.04253
-63.40813
13.790097
152.9624
107.362885
-35.426666
56.671215
6.4891562
241.39328
76.63133
-137.27165
-75.59251
-179.7622
-82.53331
69.200165
27.685028
-69.34365
-37.763218
-40.679142
-8.420267
-180.7913
-35.376144
61.99102
99.68473
-12.89563
-4.6466537
6.4565063
79.92456
-5.78479
120.52195
31.69756
-23.386469
29.95108
47.779884
-36.617405
-18.341345
-47.951103
11.533489
11.581028
-119.81491
150.73
-80.41312
49.693123
110.73467
-37.94894
55.67045
-16.991467
131.54979
8.85137
-66.6671
58.41566
-14.156376
-28.220379
-20.238554
-105.81103
117.763664
-115.71212
-104.28976
-80.80654
-16.756784
-71.42885
-24.417053
-9.527459
-77.658485
-143.13551
-143.78238
8.678243
-6.569224
-83.57355
12.576377
-135.76921
-58.62551
-25.482729
81.56604
-7.4088283
-5.157251
175.68526
71.26027
-65.07877
-24.185097
-137.23227
126.98226
-21.90765
-33.452602
-86.13953
9.754321
68.62969
145.16216
50.74112
-0.6092204
-57.905064
101.7032
39.243042
15.373197
-82.58312
39.787506
-8.064694
-69.85025
-46.302
-92.72187
28.871098
2.7203875
-70.69826
88.97665
91.183586
-73.68948
47.867218
-3.5685709
39.185432
-168.17207
19.633862
-87.89384
134.19609
62.957146
-134.0819
-44.245922
-81.048615
-149.8148
-179.0597
99.80295
-9.976048
-5.5933285
0.59740496
123.89065
-153.8149
78.14013
42.550686
124.16959
28.314583
-96.1524
41.44484
-54.720154
22.33319
-68.11623
163.76395
-13.497953
-13.295433
16.10896
140.81372
-118.983986
83.68914
-1.5814592
-59.32227
-28.29815
228.50235
-26.027424
207.13875
-15.545577
-121.78988
-55.800186
-107.73538
-98.743576
-72.05595
-88.761955
-60.474873
135.22804
-86.60483
-73.11825
-163.70358
84.82997
-12.754155
0.83847356
-117.776474
-94.38084
-3.6803772
-79.52096
-127.04768
-29.774725
12.7395935
71.13096
-192.60114
-144.73953
13.743286
66.34889
91.31241
-99.15898
104.10443
-74.51937
43.73244
-60.64049
126.33158
2.854169
-14.235708
-9.844185
51.61321
67.41798
57.039566
49.12892
-40.05747
-165.9972
80.99285
-78.678604
-87.38449
-96.71591
-132.14398
92.4028
-204.62326
-64.575485
-35.995937
27.21174
56.928967
105.92097
3.8008752
5.384927
-139.38641
16.498266
-105.20998
3.1226437
-0.25697142
-82.45194
91.80727
34.013943
-86.25496
150.7398
-54.740757
-108.26717
-91.624535
-45.17959
-145.92807
-104.00068
13.795342
129.75821
37.677395
37.068134
116.60429
-71.65654
-109.74864
-28.016031
-12.5315075
20.322119
10.767274
19.897568
21.3431
-52.746334
-52.04091
27.24045
-31.976215
-67.87223
55.041275
37.8377
4.999731
28.979153
58.193703
-196.86244
64.15819
-150.51802
-24.261787
75.99607
-169.65125
50.729473
5.218353
162.9466
52.2053
-4.2222304
87.80692
44.380325
-84.290794
145.60042
94.799675
31.717213
-88.95225
-135.40683
11.51349
-48.821354
15.432505
-138.35886
103.148315
-31.659061
-100.1583
59.289062
64.14808
-39.76822
93.874756
-78.27405
-37.34443
-83.176285
-40.783573
13.25695
49.098255
57.167015
-72.86062
-59.009216
65.30571
35.454975
2.4935946
-67.48231
-19.539373
-44.401676
-54.655216
122.08909
86.49245
17.21072
20.222797
-154.86261
11.216348
85.96428
74.87839
-4.6849403
-41.462883
-128.07883
93.77949
158.3604
-59.421803
149.64728
-50.59371
23.684048
109.30894
-58.967495
-157.40022
-63.628082
-7.636215
38.883804
106.028404
62.489094
94.24071
51.323654
229.1489
-12.820683
41.937195
-42.115303
46.350616
-142.67412
268.8501
44.681816
121.85473
-56.916515
1.7319905
-24.013988
54.687946
90.03546
-95.683754
-206.98381
171.36935
-141.73865
-22.824211
-63.688503
-180.07576
66.367
67.262215
19.535204
-83.33377
76.63528
-119.47824
-74.73821
24.285086
98.907745
-66.02113
0.628636
113.63683
-17.438545
76.401115
-33.51817
16.925535
-40.55356
12.546096
-76.03658
72.07401
27.066559
-18.677452
131.2907
101.666824
71.57104
26.6642
34.90211
-45.73501
-21.093575
5.899277
48.51286
12.116794
69.39098
-83.31338
34.264114
13.788026
41.028763
3.1060863
-19.411951
-116.43546
-98.41466
70.49267
34.032444
74.04519
109.032745
-53.90946
-23.382912
-308.28845
14.988752
-133.64183
-100.16409
26.21863
88.27017
139.85744
-138.77975
-142.46361
79.58307
-84.95057
-66.7625
74.419624
-29.503021
-40.68021
-29.687374
-81.119316
47.799553
-9.483662
-98.68174
4.4460096
-11.52347
12.045396
-79.19079
-105.73348
-30.824593
-89.17732
-62.64432
21.58674
-134.22748
-108.926506
-6.621643
187.5833
-55.71737
105.45222
-87.01491
109.5901
-47.169224
31.190008
-52.81852
171.37183
-75.83248
147.32516
54.0776
2.6158056
-22.756035
110.168564
-36.136505
-59.1105
-63.287117
-104.2438
-63.660553
-95.40875
-40.511948
-24.78986
-52.60058
17.243595
24.820503
-38.85083
-35.680767
150.58313
-81.327286
25.282238
14.441011
-49.00809
-15.34238
0.9348885
-13.133179
56.120743
54.29426
44.642494
-178.85312
-140.32687
19.352617
-21.339674
55.908825
-21.954823
-87.18871
33.186058
30.481314
219.41374
-21.225006
-5.4415164
97.73327
238.37337
97.325134
100.45873
-38.005352
93.367744
26.908175
-66.66387
-142.96956
146.17964
84.36188
-44.235764
-31.450134
-37.763645
18.844778
3.2588172
101.10533
11.248694
-150.96402
148.00673
32.63046
-13.291863
-121.666565
-2.2670915
28.715105
-163.75217
71.57798
-17.359186
185.64603
-181.29193
-162.86153
-44.83094
-7.5428405
72.31341
75.462425
-21.991314
-41.25669
16.030605
30.643867
162.9727
-109.27917
-138.54976
-38.51558
-88.50416
33.19948
59.83879
-77.00952
113.16583
183.84633
57.098495
-81.23202
-90.984
-24.768166
25.171703
53.940186
91.98528
-143.34618
107.71091
41.608723
83.92993
206.59703
168.86649
-67.51956
-20.59025
-136.67458
86.11532
-18.596746
-158.01317
-67.68974
125.35805
-5.503416
97.24776
260.27307
1.9037296
23.158789
-47.113823
-229.65298
20.36312
93.78383
-42.45881
-41.2375
-66.18713
-16.375908
39.186886
68.05824
-165.24762
15.770601
-56.577286
-15.06659
-13.521663
-44.06129
6.6960497
49.996494
79.28665
0.71040577
-144.53334
-49.49583
-92.512794
25.94304
-43.273552
-65.907166
0.5826789
-55.287292
63.878376
93.486565
-71.967606
-6.1108966
33.851677
162.79903
-70.13049
183.61713
173.94572
177.25412
-91.46877
24.500196
6.956285
49.300716
-63.336487
108.48272
53.688366
157.14941
-99.83134
-59.356728
192.23389
77.80118
5.353362
5.506462
-51.876022
-5.0691824
-175.68356
-145.59164
-129.85927
-51.455147
159.9255
0.54261804
-31.172003
38.927227
1.7148759
99.08505
-12.319646
-84.52971
14.899607
-21.68896
42.62867
0.21111882
68.6371
126.83938
28.82444
-64.78923
-94.321144
73.857666
65.93578
-56.190247
-42.4366
77.33517
26.094082
34.967724
41.443333
0.33703482
15.024728
7.6742387
16.883911
2.6243148
-51.435684
-10.383966
65.1158
-7.5914235
-90.55014
-49.59221
121.47405
-77.13191
151.94148
48.274788
93.16242
-32.32007
13.315584
-6.411165
-27.247147
-115.32724
27.46513
19.767027
-61.774666
75.46945
-10.126877
113.83318
-41.808044
-48.033817
-104.11818
23.882307
-64.28455
-56.588394
3.7951565
42.47429
-83.308235
63.053535
77.24168
68.286095
-23.87025
22.464733
12.123597
-133.06471
-117.467316
202.22281
-15.039747
43.80012
33.935886
105.42095
9.610664
47.17207
54.128754
-210.568
-38.064964
-45.39222
-103.499054
-2.2094193
-81.42908
8.505716
-23.699043
-108.68968
7.416727
-152.7137
185.30019
-61.378113
84.91872
13.448529
0.47616643
-272.26678
101.12864
20.041388
-50.179844
-63.44861
44.478024
104.15335
-46.79672
8.056824
17.054136
-99.00984
43.452507
-2.2624269
17.78115
69.676865
-15.063444
65.38473
44.68463
6.9193497
80.20035
-46.449383
3.2697039
-94.441154
-182.36874
-6.263528
37.70834
67.38975
-76.22403
178.2723
-55.94188
-24.168995
68.47378
-75.97215
0.7733397
-64.77458
137.75638
-121.920296
-142.1166
5.5088096
96.90048
-60.28388
138.58592
24.602594
-123.10853
-12.6039095
71.83675
43.160755
12.841687
-2.6176248
-51.08581
-213.3456
27.17886
146.48256
34.258667
-31.423656
-134.91193
164.63794
-60.449215
-88.092865
-74.4911
-50.978962
113.500305
-139.70247
87.14986
-73.45794
-82.75983
139.07475
126.55684
-96.08567
-78.30739
-172.08795
-20.841404
-51.39623
-2.3191264
-41.14726
32.35077
3.8419957
60.700924
-4.67725
-7.4113503
27.966331
-1.138552
-106.28983
-45.591946
4.3739953
-21.77565
-99.46862
17.341892
128.92831
5.446851
-66.08453
14.201214
54.387882
-56.97667
-3.5227993
118.80576
46.405083
116.02388
-33.194046
32.10517
23.628956
-11.733179
-37.274704
18.098612
-141.44057
4.0364146
-22.40954
-69.68185
90.47535
-12.982189
-21.124146
158.53723
-10.768994
-3.4832902
-49.20009
-44.766445
64.02911
64.39795
-23.776043
-52.134106
-5.331687
89.80446
-34.92922
21.564941
74.17539
-34.463608
54.467064
-6.4261694
-14.216315
2.1444447
-33.566513
31.250822
-69.522224
164.30286
-141.63234
-107.019264
192.12598
57.647003
119.44015
-79.938065
-58.829582
-39.605453
92.73822
96.765945
0.06056124
-96.1192
-119.32063
8.388162
86.6038
-18.852707
-40.421146
46.120903
-28.396225
-132.33693
12.043868
-116.824234
2.4634368
-58.08696
-50.739662
-20.895166
30.687002
141.66833
-29.02938
54.728867
138.97847
58.480453
25.389357
72.531715
62.280064
26.846247
-64.14871
66.48691
-35.75647
-64.015274
58.291077
-88.054405
-115.12839
-65.753654
-22.185278
-2.4349658
-88.84458
-198.87201
-58.215702
80.9691
-23.851505
9.955267
51.77297
-164.24535
-10.060235
-69.591934
-25.016407
-110.57493
-61.7569
3.6367936
-135.02205
42.63868
-30.856014
6.1603026
-46.027733
149.21516
-20.450157
45.507248
-101.42545
-4.5272202
-109.445175
-148.24666
28.63072
-146.55017
-81.50138
67.28409
-77.98438
55.446712
78.94213
15.288532
-97.51746
-41.1501
11.063903
95.18112
-2.1235945
44.835293
-156.66832
-21.617102
-17.121878
-82.59832
16.348955
-55.72565
-111.26739
-2.8093507
195.57947
-16.790016
87.65373
-110.36385
61.8107
-118.48005
36.331875
-15.297321
-145.99876
20.669872
-60.90509
44.812767
19.2332
-149.0984
9.206536
225.0662
5.737153
-41.04302
25.646791
11.650449
-16.309298
-11.813616
15.897708
71.294044
15.169445
-104.76042
32.69746
49.27681
31.807829
82.68914
99.17014
-65.375046
17.158966
-13.456595
50.004753
15.013882
-22.55955
-62.544113
-29.96185
-167.89017
118.55481
-63.79065
167.48103
7.3321466
12.079196
-116.230896
69.762375
74.04151
72.49764
12.430328
-15.549358
-36.485027
-31.502993
-170.37282
-18.82174
163.37917
-84.54624
43.48489
-67.899
-103.0018
50.424526
-327.3384
100.589386
-1.6962919
99.4311
-202.56223
79.00704
-40.790222
-65.256775
-25.716516
33.884663
-173.70955
-13.8168955
61.468117
2.2601404
127.43784
22.29994
1.9506373
21.765022
173.3971
-71.45691
96.70753
-59.495644
-141.3491
73.41941
-27.591372
71.515686
-98.29653
-10.344101
-37.180244
-171.38391
44.5734
27.723251
-5.069904
104.178856
-19.940647
116.101425
31.261065
-71.921555
-134.56117
39.839314
76.60389
-18.987885
-97.22833
-55.160793
21.84876
-112.27509
-146.26923
132.79901
-95.788506
81.614395
52.151604
-2.0069199
32.5702
-3.662125
42.993977
-139.5507
-0.90335345
21.574295
-59.6091
85.42545
36.314728
193.32175
-81.83627
29.273521
3.6701875
141.72917
-109.51766
-173.58548
-48.424866
123.74339
128.71886
-41.912743
-103.88389
51.463196
38.057877
20.645567
-196.53163
-36.38861
80.0306
-172.71498
13.764229
149.03333
60.480877
49.447845
-61.926006
41.216084
20.023325
-165.61678
-29.218775
-106.764786
-1.299107
-28.110575
-46.1549
-90.349205
-38.398308
231.77032
-24.348682
-76.92547
10.329427
-68.74088
-106.61276
54.715866
28.609415
-190.71426
-39.038593
23.008303
221.45079
-40.00235
126.210464
121.97678
75.98258
-20.895153
130.43288
-189.01363
161.96652
-13.613966
-115.89453
83.93251
16.119717
-54.715637
109.94072
-61.248398
-37.633224
-39.752457
141.10988
-203.22723
-59.1999
-97.50694
-156.04094
21.3449
17.456966
-163.72786
16.559889
-16.985403
-81.03728
-114.25387
79.77716
-68.59629
129.52542
167.22319
137.95033
14.562378
-43.20621
2.3738346
-97.70956
-74.86891
-77.48503
172.32439
60.933567
-164.12022
-36.283253
29.615458
-64.634796
156.32237
58.842216
-122.071236
49.28343
72.565735
-40.51817
8.375575
-29.089659
73.24411
-195.41875
23.077879
104.857376
-147.39616
-155.94124
22.067034
-23.156782
-61.24378
189.22626
-129.49896
20.526299
74.850845
-28.448336
-49.970634
-76.561195
-5.6394877
-209.59422
3.594898
-204.55247
9.07718
19.217537
-85.31668
57.33668
-37.204044
39.00818
49.555035
-27.426502
-14.283474
-44.363792
-40.171844
11.153014
91.90734
66.666046
-72.03678
31.070438
-55.15132
-43.51579
-42.08531
-46.760315
-15.131955
177.02919
24.323776
-11.545178
52.105263
136.40787
58.12738
-52.687447
101.64487
31.067741
18.34784
141.72467
-205.25204
23.91626
-28.352205
60.344215
-182.09003
58.376907
102.03857
-148.52927
-171.62297
35.997837
-15.856245
-66.573006
-178.56172
-110.3251
15.904474
16.283169
-190.26193
66.06683
165.61084
138.16437
-153.43172
134.75932
-192.89433
158.30798
-69.00712
29.798763
35.194588
109.5505
8.520297
-49.304916
31.009508
-33.066303
-20.071663
24.183064
-35.09109
133.50978
42.534695
7.394864
12.13059
-131.4007
97.47468
-39.98171
-74.23733
-16.674402
7.9998827
-16.170448
-131.34163
102.75062
-42.8836
79.22724
11.137596
-22.178911
41.988094
-28.411228
30.591753
-27.394419
82.772385
34.86808
31.920918
18.36299
70.530014
71.57547
8.055517
51.247597
-133.10359
-57.682438
75.517426
124.07398
79.728546
-15.100209
23.516182
-43.717106
122.077255
-165.38306
18.767962
-87.22879
57.117203
-240.03177
-119.101974
-93.40605
-126.90846
-8.678298
-143.05223
-51.652775
-207.6305
60.5439
8.469779
6.781546
3.1796746
-1.7629238
137.6786
158.84128
0.46181625
-25.287024
101.911644
127.82202
110.45929
-94.94503
24.584063
-58.705883
-44.349842
-150.02617
199.56073
-72.657265
-12.779592
138.62839
0.009452939
102.75313
-14.610968
-55.938118
16.394922
86.162704
-54.026745
184.08733
-21.99869
125.96565
-72.840294
13.866468
-54.953415
-175.83818
89.9219
2.3111982
52.960255
-74.8079
-140.94292
-66.81189
35.541042
-5.8419647
39.793324
137.23921
36.2832
47.5348
163.16568
158.74991
-41.045055
49.210567
-0.69574904
21.695574
-65.07054
-145.67564
72.70442
-61.726547
-66.79677
27.29133
5.9060264
40.815876
-50.030357
71.20478
-132.55861
37.126175
-82.77715
-22.69803
-50.99861
89.22498
20.953651
-114.08317
79.81717
101.40607
-32.8422
3.4224682
-67.90348
82.043335
-47.569077
-279.288
-78.39802
-77.36546
-61.7013
-42.211033
35.7622
35.99739
70.389206
-89.88482
-69.399445
-157.60799
-147.33598
40.654366
15.080372
2.710137
210.2122
2.3933244
-42.607254
8.493199
-101.66845
-92.02276
-32.623924
137.51672
13.190338
-36.785263
-73.45823
219.9523
2.107323
19.11354
44.66291
-159.98122
-38.61589
46.175896
-36.81903
-53.26843
-2.715767
-29.596722
-94.787865
-35.19785
-39.208714
-104.10019
12.752777
-35.00164
-204.86937
-237.00174
-7.1296444
6.222632
59.842293
-10.115314
76.914505
-69.4695
-38.289673
-66.73277
88.724
-149.46788
-62.21222
-89.20041
4.8989525
-72.673195
-53.618732
76.30536
-24.20128
-159.59
-10.233674
-26.687328
-28.479332
7.6670637
-134.07437
-79.60705
-90.410255
16.757418
80.78921
-19.875849
129.82558
81.14344
135.84117
17.189444
-89.93535
57.603092
-18.871677
-215.7982
-99.49844
1.0578234
-29.373161
-36.795685
95.16186
143.67635
-20.868605
-84.662125
140.9199
101.765785
15.474585
91.28434
59.078777
29.806973
89.59826
24.561256
74.42508
-65.12418
116.47835
-68.43049
9.21515
-130.2039
-31.491697
113.90596
114.634796
-12.953901
-29.45691
106.19466
16.397682
117.423874
41.769238
-31.397696
-88.89526
58.05889
-33.777355
-44.9976
166.1196
-56.27285
-78.97917
118.876396
20.767513
45.857334
51.74825
204.98499
-5.420325
161.86957
8.03811
-13.485261
-197.39407
-216.25189
63.17396
-80.418655
179.2145
-128.077
117.65441
41.05459
-43.542767
-67.832985
148.03168
24.167845
-56.436905
-91.36834
-84.520355
191.75482
-42.203487
-93.53045
78.64685
51.318695
131.1497
58.95
-6.2999096
-48.128857
123.76245
-97.56467
-43.502144
-103.23811
-135.08562
-40.16487
18.900263
1.0990412
32.897156
1.8795903
113.47526
-34.64762
-46.307648
42.10638
107.9659
201.3613
-44.42888
-74.8943
171.38763
39.16392
-52.367718
-13.903256
97.849785
69.16461
32.066826
-142.34293
114.58396
70.33383
83.42853
63.560158
31.63182
83.68454
-35.90191
-32.78048
58.835182
114.878555
-12.464786
10.327996
-9.111663
-7.0394187
-62.519703
-22.237082
-19.864964
-235.25188
75.34569
-33.29849
-77.29836
-16.685417
144.44585
267.08612
-29.031046
133.24063
96.00508
-30.188946
115.49128
-124.98592
-19.870546
20.938234
5.740743
-10.214542
-57.337498
141.46878
-105.32146
-39.46809
-22.352219
219.26508
19.211641
-60.101246
102.96147
-109.90084
52.0974
28.710417
54.89559
-109.54117
-170.24562
-152.2087
22.316885
-140.22801
-17.344414
-48.35389
-0.72784567
-148.55219
88.444954
77.92041
-29.867643
37.99159
42.409096
73.75389
201.49088
-36.179276
51.186214
-42.799995
34.53347
-39.626514
-16.382961
-92.89067
75.7728
33.357384
21.25099
-111.211876
8.60176
-12.739836
-18.147596
-106.220505
-47.37196
-48.719982
9.292366
-133.66109
-37.511852
-45.931496
71.48426
-77.3739
72.28372
-123.50889
24.900908
103.28418
2.3105464
91.30081
-157.4787
121.95597
-82.0919
-45.144737
-10.50875
64.23157
49.675873
-96.71706
-174.26656
113.278496
-39.75237
-104.904945
24.17362
-54.664185
-62.56881
-95.15207
-2.2091422
96.293564
20.003012
81.61723
52.143158
120.92748
50.80729
-110.63014
17.537308
129.83406
79.23556
25.405193
40.50575
5.781223
160.38782
-30.410326
89.62606
-148.37868
33.221546
-23.492523
-147.12515
-24.42056
189.24529
46.035637
-28.318869
165.38005
-183.79883
200.24608
-32.712288
-10.7022505
120.038956
-8.5634165
101.03735
-50.389595
33.181137
-81.93967
-45.23329
145.98453
124.278496
-30.038937
2.0978742
3.7247102
2.7407048
20.48572
133.92389
-6.6229773
101.82447
34.074936
28.290173
121.74085
41.146004
0.5823754
-24.071918
23.49127
-6.168206
160.87909
-65.56246
53.84656
-82.98745
79.494194
7.0728855
-87.18457
59.5209
-140.86708
-34.68919
16.22452
17.591679
40.549652
-119.141495
17.27374
4.181484
1.9379226
82.59525
-163.84708
-141.38734
-135.9719
82.41075
5.514646
85.417175
12.223155
97.34199
-44.60389
-17.524218
-81.712814
109.489685
40.37149
148.32701
70.50036
107.175156
37.832462
35.77808
23.185843
60.695793
-32.076447
-24.845879
146.81767
-36.695282
-40.314556
169.09657
-6.657581
42.649887
61.68113
72.83921
2.165823
31.658863
95.19726
-122.057434
-137.93393
57.94187
97.03937
-28.823599
151.51335
142.95901
30.569244
-0.8789313
-3.303886
-80.98265
33.679016
-83.13051
133.26158
-22.528542
222.05775
-57.790573
135.25378
-29.04895
97.75164
47.185265
-46.25267
219.2123
-28.692572
-58.58292
89.5885
87.88525
-18.414474
-11.248937
-43.0639
-12.888534
-137.63893
-112.39636
-25.506086
140.84341
-61.7139
-46.10685
9.6927805
75.46184
56.943905
-107.01558
60.963787
192.0266
122.69893
-1.4647701
-293.67365
-46.920273
-25.543755
-4.375957
-48.35652
138.15729
-65.8383
-12.355519
-130.90668
-79.52597
-213.44904
-9.155098
-114.96058
41.300186
0.42292082
-48.800575
-85.242805
46.378002
-185.71907
47.787323
-20.875595
126.81279
-71.46833
35.293842
15.090634
230.70505
121.687706
-42.755024
8.667606
31.508127
-87.465034
-4.4309683
-22.340528
-142.73988
-312.4198
-25.293423
-36.823376
-59.572113
13.596533
64.256165
176.78453
-179.50238
-21.672672
-11.205498
90.87166
-76.55208
-71.491486
-208.36722
69.20456
-65.67247
5.340054
-46.07833
-101.00883
87.03514
34.88277
122.401436
98.375854
-46.227615
52.899517
65.85239
44.85716
79.79557
33.778534
9.68433
29.489075
6.73332
231.22638
29.96789
13.10481
-11.316859
-29.4541
138.64153
11.034066
54.2424
-19.851156
126.58466
-70.64812
37.755833
-46.97707
-53.49024
4.235919
217.01979
-178.57535
56.604202
65.577576
160.58315
136.32472
111.54961
57.414433
9.074654
-47.21697
155.58003
87.699455
54.313313
33.317886
7.515679
-28.385647
178.243
-19.923002
91.855644
-163.81758
68.72196
-54.46835
-61.603622
-17.78929
-26.386326
-5.2220254
-4.6853137
51.542355
-75.450294
-204.53311
-97.02359
61.10194
106.00547
-25.460213
140.65178
-26.800774
-40.984325
-107.60515
-18.562553
99.68031
4.979541
-1.185795
-88.6715
139.06337
-9.725536
-56.80627
-52.83339
122.44939
-47.25844
105.507545
-47.382786
-9.827071
16.496471
148.03804
-14.952454
-30.642084
-94.94338
-197.03374
70.088455
98.97045
-225.91348
-315.2692
-6.3273745
-60.43689
140.01408
-18.420786
5.326315
-62.901676
76.334984
66.87066
46.91067
-67.02994
-19.412117
-14.599673
44.280453
12.861715
173.36052
34.31477
18.426502
-229.28804
-128.14932
187.81754
-216.97417
-98.52306
114.57605
12.528773
-77.373085
-20.58975
18.569332
-62.298473
94.06311
21.337797
-49.54557
-120.93849
-166.44928
70.16163
-30.182697
52.847668
67.7203
-58.51803
111.281944
123.50021
31.288773
-77.28642
-11.760912
34.719296
-34.35452
-28.735903
43.692287
22.819286
50.157867
77.30171
-123.57875
-31.118181
51.428417
-99.19967
-163.90315
-23.660116
-21.581348
44.624706
116.64991
-34.103527
28.551737
-179.9905
58.167362
-53.962444
5.117612
6.013757
23.268208
47.059986
-9.119286
34.5854
47.6785
-69.1793
155.76726
25.427153
121.1713
-26.496712
-42.46056
70.89537
94.86482
-60.18548
24.420164
-70.167656
207.32422
-62.958332
-270.69482
52.630924
-11.844231
-21.718887
9.360274
28.655148
-217.9243
-100.67675
31.162636
156.82187
241.27055
-25.407137
-78.66408
-106.58683
133.61171
-27.926605
90.07074
-129.12856
18.091516
-23.781942
-41.329693
-32.652782
33.808903
118.50274
23.207653
-34.19833
171.97133
73.09311
-151.5527
6.7607145
23.556068
-152.0994
-52.59434
-38.00679
-2.675659
110.8613
-98.43588
132.07971
-55.465572
20.465332
41.047943
-179.64558
-66.04242
6.473412
152.67264
-9.139217
-67.23674
-14.213613
44.05479
-146.41528
-55.715065
44.00269
19.235514
-14.177195
-3.7326574
-31.318579
-31.545744
45.548145
-120.38967
80.63076
68.54882
-85.863495
123.17503
1.7423995
47.571728
42.658134
-80.071144
121.6683
152.19969
-67.86493
52.012356
122.84302
-173.93185
13.775891
-36.162994
-44.707485
59.06109
-186.61185
83.21992
-13.600186
80.98154
-104.19084
102.254105
-7.5384703
-90.47776
-37.3765
41.42525
20.448895
-44.08945
16.39587
-82.33299
22.313416
-13.489611
126.688835
-146.7067
-47.417717
-86.65544
-87.704765
-101.866516
50.525497
99.82498
90.714325
86.222374
-85.65469
-52.49182
-1.4878354
4.808194
18.962505
-24.507093
-33.49987
-88.32644
12.655125
96.01448
-42.26333
-115.120705
107.278305
-99.82071
-37.76404
68.94137
-1.987319
-79.596436
104.31596
214.81525
70.46509
40.75542
-28.544304
60.013268
-65.27111
60.884438
-111.237274
77.39203
26.852142
128.56433
-202.13754
75.14081
-43.17567
-74.06336
-190.88602
30.151302
-163.60553
128.41681
26.682892
-90.178406
53.3438
256.26086
-103.92751
-52.987595
17.59328
29.070797
93.63945
44.267677
84.14021
82.693436
21.964884
1.3566557
40.31002
-38.379322
-37.333492
121.70436
-36.140213
47.661987
-13.469393
39.932358
-48.40084
-119.57245
2.4300528
83.89579
-23.729794
68.92969
44.39894
99.03965
189.08221
59.177345
-13.323227
96.01472
32.34978
85.34053
-12.77783
60.603344
25.64878
-122.23801
-23.77393
-59.546143
143.01082
27.250166
-155.07811
-1.5986166
10.463199
26.884153
24.205894
101.49385
-130.2023
142.41287
31.035297
-51.3898
-6.608226
-57.15802
68.23572
-131.93869
27.384926
104.16688
8.932991
-16.22021
4.765851
69.85455
-208.82689
125.93195
60.78608
96.28412
-208.05708
-54.127144
-6.856414
-1.7861397
-67.58646
138.16887
-60.575665
-58.704163
-98.23892
81.31064
3.394757
10.588333
-41.654644
-66.52926
62.129135
40.74695
200.48524
109.76493
77.823975
200.83012
63.611217
-22.052372
-112.56331
-4.361103
-1.2707095
-35.44102
-168.04831
64.14018
-15.006883
-6.069176
8.8692255
0.47815228
-56.030876
84.73112
-29.455402
129.6605
-88.33246
42.81084
-117.56849
-157.65346
84.91528
99.55408
-99.375626
89.91441
24.138252
-54.50011
181.79156
0.5469021
84.112175
-87.27512
-60.538193
39.832367
-138.159
197.62895
51.14914
171.5848
-115.02854
-28.59701
3.37147
-134.51236
-33.46763
-81.744675
-76.55307
114.27382
-172.30855
-29.921017
-35.035954
2.3115888
121.608505
-192.4878
-6.5343113
28.335793
-5.408498
-127.16786
84.433815
14.719638
-19.892433
3.8366976
119.951416
-55.516903
-8.123091
-80.332596
34.617077
27.288311
95.52633
-163.50287
-133.21712
-70.65736
87.06626
0.62718654
-16.230236
-51.843136
116.62836
-1.6389146
-133.34166
-190.73848
-145.77686
-48.563118
39.21768
-170.5194
-94.43163
29.661263
62.079304
-90.38154
-156.92926
-48.06906
10.199267
28.487553
-63.484344
-21.426865
-6.092904
40.869606
186.73682
106.125275
-5.3923187
-3.029371
43.389977
44.040054
2.8721764
-149.89404
-89.06557
46.599907
39.681927
-7.148703
-21.937656
254.66318
156.74467
91.87851
-124.208855
-93.29963
-64.85447
109.606346
59.830757
-239.55911
78.09491
-152.44498
62.94029
-57.25181
-50.478985
248.28242
-3.2531621
-47.74655
19.06805
62.41168
144.42993
115.37631
-84.786
-187.28662
46.744823
27.65785
138.47314
-44.429207
-22.13216
-90.7756
46.94047
155.85599
-18.410496
6.2353463
58.53447
64.551735
204.10063
-20.526098
5.638515
209.51218
-3.590624
-3.8509607
106.35852
-23.75576
58.317642
-82.37139
66.877525
29.525831
208.70642
23.128218
-137.48396
166.83078
33.50897
-27.34136
-75.72515
-292.79807
200.93561
95.30792
-83.50783
-75.72527
-32.02371
-177.99867
113.61429
183.85669
-73.23664
48.293068
65.30513
-10.45235
-16.20342
15.121425
64.31607
73.408516
-97.295006
-37.78496
-124.267555
-7.2707486
10.395514
14.507682
-195.40524
-40.713554
-74.72622
25.143303
-92.00695
8.0511055
81.269516
92.2388
59.091858
-35.79875
-152.75142
-9.507265
56.052402
-166.17929
-16.773207
110.91838
-8.840384
-100.24803
-15.297317
67.63944
225.3891
-2.1824596
-42.615223
-89.692215
59.267033
-124.46123
17.39499
76.722946
15.298824
-243.03206
87.77791
2.809438
84.4087
34.988743
-9.64539
-13.15309
68.56818
55.130653
-162.71187
33.00005
-114.10283
30.116333
116.42792
-75.54348
-84.78613
90.19569
2.1216853
-69.10072
61.04684
-172.999
-78.481766
-44.59064
-184.18044
-157.41649
129.25522
56.091896
-30.269066
-99.07543
75.42788
8.893008
35.516273
-28.508133
-1.8947599
-13.695652
-82.4786
108.5595
-18.855465
-22.039194
223.02153
-131.29814
135.8728
145.30455
58.26726
-34.995667
80.33995
-33.352192
143.78386
-99.327484
-5.098898
-67.86729
18.281641
-37.198307
47.94676
-51.219498
-108.7096
66.59705
131.60255
-154.71494
19.199568
57.588852
-189.78206
-26.014654
-186.17888
-104.26864
-183.33464
-10.183498
101.00354
99.70147
-18.569742
100.86683
-119.82084
43.262753
16.74619
157.6071
-121.31607
77.86351
8.747952
189.20728
41.60676
65.056946
79.19005
178.58365
-38.901638
62.62105
-40.082012
21.664604
72.64207
-194.40753
7.6837454
-37.505333
-57.87133
-130.2024
182.97675
142.71263
102.83326
-9.318
117.11825
132.56903
-209.25197
34.76532
-14.173812
54.923126
72.07607
4.8599644
125.446075
89.501236
22.841293
-127.40229
73.15971
32.887966
66.04956
31.199102
144.09703
8.001075
184.18973
74.895355
197.4541
-101.15445
117.27286
-99.796196
179.8302
0.6941979
-53.058235
33.566177
34.197365
93.01687
-92.62398
-70.554726
116.24751
-63.498222
79.938
44.549583
-29.11134
-92.29958
-125.1506
-152.30673
-10.998487
-30.629154
46.728107
25.852032
22.017881
15.881731
34.15787
147.17067
94.366066
-77.691124
1.372937
143.11548
4.83103
-18.266218
-6.3326726
-69.62495
9.874253
-33.124607
86.360214
-43.698
148.31273
-53.366203
-11.9222
-46.833897
107.74066
-123.92245
-35.127716
-49.59651
43.7852
90.61527
-21.039465
219.82156
196.45575
-177.46469
-24.12898
72.394
-82.87633
7.370572
-46.49492
130.42859
49.97738
-105.20127
-58.468555
112.98519
-202.30223
-44.254112
125.296616
65.398155
48.372124
84.98913
38.399284
105.25229
-5.535286
27.507421
-76.93715
-45.18981
117.03151
-102.875084
-11.634426
0.5724243
-36.00081
-21.293434
93.132324
-73.08648
114.94863
-56.438526
-25.939562
11.219373
-8.585448
-16.575037
-15.254607
-71.832726
-20.341864
109.37962
65.87214
83.50877
155.6915
-11.061239
77.749245
-10.1012745
97.65792
76.55124
66.968605
205.48528
83.56285
101.95261
-78.48048
-32.50999
-44.001694
74.37159
31.771675
68.81966
3.345895
11.947772
38.75661
44.06744
-172.97574
-46.097244
-95.24291
144.10188
-3.414706
11.392614
61.997955
109.85534
-106.15747
87.14737
-20.737944
69.56805
-70.33974
100.4513
-30.755238
-142.16043
-3.7243552
3.5470006
-72.93209
128.93776
-3.3345132
-11.822378
106.88222
-122.72862
-18.375309
-55.185356
-6.8483624
128.0444
24.395124
-154.37735
22.915726
21.885818
208.0897
26.582144
61.699146
66.91262
92.30961
57.09062
-129.40508
-100.37704
-43.79185
-102.66733
-158.87878
106.5878
3.5108862
-127.37794
-52.32447
-19.154428
-164.38417
23.556631
32.764854
161.90811
-135.41432
-66.19946
-8.173083
-77.254555
-50.016006
-111.23372
-23.995867
-39.635273
14.549782
-196.70865
-40.48478
1.5383399
-48.57387
-81.994865
-100.654495
-7.98119
80.48415
-13.501752
-75.13398
-85.35514
-69.57042
52.86651
-109.076584
72.37065
8.151213
-183.83273
19.316236
25.399076
17.63475
35.66297
-36.719593
-10.21372
58.47782
75.98571
-199.75862
160.75362
35.717083
185.91895
-138.2469
4.6650577
32.12501
-95.92365
147.12677
25.404795
35.578655
-172.03934
0.80920196
89.267235
-0.5127138
-18.038828
112.72477
24.904972
8.169779
72.21733
58.69052
-0.3738015
-27.635622
15.983623
-11.727781
33.724068
-29.964718
-101.17411
-12.441477
-100.61946
-82.12496
-85.41628
-61.65071
3.316998
39.84297
131.1698
-73.10669
-21.38374
207.27943
12.715255
-103.09485
102.6068
-54.19131
-84.577675
-63.267384
-72.631325
21.29374
1.6056879
97.31327
28.966206
-66.94234
157.08357
-86.25002
-27.39284
-85.818115
-12.102208
-74.5603
-24.501621
-124.336365
15.943445
-30.3412
-28.319862
68.80727
-72.47299
3.5006347
-38.45056
28.23642
193.39886
27.477394
-27.715797
18.46377
92.475
-71.71018
90.037346
81.2136
134.6729
-88.20783
116.18132
27.314331
-168.38625
-24.183666
-166.51845
-70.689445
50.265236
175.77646
-34.59747
-136.28732
65.69396
-102.711815
-83.18759
88.50268
-65.47723
-51.477722
3.061084
151.4485
-35.90783
62.70351
77.57934
-19.184381
42.19009
-146.3413
-143.33632
57.59088
119.56624
77.13391
17.121561
-13.448545
3.4340298
88.80521
-4.6932607
-251.8006
-187.1551
87.36382
-62.765057
103.257126
22.237415
111.04258
75.98008
106.06666
12.29699
-174.27022
-18.326738
59.712994
-36.07027
-11.823697
5.0172663
5.8412523
37.536835
41.521145
-1.856657
-6.485158
0.9179051
-135.398
-148.07953
19.389204
126.08092
66.37656
-3.7131581
-197.22661
94.48391
-53.015236
-87.08795
30.58997
-44.09673
33.266518
-50.123516
-37.518158
79.829704
-28.911144
27.940287
75.49121
-63.24443
16.953924
24.876238
-85.24148
42.792255
-42.080982
20.519436
8.125605
-22.941036
-35.96449
99.14882
61.875137
-59.56943
-82.27381
-11.802472
24.443144
-5.5917554
104.22525
-72.222885
29.647474
-17.95709
3.3166242
-17.610415
-36.975792
-159.73938
-125.592575
47.665092
-20.347946
-48.384995
-118.07494
38.15244
-88.75508
-118.4235
135.02219
-10.2734165
-25.670467
-37.42952
85.41224
62.79907
-112.202354
-42.019344
-65.661354
164.61847
84.75482
154.78424
-54.092785
-36.438877
99.214096
-114.66481
7.249041
-41.73669
-15.763564
73.78965
11.150379
62.896725
73.41116
-45.3426
-72.04122
14.988931
91.15082
-16.841
-16.293531
147.95023
58.4887
40.938183
-58.745247
-87.46229
78.35492
10.550585
119.047104
13.900638
40.44751
-33.10077
-66.58821
74.44608
-49.66837
7.889195
81.47549
-58.622417
94.543686
-9.54833
6.0289836
-3.7204108
-151.30424
-23.606552
-133.53783
169.23044
44.941223
-61.95374
-155.91623
51.961132
-30.371326
-130.06584
-88.584854
-73.104645
5.0942197
-93.69336
138.79997
-5.71607
0.6811292
-84.33239
-80.422165
28.103922
98.350334
-18.46392
7.3526955
-244.12875
87.31906
-183.76804
-38.867226
-8.542209
3.2079825
-161.47066
158.26974
-109.06764
53.574245
-76.56925
22.85184
13.915342
-10.060105
-112.488396
-92.442184
148.81671
-58.05402
-163.54764
65.17291
