75.87851
-45.1224
-264.48163
-225.07913
-251.75197
754.98535
-119.720245
-261.41656
90.97933
-256.47546
137.68562
296.15546
-126.224205
-467.73105
189.45084
475.62036
-159.05646
182.76645
-456.89514
-225.38593
-174.84955
-212.10205
-564.82086
162.44217
-55.005505
50.829216
296.10046
-2.7924266
676.56415
107.15458
-382.54715
186.21423
12.966558
368.4391
-174.14311
170.85062
561.7186
298.77908
-6.8893194
-212.10808
72.06038
240.01942
-318.62234
-99.787766
64.38247
-255.92116
210.95982
786.4742
-538.0514
42.03618
-236.91698
-206.62877
165.8445
597.25665
-161.98506
182.27423
-141.5843
311.17767
54.70645
-115.78435
-489.72568
-144.16843
217.98663
33.593716
-136.14746
154.69199
-100.71354
-342.8844
-267.12698
-107.21689
-25.980886
-141.606
35.15677
-189.24567
-148.586
52.652767
409.2776
-400.4185
-39.26931
-55.351433
31.643341
27.682165
-482.6177
181.92288
-33.50373
-667.862
194.04262
-373.269
41.72211
354.06808
-563.50323
6.413765
260.67566
96.28347
-24.169233
388.21924
253.14471
5.6500764
-73.776245
-153.37514
54.61859
-127.61138
-332.06223
103.78305
-47.84239
339.00763
-70.39976
-112.032875
-317.83994
75.0044
-360.98322
234.93663
16.575106
-300.30435
261.13504
-559.5472
-247.86725
111.555725
139.21956
559.22614
82.11252
-568.5802
-37.523445
457.546
-514.8268
-32.179222
-129.83904
-195.24464
-325.396
58.955357
-373.6068
127.58589
-92.19647
-119.7862
-144.86705
-263.89743
134.65381
156.5535
313.4452
-221.2539
-97.70676
11.129833
-26.69138
-28.286636
-22.62445
246.91827
-260.48996
177.06184
-109.4595
-333.7432
277.90695
-54.355988
411.5713
333.25195
132.05537
310.3098
-3.970316
-304.13492
50.616394
-717.20703
-430.17813
-210.58656
-130.12057
-239.6377
-252.37051
696.35254
121.86172
85.94902
178.35327
-616.82086
-463.3614
-244.31656
-152.07985
-310.50278
-486.9946
-717.1621
320.55084
-120.20628
-227.75642
-9.321912
-162.6487
148.63527
363.68835
-313.5533
382.30872
-104.73911
-57.634308
178.67035
115.53532
-98.04861
-356.71732
344.89703
15.138217
-467.59055
-200.05774
-424.63428
86.36032
-40.726433
9.484262
340.8958
9.702921
86.29333
71.47994
253.16808
-174.38954
-51.83861
-628.76434
371.89224
-365.907
319.3327
-155.9764
333.6746
-18.526962
165.06137
295.21786
230.56294
204.15897
341.45465
456.71335
3.8323147
307.38916
-563.0334
93.2532
-119.433365
266.0542
232.27257
234.61194
26.90742
224.49707
-93.30253
-52.81621
0.43540478
-6.7579713
26.695305
-290.38718
-206.53346
-169.15938
-329.59888
170.33354
-62.96005
-158.31097
-12.968763
-210.90572
735.3181
-442.6723
-126.66904
54.40477
-408.2809
107.686554
205.80585
-133.52994
-609.1727
-403.04535
-336.23218
-482.50638
-366.29102
-43.852043
136.04103
255.82976
164.33981
-360.70227
-136.5241
86.98298
-62.84444
206.73712
-362.13712
-163.82872
-354.70453
-435.8994
-147.5286
436.00223
-312.15277
-394.49435
234.17964
-667.4783
-57.1226
369.3077
-322.399
-121.719124
-296.8007
308.4338
86.17918
-150.19293
302.2296
148.4836
-501.5682
-123.44737
-184.78957
67.19021
334.6139
-259.93637
216.21431
28.61852
-42.44667
-237.66461
258.95782
-354.78287
11.176099
-43.950848
-13.777667
115.13162
-456.561
-49.12522
-46.20853
290.85507
-136.65463
-483.49588
-511.04657
90.10904
27.052753
-181.35806
307.17877
83.59818
-377.19977
-368.0088
-117.41389
-211.47038
-298.52133
-397.76294
41.842457
-222.78333
56.405228
509.10748
-392.00018
-483.07935
204.95636
71.72983
-362.94144
-553.30133
-117.30139
224.66667
48.568558
549.98566
239.70139
-92.427
-210.62935
-165.87761
-323.617
-18.07464
-307.2325
134.9954
20.411182
-112.974686
65.64122
217.51381
-54.988846
48.930626
-63.38846
579.6165
423.22217
-54.541595
-323.1262
63.697098
23.744444
193.3831
83.14176
249.0303
-14.226024
-202.46039
-101.00643
257.14792
-390.97177
-249.11513
-177.91025
42.89031
362.93723
118.53954
220.73645
208.97969
529.5423
543.5291
166.30563
572.3416
1.181143
45.330795
-143.902
-322.65427
219.97815
-166.12001
-225.90904
287.8723
150.5228
-70.5232
199.67842
-94.4385
-441.31265
-26.337914
88.41618
-30.308474
-27.484991
-53.95264
306.51447
117.85311
75.51869
53.381554
-314.3234
-6.681804
-117.71238
152.26949
-421.79733
84.14256
-289.86337
-100.51028
346.26984
-88.693306
-29.949682
-30.622545
323.85123
-241.81812
-90.33805
-139.4328
-234.74721
147.89548
201.48172
264.1485
-28.245272
533.5942
-430.08582
368.4703
103.32735
150.8658
-483.96643
-215.3882
413.8148
114.87822
-245.06133
-359.5273
-276.75305
-89.48361
331.63245
-239.5818
325.46365
199.69582
-300.2006
-223.4485
-225.10974
-122.9694
122.09787
527.1088
-349.64218
136.81227
147.36365
48.292343
632.6017
-199.84558
261.0259
73.40784
452.6399
-157.74359
82.978165
-18.462883
-229.40979
540.93774
-453.1764
-229.29811
-378.38712
-216.36089
670.3532
-111.85146
73.32788
-312.26672
82.24049
-174.67021
-443.84198
-235.02611
110.76304
87.408646
-334.99435
251.48134
-76.635605
196.34047
-33.62321
-122.422455
20.243326
32.063164
-388.44373
-58.073128
41.10311
107.00064
411.16864
-490.08774
-119.7672
135.78578
-397.14764
-528.9604
-331.36984
209.17029
349.16806
-104.760086
179.74289
-232.14479
-444.4579
132.03644
-400.4921
-83.30649
68.78322
-340.99615
527.36017
317.99994
-85.118965
22.547297
159.30258
-475.8478
251.9167
-836.6986
53.812775
-114.53486
-29.835413
414.25577
-67.17029
-375.43307
-669.1879
102.81852
-108.76929
-385.6773
59.044262
318.97888
262.65594
-267.5401
91.10722
251.3357
-267.84927
28.355696
-168.10393
-241.1021
-30.035557
279.82742
-89.659805
215.4044
380.32214
606.85913
58.825493
141.55219
-219.10924
540.40985
157.95262
421.60904
-523.27246
72.903625
251.05396
252.54167
-132.6482
90.271675
17.66966
95.39521
181.61392
-527.8368
473.67368
-92.5088
37.624954
-18.71695
451.72482
19.65754
-119.80936
-232.91814
376.83127
167.70123
-12.351977
267.8488
5.4618473
403.0978
-287.30783
-18.460913
80.98995
426.25256
236.32054
-234.36229
109.716064
270.3275
-186.4675
68.34323
-129.6656
-224.9278
-387.73782
198.08282
-143.2465
-75.951164
102.84778
-67.81753
203.00789
395.12888
-71.8248
822.3386
299.57492
-359.62613
61.41885
-154.61029
110.92346
-270.88074
41.17865
97.573456
73.957634
47.718567
-166.21834
-133.78629
-232.03963
-244.13283
-92.628365
150.504
173.32639
231.69142
-160.45068
-70.03693
-585.3283
-345.44418
81.829155
445.6738
-72.66777
-244.95914
-321.56686
188.49382
-9.714305
-23.227285
-52.753494
-172.71738
29.022036
58.39045
-20.869934
73.26086
163.2087
35.231552
-193.56984
208.76405
-17.648579
-147.8342
-626.30286
467.36862
51.563416
0.22617376
-158.75069
-251.19661
-325.51123
106.894104
-387.41574
167.69891
-139.55096
-302.39496
-91.612045
112.48112
-44.887375
186.62302
205.72061
7.988303
-138.83295
-192.5605
-468.47516
326.29294
410.511
550.6062
-474.54263
-55.637497
-60.44544
233.483
-61.411713
-715.54755
4.712577
-426.59875
248.29396
-394.4197
-280.52527
140.73059
94.74102
419.52753
-96.884865
157.70914
-24.011942
44.007973
324.5064
-330.1162
-173.68942
310.77194
16.918716
141.97188
-9.904654
-136.98006
68.18761
707.5262
-47.293335
105.38111
130.38142
-315.63623
355.4699
83.994545
-40.999977
-111.50641
984.233
-133.29036
-269.75217
-423.64456
156.29262
-271.00983
122.505135
-393.20065
-92.93797
-176.19958
217.40999
-74.6865
104.692314
-44.507088
67.36937
443.04837
222.82484
4.8735294
332.8499
-15.033532
-47.122967
438.1333
-30.911304
-231.59529
202.1913
10.059308
-9.90521
76.86794
-182.19511
-274.7877
-66.226715
318.45673
95.40546
-70.77467
-234.89798
-422.55466
-342.77957
-518.67065
-161.19672
-183.51575
929.8205
87.76902
-137.69186
22.722786
266.60162
36.286667
-464.77032
-709.8422
-37.10935
322.2878
111.70984
-207.57027
280.16968
147.08997
310.82477
-11.723383
-238.92816
73.43283
-276.83636
-598.2938
-7.092951
348.9023
209.08162
289.7042
93.59272
329.75095
-279.0529
-29.811483
245.7554
-276.61594
-211.62973
-32.80478
227.094
95.363625
-282.6447
347.99887
-568.7803
-216.62212
-813.46924
2.9665992
210.6346
-189.44193
-2.0480947
70.782295
-264.99423
303.85095
339.68167
-268.68823
-32.40294
482.03345
447.56836
-484.35403
-113.59957
118.50361
-227.0309
-588.67084
-105.620636
281.56467
295.95987
45.292
-231.07542
426.3011
-283.61563
-584.6915
-143.29828
-556.32135
-396.2104
-111.19244
81.35405
-98.568054
20.064478
352.73312
262.91226
-284.65063
227.06165
421.30768
-308.24866
-249.43675
-86.95578
45.622154
232.86023
-379.91528
87.60148
80.89063
-318.91522
163.35161
-25.006207
-94.6891
517.45575
-113.55583
-444.80923
552.7685
-361.53162
-10.444413
101.67819
-507.52805
340.86734
-36.785572
164.95245
47.77565
-199.10374
-127.79758
259.9791
332.91833
-53.442455
-253.20189
-139.70268
46.5322
190.93034
-270.33438
450.39493
225.35237
-315.81268
-104.81452
61.170723
5.0637007
142.51678
83.23192
523.7976
-22.799448
168.85544
-282.42374
90.24883
264.38126
401.7735
-121.456215
143.02948
120.10589
-78.713554
105.14606
0.9116671
-155.11162
426.88843
-90.1626
-40.23757
401.76913
-175.1326
-316.31876
233.99733
198.09729
248.06291
212.93411
-581.4131
-484.97458
-88.140854
-138.05548
-52.97136
-7.4939957
-95.8058
-115.46115
472.62357
-87.86873
178.883
362.5522
-248.15051
217.95804
-123.64082
4.5291853
13.333761
324.45047
-94.227684
-140.34334
365.91925
-80.20516
87.37716
30.728233
-336.2623
-289.64655
-336.81708
98.27368
-409.31927
29.66432
255.98561
-204.3279
524.74365
40.590298
-74.29457
328.06906
-508.19977
-519.24335
653.2693
-158.05072
-311.25888
-517.3703
508.2287
-59.71733
-352.4848
150.07675
-274.51517
-87.945305
-275.21722
-300.43124
-17.90802
238.48111
-221.52483
-202.3239
-116.89417
-221.95824
-290.0623
-136.63498
-452.30267
220.45909
203.92516
279.7823
-82.08639
19.92018
-53.436436
273.87366
132.24619
-205.66695
-403.32526
116.508316
65.252205
30.610596
31.605112
299.19943
-37.92207
-140.1076
-332.28625
-113.04192
-250.00952
-347.50345
29.738405
183.04416
-94.60707
-81.30718
258.24805
76.53349
406.72116
229.61
-5.384428
-307.80225
-520.437
278.07352
220.55797
-84.37733
-504.8315
44.15223
72.0891
224.95494
340.9045
216.23592
201.01051
130.28111
300.0762
263.66586
235.1239
-130.03336
99.427986
259.78156
-219.59561
-108.12813
-2.3714023
-115.66626
154.65236
-248.13834
158.30423
229.60834
-500.64874
404.63507
214.02959
235.46552
-226.75478
245.81978
223.09616
-108.687416
402.93558
-33.535145
-67.446
-485.4407
89.14041
205.11838
-650.06116
19.810802
272.1136
29.089022
560.5427
-141.10034
185.20694
554.46875
-99.684395
-411.4751
57.72691
-70.86812
-148.26439
8.586783
-114.725494
-302.14297
-478.68494
-282.13577
251.31967
92.4261
-283.31757
127.41624
1.36944
-374.50467
301.15332
-123.92339
-31.617636
318.33954
-4.13495
171.26663
-112.111145
178.04112
131.70853
267.85492
379.90283
127.12658
-257.10934
-213.89761
-383.25122
220.17339
-463.80753
-104.86886
225.76707
289.7834
-123.89772
-320.28113
505.61496
-113.86385
56.461926
-499.84302
-130.81496
105.680595
-493.04517
-459.22885
-152.66026
367.34158
-0.96181273
-147.29442
433.1781
-611.8913
510.66183
708.00507
-135.38388
7.2245893
-267.1404
-292.54343
-39.383392
304.17786
152.75021
16.689062
519.00543
137.63179
362.23718
219.4229
2.8016481
119.56815
-296.91815
-263.6576
-423.80322
-425.955
63.819286
-122.44909
-112.31262
-71.86785
80.289345
347.09476
19.920206
-163.16835
-154.48499
115.966866
408.4155
-370.06244
-186.69731
-276.71283
-104.29856
287.3097
191.53748
546.9934
-39.821342
-284.86517
-784.97754
-546.6032
104.64613
342.7126
52.91526
102.79287
3.4164627
-72.72568
353.29788
461.55634
-4.6964025
199.71745
5.4511743
354.14706
-257.32602
6.0888214
105.70487
215.58281
95.78213
-346.42853
-286.73535
-192.46709
76.196945
208.04091
-267.9181
382.626
-261.31363
-299.94797
-230.16113
38.128536
116.69896
572.3794
696.7247
156.92473
-7.7932673
227.40959
296.2949
-259.09723
188.74255
-324.18384
246.88606
-53.879345
167.76881
-185.30157
81.16591
-74.0595
80.17818
-72.088326
-343.8891
-45.395725
-285.7591
402.60385
216.54068
-322.511
-57.61127
231.04831
-158.41153
-74.06808
338.89658
369.76718
206.408
182.32567
158.96742
86.23907
-174.4109
-219.80913
-320.1138
43.40126
518.32623
441.9141
245.37706
375.5099
90.155014
-98.223274
274.4053
-137.14828
187.84491
-39.751263
-8.021334
-90.17073
-183.42256
-568.7235
249.64699
-2.2460227
7.828967
479.79626
-283.03616
-198.97545
-295.14734
-168.54811
-131.19122
-199.47546
19.722717
114.4518
-205.76257
151.45557
-336.4182
372.31674
93.274284
527.03766
163.1108
152.11531
-433.62637
165.20433
73.58662
-38.300243
140.77405
-129.80136
156.59798
-383.1968
111.87855
243.1394
-8.362163
201.49774
560.61945
74.942665
-53.38012
204.315
72.301895
392.9215
217.58276
-149.55156
13.141437
51.97306
-88.8115
-255.18521
-544.4338
-570.86365
438.6162
247.20026
211.76518
146.42087
67.550285
255.95274
-236.70567
173.15741
-46.72212
90.431625
-335.58255
513.4273
215.34161
88.70662
8.543009
-210.80792
-549.17084
-313.44806
-171.48088
158.32335
-97.63713
-138.75136
128.90019
-102.55313
-63.144012
-147.50444
227.56009
115.119286
126.262566
-60.835167
-400.67337
180.82166
54.13768
-579.4968
370.42328
-85.74717
466.47882
180.64595
81.507515
-37.790203
316.42392
-349.0835
-362.0559
415.89865
-319.85718
351.74576
-539.5082
198.71394
87.84609
-303.37027
-548.52264
160.52618
390.75754
-185.37607
-451.67313
286.93326
252.49445
-567.4983
-221.79324
-46.66942
-498.3599
20.39047
371.50833
463.50412
-259.49106
-6.2757955
73.11274
-328.66428
-454.40393
-167.4708
-193.36267
275.33124
-148.73125
-189.32976
294.70123
-592.14374
81.732185
-170.15463
-249.2037
6.804472
-195.5996
-62.63698
7.110544
93.20272
-134.6026
202.64288
100.9839
233.43733
476.1393
313.57266
-132.69032
181.98297
51.082577
178.8369
616.6412
-10.054245
459.1844
-69.58017
-246.45123
-473.89783
144.42712
769.0955
455.5571
251.19995
362.5136
555.0827
-369.77887
-26.00431
290.6926
-168.62076
3.7390878
134.08768
165.26086
-60.989773
-409.0227
-242.7033
-146.51836
270.7698
-246.97348
-131.30736
-506.98807
80.35362
-296.9129
-235.87407
-241.78477
-2.6462698
-433.73953
-451.7965
54.777813
-368.16562
-172.07022
3.112505
84.92529
-58.419006
161.29918
220.77144
-108.2918
-122.0557
302.3748
563.515
243.47345
-139.93738
-309.23956
292.304
-447.1476
-264.38855
-251.47266
-111.65261
214.20918
12.286457
388.8105
-23.556252
-46.89173
65.84373
-126.9134
-501.40387
-316.16553
-185.71736
267.8761
53.506844
-73.45639
405.27185
-11.160651
-54.017685
418.42093
-478.86737
-465.21582
586.7392
41.840466
-541.1281
338.19962
-236.11961
-80.3132
208.866
197.49724
-389.38498
-151.61014
603.26697
249.83148
338.5894
363.51428
-480.2094
-36.108425
82.13256
255.38887
-182.96623
87.64692
337.33423
290.93274
195.81721
577.32855
-12.204041
289.65164
94.08162
-80.37703
-31.036022
114.390236
-458.596
-92.94738
-690.47284
98.5761
-13.032435
70.77366
-141.0616
-67.40275
-100.40756
88.65617
