39.082558
-166.3918
-263.56137
-260.0072
-40.300243
626.7838
188.1919
-184.13203
117.79445
-417.8268
54.142483
1.5667124
153.75829
-525.81757
171.65002
493.81403
-51.419636
95.268585
-164.08441
-273.77185
-101.78562
6.161504
-364.63968
-65.06002
-18.443172
-31.76733
-52.38917
21.781918
516.7378
-20.96341
-377.75543
246.94785
-130.27376
369.71347
-77.20215
29.286926
331.95062
304.82004
-53.344196
-282.8889
217.56264
164.24658
-262.38007
-81.970726
-116.92447
-63.80587
241.72696
603.3401
-391.1583
178.76488
-131.42186
-237.28444
77.01255
521.3659
64.413216
126.34842
-30.835169
232.27065
85.511246
-267.40973
-366.9028
-330.88242
116.84923
182.16727
-148.76457
-24.48238
-121.73826
-175.10464
-121.33873
-98.77705
0.00045365095
-295.5939
-14.251799
-108.99264
-278.0454
49.588184
355.08722
-418.47446
10.632483
35.61969
-42.23912
-54.028378
-147.5826
-34.819164
-47.61234
-589.3473
173.08559
-307.74396
132.87624
245.27252
-670.6928
-144.80635
177.44565
149.78891
135.15259
327.6069
67.33274
271.69104
-169.57469
-70.714836
-118.148384
-113.68272
-195.33093
107.02859
-122.386505
398.80624
-2.4041312
-27.346775
-141.32214
80.18466
-250.38824
1.3329148
62.790787
-143.23955
354.7139
-302.04425
-251.57948
158.96237
188.29369
444.28134
53.368805
-711.33386
-131.22456
294.50998
-310.1082
-77.15185
-104.12879
-196.17174
-129.04063
-141.82967
-257.0224
241.21541
11.97561
42.9856
-154.60129
-415.08
40.6177
331.2664
558.2362
-308.76465
29.484333
134.06285
-75.39078
-93.95906
40.347458
170.3117
-140.45926
34.337704
-35.088398
-79.190704
266.38922
-30.385735
197.14793
489.32916
114.00169
112.80724
-88.88359
-15.204831
-185.1597
-601.3692
-184.03452
-255.62544
-37.447033
-99.31642
-113.79103
700.39105
215.67976
392.07693
201.69597
-471.23767
-507.03662
-205.21703
-75.745605
-225.71362
-261.19714
-461.35483
188.43431
-196.29347
-149.24759
81.47817
-35.41602
261.31534
137.6806
-116.623474
370.9446
-159.82909
104.203735
41.158974
11.611698
-135.22478
-242.11937
255.71536
-61.539906
-189.64188
-191.38483
-165.86003
114.69126
84.9077
-32.750835
43.65694
-58.27801
-64.769424
-13.453113
292.7779
40.575714
54.79631
-634.7976
246.31557
-162.19624
215.00958
-66.941605
427.76593
81.62362
221.82768
81.77103
-91.025314
69.65669
204.81964
304.8899
11.117287
-91.899155
-319.68124
57.818314
-40.315987
265.58377
211.7031
-60.816917
86.490906
384.2667
-264.34836
-53.599415
179.47119
-35.524582
-123.70498
-239.56032
-321.2722
-200.32347
-312.90945
113.057076
-104.612595
-91.19011
-115.24616
-155.46075
688.5875
-342.07434
7.2238617
-47.58986
-159.23384
201.93492
121.6379
-263.24576
-360.89117
-219.89537
-257.2758
-364.39078
-507.8553
-103.41853
191.8696
62.30091
68.29646
-320.6612
-12.337911
49.253716
-258.64603
149.06036
-212.95274
-137.86705
-476.19473
-316.0929
-47.61239
377.06738
-239.5085
-136.2446
321.56
-504.70853
-1.9772267
396.90594
-256.33707
56.424984
-406.8672
171.57976
246.15907
145.47104
322.68073
148.30739
-330.14096
90.0105
-111.167145
-17.582966
232.80449
-348.69376
51.493958
120.12623
1.3827949
-146.97966
178.77019
-261.27524
15.13715
52.72007
176.20499
231.36063
-268.29474
145.48985
-131.09044
257.23813
-173.73651
-435.10196
-238.84988
-20.078865
100.978676
-17.689175
249.21457
53.726418
-243.37471
-180.40375
-41.878323
-49.244087
-236.97902
-437.2863
-162.23433
-137.03226
196.41714
335.81683
-406.52945
-300.9821
145.977
77.21356
-458.04898
-442.7441
27.917553
136.24297
86.55848
199.13838
101.98671
-127.24379
-246.80902
-158.37317
-243.85966
-49.30476
-258.05258
-95.15808
21.792912
-95.73141
165.41188
247.97746
126.42223
205.6122
-143.2439
276.23694
388.87512
198.98888
-336.4034
-52.286316
-25.990206
203.45638
66.21876
324.71588
-116.61628
-224.72093
-264.3912
299.49493
-442.78973
-113.01905
-250.5344
161.15036
422.87485
-14.785791
118.077614
146.60753
334.122
277.5264
160.33377
478.31024
-129.57597
-34.440872
-4.212578
-27.09223
371.86298
-153.25783
-274.06754
334.0701
147.79842
-9.773446
-63.221806
79.42328
-306.329
-161.02335
-127.77722
-211.00185
-96.547775
-68.844
8.487804
139.49603
26.274446
-198.3397
-121.51037
-61.88164
-14.11935
-53.454487
-573.8133
116.64598
-119.95003
-64.9996
246.6701
-43.837128
-216.05412
-143.89076
276.51425
-164.77666
82.48829
-146.723
-166.17055
350.3869
-53.711567
322.4055
-91.218956
356.9325
-271.04526
263.2647
142.89943
148.6478
-273.67123
-408.4374
374.25836
-142.38506
-76.65104
-250.06613
-275.2983
-194.01424
123.20443
-92.22274
454.87848
114.57046
-176.67525
-175.1069
-276.82584
-117.63887
-57.83751
525.88116
13.766626
216.12402
133.31165
116.37956
548.46576
146.3236
200.9859
-4.0821667
487.251
-225.56029
-113.78557
-66.97955
-72.361336
421.90945
-353.11734
-226.16196
-476.4404
-13.915244
512.47626
-45.18216
-6.201453
-278.2982
148.27867
-45.6743
-391.83093
-274.64017
136.84938
132.53827
-5.267436
260.7542
-229.38817
253.71762
85.46697
33.287067
79.45863
-170.79192
-303.31442
-203.12506
-29.054653
111.89436
395.14755
-409.4274
84.31452
70.673805
-426.36093
-383.32605
-445.46567
71.51261
69.68209
-159.24947
218.49586
-234.67685
-281.27808
89.43953
-232.22531
62.323742
164.7381
-349.68622
350.2463
437.69464
-293.90726
57.290127
73.64215
-583.9899
172.93852
-514.21277
82.28922
36.744152
47.646503
341.39395
135.1132
-225.2916
-676.74646
82.62187
16.624157
-338.12738
-68.043724
259.55228
244.5059
-418.35532
61.594414
53.564125
-101.863335
118.12832
-30.833624
-373.54208
-34.76536
102.197014
-134.0343
143.81544
162.89296
468.3653
68.27412
45.311966
110.77313
543.7613
266.70523
322.70642
-192.29019
170.40143
346.19308
310.86835
-288.50687
-7.8216386
65.69544
13.739088
135.40204
-380.29532
290.7134
-113.83628
99.60323
-131.1916
310.63498
445.86716
103.00547
-138.91377
226.98247
132.15808
-4.167674
-44.620857
46.3587
95.22306
184.57112
382.87778
142.07314
290.9326
132.03342
-213.80338
189.10768
362.48395
-156.79207
-164.99959
-91.56652
-270.99365
-454.54703
87.812386
-193.06584
-293.27112
179.86926
-21.971233
71.44199
300.59988
-22.516903
725.9695
306.611
-84.87555
146.92197
-78.75515
96.14382
35.867237
-92.79429
0.05154848
-128.42865
-173.36534
-158.5217
-45.770763
-253.32236
-174.8957
-115.70611
3.3733177
30.03842
167.95209
-267.5362
-145.66655
-315.10944
-180.13976
-51.008038
428.17953
-79.84943
-158.03525
-312.31088
177.44644
-292.42947
143.07077
6.106827
-211.30995
-27.966894
-86.97739
140.55684
-150.20297
143.48747
-156.67668
-183.70917
318.55212
48.595486
-74.03325
-340.34952
330.0201
29.30952
35.955093
51.42002
-236.95583
-266.17166
-72.18658
-324.4527
-50.784992
-239.51704
-164.84744
141.21013
-141.76619
49.858757
252.6567
392.7701
126.146126
-35.379227
-251.98856
-250.0078
408.7893
140.31204
411.18524
-353.59174
-70.056564
-146.2007
94.668304
-58.682995
-616.2769
26.868
-340.64413
173.26437
-596.2669
-224.57463
255.16646
110.47184
104.75285
-295.49832
146.13086
-82.21446
38.386074
192.0214
-421.97324
-174.95679
329.15158
40.451923
301.75137
-40.494267
-115.44579
87.90304
637.97986
-221.2656
-21.68413
192.55884
-232.83522
170.42181
-108.54704
-98.945625
-58.472897
718.6187
-26.438137
-231.68063
-452.3032
-132.20535
-199.64763
71.62417
-398.0047
-105.290115
-141.22112
152.37485
-52.24048
0.40171587
-191.40942
40.15337
282.0624
131.92188
-142.1131
168.71135
8.041137
-209.63974
192.4242
20.542538
-139.62076
168.00987
-77.567535
-84.631035
-97.23405
-352.26938
101.425545
-209.2818
309.64133
151.80827
-446.63083
-128.03825
-187.09415
-357.0134
-484.32483
-11.29182
21.379263
668.9471
126.53958
-92.25727
31.096533
227.05833
-252.39322
-332.7809
-652.9869
123.36591
-92.71999
-143.42145
-149.59726
196.9191
123.87783
289.08392
-68.59122
-56.624725
252.35867
-104.9255
-395.67123
139.25673
499.15924
71.62299
367.82693
207.82465
242.9343
-186.51733
-89.00884
88.38579
-135.18636
-214.23119
-28.430597
259.84198
138.0164
-94.37573
423.83548
-427.12866
-134.76877
-457.5596
47.9431
235.0327
-274.2746
183.39105
-175.66286
1.0410225
331.764
190.8888
-95.69758
23.26583
251.71005
309.24008
-477.73846
-195.78177
126.984344
-29.9649
-375.81787
61.17312
86.11211
212.88406
-167.10138
-203.99335
233.52734
-344.31033
-559.87445
-240.69965
-412.07553
-232.88316
-105.80509
140.79575
-12.669209
68.28779
251.14531
258.48022
-360.42908
264.16928
134.65144
-190.26765
-74.62942
-77.66262
2.92018
82.222626
-239.49794
150.59685
135.2316
-244.84554
22.422215
126.13246
-250.07727
325.6497
96.81523
-398.6536
355.0597
-231.33267
159.2817
106.396996
-299.67325
114.92677
-99.884895
180.58098
14.448164
-152.42561
145.95618
314.52988
147.17369
7.2223616
11.995573
-183.25569
81.63481
247.57477
-198.34224
206.33913
169.73381
-300.54492
-2.2224488
41.613476
21.663261
20.471056
0.5549072
528.8775
18.523748
81.410095
-356.4267
-149.17532
199.78665
450.29868
3.3277125
18.463976
162.46152
150.59758
67.71002
6.6996145
-10.328324
355.1071
-201.80484
-122.094215
291.45068
-95.264275
-283.05435
-184.3497
246.88206
143.55746
484.88153
-463.24274
-451.0177
-51.598164
-213.93405
-84.93528
-74.83653
-0.95091784
-161.77342
391.34192
-208.54462
51.21215
226.95404
-327.07593
266.94177
-273.7245
244.60228
256.7536
-139.05353
-230.0427
-157.6443
209.31088
-29.661406
29.114027
-78.03842
-257.29404
-308.79907
-259.79172
127.28389
-359.7223
99.404274
193.26445
-266.9589
616.2805
-80.413055
2.6842923
247.55016
-231.19144
-485.6286
420.5059
78.23698
-243.79433
-380.33716
311.24307
-75.752945
-490.95508
75.35293
-35.264046
123.307915
-242.20947
-217.564
-273.76605
70.952614
-220.98792
-183.16455
-155.27586
-147.51184
-170.66548
-194.09003
-421.37405
39.152344
246.81927
214.98169
-26.927353
109.94319
-209.89934
404.56204
19.308853
-232.74353
-400.50183
227.74284
162.49332
6.025996
62.527035
146.21748
-152.16432
-81.90756
-32.19057
-57.951984
-27.400593
-379.2371
144.62047
234.1955
-1.9898559
-179.92322
419.04147
10.889845
179.33693
181.16087
-54.430935
-161.19058
-378.7458
160.03749
106.18646
-26.892239
-463.011
123.21783
200.83769
295.7107
123.42638
227.72638
90.814545
147.84036
202.86441
212.1336
302.81754
-13.693951
-110.595825
213.92032
-251.66747
-156.83684
43.35833
17.61525
72.73802
-193.54663
96.055786
81.62635
-391.89417
404.341
161.97466
157.91528
-45.105392
-4.6901383
35.19458
70.303314
287.9233
-41.554565
-139.61795
-291.74252
78.90909
93.06692
-790.25854
44.530857
206.9255
-125.42826
669.22375
-10.431322
251.33687
453.69482
-148.93639
-381.9599
319.08258
65.83769
-140.60321
-75.85337
-87.66293
-193.15956
-547.95233
-444.8449
93.57008
59.56294
-180.79341
354.5385
26.528608
-252.62997
255.90489
-56.213387
44.399864
251.84184
-5.8317676
281.33423
-237.92921
203.57199
167.73743
380.32
409.7917
-59.366035
-191.68575
-228.24422
-280.30118
137.77298
-631.5665
-183.73463
330.8553
89.372055
-70.4452
-250.58832
621.965
-159.5596
-89.606606
-434.49878
117.84591
43.915176
-277.83646
-657.55585
-276.50488
541.6259
-240.39865
-12.435693
342.02087
-366.38437
526.5801
541.8247
-180.74728
-147.5153
-156.8948
-211.51067
128.18211
160.99994
192.0821
15.434555
407.0361
-16.834528
282.1688
329.1496
-53.823326
120.793655
-109.525116
-237.68918
-189.72536
-240.60033
148.98563
54.26747
40.49153
-44.156693
55.089165
428.5549
-68.86865
-162.68652
-44.070198
88.54089
372.47836
-335.73245
-109.37949
-414.24323
-210.29507
239.42978
254.36446
281.81418
90.65752
-174.28665
-588.2247
-277.04047
211.87207
275.03305
122.26012
-26.394516
-128.66418
169.01173
199.99684
290.3403
82.85445
329.34192
169.71788
197.09473
-321.63943
92.884056
132.49261
225.03036
-142.5141
-234.41869
-204.8265
-153.79382
-133.78046
248.3469
-246.15385
22.651197
-338.5101
-179.72697
-394.47806
141.45908
44.611813
373.4801
462.42535
27.546026
-47.843864
101.05844
352.7331
-120.38513
298.10324
-132.38286
234.70505
-171.51816
261.12427
-281.38632
31.080257
-193.27281
-17.209469
-50.068462
-391.6646
-116.07153
-259.6032
289.45087
54.643517
-351.60535
0.28115463
177.86865
-137.44629
-178.12683
165.03459
407.69553
261.5005
196.73663
-0.17513013
-2.3712885
-57.297512
-238.24677
-350.48602
205.4003
433.36176
382.2658
82.29552
621.8885
100.25251
59.90133
175.80359
-62.96327
222.6939
-41.07687
-140.40846
9.772349
-129.18698
-331.03094
167.26315
-71.80162
-407.71176
332.6667
-170.53555
-23.976059
8.881499
-66.35478
-216.60251
-192.77646
48.627052
-82.1958
-236.62895
48.947853
-194.49287
303.49365
45.27524
503.7792
136.23285
231.53305
-422.1678
-41.42189
-98.18404
28.319973
239.13124
-17.5313
340.7189
-269.44305
40.095207
-121.47664
209.21854
70.437164
482.56726
384.12808
-43.479095
82.40078
62.03716
369.4074
188.25864
-191.23404
-149.95277
14.665424
-87.08691
-212.35791
-355.7365
-257.9948
467.10788
142.42358
236.21317
370.39047
89.787636
400.31772
-58.670845
-6.5847178
18.913425
-30.835732
-333.5271
284.0118
82.57808
65.1784
119.64851
-77.62691
-316.67255
-290.35645
-364.58636
-5.127507
-133.94908
-102.95252
270.1809
-79.87217
-100.453316
-194.82004
248.80618
-58.777893
13.222666
-16.498167
-269.55325
154.33948
93.1397
-613.4239
396.23523
-15.173099
475.8891
139.11603
156.08499
-51.16175
135.1926
-333.76077
2.2107337
399.23328
-356.4553
55.579464
-360.96805
233.83083
-79.74771
-212.01285
-292.51804
85.6278
244.6855
-122.176834
-365.08945
254.97646
115.79188
-510.9356
-211.91579
8.563135
-444.32733
135.95929
333.82712
410.16898
-499.997
201.8449
55.49321
-441.76434
-219.11264
-254.60178
18.191355
253.2774
44.847973
-211.61992
272.73407
-419.3362
72.86117
-384.73718
-280.1075
-285.74335
-94.08231
46.32203
-31.299006
22.253654
175.24146
101.462494
89.744675
20.03077
512.3582
117.69517
41.6917
234.35054
-20.481009
273.917
615.59827
-231.1551
539.70294
-87.68392
89.83944
-302.75308
150.94084
695.3259
364.37253
197.30032
359.46722
458.57065
-396.68375
37.043995
379.45486
-136.47511
-172.48618
-158.01369
142.46675
-96.0697
-608.48035
-198.24081
-259.09113
456.7588
-203.8495
-327.4127
-418.3543
278.64508
-412.8742
-191.49278
-201.85042
94.19592
-263.94592
-284.9842
99.63746
-334.5502
61.661335
76.26997
235.92545
15.28911
152.15834
228.77892
11.035701
-140.9424
238.5271
309.91254
191.40875
-233.38847
-59.292957
192.63077
-352.1451
-234.47955
-285.99457
-153.84752
295.86078
-16.372816
479.80566
-33.368385
-146.42873
106.89007
-227.38513
-356.00925
-310.29303
-330.2831
205.99968
-41.137405
-219.14323
456.02112
-30.13097
-76.75177
145.75261
-258.99023
-540.66925
275.08536
-52.307407
-270.4811
201.0235
-346.69482
-128.27647
320.15323
357.98376
-250.67548
18.919407
616.5403
290.17337
502.97256
142.62363
-293.83746
-124.085754
-99.66338
514.52484
89.527336
20.10956
68.100815
141.77728
123.29448
417.7918
-98.56151
280.96
153.69733
-23.375017
-120.71285
82.15188
-295.65784
35.745293
-563.28046
66.51912
78.96981
117.394035
-151.16219
-79.035866
-80.89939
313.35388
