-0.12682010233402252
-0.26791560649871826
-0.264021098613739
-0.33133652806282043
-0.5043027400970459
0.10166783630847931
0.04986077919602394
-0.06309495866298676
-0.06763555109500885
0.026592673733830452
-0.10589545965194702
0.08862850069999695
-0.09136167913675308
-0.26870059967041016
-0.18179647624492645
-0.3548124432563782
-0.4440498352050781
0.03510468453168869
-0.10569816827774048
-0.19134794175624847
-0.2523815929889679
-0.2654634416103363
-0.43249356746673584
-0.01589971035718918
-0.02099190279841423
0.021370895206928253
-0.06139678508043289
-0.08756890892982483
-0.1289016455411911
0.04360835626721382
-0.10430869460105896
-0.24175891280174255
-0.19838139414787292
-0.3171525001525879
-0.3300487995147705
-0.0010265165474265814
-0.045050546526908875
-0.16222399473190308
-0.14497673511505127
-0.38678789138793945
-0.4385351240634918
0.07915721833705902
-0.014650252647697926
-0.1038195937871933
-0.14413534104824066
-0.12324365973472595
-0.14171187579631805
0.1635739505290985
-0.06449617445468903
-0.24434663355350494
-0.3283741772174835
-0.43253839015960693
-0.48938003182411194
0.05393905192613602
-0.12235077470541
-0.2968302071094513
-0.18111591041088104
-0.33436429500579834
-0.5584826469421387
0.04128696024417877
0.14619587361812592
0.023936983197927475
0.0378718264400959
0.29767560958862305
0.10378437489271164
-0.004409026820212603
-0.07172831892967224
-0.2067960500717163
-0.09788837283849716
-0.13954465091228485
-0.20139959454536438
-0.05369192734360695
-0.15714997053146362
-0.24669130146503448
-0.3005736172199249
-0.3419390916824341
-0.4481451213359833
-0.06581777334213257
-0.03301706910133362
-0.04397229477763176
0.0024918087292462587
0.09294427931308746
0.02679050713777542
-0.085212841629982
-0.06509948521852493
-0.2630113363265991
-0.19987863302230835
-0.2094006985425949
-0.2704008221626282
-0.03128642588853836
-0.1425257921218872
-0.3565676808357239
-0.3464687466621399
-0.6391226053237915
-0.791061520576477
0.03905728459358215
-0.088966503739357
-0.17675814032554626
-0.1207313984632492
-0.11263016611337662
-0.2654262185096741
0.054975878447294235
-0.11599192768335342
-0.39643123745918274
-0.4319927394390106
-0.5211055874824524
-0.6219266057014465
0.021874208003282547
-0.13217835128307343
-0.2554692327976227
-0.22637571394443512
-0.4128410518169403
-0.4351576566696167
0.11265422403812408
-0.0687904804944992
-0.03846808895468712
-0.16897693276405334
-0.24851983785629272
-0.21693526208400726
0.05619000643491745
-0.17395636439323425
-0.21387530863285065
-0.17611031234264374
-0.46056661009788513
-0.5090408325195312
0.04538491740822792
-0.07483223080635071
-0.07950164377689362
-0.18386267125606537
-0.204058438539505
-0.32666221261024475
-0.0023470972664654255
-0.01822180673480034
0.01839730702340603
-0.04875361919403076
-0.16957779228687286
-0.2316576987504959
0.0631806030869484
-0.04239082708954811
-0.16797776520252228
-0.22460037469863892
-0.3154403269290924
-0.3571851849555969
0.07719671726226807
-0.01134813204407692
0.04032863676548004
-0.03289266675710678
-0.163190096616745
-0.27916601300239563
0.07584764808416367
-0.06586113572120667
-0.00039040352567099035
-0.017299162223935127
-0.14459586143493652
-0.07880930602550507
0.12321878969669342
-0.13856476545333862
-0.10923869907855988
-0.1584758311510086
-0.29926079511642456
-0.2933088541030884
0.06933356821537018
-0.14507274329662323
-0.016864780336618423
-0.04227190837264061
-0.43168914318084717
-0.3526088297367096
0.0722503811120987
-0.19786196947097778
-0.027240080758929253
-0.2187170535326004
-0.502072811126709
-0.3761225938796997
-0.03566306084394455
-0.1681436151266098
-0.09235510975122452
-0.1528693586587906
-0.5428118109703064
-0.5669162273406982
0.02538120746612549
-0.037300195544958115
0.14250583946704865
0.023757973685860634
-0.06868875026702881
-0.0977644994854927
0.003240924561396241
-0.0654580295085907
-0.04059259593486786
-0.11197064071893692
-0.23722316324710846
-0.29443424940109253
0.03556222841143608
-0.02275189943611622
0.05142023414373398
-0.08498333394527435
-0.22480635344982147
-0.27597740292549133
0.10803578048944473
0.009863647632300854
0.11813778430223465
0.15760211646556854
0.2446691393852234
0.14458493888378143
-0.005335195455700159
-0.18287231028079987
0.13122741878032684
0.12439233809709549
-0.1821083426475525
-0.050492990761995316
0.040406566113233566
-0.08275705575942993
0.15477843582630157
0.10283319652080536
-0.04419391602277756
0.005062553565949202
-0.04496424272656441
0.05273802578449249
0.09119963645935059
-0.03028322011232376
0.20387566089630127
0.1565602868795395
-0.18245193362236023
0.15566493570804596
0.17808933556079865
0.2887110710144043
0.4735720753669739
0.37541845440864563
-0.16743721067905426
-0.027216508984565735
0.1422886848449707
0.2401391863822937
0.49845966696739197
0.5483464002609253
-0.23429405689239502
-0.05175231769680977
-0.1242278516292572
0.06785426288843155
-0.06526801735162735
-0.09180410951375961
-0.11182325333356857
0.06342221051454544
-0.0789196714758873
0.13213562965393066
0.34228575229644775
0.26266103982925415
-0.2164357602596283
0.001333477906882763
0.10255016386508942
0.10481943935155869
0.2664041817188263
0.09072009474039078
-0.10939609259366989
-0.21977269649505615
-0.25769874453544617
-0.30195266008377075
-0.4584483802318573
-0.5016868114471436
-0.10992036014795303
0.005569132976233959
-0.16000953316688538
0.021645741537213326
0.03880193084478378
-0.20673130452632904
-0.21510905027389526
-0.15059794485569
-0.1732838898897171
-0.1370609998703003
-0.0447935052216053
-0.24880866706371307
-0.0387905053794384
-0.021347573027014732
-0.04072164371609688
0.09267685562372208
0.2643243074417114
0.5089820027351379
-0.04215696081519127
-0.022909535095095634
-0.204347163438797
0.15012454986572266
0.10351046174764633
-0.07455675303936005
0.08508095890283585
0.17899903655052185
-0.05095060542225838
0.07723031938076019
0.2984267771244049
0.021737229079008102
0.1630530208349228
0.08995366096496582
0.030492763966321945
-0.02119516395032406
0.145641028881073
0.06604452431201935
0.06200212985277176
0.02927163988351822
-0.00024378389935009181
-0.15974999964237213
-0.05948289483785629
0.297478049993515
-0.03060728870332241
-0.08060391247272491
0.06414265185594559
0.16193078458309174
-0.0812920406460762
0.22140558063983917
0.025265192613005638
0.12503349781036377
0.017117736861109734
0.3027171790599823
-0.050699204206466675
0.22458548843860626
0.024744737893342972
0.08996131271123886
-0.12381738424301147
-0.3849535584449768
0.1728966385126114
0.21944254636764526
0.10205750167369843
0.17602574825286865
-0.12130381911993027
0.20371587574481964
0.23344169557094574
0.1913343071937561
0.06248121336102486
0.0016764223109930754
-0.3489670753479004
-0.1435071974992752
-0.2766807973384857
-0.35706841945648193
0.1380070149898529
0.032293204218149185
-0.0667339339852333
-0.16197146475315094
-0.024047398939728737
-0.048506371676921844
0.18321017920970917
0.07948037981987
-0.3603768050670624
-0.20946113765239716
-0.27401602268218994
-0.20995952188968658
0.25248563289642334
-0.012306188233196735
-0.4114428758621216
-0.3823053538799286
-0.15533243119716644
-0.1154506579041481
-0.020492084324359894
0.043492794036865234
0.1262524276971817
-0.018765192478895187
-0.08525015413761139
-0.08186908066272736
0.09744614362716675
-0.11451497673988342
-0.4254510700702667
-0.16467833518981934
-0.2677170932292938
-0.12726746499538422
-0.018833620473742485
0.13823750615119934
0.05632523074746132
-0.16665135324001312
-0.1788628101348877
-0.10709076374769211
0.26382267475128174
0.03966827318072319
-0.0728716030716896
-0.14287567138671875
0.17048253118991852
-0.0066873603500425816
0.17588452994823456
0.021004123613238335
-0.276976615190506
-0.3365723788738251
-0.3343087434768677
-0.13027578592300415
0.24974720180034637
0.005850017070770264
0.36221426725387573
0.13502001762390137
0.282914936542511
0.36122509837150574
-0.1344083696603775
-0.004562906920909882
0.08653844892978668
0.15338756144046783
0.0439518541097641
0.05512591451406479
-0.17702066898345947
-0.08854861557483673
0.3657188415527344
0.23271825909614563
0.29504871368408203
0.24592150747776031
-0.25188949704170227
0.014271481893956661
0.40943220257759094
0.3634289801120758
0.1562199741601944
0.10519390553236008
0.02386089228093624
-0.03903445973992348
-0.13228827714920044
0.02908630110323429
0.08624081313610077
0.10150938481092453
-0.10880932956933975
0.11059761792421341
0.4125150740146637
0.16952510178089142
0.26113373041152954
0.13069546222686768
0.015388654544949532
-0.15622711181640625
-0.04065263271331787
0.16831378638744354
0.16858252882957458
0.09428419917821884
-0.2587684988975525
-0.05108719319105148
0.06326941400766373
0.1362309753894806
-0.15499131381511688
0.0032487884163856506
-0.19788676500320435
-0.025983527302742004
0.26928943395614624
0.3142530918121338
0.34108754992485046
0.14490817487239838
-0.23031242191791534
-0.1830732226371765
-0.1059781163930893
-0.14806517958641052
-0.46354028582572937
-0.46110039949417114
0.07500656694173813
-0.20550711452960968
-0.03948218375444412
-0.22154802083969116
-0.42627811431884766
-0.40086254477500916
-0.006126070860773325
-0.23659808933734894
-0.10865707695484161
-0.2224205881357193
-0.5825883746147156
-0.6642891764640808
0.04097841680049896
-0.07700981944799423
0.10942550003528595
-0.05357223376631737
-0.15829503536224365
-0.24253268539905548
0.04687429964542389
-0.05415976792573929
-0.02018975093960762
-0.0853574126958847
-0.26370811462402344
-0.3131020665168762
0.07145574688911438
-0.04277743399143219
-0.013492911122739315
-0.1919006109237671
-0.28624746203422546
-0.424289733171463
0.10959078371524811
-0.07506842166185379
0.08445152640342712
0.10938207060098648
0.02859140746295452
-0.05777968838810921
0.01879112794995308
-0.13752616941928864
0.06021345779299736
0.07996184378862381
-0.21921706199645996
-0.09921674430370331
0.05004419386386871
-0.15923741459846497
0.059357669204473495
0.026249783113598824
-0.17518962919712067
-0.22804482281208038
-0.02349117025732994
-0.14709438383579254
-0.1893996298313141
-0.2084825336933136
-0.36518022418022156
-0.4746558666229248
0.14020174741744995
-0.12387469410896301
-0.15629953145980835
-0.20706768333911896
-0.3051150143146515
-0.25161147117614746
0.11606832593679428
-0.1329444944858551
-0.1770590990781784
-0.24203933775424957
-0.4444202482700348
-0.7705206274986267
0.09564438462257385
-0.06147926673293114
-0.04693228751420975
-0.22166676819324493
-0.19306185841560364
-0.32648321986198425
0.0006294904160313308
-0.13633909821510315
0.013660863973200321
-0.09688394516706467
-0.24285343289375305
-0.2360900193452835
0.11747570335865021
-0.08237794041633606
-0.08596030622720718
-0.2535436451435089
-0.33405908942222595
-0.4469243288040161
0.015484588220715523
0.04957062005996704
3.6027751775691286e-05
-0.021691065281629562
-0.14199946820735931
-0.21035920083522797
0.14175602793693542
-0.043902646750211716
0.01478593796491623
-0.0850151926279068
-0.1079835519194603
-0.031627532094717026
0.16471891105175018
-0.04690590873360634
-0.11508788913488388
-0.2282252013683319
-0.244781032204628
-0.3109905421733856
0.016363060101866722
-0.25020161271095276
-0.04138719663023949
-0.2639367878437042
-0.6238113045692444
-0.6492516398429871
-0.0512150302529335
-0.23376242816448212
0.042785026133060455
0.012266062200069427
-0.18207083642482758
-0.2858940660953522
-0.10660438984632492
-0.3500002324581146
0.0002847162541002035
-0.11138715595006943
-0.5534117817878723
-0.6882805824279785
-0.1937067061662674
-0.07168465852737427
0.18805409967899323
0.05332057923078537
-0.25800326466560364
-0.5622916221618652
-0.015912571921944618
-0.0742863267660141
-0.16035419702529907
-0.041168347001075745
-0.15483009815216064
-0.3196395933628082
-0.0923219695687294
-0.06291881948709488
0.09889371693134308
-0.14113199710845947
-0.23182405531406403
-0.6369203925132751
0.11032025516033173
-0.2661227881908417
-0.09735521674156189
-0.016723139211535454
-0.2944229245185852
-0.55335932970047
-0.0745725929737091
-0.29609808325767517
-0.002372727496549487
0.13006508350372314
-0.3707486689090729
-0.3182670772075653
-0.17365504801273346
-0.26685482263565063
-0.09734054654836655
-0.0536276213824749
-0.33992600440979004
-0.639789879322052
-0.07296568155288696
0.12456061691045761
0.2663434147834778
0.20987191796302795
0.3731176257133484
0.6201403141021729
-0.04079202562570572
-0.0482352152466774
0.033177394419908524
-0.007893288508057594
-0.13301129639148712
0.022855615243315697
0.013135395012795925
0.11752642691135406
0.1618979126214981
0.12265359610319138
0.23164016008377075
0.32524073123931885
0.033081602305173874
0.1320810317993164
0.12981458008289337
0.2573808431625366
0.3123171329498291
0.4966287910938263
0.05173373594880104
0.09122046828269958
0.0395880788564682
0.05792656168341637
0.0003564822836779058
0.06794249266386032
0.0185540821403265
0.03466813638806343
0.2092735469341278
0.22956201434135437
0.28512871265411377
0.35663938522338867
-0.024048786610364914
0.12112431973218918
0.28223317861557007
0.26674336194992065
0.4957341253757477
0.8272414803504944
-0.021369004622101784
0.09671587496995926
0.12256127595901489
0.05999962240457535
0.17169177532196045
0.26567092537879944
-0.016942868009209633
0.11819680780172348
0.2963958978652954
0.32494020462036133
0.466086208820343
0.7197831869125366
-0.03493613004684448
-0.0026124382857233286
0.006052369251847267
-0.005948746111243963
-0.01674777828156948
0.02041337825357914
0.012837446294724941
-0.003172697965055704
0.0038700285367667675
-0.010599522851407528
-0.009439932182431221
-0.0052782632410526276
-0.0034839475993067026
0.11534275114536285
-0.15690572559833527
0.16216960549354553
0.10995092988014221
-0.173495814204216
-0.05484402924776077
0.12673749029636383
-0.13084863126277924
0.12326954305171967
0.2425975352525711
0.07975384593009949
0.0671394020318985
0.22413118183612823
0.2536560297012329
0.0424223318696022
-0.00617642980068922
-0.04220948740839958
0.07029128819704056
0.08711306005716324
-0.08935033529996872
0.00550379604101181
0.17162008583545685
0.06068246811628342
-0.16861805319786072
-0.009127435274422169
0.01799733005464077
-0.02463032864034176
0.05621611326932907
-0.017891932278871536
-0.012803629972040653
0.0238312017172575
-0.015143262222409248
-0.017892586067318916
-0.057633381336927414
-0.036378707736730576
0.010013911873102188
-0.21547405421733856
-0.31860995292663574
-0.04588335007429123
0.017119819298386574
0.02241746336221695
-0.06059823930263519
-0.05924517288804054
0.058373693376779556
-0.007680986542254686
-0.13996364176273346
-0.0032979981042444706
0.239767923951149
-0.25724223256111145
-0.2457619458436966
-0.0863405391573906
0.04481068626046181
0.04938794672489166
-0.04647579416632652
-0.07951969653367996
0.06885259598493576
0.000841443077661097
-0.11821283400058746
-0.03640894219279289
0.23354732990264893
-0.197778582572937
-0.39610180258750916
-0.022796768695116043
0.03073187917470932
-0.021085545420646667
-0.038554541766643524
-0.07368209213018417
0.08363009244203568
0.04714665561914444
-0.0789535865187645
-0.040326133370399475
0.21074435114860535
0.15419206023216248
-0.1080283522605896
0.09503152221441269
0.028941508382558823
-0.14162394404411316
-0.08389052748680115
0.17909730970859528
-0.11103664338588715
0.1050356924533844
0.1962636262178421
0.10593706369400024
-0.02330957166850567
0.043596845120191574
-0.2675197422504425
0.13395793735980988
0.20648470520973206
-0.31998735666275024
-0.06478559225797653
0.04533972218632698
-0.11022374033927917
0.2564763128757477
0.31224435567855835
0.0833258405327797
0.12703026831150055
0.13749876618385315
0.42452049255371094
0.12005477398633957
-0.05979175865650177
0.38175803422927856
-0.24894924461841583
0.2865389287471771
-0.26840129494667053
-0.04894005134701729
-0.037682563066482544
0.027076492086052895
-0.18216335773468018
-0.2054605633020401
-0.008243419229984283
-0.09886370599269867
-0.0042852191254496574
0.1254757046699524
-0.005534925498068333
-0.12295287847518921
0.09404420852661133
-0.0409245640039444
-0.2700658440589905
-0.05522498860955238
0.07912293076515198
0.21556539833545685
0.40220943093299866
-0.012111806310713291
-0.058478210121393204
-0.000862622051499784
0.008583067916333675
0.06088806316256523
-0.07970336079597473
-0.007720288820564747
0.06953465938568115
0.008975798264145851
-0.23609814047813416
0.06768762320280075
0.32171714305877686
0.17014506459236145
0.2864435911178589
0.10868494212627411
-0.16227690875530243
-0.3736322820186615
0.37316328287124634
0.39407625794410706
0.15017183125019073
0.7300646305084229
-0.484561562538147
-0.003744513262063265
-0.0007452385616488755
0.0017435934860259295
0.0001184209031634964
0.0005373488529585302
-0.0005111240316182375
-0.0029898870270699263
-0.009519069455564022
-0.005366817582398653
0.0014649132499471307
0.0003411162178963423
-0.01109753642231226
0.20937061309814453
0.09746953845024109
0.004551874008029699
-0.08469922095537186
-0.09847792983055115
-0.01981615461409092
0.1400500237941742
0.27308371663093567
-0.210181325674057
-0.16648930311203003
0.027989186346530914
0.0793532282114029
-0.06730998307466507
0.11149758845567703
0.008230616338551044
-0.16337864100933075
-0.14307649433612823
-0.1779128462076187
-0.030239181593060493
-0.11544732004404068
0.13335107266902924
-0.014579614624381065
0.20561547577381134
0.12774643301963806
-0.00387805188074708
0.0012799997348338366
-0.13016143441200256
0.01487269438803196
0.14704501628875732
0.05656479671597481
0.12456973642110825
0.1252688765525818
0.06318975239992142
-0.1470823734998703
-0.07570164650678635
-0.07659508287906647
-0.012446898967027664
-0.032148633152246475
-0.07756751030683517
0.059877607971429825
-0.036953821778297424
0.1142776682972908
0.04662530496716499
-0.08114329725503922
-0.0289798304438591
-0.0594412200152874
-0.08125871419906616
0.04053016006946564
-0.01919051818549633
0.016021613031625748
-0.014625972136855125
-0.0441705547273159
-0.002420643577352166
-0.015336391516029835
-0.0027971272356808186
-0.04955150932073593
0.06282242387533188
-0.09176840633153915
-0.09821213036775589
-0.09782787412405014
0.022191928699612617
0.10758396238088608
-0.03775142505764961
-0.023163478821516037
0.036948785185813904
0.0086634811013937
0.03253346309065819
-0.08276773989200592
0.06740856170654297
-0.011474937200546265
0.0037942188791930676
0.034499023109674454
0.00696656946092844
0.052177365869283676
-0.07115642726421356
-0.03676101192831993
-0.1930781602859497
0.004436699207872152
-0.005530886817723513
0.0068454435095191
-0.09262753278017044
-0.06639508903026581
-0.013997807167470455
-0.12211239337921143
0.032255638390779495
-0.05328460410237312
0.08115915209054947
0.015587654896080494
-0.0230267234146595
0.1184622272849083
0.11133385449647903
0.09948404133319855
-0.13488085567951202
-0.03832731768488884
0.03713899850845337
-0.04966294392943382
0.052245523780584335
-0.015773091465234756
-0.02487018331885338
-0.07145602256059647
0.012814261950552464
0.032425254583358765
-0.009539371356368065
0.0502651110291481
0.11281749606132507
-0.08705621212720871
-0.014622339978814125
0.007097381167113781
0.07980445772409439
-0.20470817387104034
-0.13327088952064514
-0.03502659872174263
0.0048394822515547276
0.2061164528131485
-0.08397475630044937
0.20211973786354065
0.03255250304937363
0.03673643246293068
-0.018878741189837456
0.07031181454658508
-0.08383621275424957
0.07921451330184937
-0.022199060767889023
0.1424294114112854
-0.1804627925157547
0.12682068347930908
-0.08043637871742249
0.06503148376941681
-0.03722693771123886
-0.11080234497785568
-0.09900875389575958
-0.010494085028767586
-0.05659836530685425
0.0019704666920006275
-0.04670070484280586
0.061190612614154816
-0.029616042971611023
-0.04758263751864433
0.035152845084667206
0.12428741157054901
-0.04228644445538521
0.04227055236697197
-0.11971989274024963
-0.00484070647507906
-0.06667981296777725
0.019281256943941116
0.07818800210952759
-0.12554523348808289
-0.14964574575424194
0.05984005331993103
-0.03173191472887993
0.02852592058479786
-0.1942281574010849
0.11414974927902222
-0.1730608195066452
0.10960187762975693
-0.17102168500423431
-0.0019067772664129734
-0.04022667184472084
0.08097473531961441
-0.11431266367435455
0.09973938763141632
-0.008461211808025837
-0.07820576429367065
0.036133553832769394
-0.0911712571978569
-0.057809971272945404
-0.06761488318443298
-0.0484006293118
-0.07363494485616684
-0.008208264596760273
0.005124920513480902
-0.36205583810806274
-0.28171461820602417
-0.1295449137687683
-0.336386501789093
-0.11816047132015228
0.08943240344524384
-0.07696525007486343
-0.010659608989953995
-0.02584283985197544
-0.2756284773349762
-0.3820487856864929
-0.08023552596569061
-0.059860412031412125
-0.12206424027681351
0.09372161328792572
-0.1648055613040924
0.11774187535047531
-0.0162527933716774
0.0809752568602562
-0.05583678185939789
0.11412693560123444
-0.23601654171943665
-0.058530066162347794
-0.1905238777399063
0.11362054944038391
-0.17948366701602936
0.10690973699092865
-0.1547599583864212
0.15958410501480103
-0.06892211735248566
0.0337003618478775
-0.04684983566403389
0.10803604125976562
-0.22846244275569916
0.03559038043022156
-0.1968119591474533
-0.09389619529247284
-0.022552600130438805
-0.10927451401948929
0.008270367980003357
-0.017280766740441322
0.010599875822663307
-0.043855518102645874
-0.03156840428709984
-0.036680806428194046
-0.08972585201263428
-0.13352034986019135
0.10560058057308197
-0.052859142422676086
-0.19213570654392242
-0.03744349628686905
-0.11073137819766998
-0.11363951116800308
0.04894551262259483
0.04473438486456871
-0.007283200044184923
0.026202116161584854
-0.09988534450531006
-0.05796803906559944
-0.037066493183374405
-0.011184080503880978
-0.26825860142707825
-0.011925646103918552
-0.2994215190410614
-0.1745063066482544
0.12649713456630707
0.04864896833896637
-0.12807819247245789
0.13226138055324554
-0.24094979465007782
-0.23613132536411285
-0.4374442398548126
0.005389086902141571
-0.335868239402771
-0.18868635594844818
-0.2385203093290329
-0.34308838844299316
-0.1894061416387558
0.10408992320299149
-0.26066410541534424
-0.14290980994701385
-0.24536195397377014
-0.46378588676452637
-0.6571699976921082
-0.25406119227409363
-0.06009364873170853
-0.1805284023284912
0.10260175913572311
-0.2952018082141876
0.03992527723312378
0.02521657571196556
-0.05485578253865242
-0.161613330245018
-0.05840044468641281
-0.3604990839958191
-0.26333335041999817
-0.21595235168933868
0.10309823602437973
-0.23277916014194489
0.07717271149158478
-0.20218554139137268
0.09684020280838013
-0.12101244181394577
0.0650663673877716
-0.05846197158098221
0.14892888069152832
-0.26172521710395813
-0.06319091469049454
-0.2683708369731903
-0.29033392667770386
-0.05118285492062569
-0.11398182809352875
-0.10714162141084671
-0.09581226855516434
0.04762358218431473
-0.07103447616100311
-0.057493023574352264
-0.05865687131881714
-0.23917849361896515
-0.3113385736942291
0.018574437126517296
-0.12103419005870819
-0.18871024250984192
-0.08620943129062653
-0.18815840780735016
-0.05273168534040451
-0.06214607134461403
0.02020454779267311
-0.0224533099681139
-0.04915037378668785
-0.19973227381706238
-0.26860368251800537
-0.1313861757516861
-0.12346510589122772
-0.43452543020248413
-0.02650705724954605
-0.4032823443412781
-0.09823738783597946
-0.08536593616008759
-0.014306124299764633
-0.1394074261188507
-0.02927980199456215
-0.44398537278175354
-0.3051173686981201
-0.4842710494995117
-0.002742441836744547
-0.1001470610499382
-0.122654989361763
-0.07851311564445496
-0.02800866961479187
0.013440964743494987
0.045207660645246506
0.10847951471805573
-0.04063862934708595
0.0929078683257103
-0.02316976524889469
-0.09956315904855728
0.05569157376885414
0.14286871254444122
-0.09065686166286469
0.19033780694007874
-0.1256103515625
0.20688658952713013
0.056979648768901825
0.1279372125864029
0.04216774180531502
-0.02886991947889328
0.1028076559305191
0.10694650560617447
-0.003947909455746412
0.15608426928520203
-0.0585223063826561
0.17508162558078766
0.02130391076207161
0.12207398563623428
0.07016652822494507
-0.055103376507759094
0.020459849387407303
0.07082613557577133
-0.024093450978398323
-0.037085335701704025
-0.12942112982273102
0.0748230367898941
0.029487987980246544
-0.14395596086978912
0.07201985269784927
0.07980718463659286
0.015917422249913216
0.06572874635457993
0.05327121168375015
-0.07526744157075882
0.10610343515872955
0.04414832219481468
0.06722792237997055
0.1346447467803955
-0.07585974782705307
0.14236527681350708
-0.05818234384059906
-0.15336938202381134
-0.0051429118029773235
0.1025746539235115
0.006312039215117693
0.021645769476890564
-0.04372420907020569
-0.20368580520153046
0.010755727998912334
-0.07673347741365433
-0.1267452836036682
0.055332329124212265
-0.059495508670806885
-0.29068607091903687
0.06896330416202545
-0.003697025589644909
-0.1245717778801918
0.10425589233636856
-0.12492115795612335
-0.2517196834087372
-0.1260388046503067
0.05511891469359398
0.4760953485965729
0.39568930864334106
0.28989431262016296
0.32565754652023315
0.1722801923751831
-0.023684199899435043
0.06301257014274597
0.15520374476909637
0.2101113498210907
0.33754828572273254
0.44188985228538513
0.14449989795684814
0.20681409537792206
0.2845951318740845
0.019995564594864845
0.25824615359306335
0.03303389251232147
0.02386675961315632
-0.08207333832979202
0.10333205759525299
-0.004217984154820442
0.30144137144088745
0.16963209211826324
0.17578564584255219
-0.04712514206767082
0.30880534648895264
-0.02533585950732231
0.18318484723567963
0.016139043495059013
0.022874927148222923
-0.10388495773077011
0.16926035284996033
-0.08744911849498749
0.18893346190452576
0.09895012527704239
0.23498623073101044
0.27879202365875244
0.10532433539628983
0.12222553789615631
0.14091181755065918
0.06579509377479553
-0.04291918873786926
0.002104668179526925
0.05174007639288902
0.03648313507437706
0.19283536076545715
0.28334635496139526
-0.02707502618432045
0.10584758222103119
0.2487768977880478
0.06824474036693573
0.25679314136505127
0.011326943524181843
-0.01294782105833292
-0.07556628435850143
0.12051563709974289
0.07157237082719803
0.2753649950027466
0.22084911167621613
0.12173839658498764
0.10862665623426437
0.5687339305877686
0.06142963096499443
0.46522513031959534
0.01151963509619236
0.18604430556297302
-0.13840830326080322
0.17109695076942444
0.05454032123088837
0.42826953530311584
0.3182785212993622
0.4597174823284149
-0.014745338819921017
0.02222852222621441
0.018243225291371346
-0.050579965114593506
0.006745815277099609
-0.1617707461118698
-0.10698004812002182
-0.08892945945262909
0.13803164660930634
-0.05421309918165207
-0.016283949837088585
0.18704167008399963
0.02409079112112522
-0.06412647664546967
0.04936232045292854
-0.12228475511074066
0.1211928278207779
-0.2523626387119293
-0.0026531785260885954
-0.04643694683909416
-0.055653687566518784
-0.051457103341817856
-0.1071266457438469
-0.118449866771698
0.017140058800578117
-0.16015727818012238
0.08754861354827881
-0.2554163336753845
0.08186563849449158
-0.12379799038171768
-0.011923162266612053
-0.03301805257797241
0.016133742406964302
-0.034859463572502136
0.05546307936310768
0.011025212705135345
0.06696220487356186
-0.05675702542066574
-0.06809276342391968
0.03088611736893654
-0.07423663884401321
-0.1387220174074173
-0.0867827907204628
-0.10996540635824203
0.08023303747177124
0.05691750347614288
-0.09759092330932617
-0.05605515465140343
-0.09726076573133469
-0.06357461959123611
0.20512454211711884
-0.1010717824101448
0.039882875978946686
0.08180206269025803
0.15223300457000732
-0.057724472135305405
0.04154243692755699
-0.04924139752984047
0.03727634996175766
0.12994982302188873
0.01629733107984066
0.02061431109905243
0.11823801696300507
-0.11333268135786057
0.0140612181276083
0.18980030715465546
-0.1856738179922104
0.16132262349128723
0.07774452865123749
-0.037506893277168274
0.12039853632450104
0.16911469399929047
0.01337883435189724
-0.06845849752426147
-0.09886610507965088
-0.20471186935901642
-0.15999411046504974
0.034556638449430466
-0.15665583312511444
-0.14345860481262207
0.06096654757857323
0.0638217180967331
-0.036449234932661057
-0.15479551255702972
0.04953489825129509
0.1197986826300621
0.05121888592839241
-0.097828209400177
0.03373932093381882
-0.024333199486136436
-0.019623279571533203
0.03272082656621933
0.019721776247024536
-0.053208865225315094
-0.06494732201099396
0.13735081255435944
-0.015018339268863201
-0.028790749609470367
0.0013163944240659475
-0.008612481877207756
-0.0006543539348058403
0.03491221368312836
-0.06984909623861313
0.04647502675652504
-0.03475687652826309
0.04789508506655693
0.0006223902455531061
-0.07361681759357452
-0.07373454421758652
-0.08064420521259308
-0.009325148537755013
0.007483579218387604
-0.0541786290705204
-0.1069428026676178
-0.0267590694129467
0.011059709824621677
-0.051958050578832626
0.0697091594338417
0.019171684980392456
0.02210799604654312
-0.034559667110443115
-0.007635196670889854
0.07918523252010345
0.08598487824201584
-0.016073303297162056
0.011074081994593143
-0.06915043294429779
0.04248887673020363
0.003364766016602516
0.09203551709651947
-0.06736939400434494
-0.03412269428372383
-0.03503507003188133
0.0068420469760894775
0.019832592457532883
-0.07725650072097778
-0.045632969588041306
-0.1620669811964035
-0.13991528749465942
-0.054377537220716476
0.1321750432252884
-0.04505733400583267
0.03215399757027626
-0.04314344748854637
-0.11555316299200058
-0.14829832315444946
-0.03504021838307381
0.04820774868130684
0.06187623366713524
0.05123418569564819
0.11248326301574707
0.050741374492645264
-0.05157586932182312
0.04572106525301933
-0.08017268031835556
-0.010608372278511524
0.11542104929685593
0.11333306133747101
-0.045177657157182693
-0.059854961931705475
0.0908522829413414
-0.027751248329877853
-0.04254608973860741
0.06143134832382202
0.06595215946435928
-0.022590970620512962
0.042858969420194626
-0.0763740986585617
0.13865360617637634
0.05799851194024086
0.06320973485708237
-0.003974790684878826
0.046805646270513535
-0.11333470791578293
-0.022090967744588852
-0.0738886222243309
-0.045121174305677414
0.00022046416415832937
-0.035043865442276
-0.2551518380641937
0.08558836579322815
-0.08755221962928772
0.13770020008087158
0.11809419840574265
0.07370568811893463
-0.024476591497659683
0.00269647897221148
0.0788869708776474
0.08176898211240768
0.09423422068357468
0.0890059694647789
0.022532178089022636
0.001993372803553939
0.03204836696386337
-0.005621583666652441
-0.003707003081217408
-0.06918025016784668
-0.00019199990492779762
-0.01921689137816429
0.10385649651288986
0.06200461462140083
-0.032450463622808456
-0.09538839012384415
0.053206004202365875
0.06803871691226959
-0.0004174412169959396
0.007509435061365366
0.06943409144878387
-0.010496684350073338
0.0480438657104969
0.11254295706748962
0.1583274006843567
-0.051307354122400284
-0.029172083362936974
0.08573378622531891
0.0638945996761322
0.014902045018970966
0.02079717628657818
0.13283921778202057
0.027269640937447548
-0.006022854708135128
0.17960798740386963
-0.059352464973926544
0.1138380616903305
-0.11631926149129868
-0.13553044199943542
-0.03942917659878731
-0.1367897242307663
-0.0628046840429306
0.052236415445804596
0.1499076783657074
0.05477101355791092
0.09527751803398132
0.18906746804714203
0.009109520353376865
0.00038500313530676067
0.00021580461179837584
-0.05054445192217827
0.008124775253236294
0.07798143476247787
-0.031951211392879486
0.13856466114521027
0.031148528680205345
0.09614112973213196
0.046302247792482376
0.028804024681448936
0.015086055733263493
0.04750953987240791
-0.26312145590782166
-0.09802865236997604
-0.05355529114603996
-0.03438961133360863
-0.0760359913110733
-0.0325407013297081
0.011341802775859833
0.04812939092516899
-0.00036570176598615944
-0.11535388976335526
0.005728185176849365
0.0574507974088192
0.094167560338974
-0.008377286605536938
0.1307259052991867
-0.11351519078016281
-0.03896533325314522
0.15126070380210876
0.03679978847503662
-0.026437081396579742
-0.13906864821910858
-0.0608772449195385
-0.004699533339589834
-0.0007773229735903442
-0.03132100775837898
-0.13229602575302124
-0.1222200021147728
-0.06430106610059738
-0.03492850810289383
-0.042338959872722626
0.08099763840436935
-0.052967801690101624
0.003766124602407217
0.058269206434488297
-0.01304559875279665
0.13080909848213196
0.1675146520137787
0.07190431654453278
-0.10948601365089417
-0.07843051105737686
-0.03356871381402016
0.0843118205666542
0.09989406168460846
0.10222507268190384
-0.04466314986348152
0.2492661327123642
0.24644850194454193
0.032513417303562164
0.14854192733764648
0.08345719426870346
-0.06640159338712692
-0.04457349702715874
-0.09750598669052124
-0.00025094131706282496
0.17621442675590515
0.19338887929916382
0.09148204326629639
0.09601537138223648
0.13729527592658997
-0.12932562828063965
0.09992596507072449
-0.06911377608776093
-0.041013699024915695
-0.18814438581466675
0.08171377331018448
0.012337268330156803
0.08172579109668732
-0.026942001655697823
0.09835052490234375
-0.1064642146229744
0.08095832169055939
-0.02988531067967415
0.06654741615056992
-0.1583196222782135
-0.023222627118229866
0.10219688713550568
0.017586305737495422
0.0026659423019737005
0.0908026471734047
0.054887477308511734
0.10352765023708344
-0.02137601561844349
-0.03348155319690704
0.12586957216262817
-0.036856696009635925
0.07051066309213638
0.010342058725655079
0.1040886789560318
-0.05444991588592529
0.0553349070250988
0.057221587747335434
0.008082224056124687
-0.11143215745687485
0.07636537402868271
0.036178067326545715
0.03234152868390083
0.06487251818180084
0.08627592772245407
-0.060291748493909836
-0.13140645623207092
-0.02070256881415844
-0.05909159034490585
0.10093934834003448
0.06331248581409454
0.0356285534799099
-0.06065402179956436
0.19155076146125793
-0.008457452058792114
0.1639523059129715
0.10830482095479965
-0.0016642336267977953
-0.09075772762298584
0.07572504132986069
-0.06048490107059479
0.20295633375644684
0.20920655131340027
0.28625819087028503
0.03804443031549454
-0.04893292859196663
-0.11248380690813065
-0.07397063076496124
0.03625992313027382
0.0034671465400606394
0.13090838491916656
0.16665779054164886
-0.0088288439437747
0.015635469928383827
0.02357867732644081
-0.11801734566688538
-0.05863598361611366
-0.024161536246538162
-0.119937464594841
0.14609107375144958
-0.04255373403429985
0.21731247007846832
0.08225730061531067
0.06846578419208527
-0.05774758756160736
0.009548556990921497
-0.04645495489239693
0.006086018402129412
-0.040042903274297714
0.013396229594945908
-0.06352300941944122
0.1526673585176468
-0.06139584630727768
0.1776334047317505
-0.00782376155257225
-0.11553437262773514
-0.004375893622636795
-0.0345526784658432
-0.08082778006792068
0.05136500671505928
-0.030277475714683533
0.05731711909174919
0.11391092091798782
-0.14033235609531403
0.04400503262877464
0.05236939340829849
-0.06049272045493126
0.011459928005933762
0.04837770387530327
-0.05553114041686058
-0.05302145332098007
0.07904276996850967
0.11911533772945404
0.005308240186423063
-0.05782047659158707
-0.008113184943795204
-0.024625254794955254
-0.041595470160245895
-0.144766166806221
0.14863844215869904
-0.07072525471448898
0.0815085917711258
-0.005577600561082363
-0.022914603352546692
-0.11109548062086105
0.01537992525845766
-0.06822175532579422
-0.002479363465681672
0.03746810927987099
-0.17512956261634827
-0.027903534471988678
-0.007422225549817085
-0.043334152549505234
0.03361668437719345
-0.21803422272205353
-0.1515314280986786
-0.12017177045345306
0.00045741989742964506
-0.4081115424633026
-0.34366798400878906
-0.2083270102739334
-0.2546370327472687
-0.11093127727508545
0.03441714495420456
-0.08515144884586334
-0.10885367542505264
-0.21400140225887299
-0.32813194394111633
-0.49411484599113464
-0.25096532702445984
-0.19550958275794983
-0.289620041847229
-0.0011992742074653506
-0.2085091769695282
-0.02606995217502117
-0.019995320588350296
0.030023541301488876
-0.11123515665531158
-0.015045353211462498
-0.3510611057281494
-0.26537516713142395
-0.22221551835536957
-0.011847290210425854
-0.3136144280433655
0.025439323857426643
-0.20220333337783813
0.01304768305271864
-0.11978307366371155
0.08738945424556732
-0.1328362375497818
0.10859056562185287
-0.2355056256055832
-0.09980883449316025
-0.256547749042511
-0.3109026253223419
-0.10888252407312393
-0.10561162978410721
-0.1733877956867218
-0.11630381643772125
0.04134682938456535
-0.04084576666355133
-0.08244211226701736
-0.08170950412750244
-0.24464115500450134
-0.34586572647094727
-0.02497945912182331
-0.14658710360527039
-0.24779027700424194
-0.11218999326229095
-0.22298242151737213
-0.017368309199810028
-0.04305683821439743
0.02835560031235218
-0.13334979116916656
-0.08330458402633667
-0.2931341528892517
-0.2227858006954193
-0.18949471414089203
-0.173302561044693
-0.4998849332332611
-0.10386806726455688
-0.43341609835624695
0.033319056034088135
-0.17924581468105316
0.09498224407434464
-0.18795572221279144
-0.11214622110128403
-0.45941784977912903
-0.2826730012893677
-0.4920158386230469
0.05473160743713379
-0.17610856890678406
-0.14653626084327698
-0.08706109970808029
-0.11336961388587952
-0.1401340663433075
-0.01706324703991413
0.00892632920295
0.10007837414741516
-0.07481253147125244
-0.19103692471981049
-0.08456730842590332
0.011269471608102322
-0.11742845177650452
-0.07041337341070175
-0.03234170377254486
-0.03766488656401634
-0.027272112667560577
-0.05947187915444374
0.10995309799909592
-0.050110675394535065
-0.07020634412765503
-0.016938336193561554
0.004523353185504675
-0.08374588936567307
0.09913377463817596
-0.021466536447405815
-0.05602966621518135
-0.019596053287386894
0.031999971717596054
0.01942400075495243
-0.11508198082447052
-0.0018883460434153676
-0.030200181528925896
-0.07064259052276611
-0.01581774838268757
-0.016213716939091682
0.0036169264931231737
0.03164368122816086
-0.0812290608882904
-0.046660348773002625
-0.09679705649614334
0.0663706362247467
-0.15993532538414001
0.00915223453193903
0.03562292456626892
0.036172546446323395
0.06330513954162598
0.06127055734395981
-0.07730285078287125
-0.032133329659700394
-0.06945493817329407
-0.01951824128627777
-0.12960530817508698
0.09707539528608322
0.06132291629910469
0.041017189621925354
-0.03225333243608475
-0.1032385379076004
0.10588683187961578
-0.081007219851017
0.04835090413689613
-0.09221391379833221
-0.019111691042780876
-0.08619892597198486
-0.018461139872670174
0.11803731322288513
0.07460891455411911
-0.09829194098711014
0.17919234931468964
-0.02352415770292282
-0.13284198939800262
-0.1650828868150711
-0.04603612795472145
0.37915658950805664
0.24377501010894775
0.16946379840373993
0.4360940158367157
0.2379513531923294
-0.11424213647842407
0.2925509214401245
0.1493721455335617
0.2320832908153534
0.4949723184108734
0.7526562809944153
0.1732800006866455
-0.05776761472225189
0.08860966563224792
-0.14641791582107544
0.2824861705303192
-0.06019040197134018
0.03093542903661728
0.07094568759202957
0.11431510746479034
-0.010644531808793545
0.34334588050842285
0.1217186450958252
0.19757488369941711
-0.24683146178722382
0.05259643495082855
-0.10751435160636902
0.1891729086637497
-0.09294045716524124
0.07430844753980637
-0.04826080799102783
0.030166691169142723
-0.17976711690425873
0.20269203186035156
0.05150239169597626
0.23344786465168
0.04726578667759895
-0.07916617393493652
0.07150016725063324
0.07871227711439133
0.10563305765390396
-0.016368649899959564
-0.07662153989076614
0.012721574865281582
0.033996112644672394
0.1624281406402588
0.34304720163345337
-0.13336743414402008
-0.003350181272253394
0.1373267024755478
0.024633649736642838
0.16723255813121796
0.06804126501083374
-0.008262314833700657
-0.04351317510008812
0.08385858684778214
-0.00944332405924797
0.24582917988300323
0.2450585812330246
0.05588564649224281
0.07207390666007996
0.3883092701435089
0.048412635922431946
0.45197147130966187
0.29543277621269226
0.0751207023859024
0.0735807865858078
0.15330645442008972
-0.012813938781619072
0.526633083820343
0.38856855034828186
0.4341857135295868
-0.07173460721969604
0.010798871517181396
-0.007563445717096329
-0.03578155115246773
-0.03879513964056969
-0.11056438088417053
-0.21251720190048218
-0.01586451381444931
0.08320312947034836
-0.062253035604953766
0.0915081650018692
0.15594789385795593
0.004447599407285452
0.08432137221097946
0.09659046679735184
-0.07688162475824356
0.00958631094545126
-0.1143142431974411
0.011409762315452099
-0.03245154395699501
0.017101606354117393
0.009636566042900085
-0.06484591215848923
-0.013848270289599895
-0.003223847597837448
-0.1193217784166336
0.027458658441901207
-0.18026354908943176
0.0017010244773700833
-0.1216595247387886
-0.0007652879576198757
-0.04407274350523949
-0.03406767547130585
-0.004498080350458622
-0.0026493652258068323
-0.02786746248602867
0.037834763526916504
0.031817592680454254
-0.08029252290725708
-0.0824810266494751
0.025893980637192726
-0.009538615122437477
0.03454374894499779
-0.06486918777227402
-0.03671538084745407
-0.03287580981850624
-0.10237067192792892
-0.1125476211309433
-0.05813320353627205
-0.1053985059261322
0.1694057434797287
-0.08310886472463608
0.05218493938446045
0.13106919825077057
0.20623524487018585
-0.03152065724134445
0.06759229302406311
0.013187123462557793
0.032774511724710464
0.08714334666728973
0.061426807194948196
-0.05304763466119766
0.07302142679691315
-0.04240482300519943
-0.024023763835430145
0.18603037297725677
-0.17061012983322144
0.19654007256031036
0.044075991958379745
0.00260834489017725
0.047043826431035995
0.12579356133937836
0.014526954852044582
-0.06037241220474243
-0.02640996128320694
0.04506012424826622
0.08884921669960022
-0.010353959165513515
0.0015130162937566638
0.10319172590970993
0.008946307934820652
-0.0030644612852483988
-0.11300546675920486
-0.15969349443912506
0.023326225578784943
0.011888542212545872
-0.2490619421005249
0.03350275382399559
-0.1701013296842575
0.04230055585503578
-0.11358441412448883
-0.022473789751529694
-0.11404327303171158
-0.09483308345079422
-0.007364815566688776
-0.05660754442214966
-0.004226037301123142
-0.09421802312135696
-0.06203625723719597
0.028774220496416092
-0.09001611918210983
0.02489510551095009
-0.07118254154920578
-0.0614674910902977
-0.05513482540845871
-0.014930172823369503
-0.12399808317422867
-0.050933606922626495
-0.038778018206357956
0.08604966104030609
-0.01973329856991768
-0.011578057892620564
0.10820697247982025
-0.0458129420876503
-0.14300571382045746
-0.09602188318967819
-0.1229369044303894
0.011953797191381454
0.08436363935470581
-0.09017976373434067
0.003750632517039776
0.03704676777124405
-0.0442456416785717
0.015000876970589161
-0.11052984744310379
-0.056702449917793274
0.009365711361169815
0.05798615887761116
-0.06491846591234207
0.004058439284563065
0.07289130240678787
-0.07770156115293503
0.14084507524967194
-0.05014323443174362
0.1334279626607895
0.016469741240143776
-0.06374487280845642
-0.03698187693953514
0.11030642688274384
0.11360140144824982
0.02858671173453331
-0.05381054803729057
-0.001766770496033132
0.05528350546956062
0.06727724522352219
0.1463903784751892
-0.04971284419298172
0.04945363476872444
-0.14067400991916656
0.0804426521062851
-0.19478069245815277
-0.07201570272445679
-0.157175213098526
0.035610418766736984
0.1094575747847557
0.15378323197364807
-0.04466770216822624
0.01340241264551878
0.0551496259868145
-0.022160515189170837
-0.14065024256706238
-0.1101205050945282
-0.023366782814264297
-0.1395961195230484
-0.013679447583854198
-0.06344913691282272
-0.04118047654628754
0.0891762226819992
-0.031242776662111282
-0.026387982070446014
-0.06336464732885361
-0.02440248802304268
0.027901191264390945
-0.011566582135856152
-0.022587010636925697
0.05429583787918091
0.029424060136079788
-0.0008060949039645493
-0.07185439020395279
-0.025760989636182785
0.04406924918293953
-0.041198596358299255
0.013962361961603165
0.03552374988794327
0.09020205587148666
0.0042812335304915905
0.0138151366263628
0.05856027826666832
-0.013195754960179329
-0.027451349422335625
0.15094511210918427
-0.05565445497632027
-0.03729671612381935
-0.1025199145078659
0.005181151907891035
0.20062637329101562
0.03943284973502159
0.027093930169939995
-0.000552576850168407
-0.012869703583419323
0.2406037449836731
0.07407708466053009
0.06491414457559586
0.01097002625465393
0.10060592740774155
-0.06414955109357834
0.0958833396434784
-0.04455449432134628
0.0233246348798275
-0.04011934623122215
-0.1452975869178772
-0.14898252487182617
-0.027066480368375778
0.1562226414680481
0.0878416895866394
0.13081735372543335
-0.008878961205482483
-0.024544687941670418
-0.09887693077325821
0.0001711567456368357
-0.04231187701225281
-0.12741199135780334
0.13118000328540802
-0.21647034585475922
-0.09079467505216599
0.07321920245885849
-0.0747235119342804
0.038056451827287674
0.057192862033843994
-0.13333144783973694
-0.1687665730714798
-0.029983406886458397
-0.0392582044005394
-0.16926923394203186
-0.08313696831464767
0.043094974011182785
-0.07574919611215591
-0.07616155594587326
-0.04978041723370552
-0.09057392925024033
0.07465623319149017
-0.11086194962263107
0.011235500685870647
-0.07054652273654938
-0.0018093178514391184
0.013282405212521553
0.043637603521347046
-0.06338443607091904
0.20481321215629578
0.10020793974399567
-0.05521363019943237
-0.06301996111869812
0.06327494978904724
-0.10245546698570251
0.06352697312831879
-0.012798854149878025
-0.009733010083436966
0.017465829849243164
0.07660636305809021
-0.044803082942962646
-0.0590679869055748
-0.08355721086263657
-0.1521845906972885
0.007878436706960201
0.010168992914259434
-0.030525922775268555
-0.03434274345636368
0.07066153734922409
0.07327456027269363
0.006348105613142252
-0.0751090720295906
0.03743838146328926
-0.028608962893486023
0.05319766327738762
0.04098071530461311
0.07042805105447769
-0.003375382861122489
0.0714634507894516
0.07267997413873672
0.08026660978794098
-0.026267409324645996
0.021852655336260796
-0.07975208014249802
-0.1382329761981964
-0.1787024438381195
0.11564686894416809
0.024181945249438286
-0.011952032335102558
0.10577355325222015
-0.022648295387625694
-0.05456582456827164
-0.23222139477729797
0.005838925484567881
-0.17076800763607025
-0.19046375155448914
-0.09149742871522903
0.052023425698280334
-0.1286850869655609
0.05005829036235809
-0.07454612851142883
0.12893740832805634
-0.05331588536500931
-0.1753874570131302
-0.03873724862933159
-0.05985254794359207
-0.150874525308609
-0.0700620785355568
-0.023317383602261543
-0.03853859752416611
0.09331358224153519
0.06827280670404434
0.1254294216632843
-0.12881705164909363
-0.033961594104766846
-0.001113829668611288
-0.12803131341934204
0.0300686527043581
0.033548854291439056
-0.015331361442804337
-0.18544381856918335
-0.030294112861156464
0.017274783924221992
0.04759177193045616
0.0038975030183792114
-0.03533121198415756
-0.10573301464319229
0.03234260529279709
-0.09344323724508286
0.011575048789381981
0.0007696700631640851
0.031981948763132095
-0.09311694651842117
-0.04232143983244896
-0.07945780456066132
0.0286092646420002
-0.10496614128351212
0.11976581811904907
0.072823166847229
-0.08102718740701675
0.0007484665839001536
0.00281033618375659
-0.019534096121788025
0.03660063445568085
-0.037338659167289734
0.008229916915297508
-0.0027390546165406704
0.0972263514995575
-0.012227826751768589
0.07672257721424103
-0.056499455124139786
-0.10759478807449341
-0.04641614854335785
-0.13166341185569763
0.032799866050481796
-0.09731348603963852
-0.05634766072034836
-0.15195463597774506
0.016377901658415794
-0.12820029258728027
0.07874701917171478
-0.04081207886338234
-0.050435397773981094
-0.002183103933930397
-0.05531610548496246
-0.14686258137226105
-0.03985507786273956
-0.41833195090293884
-0.3571223020553589
-0.4160199761390686
-0.4808323085308075
-0.39467036724090576
-0.01604136824607849
-0.040104471147060394
-0.18294377624988556
-0.10290218889713287
-0.3708253502845764
-0.42305952310562134
0.01026583556085825
-0.1633101999759674
-0.28123340010643005
-0.019060814753174782
-0.2525864541530609
-0.05606711283326149
-0.01650838926434517
0.15086527168750763
-0.030289221554994583
0.10785845667123795
-0.23323795199394226
0.018646806478500366
-0.09523716568946838
0.05055555701255798
-0.2947882413864136
0.0853784903883934
-0.2006291151046753
0.02738507278263569
0.03942781314253807
0.1451646089553833
-0.05606907978653908
0.14556628465652466
-0.1684749871492386
0.04025959223508835
-0.09849042445421219
-0.23881837725639343
-0.17013755440711975
-0.14683757722377777
-0.08569568395614624
-0.017388049513101578
0.037180572748184204
0.1188751682639122
0.038143835961818695
-0.009082051925361156
-0.10281636565923691
-0.18394851684570312
0.07056965678930283
-0.05941527336835861
-0.23909001052379608
-0.09382788091897964
-0.20093576610088348
-0.05050859600305557
0.02219942770898342
0.1896103471517563
-0.07560624927282333
0.027781246230006218
-0.24657899141311646
-0.12903083860874176
-0.06718310713768005
-0.08458691835403442
-0.6249901652336121
-0.09503209590911865
-0.47560012340545654
-0.20247448980808258
-0.1553896963596344
0.10560300946235657
-0.21957506239414215
-0.021012306213378906
-0.4070045053958893
-0.31759798526763916
-0.4409186542034149
-0.057652343064546585
0.2829754650592804
0.2444537878036499
0.06771191209554672
0.2558888792991638
0.08737163245677948
-0.1345434933900833
-0.03492066636681557
-0.009732851758599281
-0.0530741848051548
0.2080344706773758
0.30205780267715454
0.07216255366802216
0.0051278043538331985
0.1203121468424797
-0.16423402726650238
0.15694624185562134
-0.20249436795711517
0.012662852182984352
-0.10055320709943771
0.03713586553931236
-0.09746691584587097
0.1319122463464737
-0.009941781871020794
0.1744612604379654
-0.1619638204574585
0.11699731647968292
-0.16245178878307343
0.11592791229486465
-0.2170487642288208
-0.004022074863314629
0.016618000343441963
0.029010234400629997
-0.10739081352949142
0.18899120390415192
-0.019950944930315018
0.1601671427488327
0.020042534917593002
-0.010712987743318081
0.17380745708942413
-0.03608366474509239
-0.04504017531871796
0.020330993458628654
0.029406074434518814
-0.02570432610809803
0.09120146930217743
0.04719783365726471
0.031822122633457184
-0.11576316505670547
-0.006767900660634041
0.16557970643043518
0.010377058759331703
0.09803058207035065
0.1001843586564064
-0.009838142432272434
-0.06983210891485214
-0.006664510350674391
-0.06281007081270218
0.054569877684116364
0.08356047421693802
-0.0010104570537805557
0.006708511151373386
0.24045035243034363
0.0037620491348206997
0.2312183529138565
0.22839811444282532
-0.1334456205368042
-0.04859413579106331
0.08787822723388672
-0.11673559248447418
0.20848020911216736
0.25698328018188477
0.36602985858917236
-0.033550433814525604
0.42609044909477234
0.33456677198410034
0.24796316027641296
0.2949705123901367
0.13184960186481476
-0.03393210843205452
0.09730993956327438
0.09919613599777222
0.21343623101711273
0.3277011215686798
0.4961753487586975
0.21374346315860748
0.20134076476097107
0.2586424648761749
-0.005138085223734379
0.24034348130226135
-0.021232927218079567
0.0037909899838268757
-0.044456616044044495
0.11585665494203568
0.02064201794564724
0.3427973687648773
0.21259330213069916
0.2230498194694519
-0.04043331369757652
0.3137766718864441
-0.05728697031736374
0.17715445160865784
-0.021849248558282852
0.07141955941915512
-0.13033340871334076
0.12888729572296143
-0.09294185787439346
0.2217753827571869
0.07511641085147858
0.2768474221229553
0.2892652153968811
0.11482153087854385
0.11718649417161942
0.12460669875144958
0.07385388016700745
-0.08329836279153824
-0.010261778719723225
0.056541211903095245
0.05276687815785408
0.2251826375722885
0.3124682903289795
0.01264716126024723
0.13249486684799194
0.23118455708026886
0.08209102600812912
0.24237270653247833
0.019683172926306725
0.030825387686491013
-0.04120510071516037
0.11686033755540848
0.061123814433813095
0.2842690646648407
0.23130537569522858
0.15128277242183685
0.1489526778459549
0.5201115608215332
0.06300219148397446
0.4493573009967804
-0.016208259388804436
0.16838498413562775
-0.1073477640748024
0.17104429006576538
0.07636693120002747
0.461845338344574
0.29706376791000366
0.46386513113975525
-0.02844296023249626
-0.2360454499721527
-0.18349507451057434
-0.09827457368373871
0.005526218097656965
-0.07044170051813126
0.07960201054811478
0.11236361414194107
0.13562722504138947
-0.06730727106332779
-0.18676486611366272
-0.11561601608991623
-0.035228896886110306
-0.12253362685441971
-0.047870833426713943
0.04520847275853157
-0.1312762200832367
0.04598625749349594
0.07478000223636627
0.15794311463832855
-0.02060938999056816
-0.03395858779549599
-0.1201249212026596
-0.05392775312066078
-0.1269957572221756
0.08959610760211945
-0.032915886491537094
-0.11329443007707596
0.024296721443533897
0.06869428604841232
0.03903661668300629
-0.07729347050189972
0.029094062745571136
0.06953223794698715
-0.05667963624000549
-0.08463053405284882
-0.07420884072780609
-0.05571332573890686
-0.04675929993391037
-0.13866952061653137
0.035845059901475906
-0.08071531355381012
-0.011377538554370403
-0.09953577071428299
0.061066798865795135
0.0167397428303957
-0.03182297945022583
-0.0813492089509964
0.027204610407352448
-0.108931764960289
0.015329110436141491
-0.023059852421283722
-0.08757191896438599
-0.012626517564058304
0.0976133644580841
0.07354015856981277
0.033945757895708084
-0.03015013597905636
-0.22047626972198486
0.0028520484920591116
0.007101640570908785
0.062092263251543045
-0.26185718178749084
-0.02939864993095398
-0.12996996939182281
0.16924220323562622
-0.06200829893350601
0.12166913598775864
-0.018147913739085197
-0.06402906030416489
-0.16459150612354279
-0.1000751182436943
-0.2183709591627121
-0.06707656383514404
0.45416557788848877
0.32171568274497986
0.24081847071647644
0.4050591289997101
0.19934238493442535
-0.07316454499959946
0.11564163863658905
0.0869724452495575
0.2036714404821396
0.3836095929145813
0.6191830039024353
0.19226303696632385
0.10621818900108337
0.21402686834335327
-0.07763683795928955
0.26791948080062866
-0.06128212809562683
-0.012593699619174004
-0.08416225016117096
0.07188598066568375
-0.026025772094726562
0.2847435176372528
0.1814989447593689
0.2572782337665558
-0.0749402791261673
0.23361805081367493
-0.12532933056354523
0.1886679083108902
-0.10095879435539246
0.06551707535982132
-0.06569335609674454
0.04670396447181702
-0.14450202882289886
0.1956251710653305
0.026384644210338593
0.25166812539100647
0.19204743206501007
0.03467763587832451
0.07759883999824524
0.04855325073003769
0.020602943375706673
-0.06815169751644135
0.04026352986693382
-0.009198514744639397
0.057420697063207626
0.160869762301445
0.28752440214157104
-0.04803594574332237
0.059817008674144745
0.20475710928440094
0.0026564323343336582
0.18390360474586487
0.03625708445906639
0.0257105715572834
-0.08634272962808609
0.05470219627022743
0.0032891524024307728
0.18526802957057953
0.1918669492006302
0.075136698782444
0.07223311811685562
0.488851934671402
0.014462731778621674
0.4466337263584137
0.1458994597196579
0.07696393132209778
-0.08713359385728836
0.12145620584487915
-0.05332902818918228
0.44054269790649414
0.3353250026702881
0.5231183767318726
0.05194241926074028
0.3072291314601898
0.23464258015155792
0.11591418832540512
0.1910020411014557
0.16995437443256378
-0.1237691193819046
0.013148738071322441
0.057865872979164124
0.01838795468211174
0.23892733454704285
0.1504061222076416
0.02309470996260643
0.15188506245613098
0.09992747753858566
-0.06058860942721367
0.10769621282815933
-0.10858625918626785
0.009702695533633232
-0.05550912395119667
0.09550417214632034
0.0020592776127159595
0.10960710048675537
0.09206689149141312
0.13365614414215088
-0.1487429440021515
0.0792316123843193
-0.0751601830124855
0.09900902211666107
-0.06943187117576599
0.0068151745945215225
0.06772875040769577
0.0557735301554203
0.0017876586643978953
0.17225098609924316
-0.004555350635200739
0.09199247509241104
0.024305148050189018
-0.06664641946554184
0.15079282224178314
0.04964810982346535
0.03356334567070007
0.06615050882101059
0.010621771216392517
-0.012801595032215118
0.07655654847621918
0.002771948929876089
0.0022107153199613094
-0.17636461555957794
-0.01861525885760784
0.13914407789707184
0.03458726778626442
0.07006344199180603
0.054706137627363205
0.035698916763067245
-0.06549233943223953
0.0014706382062286139
0.00642858911305666
0.039386212825775146
0.04728781804442406
0.10920261591672897
-0.04500507563352585
0.22784513235092163
0.0726315900683403
0.2235487550497055
0.12768997251987457
-0.11392194032669067
-0.06802664697170258
0.17409999668598175
-0.10993100702762604
0.2073504775762558
0.23743568360805511
0.3173133134841919
0.022548457607626915
-0.0034100015182048082
-0.14637786149978638
-0.033549461513757706
-0.023807112127542496
0.16410280764102936
0.13330034911632538
0.011455238796770573
-0.007512368727475405
0.07352359592914581
-0.001643523806706071
-0.2660890519618988
-0.020487502217292786
-0.047153402119874954
-0.1277916133403778
0.126841738820076
-0.11156178265810013
0.06863204389810562
-0.029264196753501892
-0.0330008827149868
-0.12190551310777664
0.08316140621900558
-0.018196390941739082
0.10234666615724564
-0.021351389586925507
0.14057479798793793
-0.06306638568639755
0.22250206768512726
-0.056125931441783905
0.2233455628156662
0.014060803689062595
-0.021570337936282158
-0.04316014051437378
0.14722608029842377
-0.07360456883907318
0.02292892336845398
-0.06023281812667847
0.11911696195602417
0.07383542507886887
-0.05174175649881363
0.02038254588842392
0.02126462385058403
-0.04030749574303627
-0.018862759694457054
0.02922019176185131
0.006331222131848335
0.050003405660390854
0.0613890178501606
0.07491369545459747
0.13522779941558838
-0.011033500544726849
0.11874569207429886
-0.04031093046069145
0.0007360876770690084
-0.041007522493600845
0.11895474791526794
-0.05611736327409744
0.08519894629716873
0.01550908014178276
-0.07119534909725189
0.009517752565443516
0.003450124291703105
-0.04053099453449249
0.006690128240734339
-0.07897094637155533
-0.27241507172584534
0.014122551307082176
-0.08543738722801208
-0.07785207778215408
0.09240560233592987
-0.18954607844352722
-0.159255713224411
-0.036422405391931534
0.07818882167339325
0.19690442085266113
0.15266428887844086
0.0863458663225174
0.17969617247581482
0.09225061535835266
-0.10877510160207748
-0.05255161598324776
0.020748388022184372
-0.059430524706840515
0.12391521036624908
0.23847992718219757
0.03726450353860855
-0.07487699389457703
0.0983138456940651
-0.22998929023742676
0.15709589421749115
-0.21110552549362183
0.02933724783360958
-0.1363096982240677
-0.008153005503118038
-0.11734719574451447
0.020096350461244583
-0.11805751919746399
0.10100650042295456
-0.18621838092803955
0.056859686970710754
-0.21481052041053772
0.0615355558693409
-0.19592495262622833
0.006390595808625221
0.11445799469947815
-0.003414309583604336
-0.09743010252714157
0.11971528828144073
-0.03866032510995865
0.1712310016155243
-0.05769801884889603
-0.015216120518743992
0.1572878360748291
-0.1247892826795578
-0.08020144701004028
0.038305167108774185
0.025989612564444542
-0.022865671664476395
0.0406428799033165
-0.0709705650806427
-0.07190793752670288
-0.08971572667360306
-0.05837365984916687
0.15386641025543213
-0.07564442604780197
0.09548955410718918
0.14469559490680695
0.025978729128837585
-0.10077928006649017
0.009602831676602364
-0.018242372199892998
-0.023518621921539307
0.09312824159860611
-0.02798164077103138
-0.02088141068816185
0.1770857572555542
0.005240197293460369
0.14632655680179596
0.3479750454425812
-0.14346875250339508
0.010456329211592674
0.09365186095237732
-0.18484832346439362
0.160688579082489
0.2849951386451721
0.25639012455940247
-0.06160959601402283
0.05701644346117973
0.07250312715768814
-0.052295513451099396
-0.03374526649713516
0.01701667718589306
-0.07933046668767929
-0.036573924124240875
-0.1094418466091156
0.09378985315561295
0.032134342938661575
0.11103291064500809
0.06015025079250336
0.10978136956691742
-0.008629103191196918
-0.01912778615951538
0.01949995569884777
-0.005270990077406168
0.0432288721203804
-0.026995990425348282
-0.011879781261086464
0.017228994518518448
0.11808453500270844
-0.06444945931434631
0.12231063097715378
-0.009694274514913559
0.0048914761282503605
-0.01504339650273323
0.05332378298044205
-0.14042352139949799
-0.017360426485538483
0.19572581350803375
-0.017679324373602867
-0.01012987457215786
0.040039341896772385
-0.03137018159031868
-0.0820065438747406
-0.04611513763666153
-0.02471170388162136
0.08513141423463821
-0.008476636372506618
0.02180442400276661
0.047911886125802994
0.17847320437431335
0.014736038632690907
-0.008103123866021633
0.13648582994937897
-0.07294312864542007
0.007394000422209501
0.19901473820209503
-0.015240916982293129
0.05337535962462425
0.00045403698459267616
-0.06752394884824753
0.03165949508547783
-0.1382693499326706
0.08441635966300964
-0.10530778020620346
0.037819355726242065
-0.18889982998371124
-0.016124164685606956
-0.16774089634418488
0.04210968688130379
-0.08746802806854248
-0.02179977484047413
-0.0036188489757478237
-0.062488801777362823
-0.02500917762517929
0.0015637158649042249
0.02504832297563553
0.10694857686758041
0.05190473049879074
-0.06588176637887955
0.030745921656489372
0.115730881690979
0.2413264960050583
0.10580866038799286
0.1798986941576004
0.24491460621356964
0.12075606733560562
0.00903604831546545
-0.08509333431720734
-0.012537474744021893
0.15502265095710754
0.08884941786527634
-0.03461938723921776
-0.01489805057644844
0.15224289894104004
-0.04622289165854454
0.029518302530050278
0.0212272759526968
0.05338367447257042
-0.06384768337011337
0.05870610848069191
-0.014463686384260654
0.06010718271136284
-0.05988373979926109
0.10416794568300247
-0.016586050391197205
0.08153894543647766
-0.0825401172041893
0.0687871053814888
-0.050035443156957626
0.03944729268550873
0.11456870287656784
0.043856605887413025
-0.022977430373430252
0.10617069154977798
0.020499328151345253
0.07618852704763412
-0.03346441686153412
-0.03856871649622917
0.06718985736370087
0.023400407284498215
-0.014874664135277271
-0.06240592151880264
0.11670708656311035
-0.02511117234826088
0.002361007034778595
0.005071861203759909
0.004085275810211897
-0.110214464366436
-0.04115834832191467
0.013243068940937519
0.03661392256617546
0.02360902726650238
0.06718853116035461
-0.07355645298957825
-0.044337525963783264
-0.04973530024290085
-0.0361175574362278
-0.013142217881977558
0.03239111602306366
0.01254629623144865
-0.023031797260046005
0.048699457198381424
-0.014503088779747486
0.2162078469991684
0.2320055067539215
-0.04938434809446335
-0.07247133553028107
0.06351321190595627
-0.18140318989753723
0.06806959956884384
0.18022994697093964
0.23893970251083374
0.025174638256430626
-0.4415745437145233
-0.36396992206573486
-0.24566780030727386
-0.30724194645881653
-0.14505237340927124
0.055187758058309555
-0.08248870819807053
-0.1049138754606247
-0.20334559679031372
-0.3504844903945923
-0.4989296793937683
-0.1935478150844574
-0.17824266850948334
-0.24653038382530212
0.006142331287264824
-0.24209906160831451
0.01771782524883747
0.008704563602805138
0.049018215388059616
-0.1014711856842041
0.012760602869093418
-0.32853034138679504
-0.23431827127933502
-0.20688645541667938
0.038050707429647446
-0.2854272127151489
0.05324993655085564
-0.18271611630916595
0.057883378118276596
-0.041588637977838516
0.10488159209489822
-0.11499857902526855
0.09618823975324631
-0.19950637221336365
-0.07543081790208817
-0.26169875264167786
-0.2988644242286682
-0.10512349009513855
-0.08992959558963776
-0.13648034632205963
-0.059209614992141724
0.06027752906084061
-0.016087574884295464
-0.024259621277451515
-0.02856852114200592
-0.19994483888149261
-0.3208662271499634
0.008894890546798706
-0.10826170444488525
-0.23368258774280548
-0.06232192739844322
-0.23795083165168762
-0.02769552543759346
-0.005516462493687868
0.06836965680122375
-0.09441255033016205
-0.06840384751558304
-0.27639901638031006
-0.22374404966831207
-0.15017102658748627
-0.13839566707611084
-0.514904260635376
-0.0565607063472271
-0.44130414724349976
-0.001087923883460462
-0.14480090141296387
0.11395926773548126
-0.1758710891008377
-0.07800545543432236
-0.43992334604263306
-0.29493898153305054
-0.480328232049942
0.012894908897578716
-0.4134795069694519
-0.312811017036438
-0.19326822459697723
-0.3650816082954407
-0.1842910796403885
0.07149267941713333
-0.09023012220859528
-0.04834394156932831
-0.12172440439462662
-0.3091927170753479
-0.4424378573894501
-0.11788526177406311
-0.09389250725507736
-0.15815280377864838
0.10021668672561646
-0.19857053458690643
0.08877738565206528
-0.0027498574927449226
0.1087348684668541
-0.05258850008249283
0.09109747409820557
-0.24545064568519592
-0.07585063576698303
-0.22050929069519043
0.09108832478523254
-0.19507187604904175
0.13345415890216827
-0.1595250964164734
0.12274006009101868
-0.051817335188388824
0.022837545722723007
-0.061053697019815445
0.11559059470891953
-0.23209401965141296
0.027607928961515427
-0.21064260601997375
-0.12664863467216492
-0.025783821940422058
-0.10641054064035416
-0.003315484616905451
-0.0553089901804924
0.010806886479258537
-0.06232389435172081
-0.007565791253000498
-0.005975501611828804
-0.1098250150680542
-0.19512762129306793
0.09378013014793396
-0.05484095215797424
-0.17938373982906342
-0.029635831713676453
-0.12894810736179352
-0.10246924310922623
0.010053058154881
0.08233410865068436
-0.03018929623067379
0.02002083882689476
-0.1325916200876236
-0.11124912649393082
-0.04590063542127609
-0.014043108560144901
-0.3748800754547119
-0.022922378033399582
-0.3711676299571991
-0.15417754650115967
0.04539768770337105
0.08092785626649857
-0.1525362879037857
0.10300830006599426
-0.3180897831916809
-0.29787737131118774
-0.4743688702583313
-0.02811671979725361
0.045425962656736374
0.008105738088488579
0.03339692950248718
0.07546468079090118
-0.01302567683160305
0.058779068291187286
-0.0005785748362541199
-0.004224348347634077
-0.010168757289648056
-0.02115238457918167
-0.026733046397566795
0.03285052999854088
-0.0026627543848007917
0.008278556168079376
-0.1152600422501564
0.00011241029278608039
0.010477030649781227
0.015252330340445042
0.022720377892255783
0.024285808205604553
-0.07175853103399277
-0.02399660274386406
-0.0004128105647396296
0.00503180269151926
-0.026524420827627182
-0.007229900918900967
-0.0019638738594949245
0.0008633083198219538
-0.01945585012435913
-0.008649329654872417
-0.009538495913147926
0.026561226695775986
0.0006188342813402414
0.010402523912489414
-0.010756807401776314
0.014427670277655125
-0.001836304785683751
0.012062870897352695
0.017625825479626656
0.027325410395860672
-0.03264204040169716
-0.003932659048587084
-0.008431789465248585
0.04386388882994652
-0.05037841573357582
-0.005478494800627232
0.002851049182936549
-0.042161568999290466
-0.05063493549823761
-0.036680351942777634
0.003562300931662321
0.041666507720947266
-0.001455369871109724
0.003657681867480278
-0.04700002819299698
0.011082300916314125
0.03102879226207733
0.0013133322354406118
-0.032261449843645096
-0.02707543782889843
-0.001413340913131833
-0.037273749709129333
0.008684689179062843
-0.0006153159192763269
0.025740129873156548
0.0016835574060678482
0.06462623924016953
0.0217428095638752
-0.039826713502407074
0.043379951268434525
0.0010440107434988022
-0.024121293798089027
0.016489671543240547
0.026921860873699188
-0.022448420524597168
-0.05068150907754898
-0.020089540630578995
0.03280266374349594
-0.003452237695455551
-0.0029058356303721666
0.05751192569732666
0.05815642327070236
0.013623158447444439
-0.01747567392885685
0.027626948431134224
-0.018942154943943024
0.04222751408815384
-0.02945774421095848
0.017956942319869995
-0.014861097559332848
0.012559175491333008
-0.012959670275449753
-0.039931368082761765
-0.01934950053691864
-0.07784859836101532
0.0014205494662746787
-0.006530508864670992
0.008194059133529663
-0.01174728199839592
-0.15632401406764984
-0.040497299283742905
0.28649264574050903
0.01656361110508442
0.012527664192020893
0.007503623142838478
0.04386421665549278
-0.001023275894112885
0.0005353050655685365
-0.39668580889701843
0.007116623688489199
0.1537947952747345
0.028427917510271072
0.008939198218286037
-0.020463095977902412
-0.008211682550609112
0.0008871262543834746
-0.16536244750022888
-0.00028969341656193137
0.2717064917087555
-0.0074052331037819386
0.0006991630070842803
-0.029403995722532272
0.009454572573304176
0.010659360326826572
-0.029351500794291496
-0.02777424268424511
-0.18826648592948914
0.01621054857969284
0.011426752433180809
0.05113612115383148
0.007380162365734577
-0.012184642255306244
-0.052362967282533646
-0.05520755425095558
0.019994521513581276
-0.004945218563079834
0.02044054865837097
-0.005153078585863113
-0.01562996208667755
0.023349322378635406
-0.03734607622027397
0.0024292520247399807
0.009786298498511314
-0.006065619643777609
0.05834652855992317
0.009481992572546005
-0.0016359504079446197
0.0033758876379579306
-0.05587048828601837
0.007977123372256756
0.028106840327382088
-0.0018292219610884786
-0.03065657988190651
-0.035945091396570206
-0.0011283005587756634
0.017258580774068832
-0.03253982961177826
0.004365126136690378
0.022635160014033318
0.028801068663597107
0.0008614223916083574
0.02602107636630535
-0.016501156613230705
-0.01128420326858759
0.02193126082420349
0.02901053987443447
-0.01239721942692995
0.016827460378408432
0.0007660277769900858
-0.005972812417894602
-0.01584131456911564
-0.01542900875210762
0.025893673300743103
-0.0071569751016795635
0.0051281447522342205
-0.0350688137114048
-0.010128453373908997
-0.01795034296810627
0.012565664947032928
-0.012375782243907452
0.02486865594983101
0.006746172439306974
0.028886036947369576
-0.0016705194720998406
-0.019535860046744347
0.008254893124103546
0.017523640766739845
-0.011487644165754318
0.0016755490796640515
0.002817156258970499
-0.013631900772452354
-0.004929959774017334
0.011264259926974773
-0.026936685666441917
-0.050496891140937805
-0.6828625202178955
-0.0669502392411232
0.053494371473789215
0.04981464892625809
-0.017969919368624687
0.04427491873502731
-0.0030516088008880615
0.011352448724210262
-0.03168575093150139
-0.39656075835227966
0.0026530602481216192
0.5628291368484497
0.04838833212852478
0.038738422095775604
0.022741926833987236
-0.012597289867699146
-0.0007705990574322641
0.14479075372219086
0.050703197717666626
0.29083487391471863
-0.003225084859877825
0.3544466197490692
0.02290147915482521
-0.03856634721159935
0.07470263540744781
-0.014026423916220665
0.004612012300640345
-0.23448948562145233
-0.08575152605772018
0.013947776518762112
0.016243932768702507
0.0004230299382470548
-0.027710625901818275
-0.000144921665196307
-0.020229388028383255
0.003775981953367591
0.007726364303380251
-0.007736547384411097
0.006345557048916817
-0.020144179463386536
0.019378431141376495
-0.02978360839188099
-0.009747277945280075
0.0039688050746917725
-0.003279356053099036
-0.00028962251963093877
-0.03263141214847565
0.0004457529867067933
0.002559208543971181
-0.00918748788535595
0.006333997473120689
-0.028493182733654976
0.0003049432998523116
-0.06423769146203995
0.022114431485533714
0.002094003837555647
-0.009313179180026054
-0.010687809437513351
-0.015756836161017418
-0.020334098488092422
-0.02125759795308113
-0.002425089478492737
0.026151908561587334
-0.00934330653399229
-0.007870449684560299
-0.04321974888443947
0.02516777254641056
0.007017068099230528
0.012163889594376087
0.006487498991191387
-0.04207664728164673
-0.007826719433069229
0.0067427619360387325
0.020400937646627426
-0.025293894112110138
-0.007365141063928604
0.012346039526164532
0.020698517560958862
0.005302048288285732
0.030550533905625343
-0.012194140814244747
0.007176932878792286
0.02242608554661274
-0.005693742074072361
-0.006795083172619343
0.022922372445464134
0.0014468800509348512
-0.014371796511113644
-0.010635165497660637
-0.00970933586359024
-0.025872496888041496
-0.01554036419838667
0.025158293545246124
-0.006118132267147303
0.015033766627311707
-0.03414874151349068
0.008426173590123653
0.026214905083179474
-0.004153913352638483
-0.01940690167248249
0.005082275252789259
-0.040743451565504074
0.010132449679076672
-0.01417565532028675
0.014156910590827465
-0.010998045094311237
0.003037145594134927
0.015425918623805046
-0.016556061804294586
-0.0014273031847551465
-0.022069811820983887
0.012130155228078365
-0.016262385994195938
0.008316947147250175
0.016531703993678093
0.01194348931312561
0.05327056348323822
-0.005576207302510738
0.02141779102385044
0.02814767323434353
-0.003819314995780587
-0.004109419882297516
0.0036896802484989166
0.005344000644981861
-0.04417186602950096
-0.02045844867825508
-0.01711491122841835
0.0033627445809543133
0.02290353924036026
-0.004907590802758932
0.0495414063334465
0.02703777514398098
-0.029373854398727417
0.02579960785806179
-0.022127045318484306
0.004751124884933233
-0.03659849241375923
0.04466820880770683
0.006050170864909887
-0.002260589972138405
-0.003984705079346895
-0.010908241383731365
0.019825724884867668
0.015703437849879265
-0.024392500519752502
0.033366307616233826
-0.01819785311818123
0.04443952441215515
-0.023936565965414047
0.020418930798768997
0.010068732313811779
0.020192796364426613
-0.045183610171079636
-0.0010352522367611527
-0.030598245561122894
-0.009960465133190155
0.03087608702480793
-0.022918270900845528
-0.008100406266748905
-0.016174351796507835
-0.03296145051717758
0.021984940394759178
-0.05178492143750191
-0.046777453273534775
-0.024594837799668312
-0.02955082431435585
0.03305324167013168
0.020395342260599136
-0.01349774282425642
-0.03223874419927597
0.00726842787116766
-0.05623933672904968
0.0006569272372871637
-0.075205497443676
0.06219957396388054
0.010054153390228748
0.008938545361161232
0.01381403487175703
0.0021963512990623713
-0.03205020725727081
0.007652102503925562
0.04881860315799713
0.0012789947213605046
-0.023189513012766838
-0.0125331562012434
0.03552280366420746
0.03027353435754776
0.01719317026436329
-0.03527407348155975
-0.029369669035077095
0.018838757649064064
-0.02723030000925064
-0.03048979490995407
0.059635840356349945
-0.06651972234249115
-0.01956835202872753
0.0019051054259762168
-0.006963375955820084
0.018593115732073784
0.0053395964205265045
-0.024697519838809967
0.00393996387720108
0.014138656668365002
-0.04339981824159622
-0.008812167681753635
-0.08127249777317047
0.021136702969670296
0.018230322748422623
0.0023231874220073223
0.011598493903875351
0.020986106246709824
-0.028303153812885284
0.0014385059475898743
0.022523947060108185
0.025726227089762688
-0.024196092039346695
0.014184841886162758
-0.0028771229553967714
0.0033639324828982353
0.018803684040904045
-0.03919105604290962
0.021500468254089355
0.04729396104812622
-0.0037006260827183723
-0.006150024943053722
-0.01237581018358469
-0.0004079500213265419
0.04227576032280922
-0.05314406752586365
0.0526924692094326
-0.026712318882346153
-0.004235179629176855
-0.02868487685918808
0.010552806779742241
-0.012289626523852348
0.020302120596170425
0.024380642920732498
0.05361213907599449
0.024943245574831963
0.03141586482524872
0.018023258075118065
-0.02799096703529358
-0.0216812901198864
-0.00998560432344675
-0.019634108990430832
-0.02995908632874489
0.008022178895771503
-0.014119945466518402
-0.03303084149956703
-5.2296956710051745e-05
0.01136348769068718
0.010020140558481216
0.017843762412667274
-0.02205054834485054
-0.010189201682806015
0.011822349391877651
0.02296566404402256
-0.0203078780323267
0.06870551407337189
0.021131252869963646
0.000560300366487354
0.015507585369050503
-0.003726257011294365
-0.01188084576278925
0.009821525774896145
0.03194356709718704
-0.003462666179984808
0.037258584052324295
-0.017573434859514236
0.06380269676446915
-0.009754912927746773
0.024049637839198112
-0.022697145119309425
-0.006733790971338749
-0.005952173378318548
0.014299188740551472
-0.029921025037765503
-0.011057599447667599
-0.028786083683371544
0.035828765481710434
-0.028037378564476967
-0.019172582775354385
-0.00731653580442071
0.004858763888478279
0.017262106761336327
0.020870693027973175
-0.03352160379290581
0.025368548929691315
-0.03215092048048973
-0.02055928111076355
0.008149021305143833
-0.012434601783752441
0.021820956841111183
0.02798018790781498
0.03742025047540665
-0.014635879546403885
-0.036377761512994766
-0.030582169070839882
0.029898125678300858
-0.06097424402832985
0.04804941639304161
0.005564332008361816
0.008422407321631908
-0.0354587584733963
-0.03890759497880936
0.009120569564402103
-0.022054655477404594
0.02882256545126438
-0.0164455845952034
-0.029256368055939674
-0.024464411661028862
-0.00023625357425771654
0.005332984961569309
0.03440148010849953
-0.035704679787158966
-0.00630550179630518
0.030422750860452652
-0.02764008194208145
0.0516606830060482
-0.062268320471048355
0.032729171216487885
0.01971456967294216
0.008364927023649216
-0.01619301363825798
-0.013827193528413773
-0.05668026953935623
-0.02374371699988842
0.00833981391042471
0.007579128723591566
0.011380677111446857
-0.02111957222223282
0.0513007827103138
-0.048676006495952606
-0.01986083574593067
-0.03902735561132431
0.00013831528485752642
0.028781063854694366
-0.004239832051098347
0.01941530406475067
-0.030916867777705193
0.015818720683455467
0.0215824656188488
0.030844513326883316
0.07258698344230652
-0.004067919682711363
-0.0419117733836174
0.041378267109394073
-0.005005982704460621
-0.025575295090675354
0.03578390181064606
-0.02046862058341503
-0.009892682544887066
0.021105512976646423
0.02816743776202202
0.02542208507657051
-0.017968758940696716
0.05048796534538269
-0.029789522290229797
0.007352066226303577
-0.01270407997071743
-0.006502639502286911
-0.030789993703365326
0.0395561046898365
-0.01972213014960289
0.010893600061535835
-0.0490785650908947
-0.027417905628681183
-0.012477288022637367
-0.0061293672770261765
0.033613722771406174
-0.015004421584308147
0.01287967711687088
-0.03540715575218201
-0.006662776693701744
-0.014211430214345455
-0.02163168042898178
-0.037506427615880966
0.010198819451034069
-0.02159207873046398
-0.02031709998846054
-0.007046405225992203
-0.03117515705525875
0.024271046742796898
-0.014855771325528622
0.037002116441726685
0.030148431658744812
0.033851370215415955
-0.021860864013433456
0.05438215658068657
-0.010510638356208801
0.03729941323399544
-0.03621238097548485
0.03419925272464752
-0.02307252027094364
0.03114524856209755
6.08544796705246e-05
-0.04656087979674339
0.003967115189880133
-0.012347755953669548
-0.07228701561689377
0.011449602432549
0.0063124462030828
-0.004563776310533285
-0.008513584733009338
-0.025083966553211212
-0.016669591888785362
-0.0309329554438591
0.008079102262854576
-0.0030593513511121273
0.008159734308719635
-0.02532862313091755
-0.02603667788207531
-0.007191578857600689
-0.01680487021803856
0.006709000561386347
0.0052987365052104
0.0013460747431963682
-0.013917211443185806
-0.039111293852329254
0.01819412223994732
0.028681950643658638
-0.0032128337770700455
0.003934621345251799
0.010818108916282654
0.027992211282253265
0.025401119142770767
-0.002779287751764059
0.018852343782782555
0.0018033658852800727
-0.04372435808181763
-0.040343645960092545
0.004245927557349205
0.008444543927907944
-0.03625321760773659
-0.00044235456152819097
-0.0029619052074849606
0.024775417521595955
-0.02164457179605961
0.025987830013036728
-0.019228287041187286
-0.01198834553360939
0.01753115840256214
0.001242418889887631
-0.0025313389487564564
0.0010313433595001698
0.006849794182926416
-0.04718455672264099
-0.0194792952388525
-0.006288285367190838
0.059837643057107925
0.004298108629882336
-0.019479217007756233
0.02391362190246582
-0.0017576103564351797
0.02265523001551628
0.01380940992385149
0.005766463931649923
-0.011282401159405708
0.03430477902293205
-0.041810378432273865
0.011867314577102661
-0.028432870283722878
-0.008052147924900055
-0.013110837899148464
-0.024481790140271187
0.038100894540548325
0.005972329527139664
0.01049103680998087
0.00886178482323885
0.016777217388153076
0.01207446027547121
-0.019648781046271324
-0.016836604103446007
0.025920173153281212
-0.02405819483101368
-0.010531499050557613
-0.021800866350531578
-0.03286459669470787
-0.026342198252677917
0.04369525983929634
0.03357439488172531
-0.023095576092600822
-0.6352132558822632
0.04541018605232239
0.018840502947568893
0.010605511255562305
-0.028027836233377457
-0.042574625462293625
-0.011569599620997906
0.2001660168170929
0.04029611125588417
-0.010706588625907898
0.05406959727406502
0.02137269824743271
0.05489601567387581
0.014729279093444347
0.032355476170778275
0.6072071194648743
-0.02741178683936596
-0.3189610540866852
0.05629485473036766
-0.3045841455459595
-0.03932390362024307
-0.018988819792866707
-0.0024389661848545074
-0.01789376698434353
-0.031773120164871216
0.344523161649704
0.0869787260890007
0.005446495022624731
0.04255196824669838
-0.007396096829324961
-0.009924856945872307
-0.01628822088241577
-0.016689028590917587
-0.0013120496878400445
-0.007197394035756588
0.03733865171670914
-0.033190276473760605
-0.002888002898544073
-0.003885850543156266
-0.03679919242858887
0.0022972957231104374
-0.01959310472011566
0.03727361187338829
0.03360074386000633
0.01285118144005537
0.03392467647790909
0.0074196867644786835
0.004210478160530329
0.010644079186022282
-0.010306923650205135
-0.03344627469778061
0.009787105023860931
-0.008162449114024639
-0.013145769946277142
0.016400521621108055
-0.005519560072571039
-0.013705223798751831
-0.024346765130758286
0.008557548746466637
-0.006104931700974703
0.011593854986131191
0.001422941917553544
0.011798328720033169
-0.04067973047494888
0.06151050329208374
0.040138211101293564
-0.001184868742711842
0.017686277627944946
-0.026694225147366524
-0.013620147481560707
-0.017096903175115585
0.0470200814306736
0.005762927234172821
0.010457669384777546
-0.05027603358030319
0.003683528397232294
0.0062604076229035854
0.03212302550673485
-0.046727582812309265
0.013443522155284882
-0.012128003872931004
0.017553653568029404
-0.03016555868089199
-0.00307811563834548
-0.02301277592778206
0.03989045321941376
-0.026154767721891403
0.008903107605874538
-0.04031975567340851
-0.012714122422039509
0.01545265968888998
-0.007138517685234547
-0.029763944447040558
-0.0279028732329607
0.1325722634792328
0.018630510196089745
-0.23572885990142822
-0.006291879806667566
0.010081348940730095
0.018234364688396454
-0.03996096923947334
-0.004413439426571131
0.030340656638145447
0.37677112221717834
-0.003903720062226057
-0.1541242003440857
-0.01143675297498703
-0.043158795684576035
0.012990363873541355
0.024728024378418922
0.01469350978732109
0.1653888076543808
-0.007583137601613998
-0.23059634864330292
-0.010677425190806389
-0.034677669405937195
0.012062526308000088
0.0018296490889042616
0.011819792911410332
-0.0035034625325351954
0.0020385042298585176
0.2027004063129425
-0.021893752738833427
-0.012957793660461903
-0.040604595094919205
0.027791598811745644
-0.17066508531570435
0.009501042775809765
0.29502320289611816
0.017589997500181198
0.024785490706562996
0.003973093815147877
0.0033306467812508345
0.0006474421825259924
-0.021456608548760414
-0.43166008591651917
0.05043365806341171
0.154475137591362
0.002670660149306059
0.0019869983661919832
0.03360695019364357
0.023906992748379707
0.026450252160429955
-0.12876036763191223
0.0005117792752571404
0.2860929071903229
-0.02112172730267048
0.01699724607169628
0.0011760805500671268
-0.041092097759246826
-0.006660371087491512
0.024960655719041824
-0.030185392126441002
-0.20764674246311188
0.010473167523741722
0.01543350424617529
-0.003975576721131802
0.02460547722876072
0.026210490614175797
-0.049291301518678665
0.07520128041505814
0.032059479504823685
-0.008204133249819279
-0.008058447390794754
0.014095175080001354
0.0003816097159869969
0.0290511604398489
0.0060471706092357635
-0.0002144958998542279
0.04668489098548889
-0.0013651747722178698
0.04176328703761101
0.004428637679666281
0.012194853276014328
0.022137807682156563
-0.01480858400464058
-0.005115820560604334
-0.031933609396219254
-0.007859994657337666
-0.01042138785123825
-0.017323870211839676
0.013212478719651699
-0.024821991100907326
0.004053192213177681
-0.006033750716596842
0.0016440005274489522
0.030423393473029137
0.009658806957304478
-0.04400835558772087
0.0011744180228561163
0.03502755984663963
0.06605358421802521
0.013165798969566822
-0.005437888205051422
0.017386894673109055
0.013598616234958172
0.028859665617346764
0.0062975832261145115
0.007386752869933844
-0.0017261409666389227
0.009267493151128292
0.03505214676260948
0.02485019899904728
-0.02096974104642868
-0.032838646322488785
-0.01850331947207451
0.019608495756983757
0.012075151316821575
-0.01395398285239935
0.010402394458651543
-0.0339767150580883
-0.002693908056244254
0.03837529569864273
0.03782312199473381
-0.0220063254237175
0.016503676772117615
0.0012497116113081574
-0.009536073543131351
0.002983080456033349
-0.02977016195654869
-0.020156782120466232
0.037364427000284195
-0.019882289692759514
0.016827216371893883
-0.03305748850107193
0.020251790061593056
-0.016775846481323242
0.02385411038994789
0.01566188409924507
0.019458044320344925
-0.04509839788079262
0.0013267988106235862
0.026454715058207512
-0.02416575327515602
0.005562254227697849
-0.045701269060373306
0.044750507920980453
-0.0254291370511055
-0.0011369241401553154
-0.01577962562441826
-0.010342562571167946
0.008442781865596771
-0.02883664332330227
-0.026578567922115326
-0.005064090248197317
-0.02407979965209961
0.019116578623652458
0.004040547180920839
0.0054482994601130486
0.03141040354967117
0.017696931958198547
0.0028669191524386406
0.00904320552945137
0.015436993911862373
0.0075197224505245686
-0.0012879719724878669
0.11171045154333115
-0.0005735961603932083
0.04254833981394768
-0.008188016712665558
-0.02676529623568058
0.014845113269984722
-0.002130810171365738
0.02223186567425728
-0.02190295048058033
0.01983247511088848
-0.033671990036964417
0.04542716592550278
-0.0021046462934464216
0.03269360587000847
-0.02550979144871235
0.01726999320089817
-0.010084521025419235
-0.024526478722691536
-0.028261490166187286
-0.003930269740521908
-0.05694851651787758
0.03434154763817787
0.01132915448397398
0.006461975630372763
-0.03015771321952343
0.005082991439849138
0.018827199935913086
-0.02433633804321289
0.019422855228185654
-0.027137579396367073
0.03373999148607254
0.028734222054481506
-0.030556123703718185
0.024265991523861885
0.051441848278045654
-0.006155963055789471
0.01918044500052929
-0.011277633719146252
0.013692833483219147
-0.005234119016677141
-0.014635049737989902
0.0002446649596095085
-0.016649529337882996
-0.02508740872144699
-0.003153339959681034
-0.05148107558488846
-0.01160410512238741
-0.008030450902879238
0.01167929358780384
-0.054843414574861526
0.005492190830409527
0.005459890700876713
0.012845342978835106
-0.029797304421663284
0.009632843546569347
0.052040163427591324
-0.011237927712500095
0.0407598540186882
-0.009495542384684086
0.026441790163517
-0.02368018962442875
0.023705577477812767
0.05294326692819595
-0.015599722042679787
-0.0039354427717626095
0.008780387230217457
0.019903607666492462
-0.05894080549478531
-0.012084036134183407
-0.03210759535431862
0.015914900228381157
-0.026308545842766762
-0.002519673900678754
0.0025506855454295874
-0.020350638777017593
-0.022177180275321007
-0.014185991138219833
0.021273819729685783
0.010439877398312092
0.010247628204524517
-0.011901482939720154
0.023841405287384987
0.0067557175643742085
0.07186572998762131
0.002973243361338973
-0.006216053850948811
-0.02862943522632122
0.03527654707431793
-0.009500429965555668
-0.010610311292111874
0.005489477422088385
0.01631578989326954
0.02815522439777851
-0.03403926640748978
-0.01884755864739418
0.020585840567946434
-0.014847380109131336
-0.00096975511405617
0.011710550636053085
-0.043331846594810486
-0.010186266154050827
-0.01840338297188282
-0.0035115969367325306
-0.010193723253905773
-0.005420828703790903
0.003177063772454858
0.011669361963868141
-0.0009224431705661118
-0.017380433157086372
-0.03748980164527893
0.017517056316137314
-0.00729044433683157
0.014340701512992382
-0.017889460548758507
0.012351566925644875
-0.024410925805568695
0.032787397503852844
0.009944130666553974
0.02445097081363201
-0.018903782591223717
0.008823663927614689
0.017658544704318047
-0.026183607056736946
-0.00039445466245524585
-0.009689169004559517
-0.011410137638449669
0.0010333829559385777
-0.0008678872254677117
0.0955018624663353
-0.00103933981154114
-0.0029876299668103456
0.0022458117455244064
-1.7777048924472183e-05
-0.0008984123705886304
-0.0005182676250115037
-0.0031815466936677694
0.0062295496463775635
-0.007840950042009354
0.008274788036942482
-0.0029953226912766695
0.013535273261368275
0.009034688584506512
-0.00300780963152647
0.16392387449741364
-0.00927008781582117
0.006337490864098072
0.011313938535749912
0.006184638012200594
0.0036077529657632113
0.002204944146797061
0.003018096322193742
0.006056872196495533
0.008852233178913593
0.0010970429284498096
-0.0012209330452606082
0.0031778744887560606
0.0006681010127067566
-0.14748196303844452
-0.000193636238691397
0.0015345551073551178
-0.13052864372730255
0.0013644141145050526
-0.0019731204956769943
0.0018267784034833312
0.0011664412450045347
-0.0005186533671803772
-0.002106056548655033
-0.002466008998453617
0.0020317689049988985
0.004415616858750582
0.000863861117977649
0.006114394403994083
0.006857862696051598
4.4303611502982676e-05
0.0027784223202615976
0.12457667291164398
-0.00240541179664433
0.0017474063206464052
0.09068995714187622
-0.15290437638759613
0.0010262327268719673
0.0013873715652152896
-0.0009300806559622288
0.0021712176967412233
-0.0011157807894051075
0.0036728198174387217
-0.0017057054210454226
0.010396953672170639
