0.21818320453166962
0.36451658606529236
0.44176650047302246
0.45017707347869873
0.26934054493904114
0.09753642231225967
-0.12714828550815582
0.10276418179273605
0.24705982208251953
0.05900118499994278
0.4298018217086792
-0.11946449428796768
0.12482336908578873
0.47219258546829224
0.39657044410705566
0.3441130220890045
0.12429549545049667
0.23100820183753967
0.2287442833185196
-0.005974631290882826
0.0310380719602108
0.22652338445186615
-0.07230597734451294
0.4102103114128113
0.0777440145611763
-0.05878124013543129
0.009197453036904335
-0.36148110032081604
-0.22464926540851593
0.03825722634792328
0.18794813752174377
0.17836976051330566
0.060021061450242996
0.24111303687095642
0.11435437947511673
0.21634113788604736
0.05392175912857056
0.2914215624332428
0.33308926224708557
0.459520161151886
0.0972888320684433
0.13792063295841217
-0.17130424082279205
0.2841273844242096
0.21410199999809265
-0.11287960410118103
0.012069879099726677
-0.43543267250061035
0.034000299870967865
0.2306646704673767
0.2868569493293762
0.5319690704345703
0.12815196812152863
0.09348475933074951
-0.33612966537475586
-0.12889499962329865
-0.19159239530563354
-0.48253321647644043
-0.3690780997276306
0.19231633841991425
-0.302342027425766
-0.0640581026673317
-0.13828395307064056
-0.20304162800312042
-0.06639549881219864
-0.010508883744478226
-0.24321912229061127
-0.03861970081925392
-0.20341619849205017
-0.5360372066497803
-0.33548977971076965
0.12362716346979141
0.057952817529439926
-0.2939804494380951
-0.21445228159427643
-0.11237681657075882
-0.2601044774055481
-0.0623047798871994
0.1332773119211197
-0.01736481487751007
0.10193359851837158
-0.02585374005138874
-0.09175168722867966
0.24087055027484894
0.03788842633366585
-0.20688526332378387
-0.19984647631645203
-0.08574184030294418
-0.23693694174289703
-0.12033507972955704
-0.25436151027679443
-0.11091238260269165
-0.16776143014431
-0.5846042633056641
-0.45594996213912964
0.1378999799489975
-0.3749580681324005
0.00920757558196783
-0.31128188967704773
-0.14713262021541595
-0.20985594391822815
-0.15397676825523376
-0.16769835352897644
-0.16591811180114746
-0.05085041746497154
-0.47154107689857483
-0.5634881854057312
0.15520770847797394
-0.3737444281578064
-0.16219736635684967
-0.2803892493247986
-0.4807417690753937
-0.3189103305339813
-0.14442837238311768
-0.02212805300951004
-0.04799492657184601
-0.232005774974823
-0.08017594367265701
-0.33020666241645813
0.3070226013660431
-0.18217943608760834
-0.15265756845474243
-0.35358521342277527
-0.4055286645889282
-0.16091671586036682
-0.3761826753616333
-0.20092520117759705
-0.05257495120167732
-0.1770573854446411
-0.22473596036434174
0.031184978783130646
-0.5227524638175964
0.09075763821601868
-0.08114868402481079
0.18875263631343842
0.3860543370246887
0.04644439369440079
0.18146924674510956
-0.19509071111679077
-0.22424858808517456
-0.18164458870887756
-0.25526556372642517
-0.2588356137275696
-0.3688645660877228
-0.030519621446728706
-0.29582223296165466
-0.20082250237464905
-0.620482325553894
-0.1624860167503357
-0.03261469677090645
0.04097410663962364
-0.21576547622680664
-0.4414959251880646
0.18145988881587982
-0.08202626556158066
0.35762590169906616
0.020005090162158012
-0.15171407163143158
-0.05677812546491623
-0.6350247859954834
-0.23447063565254211
-0.09094201028347015
-0.34348154067993164
-0.1885027438402176
-0.23785918951034546
-0.5266099572181702
-0.4392949640750885
0.1854577660560608
-0.3175504207611084
-0.039340149611234665
-0.10342269390821457
-0.23896925151348114
-0.09949206560850143
-0.0022119160275906324
-0.2651747167110443
-0.05834323540329933
-0.2064746469259262
-0.5609244108200073
-0.3850959539413452
0.10402663797140121
0.024500582367181778
-0.25727522373199463
-0.18258771300315857
-0.14033088088035583
-0.2882618010044098
-0.030535252764821053
0.10594293475151062
0.015394902788102627
0.10472699999809265
-0.059217795729637146
-0.09505876898765564
0.19727718830108643
-0.009796414524316788
-0.18747223913669586
-0.15154607594013214
-0.11437694728374481
-0.27489402890205383
-0.09079544246196747
-0.2842976748943329
-0.13843216001987457
-0.17191311717033386
-0.5854429006576538
-0.4935196042060852
0.12895901501178741
-0.4078080356121063
0.013762633316218853
-0.22341378033161163
-0.1732294261455536
-0.20838433504104614
-0.125688374042511
-0.1983472853899002
-0.16936255991458893
-0.0727449432015419
-0.4939051866531372
-0.6048712730407715
0.15256164968013763
0.2207174450159073
0.3612806797027588
0.4404766857624054
0.4501567482948303
0.2693623900413513
0.0992344468832016
-0.12603621184825897
0.10208744555711746
0.24745334684848785
0.0582260899245739
0.43004417419433594
-0.12294447422027588
0.12497152388095856
0.4685218632221222
0.3967001140117645
0.344428688287735
0.12369003891944885
0.2329847514629364
0.22850634157657623
-0.004518869332969189
0.032202038913965225
0.22722607851028442
-0.07276512682437897
0.4125877022743225
0.07550046592950821
-0.05699004605412483
0.0068579548969864845
-0.36246228218078613
-0.22246502339839935
0.035590071231126785
0.1884480118751526
0.17934341728687286
0.06107592582702637
0.2423543930053711
0.11624104529619217
0.21975289285182953
0.05369551107287407
0.29195472598075867
0.33189857006073
0.4614214301109314
0.0967448353767395
0.136932373046875
-0.17164449393749237
0.2840939164161682
0.21763725578784943
-0.11403082311153412
0.012496639974415302
-0.4365033805370331
0.033042922616004944
0.22957240045070648
0.28367865085601807
0.5334157943725586
0.12768493592739105
0.09391801059246063
-0.14633120596408844
-0.45132818818092346
-0.47087472677230835
-0.45345771312713623
-0.267644464969635
-0.05014564469456673
0.15031798183918
-0.12164827436208725
-0.2288619726896286
-0.07293780893087387
-0.4224950969219208
0.05691814422607422
-0.11907358467578888
-0.5684198141098022
-0.38606026768684387
-0.3403489589691162
-0.15146882832050323
-0.18092016875743866
-0.23623943328857422
0.051200732588768005
-0.00044770061504095793
-0.1986302137374878
0.058739569038152695
-0.33792343735694885
-0.14073660969734192
0.10230222344398499
-0.07311354577541351
0.3404257893562317
0.28333160281181335
-0.10812616348266602
-0.17479649186134338
-0.15421007573604584
-0.029377944767475128
-0.21011707186698914
-0.06424255669116974
-0.11827964335680008
-0.05959787964820862
-0.2741517126560211
-0.3698936998844147
-0.39543482661247253
-0.11243583261966705
-0.16459877789020538
0.16669189929962158
-0.2878636121749878
-0.115477554500103
0.07219421863555908
-0.008691918104887009
0.41668596863746643
-0.05974966660141945
-0.26012343168258667
-0.3833855092525482
-0.4913148581981659
-0.14293336868286133
-0.07980603724718094
-0.3517720699310303
-0.11739592999219894
-0.1796695739030838
-0.48196128010749817
-0.3684118688106537
0.15067052841186523
-0.27360600233078003
-0.06235095486044884
-0.13649335503578186
-0.20710405707359314
-0.07918450981378555
0.0037093646824359894
-0.23589017987251282
-0.02898743376135826
-0.22026152908802032
-0.5449367165565491
-0.32887911796569824
0.07763223350048065
0.05858143791556358
-0.28137484192848206
-0.2328682839870453
-0.11285661160945892
-0.2533692419528961
-0.11661548167467117
0.15320096909999847
-0.03671137988567352
0.1304062455892563
0.021220531314611435
-0.0833066776394844
0.25320491194725037
0.026294566690921783
-0.21448177099227905
-0.22212228178977966
-0.07597853243350983
-0.2445215880870819
-0.15994437038898468
-0.22787560522556305
-0.12722653150558472
-0.1521708071231842
-0.6042312979698181
-0.44412773847579956
0.12530463933944702
-0.349404513835907
-0.004309078212827444
-0.36369815468788147
-0.11045476794242859
-0.1904500126838684
-0.1369597613811493
-0.14200207591056824
-0.1592388153076172
-0.032988619059324265
-0.4935795068740845
-0.5397054553031921
0.14228655397891998
-0.24076363444328308
-0.34322652220726013
-0.43100231885910034
-0.4525644779205322
-0.27356722950935364
-0.1059919074177742
0.11800050735473633
-0.0964139848947525
-0.24847325682640076
-0.05953967571258545
-0.4270265996456146
0.1351494938135147
-0.1296277791261673
-0.44095221161842346
-0.39796900749206543
-0.34995749592781067
-0.12277182191610336
-0.24350707232952118
-0.22487905621528625
-0.008251297287642956
-0.042407818138599396
-0.23131801187992096
0.07071004062891006
-0.42765578627586365
-0.05709780007600784
0.045072074979543686
0.009053810499608517
0.3617488145828247
0.2035176306962967
-0.01741628907620907
-0.18923278152942657
-0.1868971884250641
-0.06918759644031525
-0.2489037960767746
-0.13216055929660797
-0.24238276481628418
-0.05363687127828598
-0.29644346237182617
-0.3220425248146057
-0.47854071855545044
-0.09840430319309235
-0.12636582553386688
0.16868989169597626
-0.2846308946609497
-0.2401302307844162
0.116398885846138
-0.018266867846250534
0.43477389216423035
-0.028430260717868805
-0.22519069910049438
-0.2619335651397705
-0.5444626808166504
-0.13014036417007446
-0.09449280053377151
-0.32354238629341125
-0.1847137063741684
-0.2352980524301529
-0.5219449996948242
-0.4267241060733795
0.20832613110542297
-0.3427956700325012
-0.039713963866233826
-0.10391230136156082
-0.2365282028913498
-0.08420906960964203
-0.012143940664827824
-0.26225703954696655
-0.06521818786859512
-0.19431397318840027
-0.5508722066879272
-0.3822007179260254
0.135912224650383
0.019083768129348755
-0.27104806900024414
-0.1759597510099411
-0.13830338418483734
-0.2897612154483795
0.0035766572691500187
0.10016433149576187
0.027272498235106468
0.09947289526462555
-0.07660762220621109
-0.09532477706670761
0.21004916727542877
-0.0042131938971579075
-0.1737276166677475
-0.14370518922805786
-0.11231333017349243
-0.2690134644508362
-0.06481600552797318
-0.3008114695549011
-0.1227409616112709
-0.17263825237751007
-0.5767507553100586
-0.4987948536872864
0.14365176856517792
-0.4442950487136841
0.025172889232635498
-0.20562058687210083
-0.18547572195529938
-0.21676404774188995
-0.13242857158184052
-0.21944202482700348
-0.16854824125766754
-0.08048815280199051
-0.48292258381843567
-0.6078842878341675
0.16438673436641693
0.2544885575771332
0.32278764247894287
0.4222114682197571
0.45162704586982727
0.27189773321151733
0.11830447614192963
-0.11075219511985779
0.09196455031633377
0.251677542924881
0.049954742193222046
0.4274630546569824
-0.16123172640800476
0.13120122253894806
0.41792070865631104
0.396920382976532
0.35004374384880066
0.11808506399393082
0.25846484303474426
0.22673022747039795
0.0147403534501791
0.05062868073582649
0.23448783159255981
-0.07640507072210312
0.4431557357311249
0.043615248054265976
-0.032265547662973404
-0.024370543658733368
-0.37170472741127014
-0.18952623009681702
0.0004889242700301111
0.1926683932542801
0.19158169627189636
0.07663438469171524
0.2572818696498871
0.14212758839130402
0.2619790732860565
0.04951364919543266
0.2982746362686157
0.31367355585098267
0.4892551898956299
0.09320399165153503
0.1217551976442337
-0.17081303894519806
0.2847198247909546
0.2633751630783081
-0.12682652473449707
0.021012581884860992
-0.45116424560546875
0.021096209064126015
0.21738341450691223
0.24182996153831482
0.552797257900238
0.12675146758556366
0.10008448362350464
0.35043901205062866
0.21793249249458313
0.2677649259567261
0.5445221066474915
0.48508092761039734
-0.13314054906368256
0.316281795501709
0.0313730463385582
0.0903138667345047
0.254273921251297
0.1339336335659027
0.0013521360233426094
0.2862533628940582
0.07000989466905594
0.21218551695346832
0.5770013928413391
0.4144496023654938
-0.05285649746656418
-0.007080369628965855
0.235941082239151
0.1753539890050888
0.15612438321113586
0.30168697237968445
0.043756093829870224
-0.10068643093109131
-0.02063653990626335
-0.10804025828838348
0.04653608426451683
0.0858801081776619
-0.14763198792934418
0.027213439345359802
0.1670377254486084
0.13489870727062225
0.13011081516742706
0.30006858706474304
0.08867127448320389
0.2749638855457306
0.17038175463676453
0.180973619222641
0.5896984338760376
0.5044310092926025
-0.09636537730693817
0.3706069886684418
-0.00485455896705389
0.18752537667751312
0.19003061950206757
0.1975763738155365
0.10023530572652817
0.2101406455039978
0.17965708673000336
0.08799170702695847
0.5175893306732178
0.6020259261131287
-0.12784035503864288
-0.07899529486894608
-0.5391862392425537
-0.4451378285884857
-0.538311779499054
-0.45015469193458557
0.17810091376304626
-0.0003506858483888209
-0.1348184198141098
-0.05869697779417038
-0.1670934110879898
-0.11790429800748825
-0.2257673591375351
-0.14854510128498077
-0.594846785068512
-0.2534179389476776
-0.5335191488265991
-0.4688766300678253
0.14500106871128082
-0.12610889971256256
-0.0471365861594677
0.03842233493924141
-0.13820955157279968
-0.18659740686416626
0.035944145172834396
-0.27857401967048645
0.08693543076515198
-0.2282259166240692
-0.005609156098216772
0.23906244337558746
-0.2268647998571396
0.025838585570454597
-0.11668757349252701
0.03509996458888054
-0.1752193123102188
-0.06701488792896271
0.19611768424510956
-0.1796976923942566
-0.22908304631710052
-0.45995303988456726
-0.31102168560028076
-0.388534814119339
-0.005208838265389204
-0.007343307137489319
-0.11668664962053299
0.09106840193271637
-0.3431457281112671
-0.12803305685520172
0.09298785030841827
-0.21270687878131866
-0.4559764862060547
-0.6707095503807068
-0.41244208812713623
-0.45630985498428345
0.07271283119916916
-0.08428294211626053
-0.5145378708839417
-0.4364151060581207
-0.5444565415382385
-0.466224730014801
0.19735054671764374
-0.025513771921396255
-0.1379404366016388
-0.05889695882797241
-0.1640036702156067
-0.09293002635240555
-0.22844594717025757
-0.15263518691062927
-0.5454587340354919
-0.23024260997772217
-0.5404365658760071
-0.47454023361206055
0.18117313086986542
-0.1019822508096695
-0.07739010453224182
0.030167575925588608
-0.13452863693237305
-0.2045615017414093
0.058520276099443436
-0.26723742485046387
0.08156916499137878
-0.22338660061359406
-0.02792133018374443
0.21160633862018585
-0.21038968861103058
0.049573078751564026
-0.11234940588474274
0.025276292115449905
-0.16662050783634186
-0.07281104475259781
0.2060774862766266
-0.19571848213672638
-0.2095792144536972
-0.4440864622592926
-0.32016319036483765
-0.41998064517974854
0.022122031077742577
-0.040235769003629684
-0.08043528348207474
0.09241780638694763
-0.3501371443271637
-0.13534247875213623
0.06838306784629822
-0.24106627702713013
-0.4502130150794983
-0.6550093293190002
-0.40360474586486816
-0.49102863669395447
0.08310817182064056
0.24185986816883087
0.16237443685531616
0.23982903361320496
0.4671761393547058
0.326629638671875
-0.3291236460208893
0.32541102170944214
0.10309623926877975
0.15244975686073303
0.15998531877994537
0.0013494198210537434
0.1310158520936966
0.22553399205207825
0.09513239562511444
0.15565909445285797
0.47701531648635864
0.31840044260025024
-0.2775035500526428
-0.07278373837471008
0.33031606674194336
0.12455448508262634
0.07596814632415771
0.27273988723754883
-0.08295069634914398
-0.036308448761701584
-0.01829100400209427
0.03320373594760895
0.11141078174114227
0.06519290804862976
-0.1713498830795288
-0.1375141590833664
0.16054779291152954
0.15931259095668793
0.09051097929477692
0.1897270381450653
-0.06064804643392563
0.31436705589294434
0.045202355831861496
0.2552068531513214
0.49965471029281616
0.4266587197780609
-0.1813364028930664
0.4094180464744568
-0.03681348264217377
0.1544691026210785
0.2810612916946411
0.22155460715293884
0.20194195210933685
0.2526923418045044
0.20937290787696838
0.15477779507637024
0.3841845393180847
0.5749576091766357
-0.18006759881973267
0.10459186136722565
0.42631617188453674
0.40589994192123413
0.5453312993049622
0.4597003757953644
-0.2799137234687805
0.1077609434723854
0.16003651916980743
0.06758405268192291
0.14091821014881134
0.034914977848529816
0.23970678448677063
0.17089396715164185
0.4000372588634491
0.17743685841560364
0.5331916809082031
0.4605434834957123
-0.28571364283561707
0.020076554268598557
0.15792524814605713
-0.0024520098231732845
0.11105343699455261
0.2462800145149231
-0.1311769187450409
0.19585385918617249
-0.0700857862830162
0.21400919556617737
0.07941927760839462
-0.1439870297908783
0.14832687377929688
-0.1270112544298172
0.11033762991428375
0.02272793836891651
0.1346837729215622
0.09765458852052689
-0.22923822700977325
0.24683865904808044
0.14035958051681519
0.39916956424713135
0.3492165803909302
0.47322574257850647
-0.0916387289762497
0.1770172119140625
0.018461672589182854
-0.07799823582172394
0.36853015422821045
0.16184423863887787
0.028703317046165466
0.29393139481544495
0.4178147614002228
0.5685886144638062
0.37643492221832275
0.563096284866333
-0.11070947349071503
-0.21145127713680267
-0.44557586312294006
-0.3754713833332062
-0.5738441944122314
-0.5146439075469971
0.022345101460814476
-0.1012408584356308
-0.11776106059551239
-0.12692944705486298
-0.22457750141620636
-0.24817299842834473
-0.12073974311351776
-0.25167152285575867
-0.3314332365989685
-0.22974646091461182
-0.5720279812812805
-0.47253701090812683
-0.037351347506046295
-0.1435866802930832
-0.17698243260383606
-0.12700659036636353
-0.20025621354579926
-0.22033314406871796
-0.15378817915916443
0.010891638696193695
0.06213385984301567
0.010799293406307697
0.0402512289583683
0.04916539415717125
-0.12244097143411636
-0.06374760717153549
-0.13051719963550568
-0.042888302356004715
-0.18103283643722534
-0.1957986205816269
-0.06475821882486343
-0.15682527422904968
-0.36437132954597473
-0.32073870301246643
-0.4970276355743408
-0.38602665066719055
-0.03392645716667175
-0.0545300655066967
-0.10980645567178726
-0.08669011294841766
-0.2624349296092987
-0.14098070561885834
-0.009024592116475105
-0.19740897417068481
-0.3869614005088806
-0.2896660566329956
-0.5157551765441895
-0.4121668338775635
0.0016378671862185001
0.005898184608668089
0.0010175708448514342
-0.0030138453003019094
-0.002638097619637847
0.00585493678227067
-0.007212074473500252
0.001509997178800404
-0.005317221861332655
-0.003529370529577136
0.005116092041134834
0.004390989895910025
0.0021052241791039705
0.0022170599550008774
-0.002384395804256201
-0.0027819103561341763
-0.0013464648509398103
0.07676740735769272
0.020549390465021133
0.001304063480347395
-0.02215474843978882
0.07581257820129395
-0.1026696041226387
0.02818155102431774
-0.07005183398723602
-0.02831927500665188
0.06375811994075775
0.05695420876145363
-0.2461099624633789
-0.22977100312709808
0.017368867993354797
0.1676931083202362
-0.2046266496181488
0.05844062566757202
0.04195518419146538
0.06298086047172546
-0.015456964261829853
0.056876108050346375
-0.10123325884342194
0.05964446812868118
-0.047062695026397705
-0.02577074058353901
0.03643231466412544
0.05524352192878723
-0.32536470890045166
-0.3100302517414093
0.02621113322675228
0.2368028312921524
-0.22373588383197784
0.03504550829529762
-0.032642170786857605
-0.0010382995242252946
-0.05844179540872574
0.03433746472001076
-0.049593906849622726
-0.02463664300739765
-0.03018316440284252
-0.049505047500133514
0.026614321395754814
0.0680323988199234
-0.00230218144133687
-0.004289344884455204
0.03348782658576965
0.030660422518849373
-0.12270507216453552
-0.060273170471191406
-0.04067569598555565
-0.05818720534443855
0.015806717798113823
-0.05874902755022049
0.10188861936330795
-0.057570021599531174
0.0492197722196579
0.025752302259206772
-0.03887622430920601
-0.05536146089434624
0.31941089034080505
0.3038914203643799
-0.02495410107076168
-0.23124827444553375
0.2228539139032364
0.07864153385162354
0.01246176939457655
-0.013628688640892506
-0.025019876658916473
0.07788283377885818
-0.09936808794736862
0.017591210082173347
-0.07342386990785599
-0.03028581291437149
0.06846436858177185
0.057587847113609314
-0.22423753142356873
-0.20813171565532684
0.018796628341078758
0.15028680860996246
-0.19582971930503845
-0.023272085934877396
0.018979253247380257
0.056747641414403915
0.08330763131380081
-0.023734962567687035
0.008348489180207253
0.0034080634359270334
0.027340926229953766
0.09139671921730042
-0.029843846336007118
-0.10837190598249435
0.03799479827284813
0.04002666100859642
-0.006320128683000803
-0.030695632100105286
0.07554755359888077
0.03389621526002884
-0.03528681397438049
-0.016204923391342163
-0.06700147688388824
0.03360758349299431
-0.03949372470378876
-0.030713669955730438
-0.03173297643661499
-0.057806648313999176
0.028506027534604073
0.07934252917766571
-0.02695227973163128
-0.014026985503733158
0.02854873426258564
-0.01508562732487917
-0.09867046773433685
0.06113080680370331
0.04004679247736931
0.05589960142970085
-0.01598191261291504
0.05962744727730751
-0.10217612236738205
0.05656313896179199
-0.050233807414770126
-0.02575225569307804
0.040031351149082184
0.05542014166712761
-0.3165636360645294
-0.30095675587654114
0.02437685616314411
0.22859643399715424
-0.22241684794425964
0.04257873073220253
-0.04047825559973717
-0.006752414628863335
-0.09760051220655441
0.04179327189922333
-0.06198769807815552
-0.03692152723670006
-0.03735216334462166
-0.09090149402618408
0.030672963708639145
0.10535168647766113
-0.025537898764014244
-0.0216226726770401
0.006464292295277119
0.012250842526555061
-0.14185598492622375
-0.03912509232759476
0.03293423727154732
-0.013140201568603516
0.08759953826665878
-0.03892749920487404
0.044671814888715744
0.02403692714869976
0.03622766584157944
0.08424707502126694
-0.03249813988804817
-0.09804152697324753
0.040499430149793625
0.03237003833055496
-0.004526997916400433
0.006653955206274986
0.10778767615556717
0.28869321942329407
-0.007993390783667564
-0.4729321002960205
-0.01995381899178028
0.2926129102706909
-0.19265145063400269
-0.044752709567546844
-0.3189098834991455
0.011630207300186157
0.34622064232826233
0.061589717864990234
0.18899308145046234
0.20964926481246948
-0.14298970997333527
-0.24721841514110565
-0.08365920186042786
-0.21777887642383575
-0.3648828864097595
0.003033676417544484
-0.5022484660148621
-0.21681855618953705
0.24421708285808563
-0.3234243392944336
0.2061169147491455
-0.5471100807189941
-0.2007758766412735
0.5277630090713501
0.13528448343276978
0.08565889298915863
0.3452882766723633
0.05548333749175072
-0.05846799537539482
0.045862309634685516
-0.016491839662194252
-0.013417411595582962
-0.09517756849527359
0.0458403006196022
-0.03789067268371582
0.00485980836674571
-0.04523913562297821
-0.09578927606344223
0.04350842535495758
0.12724022567272186
-0.004798955284059048
-0.004167455714195967
0.003358964342623949
-0.007446462754160166
-0.15618896484375
0.020239021629095078
0.03789016231894493
-0.010049480013549328
-0.020651185885071754
0.020513346418738365
-0.0030893718358129263
0.04052145406603813
-0.02165563590824604
-0.015342564322054386
0.020897135138511658
0.060245905071496964
0.0547800175845623
0.04248727858066559
-0.07465430349111557
-0.04040779173374176
-0.013302024453878403
-0.02923760376870632
0.01910429820418358
0.01621134579181671
0.08298254758119583
-0.027980562299489975
0.06970316171646118
0.005682684481143951
0.017331669107079506
0.09082664549350739
-0.010956314392387867
-0.09871336817741394
0.0253591351211071
0.016834670677781105
-0.023121807724237442
-0.022291691973805428
0.0539897158741951
-0.039875440299510956
0.024828048422932625
0.03456545248627663
0.09837622195482254
-0.03968287259340286
0.03434015065431595
0.016427408903837204
0.040196239948272705
0.08700500428676605
-0.03674539551138878
-0.1300843209028244
0.019196026027202606
0.01022395584732294
0.009313478134572506
0.009778470732271671
0.11666619032621384
0.0016178010264411569
0.0011348695261403918
0.00038385807420127094
-0.0011609946377575397
0.0017576053505763412
0.0011291170958429575
-0.0002068258763756603
0.0011744194198399782
-0.001039961469359696
0.0004718997224699706
0.004439712967723608
0.012322768568992615
-0.0006135235307738185
-0.002196602988988161
0.001367747550830245
0.0010587968863546848
0.08165353536605835
0.12879548966884613
0.009164032526314259
-0.12518136203289032
0.06923075020313263
-0.008259204216301441
0.008823994547128677
0.12345482409000397
0.013853336684405804
-0.01025776844471693
0.2846309542655945
0.2785458266735077
0.013123635202646255
-0.0012470787623897195
-0.0064732348546385765
-0.011609387584030628
0.0022716368548572063
0.08482291549444199
-0.020407147705554962
-0.13219530880451202
0.17182867228984833
0.025338061153888702
0.046484027057886124
0.010609794408082962
0.10664186626672745
-0.2610587775707245
0.030914507806301117
-0.07659179717302322
-0.16331829130649567
0.013820216059684753
-0.07390467077493668
0.0063768490217626095
0.06137662008404732
-0.024511339142918587
-0.06555698066949844
-0.0327300988137722
-0.04132150486111641
0.09958348423242569
0.06775974482297897
0.045344043523073196
-0.09636231511831284
-0.004853122867643833
0.005914588924497366
-0.10449914634227753
-0.047542352229356766
0.022745244204998016
0.009392867796123028
0.03270253166556358
0.05218874663114548
-0.07095018774271011
0.085738405585289
-0.024812228977680206
0.025608757510781288
-0.0007248529000207782
0.018733065575361252
-0.08308812230825424
-0.01081402413547039
0.017946964129805565
0.01639649271965027
0.07234832644462585
0.12110724300146103
0.15449213981628418
-0.08837957680225372
0.036678001284599304
0.014235411770641804
-0.12369810789823532
-0.008833182044327259
-0.06332793086767197
-0.0619904026389122
0.11037468910217285
0.0659482330083847
-0.11168016493320465
0.013672665692865849
-0.08496285229921341
-0.16241951286792755
-0.15563492476940155
0.02584109455347061
-0.06845839321613312
0.06562625616788864
0.0984133780002594
0.05926079303026199
-0.07482720911502838
0.1307273656129837
-0.022943951189517975
-0.023511040955781937
0.04510840028524399
0.12461720407009125
0.18765400350093842
0.07442235201597214
0.12686851620674133
-0.021799830719828606
-0.08364975452423096
0.0037373111117631197
0.14659449458122253
-0.02386617287993431
-0.15792199969291687
-0.1570388376712799
0.1105349138379097
-0.13058637082576752
0.22522035241127014
0.0985061302781105
0.14527767896652222
0.03993211314082146
-0.003992791287600994
-0.0006252204766497016
-0.11731555312871933
0.022687364369630814
-0.026718968525528908
-0.033074699342250824
0.11967739462852478
-0.06322142481803894
-0.37563177943229675
-0.14989832043647766
0.0448107086122036
0.1385914385318756
-0.08151587843894958
-0.05928546562790871
-0.05227705463767052
0.030206220224499702
0.1161956638097763
0.006304604467004538
0.007868287153542042
0.026820046827197075
0.042477086186409
-0.15620513260364532
0.022894229739904404
0.005951260216534138
0.04932762682437897
-0.048402708023786545
-0.005107160657644272
-0.035002127289772034
-0.045506417751312256
0.11066126823425293
0.04214199632406235
0.0898590087890625
0.1712951362133026
-0.03906417265534401
0.12200882285833359
-0.020634356886148453
0.03855422884225845
-0.11554690450429916
-0.04776583984494209
0.09284774959087372
0.11052818596363068
-0.007219649385660887
0.022242659702897072
0.03388461843132973
0.044780027121305466
0.08845126628875732
0.013711117208003998
-0.11394623667001724
-0.08706217259168625
0.08147957175970078
-0.004029402509331703
-0.13942116498947144
-0.0501026026904583
-0.028407583013176918
-0.040438901633024216
0.07703080773353577
-0.00975718256086111
-0.13234540820121765
-0.030875807628035545
-0.06400987505912781
0.20096074044704437
0.04252593591809273
-0.032424308359622955
0.01452932134270668
0.07157134264707565
-0.08578906208276749
0.1473134160041809
-0.04196930304169655
-0.11971462517976761
0.1048903688788414
-0.16100314259529114
-0.06554173678159714
0.014997565187513828
0.1474270522594452
-0.01701507531106472
0.10190737992525101
-0.047029417008161545
0.05274643003940582
-0.07951057702302933
0.13300079107284546
0.018893234431743622
0.09362058341503143
0.16093342006206512
0.08404643088579178
0.006253019440919161
0.0010884071234613657
0.16488131880760193
0.022765958681702614
-0.0804414302110672
-0.08513478934764862
-0.13263602554798126
0.057629574090242386
0.05062133073806763
-0.017205800861120224
0.037054214626550674
-0.07754987478256226
-0.041066400706768036
0.052880506962537766
-0.0009567830129526556
0.06306997686624527
-0.011461256071925163
-0.09477390348911285
-0.0886746272444725
-0.14783403277397156
0.015047848224639893
0.059063248336315155
-0.12103857845067978
0.24344667792320251
0.04216817021369934
0.0383717305958271
-0.09811153262853622
0.048254646360874176
-0.0674310252070427
-0.08390678465366364
0.005486231297254562
-0.0046014185063540936
-0.07676810771226883
0.029145408421754837
-0.10906306654214859
-0.231218159198761
-0.036848101764917374
0.005147878080606461
0.04401526227593422
-0.149286150932312
-0.10760463029146194
0.1696525514125824
0.02050241269171238
0.05496726557612419
-0.054040566086769104
0.005179106257855892
0.021662982180714607
0.1575949341058731
0.020198041573166847
0.019685322418808937
0.011939503252506256
-0.01696871407330036
-0.27700239419937134
-0.36716073751449585
-0.10879573225975037
-0.06570066511631012
-0.32985997200012207
-0.2624084949493408
-0.3051444888114929
-0.34616273641586304
-0.09865090250968933
-0.11105018854141235
-0.3191852569580078
-0.26206737756729126
-0.08299147337675095
-0.10495585203170776
-0.017778385430574417
-0.028075745329260826
-0.12128673493862152
-0.047190286219120026
-0.1021682396531105
-0.14486783742904663
-0.0018896680558100343
0.04464009776711464
-0.15409617125988007
-0.07485972344875336
-0.2929342985153198
-0.3268187940120697
-0.11440743505954742
-0.10166482627391815
-0.30553847551345825
-0.26418787240982056
-0.31377947330474854
-0.37682288885116577
-0.06005951017141342
-0.08167795836925507
-0.33962345123291016
-0.3207976818084717
0.0029018085915595293
0.051078714430332184
0.1356709748506546
0.12841276824474335
-0.08241448551416397
0.03378874436020851
-0.0449298694729805
-0.0567338652908802
-0.13164497911930084
0.07884839177131653
0.0367383137345314
0.13266965746879578
0.16013352572917938
0.025929035618901253
0.1431192308664322
0.09536077082157135
-0.12118567526340485
0.004134814254939556
0.07052582502365112
-0.06302020698785782
0.0544762946665287
-0.022762121632695198
-0.05834006890654564
0.04463479295372963
0.004657527897506952
0.02594664879143238
0.03407394513487816
-0.11787731200456619
0.039776235818862915
-0.012121657840907574
0.10827207565307617
0.020883385092020035
-0.015018587931990623
0.037847138941287994
-0.17028199136257172
0.07442702353000641
-0.029369374737143517
-0.02182079292833805
0.27700698375701904
0.3671489357948303
0.10875730216503143
0.06565071642398834
0.32985565066337585
0.26242101192474365
0.3051258325576782
0.3461347818374634
0.09859561920166016
0.11101309210062027
0.31917837262153625
0.2620691955089569
0.08297766000032425
0.10495292395353317
0.01772151328623295
0.02802642434835434
0.12128669768571854
0.047187503427267075
0.10215355455875397
0.144842728972435
0.001850806293077767
-0.04467471316456795
0.1540810465812683
0.07485450804233551
0.29291415214538574
0.3267768621444702
0.11435651779174805
0.10160639137029648
0.3055306673049927
0.2641567885875702
0.3137730062007904
0.37681323289871216
0.06005266681313515
0.08167152106761932
0.3395995497703552
0.320789098739624
-0.0028896008152514696
-0.020489109680056572
-0.06883864104747772
0.05967790633440018
-0.03311678022146225
0.09180962294340134
-0.08237646520137787
-0.09951954334974289
0.06393998116254807
-0.13811784982681274
0.05557673051953316
0.05464443191885948
-0.05345863848924637
0.04061811789870262
0.131060391664505
0.07908690720796585
0.02027570828795433
0.01256784237921238
0.07701420038938522
-0.17828485369682312
0.0018187453970313072
0.1798982173204422
0.011148693040013313
-0.04072966426610947
-0.10976584255695343
0.14627404510974884
0.2208891063928604
0.10661784559488297
-0.06843067705631256
0.0186210498213768
0.012989677488803864
-0.08186625689268112
-0.06649433076381683
-0.029308421537280083
0.19302301108837128
0.046546537429094315
-0.05002051964402199
-0.037741221487522125
0.08816974610090256
-0.10834302753210068
0.0006559891626238823
0.026109136641025543
0.004155552014708519
-0.0072282347828149796
0.07773265987634659
0.11337720602750778
-0.2058238387107849
-0.014072113670408726
0.010757959447801113
-0.029701560735702515
-0.05222130939364433
0.1019638255238533
-0.13648326694965363
0.11101299524307251
0.006861161440610886
-0.033210091292858124
-0.026281610131263733
-0.01092921569943428
-0.015218586660921574
-0.03868698328733444
-0.012022260576486588
-0.08052951097488403
0.04466347396373749
0.037009794265031815
-0.0817788690328598
0.024177968502044678
0.07127124816179276
-0.03743727132678032
-0.031890545040369034
-0.047607291489839554
-0.003379623405635357
0.028818655759096146
0.019291458651423454
0.1264498382806778
0.024990646168589592
-0.02044261060655117
0.15180255472660065
0.15938317775726318
0.022801177576184273
-0.03743264824151993
-0.08710084855556488
0.020890675485134125
-0.06938469409942627
0.04395302012562752
0.0925583690404892
0.21966515481472015
0.019124526530504227
0.035683780908584595
0.1692141741514206
-0.05496109277009964
-0.09027548134326935
0.10433381795883179
0.006837483029812574
-0.04661187902092934
0.02031428925693035
-0.2517201602458954
-0.189338818192482
-0.0168101005256176
-0.006488976534456015
0.057557180523872375
-0.04114485904574394
-0.168528214097023
-0.13428057730197906
0.10830505937337875
0.12015866488218307
0.016262134537100792
0.01785321533679962
0.0057195033878088
-0.058888960629701614
0.11110877990722656
-0.07649102807044983
0.036804065108299255
-0.05726127699017525
-0.02394002676010132
0.01932981051504612
0.09543221443891525
0.1601838767528534
-0.01762610487639904
-0.028572289273142815
0.08689939975738525
-0.2539859414100647
-0.08082327991724014
-0.021174326539039612
0.06241150572896004
-0.07735145092010498
0.08563282340765
-0.07956509292125702
-0.006021216977387667
-0.04121444374322891
0.10219761729240417
0.010190853849053383
0.08650058507919312
0.35748210549354553
0.095648393034935
-0.06562895327806473
-0.06891927123069763
0.1936379224061966
0.055986661463975906
-0.04273712635040283
0.003721302142366767
-0.08252909779548645
0.03898385539650917
-0.00916681345552206
-0.032941948622465134
-0.18592511117458344
0.007315368391573429
-0.07033798843622208
0.0705840140581131
0.03821469098329544
-0.054731305688619614
-0.0302741676568985
-0.14978443086147308
0.006866819225251675
-0.018280504271388054
-0.007725743111222982
-0.10452485084533691
-0.04765063524246216
0.1340785175561905
-0.021425819024443626
-0.1622367650270462
-0.03628365695476532
0.04875607788562775
-0.18220040202140808
0.02929273247718811
0.011808314360678196
-0.07376507669687271
0.012775178998708725
0.04948130622506142
0.03086746111512184
0.11604916304349899
0.21223126351833344
-0.09802006930112839
0.05722145363688469
-0.07574667781591415
-0.09775092452764511
0.0675244852900505
-0.01674667000770569
-0.11158860474824905
0.0015384763246402144
0.037497568875551224
0.04443209245800972
-0.12183499336242676
-0.0516599677503109
-0.0604935847222805
-0.09461705386638641
0.011626353487372398
-0.10844816267490387
-0.0763455256819725
0.04050791636109352
-0.17835140228271484
0.015431215055286884
-0.1620180308818817
-0.041788652539253235
-0.10648961365222931
0.11294963210821152
0.05520229414105415
0.1522374153137207
0.07634317874908447
-0.0006335878279060125
0.05831189826130867
0.006340936757624149
-0.014046508818864822
-0.07196435332298279
0.09551925957202911
0.06976591050624847
0.08440545946359634
-0.1314152032136917
0.07404918968677521
-0.021508216857910156
0.15839728713035583
0.0711943581700325
0.007624026387929916
0.051902614533901215
0.009417116641998291
-0.08183981478214264
0.04533141851425171
0.013049314729869366
-0.022587280720472336
0.06558358669281006
-0.1382407248020172
0.009832151234149933
0.02531588263809681
0.010477009229362011
-0.011558158323168755
0.0662720575928688
0.18459071218967438
0.11199063062667847
0.04901934415102005
-0.05850929766893387
-0.04580698534846306
0.08323147892951965
-0.2097456306219101
-0.05827145278453827
-0.0446995384991169
-0.027940763160586357
-0.07218582928180695
0.04544413462281227
-0.03346621245145798
0.08336036652326584
0.009240657091140747
0.0037345504388213158
-0.06335253268480301
-0.04211150109767914
0.059821609407663345
-0.03969226032495499
0.09326405823230743
-0.0709608867764473
0.06181225925683975
0.0651688501238823
-0.22935603559017181
-0.15049651265144348
-0.0552080012857914
0.04124607890844345
0.008033666759729385
0.005744753405451775
-0.05765717104077339
-0.008714010939002037
-0.009915303438901901
-0.013810561038553715
-0.05147132650017738
0.27700695395469666
0.3671492338180542
0.10873918235301971
0.06562633067369461
0.32984867691993713
0.26243147253990173
0.3051142692565918
0.3461231291294098
0.0985708013176918
0.11099619418382645
0.3191737234592438
0.26207074522972107
0.08297184854745865
0.10495135933160782
0.01769513636827469
0.028004281222820282
0.121286541223526
0.04718634858727455
0.10214672982692719
0.14482936263084412
0.0018332918407395482
-0.04469037801027298
0.15407143533229828
0.0748511254787445
0.2929074168205261
0.3267592489719391
0.11433322727680206
0.10157965868711472
0.30552446842193604
0.264139860868454
0.3137683570384979
0.376812607049942
0.060049157589673996
0.08166542649269104
0.3395909368991852
0.32078737020492554
-0.0028840680606663227
0.0839453861117363
-0.07053638249635696
-0.00017459246737416834
0.04379231110215187
0.017458872869610786
0.06151391938328743
0.0709325298666954
0.037167858332395554
-0.16500037908554077
-0.07406726479530334
-0.055263008922338486
-0.061081528663635254
-0.06175640597939491
0.028159301728010178
-0.17438355088233948
0.13621369004249573
-0.08139004558324814
-0.010644839145243168
0.025287268683314323
0.013393586501479149
-0.09370937198400497
-0.014465300366282463
0.06372061371803284
0.005217115394771099
0.033984437584877014
0.009134409949183464
-0.12919513881206512
0.0023334056604653597
0.01659076288342476
0.026084769517183304
0.009633608162403107
0.07871455699205399
0.08151903003454208
-0.03336753696203232
-0.017612693831324577
0.14919550716876984
-0.003926395438611507
-0.044998228549957275
-0.10886664688587189
0.08534092456102371
0.05335870757699013
0.05793232098221779
-0.0479886494576931
0.002660737605765462
0.0807325690984726
-0.21248190104961395
0.03193195164203644
-0.005714122671633959
0.02352469228208065
-0.09494459629058838
-0.0001900339702842757
-0.05371221899986267
0.16042982041835785
-0.16021598875522614
0.006086858920753002
0.02324436418712139
0.043383434414863586
-0.13891129195690155
0.014864549972116947
0.08473135530948639
0.07912059128284454
0.11825939267873764
0.1464361548423767
-0.17349137365818024
-0.04832744598388672
0.0008792497683316469
0.03016609139740467
-0.022855699062347412
0.10132639855146408
0.055001042783260345
-0.07964920997619629
0.08671878278255463
0.047833073884248734
0.060303181409835815
0.04371557757258415
0.01856803707778454
-0.10242106020450592
0.06710121035575867
-0.12285778671503067
-0.04179343953728676
0.12051817029714584
-0.07238315045833588
0.1291521042585373
0.06740780174732208
0.166220024228096
-0.003498945152387023
-0.005530481226742268
-0.026001961901783943
-0.10682103037834167
-0.11261972784996033
0.12461285293102264
-0.018275365233421326
0.06136467307806015
-0.03319208323955536
-0.10036985576152802
-0.14753200113773346
-0.06968051940202713
-0.08683247119188309
-0.030952949076890945
-0.07702719420194626
0.08570314943790436
0.007033246569335461
0.1792941838502884
0.02166089415550232
0.015139651484787464
0.03573853150010109
0.01022303942590952
0.09844791144132614
-0.01467663049697876
0.07235261052846909
0.016835587099194527
-0.2770373225212097
-0.3670646846294403
-0.10836117714643478
-0.06512629240751266
-0.3297983407974243
-0.26258400082588196
-0.30492648482322693
-0.3458181619644165
-0.0980130061507225
-0.11063048243522644
-0.3190523386001587
-0.26206472516059875
-0.08283698558807373
-0.1049271821975708
-0.01714041270315647
-0.027530889958143234
-0.12128299474716187
-0.04715779423713684
-0.10201024264097214
-0.1445804089307785
-0.0014607240445911884
0.04503030702471733
-0.15391725301742554
-0.07479538023471832
-0.29270675778388977
-0.32638752460479736
-0.1138397604227066
-0.1009935811161995
-0.30542662739753723
-0.26383885741233826
-0.3136918842792511
-0.3767243027687073
-0.059983644634485245
-0.08157426863908768
-0.33932042121887207
-0.3207536041736603
0.0027654313016682863
0.05349457636475563
0.02844851464033127
-0.19581162929534912
0.019393131136894226
-0.11703292280435562
0.05796678364276886
0.0781058594584465
0.002697510877624154
0.22318591177463531
-0.02411111444234848
0.04048413410782814
-0.0005523448926396668
0.06432842463254929
-0.11330559104681015
-0.03492313250899315
-0.10915590822696686
0.14286766946315765
-0.05927388370037079
0.06869842112064362
0.007035085931420326
0.0835709199309349
-0.029935387894511223
-0.06610170006752014
-0.027547812089323997
-0.0868912786245346
-0.12026422470808029
0.1964070200920105
0.11235705018043518
0.10212729126214981
-0.03306443616747856
0.019721120595932007
-0.021074092015624046
-0.022470546886324883
0.14554105699062347
-0.04518655687570572
0.0020547760650515556
-0.004266816191375256
0.27703142166137695
0.3670758605003357
0.10841299593448639
0.06519591808319092
0.3298037648200989
0.2625640332698822
0.3049497902393341
0.3458592891693115
0.09808997064828873
0.11068087816238403
0.31907039880752563
0.2620660364627838
0.08285753428936005
0.1049308329820633
0.017217356711626053
0.02759629674255848
0.12128276377916336
0.04716213792562485
0.10202965140342712
0.1446142941713333
0.0015127536607906222
-0.04498305171728134
0.15393899381160736
0.07480169832706451
0.29273098707199097
0.32643693685531616
0.11390811949968338
0.10107580572366714
0.30543744564056396
0.26387566328048706
0.31369730830192566
0.3767322301864624
0.05999372899532318
0.08158822357654572
0.3393576443195343
0.3207618296146393
-0.0027817690279334784
0.27699992060661316
0.3671656847000122
0.10882122814655304
0.06573603302240372
0.3298647999763489
0.2623918652534485
0.30515655875205994
0.34618639945983887
0.09868968278169632
0.11107604950666428
0.31919291615486145
0.26206424832344055
0.08300149440765381
0.1049574762582779
0.01781727746129036
0.028109272941946983
0.12128672003746033
0.04719284921884537
0.10217652469873428
0.14488479495048523
0.0019153595203533769
-0.044616445899009705
0.15410736203193665
0.07486423850059509
0.29295024275779724
0.3268430233001709
0.11444342881441116
0.10170571506023407
0.30554547905921936
0.264210045337677
0.3137897551059723
0.3768286108970642
0.06006494536995888
0.08168528228998184
0.33963918685913086
0.3208000361919403
-0.002909985138103366
-0.09336594492197037
-0.04024689272046089
-0.041673120111227036
-0.08476592600345612
0.1322808563709259
-0.03767956420779228
-0.008295387029647827
0.08640547841787338
-0.05843685567378998
0.046675316989421844
-0.033820897340774536
0.11057307571172714
-0.07299679517745972
-0.022432904690504074
0.10484083741903305
0.05629603564739227
-0.0173783041536808
0.03723334148526192
0.04050575941801071
0.0739886686205864
0.23305197060108185
0.06933093070983887
-0.1625145822763443
-0.03585728257894516
0.21713776886463165
0.03240932524204254
-0.0024934429675340652
0.040896691381931305
-0.1310948133468628
0.02625289186835289
0.014044301584362984
-0.03504188358783722
-0.08923223614692688
-0.03984369337558746
-0.07211101800203323
0.11382189393043518
0.023874593898653984
-0.07256336510181427
-0.0038379565812647343
0.2198357731103897
0.033884547650814056
0.06517040729522705
-0.14923280477523804
0.016143718734383583
0.03528173640370369
-0.12841355800628662
0.05415256321430206
0.16152441501617432
0.08771256357431412
-0.047141678631305695
0.21826551854610443
0.021194349974393845
-0.07242362946271896
0.03792068734765053
-0.0004672324866987765
-0.09955000877380371
0.07867953181266785
-0.045808978378772736
-0.17464026808738708
0.012862361036241055
-0.05834518000483513
0.10865771770477295
0.15437725186347961
-0.15997233986854553
-0.04319668188691139
0.08990293741226196
0.1067567691206932
-0.11833073943853378
-0.07530170679092407
-0.06107579544186592
0.03174843266606331
0.15829947590827942
-0.03635898232460022
0.026278428733348846
-0.0820780023932457
-0.034686535596847534
0.14575251936912537
-0.0954500138759613
0.0300566665828228
-0.13894468545913696
-0.0892217606306076
-0.08997476100921631
-0.02942422777414322
0.04773738235235214
0.09741447865962982
0.011768120341002941
0.005372136365622282
0.08230138570070267
-0.015598878264427185
0.030457383021712303
-0.08390747010707855
0.08479850739240646
-0.03030015528202057
0.03648052364587784
-0.14212961494922638
-0.003409674856811762
0.08218901604413986
0.10019101947546005
0.042313944548368454
0.05511361360549927
-0.11980722844600677
-0.058656513690948486
-0.07727289199829102
0.06196223944425583
0.039331771433353424
0.0010879141045734286
0.056716177612543106
-0.14142611622810364
0.0317661315202713
-0.023473020642995834
0.021812282502651215
0.1061854287981987
0.06596078723669052
-0.16416876018047333
-0.03370320051908493
-0.053774550557136536
0.12835632264614105
0.05893959850072861
0.01710340566933155
0.11737941205501556
-0.042254090309143066
-0.05750240758061409
0.061527736485004425
0.03385641425848007
-0.08700483292341232
0.008893933147192001
-0.0792858898639679
0.05817542225122452
0.018663106486201286
0.07690723240375519
0.03488285094499588
0.16819435358047485
0.058381807059049606
-0.024934997782111168
-0.040822673588991165
-0.08493387699127197
-0.1074596494436264
0.12233655154705048
-0.012905494309961796
0.02494138665497303
-0.009783456102013588
0.09020073711872101
0.02798553742468357
0.006315568927675486
0.00420301454141736
-0.1041298657655716
0.07575983554124832
-0.04202030599117279
-0.016233790665864944
-0.1406569480895996
0.11118057370185852
0.10118191689252853
0.05236874893307686
-0.029595298692584038
0.12173935770988464
0.11389776319265366
-0.1566510647535324
0.02457919903099537
0.03669288009405136
0.0010264506563544273
-0.08449750393629074
0.14360123872756958
-0.0952756404876709
0.03637709468603134
0.060677338391542435
-0.12096928060054779
-0.016095193102955818
-0.04853999614715576
-0.0620187446475029
-0.11082226783037186
-0.019713133573532104
-0.10826023668050766
0.10105027258396149
0.09120458364486694
-0.05376046523451805
0.005005307961255312
0.12213245779275894
0.0018332191975787282
-0.029305599629878998
-0.05551927536725998
-0.028195656836032867
0.1638556718826294
0.06380560994148254
0.10069960355758667
0.03839224576950073
0.03772403299808502
0.0667194053530693
-0.12100671976804733
-0.00781511515378952
-0.09525591880083084
-0.030057866126298904
0.07975833863019943
-0.11935926228761673
0.2583567500114441
0.07743312418460846
0.07582858949899673
0.023496201261878014
0.045077916234731674
-0.0026800883933901787
0.0430898517370224
-0.16585898399353027
0.16308677196502686
-0.02681083232164383
0.01579206995666027
-0.03576840087771416
-0.03825080022215843
-0.1017673909664154
-0.12399653345346451
-0.0793689638376236
-0.07301956415176392
-0.1286129355430603
0.14169830083847046
0.0166332945227623
0.13499651849269867
0.025219624862074852
0.04151003807783127
-0.03336593881249428
0.0006710589514113963
0.06687331199645996
-0.01601794734597206
-0.031706031411886215
-0.024760646745562553
0.27700555324554443
0.3671484589576721
0.10875310748815536
0.06564555317163467
0.3298533856868744
0.2624225616455078
0.30512118339538574
0.34613171219825745
0.09858988970518112
0.11100836098194122
0.31917670369148254
0.26207050681114197
0.0829758420586586
0.10495322197675705
0.01771511696279049
0.028021255508065224
0.12128645926713943
0.047187041491270065
0.10215272009372711
0.14483948051929474
0.001847251784056425
-0.04467897489666939
0.15408006310462952
0.07485327124595642
0.29291337728500366
0.32677188515663147
0.11435077339410782
0.10160036385059357
0.30552610754966736
0.2641521692276001
0.3137738108634949
0.37681564688682556
0.06005274876952171
0.08166909962892532
0.3395966589450836
0.32079046964645386
-0.0028882648330181837
-0.040523309260606766
0.04144369438290596
0.25871726870536804
0.018010741099715233
0.07729468494653702
-0.11808042228221893
-0.0070367250591516495
-0.03414023667573929
-0.02312743104994297
-0.026221463456749916
0.16945742070674896
0.11843989044427872
-0.027768291532993317
0.18812403082847595
-0.05798865109682083
0.04632876440882683
0.020122867077589035
0.07164502888917923
-0.005784574430435896
0.021881436929106712
-0.08391721546649933
-0.1650400608778
0.04473669454455376
0.007074416149407625
0.15436320006847382
0.10921327769756317
-0.16435791552066803
-0.08608940988779068
0.009040003642439842
0.08018221706151962
0.0003156911989208311
0.014336997643113136
0.04743073508143425
-0.09174325317144394
0.11247632652521133
0.016575535759329796
0.024927863851189613
-0.006722933147102594
0.013904270716011524
-0.0034426224883645773
-0.009403846226632595
-0.015322834253311157
-0.0171537883579731
-0.007487931288778782
-0.00016193276678677648
0.007493840996176004
0.029725003987550735
-0.016553116962313652
4.58554204669781e-05
0.008596143685281277
-0.020843982696533203
0.006828822661191225
-0.0283854641020298
0.007496260572224855
-0.030236167833209038
0.01647474616765976
0.008110109716653824
-0.007543222978711128
0.009452435187995434
0.007537459023296833
0.007484236732125282
0.0013613031478598714
0.03929198160767555
0.0050601959228515625
-0.027357375249266624
-0.0005145900067873299
0.00962483137845993
0.007494308985769749
-0.006226489320397377
0.004196788650006056
0.0005514194490388036
-0.008416106924414635
0.0012649401323869824
0.0037033059634268284
-0.00026658017304725945
-0.25444623827934265
-0.005679360590875149
0.25402066111564636
0.006721126846969128
-0.010315385647118092
-0.0011903241975232959
-0.0012176554882898927
0.012058521620929241
0.0016057038446888328
-0.0021687813568860292
0.2538229823112488
-0.01429752167314291
-0.012754803523421288
-0.004260122776031494
-0.24969156086444855
0.00952418614178896
0.25025415420532227
0.25473618507385254
0.00793000590056181
-0.007678947411477566
-0.005684758070856333
0.011011861264705658
-0.006320761051028967
0.008654218167066574
0.25397518277168274
-0.0100942337885499
-0.055208850651979446
0.04453468695282936
0.02065122500061989
-0.012271074578166008
-0.060431528836488724
0.04980584233999252
-0.009289447218179703
-0.061634086072444916
0.009305008687078953
0.022927146404981613
-0.030302856117486954
0.0048652044497430325
-0.0660175234079361
-0.0032002879306674004
-0.038796622306108475
-0.018028708174824715
0.009316735900938511
-0.014560766518115997
-0.03346813842654228
0.042403195053339005
-0.009480509907007217
0.06561075150966644
0.009454955346882343
0.009275713004171848
-0.0008217815193347633
-0.028501760214567184
-0.10507825016975403
-0.011225978843867779
-0.0073285698890686035
0.052706070244312286
0.009308160282671452
-0.013770765624940395
0.014555452391505241
0.05563226342201233
0.019248081371188164
-0.03589450567960739
-0.06590336561203003
0.02697773650288582
-0.00879992637783289
-0.016713403165340424
0.008844267576932907
-0.04873557761311531
0.008346810936927795
-0.0005947022582404315
-0.07854995131492615
0.02838243544101715
-0.03560353070497513
-0.03307673707604408
0.008865419775247574
0.005787063855677843
0.008470038883388042
0.032803330570459366
-0.009283294901251793
0.09612315893173218
0.009229240007698536
0.008771172724664211
-0.0449482798576355
0.009656043723225594
-0.08338166028261185
0.0330195352435112
0.016246497631072998
0.0390731543302536
0.008849553763866425
-0.02361016720533371
0.06924740970134735
-0.09090069681406021
0.0485561229288578
0.024365192279219627
0.053679391741752625
-0.1014496386051178
0.03054344281554222
0.016577748581767082
-0.030503911897540092
-0.007431435398757458
-0.028597576543688774
0.007819154299795628
0.052526287734508514
0.024059616029262543
0.01125414576381445
0.028087174519896507
-0.030485646799206734
-0.013471781276166439
0.0628177598118782
-0.04618440568447113
0.030079474672675133
-0.018847469240427017
-0.03014414571225643
-0.03056955523788929
0.028501644730567932
0.06485262513160706
0.04326242581009865
-0.0166697409003973
-0.00299009564332664
-0.059142351150512695
-0.030502475798130035
0.00652397470548749
0.004194838460534811
0.000555014587007463
-0.008413363248109818
0.001264963997527957
0.0037018649745732546
-0.0002670218236744404
-0.25444841384887695
-0.005680411122739315
0.25402262806892395
0.006722216494381428
-0.010313514620065689
-0.001191988936625421
-0.0012158706085756421
0.012058385647833347
0.0016085264505818486
-0.0021730149164795876
0.2538244426250458
-0.014295225031673908
-0.012755196541547775
-0.004264194518327713
-0.24969185888767242
0.009527279064059258
0.2502569556236267
0.2547381818294525
0.007928780280053616
-0.0076784174889326096
-0.005683266557753086
0.011012837290763855
-0.0063196830451488495
0.008651587180793285
0.2539766728878021
-0.010096058249473572
-0.005140727385878563
0.025169573724269867
0.02681124024093151
0.0110861174762249
0.025354670360684395
0.056246139109134674
-0.028038838878273964
0.02701563388109207
0.02801508642733097
-0.019903937354683876
0.024973995983600616
0.009872639551758766
-0.027232855558395386
0.00765353674069047
-0.028499778360128403
0.04362362623214722
0.0280026663094759
-0.013532462529838085
0.021825477480888367
0.02608625404536724
-0.0278016347438097
-0.00928985420614481
0.027826430276036263
0.028050068765878677
-0.0030012091156095266
0.011921029537916183
-0.008685906417667866
-0.029735861346125603
0.06309787929058075
-0.016885969787836075
0.028012802824378014
-0.01540046464651823
-0.004778552334755659
0.01625433750450611
0.017280861735343933
0.05221473425626755
-0.050701506435871124
-0.025594627484679222
0.020061882212758064
-0.016086770221590996
-0.02005542628467083
0.011015658266842365
-0.08108527213335037
-0.0025754361413419247
-0.019139084964990616
0.0544404536485672
-0.015316994860768318
-0.0472521148622036
-0.020052853971719742
-0.0016650707693770528
-0.009847956709563732
0.03331169858574867
0.019957048818469048
0.019081702455878258
-0.019971799105405807
-0.0200680922716856
0.05413898825645447
0.01460344810038805
0.004144505597651005
0.027566002681851387
-0.027660837396979332
0.020646119490265846
-0.020052704960107803
-0.03116334229707718
-0.0041966219432652
-0.0005516968667507172
0.008415648713707924
-0.0012653062585741282
-0.003703137394040823
0.0002670339890755713
0.25444653630256653
0.005679046735167503
-0.2540205121040344
-0.006721163168549538
0.010315426625311375
0.0011903588892892003
0.0012173033319413662
-0.012058720923960209
-0.0016059433110058308
0.002169364131987095
-0.2538236379623413
0.01429709978401661
0.0127544105052948
0.004259889479726553
0.24969148635864258
-0.009524555876851082
-0.2502535879611969
-0.2547371983528137
-0.007929916493594646
0.00767866475507617
0.005684856325387955
-0.01101177092641592
0.00632064463570714
-0.008653528988361359
-0.2539750933647156
0.01009425614029169
-0.004193097818642855
-0.0005541354767046869
0.008412597700953484
-0.0012648783158510923
-0.003701365552842617
0.00026707848883233964
0.2544485330581665
0.005679567344486713
-0.25402259826660156
-0.006722121965140104
0.010313955135643482
0.0011918715899810195
0.0012151905102655292
-0.01205920148640871
-0.0016102403169497848
0.002173612592741847
-0.25382402539253235
0.014295479282736778
0.012755448929965496
0.004264475777745247
0.24969173967838287
-0.009526636451482773
-0.25025591254234314
-0.2547394335269928
-0.007930071093142033
0.007677278947085142
0.0056825317442417145
-0.011012040078639984
0.00631894962862134
-0.008651504293084145
-0.25397762656211853
0.01009491179138422
0.027626484632492065
-0.025794610381126404
0.0371793694794178
0.03666068613529205
-0.046266403049230576
-0.00973778311163187
-0.0158079843968153
-0.05644400417804718
0.0158590879291296
-0.02454073168337345
-0.010309798642992973
-0.03203779458999634
-0.03135673329234123
-0.023817487061023712
-0.03899623453617096
-0.02245749905705452
0.015883037820458412
-0.03819482401013374
-0.005913414526730776
0.06324940919876099
-0.016363678500056267
0.06728518754243851
0.016294000670313835
0.015773678198456764
-0.008012107573449612
0.0355597585439682
-0.04023867845535278
-0.03741169720888138
0.048347558826208115
0.03589489310979843
0.015864189714193344
-0.01679963245987892
-0.013087769038975239
0.057704005390405655
0.008391013368964195
0.016086777672171593
-0.056524135172367096
-0.002972598187625408
0.004195492714643478
-0.06265971064567566
-0.004207082092761993
0.0325293131172657
-0.04685269668698311
0.07704949378967285
-0.03558741509914398
0.02756820246577263
-0.046498894691467285
-0.06373420357704163
-0.004205282777547836
-0.009852783754467964
-0.046766918152570724
0.042044349014759064
0.00428022351115942
0.056583113968372345
-0.004269506316632032
-0.00419025169685483
-0.01136831846088171
-0.01218842901289463
-0.03918568044900894
0.027704888954758644
-0.006113498006016016
0.03743283823132515
-0.004205928649753332
-0.061357881873846054
0.004196090158075094
0.000552331330254674
-0.008414870128035545
0.0012652458390221
0.0037021993193775415
-0.0002671491529326886
-0.2544480264186859
-0.005678952671587467
0.25402122735977173
0.006721721030771732
-0.010315471328794956
-0.0011903555132448673
-0.0012166145024821162
0.012058240361511707
0.0016065931413322687
-0.002170997904613614
0.2538224160671234
-0.014297065325081348
-0.012754855677485466
-0.004261287860572338
-0.24969150125980377
0.009525415487587452
0.2502548098564148
0.2547375559806824
0.007929450832307339
-0.0076782009564340115
-0.005684339441359043
0.011011652648448944
-0.006320130079984665
0.008652727119624615
0.25397592782974243
-0.010094750672578812
0.027553977444767952
-0.06841713190078735
0.008069264702498913
0.03476838022470474
0.05621535703539848
-0.08318076282739639
0.02678147330880165
0.03451000154018402
-0.02681494876742363
-0.009215238504111767
-0.009187664836645126
0.0632164478302002
0.06382504105567932
0.04825834184885025
-0.0026059516239911318
-0.021545376628637314
-0.026830285787582397
-0.03446892276406288
0.03767891600728035
-0.05021258071064949
0.027138477191329002
-0.013102800585329533
-0.027095312252640724
-0.026754440739750862
0.03907465934753418
0.05540052056312561
0.015102884732186794
-0.03196140378713608
-0.026021575555205345
-0.05836484208703041
-0.026816846802830696
0.018299639225006104
0.003469497198238969
-0.09340754896402359
-0.001686227973550558
-0.02877223491668701
0.0025178140494972467
-0.0688137337565422
0.03079528547823429
0.01952577754855156
-0.030806733295321465
0.020252231508493423
0.0195141714066267
-0.04042612388730049
0.06058109179139137
0.003881820710375905
0.04681725054979324
-0.011173288337886333
-0.030806293711066246
0.0029360693879425526
0.019442733377218246
0.025086751207709312
0.03090110421180725
-0.025483468547463417
-0.030887853354215622
-0.03078710474073887
0.046634647995233536
-0.052204832434654236
0.00749231968075037
-0.00526316137984395
0.0018411625642329454
-0.01645284704864025
-0.030806995928287506
-0.00022766613983549178
0.0009622392244637012
0.02884136699140072
0.01845448464155197
-2.061781742668245e-06
-0.023542599752545357
0.03617030009627342
-0.028770828619599342
-0.011827213689684868
0.028800440952181816
-0.03142280876636505
-0.0019542279187589884
0.008106749504804611
-0.04815983027219772
-0.03019515983760357
-0.02752247452735901
0.034493472427129745
0.028815245255827904
-0.033112891018390656
-0.005387469660490751
-0.005544490646570921
-0.02909933403134346
0.018463091924786568
0.029057541862130165
0.02875352092087269
-0.010495745576918125
2.628838956297841e-05
-0.007522515021264553
0.0016991487937048078
0.07121003419160843
-0.009654365479946136
0.028802499175071716
0.007515105418860912
0.030122308060526848
-0.02749699540436268
0.011462317779660225
-0.0026460459921509027
0.02079673297703266
-0.017696289345622063
0.028838185593485832
0.028485655784606934
-0.028828343376517296
0.06686507165431976
-0.001595381647348404
-0.060803286731243134
0.05462383106350899
0.056811440736055374
0.015631776303052902
-0.05009334161877632
-0.02882174588739872
0.07389073818922043
-0.014642964117228985
0.00041695634718053043
0.028715651482343674
0.00861893966794014
-0.02872989885509014
-0.02884581685066223
0.02199021354317665
0.03313981741666794
0.03370415419340134
0.01102547999471426
-0.06371475011110306
-0.016469789668917656
-0.028827568516135216
-0.00787582341581583
0.0035160635598003864
-0.003479940351098776
0.005019145552068949
0.0004216216620989144
0.003517669392749667
0.009178117848932743
-0.008568706922233105
-0.003516178345307708
-0.003517844947054982
-0.0020341696217656136
-0.0036113555543124676
0.003516612807288766
-0.0032209884375333786
0.001464512781240046
0.005144357215613127
0.0003904284967575222
0.16529132425785065
0.005343949887901545
0.0056317090056836605
-0.00892430730164051
0.16529756784439087
0.00679186312481761
-0.003991533536463976
-0.16529186069965363
-0.16529923677444458
0.005048652179539204
0.003052101470530033
0.16529437899589539
-0.007696020416915417
-0.005119639448821545
0.006661589257419109
-0.005288873333483934
-0.016937851905822754
