-0.06129532307386398
-0.10181711614131927
0.06579311937093735
-0.0970696285367012
0.10971169918775558
-0.0831855833530426
0.010318027809262276
0.1252792477607727
-0.07235833257436752
0.021890679374337196
0.06315212696790695
0.10385042428970337
0.046033166348934174
-0.031415194272994995
-0.07225245982408524
-0.08031006157398224
-0.05414533615112305
0.05472007021307945
0.04991772770881653
0.04358227550983429
0.053620025515556335
-0.11935462057590485
0.08450476825237274
0.021085551008582115
0.09745365381240845
0.014331212267279625
-0.13650532066822052
-0.12338291853666306
-0.09177523106336594
0.11816629767417908
0.01750839129090309
0.04674722999334335
-0.01863117702305317
-0.11213710904121399
0.048566438257694244
0.09933541715145111
-0.015643242746591568
0.06618253141641617
-0.08707637339830399
0.04951620101928711
-0.11634892970323563
-0.09040888398885727
-0.10077379643917084
0.06838647276163101
0.07973099499940872
-0.09409244358539581
-0.12586387991905212
-0.0647689700126648
0.01070668175816536
0.08587851375341415
-0.07252738624811172
-0.04809766635298729
0.11546341329813004
0.10655520111322403
-0.09912494570016861
0.06703145802021027
0.06180378422141075
0.13238073885440826
-0.054103802889585495
0.0649368017911911
0.04273039475083351
-0.01807423122227192
-0.06564050167798996
-0.0964675322175026
0.12827682495117188
-0.045858658850193024
0.044289760291576385
0.1235707551240921
-0.021665586158633232
0.02642262727022171
0.06600791960954666
0.1326836198568344
-0.07973572611808777
0.1258191615343094
0.051050927489995956
0.07374407351016998
0.05388148874044418
0.06364575773477554
-0.13466273248195648
-0.07280601561069489
-0.07667176425457001
0.12555049359798431
0.012145553715527058
-0.015600987710058689
-0.09473862498998642
0.1128850132226944
0.08670025318861008
-0.008453748188912868
0.07443177700042725
0.09930013120174408
-0.06388002634048462
-0.021394366398453712
0.048379089683294296
0.05206703767180443
-0.12822768092155457
-0.06526166200637817
0.07802187651395798
-0.09025085717439651
0.0707893967628479
0.013694975525140762
0.10993070155382156
0.06154145300388336
0.08137252181768417
0.06959177553653717
0.04633789509534836
-0.11821147799491882
-0.06290078163146973
0.020240921527147293
-0.07589274644851685
-0.1273880898952484
0.10482470691204071
-0.037116069346666336
-0.019051307812333107
-0.03245344012975693
-0.07793977111577988
0.01089017279446125
-0.08580270409584045
0.09249330312013626
0.12952493131160736
-0.06958099454641342
-0.01458842121064663
-0.02797459065914154
-0.06715753674507141
0.10844821482896805
-0.07911889255046844
-0.0787895917892456
0.10263793170452118
-0.11482591927051544
-0.09586060047149658
0.12007103115320206
-0.05558560788631439
-0.08711718022823334
-0.11287474632263184
-0.07621747255325317
-0.11928371340036392
0.08769896626472473
0.07749009132385254
0.0034897150471806526
-0.13106855750083923
-0.13177883625030518
-0.13256804645061493
-0.07967117428779602
0.08494266867637634
0.12015407532453537
-0.04414050281047821
0.01169649139046669
-0.017353929579257965
-0.12006641924381256
-0.03723867982625961
-0.008461219258606434
-0.022815899923443794
0.016061652451753616
0.04304889217019081
0.011481215246021748
-0.07822927832603455
0.13458587229251862
0.018407225608825684
0.029007887467741966
0.0016979645006358624
0.071859210729599
-0.01876772940158844
-0.08360863476991653
0.005640900693833828
0.01731758750975132
-0.04785218462347984
0.12604521214962006
-0.03889282047748566
0.005639703944325447
0.04938473924994469
-0.1029038280248642
0.045738641172647476
0.0654492974281311
-0.0035741999745368958
-0.07542204111814499
0.022801311686635017
0.12277530878782272
0.05857387185096741
0.10642910748720169
-0.011095091700553894
-0.032625023275613785
-0.002409283770248294
0.030071020126342773
0.025266354903578758
0.09655962884426117
-0.023118330165743828
0.06791117042303085
0.033026762306690216
0.13401052355766296
0.09604202210903168
-0.11575480550527573
0.13017097115516663
-0.11311127990484238
0.050700925290584564
-0.02863990142941475
0.11522428691387177
0.08380476385354996
-0.09770501405000687
0.02561163157224655
-0.01287818979471922
-0.014995738863945007
-0.03453020378947258
0.12233536690473557
0.04773467779159546
0.0680222362279892
-0.042733900249004364
-0.0025572367012500763
0.09848859161138535
-0.07172940671443939
-0.12804508209228516
-0.1128116175532341
0.06712382286787033
0.05316798761487007
0.040498584508895874
-0.11711946129798889
0.012753603048622608
0.03319915011525154
-0.09281350672245026
-0.042855460196733475
-0.015554829500615597
-0.10800372064113617
-0.034967612475156784
0.040407948195934296
0.02658345177769661
0.11770110577344894
0.05899583920836449
0.03023366816341877
-0.026811469346284866
-0.09333360940217972
-0.05806279554963112
7.38235394237563e-05
-0.10924417525529861
-0.13127587735652924
-0.11019343137741089
0.041344836354255676
0.07210033386945724
-0.044597696512937546
-0.06116492301225662
0.08074817806482315
0.036844853311777115
0.04493143782019615
-0.07639940083026886
0.08968169242143631
-0.10180147737264633
-0.12893620133399963
0.028434772044420242
0.05318830534815788
0.06829851120710373
0.09741758555173874
0.03670573607087135
0.02640426531434059
-0.08771952986717224
0.0851173996925354
0.005768426228314638
0.1285891830921173
0.11674918234348297
-0.1341141164302826
-0.06195555627346039
-0.09783570468425751
-0.1036873608827591
0.038137711584568024
0.11009792983531952
-0.04123913496732712
-0.11462195962667465
0.050069671124219894
0.06405524909496307
0.008089691400527954
0.053239814937114716
-0.1267281025648117
0.0016375762643292546
0.025872958824038506
0.0859881117939949
0.007359910290688276
-0.0350462831556797
-0.04678547754883766
-0.05055982246994972
0.026326628401875496
-0.04046068340539932
-0.042973097413778305
-0.11155407875776291
-0.008609918877482414
0.124452143907547
0.10722846537828445
-0.07432621717453003
0.024124130606651306
-0.07086142152547836
-0.04031090438365936
0.05354543402791023
0.12230599671602249
-0.03224743902683258
0.06019478663802147
-0.047051191329956055
0.04249177500605583
0.11089058220386505
-0.02407044917345047
-0.06918707489967346
0.002786452416330576
0.0805199146270752
0.05475109443068504
0.04322865232825279
0.0190601609647274
0.06077712029218674
-0.12369883060455322
0.10005798935890198
-0.02148444950580597
-0.0625954419374466
0.11479122191667557
0.09492229670286179
-0.01440007146447897
0.04920339584350586
-0.07243683934211731
0.11283435672521591
0.12757736444473267
-0.1224229708313942
-0.08515540510416031
0.0915922001004219
0.04406098648905754
-0.12715114653110504
0.11296571046113968
-0.07664721459150314
-0.13182024657726288
-0.09123825281858444
-0.02737385407090187
-0.09079194813966751
-0.12715885043144226
-0.015984458848834038
-0.13541600108146667
-0.034581176936626434
0.0906006395816803
-0.004547544755041599
0.08719637989997864
-0.011365610174834728
-0.0549858957529068
-0.11672165989875793
0.06514596939086914
-0.07209405303001404
-0.019608205184340477
0.04106593132019043
-0.0922200009226799
-0.025749240070581436
0.11398106813430786
0.0870826467871666
0.0815163105726242
-0.005282834637910128
0.0005372405867092311
0.08275377750396729
-0.04514807462692261
-0.0620211698114872
0.11940260231494904
-0.05753082036972046
0.12918521463871002
-0.05396202206611633
0.04017885401844978
0.10891029238700867
0.06592107564210892
-0.0032421036157757044
0.1282123625278473
0.07974198460578918
0.012912783771753311
0.10313170403242111
0.11159977316856384
0.04209551587700844
0.06509662419557571
0.12359937280416489
0.12099798023700714
0.01981470175087452
-0.04400865361094475
0.05729755014181137
-0.1217668354511261
-0.09545572102069855
-0.08422017097473145
-0.136067196726799
-0.0648050457239151
0.0834595188498497
-0.09264464676380157
0.0339948832988739
0.013550606556236744
-0.0030082121957093477
-0.11621398478746414
0.0625372901558876
-0.06947891414165497
0.03183571994304657
-0.0025792368687689304
-0.051636941730976105
0.12215174734592438
-0.09152135998010635
0.10007455945014954
0.09695868194103241
0.031209614127874374
-0.013152062892913818
-0.02958378754556179
0.04373911768198013
0.11336410045623779
-0.08802641183137894
0.04338698461651802
-0.08283530175685883
0.046441320329904556
0.13250766694545746
-0.05583033338189125
0.02856261283159256
-0.06667964160442352
-0.03531121835112572
0.008476764895021915
0.04847895726561546
-0.05508128181099892
-0.0434928759932518
-0.0038878347259014845
0.08126513659954071
-0.0025845766067504883
0.08335481584072113
-0.06340313702821732
-0.050706636160612106
-0.004072616342455149
0.07747244089841843
0.02424030378460884
-0.003647993551567197
-0.008715732954442501
-0.027234066277742386
0.06188787519931793
-0.020232969895005226
-0.06447283178567886
-0.023814011365175247
-0.10982842743396759
0.02861095406115055
0.11999013274908066
-0.06458168476819992
0.05874430388212204
0.08671686798334122
0.10462858527898788
-0.032240547239780426
0.10494448989629745
-0.06664685159921646
0.09016238898038864
-0.026166453957557678
0.13291189074516296
-0.05614776909351349
0.13006356358528137
-0.1285671591758728
-0.027510782703757286
0.054385386407375336
0.04274546355009079
0.003997323103249073
0.11163554340600967
0.04685427248477936
-0.052114926278591156
-0.10841656476259232
-0.13039378821849823
0.051277272403240204
0.09114084392786026
0.10724466294050217
0.05066794902086258
0.07081154733896255
0.017194461077451706
-0.08296214044094086
-0.09509821981191635
-0.05775361880660057
-0.06183592230081558
-0.1038612350821495
0.10439971089363098
-0.08205348998308182
-0.12823276221752167
-0.009645051322877407
0.07606570422649384
-0.08966778963804245
-0.002740180818364024
0.1308550238609314
0.10665419697761536
-0.006534315645694733
0.06479527056217194
-0.11840149015188217
0.02183537743985653
0.002822709735482931
-0.00670472951605916
0.12519127130508423
-0.09040834754705429
0.10409076511859894
0.04956527054309845
-0.13217608630657196
0.03303243964910507
0.02431783638894558
0.12859879434108734
-0.01779051311314106
0.05190045014023781
0.021834833547472954
-0.12267477810382843
0.13011614978313446
-0.13227365911006927
0.06926444172859192
0.006991647183895111
0.11646952480077744
-0.05160268396139145
0.10318318754434586
0.10839767754077911
0.07951894402503967
0.12366267293691635
-0.016901027411222458
-0.11208861321210861
-0.023183409124612808
0.07941322773694992
0.12186609953641891
0.13521133363246918
0.11014717072248459
-0.0165293850004673
0.11595965176820755
-0.04814346134662628
0.09968550503253937
0.03943014517426491
-0.11846154183149338
0.03821070119738579
0.09843268990516663
-0.026957444846630096
0.0886407345533371
-0.031359460204839706
0.1339038610458374
-0.019845392554998398
0.003104237839579582
-0.04743892699480057
-0.06030258908867836
-0.06946655362844467
-0.05504860728979111
-0.06443419307470322
-0.12067095935344696
-0.11403732001781464
-0.12895503640174866
0.11594788730144501
0.13512873649597168
0.03604875132441521
-0.09776188433170319
0.07010474056005478
-0.006871104706078768
-0.08122066408395767
0.06442440301179886
-0.09682108461856842
0.030865482985973358
-0.0608866810798645
0.11183542758226395
-0.10496262460947037
0.0003766180307138711
0.026040606200695038
-0.10069682449102402
0.044625695794820786
0.1296892613172531
-0.03031478263437748
0.13119328022003174
-0.07823078334331512
0.03865465521812439
0.0862664058804512
0.03331221267580986
0.03278612717986107
0.12025457620620728
0.010636811144649982
-0.029128899797797203
0.08031618595123291
-0.07210958749055862
-0.04973461478948593
0.02497817948460579
0.01776602305471897
-0.11659052968025208
-0.03614335507154465
0.024941561743617058
-0.11446258425712585
0.06758636236190796
-0.02574044093489647
-0.05871018022298813
-0.06355548650026321
0.019838277250528336
0.078229159116745
0.011738038621842861
-0.03652508556842804
-0.03182949498295784
-0.039483677595853806
-0.1136515736579895
0.014101525768637657
-0.08169446885585785
0.10630585998296738
0.008394807577133179
-0.012287580408155918
-0.0899086445569992
0.10431820899248123
-0.11547224223613739
0.07361633330583572
0.12669746577739716
-0.07309640944004059
-0.12694154679775238
-0.09262983500957489
-0.04928556829690933
0.030200522392988205
-0.03670961409807205
-0.12923868000507355
-0.07443845272064209
0.04743955284357071
0.04610731080174446
0.05932004749774933
-0.054335784167051315
-0.10142455250024796
-0.08134143799543381
0.11058585345745087
0.011310744099318981
0.09438656270503998
0.12917286157608032
0.10170427709817886
0.006858088541775942
-0.039107829332351685
-0.12277616560459137
0.10062805563211441
-0.12477114796638489
0.0012174943694844842
-0.08377180248498917
-0.02134896256029606
-0.03531445935368538
-0.03206782415509224
0.05461861193180084
-0.021205859258770943
-0.024471387267112732
-0.01964973844587803
0.10029524564743042
-0.0380801260471344
-0.07301078736782074
0.008152774535119534
0.06553614139556885
-0.058190979063510895
-0.025795219466090202
-0.03997010365128517
0.004325809422880411
-0.016581512987613678
-0.10959577560424805
-0.06606557965278625
-0.06272465735673904
0.052388060837984085
0.07059823721647263
-0.03549318015575409
0.11727794259786606
-0.0197458378970623
0.0005603331374004483
0.10906440019607544
-0.05678192898631096
0.060666486620903015
0.0028778845444321632
-0.01954074203968048
0.1042213886976242
0.06729252636432648
0.07707253098487854
0.11268920451402664
-0.002112280810251832
-0.036130182445049286
0.0543474517762661
0.08571551740169525
0.07917224615812302
0.13409820199012756
0.007016320712864399
0.040254443883895874
-0.12166675925254822
-0.07183057814836502
0.10106239467859268
-0.07644446939229965
-0.10445945709943771
0.022900909185409546
-0.10451402515172958
0.10412675887346268
0.11582004278898239
0.07498259097337723
-0.05002545937895775
-0.11217061430215836
0.0009161176858469844
0.07723163813352585
0.049512967467308044
0.0926598608493805
-0.10673321038484573
-0.10532666742801666
-0.009862544015049934
0.021653376519680023
-0.017779044806957245
0.10167548060417175
0.06066666543483734
0.11803259700536728
-0.05688728764653206
0.07296738028526306
-0.09582284092903137
-0.11952841281890869
-0.0011960295960307121
0.010912414640188217
0.11902733147144318
-0.0428047776222229
0.06333829462528229
0.08494361490011215
-0.030722014605998993
0.036886997520923615
-0.12837998569011688
-0.0857527107000351
0.041771162301301956
-0.06415850669145584
0.03340175002813339
0.022975891828536987
0.05389496311545372
0.022989051416516304
0.10443651676177979
-0.1073029413819313
0.0019942333456128836
0.007400334347039461
-0.020770637318491936
0.015434123575687408
-0.05847249552607536
0.07522141933441162
0.03864504396915436
0.059524599462747574
0.10176929831504822
-0.12891584634780884
0.1350233107805252
-2.9030798032181337e-05
0.040645141154527664
0.006123462226241827
0.09037599712610245
0.03700598329305649
0.05507709085941315
0.12385045737028122
-0.1140763983130455
0.008953159675002098
0.10044435411691666
0.12733684480190277
0.09847334027290344
0.015617632307112217
0.026658624410629272
0.049892324954271317
-0.05762173980474472
-0.02225586399435997
-0.05604556202888489
0.1163754016160965
0.10258103907108307
-0.062201887369155884
0.10663030296564102
0.12237919121980667
-0.09859266877174377
-0.1233735978603363
0.0701989084482193
-0.08531313389539719
0.0829278752207756
0.0833868533372879
-0.0686550959944725
-0.0030895955860614777
-0.008568482473492622
0.005054601468145847
-0.08556707203388214
-0.015567060559988022
-0.10300401598215103
-0.027642110362648964
0.04088520258665085
0.027299124747514725
0.06021583080291748
0.06694816797971725
0.043706413358449936
-0.11046842485666275
0.04930581524968147
0.04695066809654236
0.07879648357629776
-0.09012120962142944
-0.058602478355169296
-0.017396356910467148
-0.00667547807097435
0.09714394062757492
-0.007998289540410042
0.11788290739059448
0.056692030280828476
0.0168936587870121
0.13022422790527344
0.010505333542823792
-0.10559652745723724
0.11802290380001068
-0.061669863760471344
-0.04881303384900093
-0.10346692055463791
-0.09380950778722763
-0.06628841161727905
0.12693150341510773
-0.008735996671020985
0.10355500876903534
0.004300357308238745
-0.10751476138830185
-0.036379363387823105
0.12864172458648682
-0.0693679228425026
-0.027483738958835602
0.044980715960264206
-0.04441194608807564
0.08481583744287491
0.09621398150920868
0.01699533313512802
0.06626903265714645
0.10114914178848267
0.11517798155546188
0.06337870657444
-0.09358290582895279
-0.10403481125831604
0.09591786563396454
0.11954004317522049
0.12562717497348785
-0.09560198336839676
-0.09574729949235916
-0.03811432048678398
0.014169178903102875
0.12446792423725128
0.0777912586927414
0.07583338767290115
0.08502811938524246
-0.05404067039489746
-0.10271959006786346
-0.0012015050742775202
0.06300940364599228
0.07052119821310043
0.05128824710845947
0.13393524289131165
-0.09299522638320923
-0.025757966563105583
0.13204126060009003
0.03242243453860283
-0.10906920582056046
0.11287117004394531
0.08124189078807831
-0.0238479133695364
0.0795961245894432
-0.06778398901224136
-0.09557856619358063
-0.01369026955217123
-0.12071028351783752
-0.07519128918647766
-0.12558743357658386
0.12282140552997589
0.08006905019283295
-0.07453082501888275
-0.10233174264431
-0.018902838230133057
-0.08316810429096222
-0.026489170268177986
0.0423993282020092
0.1293797641992569
-0.06392189115285873
-0.010086135007441044
-0.053938426077365875
7.099515642039478e-05
-0.09404254704713821
-0.11576294153928757
0.021391788497567177
0.11550203710794449
0.038925256580114365
0.021846629679203033
0.1006145179271698
-0.04692402482032776
0.09706568717956543
-0.03435102105140686
-0.05779290944337845
-0.014571042731404305
-0.09703488647937775
0.09772571176290512
-0.11400023847818375
0.07119964808225632
0.08132864534854889
-0.10018498450517654
0.08110443502664566
0.04683752357959747
0.001348633784800768
-0.1304132640361786
-0.0014392738230526447
0.07029519230127335
0.026425138115882874
0.019410964101552963
0.020665999501943588
0.08906424045562744
0.08489345014095306
-0.08379524946212769
-0.1187116950750351
-0.09201564639806747
0.0990634486079216
0.04549482464790344
-0.017403604462742805
0.03658539056777954
0.01870655082166195
-0.09920040518045425
-0.08729483932256699
-0.09445969015359879
0.09750845283269882
-0.11846955865621567
-0.06569542735815048
-0.18980629742145538
-0.24562779068946838
-0.25201156735420227
-0.08123674988746643
0.18065111339092255
-0.13443917036056519
0.21405939757823944
-0.11852684617042542
0.10081610828638077
-0.21012672781944275
0.12313022464513779
0.09026897698640823
-0.2219257950782776
-0.1086304634809494
0.07901910692453384
0.1844826340675354
0.21351152658462524
-0.20929688215255737
-0.08041004836559296
-0.034694697707891464
-0.1698465347290039
-0.14272430539131165
-0.22383399307727814
0.014085113070905209
-0.08680659532546997
0.22196798026561737
0.18009594082832336
0.22702740132808685
-0.035854607820510864
0.05460458993911743
-0.17473439872264862
0.14277076721191406
-0.1442134976387024
0.10384685546159744
0.16798509657382965
-0.0275243129581213
-0.12005352973937988
0.12498678267002106
-0.08276312053203583
0.07748395949602127
0.13618674874305725
0.18863628804683685
-0.03789106383919716
-0.12766750156879425
-0.12660256028175354
-0.017387917265295982
0.15016716718673706
-0.13030964136123657
-0.23234273493289948
-0.014873013831675053
-0.00927773118019104
0.23825475573539734
0.09419741481542587
-0.19453760981559753
-0.21683061122894287
0.0514223575592041
0.10969874262809753
-0.013594291172921658
-0.13052800297737122
-0.13029083609580994
-0.09070310741662979
0.00953147653490305
-0.22401994466781616
-0.16617238521575928
0.18176913261413574
0.07926388829946518
0.18386203050613403
0.15877008438110352
0.19756440818309784
0.23448950052261353
0.09569630771875381
-0.01078101061284542
-0.026296399533748627
0.1980786770582199
-0.21292036771774292
-0.014345516450703144
0.10080228000879288
0.08626572042703629
0.11971263587474823
0.047999344766139984
-0.17300920188426971
0.23535634577274323
-0.026627929881215096
-0.09155729413032532
-0.14108309149742126
-0.12852220237255096
-0.15249143540859222
-0.22869083285331726
0.23682266473770142
-0.011112576350569725
0.17791856825351715
-0.03684944659471512
0.01058106031268835
-0.23680514097213745
0.20920096337795258
0.23472358286380768
-0.1702602654695511
-0.029848698526620865
-0.06052522361278534
-0.14611949026584625
0.08492063730955124
-0.08781606703996658
-0.2268337607383728
0.11860662698745728
-0.08435330539941788
0.17555126547813416
0.05895118787884712
0.12238050252199173
0.22965022921562195
-0.20574648678302765
0.1835235208272934
0.018940921872854233
-0.206920325756073
-0.18044018745422363
0.0020593591034412384
-0.22582657635211945
0.19552777707576752
-0.19755326211452484
-0.047926757484674454
-0.12993723154067993
-0.16992242634296417
0.1900061070919037
0.08550160378217697
0.2008316069841385
0.12129686027765274
-0.010284450836479664
-0.16068531572818756
0.19706259667873383
0.17654496431350708
0.21161697804927826
-0.06700535863637924
-0.17778386175632477
-0.06313321739435196
-0.16384810209274292
-0.20639009773731232
0.09844166040420532
0.19317345321178436
0.11490773409605026
-0.09679348021745682
0.17451652884483337
-0.11744670569896698
0.06576608866453171
0.22030076384544373
-0.02101229876279831
-0.043950509279966354
0.07969693839550018
-0.11776674538850784
-0.03389838710427284
-0.07404077053070068
0.1521592140197754
-0.15809009969234467
-0.09245634078979492
0.06252267956733704
-0.18091580271720886
0.16923950612545013
-0.0381561815738678
0.06730280816555023
-0.059170059859752655
-0.11069782823324203
-0.07370016723871231
-0.21403609216213226
-0.08830428868532181
-0.028586864471435547
-0.17982114851474762
-0.004000872373580933
-0.11597958952188492
-0.1535010039806366
0.017351020127534866
0.142788365483284
-0.15349435806274414
-0.05165189504623413
-0.1167936623096466
0.007215497083961964
0.19930334389209747
-0.21071065962314606
-0.1430218517780304
-0.2091922014951706
0.1468818634748459
0.06711114943027496
-0.0718267560005188
-0.13925793766975403
0.13040322065353394
-0.006884605158120394
-0.2380726933479309
0.21718256175518036
0.13935495913028717
-0.16066597402095795
-0.11165188252925873
-0.1395101547241211
-0.0697861909866333
0.2381790727376938
0.17969021201133728
0.18967488408088684
-0.19304335117340088
-0.15365643799304962
-0.2042490839958191
-0.04064790531992912
-0.011674147099256516
-0.19084398448467255
0.0026223051827400923
-0.15455371141433716
0.021437091752886772
-0.21755796670913696
-0.1439332216978073
0.10642296820878983
0.10584666579961777
-0.06616809219121933
0.14607127010822296
-0.10252881050109863
0.21425262093544006
-0.15780916810035706
0.003727265866473317
0.02681228145956993
-0.20932795107364655
-0.001088721095584333
0.13011033833026886
0.15658721327781677
0.18717847764492035
0.1698465645313263
0.011120798997581005
0.06189492717385292
-0.22620925307273865
0.027463655918836594
0.10049549490213394
-0.12414657324552536
-0.0788925439119339
-0.04909779131412506
-0.03381749987602234
0.24770881235599518
-0.057898346334695816
0.0679650828242302
0.026180380955338478
-0.16294921934604645
-0.19783233106136322
-0.15194298326969147
0.10875172168016434
0.1674148142337799
-0.04625649377703667
0.05407075211405754
0.11523721367120743
0.07566890865564346
0.08621329069137573
0.21554715931415558
0.17845527827739716
-0.1027945950627327
-0.1792582869529724
0.15983018279075623
0.009795610792934895
0.009276529774069786
0.06033853068947792
0.037645258009433746
0.23340032994747162
0.11877089738845825
-0.18506330251693726
0.20670901238918304
0.1978907436132431
0.21162578463554382
0.24793659150600433
-0.1185140311717987
0.07209354639053345
-0.14520364999771118
0.11131693422794342
0.17180703580379486
0.1659591794013977
-0.22870516777038574
0.15120893716812134
0.06901588290929794
-0.05791778862476349
0.16701318323612213
-0.09132982790470123
-0.08838513493537903
0.11141277104616165
-0.2245025485754013
0.015090953558683395
-0.11339160799980164
-0.101314477622509
0.2057480365037918
-0.13421693444252014
-0.21148090064525604
-0.15843935310840607
0.21124085783958435
0.11892839521169662
0.202246755361557
-0.15869852900505066
-0.09890072047710419
0.18161828815937042
0.19646070897579193
0.10578151047229767
0.13056465983390808
0.026465876027941704
0.06163089722394943
-0.10280021280050278
-0.005079163704067469
0.10239788144826889
-0.08965358138084412
-0.11664474010467529
0.05537432059645653
-0.07099690288305283
0.01188373938202858
0.006764926016330719
0.09054312109947205
-0.015782156959176064
-0.04199414700269699
-0.1019260510802269
0.01038768608123064
-0.06295198202133179
0.03511358052492142
-0.06842129677534103
0.0967441126704216
-0.03548366203904152
0.1274046152830124
-0.0023015898186713457
0.03611743450164795
0.0030870989430695772
-0.045302409678697586
-0.0735863521695137
-0.06925491988658905
0.09361343085765839
0.08081306517124176
-0.0003603891236707568
0.11413069069385529
0.06003616005182266
-0.10337807238101959
-0.026734869927167892
0.08549042046070099
0.057634368538856506
0.030539780855178833
0.05113424360752106
-0.0098600834608078
-0.019765645265579224
-0.026111140847206116
-0.07163755595684052
-0.0060558021068573
0.051517561078071594
-0.07908099889755249
0.07360099256038666
0.018342897295951843
-0.09592299163341522
-0.07316610217094421
-0.12486274540424347
-0.11086280643939972
-0.11806666851043701
-0.107974573969841
0.027986392378807068
0.11897188425064087
0.10543450713157654
-0.03179626166820526
-0.06207406520843506
0.10709613561630249
0.038328781723976135
-0.06564484536647797
-0.029767200350761414
-0.003669142723083496
-0.011138287372887135
0.06844406574964523
0.013793439604341984
0.001364281983114779
0.11495987325906754
0.06056155636906624
0.0070373485796153545
0.02090214006602764
-0.0018671032739803195
-0.06513084471225739
0.05247204378247261
0.06539447605609894
-0.12182307988405228
0.07760586589574814
-0.052752457559108734
0.0568048469722271
-0.11485365033149719
-0.08668593317270279
0.023024577647447586
-0.10689814388751984
0.012185840867459774
0.009629741311073303
0.10230670869350433
-0.10465330630540848
0.10044260323047638
-0.031976986676454544
-0.045353543013334274
0.03811654821038246
0.03808080404996872
0.08512858301401138
0.05839679017663002
-0.00531542394310236
-0.08196670562028885
-0.015958288684487343
0.09361423552036285
0.02174822799861431
-0.06206810474395752
0.017987951636314392
0.11932113766670227
0.00046306848526000977
0.04951468110084534
-0.023368075489997864
0.05213019251823425
0.06429508328437805
0.1126941442489624
0.07227547466754913
-0.05084787309169769
-0.0806199461221695
-0.09928672015666962
-0.06872895359992981
-0.044028639793395996
-0.08755683898925781
-0.0658080130815506
0.0603346973657608
-0.10959391295909882
-0.03956829011440277
0.02761015295982361
-0.006489008665084839
-0.03384111821651459
0.0817442387342453
-0.06389611959457397
-0.08514758944511414
0.09234002232551575
0.036517783999443054
-0.027402235195040703
0.09519396722316742
-0.040625639259815216
0.008992030285298824
0.0740375891327858
-0.10629694163799286
0.03441449627280235
0.11808935552835464
-0.08116187900304794
-0.04067466780543327
-0.031189776957035065
0.07833244651556015
-0.012888100929558277
-0.12003113329410553
0.08238475024700165
0.03281296417117119
0.05418927222490311
-0.06064014881849289
0.04376364126801491
0.0523822121322155
0.04712461680173874
-0.05258679389953613
0.08184888958930969
0.02803977020084858
-0.10460089147090912
0.03155892714858055
-0.029210953041911125
0.03034583106637001
0.00782278086990118
-0.001353258267045021
0.02477508969604969
-0.04807475954294205
-0.03158961236476898
0.06821086257696152
0.12194537371397018
0.010870219208300114
-0.1022881418466568
-0.1126999706029892
-0.006409019231796265
-0.07518771290779114
0.10527302324771881
0.07760265469551086
0.11257229745388031
0.0014490634202957153
-0.06649956107139587
0.01652488112449646
0.00875084102153778
-0.021160826086997986
0.11831843852996826
-0.058969587087631226
-0.020444214344024658
0.1095450222492218
-0.011911839246749878
-0.12063762545585632
-0.0522163063287735
0.083852618932724
-0.025663450360298157
-0.04768413305282593
-0.06542299687862396
-0.03916899859905243
-0.10270807147026062
-0.05467049777507782
0.011453598737716675
0.07018934190273285
-0.008574307896196842
-0.0202577356249094
-0.007929927669465542
-0.01547360047698021
0.11688844114542007
-0.08585776388645172
0.10034723579883575
0.10609117150306702
0.06740618497133255
0.0388750284910202
0.033245839178562164
-0.006811914034187794
0.017224153503775597
0.07101932913064957
-0.09054524451494217
-0.02034272626042366
0.11134129017591476
-0.08635260164737701
0.013224069960415363
0.026817873120307922
0.023900069296360016
0.09604912996292114
0.039980802685022354
-0.08760092407464981
-0.06906842440366745
0.09986454248428345
-0.08000963181257248
-0.09307245910167694
-0.12311159819364548
-0.03269421309232712
0.11110153794288635
-0.014653372578322887
0.06934727728366852
0.030497970059514046
-0.09785671532154083
-0.019742745906114578
-0.056114792823791504
-0.09609280526638031
0.04487566649913788
-0.10000172257423401
0.032343342900276184
0.01440390944480896
-0.07419098913669586
-0.09211774170398712
-0.11021393537521362
0.10208901762962341
0.04277732968330383
0.03869542479515076
-0.06605924665927887
-0.08458705246448517
0.10104413330554962
0.0006783455610275269
-0.12334658205509186
0.04563237726688385
-0.00225105881690979
0.08976377546787262
0.045934513211250305
0.1009782999753952
-0.09880509972572327
0.03443312644958496
-0.036291077733039856
-0.01957559585571289
0.03396104276180267
0.05172842741012573
0.05915990099310875
0.06868290156126022
0.07244002819061279
0.024405181407928467
0.05671301484107971
0.005692162085324526
0.05986320227384567
-0.10195744782686234
-0.12336541712284088
0.08129747211933136
-0.07883434742689133
0.10132065415382385
-0.09211654961109161
-0.02659943327307701
-0.05726967379450798
-0.026768874377012253
-0.07153555005788803
-0.01243868749588728
-0.10967805236577988
-0.008365255780518055
-0.05859476327896118
0.05219938978552818
0.011165819130837917
0.02195553295314312
-0.0016160756349563599
-0.03687779977917671
-0.0905575156211853
0.035638850182294846
-0.09383662045001984
0.08685875684022903
-0.07559861987829208
0.12170711159706116
-0.09068287909030914
-0.016988135874271393
-0.054163120687007904
0.0573122613132
-0.08458782732486725
0.023717805743217468
-0.0793495923280716
0.0330515056848526
0.0006293207406997681
0.11245045065879822
-0.006773889064788818
0.09462146461009979
-0.024262115359306335
0.05656746029853821
-0.08488687872886658
0.03014494478702545
-0.11410218477249146
-0.022264137864112854
-0.021227657794952393
-0.09022325277328491
-0.062394946813583374
-0.026761621236801147
-0.0702667087316513
-0.006526052951812744
0.007682889699935913
0.09544818103313446
0.0226123183965683
0.0830380767583847
0.0947062075138092
-0.05484771728515625
0.025700092315673828
-0.09028482437133789
0.06526897847652435
-0.091087207198143
0.07520641386508942
0.10591071099042892
-0.11169454455375671
-0.0500287190079689
0.00554649718105793
0.10633120685815811
-0.08163880556821823
-0.10311821103096008
0.0756165012717247
0.0847872868180275
0.08005338907241821
0.08212852478027344
0.01637457124888897
0.11696700751781464
0.06538760662078857
0.06710124015808105
0.048744358122348785
0.0841202437877655
0.1055980995297432
0.0772530809044838
0.04420141130685806
-0.06069888919591904
0.04528989642858505
0.028354818001389503
0.1206934005022049
-0.03552984073758125
0.04688888415694237
0.07200309634208679
0.11726368963718414
-0.038937292993068695
0.03225819393992424
0.05343402549624443
0.035474423319101334
-0.010169757530093193
0.05982789397239685
0.03575247526168823
-0.12229876220226288
0.07081238925457001
0.06991690397262573
-0.09506839513778687
0.004437372088432312
-0.05286407470703125
0.010374829173088074
0.0416540652513504
-0.060161709785461426
-0.06505884230136871
-0.10402841866016388
-0.00044701993465423584
-0.11591576039791107
0.1152397096157074
0.09565277397632599
0.12351879477500916
0.08154477179050446
0.11890165507793427
0.0053354352712631226
-0.008228421211242676
0.08771651983261108
-0.00958956778049469
-0.08839581906795502
-0.04731234908103943
0.05778297781944275
-0.11245553195476532
-0.0442810133099556
-0.10579486191272736
-0.014178241603076458
-0.10724252462387085
0.005738277453929186
-0.009357791393995285
-0.0074569424614310265
0.03973522037267685
0.10623576492071152
0.11249163001775742
0.03067273460328579
0.1013757511973381
-0.007792137563228607
0.07816493511199951
0.08535470813512802
-0.12219443172216415
0.023670077323913574
0.06802202016115189
-0.1092294231057167
-0.06913257390260696
-0.09333574026823044
0.05031639710068703
0.016285713762044907
0.10517129302024841
0.09071006625890732
0.11464377492666245
0.09370443224906921
0.0682452991604805
0.08364347368478775
-0.04688141867518425
0.0810994803905487
0.12127085030078888
-0.02311817929148674
-0.012317345477640629
0.10408762842416763
-0.02352873980998993
-0.09671461582183838
-0.11422976851463318
0.12313634157180786
-0.07847200334072113
-0.06024645268917084
-0.03864149749279022
0.04427190124988556
0.09158781170845032
-0.11425305902957916
-0.07157553732395172
0.09921248257160187
0.11718054115772247
0.10291559994220734
0.11266513168811798
0.09604375064373016
0.08425544202327728
-0.09627111256122589
-0.10199713706970215
-0.032674312591552734
0.025952592492103577
0.08955571055412292
0.10942777991294861
0.09850877523422241
0.0881645679473877
-0.08259965479373932
-0.10270071029663086
0.04356284439563751
-0.03923529386520386
0.07773783802986145
0.1005610004067421
0.07194163650274277
0.09887248277664185
-0.10701495409011841
0.0235145203769207
-0.05456509813666344
-0.08342643082141876
-0.051680997014045715
-0.06843744963407516
0.07185549288988113
0.06588027626276016
0.008170066401362419
0.09097671508789062
-0.055875565856695175
-0.08830450475215912
-0.000744319986552
0.08657829463481903
-0.005685439798980951
0.031207850202918053
-0.045102618634700775
0.07035636156797409
-0.04319780319929123
-0.10554151237010956
0.07897185534238815
-0.0017778893234208226
-0.03861195966601372
0.03650476038455963
0.08676653355360031
-0.08408905565738678
-0.11706048995256424
-0.04026331752538681
-0.04321027174592018
0.019835850223898888
0.06167106702923775
0.027073934674263
-0.11357399821281433
0.05635310709476471
-0.1124722808599472
-0.021381735801696777
-0.07858125865459442
0.0925588607788086
0.039433181285858154
-0.018740445375442505
-0.06175123155117035
0.002717941999435425
0.08671462535858154
-0.04522967338562012
0.05697913467884064
0.11207427084445953
0.10742783546447754
0.12027105689048767
0.07781334221363068
-0.10359914600849152
-0.10021863877773285
0.06504815816879272
0.09763681888580322
-0.08558237552642822
-0.013599589467048645
-0.12051442265510559
-0.00020281970500946045
0.11728404462337494
0.090284064412117
-0.044538289308547974
-0.08639919757843018
-0.062156565487384796
0.10921971499919891
-0.058337900787591934
-0.08463706076145172
0.11859671771526337
-0.01361142098903656
-0.07227958738803864
0.08296056091785431
0.0237886942923069
0.062473271042108536
0.07510995864868164
-0.09407149255275726
0.062106840312480927
-0.08713499456644058
0.02072865515947342
-0.021111704409122467
0.08431398123502731
0.060784246772527695
0.029304537922143936
0.08256756514310837
0.055528298020362854
0.07430367916822433
-0.007545641623437405
0.081390880048275
0.015400362201035023
0.08064788579940796
-0.0865626260638237
-0.11198628693819046
-0.06281952559947968
0.07531522214412689
0.010540722869336605
0.0702093243598938
0.0047546811401844025
-0.0545056089758873
-0.015429496765136719
-0.10017210245132446
0.036768317222595215
-0.05201515555381775
-0.007014438509941101
0.02187955379486084
-0.03814922273159027
-0.012484744191169739
-0.10352571308612823
-0.10073484480381012
-0.06417869031429291
0.050429850816726685
-0.06422322988510132
-0.12052042782306671
-0.11387573182582855
-0.06434112787246704
0.003619745373725891
0.0472416877746582
-0.015567183494567871
-0.08592617511749268
0.09792524576187134
0.02480475604534149
0.020281776785850525
0.041738227009773254
0.02105681598186493
-0.07146905362606049
0.09668396413326263
0.10808065533638
-0.02830006182193756
0.10735612362623215
-0.07652756571769714
0.04530636593699455
-0.10341382771730423
0.09482648968696594
-0.10237216204404831
-0.07258184254169464
0.0023972990456968546
-0.05713158845901489
-0.11202546954154968
0.08036872744560242
-0.0044829207472503185
-0.09547323733568192
0.05112271010875702
-0.11460389941930771
0.08301809430122375
-0.0652601569890976
-0.001986101036891341
-0.08211061358451843
-0.03235846012830734
0.09199286252260208
0.04748988524079323
-0.12247592955827713
-0.11991040408611298
0.11759037524461746
-0.08298336714506149
0.10450804233551025
0.039116453379392624
-0.11649788916110992
-0.03299848362803459
0.0477287583053112
-0.04523333162069321
-0.08337898552417755
0.031612686812877655
0.0028406691271811724
0.053590960800647736
-0.10917094349861145
0.07538990676403046
-0.03130917251110077
0.09174038469791412
-0.04969121515750885
0.007489442825317383
-0.05177925527095795
0.014462679624557495
-0.026272952556610107
-0.10500085353851318
-0.07783423364162445
-0.08699625730514526
-0.08757910132408142
-0.07651235163211823
0.03509026765823364
-0.07361884415149689
-0.11017432808876038
-0.020810753107070923
0.00657297670841217
0.010237619280815125
0.00949174165725708
-0.021468639373779297
-0.016593411564826965
0.12065064907073975
-0.10389949381351471
0.008621186017990112
0.12178081274032593
-0.06933638453483582
-0.08563531935214996
-0.05626598745584488
-0.1171160563826561
0.047821540385484695
0.09439096599817276
0.06078711152076721
0.0010602178517729044
0.0940154418349266
0.08236567676067352
0.011604061350226402
-0.08809144794940948
-0.0874420553445816
0.08111250400543213
-0.09732209891080856
0.11508426815271378
-0.046798739582300186
-0.10749571025371552
0.0867697224020958
0.032078612595796585
0.07297714054584503
0.02205096185207367
0.05444987118244171
-0.004273674450814724
0.025623636320233345
-0.006834142841398716
-0.05749944597482681
0.03614296019077301
-0.06610458344221115
-0.1080813854932785
0.06295568495988846
-0.053571924567222595
-0.025102462619543076
-0.019657431170344353
-0.03134138509631157
-0.0441204234957695
-0.0350148007273674
-0.05810725688934326
0.029133185744285583
-0.0074034184217453
0.11175161600112915
-0.03453327715396881
0.07312612235546112
-0.09949885308742523
0.04477876424789429
-0.05387023091316223
-0.020500168204307556
0.0004840046167373657
0.10503830015659332
-0.10554596781730652
-0.061601489782333374
-0.09814378619194031
0.0025856345891952515
-0.004254475235939026
-0.0271378755569458
-0.041675060987472534
0.026392430067062378
0.016231819987297058
-0.0992804765701294
-0.09281472861766815
-0.024552419781684875
-0.026172250509262085
0.023110806941986084
-0.09834365546703339
-0.04081851243972778
0.024220401421189308
-0.06614230573177338
-0.09704528003931046
-0.0723232701420784
0.0701121911406517
-0.10369931161403656
-0.02231590263545513
0.08090364187955856
0.11404944211244583
0.04605833441019058
0.10103707760572433
-0.07934536039829254
0.06462821364402771
0.028149329125881195
-0.07190955430269241
-0.07635203748941422
-0.10970908403396606
0.08755726367235184
0.015945173799991608
0.058155789971351624
0.10624712705612183
-0.10982279479503632
-0.11806533485651016
0.06503907591104507
-0.10070440918207169
-0.08207911998033524
0.07892519235610962
-0.08630871027708054
0.011382835917174816
-0.12195286899805069
-0.0718948096036911
-0.10838794708251953
-0.015034443698823452
-0.016229676082730293
-0.014441698789596558
-0.11476994305849075
-0.02476528286933899
0.04324957728385925
-0.0463295578956604
0.10410921275615692
-0.012618958950042725
-0.1150822788476944
0.025040924549102783
-0.07449696958065033
0.022462278604507446
-0.09853602945804596
-0.05041959881782532
-0.009948581457138062
0.0031238049268722534
-0.08109264075756073
0.09626966714859009
0.02063390612602234
-0.10913197696208954
-0.05782662332057953
0.05350373685359955
-0.0854932963848114
-0.06312085688114166
-0.05689162015914917
-0.11023105680942535
0.11297489702701569
0.12301580607891083
-0.01473429799079895
-0.11310191452503204
-0.09466372430324554
0.04496464133262634
-0.0823141559958458
-0.11991913616657257
0.11472184211015701
0.036872029304504395
-0.017176860943436623
0.016611751168966293
-0.09624473005533218
0.06753941625356674
-0.11359254270792007
0.0906386747956276
0.10204905271530151
0.05408204346895218
-0.09293428808450699
-0.09007079154253006
-0.030839446932077408
-0.09423212707042694
0.027692750096321106
0.014178789220750332
-0.038763612508773804
0.12031923234462738
0.056000061333179474
-0.05843314528465271
0.04791504889726639
-0.0011398294009268284
-0.09530526399612427
0.014035843312740326
-0.10576803237199783
-0.0695217102766037
0.10843861848115921
-0.002660620491951704
0.04426699876785278
0.027009975165128708
-0.09753002226352692
-0.044102396816015244
-0.10775697231292725
-0.044184163212776184
0.05054232478141785
0.013971149921417236
-0.09833639860153198
-0.015775561332702637
0.11540314555168152
-0.11934231221675873
-0.07473626732826233
-0.01562143862247467
-0.0773896872997284
-0.04204665124416351
-0.07284127175807953
-0.06139218807220459
-0.05543331801891327
0.037170156836509705
-0.08248476684093475
-0.03106476366519928
-0.10780580341815948
-0.027150005102157593
-0.03515268862247467
0.04203355312347412
0.10567529499530792
0.054356709122657776
0.09283857047557831
0.03913901746273041
0.029287442564964294
-0.06062281131744385
0.07710328698158264
-0.10412511974573135
-0.12601527571678162
0.05205173045396805
0.11539305001497269
-0.012656232342123985
-0.05872717127203941
-0.01781180128455162
-0.002928765956312418
-0.08233039081096649
-0.010820738039910793
0.06795670837163925
0.12094569206237793
0.054917898029088974
0.09051735699176788
0.09022682905197144
-0.11506728827953339
0.10994038730859756
0.06319861114025116
0.07882989943027496
-0.11080576479434967
-0.055976446717977524
0.1224701777100563
-0.10986238718032837
0.06991253048181534
-0.11536534130573273
-0.03551603481173515
0.06863230466842651
-0.03893992304801941
-0.08999666571617126
-0.0940212681889534
0.08799932897090912
0.03597588464617729
-0.08288270980119705
-0.07566820085048676
0.050704438239336014
-0.02806480973958969
-0.02207660675048828
-0.11009681224822998
0.002680853009223938
0.07929727435112
0.039943426847457886
0.08868612349033356
0.013183653354644775
-0.009625136852264404
-0.012068167328834534
-0.10870088636875153
-0.023740321397781372
-0.11570432782173157
-0.08048202097415924
-0.076331228017807
-0.07323172688484192
0.08788487315177917
0.03998070955276489
0.04793435335159302
0.08943909406661987
-0.031318336725234985
0.016688629984855652
-0.00035230815410614014
0.10705430805683136
0.010239273309707642
0.05895516276359558
-0.06566537916660309
-0.0930107980966568
0.1085585355758667
0.0767270103096962
0.1046762615442276
0.06844520568847656
0.0915197879076004
0.08564512431621552
-0.0452948734164238
0.08553522825241089
-0.12074189633131027
-0.0366152785718441
0.02106698788702488
0.02770313248038292
-0.08227673918008804
0.122225821018219
0.03018099255859852
0.07450543344020844
-0.05384625494480133
0.002362630097195506
-0.02721780724823475
0.04546603560447693
0.041396722197532654
-0.08430629968643188
0.05864341929554939
-0.03247625753283501
-0.11331288516521454
0.09434297680854797
-0.10476117581129074
-0.09099642187356949
0.013346115127205849
0.07179784029722214
0.0578867644071579
-0.017888957634568214
0.041234809905290604
0.04474761337041855
0.1174609363079071
-0.03717059642076492
-0.03320161625742912
-0.039600297808647156
-0.04206256568431854
-0.052865684032440186
-0.03351689875125885
-0.11949585378170013
-0.006114661693572998
-0.03630489110946655
0.08056272566318512
-0.0915687084197998
0.11180779337882996
-0.12172751128673553
0.03170610964298248
0.04907737672328949
0.10575689375400543
0.04516179859638214
0.021668657660484314
0.0637671947479248
-0.04458576440811157
-0.12124757468700409
0.05591560900211334
-0.10719677805900574
-0.09190565347671509
0.031727537512779236
-0.023439958691596985
0.09247066080570221
0.12162813544273376
0.003097355365753174
-0.12336112558841705
-0.08691725879907608
0.08361564576625824
-0.045859258621931076
0.10617974400520325
-0.12610448896884918
-0.025327438488602638
0.07876144349575043
-0.02365492656826973
0.05517187342047691
-0.08199091255664825
-0.07685016840696335
0.07808942347764969
-0.02250182069838047
0.07453467696905136
-0.03524795174598694
-0.053072456270456314
0.04001091420650482
0.10968197882175446
-0.08538434654474258
0.0809568241238594
-0.0555691234767437
0.07524701207876205
0.10073760151863098
0.07111931592226028
0.057148825377225876
-0.08752773702144623
-0.01791468821465969
0.06875903904438019
0.108784519135952
-0.10190089792013168
-0.01832767389714718
-0.06313982605934143
0.043442174792289734
0.0817103385925293
0.03126503527164459
0.11449700593948364
0.07703444361686707
0.09563855826854706
0.03537610173225403
0.044824808835983276
0.08366869390010834
-0.11856482923030853
-0.021729275584220886
0.07536055147647858
-0.06652122735977173
-0.06298524141311646
0.02326461672782898
-0.030601829290390015
0.10662847757339478
0.0269651859998703
-0.09073519706726074
-0.06563188135623932
-0.034004390239715576
0.03870542347431183
0.009173989295959473
-0.08472268283367157
0.054225996136665344
-0.12057308852672577
0.12486685812473297
0.12491680681705475
0.044786542654037476
0.014759793877601624
-0.10377846658229828
-0.03524935245513916
0.023912254720926285
-0.11188007146120071
0.024157926440238953
-0.09721346199512482
0.04178934916853905
0.0675111711025238
-0.06971093267202377
-0.08639746159315109
-0.08541388809680939
0.00029285307391546667
0.02494090609252453
0.02657356485724449
-0.1040453314781189
0.03354192525148392
-0.0026531291659921408
0.10894113034009933
-0.00953450333327055
-0.018980499356985092
0.012861864641308784
0.04069456458091736
0.12729746103286743
0.0004730620130430907
-0.011237998493015766
-0.017700737342238426
-0.038705188781023026
-0.022681331261992455
-0.061799172312021255
-0.11757469922304153
0.028631052002310753
-0.04211900755763054
-0.07295063883066177
-0.07196862250566483
-0.01670168712735176
-0.022062906995415688
0.002360219368711114
0.0061090015806257725
0.051752254366874695
0.09776519238948822
0.08610917627811432
0.00949995219707489
0.08646093308925629
0.03919366002082825
0.11144137382507324
0.05303078889846802
0.07038472592830658
0.07651539146900177
-7.241964340209961e-05
-0.0505145788192749
-0.09483259916305542
-0.0836029052734375
0.04087308049201965
0.00337335467338562
-0.0669141560792923
-0.048446908593177795
0.013971731066703796
-0.10377970337867737
0.026533976197242737
-0.012354552745819092
-0.048067495226860046
0.10553848743438721
-0.057930395007133484
0.057007744908332825
-0.08427673578262329
-0.06279221177101135
-0.01339800376445055
0.08585327863693237
-0.013048429042100906
-0.033569082617759705
-0.07656347751617432
0.11043573915958405
0.11434516310691833
0.009024109691381454
-0.10484787076711655
0.11079730838537216
-0.08019495755434036
-0.07160883396863937
0.083967424929142
-0.021982135251164436
0.07818539440631866
0.09391282498836517
-0.008923469111323357
0.007898434065282345
-0.10315608978271484
-0.08778725564479828
0.048944760113954544
0.06645181030035019
0.022743502631783485
-0.041552234441041946
-0.1291593760251999
-0.04221345856785774
-0.019600210711359978
-0.08724084496498108
-0.03583225607872009
0.09897414594888687
-0.0898536816239357
-0.0022627285216003656
-0.015562105923891068
0.005623640958219767
-0.06914421170949936
-0.047677893191576004
-0.0877842903137207
-0.11763827502727509
-0.07633684575557709
0.03864125907421112
-0.0655633807182312
0.056008100509643555
-0.015244096517562866
0.0170106440782547
0.12351742386817932
0.009744450449943542
0.11673569679260254
0.01587103307247162
0.05919305980205536
0.08986058831214905
0.0068791210651397705
-0.08184543251991272
-0.013870969414710999
-0.017025336623191833
-0.10362713038921356
-0.011218950152397156
0.012728378176689148
-0.0341898649930954
0.09576311707496643
0.1224597692489624
-0.1209784746170044
-0.0857158750295639
0.09489931166172028
-0.022380530834197998
-0.060319360345602036
-0.004285397939383984
-0.07461952418088913
-0.06136273592710495
0.11059285700321198
-0.05732109770178795
-0.005743539426475763
-0.012762954458594322
0.06635716557502747
-0.036856915801763535
-0.06317608058452606
-0.061198826879262924
-0.030329914763569832
-0.020469384267926216
0.08184456825256348
0.09910446405410767
-0.013209691271185875
-0.052728667855262756
0.10179503262042999
0.1255888044834137
0.05062704533338547
-0.12069021165370941
-0.03804505616426468
-0.08176755905151367
0.06023578345775604
-0.0077130855061113834
0.09582196176052094
0.003317887894809246
0.06772950291633606
0.04300486668944359
-0.0820457860827446
0.01524069532752037
0.051125604659318924
-0.03015449084341526
-0.04167003557085991
0.08463461697101593
0.08331188559532166
-0.09809412062168121
0.014433518052101135
-0.014919713139533997
-0.022502437233924866
-0.025364428758621216
-0.015990808606147766
-0.0714523047208786
0.05445338785648346
0.1071833074092865
0.028970956802368164
-0.07380764186382294
0.05140770971775055
0.04491610825061798
0.05956399440765381
-0.08909203112125397
0.07285548746585846
-0.1136026680469513
0.04435718059539795
-0.059234485030174255
0.08029326796531677
0.04160076379776001
0.014430209994316101
0.0460720956325531
0.006861746311187744
0.005118563771247864
0.1030857115983963
-0.0787733793258667
-0.04126039519906044
0.09545733034610748
-0.12691865861415863
-0.07840806990861893
0.004745496902614832
0.01351197436451912
0.07597512751817703
-0.027823038399219513
0.06277666985988617
0.0691509023308754
-0.07590106129646301
-0.040454328060150146
0.052564945071935654
0.003139503998681903
0.011644878424704075
0.10234387964010239
-0.053224243223667145
0.07689379900693893
-0.028090646490454674
-0.11381316930055618
0.10838636755943298
0.10221583396196365
0.05666614696383476
0.09569498151540756
0.08830823004245758
0.06766176223754883
-0.024075916036963463
0.03367751091718674
-0.10358400642871857
0.11995130032300949
-0.06156352534890175
0.08796181529760361
0.06534770131111145
-0.04271524026989937
0.015050704590976238
0.015507626347243786
-0.10843028128147125
0.12093348801136017
0.08544644713401794
-0.09018714725971222
-0.0689966082572937
0.05147524178028107
-0.11372773349285126
-0.026172608137130737
0.10719762742519379
0.034355029463768005
0.018891409039497375
-0.011195525527000427
0.075079545378685
0.03207483887672424
-0.03462649881839752
-0.11750279366970062
0.000898897647857666
0.12177726626396179
-0.06576548516750336
-0.04524028301239014
0.005172744393348694
-0.04026791453361511
0.01827239990234375
-0.10375578701496124
-0.015002667903900146
0.005107223987579346
-0.07362502813339233
-0.0487002432346344
0.04619468376040459
0.09566497802734375
0.08610715717077255
-0.03568226471543312
-0.11785649508237839
-0.10003381222486496
0.03327449783682823
0.0741892084479332
-0.07001480460166931
0.03447851166129112
-0.11009924858808517
0.1062333732843399
-0.11282607913017273
-0.019392160698771477
-0.06749676913022995
0.013612338341772556
0.047051843255758286
0.10277307778596878
0.09205058962106705
0.02139667049050331
-0.0562523677945137
0.08095207065343857
-0.04173547774553299
-0.11605629324913025
-0.002416687784716487
0.08078709244728088
0.05708429962396622
-0.0821915864944458
0.01556377112865448
-0.1096343994140625
0.07045402377843857
-0.08725879341363907
-0.05988945811986923
0.018755825236439705
0.03514852002263069
0.11923889815807343
0.09316854178905487
-0.06799435615539551
0.010839670896530151
0.027137145400047302
0.016283735632896423
-0.05825665593147278
0.10937635600566864
-0.046569064259529114
0.026511162519454956
0.10211668908596039
-0.07186132669448853
0.11858420073986053
-0.02130095660686493
0.04419475793838501
-0.12105830013751984
-0.029607728123664856
0.05550481379032135
-0.04239627718925476
-0.09926915168762207
0.07305498421192169
-0.0859358161687851
-0.04537837207317352
0.07988376915454865
-0.06397975981235504
-0.0623675137758255
0.03666839003562927
-0.02943001687526703
-0.10935766994953156
-0.027453191578388214
-0.05160831660032272
0.020236071199178696
0.04825230687856674
-0.07213801890611649
0.11245198547840118
-0.10891401022672653
-0.05561157688498497
-0.031269241124391556
-0.05953342840075493
0.08725719153881073
0.11943881958723068
-0.00949238520115614
-0.017622319981455803
-0.04658589884638786
-0.005298288073390722
-0.07418470829725266
0.030718829482793808
0.0393892303109169
0.08531667292118073
0.025823727250099182
0.008313963189721107
0.09080328047275543
-0.0461430661380291
-0.04030254855751991
-0.06330759823322296
-0.0435013547539711
0.05469663813710213
0.11651571094989777
-0.010203234851360321
0.05627806484699249
-0.078257255256176
0.12434849888086319
0.056274984031915665
-0.018079597502946854
0.07465551793575287
-0.0004706531763076782
-0.06415252387523651
-0.11990644037723541
0.08215779066085815
-0.0002189427614212036
0.06276576220989227
-0.09511560201644897
0.05230322480201721
-0.09801195561885834
0.0016866475343704224
-0.10168120265007019
-0.12165813148021698
0.10345090925693512
0.068295419216156
-0.09479331970214844
-0.005910173058509827
-0.04457691311836243
-0.06884169578552246
-0.10486331582069397
-0.07797835767269135
-0.023370057344436646
-0.010723277926445007
0.08726859092712402
0.11701947450637817
0.10847936570644379
0.05440230667591095
-0.0004064589738845825
0.04982192814350128
0.10441428422927856
-0.12168651074171066
-0.041529446840286255
-0.09619757533073425
0.04549582302570343
0.10992860049009323
-0.09186446666717529
-0.0882258266210556
-0.04830212891101837
0.06260707974433899
-0.11946091055870056
-0.09739119559526443
-0.035332322120666504
-0.0861835852265358
-0.11530895531177521
-0.09192518144845963
0.008814549073576927
0.038332048803567886
0.06781598925590515
-0.05280044302344322
-0.09807989001274109
-0.07322715222835541
-0.002929092152044177
0.022961243987083435
-0.0692976713180542
0.054431937634944916
0.04948686435818672
0.04099411889910698
0.09283900260925293
0.044132642447948456
0.032283078879117966
0.04254123568534851
-0.07126779109239578
-0.04291429743170738
0.09312363713979721
0.057221341878175735
-0.0877533107995987
-0.023961514234542847
0.007719770073890686
-0.11262384057044983
-0.09899342060089111
-0.10760821402072906
-0.09459331631660461
-0.07705511152744293
0.02471160888671875
0.008648097515106201
-0.07216544449329376
-0.047985151410102844
0.025977954268455505
-0.008101746439933777
-0.08237379789352417
0.10578393936157227
0.09294295310974121
-0.10619905591011047
-0.05143477022647858
-0.09302596747875214
0.03820501267910004
-0.03911405801773071
-0.05606268346309662
-0.004312977194786072
0.05296267569065094
0.08673655986785889
-0.03561459481716156
-0.012883022427558899
0.08995917439460754
0.09924209117889404
-0.12539412081241608
-0.053096652030944824
-0.002434810856357217
0.09753269702196121
0.03246712684631348
0.11601211875677109
-0.047971148043870926
0.007959045469760895
-0.10287627577781677
0.05513099953532219
-0.123002789914608
0.08119173347949982
0.08563684672117233
0.08278895169496536
-0.11715227365493774
-0.004702532198280096
-0.031294647604227066
0.016600487753748894
-0.029636021703481674
0.024179408326745033
-0.10904193669557571
-0.06377989798784256
-0.05851856246590614
-0.1002463549375534
0.060774512588977814
-0.045020196586847305
0.023193132132291794
-0.03199639171361923
0.04392226040363312
0.09012696892023087
-0.013911901041865349
-0.0421464703977108
0.003000485710799694
0.026173781603574753
0.055471643805503845
0.11284282803535461
-0.015601933002471924
0.02485191822052002
0.11077304184436798
-0.07609646022319794
-0.10118618607521057
0.11450085043907166
-0.064919114112854
-0.035814911127090454
0.07723374664783478
-0.11451303958892822
0.1070091724395752
-0.08782583475112915
-0.07347732782363892
-0.10764524340629578
-0.10170994699001312
0.04602061212062836
0.05250190198421478
0.07199332118034363
0.025339379906654358
-0.07407109439373016
-0.10045072436332703
-0.06445953249931335
-0.07137946784496307
-0.055256277322769165
-0.1028566062450409
0.08780895173549652
0.05684191733598709
0.01907305046916008
-0.029227670282125473
-0.02973984181880951
0.0837867483496666
0.10368883609771729
0.0690506175160408
-0.12251889705657959
0.07092989236116409
0.0094368364661932
0.060693640261888504
0.07960886508226395
0.025164568796753883
0.10502131283283234
0.004473389592021704
-0.08504228293895721
0.03784264624118805
0.07445285469293594
-0.1167815774679184
-0.011437353678047657
-0.11802782863378525
0.07848216593265533
-0.04296767711639404
-0.06808090209960938
-0.12541839480400085
0.08650309592485428
0.03500230982899666
0.022539572790265083
0.11622083932161331
-0.035274751484394073
0.09830432385206223
0.10714010149240494
0.0201205313205719
0.1138279139995575
0.016945822164416313
0.016522007063031197
0.10781770944595337
-0.07659004628658295
0.0047451406717300415
-0.035522520542144775
-0.041246041655540466
-0.1025640219449997
0.0045899152755737305
-0.01591832935810089
-0.11010889708995819
-0.07274483144283295
0.04110722243785858
0.04481308162212372
-0.10072237253189087
-0.059840187430381775
-0.07348945736885071
0.010629788041114807
-0.06684993207454681
-0.023118063807487488
-0.12129305303096771
0.02909611165523529
0.06358934938907623
0.08346320688724518
0.06214694678783417
0.12485213577747345
-0.12000992894172668
-0.006376385688781738
0.011858418583869934
-0.0261697918176651
-0.03665872663259506
0.07008935511112213
0.02550651878118515
-0.019971728324890137
-0.07713552564382553
0.06253114342689514
-0.017790282145142555
-0.06827347725629807
-0.05972961708903313
0.06361877918243408
0.03394347056746483
-0.04104866087436676
-0.007539993152022362
0.018281083554029465
0.09139927476644516
0.10028065741062164
0.0853198915719986
-0.0009575032745487988
-0.10887320339679718
-0.07934147119522095
0.1160217747092247
0.030592305585741997
0.03412111848592758
0.1203589215874672
-0.07123418897390366
0.08254345506429672
0.02520018257200718
-0.10741498321294785
-0.118614561855793
0.11793214827775955
0.05832098796963692
0.09936165809631348
0.07011784613132477
-0.04640531912446022
0.03831878677010536
0.06051763892173767
-0.03128156065940857
-0.05101822316646576
0.08104512095451355
0.06587409973144531
0.06344927847385406
-0.08734354376792908
0.013846516609191895
-0.11522145569324493
0.05144241452217102
0.039906516671180725
-0.03782123327255249
0.06871923804283142
0.020898908376693726
-0.06969189643859863
-0.05520555377006531
0.07711610198020935
0.05511431396007538
0.0864473283290863
-0.0002444535493850708
0.12441776692867279
-0.12078440189361572
-0.021138504147529602
0.01870405673980713
0.03215418756008148
0.0194588303565979
-0.08504505455493927
-0.05577149987220764
0.04403652250766754
0.12277143448591232
-0.11890705674886703
-0.05973270535469055
-0.056995049118995667
-0.03966383635997772
-0.07080276310443878
0.09227371215820312
-0.01557632815092802
0.10447588562965393
-0.01746423915028572
-0.11509232223033905
-0.08044042438268661
-0.03332572057843208
-0.11066599935293198
0.07129347324371338
0.030483029782772064
-0.06633921712636948
-0.10202652961015701
-0.10193466395139694
-0.07364488393068314
-0.02202407829463482
0.028668753802776337
0.0503326915204525
0.05979163572192192
0.07999436557292938
-0.08633739501237869
0.08150707185268402
0.07786069810390472
0.07215666770935059
0.04090014100074768
-0.08017979562282562
0.0655994564294815
0.011076273396611214
0.03559230640530586
0.12854498624801636
-0.03508691117167473
-0.008459120988845825
-0.0498574823141098
0.025779709219932556
-0.10736124217510223
-0.040858879685401917
-0.05565504729747772
0.09563672542572021
0.0855773389339447
-0.07148759067058563
0.11567690968513489
0.044751688838005066
-0.05271586775779724
-0.08375461399555206
0.09267295897006989
-0.04981127381324768
0.11529587209224701
0.0021810680627822876
0.05183859169483185
-0.07944355905056
0.003031626343727112
0.08173395693302155
-0.09129761159420013
-0.024170026183128357
-0.043093010783195496
-0.051057130098342896
-0.11222846806049347
-0.06256406009197235
0.08875927329063416
-0.007006845902651548
0.02203614078462124
0.10678724199533463
0.058131616562604904
0.06488700956106186
0.07846076041460037
0.0395737923681736
0.060503605753183365
0.11274462938308716
-0.11493095010519028
0.11588828265666962
-0.012930686585605145
0.07096485048532486
0.05883665755391121
-0.1049354076385498
0.07681669294834137
0.0761677622795105
-0.1302332580089569
0.0024389394093304873
-0.0439012236893177
-0.1228194311261177
0.038092147558927536
-0.12591783702373505
0.11449824273586273
0.024748722091317177
-0.06216193363070488
-0.10393735021352768
-0.010668954811990261
0.08395423740148544
0.0794920101761818
-0.10705670714378357
-0.05586230382323265
-0.07793638855218887
-0.10480044037103653
-0.04482525587081909
-0.03226719796657562
0.11493192613124847
-0.031404510140419006
-0.051499634981155396
-0.11478722095489502
0.03894028067588806
-0.040730297565460205
-0.06840845942497253
0.06747804582118988
0.0824526846408844
-0.12390214204788208
-0.1033937931060791
0.08452706038951874
-0.0027038753032684326
-0.05012412369251251
-0.05841965973377228
-0.0036245882511138916
0.026996716856956482
0.030335932970046997
-0.017367452383041382
0.11618335545063019
0.005398660898208618
-0.02854149043560028
0.011420190334320068
0.11031396687030792
0.05693238973617554
0.04736216366291046
0.04020094871520996
-0.11213433742523193
-0.10362876206636429
0.044226501137018204
0.12201832979917526
0.040748342871665955
-0.08633508533239365
0.0786348357796669
-0.03763565048575401
0.06094008684158325
0.10004641860723495
0.06723079830408096
-0.05404147878289223
0.08320251107215881
-0.021020814776420593
0.10486598312854767
0.1198829635977745
-0.01044540572911501
-0.07359685748815536
0.02281871810555458
-0.0664287880063057
0.03713148087263107
0.11168032139539719
0.03965058922767639
-0.024918697774410248
0.05733885243535042
0.04637697711586952
-0.0710633248090744
-0.06659069657325745
0.01730380393564701
-0.09314050525426865
0.056614525616168976
-0.04760484769940376
0.10643211752176285
-0.0035840931814163923
-0.10131660103797913
0.01693623699247837
0.07785779237747192
0.08245804905891418
0.04291129112243652
0.09061324596405029
0.05917102098464966
-0.01020696759223938
0.0350157767534256
0.12351888418197632
0.0006428807973861694
0.0761968195438385
0.0019849389791488647
-0.07381410896778107
0.004521295428276062
0.07069581747055054
0.052268028259277344
-0.020289838314056396
0.0515737384557724
0.10160304605960846
0.10635288059711456
-0.01824072003364563
-0.10104914009571075
0.0002480149269104004
-0.014371290802955627
-0.09383110702037811
-0.02784392237663269
-0.044004887342453
0.01137329638004303
0.08100466430187225
-0.08800669014453888
-0.07349266111850739
0.11375878006219864
0.037555031478405
-0.10058604180812836
-0.0769631639122963
-0.08090180903673172
0.10415863245725632
-0.11405686289072037
0.11781992763280869
0.07621262222528458
-0.03936201333999634
-0.07361316680908203
0.10155429691076279
0.005739904940128326
-0.0023697775322943926
0.02645634114742279
0.09660322964191437
0.003083274932578206
0.055452149361371994
0.0006869877688586712
0.05772808566689491
-0.029412707313895226
-0.1097167506814003
-0.004909520503133535
0.012171567417681217
-0.08996293693780899
-0.09766791015863419
0.12313642352819443
-0.01863434538245201
0.0692039355635643
0.00871835183352232
-0.018497036769986153
0.03603889048099518
0.11119797825813293
-0.08587420731782913
0.033027999103069305
0.06897979974746704
-0.0449550598859787
-0.0173504501581192
0.009486302733421326
0.10250233113765717
-0.07511608302593231
-0.08198556303977966
0.11775203049182892
0.030941680073738098
-0.10534164309501648
-0.09311795234680176
0.02425965666770935
0.11725679039955139
-0.023854464292526245
0.016064852476119995
-0.11895643174648285
-0.10442903637886047
-0.08627146482467651
-0.04523782432079315
0.042359545826911926
-0.06798747181892395
0.08016854524612427
-0.10307614505290985
0.07726292312145233
0.048142582178115845
-0.021746397018432617
-0.06892187893390656
0.07577040791511536
0.08414410799741745
0.06547629833221436
0.08664122968912125
0.1017518863081932
-0.023308319970965385
0.009120802395045757
0.12111051380634308
-0.06810320913791656
-0.06379039585590363
0.0945662260055542
-0.079513780772686
0.012007122859358788
-0.0713069885969162
-0.05020666494965553
-0.06599709391593933
-0.04866163060069084
-0.08864336460828781
-0.07386596500873566
0.06420068442821503
0.10555259138345718
-0.09034505486488342
-0.0007308021304197609
-0.00018588078091852367
-0.12450818717479706
0.11962467432022095
0.060105547308921814
-0.050246015191078186
-0.09460224211215973
0.07443687319755554
-0.014259617775678635
-0.07098804414272308
0.029544373974204063
-0.09226390719413757
-0.037476979196071625
-0.078281931579113
-0.008196278475224972
-0.05781680345535278
0.015731722116470337
0.012031525373458862
-0.07801763713359833
-0.056919559836387634
-0.0131082683801651
-0.05157783627510071
0.05015900731086731
0.003961428999900818
0.07981893420219421
0.025612562894821167
-0.10707786679267883
0.03242182731628418
-0.12363018095493317
0.10861359536647797
0.1048266589641571
-0.11583326756954193
-0.055076614022254944
0.08623059093952179
-0.006093546748161316
0.08008359372615814
0.03319735825061798
0.08401718735694885
0.11947610974311829
0.059724822640419006
0.048871397972106934
-0.009048670530319214
-0.10416862368583679
-0.035620931535959244
0.08600679785013199
-0.05645989626646042
-0.12540237605571747
-0.11119622737169266
0.024616841226816177
-0.11943110078573227
0.0980231761932373
0.12121319770812988
-0.06962419301271439
-0.11274906247854233
0.05264120548963547
-0.05027209594845772
0.09152215719223022
-0.05361340194940567
0.03953050449490547
-0.08125262707471848
-0.023902101442217827
0.11556318402290344
-0.028939662501215935
0.038665592670440674
-0.09419471770524979
0.024782665073871613
0.03905920311808586
-0.00037323308060877025
-0.07185202836990356
-0.04553217068314552
-0.0018680774373933673
-0.0710231214761734
-0.036052439361810684
-0.022164177149534225
0.04144543409347534
0.11004989594221115
0.07681791484355927
-0.0725952759385109
0.11802379041910172
0.07173554599285126
-0.07860632240772247
0.0506298691034317
0.0002799034118652344
-0.057180821895599365
-0.059075966477394104
0.0595347136259079
-0.08573639392852783
0.037105634808540344
-0.051275238394737244
0.004217267036437988
0.005904093384742737
-0.1109464019536972
-0.08391726016998291
-0.06220230460166931
0.08776561915874481
-0.06374296545982361
0.11529339849948883
-0.07195858657360077
0.032848939299583435
-0.12360219657421112
0.06499980390071869
0.024947240948677063
-0.027907758951187134
0.008598372340202332
-0.03024047613143921
0.0032261013984680176
0.11140801012516022
0.002126463921740651
-0.014054934494197369
0.03663674741983414
0.020779255777597427
-0.053854651749134064
0.06491940468549728
-0.00023557628446724266
0.0008012884645722806
-0.06872103363275528
-0.010322915390133858
0.01232888363301754
0.050433214753866196
0.03229186683893204
-0.00037722502020187676
-0.05112488940358162
-0.06980844587087631
-0.010577219538390636
-0.046024151146411896
0.08935673534870148
0.04788733646273613
-0.0073232874274253845
0.04101771116256714
-0.09934353828430176
-0.05936829000711441
-0.10879770666360855
-0.0456589050590992
0.09737733006477356
-0.09245922416448593
-0.050481099635362625
-0.06243128702044487
-0.02567601390182972
0.01632702350616455
0.07947636395692825
0.009172038175165653
-0.17317909002304077
-0.09633935242891312
0.007898799143731594
0.02782001905143261
-0.15928447246551514
0.0047797104343771935
0.011642527766525745
-0.010707681067287922
0.15013614296913147
0.0519479475915432
-0.004758607596158981
-0.11344912648200989
-0.04231119528412819
-0.07963936775922775
0.10163471102714539
-0.17234984040260315
-0.11283916980028152
-0.02513706684112549
0.06766633689403534
-0.13966216146945953
0.054015520960092545
0.01116179395467043
-0.1259988695383072
0.025710871443152428
-0.10498280823230743
-0.013324085623025894
-0.11425044387578964
-0.06518249958753586
0.008659882470965385
-0.10020534694194794
0.0032147986348718405
-0.05252353474497795
-0.08808770030736923
-0.023003602400422096
-0.06026609241962433
-0.08072763681411743
0.10591002553701401
-0.0913192629814148
0.1148882657289505
0.014306571334600449
0.07828941196203232
0.12650100886821747
-0.030587226152420044
-0.029050039127469063
-0.027725618332624435
-0.014745134860277176
0.03556504845619202
-0.009950407780706882
0.06249726191163063
0.023525692522525787
-0.05565182492136955
-0.1767670065164566
0.02175898477435112
-0.028476782143115997
0.07106024026870728
0.09673751145601273
-0.15447184443473816
0.1354849487543106
-0.042252905666828156
-0.16452431678771973
-0.09898573160171509
-0.09580261260271072
0.13240697979927063
0.048412028700113297
0.0034767116885632277
0.13842736184597015
-0.10813248157501221
-0.08426976203918457
-0.15489721298217773
-0.010550769045948982
-0.11160130053758621
0.09756315499544144
-0.1461174637079239
-0.013793455436825752
0.07354345172643661
-0.055719878524541855
0.10431352257728577
0.05771400034427643
0.16141466796398163
-0.1562778502702713
0.12575948238372803
-0.14681029319763184
-0.160035640001297
0.0007982994429767132
0.024932118132710457
-0.12796008586883545
-0.12647882103919983
-0.0298256054520607
0.07599589973688126
-0.131388321518898
0.03228910267353058
0.07297573238611221
0.1070706844329834
-0.15028443932533264
0.1055007129907608
0.07432099431753159
0.17126958072185516
-0.06690570712089539
-0.13957934081554413
0.1413436233997345
0.012193220667541027
-0.17271006107330322
-0.14411592483520508
-0.03162763640284538
-0.16890469193458557
-0.13410229980945587
0.05848832055926323
-0.09649568796157837
-0.16700981557369232
-0.08581506460905075
0.16016708314418793
-0.12412983179092407
-0.1630159169435501
0.03157682716846466
-0.10657060146331787
0.04213874414563179
0.08481656014919281
-0.1653495579957962
0.0015316461212933064
0.09411272406578064
0.11968808621168137
-0.14073710143566132
0.02629743702709675
0.05039505288004875
-0.10485702753067017
-0.08659206330776215
-0.1232476606965065
-0.0959816500544548
-0.1353941410779953
-0.1510280966758728
-0.09850526601076126
-0.008165465667843819
0.15479883551597595
-0.05447389930486679
0.1080917939543724
0.10096553713083267
-0.0364157035946846
-0.003512375522404909
-0.04600464180111885
-0.1152314767241478
-0.0699157640337944
-0.1433912068605423
0.01938009262084961
-0.06782469898462296
0.14660805463790894
-0.017274245619773865
0.008732395246624947
0.14240771532058716
-0.04316480830311775
0.04030908644199371
0.030796097591519356
0.13667726516723633
-0.040424373000860214
-0.0033435309305787086
-0.11968265473842621
0.03491690009832382
-0.11918511241674423
0.13812661170959473
-0.0391228124499321
0.04510254040360451
-0.1287161111831665
-0.09712393581867218
-0.0002665093634277582
-0.17132613062858582
0.11914660781621933
-0.12088964134454727
0.13115033507347107
-0.02175395004451275
0.04286385700106621
-0.04011297971010208
-0.02543870359659195
0.12564605474472046
0.07101493328809738
-0.1486435979604721
0.08712393790483475
0.16209600865840912
0.10313864797353745
-0.1333881914615631
-0.04200335592031479
0.1724855750799179
-0.1716773808002472
-0.07932411134243011
0.0114428186789155
0.09471309930086136
-0.1077197939157486
0.012644425965845585
-0.04861336573958397
0.17641712725162506
-0.08788561075925827
0.007607731502503157
0.05719616264104843
-0.0657973513007164
-0.12284476310014725
0.1271466612815857
-0.08788999915122986
-0.1597975343465805
-0.021344903856515884
-0.1650591641664505
0.12503232061862946
0.009043917059898376
0.12280778586864471
0.12507469952106476
0.08311903476715088
-0.06944980472326279
0.08110608160495758
0.1153416857123375
-0.04624267295002937
0.07282398641109467
-0.05271410942077637
-0.1258416771888733
-0.12190300226211548
0.09026817232370377
0.11164971441030502
-0.03403617814183235
-0.09711989015340805
0.14214150607585907
0.10701745003461838
-0.029960881918668747
-0.10229554027318954
-0.0038330070674419403
-0.08694475144147873
0.004420507699251175
0.091740682721138
0.02823026292026043
-0.07064776122570038
-0.03441673889756203
-0.05262970179319382
-0.12792004644870758
-0.11497882753610611
-0.15688514709472656
-0.06330106407403946
0.1040726900100708
0.1671454906463623
-0.00012637120380531996
0.05437043681740761
-0.09568500518798828
-0.06376896798610687
0.11171658337116241
-0.12718679010868073
0.0652109906077385
-0.019051749259233475
-0.09616664052009583
-0.07892186939716339
0.11912523955106735
0.14637687802314758
-0.02723628468811512
-0.1449531465768814
-0.0818137675523758
-0.11546708643436432
0.059306737035512924
0.013772607780992985
0.1276729553937912
0.16004399955272675
-0.12297210097312927
0.14918817579746246
0.015785396099090576
0.005858236458152533
-0.03204972296953201
-0.08945591747760773
-0.05806916952133179
-0.152848020195961
0.058286167681217194
-0.0028172822203487158
-0.06640754640102386
-0.15830281376838684
0.14114613831043243
-0.14929477870464325
-0.05368863791227341
0.07230819016695023
0.12125417590141296
-0.07950139045715332
-0.16418002545833588
-0.0873536467552185
0.12306135892868042
-0.14569438993930817
0.0594913586974144
0.08757240325212479
-0.05943102762103081
0.0526948943734169
-0.1741330325603485
0.021823091432452202
0.16874244809150696
0.0725574642419815
0.1516096293926239
-0.006218553986400366
-0.1478528529405594
-0.14096039533615112
-0.11636319011449814
0.16688582301139832
0.055747248232364655
-0.12927031517028809
0.11250670254230499
-0.14437007904052734
0.06650736182928085
0.0953415259718895
-0.14075687527656555
0.17321325838565826
0.14238227903842926
0.13573096692562103
0.02318502403795719
0.06640788912773132
-0.10253050923347473
0.054008450359106064
0.0530318021774292
-0.004050143528729677
-0.08149745315313339
-0.1623714566230774
-0.002054136246442795
-0.06053084507584572
0.016494711861014366
0.07310423254966736
-0.1072719469666481
-0.1304623931646347
-0.11554280668497086
0.09441936761140823
0.07288539409637451
-0.1664745807647705
0.048985805362463
0.039458174258470535
-0.11440225690603256
0.07368958741426468
0.016122963279485703
0.14919275045394897
0.11585602909326553
0.08249429613351822
0.04904875159263611
0.14086729288101196
0.0315527617931366
0.1638946235179901
0.03598809614777565
0.04769589379429817
-0.17474035918712616
0.1356334090232849
-0.142829030752182
0.03261303901672363
0.12177202850580215
0.031835172325372696
0.06499674171209335
0.16132059693336487
-0.144587904214859
0.0002400602534180507
0.16652989387512207
-0.05565398558974266
-0.16124583780765533
0.11300915479660034
0.004566030111163855
0.08589634299278259
0.02035469003021717
0.018924199044704437
-0.00732060382142663
0.08682353049516678
-0.14366848766803741
0.14917418360710144
0.17577201128005981
0.030580904334783554
0.0527939572930336
0.15110546350479126
0.16608020663261414
-0.026902543380856514
-0.06157027557492256
-0.08235247433185577
-0.135215163230896
0.10668211430311203
0.04196827486157417
0.12146863341331482
-0.09112939983606339
-0.08664403855800629
0.02918165735900402
0.06308753043413162
-0.17133332788944244
-0.07013630121946335
-0.07156945019960403
0.11118032038211823
-0.06039193645119667
-0.1706031858921051
-0.03023741953074932
-0.10000281780958176
-0.018255919218063354
-0.06979773938655853
-0.1540597528219223
-0.05470361188054085
0.03853804990649223
0.12022241204977036
0.15802212059497833
0.10434368252754211
-0.07798964530229568
0.01763254776597023
0.08787274360656738
-0.15289458632469177
-0.15629804134368896
-0.0873832255601883
-0.10107512027025223
0.17103196680545807
0.0021953326649963856
0.13503383100032806
0.01878567785024643
-0.0941731333732605
-0.10812433063983917
-0.16284088790416718
0.06668978929519653
0.012937011197209358
0.08049238473176956
-0.04429991915822029
0.0999949723482132
-0.01218361034989357
0.13513752818107605
0.15939779579639435
0.12448664009571075
-0.043520767241716385
0.12713117897510529
-0.10496175289154053
0.1014287993311882
0.060098957270383835
0.10343845188617706
-0.014927682466804981
0.13936704397201538
-0.03335835412144661
0.015752017498016357
0.0847611129283905
0.023491928353905678
0.09115774184465408
0.11660266667604446
0.10336915403604507
0.16161897778511047
-0.13694120943546295
0.07561075687408447
0.127254918217659
-0.1142796128988266
-0.1748197227716446
0.15701444447040558
0.13947761058807373
0.15916873514652252
-0.04241986572742462
0.0700933039188385
0.08344458788633347
0.0949641764163971
-0.002713387366384268
0.16558219492435455
0.09395412355661392
0.1639593541622162
-0.009464276023209095
0.03619448095560074
0.07491375505924225
0.08734923601150513
-0.12298429757356644
-0.055131696164608
-0.11717366427183151
0.06593671441078186
0.03269434720277786
-0.09754787385463715
0.09025721997022629
-0.03328651562333107
0.15967567265033722
0.1817709505558014
0.11072954535484314
-0.13462376594543457
-0.059160251170396805
-0.013595107942819595
0.051878586411476135
-0.0762578696012497
0.14436495304107666
0.11859146505594254
-0.1271975189447403
-0.06860806047916412
-0.0778297558426857
0.10494773834943771
-0.034770216792821884
0.05047154054045677
0.06662175804376602
0.09929322451353073
-0.10705578327178955
0.11745946109294891
0.019429637119174004
-0.06201127916574478
-0.07597742974758148
0.0020463597029447556
-0.0054592532105743885
-0.1653684377670288
0.013737143948674202
-0.17440475523471832
0.033440906554460526
0.1630711555480957
0.051091644912958145
0.05321606993675232
0.10537458956241608
-0.1600787341594696
0.08529756218194962
0.12760666012763977
0.05844161659479141
0.07359378784894943
0.0910809338092804
0.12127111852169037
0.1716807633638382
-0.06676686555147171
-0.16616182029247284
-0.15882909297943115
0.0022642200347036123
0.0014898941153660417
0.03968783840537071
0.08111933618783951
0.00154964963439852
0.06989215314388275
0.1697550117969513
-0.00987309031188488
0.154508575797081
0.09018372744321823
0.0017010850133374333
0.12775439023971558
0.04889516532421112
0.1498980075120926
0.04857742413878441
-0.11479368805885315
-0.029975352808833122
0.11164580285549164
0.07526182383298874
0.11025524139404297
0.13726991415023804
0.0737665444612503
0.06341581791639328
-0.004268254153430462
0.10823328793048859
-0.05320695787668228
-0.021241143345832825
-0.09570462256669998
-0.11305663734674454
0.05133839324116707
-0.04029189795255661
-0.08966942876577377
-0.02160322107374668
0.054277580231428146
-0.07106859236955643
0.0062231565825641155
-0.13005997240543365
-0.0134921008720994
-0.11165991425514221
0.11767417937517166
0.06272970885038376
-0.03296750411391258
-0.1305844783782959
0.1654987782239914
-0.09871134161949158
0.027578605338931084
-0.22972705960273743
