-33.613564
9.645088
-27.542213
5.500307
-14.404973
21.142754
-26.623405
-24.059711
-17.360224
-7.8900037
-17.606998
-13.476524
-1.669637
18.817188
-8.16779
10.363793
-21.7791
10.98444
48.90219
22.337303
37.60489
-4.047622
12.651759
-16.080664
-1.671447
34.127396
58.421764
33.321968
21.028574
-6.4345913
58.9567
-0.9051887
-39.373405
9.630076
-10.586502
52.73918
28.68681
-54.817226
-19.753824
-49.224922
76.16579
-1.5455647
-19.437475
4.4927197
20.151701
-1.6814866
-28.452503
0.45169294
56.10508
22.765049
-18.212479
-6.2475233
26.052954
34.31338
-32.73849
33.4407
-6.1067085
-32.135963
44.192528
5.3089924
-28.92691
-15.700774
3.9796028
1.8544847
-8.387351
-29.8094
-55.163708
-15.382253
-9.036814
-1.191681
25.287308
24.23242
80.43016
55.68539
5.44251
-19.222706
14.176604
-14.988946
49.345413
-32.51536
-0.14461136
40.1953
5.3652463
21.472893
11.639671
13.06026
-7.2996573
-20.45597
-11.168677
30.453188
23.344728
15.616783
1.0494568
35.966038
-18.288063
44.190964
14.375158
-28.346382
44.271202
-27.976921
34.63987
-35.784637
25.607159
-15.276972
-53.852608
6.8050737
-22.179285
18.962257
23.301214
-1.9706368
5.893216
-12.589075
15.79462
13.643484
-4.148764
-39.147015
22.053713
-11.263688
22.583382
-39.80452
12.979346
10.115953
10.723136
-0.124928236
37.698925
31.152414
9.430613
25.612099
18.784824
30.431025
-9.361494
16.73423
38.705215
-2.8945322
-49.693977
23.86877
9.840448
-3.0084908
30.216341
-10.250862
3.9841657
-1.5362427
2.2816274
20.806795
-26.717133
5.726253
29.538162
-0.991379
26.661057
-13.827977
0.5963484
16.892565
-38.22532
26.487432
-34.44541
-6.8696175
-3.518827
-18.681602
1.9042592
33.81798
-3.978973
-37.178196
-0.89937127
-16.807062
-26.903566
-25.911716
-16.822824
42.39189
-2.6510327
-14.019567
47.2228
-56.051926
1.0338306
15.21449
-38.799587
-0.15871179
-3.288478
40.02867
-14.765922
2.9149337
-48.054886
11.321269
21.001177
14.19115
-25.473795
-1.4812672
3.7436643
-25.072746
32.12783
34.37126
21.908237
-33.17017
18.069862
-69.40844
1.8710544
-2.3754625
12.59957
-18.863638
-14.416346
-18.966278
30.980625
29.65482
-8.422474
-48.02108
41.593895
-7.5414567
-57.24828
-16.880772
-31.144386
-63.350914
-12.772511
-2.2704372
17.420542
27.196053
41.836758
21.66546
-19.38075
-4.145883
9.578643
20.521612
22.400843
-5.737887
11.040164
-15.531963
29.361378
-5.210416
-6.1394887
-24.465618
-3.2897654
-26.407927
-24.565603
36.319603
46.631905
39.512985
-25.24561
-2.2363348
-8.350006
-2.787649
-31.787437
-7.1903496
6.9032073
-59.846985
-35.085724
-42.065975
37.01143
43.40953
-57.979427
8.632518
-39.617874
8.791642
-15.886385
-27.204233
44.44553
-29.693624
11.454659
14.255261
68.3685
24.876595
59.86869
-39.34746
-54.138775
31.22238
-55.82865
-10.302382
-17.752134
-25.678944
3.297955
2.020406
1.8954211
27.566427
-30.360779
-5.214367
21.585848
38.143463
39.050076
-1.3874452
-45.260265
-13.565902
-11.534701
65.69873
0.55439115
-15.460207
-23.239716
7.8976564
-15.687491
-15.973474
3.255298
-13.399047
-22.277737
33.5468
-69.40051
75.652176
15.663916
-31.159021
10.783626
1.9433627
-2.2798164
-7.9554377
18.553473
21.52871
-11.68681
-10.943692
69.360054
-0.86740184
24.186312
-22.73518
-26.59327
-42.76639
-10.370554
-19.835367
-57.764397
26.725018
-11.256049
14.464464
31.007349
10.97072
25.32332
25.429497
-37.504387
7.9585266
-1.7167735
-11.945024
20.222845
-35.189793
-12.998945
39.127346
-3.7989252
42.60447
-8.223632
2.0272915
-52.32461
-12.720021
24.364904
-17.290464
16.856674
43.501545
-34.405518
-52.388233
-9.007672
22.728367
-22.99249
21.244038
-21.236574
38.020756
-43.38086
5.418977
0.20437634
-19.085451
13.607675
5.2004957
-53.724155
61.96856
-13.761362
-24.044277
-48.039978
27.974077
-49.41771
19.645092
8.261281
-4.7966824
3.543091
19.756504
2.9493413
-20.45664
16.11874
-36.234383
57.86645
-4.512925
-18.684004
19.61136
3.3911333
9.443079
-16.656513
0.8223961
19.664192
-42.480267
-40.435318
6.7323294
-20.945814
-51.089424
-29.239603
-0.7904987
-33.206264
-69.46484
19.004604
39.230392
26.920044
8.321907
22.375042
-4.6725006
40.05424
4.767042
-6.052865
23.752962
39.965324
16.142517
10.467185
-5.0353537
12.091954
-1.5435117
-63.832268
-52.010395
12.885824
-24.851818
45.756546
20.578056
-0.73567784
4.884375
40.848
12.60894
-17.638687
64.96365
13.39726
-25.573608
28.317703
-6.381524
13.200375
-24.961832
-3.5698733
20.048288
-7.6612463
-32.706066
24.851107
-41.103943
-23.859901
-7.1684427
-2.7821221
6.719408
-44.84058
-46.17239
1.3108839
-17.140493
24.862001
-51.777176
16.9089
0.9493443
-9.671373
-55.68067
-46.907856
15.307814
11.255462
-32.155426
0.7563629
-9.078113
8.716391
-35.659626
-19.218
-13.302266
8.747514
-17.276815
-5.473476
27.99385
-26.762129
28.053564
-42.391098
-10.718945
-14.773351
-19.36789
-19.446884
-18.414524
-12.937996
-10.278254
27.665613
-19.149422
19.885006
-4.2160177
12.910824
13.268846
-11.6454735
48.83887
-48.19956
16.715412
-5.7920513
4.8557343
-45.206886
25.165756
38.458443
-10.96386
33.66456
-39.562553
-37.17886
-20.171593
-32.303303
-24.024134
-6.108592
-1.4006377
-38.490738
-3.7985435
22.062134
15.939984
-45.471394
12.610163
-9.272401
-4.26332
-18.44494
32.439182
-24.616327
45.832947
-7.038489
-25.04192
-14.062965
-46.996483
-44.77939
11.695593
2.9698658
-2.7961936
0.09237209
-16.483799
-14.042739
50.184834
-24.395967
12.079841
-27.050997
7.6035132
-3.2294888
-18.240055
5.922936
-8.341413
35.451824
8.619931
5.6682
13.5837555
-23.724827
-9.13887
38.03053
9.113843
33.527916
-34.09102
-4.7032743
12.577933
-49.4397
38.718895
-8.904037
-8.812236
-9.209475
2.2028852
47.574306
-38.96999
-10.444735
-42.06439
22.887686
-48.67292
-3.4555027
12.488928
17.308586
8.87266
-6.8534946
18.862202
-29.189175
7.017827
-28.350676
32.136078
21.274164
-48.987984
21.424885
-21.300432
-15.813057
28.210701
-1.32405
-13.853749
26.912771
30.739975
18.82295
-2.0162768
-3.3681011
16.151506
-17.465075
31.904922
-11.4533
12.870449
21.30921
-13.864282
26.834438
-8.0441675
-37.077827
-21.428034
25.898058
-5.504543
13.093715
-13.836638
-31.021004
-11.574404
-4.285988
-7.01779
10.88027
7.250901
29.759062
-3.9776917
-36.041252
38.080338
40.618603
-37.494785
-43.155193
-12.450534
-47.61951
18.454506
41.848988
-53.80598
26.028078
34.004387
40.622612
-41.562023
-16.354414
33.11252
10.842007
11.025232
69.84233
-42.863167
-57.69177
-7.3700438
-25.649652
-19.17745
12.901614
-34.475822
-13.693376
58.700825
29.299082
-35.393005
30.075745
35.595406
72.07534
11.284709
62.487484
77.738014
92.593864
-7.358186
20.381804
38.12441
-6.701197
24.05208
25.814531
-28.410978
-12.520849
-40.85656
-37.535954
10.660998
10.326333
31.26857
-31.453537
39.05134
-20.098358
44.15489
-52.816532
-22.586823
-20.204405
22.779966
33.452923
21.315468
27.07106
47.373165
8.308843
-23.262108
34.713497
-14.946194
-2.632371
16.002602
18.234707
38.300068
-32.080303
32.48274
-24.967115
-12.896956
22.817684
-4.7029843
-4.691519
41.32979
-14.122958
-17.011919
-4.7444806
-13.151024
-54.025913
33.26583
-4.1489515
-17.527246
-13.067416
13.361998
40.506245
25.012558
46.647957
-27.002495
-24.55673
15.668516
34.025734
-45.082615
-11.743021
10.501202
-17.391712
25.081085
-20.098682
-11.432555
4.962034
29.80434
33.783653
29.130323
15.599459
-6.8987565
40.29941
-8.398556
32.248447
-82.02713
-5.7381597
30.077724
-23.84821
5.481852
-2.2612495
-32.88516
-21.290365
23.617111
-23.80444
-38.58679
-0.50419676
-3.5268216
-31.78223
-23.744505
8.208726
-27.04907
-22.137999
17.59929
-0.45666677
-37.528748
-6.9081764
41.925537
19.426006
1.6533341
-2.455723
14.219521
-16.805178
7.0435405
-2.5741253
22.878307
-38.51372
26.085203
12.328788
40.875477
-12.930221
-14.808841
50.105083
-22.753452
-3.420435
-8.98041
53.667057
-3.7494817
-33.92134
12.958327
-18.927029
-46.29437
-11.107292
-56.663265
-27.248938
3.1691976
-10.721177
-5.1787777
46.5111
-18.720947
18.717602
-7.146129
27.773722
21.384571
-75.60503
44.51144
-19.92231
4.587578
-6.7651367
-5.5908847
-6.517981
17.590672
67.65827
-19.33463
-7.7301626
55.930725
-11.551786
-22.099524
-32.46148
34.324986
-39.764465
-23.172329
14.636424
28.711512
-41.719475
-2.6139574
13.082604
-5.112886
23.180521
20.220201
14.0192995
26.257044
59.235233
-9.010216
-15.629543
-10.051204
-5.618971
-30.799643
-42.835743
-3.4264674
16.773233
-9.10964
16.49612
-52.747864
-42.243233
21.904627
1.5745412
32.16435
-22.169939
-33.52589
42.83772
30.632065
-8.496458
24.36389
-9.411404
32.917862
34.78449
-16.686169
17.346786
-9.381904
-17.031542
-6.042638
-2.5991678
45.693947
0.66035426
-65.51202
14.379304
21.446638
54.430042
7.1622005
-45.11909
-56.519764
-20.152515
19.018425
14.0452
-7.0086565
24.427399
-8.787872
-7.146693
27.686214
66.828224
25.22641
21.232021
-25.90833
10.078043
-29.153465
-17.95916
-28.638554
55.199703
-11.091284
32.58922
-2.3768094
-3.6793656
-0.81716835
-4.417309
59.215164
-38.952305
53.166374
-29.17525
-2.531401
-16.994526
9.966175
-14.114707
-37.45725
-8.932982
-28.073793
17.173502
-6.5778513
19.939564
-34.103153
-23.639767
-25.144018
-3.2211456
19.02256
-16.15697
-18.429852
28.026255
-2.366322
14.783497
-6.8061304
2.4924016
7.691873
-2.1785676
1.3074017
-26.201077
-30.701359
-36.626884
-20.197798
-10.940201
-16.840528
-25.134321
27.090557
-49.200596
-9.666466
-58.3297
0.5126381
-5.918989
21.553553
-20.738356
-1.4542134
-51.51647
-26.67382
19.369507
-3.1812358
33.536896
32.266094
6.63719
15.680283
31.531794
-52.923912
-40.735466
28.603897
43.271736
-32.556606
18.293968
8.388019
55.495506
-18.425892
42.98774
-21.813814
-25.146524
49.87618
-31.907345
21.26653
-19.09682
-16.407883
-2.63523
-73.913864
14.4009495
18.92083
0.3536358
12.6694765
-37.945797
-34.796967
36.742325
-26.568455
-2.3006458
34.718987
9.834663
-16.833315
-17.24009
-7.3442707
-17.513926
13.088363
-22.213943
-28.387365
-1.7944132
-32.258553
-10.695349
42.429394
-22.31509
23.541142
10.077588
15.676574
-26.812145
33.770744
-35.11228
57.47445
33.1034
-17.280382
-4.282247
-6.864058
6.352187
-8.3316345
20.244905
22.847885
30.897865
-49.601997
-13.872349
-12.339755
24.771835
-15.127355
41.059494
-47.23055
20.596565
-0.984902
46.96586
-28.795435
15.732355
14.337585
-43.85282
33.48372
10.141104
6.7734847
39.27246
-13.782977
-9.454555
-8.608468
-46.484623
-17.534239
19.229385
-17.066423
-22.344915
56.553307
30.471014
-5.1832438
-7.0244193
-4.7852874
28.489227
-9.571093
3.3820589
-19.79916
19.219744
-13.991419
10.547688
15.511174
33.786682
-43.507763
8.115168
5.330798
-0.7414705
-50.597477
35.2579
0.9560542
21.73169
-23.300823
-11.043177
-23.517937
10.521889
-9.676354
67.16656
28.878613
-37.940544
-15.2996645
-4.415104
-43.117577
-2.0023687
8.743807
-32.40192
13.937721
24.712059
-13.10138
-57.0346
-46.177605
31.122675
-15.666614
-19.518175
-47.595028
13.187791
15.54315
-14.248562
-2.8255072
15.724075
5.3139377
-19.105913
0.31177384
5.337397
32.107944
68.00206
23.464663
-20.29344
4.73336
-26.218092
11.295598
34.939014
-8.017335
-0.68273586
50.61049
-2.0081985
-2.7168603
-10.305929
-28.462944
-7.8242397
43.41912
42.74005
-18.963697
51.492107
-38.11062
55.948555
8.704797
6.153771
-6.445404
20.735292
3.0044143
5.580725
-8.072651
-12.262833
3.9562395
-70.381294
-53.552082
57.302376
22.437088
68.71276
3.8058228
-7.186592
-8.432831
-12.704566
-29.911938
-39.85315
-4.9275126
27.539364
43.748566
15.409229
18.90923
-9.978109
21.120707
-4.0784044
14.089829
6.7786274
14.452814
6.2482405
2.529743
13.4911995
24.753717
-35.106697
-0.48733014
11.535136
-20.431828
-20.445677
24.4302
15.746928
57.930653
-25.88325
46.63294
-0.41849577
-23.470728
24.510908
-9.292621
31.521673
31.190813
-5.531146
-32.10935
-18.628088
68.70496
32.44091
20.224075
-10.502512
-13.509705
25.110353
37.59857
-7.794352
0.93317944
32.145958
10.850119
47.231174
48.40038
-26.119413
-16.678055
-1.8450134
70.24583
-20.159433
25.331268
-0.18289793
-48.741783
4.944582
-2.026015
12.921796
-1.6402843
18.417393
-21.217215
-19.064365
15.373153
11.703246
55.653175
4.736885
-6.631947
57.59398
-10.298267
-44.465828
14.4932375
0.48663718
-19.74493
10.130037
29.076056
-56.064644
10.265586
16.021975
0.819966
46.886745
-12.895368
-41.84246
-10.144459
-17.037188
109.062546
20.033634
27.02543
59.192513
-59.56042
8.530347
24.800932
23.308147
-18.738113
-30.132235
12.642548
10.598984
-20.170916
13.261133
34.88163
25.480413
73.89614
21.008347
-7.7147126
6.1959863
12.544298
-6.4887013
-36.438457
2.358053
23.131483
-8.62359
35.425434
-12.662527
53.572613
-10.92579
44.64141
-46.426823
6.371411
24.734999
-11.974421
-28.802559
-36.708267
21.56234
12.883676
-25.055155
-31.502602
-0.9377912
24.907978
-55.281254
22.36284
17.203136
53.09398
19.307262
-2.3632472
2.103629
39.79753
3.0876744
-60.99621
-14.948124
6.3626585
33.659916
3.899641
28.902287
28.043753
2.934112
-7.147234
7.8941774
6.640565
23.251158
5.063283
18.99143
28.553133
-23.87518
-33.71859
22.601295
11.9920225
-41.33876
65.44678
-28.074596
-27.521019
-5.607884
5.174901
-21.917734
15.594858
24.373955
-26.242208
-24.76227
-20.802164
7.9389863
-68.31143
-25.806223
-60.67079
-3.371667
-3.8899972
-18.141106
-11.480059
-10.860974
38.921074
-47.532875
-0.36782366
-14.291592
37.323944
8.350562
-12.212148
10.549202
-8.362337
-18.44763
-62.369404
-22.386574
20.805458
-54.213078
24.493809
-69.22899
62.91097
-0.7613982
21.66505
35.616947
16.040194
-27.308207
17.837029
-3.425292
3.8277843
-0.7749509
-13.345997
-16.705145
36.790947
15.631783
-8.412826
18.541452
37.255535
-0.61298895
-25.178034
-21.830885
20.857586
25.374214
17.307194
4.744315
-1.1612455
-8.687221
26.080997
-15.752846
-41.87404
-64.895744
12.221123
-24.012054
25.869364
-41.525387
32.939953
-17.806925
5.2811937
21.274237
-12.673501
9.621184
-8.307169
-14.922052
-16.487686
-12.653993
-18.724829
-8.578822
53.170475
-3.4451299
42.181446
-15.757866
-51.831924
31.026407
2.4916286
-27.926409
3.5811899
14.679304
-28.19543
25.98125
22.885815
-20.322079
20.738623
16.462831
-4.593534
-12.889243
22.997078
-41.226997
-40.996323
31.592028
-6.7597666
-62.886787
-50.99899
15.2393265
52.18289
-41.01404
4.4245076
-20.767084
49.308926
23.751019
-3.4221315
-0.21717328
30.174522
-44.668777
22.000507
-1.6045163
-14.849843
4.9365187
-7.1912975
50.731895
55.406517
-12.801811
-26.436205
-16.956533
5.665687
-34.2341
32.811413
18.411371
3.4218225
26.059032
-20.352873
4.6231728
53.956932
6.7586536
-7.0033274
37.825222
-37.355114
-2.3747022
15.55184
0.03179729
4.073352
6.50482
-0.89408267
-6.338415
42.218628
3.1170597
15.110237
-7.9694715
50.70404
1.1516864
25.676918
-15.806282
-23.773663
13.702518
23.096174
-8.172107
13.780883
-23.832678
-22.659405
23.735413
6.537182
-1.1354291
-44.75602
20.570217
-8.194075
-15.79604
-8.905702
-1.081981
-21.698523
-19.24108
-47.817646
10.835299
35.158375
30.801989
-62.182816
18.959583
21.489252
18.141697
-60.14844
-79.21742
-15.852087
-9.732415
43.987663
51.889427
-2.6681445
48.800777
-2.1045523
-28.007597
11.866909
12.97618
-44.083836
-20.879896
-26.43833
21.022116
1.5787692
75.583534
-6.136457
-43.79264
-15.99183
-18.14978
-21.574593
77.99142
5.8347154
-44.130745
-48.893234
-14.33603
-24.735998
33.992615
-18.96002
-1.3828965
-2.1553144
-55.39657
-8.763162
40.030884
-23.947361
21.336552
27.954096
24.684496
30.116106
-17.942957
19.335636
-18.204794
-33.391094
8.417937
43.742493
-9.321178
-51.87603
-30.40164
-19.411945
-18.005297
27.615688
20.341864
-50.200344
6.918973
2.4990492
12.9381485
25.046453
-5.1991367
-6.1541815
-17.796331
-17.217958
-13.139965
-22.120201
-5.183489
50.788315
48.751743
46.12581
11.779746
-8.120309
14.497934
31.168663
-35.570557
-21.94755
10.700189
2.85329
-22.987864
12.900908
29.04281
13.584562
79.10252
36.45672
0.41387194
11.975232
-33.361668
4.1645765
29.187965
35.79186
-18.90332
-27.807554
43.448223
3.254364
-34.94045
20.34812
-19.44221
-16.049696
-45.365543
-18.596283
-15.058971
-50.1176
-16.525078
30.955605
-14.26109
31.652298
-38.23116
47.48984
-5.1024857
51.1127
-44.72771
2.634919
-41.639523
-10.122222
5.1794424
-29.863379
10.906763
2.6102166
17.430334
2.5387037
-26.720331
-22.13861
-3.7297857
48.118835
-1.4691894
26.961357
22.848883
21.150759
-10.890194
7.5694695
-36.365448
6.9086037
-29.555325
64.61973
11.188636
-0.8733755
35.83948
-2.4809
23.772192
-31.742182
13.62501
28.279772
-29.595774
0.0011320114
-13.36636
-14.166189
-28.399136
14.053915
-26.307177
0.45589602
-42.451576
31.25051
-20.008097
-14.735432
-42.044613
-20.69634
-42.01507
-13.490019
9.420832
12.016305
-21.99577
-49.331306
-4.364013
7.5873175
-23.504345
-10.514022
40.407196
-34.581177
8.220252
27.75242
56.952988
0.2389059
16.484484
4.831128
7.772164
-1.3572897
-2.2710092
-27.2197
1.8047825
-17.972008
36.682247
-14.5765915
4.8146577
-1.2916863
-15.710653
32.123486
6.4166493
15.724148
-15.778208
11.131642
26.633945
-26.535017
-24.184917
-16.713062
41.692047
-17.500422
-23.40829
25.928896
-6.7357273
-12.868335
63.434105
28.227638
-32.167057
-11.459902
-12.25416
37.559807
-2.1798823
23.282316
-29.343266
-32.548084
33.813015
-12.0461445
11.701599
-25.70433
26.000357
-67.91761
0.08162292
-5.0912833
-11.537754
15.779003
-14.113125
-9.005543
10.80982
22.529074
14.774926
-17.4259
31.248554
-4.030989
-35.830734
11.017151
-3.8772593
34.49218
17.915058
-31.905005
18.141161
-33.114784
-41.741474
10.440175
47.16406
-76.483345
-45.991364
14.584063
17.468277
7.601918
-25.527422
-33.775307
-4.11769
9.645815
66.420944
-17.164528
-19.225908
-25.095612
27.902262
6.246917
-44.98162
-22.799358
1.7499399
-8.322609
-46.824432
23.161226
34.22039
6.2126846
-38.054527
19.972383
21.651108
36.320354
20.037355
42.66591
-18.048248
-47.529236
-18.575974
40.11703
29.385414
-24.469925
-2.7397165
-1.0792519
-21.608267
12.90007
15.307952
35.46812
-5.000312
-17.533434
-30.172073
-5.15755
22.150343
48.328568
-16.690525
22.503178
-2.9124327
40.326015
-46.80452
35.056717
18.390417
35.166718
-37.554447
1.5441695
-35.69432
9.603447
0.61514854
-28.00475
36.181458
25.814709
2.9614027
-44.88383
25.330854
-32.923176
18.011955
-27.32054
-11.7145405
-7.127856
-8.774894
-13.466913
6.337515
-6.3333645
45.10798
36.618515
35.64681
15.82595
58.932453
42.042355
-4.8403525
-3.1449208
28.462484
-8.957868
-25.62582
15.014271
-13.507225
-2.6868255
-11.386116
42.56208
29.71842
-55.204117
-49.730686
-7.960462
-16.545088
33.137424
13.901877
6.4067526
-38.02041
14.337748
7.520571
7.0622554
-13.809205
-47.388783
-50.461227
-9.642147
33.16475
18.36983
22.722538
15.914485
47.244343
43.382084
20.511677
-13.137795
13.239452
50.79499
23.747639
16.284472
17.302616
-39.024273
12.01748
0.78886926
-0.7254858
-20.620262
-10.2975855
55.269577
45.276207
-13.353664
21.692953
-43.000847
-34.297985
9.657856
-22.884792
8.742875
-0.24742448
-22.793386
-1.825975
-34.653282
40.70227
0.34455657
-2.3567643
34.03075
16.536404
9.739996
15.3039255
-14.167645
-9.542141
27.189528
-30.198553
22.80093
-30.315233
39.245987
-38.09018
9.832014
15.155957
-59.84401
-44.97794
-7.5901
72.26015
2.136358
-83.27784
13.67643
20.471266
3.2722683
28.985819
-2.9184148
38.102158
-45.61461
39.535305
-32.19138
-20.773546
36.090137
-17.505562
19.875818
33.243675
57.15209
3.324974
26.300266
-24.854668
-16.297276
-16.926926
-26.530247
-19.136908
2.4052947
-27.208834
-10.453004
32.645977
25.713163
-44.827972
-5.9606194
-13.887327
-30.215107
19.815464
-14.168894
16.455538
1.0236274
-32.522644
28.561527
-5.8858967
-35.62978
8.167406
37.49344
25.813227
-32.172516
-44.709274
9.889691
26.605434
47.67967
10.3547535
-11.333794
2.6803682
-7.1361423
-5.081011
-25.363277
-8.8542
-18.91113
-50.715954
-14.450832
-2.6811383
-49.155663
35.461803
28.435547
-49.472904
2.4138184
-39.32434
41.56793
14.953299
-21.289993
-11.13639
23.0313
-36.607155
-16.70405
20.983274
-13.506576
46.20204
-5.195055
60.09922
21.634682
-34.150715
25.344799
24.697481
-16.51054
43.63901
-26.456583
-21.621439
41.56779
-13.273166
27.479315
18.759977
3.4108176
-6.941972
-43.490337
41.054295
44.127483
6.2784038
-23.753153
22.500158
50.185875
-5.350876
4.7024746
23.60765
-0.48501983
18.108316
-33.481007
27.402739
-19.134647
38.524635
80.45191
-58.93341
15.254898
-1.3031956
-4.273282
77.72374
-9.360175
34.962795
31.946661
41.697865
14.1165905
5.5786953
-10.382928
-1.7917879
-18.366173
-10.628126
-20.107874
-30.917847
34.936665
21.458937
-14.112573
-2.572773
47.97465
-28.212557
2.9959803
-72.52834
37.93759
86.86466
-0.68486714
-7.0406227
12.801229
3.4273975
5.9104395
8.601099
32.561413
5.111059
13.173285
8.191738
6.8860097
38.761417
-47.49821
-20.254301
13.880365
-52.70606
77.98035
-24.662853
-47.985687
11.784432
49.15727
12.713179
47.30204
-58.785225
-30.334097
6.8776774
4.870425
-79.17591
-26.434053
64.45389
31.523258
1.7362518
27.866161
45.146374
34.58973
18.962404
3.235906
67.83031
24.222815
4.503137
-34.107037
28.862072
-24.275152
-3.644572
-4.3893547
-5.120779
-53.13065
6.577016
22.382923
-31.280672
-46.23766
4.0606356
-11.209795
2.8057444
-22.643927
-12.654182
19.084799
8.060248
3.2174478
4.385136
-51.580666
-2.8498588
-3.2215443
-19.60331
-25.260704
48.05683
4.449571
29.371868
37.903404
-32.297462
2.7118645
-13.366352
-26.547205
-22.057886
-20.39301
-29.708118
30.677172
38.85149
-12.026922
-33.18949
-2.5953472
15.885497
18.85671
-48.371433
14.390611
-6.8750315
30.691631
29.653284
34.949577
19.602522
-2.178176
53.364918
-16.233713
-9.988018
-44.48078
-37.19752
22.164358
-28.364744
-11.687409
51.999836
-62.84888
4.0612516
10.604985
0.1947664
10.412866
-13.210362
-7.531292
0.9251622
-39.511837
-54.410164
-49.526066
44.712944
-2.7718425
-33.33946
-26.718233
18.451014
-40.994373
-12.426874
-2.0619335
-17.750494
2.0135853
-34.027313
28.727213
-24.385704
-25.684238
23.30035
7.6739244
-9.24607
1.1895401
-9.860802
20.934645
21.70135
42.153492
-30.000683
-36.134644
1.9829569
6.1703205
52.864468
29.276325
37.5904
7.3600364
27.970299
21.326096
-42.477856
-10.279048
39.02567
36.02648
-9.168353
37.496174
-21.29418
20.173876
2.009023
-20.165136
-42.31516
10.911921
-13.45567
-3.4871364
53.92781
17.387941
16.08748
-58.05205
19.587286
-2.0596676
-34.000153
1.4126494
-30.653782
-24.50651
-39.7601
-7.037947
18.97284
3.9926605
55.58357
15.617113
-6.568003
-10.804685
-25.540922
-39.00392
4.52129
-2.2975926
2.3526638
0.36660564
26.76177
29.460287
-52.03823
23.962044
-38.589703
41.378937
9.015886
-45.79838
-8.198322
6.1488457
0.6773635
-27.283646
-25.117596
-40.051674
14.549569
6.5191336
-20.588228
-6.10582
21.60307
18.058601
45.319073
-34.61416
-35.726173
7.9505973
25.944132
28.085506
-54.92569
-18.662659
-7.6712055
-14.936272
-3.6675532
13.678686
22.134172
-28.464685
22.038229
-3.2431831
-37.695496
19.253572
-18.036072
7.8774443
-30.263472
-5.886028
7.773413
-10.003266
-23.736294
43.503704
-32.83458
26.407812
13.679459
-17.962954
33.380157
21.311258
14.72531
56.379337
19.086164
53.418613
39.928543
15.185042
32.459606
-16.620169
20.126993
-25.75864
0.36495966
-17.295702
56.01107
-5.293747
22.329412
-46.925606
-25.027248
-16.097906
-16.205656
-45.61653
-29.322887
52.360626
-29.616802
-4.8565235
27.007645
-39.848587
30.317535
3.0750554
28.63277
0.6763737
28.252491
24.095755
-37.996788
4.5686316
-15.881859
-15.219131
19.134537
23.150248
12.465017
-18.039526
-24.605938
-12.709258
-19.011347
10.225219
-18.500916
-6.013255
-5.203254
9.992249
51.949516
-22.542765
-42.263996
39.250275
14.361649
9.59148
64.2095
43.375977
44.78254
3.8836026
4.5272427
-35.44172
1.5340211
-35.113968
-25.043499
26.690205
-16.920385
0.85752803
14.352771
0.9484714
22.861242
-24.895489
-27.59688
-2.9373212
1.9824008
21.412836
2.340021
30.533329
-19.716244
-2.7580595
-31.995522
-14.928193
50.65146
-2.3698745
-45.783436
-6.3431134
-0.3719902
-32.40534
-5.673174
-17.657324
12.142619
-32.572548
17.005823
42.56496
-32.65728
7.3297024
54.826
-17.42775
-18.438566
3.9072313
-27.39783
-66.0156
-38.23027
-8.816275
37.41104
-0.36973405
0.8650743
47.906925
-0.68114424
43.280273
56.52399
55.112488
-22.346048
-17.179295
11.139587
34.838123
10.098847
-67.69528
-5.5071917
-13.669583
-32.272396
-11.583931
19.876432
21.692413
31.144276
-20.485346
12.025205
-20.049496
31.912546
-34.653393
-45.900528
-3.5198288
-48.05037
-3.5383172
59.362362
-33.564354
-22.788965
34.025833
-8.266429
9.536844
-19.593603
20.8258
8.543921
-19.560202
48.464157
-8.417669
-33.88938
7.8120575
-18.288643
5.1758623
-48.474693
-18.77097
1.9313793
-2.7125404
0.7902366
12.567472
-6.1345162
36.427208
-19.194975
-13.076064
-6.546214
6.6667705
-27.808136
27.572472
-29.12245
-29.202808
-2.6626844
-8.851191
-32.69986
-1.6067998
-39.90331
-34.765923
8.827202
27.54287
7.549416
-1.2881889
12.719868
9.348155
-23.936945
9.756869
-17.185457
29.852667
-12.239278
25.027765
-9.800662
3.900934
-80.35803
-49.583076
-29.363874
-1.7722386
26.808111
3.7167742
-36.136047
1.3600869
-26.37239
-17.288841
-33.55206
-17.320948
-5.6194744
12.083144
-21.355145
37.899353
10.313134
63.840576
-27.525028
-25.247282
-27.224669
-15.693704
29.839125
-10.93552
66.389114
-33.344776
-11.395082
-3.3828125
14.515484
4.9070992
32.191547
23.431934
54.362812
-49.503395
5.5608253
-24.833666
9.942933
-3.3496506
-41.370922
-59.79234
-1.546954
31.772743
34.72493
13.555647
-3.0411716
15.508486
9.498679
-40.015186
42.70621
46.7221
25.135824
-22.98539
-29.834038
-9.246333
6.8565645
57.011044
7.749376
64.10846
-34.10371
24.309858
6.7710066
9.34866
26.123976
10.527862
-48.591633
3.326928
-10.412413
25.835892
51.948357
-24.00736
-30.374657
-14.13879
-11.018103
-23.04517
-22.656708
-6.9265356
-45.50902
3.8785508
-48.80989
-8.51948
8.025666
16.51107
-19.606014
-23.991688
-24.59908
33.438198
18.18575
-14.375561
33.7953
-13.548044
-47.59746
41.111626
14.4869995
10.650646
15.340974
-31.545427
10.009863
-12.737076
8.739717
-32.190117
27.536036
-16.074245
-29.489399
13.668646
-0.69400394
34.026043
45.04402
-69.17681
5.1558228
-32.752796
21.217802
-25.404598
-16.185066
-12.070885
-22.10713
71.12376
-58.678127
-31.528246
9.731087
-10.571243
15.092351
-42.790813
24.098797
49.497322
13.630009
4.1859894
32.345074
14.882598
23.118565
23.335373
2.174238
55.604385
45.706905
-5.8238235
-7.496914
32.960377
-12.997405
44.648647
28.710974
77.74442
-7.186183
-23.523285
34.05792
25.481411
-8.676705
-3.409865
-42.331078
-20.916304
-21.642918
-24.188549
-6.38923
-22.344103
-19.159039
-0.31356037
-44.010563
48.85211
23.02797
-36.46926
-23.658195
14.041978
-1.9200349
16.585115
-19.21021
-30.140114
-14.548843
-15.939676
27.058037
-15.693888
8.230643
68.42533
-12.591048
-51.148983
-2.7023454
-53.697647
6.7905335
60.818104
43.693142
-2.5016022
61.092533
58.37097
-2.567093
3.4694033
1.4939903
26.6889
-27.405844
22.808937
-66.96775
-10.700048
-2.41965
-28.419342
-29.327085
-43.141666
-1.2635407
-0.42922544
-61.916306
-36.44942
0.2998923
-4.812911
56.389656
18.000217
7.552497
-4.525093
-21.345257
21.641064
-40.648342
-17.384037
73.24977
32.33286
-23.907719
-0.67563725
6.867816
-17.19962
2.7148104
-1.6257979
12.35739
-22.101904
30.605648
-36.7342
33.752346
-31.473433
22.034046
24.764832
-4.9492426
2.1846423
10.224726
33.60264
-6.2291946
8.749607
-4.2456875
-16.485153
25.585558
2.7861662
24.680256
-8.621178
8.782871
20.67652
-2.2939143
55.877632
49.329216
21.56608
-33.03268
28.401562
-29.122826
16.37875
-51.99785
2.8124545
13.545538
-12.745013
26.656569
11.953731
9.39447
9.230795
15.03289
5.220483
45.9855
68.73072
36.68578
-7.5982924
24.139198
45.70166
-21.821472
4.371788
-37.064674
3.3073645
12.47547
21.444382
-15.50347
-0.24767804
73.45874
8.056657
-30.378393
-52.131187
40.632656
-16.863756
35.64251
-5.0807357
-8.702884
5.4683523
28.710678
-28.510437
31.43285
16.13484
30.528738
15.120989
65.9658
14.920704
-11.952373
-11.032244
-3.4357073
-49.320286
32.87241
63.46549
17.835537
-41.692505
-21.113031
-100.95593
30.502884
20.46128
-1.0588617
8.07055
-10.989415
-29.613026
16.13267
-0.12277764
20.104637
-20.658632
-6.7052116
-0.48220503
0.29247773
23.853275
-17.020107
-7.4099455
-20.136587
-1.3885753
25.871464
-22.011463
-16.287413
-61.78895
-24.891872
14.881048
-19.378666
6.151394
2.4360843
-2.3293784
25.39495
60.10698
-24.930676
17.459486
-18.404617
75.05234
-47.70333
-51.65929
-73.81211
-29.159191
32.58456
21.657242
66.81909
28.127337
-30.387367
44.829834
-44.88514
0.38001478
1.5241443
30.122463
-21.678915
0.72532415
11.015138
23.316662
0.43655252
-22.960335
-23.359753
14.49238
-30.20704
-6.044618
30.085957
-8.847256
22.86539
11.813957
-0.23300064
-19.904997
-3.6654968
-10.671977
-49.793888
-91.975586
-0.96865994
-13.645636
49.10965
19.469957
-0.7905614
-27.67283
-23.514727
13.848877
-18.942347
-33.075294
0.26514995
1.0489024
-9.791582
4.698933
62.361618
31.63392
54.396996
-13.036598
36.986797
-48.274895
-29.492105
39.4194
24.503778
5.844276
6.8253107
-37.78268
-39.05879
22.449541
-32.352077
-38.581535
33.57597
5.868119
-23.76179
90.80502
-16.154423
20.718739
24.568161
22.303226
-2.4994466
-5.3972464
-12.091434
20.462229
-9.694087
32.638668
-38.460217
4.0991297
2.305408
21.497234
32.10965
73.46016
-5.2661715
-57.410664
23.316818
14.048538
25.142006
-45.661247
-11.137145
4.8613315
-16.586842
-42.78546
28.249619
15.39376
13.306318
22.308607
11.486473
18.613249
-6.2277956
-12.204081
18.478306
9.443274
-52.40756
-18.549501
-6.1378164
17.89659
-2.5811758
-24.521587
1.9118884
-38.2051
-27.11633
-4.987384
-38.30844
-11.847991
-15.286204
0.7973852
0.3624739
18.102352
9.193489
-30.005959
-5.5878096
-30.788536
-14.91945
-34.792347
-8.109478
-10.222603
72.93632
-21.299007
10.03501
-33.94319
-24.894613
7.3783474
-70.85267
-9.570198
26.16541
48.954453
-31.976141
52.95049
17.862282
44.23987
37.860153
-24.300802
22.184753
6.509096
10.199188
21.925688
25.778803
5.041959
-4.8986554
-56.53581
-32.341698
-20.829088
-5.0646005
-38.17082
43.946182
7.4826
-29.553902
33.321968
9.001224
42.290466
15.151322
16.088808
-30.471375
36.175407
-6.181891
56.69732
-49.852352
-22.903076
-45.638042
3.3072848
-6.059228
6.9286857
-7.009438
10.723495
-29.474298
17.41224
-66.10923
-33.951385
-21.33513
-25.233862
27.824781
-30.414286
-2.0861852
13.325382
14.000308
-6.526236
-10.605738
23.836329
-2.5870974
7.8623767
14.181084
1.0232358
-24.11812
6.048957
-74.88884
-35.00366
19.553432
25.616892
6.66114
-55.499733
-31.619045
15.322179
22.397087
-5.0082235
23.428587
-24.836935
15.509871
40.302856
30.882
29.499458
42.558937
-53.248615
-20.457626
-6.7686024
16.024082
-7.292349
45.058533
55.65883
18.090775
-5.8293157
7.767291
-8.946447
-23.48453
-0.25599122
-41.849773
-35.06788
-36.23666
37.641293
19.08543
-15.267916
-15.927561
-16.675362
17.992422
-37.278957
-15.918749
14.111407
-33.163662
-24.80081
21.635015
-2.07533
-22.80894
36.419968
-33.266235
-14.781416
-4.7536626
-6.321733
13.939709
9.769112
32.80612
48.58559
-3.5825233
7.728147
21.710016
-37.228172
-25.47187
-24.537914
-20.078066
30.906343
49.91157
-2.9260774
6.4245586
-10.329349
39.978382
-48.671303
-17.539871
-5.351032
20.782558
-0.9480846
10.026053
9.305012
10.045852
11.284444
-54.760002
5.8009067
-23.375322
-17.909006
56.981
-20.908215
-0.7941376
21.276249
-54.37646
2.244227
-4.0260196
-41.619442
-38.237823
-6.700728
19.800758
21.953579
20.460672
23.820162
-24.037657
61.912712
1.0819017
-32.421608
-2.8786123
31.107124
19.907879
-17.18778
-3.7998848
-57.465
2.6361904
-40.230415
-59.73982
-12.953832
33.395203
-34.95035
-10.269659
41.016026
-6.2607107
22.410845
-1.1195058
-9.856791
6.740861
-13.314504
-21.247894
-9.764307
10.436632
-19.735748
30.71845
-7.4345317
6.347105
30.975138
12.337065
-4.871101
28.375784
-9.499866
103.00261
-13.53277
20.200138
-7.018861
24.244707
34.356167
-31.122776
26.615479
-26.036934
22.518324
9.505081
62.49341
-1.20561
-1.0723931
41.903053
18.001225
13.5190735
9.803474
-15.486362
34.06963
7.27617
-32.13608
-47.10006
-14.436926
11.9134445
-3.3038301
-29.419584
20.97568
35.973595
12.991835
-31.553768
11.739493
37.68753
-57.515564
47.70275
-28.591494
43.597466
-19.248465
63.243023
7.7973595
-19.98966
-41.859577
-35.399384
-13.92661
21.106096
52.620724
-24.924723
7.9044065
-59.472916
-20.840956
-6.8761544
18.69506
-5.5109844
22.256317
-32.829296
22.398975
21.524168
40.364716
-4.2261047
0.645826
-13.274072
39.14279
-47.129646
32.268665
27.413433
31.213373
1.0048144
33.311512
-53.589714
-27.990778
11.289949
-43.636623
14.703038
58.69016
