-180.12079
49.578033
-76.74218
-101.20717
37.699158
-130.60954
-10.704511
53.056877
-114.15208
-201.80338
98.432175
-68.41249
53.622707
-94.555046
99.14455
81.90308
-100.14345
-218.65092
178.9607
177.48056
78.45219
129.42995
14.46487
138.13405
-21.76846
120.91334
152.1806
40.682487
109.662964
-63.566208
101.42195
12.743053
160.0171
5.5036287
-282.31085
32.47975
-77.89208
-28.802202
-119.25756
43.871506
163.53831
205.74937
-32.369736
9.848263
-94.48774
-62.00151
-146.03404
-0.5308269
154.4751
119.19931
-42.72718
103.19965
-53.799717
298.93622
93.626114
-112.48231
-44.823605
-105.92676
-81.50594
-11.239365
39.343925
-85.11519
-146.7503
-23.454222
15.1485615
-186.62889
-15.735064
133.76071
122.044426
50.96513
-11.821832
-30.542551
36.902454
-26.10317
48.38826
101.589516
-46.501114
7.728522
119.11073
-142.6456
27.640022
-83.2104
103.74869
18.242077
-167.91731
145.12328
-138.26294
91.347595
78.85646
-107.659355
26.098806
-54.722004
179.17232
-40.926956
-68.86698
76.914375
-59.51191
-3.4138002
-15.300054
-221.08441
87.20821
-61.40184
-131.68335
-27.839565
9.683635
-113.915886
-29.758806
48.861214
-90.23285
-141.88951
-150.78409
2.4709687
-42.464024
-40.719658
36.518448
-158.93684
-92.631355
-64.9314
98.44
-18.208233
-6.0818305
125.54414
74.87325
-60.97775
-29.04639
-162.56546
188.30531
37.304295
-7.7443705
-112.69129
22.14726
30.667498
158.72385
113.15101
-31.178314
-34.759308
102.00788
44.23748
28.771568
-48.825573
87.614136
20.765795
-49.94746
-62.87258
-52.620716
-8.136956
-21.555511
-53.010815
177.80972
109.21332
-64.080605
62.99852
-52.09178
-53.923454
-239.82863
41.476017
-64.39225
121.38334
29.809938
-98.83421
18.579689
-57.220783
-92.98969
-257.9543
190.49414
-5.3653626
5.121002
-104.66602
98.861176
-60.49544
19.921736
16.19541
160.54619
53.498943
-147.53682
84.17131
-124.118774
29.040771
-49.302265
107.87161
34.859455
-1.26601
-5.407176
101.97077
-41.87111
104.91248
-18.39076
-124.99609
-92.657814
265.36978
-50.95061
244.06656
86.50156
-99.599724
-77.893486
-90.14517
-110.40491
-80.875496
-69.84359
-129.73439
74.74971
-90.279015
-116.51826
-172.38974
34.590767
-53.182587
-5.0213633
-61.47034
-127.10385
50.586193
-42.61796
-159.63057
-128.1599
-13.766284
92.96479
-207.04427
-140.50264
-23.056929
118.585976
122.65338
-122.460335
165.48961
-50.04228
15.09619
-9.771248
46.63367
-14.860208
96.825
23.494974
-79.30137
12.33386
70.403435
31.450686
-12.518615
-186.0309
126.81421
6.4529676
-37.58185
-138.95337
-124.46315
68.44378
-155.14178
-22.006077
-67.33473
47.469692
119.31269
162.53117
66.454
-23.011395
-77.942924
-7.666806
-147.03836
-53.7682
-2.5529084
-116.0701
52.4186
17.687159
-116.38648
186.16855
-132.06857
-83.492065
-108.828995
-15.617274
-112.51272
-111.4836
29.254406
78.92025
1.0039074
106.00519
103.886475
-114.86194
-76.61083
-75.40373
63.8043
81.142
-16.999521
-7.70444
-14.416747
-3.6546302
68.15438
-37.08921
-19.540287
-96.44682
8.487342
2.1733136
70.882324
59.976906
88.16872
-174.66734
95.565765
-242.23557
-40.809765
154.76288
-228.19002
-65.38464
-7.6814966
239.73299
94.52501
-70.15571
-5.6591377
15.722537
-120.55601
157.55943
43.6829
-25.600073
-140.99402
-78.74305
-44.21651
-81.0539
-55.092255
-129.6054
62.45336
-31.042387
-97.716415
50.879154
51.381153
-0.97291964
90.92175
-123.7174
-22.316711
-60.260414
-50.485394
-20.147415
27.959238
53.250465
-70.05634
-72.34639
75.0303
5.7859116
63.21674
-158.85437
-5.173625
-22.283514
1.3966727
68.29267
57.228497
-11.555189
-43.368725
-202.9519
-15.181314
106.1429
95.73544
-46.72059
38.80956
-194.62622
24.74638
117.136086
7.599886
129.84846
-152.48286
22.522535
175.00166
-82.82028
-217.14534
-12.720335
-42.72442
90.52704
93.6934
87.45695
70.9795
110.6277
252.65724
70.47272
57.547127
-96.17858
-28.533726
-195.7248
248.15967
7.9290667
120.62823
-93.883125
8.474469
-30.69638
50.58108
75.74231
-45.709076
-226.10321
73.46032
-207.65463
-72.34096
-5.6669035
-246.25484
42.460712
69.46494
90.974205
-156.13303
72.544304
-36.475574
-22.985582
12.190319
27.912092
-26.90805
0.37942308
173.60959
-1.3296871
132.68887
-30.452253
73.81604
-120.195
56.615196
-37.67363
144.37784
71.93301
8.303206
132.80042
34.916935
60.08908
79.7636
41.256275
-28.019482
-46.441963
-24.90118
55.928444
32.85729
-31.73706
-148.92001
90.3556
8.819495
7.615233
33.786922
31.179735
-176.03572
-28.492609
148.42876
3.1558259
108.136215
94.6367
-32.4925
121.920944
-341.0515
88.94649
-2.0436254
-150.08315
-65.33538
36.54926
150.66527
-56.20169
-117.29242
98.84105
-117.252594
-43.30282
-15.138828
-19.397789
-110.59411
-18.535297
-76.31286
83.57388
-42.408257
-79.3797
41.751743
-23.42329
-51.439297
-84.74419
-167.58241
-10.419799
-103.40493
-22.073755
10.342012
9.615994
-168.11784
-36.45671
227.53711
73.47155
80.83623
-7.172229
236.9287
-51.97947
-50.90332
-25.28704
57.82295
-68.76298
157.14282
-1.6953088
-5.148613
71.27015
56.801895
10.8472595
-150.65196
-107.41653
-19.810408
-119.877945
-11.1904125
-44.29149
42.88173
-97.972145
64.7511
10.50801
-28.808975
-33.753986
165.04498
-32.28029
52.94238
-5.2419543
27.100796
-149.64017
-42.555695
-19.794706
89.034134
-0.33773983
72.72441
-247.48505
-138.6654
-25.975388
35.9702
59.856598
-5.1620846
-77.40938
50.838963
-44.349064
229.242
-62.0556
-50.01894
67.74407
246.86356
213.96107
69.98857
-50.87297
86.37048
-18.176174
-27.707722
-60.52946
141.73073
125.05693
20.149698
-63.048557
11.108404
35.496048
30.860308
119.37602
8.068078
-184.39995
110.26502
103.48605
10.083859
-183.13147
40.76868
61.675163
-214.77954
131.43935
-36.715595
219.60509
-198.4047
-222.26172
-132.62813
0.15108162
156.77202
182.80045
13.229406
-124.905365
113.85589
11.42628
117.83524
-102.40956
-150.5216
-15.179623
-115.76657
21.263786
62.980087
-71.07594
172.85599
122.229965
85.46593
-85.721756
-155.29327
-14.312804
26.307281
47.052338
47.856808
-178.18724
116.24527
36.564777
37.070404
243.43692
180.53946
-48.12831
-45.97598
-147.46745
85.542816
-31.872635
-189.94287
-53.277588
176.1741
24.850922
107.85167
349.51663
-12.760569
74.043655
-127.014946
-272.18445
-38.32966
106.41172
-19.407072
-50.069527
-130.51556
-113.35844
91.56394
124.7796
-210.63412
63.659668
-1.1723703
-74.82956
-1.4256397
-21.886261
30.73433
87.96011
126.967
-21.088886
-142.15057
-20.086031
-108.98106
143.72714
-28.52252
-21.456472
32.593685
-66.885124
-65.64082
68.21715
-25.192217
43.834232
1.1593095
235.85298
-47.186733
218.41174
241.02278
223.42415
-80.44589
3.8280907
40.135036
147.3304
-63.832893
15.016351
40.58021
128.0558
-189.68257
-31.905731
208.49173
50.866547
78.240166
-52.818165
46.251873
48.60996
-125.244484
-131.85284
-168.52913
-59.375633
207.37566
-4.748288
-113.025635
68.076706
-51.21748
167.51572
-19.335741
-12.914658
41.95323
-53.62651
99.59119
7.0580153
105.75949
215.34538
92.68922
23.650093
-128.02101
75.45301
22.822197
-188.8429
7.753423
74.12505
30.001888
112.09702
25.089941
14.05287
17.784264
28.363577
-40.99274
-30.94232
39.39043
21.912539
66.58103
-25.185818
-107.68543
-43.403984
139.22147
-110.30418
125.80724
21.231812
21.120794
-27.669868
-38.76905
-40.127304
-10.170743
-193.25021
8.431532
-25.341774
-131.66696
153.52888
-11.388421
63.740177
76.58998
-38.094234
-132.70282
-82.512566
-56.339973
24.985199
-3.0591068
68.725075
-43.91404
42.38443
63.294933
38.067722
13.016114
-0.6873549
67.23726
-147.21666
-117.95543
166.479
-105.60763
92.31823
59.019337
132.03235
103.90444
24.037518
-18.944817
-273.26346
10.365286
11.802068
-123.51058
-69.914795
-89.673164
39.94842
2.9185965
-168.68315
-7.804002
-197.29611
132.63828
-144.7006
30.738628
-23.319704
-46.433685
-294.36203
111.169716
10.33901
-42.729973
-12.176563
-3.1640644
98.46478
-82.24847
-11.8803835
-55.785145
-108.50395
36.394943
5.979862
-53.253155
82.251335
-7.289985
39.459557
107.03384
-13.283473
68.893005
-122.53548
34.513943
-113.34368
-211.82019
-47.823326
45.332073
99.27378
-147.56516
288.669
-7.655037
-43.210205
173.44463
-87.577866
-117.01716
-114.20585
171.33891
-134.58537
-131.70427
29.309504
144.78725
-161.5533
131.91016
129.42615
-204.64091
-33.848953
161.83527
27.693647
-19.47755
-74.61463
-4.4296823
-261.6083
16.011171
197.01196
28.251345
-68.28019
-148.69524
202.80298
-95.38012
-39.61998
-34.876465
-84.66419
86.7609
-156.85037
142.3389
-129.41635
-166.30159
70.85482
127.555595
-148.48341
-98.08869
-187.17308
12.032921
-68.12686
-45.451267
-69.22983
24.080635
-48.24392
29.508009
45.433464
19.938826
-24.46869
-10.858717
-72.65813
-140.44823
-77.16224
-60.283165
-77.95126
83.858345
150.82776
-42.153484
-68.69908
-18.990545
5.851211
-24.958294
7.1938725
137.10153
-47.645805
187.63289
-7.5794673
4.9145765
-4.377487
20.049004
9.14553
28.696129
-170.60364
-54.960693
54.11464
-110.178
159.28981
-19.008167
-77.76297
175.58664
-79.88447
13.013634
-57.386974
-76.97401
43.069767
57.70854
-19.64466
-91.60695
-12.738659
47.877106
-30.774616
15.674285
78.07646
21.375685
21.06597
24.301817
25.240847
-81.79453
-72.16021
95.968956
39.559605
165.97795
-111.85021
-82.22036
177.30312
60.078773
109.75348
-51.949177
-77.57877
-19.516083
74.34087
127.68014
4.7761793
-81.47403
-148.52153
-35.22996
-18.951727
-17.720997
-20.55734
1.9342508
-60.98987
-128.61111
3.8524542
-176.39911
29.21643
12.323311
0.259038
-58.66541
0.11980319
68.10651
-1.9811091
117.7556
131.87514
86.25475
22.443361
175.92929
0.18700895
38.23607
20.135666
108.50324
-94.5687
-14.723394
112.659195
-94.61072
-101.273384
-114.96154
-54.909332
48.00408
-193.71706
-178.6614
-86.624756
75.45054
-97.86489
4.8484836
54.19295
-160.01425
-3.501085
-147.85742
52.66446
-120.59323
23.658224
-15.471875
-162.07109
168.70181
-6.8566155
40.838387
-5.290023
182.14044
25.076065
94.29152
-90.33816
2.7926636
-133.49854
-154.09824
-6.1187596
-130.91994
-83.908676
40.11383
-96.64324
93.92849
106.61858
-3.2692828
-23.385695
-30.231514
-54.501648
107.57437
-19.724491
-41.665783
-203.31316
-14.281458
-14.729062
-98.5352
-14.9875345
-55.070023
-32.39377
1.9584733
132.54767
64.730576
127.54489
-95.13263
97.6367
-138.73636
105.01761
-2.868886
-160.73132
114.6382
-123.37341
71.51769
7.592497
-128.0571
79.54619
194.90204
19.210787
-89.73992
26.239162
-78.20658
-43.169308
53.981327
12.207718
102.281624
63.77766
-179.31032
4.290251
61.885597
62.72491
4.7408104
142.15977
-139.42181
-8.910499
118.69633
26.22733
-29.483433
-3.0335732
-47.63926
-1.5632136
-202.574
167.74692
-96.19615
107.627975
-91.851425
-51.362198
-142.60976
43.780342
160.82431
38.262444
50.17938
-17.911587
32.553078
-65.62816
-240.78273
74.23787
136.75035
-100.308205
-0.90916353
-138.92166
-151.49551
136.84843
-404.68665
215.63194
30.574753
108.73852
-180.99707
-98.92848
14.631253
-66.416756
-56.037457
48.76357
-150.33414
-15.850923
45.27947
-9.835971
181.75642
-106.28147
-27.466442
-38.08716
133.80583
-91.16787
101.13315
24.112164
-148.26169
24.532938
4.258664
25.18686
-157.93329
-36.40569
4.9738936
-180.42473
37.153893
39.671997
11.473951
158.15942
-14.324117
109.67764
45.76305
-138.60582
-165.87946
33.210983
132.16977
-44.187077
-12.874348
-115.548256
-31.34709
-205.45255
-167.99951
140.74898
-179.21156
133.04031
10.172609
51.410885
7.8945947
12.211689
111.55983
-149.50883
-25.158678
85.97555
26.55762
123.87259
82.18273
179.88698
-4.6158485
67.140526
55.121525
100.9342
-196.13098
-160.94487
83.61919
190.88042
186.18858
-65.17626
-98.360085
12.7452755
27.862226
46.784218
-142.22484
-57.325413
100.956535
-166.68645
40.772636
127.43111
61.744713
19.469961
50.74232
50.92563
118.579056
-144.35634
-32.686462
-113.16491
-1.1841273
-48.809765
-14.338863
-181.39832
-111.54709
249.93788
-76.67852
-72.258644
3.8941817
39.709877
-113.60783
125.83934
-14.2997265
-251.6927
-0.9512702
104.7242
88.182205
-76.86269
188.0332
193.1155
60.635746
59.86478
151.28433
-231.3657
86.9425
-31.846922
-197.6423
128.15202
15.8406315
61.83811
-37.62624
-156.16307
-17.485685
-68.84609
84.11468
-63.161728
-34.53637
-100.996155
-147.19962
79.052505
-8.758873
-160.59888
32.88638
37.60907
-132.81918
-137.64337
63.28181
-67.023026
264.7768
118.22328
139.67746
16.985928
-41.93274
-47.636757
-131.6855
-63.815624
-72.80824
124.58521
64.63285
-184.92989
-22.984251
76.00745
-89.60012
185.80774
110.33764
-244.97832
31.964457
137.84381
41.656834
14.510894
-6.6071253
63.55286
-62.3588
134.97624
136.18025
-87.121216
-203.47989
10.920816
-29.236929
-113.26041
230.82716
-139.91034
-8.226894
68.787704
-9.797326
-54.49861
-78.49461
-13.655924
-254.12798
118.700294
-271.4657
37.922935
31.664228
-119.81438
72.10506
-39.894535
14.894487
12.263091
-15.786648
24.599733
56.702274
-55.009834
89.97738
189.71074
29.041086
-154.33156
-26.107935
-77.25386
-98.64132
-110.786964
2.0688653
-46.188007
167.28172
58.051006
-8.383537
54.67488
202.17686
151.86784
-37.19873
93.18963
126.26923
-30.754501
159.82031
-156.44283
48.52659
-44.00406
39.33558
-234.48735
38.38915
151.87465
-181.63548
-219.9823
-43.51034
43.53025
-156.39166
-97.79886
-91.175766
88.448654
-11.65336
-225.06075
49.508602
226.46434
170.43036
-35.47286
167.6149
-128.35011
190.73723
-30.433807
37.081005
67.705536
97.84187
-34.201294
-20.723127
91.3198
-48.130577
-13.146824
84.239006
-195.7685
73.088844
23.367008
86.840965
39.58182
-56.210964
93.59836
-38.66564
-49.556656
61.441566
33.83651
-16.434214
-140.34708
162.26225
-49.520657
182.0692
-58.81096
-4.3113036
11.002632
-26.049313
10.222849
-17.853785
74.18211
46.939842
11.865722
80.935425
111.094765
70.61753
-86.58601
165.69293
-148.06972
-125.326546
97.50541
102.53374
20.681059
47.244743
33.43296
-62.216595
152.75581
-221.7202
70.37403
-140.1748
-61.14392
-237.13297
-136.22015
-90.659584
-84.25817
25.225159
-206.83324
-89.40623
-138.63585
77.27387
-19.328766
-15.476133
-5.5361176
27.81442
101.86118
105.035614
-38.698368
-53.671936
94.84051
121.57142
123.90165
-55.039223
-39.8425
-54.7993
-26.270725
-75.986694
197.8249
-91.98308
-19.247168
115.85182
15.671544
123.93137
-32.726517
-56.28069
11.173148
95.01359
35.095078
261.7823
59.31337
84.34088
5.9025726
27.121178
-24.34778
-136.20041
75.014305
27.026026
40.555565
-44.521496
-149.2233
-76.95217
13.633138
-59.1575
34.643982
168.89238
22.724878
150.5983
174.26347
324.15878
-75.97934
20.593447
-87.542564
129.24265
-67.298134
-177.80634
33.688778
-43.9906
-110.12122
30.668854
30.699179
39.160538
-66.85823
10.486661
-200.55722
49.60968
-68.782555
18.596783
-120.202095
108.50832
-37.96301
-64.93305
94.648636
34.44797
-20.955456
43.414352
-76.58923
77.63882
-77.8159
-285.7447
-110.97451
-40.0443
-41.361034
-17.10731
77.174576
-21.485329
87.41899
-74.17855
-32.43999
-185.20834
-166.078
82.023575
-13.202744
20.65494
137.59364
-10.7245245
-75.15992
6.2762823
-88.6273
-171.46916
-68.633575
189.21686
-1.382323
-68.19254
-56.306824
254.8392
3.4476428
-1.413135
11.685609
-151.70998
-101.674774
76.3831
21.19697
-11.645537
39.263947
-100.499115
-124.44364
-78.13792
-48.18984
-176.39326
-32.24223
-73.316666
-261.50638
-211.90204
5.3987684
7.865245
41.945057
22.754534
95.21293
-101.211754
-114.67604
-9.621873
95.32462
-164.80154
-38.06672
-114.645996
33.168716
-62.10173
-98.780945
112.575806
22.158337
-131.52008
-11.809515
13.378206
-74.827126
15.2672415
-157.65054
-57.61952
-18.456017
33.522404
98.38975
-47.155293
158.96999
93.759315
129.28683
30.701231
-37.90945
27.197563
-51.640045
-169.5336
-42.239197
-20.061602
15.767638
6.5079455
61.8188
162.03525
3.1368604
-117.98803
83.8015
127.89601
5.838596
96.02723
-8.203697
85.92552
114.32675
84.99697
46.156567
-58.526825
154.51135
-21.09212
-6.1438556
-132.47754
-9.72219
75.40111
80.96915
-87.4873
72.80036
61.691986
106.73563
128.12723
89.62049
-29.728743
-91.81339
-70.57219
29.431894
10.16125
231.16724
-41.62247
-141.87459
85.3449
-38.165264
-19.472471
28.598963
220.6513
-96.43776
170.11172
46.664173
6.3273115
-217.64476
-206.23695
70.251305
-92.72993
222.34119
-110.83577
154.41183
12.20967
25.461182
-83.816864
153.83939
31.284422
-69.26913
-105.566574
-165.26558
145.86699
38.56585
-98.04468
137.1016
68.841064
143.62875
27.85939
7.9485173
-38.009907
80.512924
-22.020767
-30.992092
-110.27909
-129.98868
-40.23547
-22.72553
55.447655
32.13403
-147.16682
52.181664
-93.2658
24.358751
80.49475
93.3679
223.13332
-12.08201
-54.59903
84.89535
-18.173414
-42.059826
79.66501
184.43004
19.070316
60.60009
-107.01565
109.171005
54.719894
146.58163
68.74988
-16.9559
33.92445
-20.748423
-83.112404
75.60405
124.502464
-26.89099
0.728781
-45.0456
47.20446
-11.041652
101.75889
-8.409068
-156.95125
98.4678
40.443024
44.5627
-68.889465
211.7622
236.36206
-32.79041
146.55989
140.88399
-91.81049
104.421
-114.05313
-3.848466
59.596886
44.640205
21.536196
-34.60105
215.53246
-165.86993
-90.71295
18.841002
273.9841
87.86919
-100.84623
193.73187
-33.298103
103.29883
22.009674
-60.735355
-111.579315
-188.64012
-110.9163
-3.5649986
-196.52907
-20.902452
-92.96404
-64.10108
-121.38724
155.84018
71.10045
-14.949538
109.03241
85.85953
69.801445
225.54504
-84.68436
131.19081
-115.15618
-6.3867598
-22.276926
58.51121
-119.844086
57.077377
-51.544434
-50.689964
-107.520485
71.6807
1.4445843
-12.947028
-56.003643
-81.418526
-8.503372
-44.569107
-223.55275
27.582546
-29.094807
137.581
-75.512405
59.524
-174.55028
-18.418093
41.06175
-45.11421
159.09836
-99.204704
139.2988
2.2535636
-29.940092
-83.51925
74.40231
20.911531
-61.51715
-242.10124
141.93022
-49.379227
-4.5979595
55.62302
-62.784412
-11.055797
-163.77504
72.25389
118.22224
2.3411388
116.05434
65.75352
82.424614
112.03622
-161.24973
108.66767
99.42475
59.29692
-28.78382
97.974434
64.6869
111.06444
-25.272507
55.804287
-172.85147
-12.394833
-0.62700146
-143.56822
-84.00346
223.1367
53.691746
-99.65578
228.43764
-217.91005
218.70059
-9.38833
73.18911
75.15082
-102.72153
120.46408
-90.34195
-2.4809465
-96.90204
5.0115795
198.32204
40.905224
-88.55583
-9.520837
5.3022695
-19.601868
139.38425
206.53732
-69.08787
63.995876
-26.039385
62.773674
89.61412
106.85833
-15.78761
15.254597
40.733128
-38.824535
229.36378
-49.572834
117.50008
-53.536385
205.30023
-26.374098
-208.96584
2.950426
-183.5956
-51.862873
-33.707443
52.208157
47.461617
-204.83034
72.75017
16.083658
-19.311329
69.095985
-274.85287
-96.64512
17.55441
158.82935
-46.140427
70.67342
-21.979246
133.8066
-37.970943
-9.415999
-37.768963
148.01303
-8.5732155
181.36938
18.930853
28.440174
-6.5831385
33.352776
60.396355
83.696396
23.309034
14.314888
205.91154
-101.12298
9.340263
125.45751
-59.285732
58.170742
90.24172
2.71794
1.3412147
-93.48186
95.24382
-69.37848
-170.25359
6.586656
153.3624
-19.659616
212.21263
139.51942
27.762177
-83.232376
1.8916881
-118.54861
117.86298
-151.5501
63.01751
-11.993873
212.61058
-35.65271
196.23282
-18.687458
24.205833
-0.8692429
5.0284467
237.97133
-3.2218704
-37.05004
110.78387
89.89363
10.907201
20.976372
-45.8152
-33.492336
-237.96336
-131.91454
-85.74308
107.54674
-43.35982
-98.470345
11.731621
1.4216334
-3.9919243
-86.226395
-25.171114
182.32376
161.12682
63.49708
-260.04065
-76.61451
-55.809296
4.5614686
-57.67998
167.5845
9.802826
-36.360558
-157.65636
15.186924
-234.64766
36.53446
-110.42972
12.37365
4.177227
-112.64358
-50.91607
58.794178
-214.10767
-2.20785
-57.992405
147.75673
-66.36266
33.373146
9.335422
211.5099
36.562824
-116.65401
-132.50635
106.24122
-133.9297
-6.052039
-31.265984
-178.77525
-320.40103
25.715353
-99.78079
-128.61221
-30.491203
41.402004
207.05196
-149.849
-7.880883
-13.868662
88.65747
23.563444
-123.95091
-246.07411
33.224026
-62.700794
43.079952
-50.366047
-115.030174
22.679249
54.937668
127.4705
134.62885
-30.53275
81.633286
62.277184
30.998566
66.662735
84.019936
62.663956
-14.931709
35.53282
186.13576
3.8720546
-29.582169
-111.91718
6.2188406
212.42178
-8.636752
130.34798
0.74563533
125.814285
-84.67353
-9.693785
15.913022
12.291657
-11.160007
212.54744
-212.93988
128.98251
48.37515
240.34265
174.36227
65.12109
22.118484
-26.602264
-107.99895
215.33228
81.725845
98.65668
53.250965
64.99382
44.84803
141.19154
-38.93955
106.94815
-185.46725
14.717346
-110.80033
-76.554955
52.291523
33.59597
35.32881
-12.269815
55.002254
-83.83117
-302.319
-122.65322
75.583626
48.25941
45.656025
70.49101
-0.21353307
-119.40721
-104.9126
-45.27272
98.96546
-23.931725
1.1504692
-124.56339
108.654976
45.397526
-109.75049
-64.74104
43.34091
-63.70153
93.33026
-127.68525
-66.11208
-37.76818
210.97194
11.14692
-16.747265
-94.07089
-228.50003
55.13177
77.18847
-240.73648
-332.23196
-36.157253
-27.816984
252.01707
-107.09768
2.7209573
-98.76933
108.39088
20.257381
2.248013
53.25698
-2.3764448
-50.962276
55.965492
13.64112
186.08694
60.551968
11.284416
-210.30878
-131.6148
138.46274
-281.19867
-96.056984
194.75592
31.848972
-66.773315
-101.98686
60.07743
-64.62706
81.59815
39.608013
-81.24628
-95.37979
-208.6207
26.734669
-32.285126
-3.1955907
141.75948
-95.0702
150.41338
114.039825
100.99647
-60.51163
-28.30052
44.32899
-120.936905
19.541893
34.2583
-8.243387
30.959236
46.9551
-126.88077
-25.68176
54.066586
-180.1328
-207.08762
25.516787
-12.775441
91.46355
106.271706
-95.3142
-36.590168
-194.98451
80.95045
-66.58236
-28.390203
36.585953
-55.96685
35.988945
-10.299168
-103.22083
16.904135
-60.697365
230.41296
58.145172
118.20212
-51.600388
-56.825657
97.69524
62.26902
-42.472977
10.087458
-35.899895
189.88597
-17.124863
-170.44589
147.04468
38.595154
-4.4462495
98.23538
-64.35773
-203.35219
-58.545284
138.19792
169.48344
276.64072
-30.755476
-38.21908
-77.37063
118.90363
-42.458763
125.45702
-67.492584
8.850583
-44.803905
-67.36291
-5.401903
84.171234
64.0668
23.071861
-51.715115
108.80451
7.2566776
-214.74641
-96.17646
68.50189
-159.15042
-102.74839
19.166035
-9.8742075
77.5175
-104.58474
159.69182
-79.914955
15.801088
84.58881
-265.52435
-55.27644
35.94866
61.77447
-22.819601
-21.194498
-39.323174
31.743805
-172.02367
-125.91493
134.37231
-50.158615
92.06342
40.48163
30.122906
36.71675
3.7120852
-118.861984
154.551
115.00161
-80.3518
45.734203
-75.70635
56.407917
-39.807503
-62.42137
15.163106
64.18032
-1.3493886
41.837154
173.4176
-70.97236
10.738581
-61.288273
-58.22032
-28.266485
-188.20341
44.064396
-55.08916
86.48717
-175.9127
98.70655
-19.299385
-151.66594
-52.46178
-9.622735
43.477623
-174.04262
1.3468493
-104.20423
17.611803
-5.646704
164.80539
-98.48072
-32.117016
-132.05731
-59.40341
-108.48935
118.37711
164.8993
95.77858
96.63381
-77.57378
-102.76912
101.802925
73.73918
-0.6149528
-54.737232
-41.566116
-102.040504
90.94659
49.17559
-11.298513
-177.3738
112.142784
-4.088688
-3.706405
26.157475
-14.037424
-13.309084
248.62566
220.65414
98.605484
64.10843
-1.1909351
93.83448
-58.128567
18.023083
-92.93683
-2.8814332
64.95117
142.28484
-167.10979
68.7541
-10.705278
-15.114706
-245.40787
49.52191
-160.03964
172.07854
22.897148
-68.92282
10.864143
256.7204
-108.249245
-120.45106
-46.804466
-11.420312
70.544464
30.766026
99.270195
27.895372
84.041824
-80.72671
32.123425
-26.245567
-26.37482
110.27849
89.46033
118.36356
-7.6037316
42.40706
-84.20768
-186.87108
-134.04549
120.84407
-49.97637
55.453766
-41.159565
93.69118
203.97858
87.27469
57.01098
62.632225
72.58273
11.977866
85.416145
24.994413
-17.884888
-54.815582
-93.69175
-143.4645
206.4001
33.156635
-137.981
-59.93236
-35.656048
12.484604
-22.08177
73.3173
-168.53763
187.10413
13.963476
-76.394135
94.570946
-19.543957
189.19911
-226.35222
9.576565
111.05997
32.2123
-47.9629
41.535385
50.97061
-97.412926
124.86575
149.04123
107.00302
-223.61667
19.876478
-125.22148
-6.861801
-76.63197
168.87546
-37.87045
-89.94667
-65.170166
114.879715
-12.351533
-27.6764
-68.289696
15.382924
47.314316
16.24493
69.658745
132.12701
-16.797918
126.40517
3.3817508
-22.422352
-134.28653
29.82213
-3.9442072
-108.96923
-101.838585
91.74657
-73.62198
21.577852
78.587746
-68.57058
-101.574585
71.029205
-52.66013
140.10095
-166.59752
25.066572
-85.31612
-105.03695
35.100563
183.32426
-126.09699
106.29415
55.716232
-30.890781
156.70427
-53.226723
101.26807
-177.4032
-141.48628
84.50839
-188.17708
263.56836
114.064384
172.8167
-84.63237
-52.76163
-7.21989
-183.60669
-27.177605
-99.737816
4.332999
185.88582
-216.83162
9.6833725
-8.88634
-26.45464
161.5422
-213.37888
45.243668
7.6822996
44.960052
-37.077667
76.96206
94.5199
-2.571989
19.478703
122.01737
-6.2918234
-33.528248
-111.83212
101.907295
90.056526
152.54195
-166.24687
-145.27753
-97.313995
109.81947
-38.433647
-47.305004
-162.39752
105.43645
65.24812
-42.598274
-245.79588
-105.312744
-85.96645
96.362434
-77.75476
-25.900267
55.908867
199.48303
-88.98257
-112.4006
-98.19233
-59.997993
69.426636
-53.359844
7.0501895
24.597548
5.1881814
234.68765
111.25936
-46.56784
24.708267
86.368576
10.314126
-1.7760555
-173.7563
4.8379397
67.06178
150.7024
3.2448492
21.669096
352.1252
145.68958
154.7293
-124.42731
-63.429634
-70.56969
169.2637
-1.0459746
-228.44858
70.01344
-97.32108
23.61989
-75.418236
8.442976
313.9054
64.56464
44.530396
61.18686
44.720955
147.27922
176.34079
-103.03985
-169.24356
40.18032
54.592476
76.72323
-78.24511
27.505829
24.861378
51.091988
140.9467
-90.184715
34.64204
110.49882
70.88512
274.00958
41.456818
15.067677
195.36111
-109.73081
32.75846
246.1348
-1.1899472
96.02399
-52.991524
100.30841
54.644104
167.86552
-13.559586
-148.00284
130.30334
32.302605
10.072241
-18.39899
-280.74622
241.27138
184.64276
-84.947136
-112.80001
-30.033934
-166.18466
88.42334
240.2751
-128.12164
80.68541
32.098442
9.935165
-48.18576
-4.2087626
28.970083
40.5698
-49.556858
-77.36635
-109.69725
58.417347
-23.407143
48.06208
-180.42397
-129.70842
-122.79367
59.67001
-17.387909
43.342358
128.13702
1.9947429
45.58154
-92.291374
-95.10212
2.72014
76.94802
-192.12727
-61.474438
88.948135
-86.62117
-18.42131
109.593124
86.412056
188.08896
93.88293
-122.75824
-42.988995
27.241764
-198.4589
-18.779451
-16.326778
57.651756
-222.99678
28.571157
24.638405
84.13378
125.715065
3.0450509
-13.518824
99.73694
105.54391
-61.061993
86.45763
-113.39029
41.279636
87.56509
-47.439396
-76.418175
41.699837
-46.340286
-117.03043
41.357445
-139.26163
-56.09506
-162.463
-143.62099
-54.907875
144.13016
99.01119
30.227007
-107.38116
139.09834
-104.47015
99.89958
77.32188
-8.079333
46.470196
-112.00776
249.1797
-111.53368
-63.88352
219.83794
-157.06744
179.6107
127.23727
100.11273
46.07323
38.365627
-24.916485
133.02899
-74.37639
-71.87735
-95.002914
17.27069
-31.10202
7.807032
-144.44215
-10.322104
25.874743
122.92795
-186.5648
-43.100292
32.247124
-187.43016
9.570821
-197.62418
-8.855132
-120.337746
20.636366
65.596306
117.221275
-21.754665
164.6591
-73.45108
63.7339
-33.561405
166.30994
-99.92363
141.96713
-129.99721
234.30977
-1.4152119
38.325874
70.6968
164.24615
5.7027907
43.911697
-38.30369
37.519993
38.47631
-119.23908
90.51845
36.22895
-4.964786
-81.434326
172.42006
137.87811
94.91795
47.565464
34.91982
92.83839
-153.30089
117.78899
-23.69545
74.19951
-17.846794
76.935524
36.450825
60.188908
6.288497
-228.6416
176.34518
100.33236
84.21542
65.638336
163.13196
10.808227
186.69058
120.92812
136.99268
-115.27265
141.22714
-67.520226
169.93092
115.32141
-148.33682
38.60589
-3.8907876
71.191925
-68.027435
-45.63792
79.15571
-20.153786
108.03342
67.92124
-49.23252
-53.083168
-136.0652
-217.8706
-107.48996
-125.62145
75.99092
15.644448
14.248419
19.147516
-42.20014
27.896166
120.08079
-22.438944
7.534732
58.56341
36.212055
-64.56763
-43.47911
-38.3116
-33.05087
-9.787485
100.78493
4.314564
106.89216
-40.143253
2.5177798
3.5102644
168.63994
-122.69361
-49.701122
-36.13511
-0.6669886
136.30214
50.342953
245.63713
231.17664
-121.03
-33.60096
126.2965
-116.25296
-43.663284
-51.337193
91.10795
99.76817
-90.14147
-6.552336
122.40157
-313.59155
-79.65007
125.67815
54.919144
59.998615
78.3104
37.07832
104.55731
-62.19885
115.95895
15.684113
39.036407
113.61535
-169.09409
-37.208164
32.03456
61.56427
-37.524055
131.92209
-49.983852
100.62796
-26.197138
-93.37384
90.52606
-31.459848
-7.7272205
39.972183
-86.068756
6.030679
220.09282
86.848076
99.79221
180.41772
-31.031923
139.35071
47.79767
41.24301
161.40923
115.430756
195.90582
139.52687
52.710106
-132.72838
-102.27524
-99.27645
85.24159
-36.85907
7.386725
7.118638
-31.626984
95.52474
3.993429
-217.90962
-124.279465
-145.95535
119.830986
-56.011368
-61.676846
126.759094
124.830414
-137.90796
210.38338
-61.442307
-20.930199
-49.6523
77.318924
-60.54034
-144.09598
-75.874504
14.607988
-10.083253
176.9765
-58.640034
-3.8421292
96.47613
-35.45248
46.870583
-60.849556
-77.324486
39.54168
52.26276
-209.77837
37.222218
123.50905
80.38516
76.93585
10.123375
59.771397
96.852394
123.15081
-191.78424
-96.19022
-113.54121
-62.66703
-125.52489
88.312256
4.74407
-154.51161
-130.06274
-26.884912
-209.44754
38.748287
66.26045
153.51
-106.86792
-88.30295
-43.98311
-108.43202
13.510048
-195.01448
-25.049084
-82.35129
69.16268
-190.77708
3.7459502
-6.1672077
-71.53945
-99.3842
-134.38748
-32.17424
-41.762375
-31.398127
-123.829666
-152.8911
-38.64311
70.49967
-184.52351
74.77606
18.844172
-275.45914
26.500751
16.98808
30.624933
72.11657
-77.48075
-23.804695
110.70596
130.38455
-268.49857
160.52156
47.858715
190.6698
-133.60933
-24.963179
56.90652
-210.72604
149.04906
51.87021
-55.514236
-97.95495
77.5807
141.36841
25.223812
-94.59198
133.619
93.253044
-11.773394
64.41121
80.93279
-13.618924
-120.20668
62.23256
21.131023
-64.30343
-86.73552
-75.88589
48.897076
-125.28493
-159.86897
-110.485855
-40.38245
15.300546
11.480373
76.878
-81.20659
65.956726
144.37251
69.65528
-65.53433
135.82425
-59.292797
-146.62825
-35.026546
-20.780376
11.900747
-56.39937
155.54016
12.635887
4.8472915
239.40953
-26.24219
-72.15334
-43.611248
-12.189341
-108.43962
-8.948283
-216.60545
-4.017959
-35.03634
-23.568123
123.81882
-96.370445
45.010895
-130.41544
21.631004
277.45718
98.39563
9.053418
-19.996264
43.08096
-96.49159
52.591312
50.82308
237.53004
-54.875782
50.037727
-11.605715
-139.1592
-6.6533804
-131.26279
-85.392654
35.46083
181.41956
-23.463802
-92.49462
61.385044
-105.81525
-126.230385
142.67152
-28.327967
-112.59659
90.82374
178.6929
-84.94058
138.9487
43.086292
10.168368
11.925879
-141.02486
-150.88573
118.62566
84.00152
110.01659
76.06946
-43.986465
84.21887
-34.55214
1.0289938
-296.9101
-171.0724
47.4716
-102.38139
97.8962
-77.78879
91.7882
-28.545418
36.63529
6.342755
-196.05624
62.363884
8.015419
-105.87245
-35.494526
111.76758
-43.367935
49.226704
71.80541
-117.553345
-1.3997476
116.47676
-63.189087
-108.974976
106.716385
35.67145
60.5045
51.80091
-174.71576
15.068604
-153.31671
-107.74041
94.729355
26.489359
30.503023
-101.50945
-35.503345
88.44548
-91.29303
27.603762
96.376274
-71.42074
-59.2179
-0.6995418
-67.071106
88.77766
-80.44165
74.02532
55.686745
-129.57161
-10.259958
121.18583
-61.192482
-124.35306
-123.04307
-13.055562
61.86217
26.67509
74.74986
-106.78838
-16.695286
-51.04852
100.7576
-50.616947
-49.39067
-189.63315
-260.03415
57.86739
24.307709
-65.71279
-87.156815
-72.91907
-86.329834
-43.33141
216.7312
61.448574
-12.129487
-53.330864
117.65622
67.96985
-35.105972
-26.787127
-66.18807
158.34691
-2.774435
92.13414
-117.17764
-38.68498
130.57037
-187.07431
17.534744
-53.640995
24.052313
129.84973
46.471073
24.200758
62.303207
-84.29568
-55.03514
8.98421
75.04304
-120.175835
-40.835403
115.58779
77.625114
-7.45516
-56.99817
-145.15823
136.19804
29.857117
162.67426
-12.278989
86.56214
-24.753878
-118.16499
24.765095
-35.982475
-42.99805
129.56862
-56.419598
182.90898
6.2179756
-48.835445
-4.9924326
-223.169
7.763855
-174.99666
94.854324
5.3462424
9.091815
-123.05653
-30.987198
-23.749979
-71.05699
-25.792246
-98.140076
-147.98997
-116.2097
36.951275
16.48964
-7.2960815
-202.19614
-12.982848
31.71082
228.03671
-34.113598
79.03852
-188.62106
138.71613
-97.93771
-26.295628
-82.77363
16.873964
-199.00478
176.32033
-178.24837
107.05694
-68.08432
131.34268
56.104576
37.563618
-240.98788
-83.81982
153.2877
-52.415115
-206.77565
87.21893
