-121.5367
24.253996
-78.98526
-67.93327
15.333128
-26.37271
3.4128041
-32.94594
-43.683033
-46.60225
-42.309433
-152.56126
94.42792
-97.30231
34.793747
50.817028
-64.30357
-59.914005
58.406605
133.73906
78.22169
48.03125
-9.552284
32.634415
41.480415
43.90795
76.970436
108.3031
96.14502
-67.31477
111.8516
50.352264
60.641968
53.509945
-132.22661
16.142172
-18.409706
-35.246883
-55.152447
13.143851
120.396675
72.905136
-51.763237
33.872593
-36.322727
-30.704273
-29.334627
-4.760029
144.03835
-42.85361
-71.31892
54.14892
-3.341217
89.87492
49.884457
-116.2081
-7.2586412
-112.13468
-19.155172
47.193565
37.493828
-80.54379
-17.944359
-38.728687
27.436169
-117.6464
-58.82068
32.783466
-3.3491197
-21.38316
18.53519
-45.690083
97.76606
68.56675
79.6928
-16.886568
-24.231613
71.97289
42.304653
-36.321133
-3.281424
65.28951
5.944687
-35.754013
27.864708
60.242104
-41.9659
-32.10013
34.526768
15.464192
-13.282034
-22.424877
68.267715
-14.351658
-91.80901
62.7313
29.363424
-52.971725
-52.68708
-29.243755
119.27386
-97.1993
-118.34297
40.440517
-62.175262
-25.701658
-31.867056
-1.8708527
-0.8670571
-87.32622
-75.0886
54.774315
79.43625
26.555054
-23.02748
-88.27085
-25.952524
-19.119047
13.082879
14.9778385
64.93972
123.879776
18.902922
-9.009759
24.815125
-73.1224
-15.925598
56.140724
7.164292
-24.976961
19.416252
-61.707603
58.603622
-3.7934718
-47.47628
-28.166325
76.81762
3.058157
0.026310444
-53.787804
44.74859
-18.173702
-26.033249
-43.21647
-102.22047
43.648914
-3.4910011
-10.892235
115.4766
39.12659
-52.020573
77.39267
-26.984924
56.47481
-95.39487
36.689034
-47.977257
122.282265
3.7263052
26.165401
8.51222
-56.11389
-78.705185
-92.99186
23.023073
2.6792564
-97.22906
-11.504557
39.846546
-9.738516
94.92279
-74.3312
30.16266
49.734825
-24.479965
41.085186
-7.624458
87.58294
-43.7425
89.13041
-40.365936
-36.007515
72.65801
80.2951
-81.651825
4.0445547
-5.90087
-93.49271
74.29168
112.33761
-14.163852
129.13104
36.96828
-93.74994
-17.05175
-55.52412
-35.415478
-30.758072
-114.38625
-50.264862
68.458725
-43.68813
-115.443985
-61.91318
65.509
-19.004269
-83.74031
-38.15793
-86.79315
-3.4292316
-76.02184
-73.28866
12.341456
15.745456
59.30095
-85.94233
-114.073456
-16.434359
-4.9169517
33.147926
-37.288364
130.8231
-45.182037
-55.171665
0.27888465
-2.2518713
24.791214
0.61319613
-32.60385
-17.383762
17.37119
134.33565
-10.486616
-2.8204136
-23.38679
40.99751
-87.287704
-81.08466
-30.979013
-75.01333
35.447815
-143.39584
-69.96422
-66.30619
54.029984
82.66288
-0.698892
-4.379665
-14.361529
-69.6578
-33.44412
-85.486595
28.376406
-56.862705
-3.8784425
81.220116
4.7817535
-94.16425
68.11933
-90.994705
-91.154755
-28.15524
-178.10623
-35.75033
-23.58657
30.165655
86.023544
-2.9401603
54.842915
84.42657
-56.236977
-5.7710757
-34.625164
33.001263
87.64058
-9.906265
-103.80221
-35.91237
-55.7663
18.555918
85.87407
-69.74782
-75.32811
-46.046352
47.034557
53.227036
81.69993
34.16519
-120.76549
115.58087
-71.9908
-3.4739728
69.92521
-71.30975
44.52131
-19.707779
75.61647
-65.94265
60.757328
83.66626
4.1960764
-87.23672
51.256863
28.470123
18.228964
-78.61347
-13.101561
-2.0113997
-54.324165
20.342289
-123.85137
47.69242
-47.852055
-110.717575
97.41218
-3.4516337
-1.3178102
37.53638
-43.17998
8.785639
-24.568922
-68.71749
66.6538
-5.245698
-65.51133
-22.825897
-77.729935
44.872753
-6.056293
65.78382
33.969772
-69.2219
-72.82203
-115.70449
91.31017
94.579414
38.370884
-72.96775
-44.505615
-36.241287
-17.778357
27.853151
19.646877
-56.37255
-139.87761
79.9541
66.73818
-10.933866
104.745186
-38.90827
12.05127
72.70889
-2.9350634
-62.46588
-3.4878643
47.15473
-74.34583
129.58353
35.408833
51.11182
37.32743
190.15793
66.62365
-23.473696
-25.030724
-4.8409967
1.2445644
154.66812
66.82164
71.16389
12.399002
-26.936777
-3.5761902
37.712963
42.402534
-34.18159
-156.81781
105.393524
-59.6379
-54.32247
65.339066
-31.445595
131.1699
-51.334812
10.821375
-14.4375515
97.36949
-85.39584
-16.00848
-5.4852843
72.08702
4.6181936
-60.64246
110.36253
-9.348025
58.12198
62.224052
10.184122
10.1781025
7.6969233
-16.86571
-41.04533
21.319279
27.67582
91.8902
-17.680792
110.01418
22.864698
-11.016732
-23.51013
-56.489975
5.1822424
64.42158
22.179289
90.821434
-6.513908
11.828362
0.75174344
8.852512
24.008272
-17.732327
-50.30071
-122.11837
-19.520569
-17.976389
103.323166
17.121054
-13.537783
-17.806232
-145.84349
-52.96082
-78.19238
-1.8986017
-9.794293
0.27712297
59.52612
-62.84988
-50.59656
-37.986908
-42.31865
-103.97034
103.43654
-34.00081
9.154516
29.307512
-49.301872
25.426935
-1.1118627
-76.11107
-13.648121
-1.6574283
82.13064
-46.057472
-53.130417
-46.052402
-83.4787
49.040333
60.18692
-38.34089
-114.59944
46.616657
81.00739
15.854421
-1.0549492
-5.5860634
30.063374
-27.031233
-15.001811
-32.95414
113.18966
-93.22315
87.72966
-4.4111137
53.26158
-52.530476
44.387756
-27.20528
-58.83156
-26.357464
25.573288
-3.0272927
-82.66834
-77.46829
-38.282845
-33.124973
26.507923
61.520283
-15.729809
-76.15631
96.51514
-12.469803
6.1591806
78.363525
-34.309223
-16.433844
-1.350262
19.348705
24.197985
-0.25184488
-8.609561
-38.689507
-85.94749
1.1779343
-21.967987
-52.63317
48.50421
-51.165916
19.907053
-40.50841
133.10643
-57.87295
9.111692
51.201576
98.31049
85.2099
9.054666
-25.95576
-44.47882
79.744194
-55.280483
-97.50563
90.77538
19.5981
-69.36054
-65.00287
22.701612
3.4749837
0.57555884
57.416393
7.1425276
-97.81893
15.983945
-33.271435
22.147203
-52.67089
-34.199642
21.109552
-60.242496
61.50119
-21.65121
62.52333
-110.09962
-106.889565
61.410763
12.388814
22.806673
-28.622921
9.31178
-4.814316
101.63449
-45.04854
114.77798
-9.81445
-121.93022
53.864456
-76.84816
-16.884632
58.115078
-33.561646
89.01981
99.94032
2.3465312
-58.67559
-18.72477
-4.6151557
78.118996
24.715744
96.41393
-39.101414
44.803295
-13.726217
-30.84725
41.949318
22.182178
-44.757637
-59.3629
65.66816
26.064667
54.81248
-68.53919
-56.80765
66.8031
-28.475277
-0.7958598
214.24446
-36.65201
-20.838802
-14.043606
-87.116844
-3.0561507
-69.91252
-38.832897
-29.21017
-89.19416
-38.11236
52.36748
25.26911
-110.079605
-4.394658
-39.724068
9.568905
32.782814
-3.371273
3.1569571
-31.101122
-22.526806
66.34597
-148.40198
18.020653
-5.6007
33.461693
-52.16305
-29.060617
-37.68544
-52.092865
72.6178
113.06157
-11.962898
-17.756123
14.133861
159.50816
-17.058355
160.11732
147.5552
156.14235
36.024296
62.75175
54.76286
22.409916
-5.4473357
92.42198
25.588533
53.649685
-141.55988
-76.75298
128.69722
60.999462
14.022095
-75.49128
17.166569
37.753136
-75.09721
-100.72214
-56.007626
-88.07853
163.13397
81.65994
7.8141103
43.839207
23.63398
49.87417
-49.720856
-48.649673
-17.084694
15.015112
-8.637556
56.184536
103.64892
25.665897
-13.379181
-82.4807
-37.333965
82.23559
-24.45618
-59.552307
-21.173183
17.935776
-18.967657
-53.797882
-12.248578
13.930053
43.76608
43.367546
14.845819
-32.617554
-31.246738
-50.913338
21.70633
60.19846
-158.4784
-15.797389
96.20144
10.64613
14.556819
15.785566
102.67042
-33.156452
47.97288
-79.01218
9.959254
-99.185776
-56.24324
75.57676
-43.79914
87.91603
42.13591
143.4841
-46.437294
-6.407894
-133.65533
11.284446
-95.25574
-105.50876
0.68837154
0.2595033
-73.72332
48.543076
90.459785
-42.888084
-28.595766
31.729877
-72.36467
-156.04593
-18.139652
139.0609
-6.246623
2.0295436
49.594215
42.273514
4.0833845
-110.16405
37.08316
-85.436646
-31.018213
-87.85008
25.44746
-12.61977
-41.290684
-61.674706
-10.179928
-77.64256
-8.875594
-82.58944
94.645134
-45.213295
96.14515
31.028944
38.385357
-128.15402
54.30543
-39.674564
11.88898
-39.143135
-39.092907
32.838093
-11.94431
-52.258434
-57.011723
-93.827545
-87.978806
-45.554787
-37.382668
33.84619
67.44622
83.1424
9.175636
55.401512
42.82037
-78.17919
-32.689533
-66.36197
-108.44371
-26.82543
47.66338
-18.392374
18.68782
142.94171
-2.1237836
48.286285
136.09117
-18.830742
-39.28248
19.924164
42.595535
-94.51963
-62.574875
0.6154218
9.166083
18.318378
65.09874
119.67595
-83.70705
25.105806
20.486097
38.924667
23.248901
43.99559
4.9734764
-101.946754
-68.9741
77.008606
31.652716
-32.654102
-5.546744
14.101355
-77.46732
-32.591694
-84.587006
51.363205
14.649826
-48.912647
52.934048
-135.26242
17.266993
103.44684
124.03378
-92.025894
-70.49719
-35.783096
55.15232
26.295935
-4.358801
-12.387761
28.850605
27.97859
33.63861
-2.9106903
60.6987
21.240915
-69.83701
28.029493
-3.4906812
7.267804
-2.0336046
-85.677025
10.641018
61.364155
49.062874
-28.674658
65.01196
53.845997
23.13829
-25.314425
22.71455
170.15587
61.89098
-37.443504
-6.7573795
50.636883
8.636655
-49.574677
16.551094
16.533228
31.665956
11.231717
-22.950884
8.941906
25.570847
24.060072
58.010403
-16.398668
-22.411243
-33.87365
-24.412802
56.29336
57.66847
-70.932106
-122.19206
-16.65303
0.82387877
-24.353159
-35.75277
142.92006
-98.04844
0.485767
-0.5694165
-113.3802
-21.501627
-47.360424
8.891275
-72.14243
51.213364
-107.78808
-108.86517
114.6811
21.78174
32.10248
-78.928566
-45.30357
-35.561153
4.8915663
59.280186
-38.524334
-19.258263
-50.437263
57.626442
27.091825
-38.078953
-94.18055
28.16799
54.904324
-49.921432
22.444933
-138.651
11.608752
-95.56169
-37.425697
1.6958811
42.03166
79.9653
1.9414672
81.72803
149.68755
-32.75571
-71.92292
60.26358
44.22163
-32.075565
2.1716092
59.896694
106.83762
-13.911737
29.187017
65.63439
-95.79947
-62.876442
-9.12562
48.736427
5.9451256
-50.221497
-59.460037
1.3041607
-51.576427
40.86922
-18.469612
-8.242758
-53.768906
-69.45949
69.08806
-112.2349
57.850807
25.21449
-66.28925
35.113125
-73.272705
-54.412148
-27.138155
84.66213
-50.800682
25.86258
-20.450472
-31.229279
-102.65654
-45.024357
-31.777603
-2.5292556
-6.8938975
-31.510578
-85.95997
72.67706
-82.88753
82.751564
-68.77161
-6.224231
-9.140503
-0.48577893
7.588801
26.067009
-53.864746
55.682045
-77.747475
-66.05563
0.674654
-35.600315
-11.564989
23.184278
133.58194
-30.44884
25.903875
-66.16055
28.285313
-49.11153
59.523495
14.234673
-136.10524
9.992267
-26.793322
-7.4974174
-2.1489253
-110.090904
4.9462876
60.02532
-0.031719685
-66.26094
37.811314
-57.397694
-46.040073
-43.526665
6.4262395
50.991333
15.586075
-91.229294
16.630001
-64.733376
31.158447
14.275541
47.062435
-93.2644
-24.797493
-15.41389
42.995796
4.368812
4.7121277
62.721966
-67.93788
-61.73136
77.16957
-10.154404
156.70706
4.6201015
21.278246
-33.510006
-18.4517
41.922825
174.40201
-12.789385
-74.29298
-61.86301
-33.709557
-35.587315
-43.522457
42.306255
-108.0554
55.31499
-61.441864
-9.3602085
-22.044218
-203.26175
83.825775
94.51228
6.9255013
-177.71176
55.07254
23.671652
-99.47748
-2.3077798
96.96837
-69.12644
-7.317506
67.707184
89.02224
97.6518
3.7157671
-7.675803
27.322815
109.43471
-108.08922
44.279625
-47.658257
-120.247665
-12.858713
-0.75660765
-31.654629
4.2908263
-16.034775
-15.304263
-180.20795
99.53846
89.9618
-14.836519
92.415985
-48.75407
106.959465
-35.615246
-36.182175
-94.09275
-17.757023
110.09265
-30.027462
20.724524
-51.36186
30.435984
-146.52754
-69.818665
49.504852
6.23146
106.748566
49.315723
-1.6181169
8.979417
73.569305
-67.203766
-99.9606
-9.613959
31.778172
15.3896885
42.58234
24.863676
165.10944
-46.43111
70.75425
4.2332673
79.1867
-24.265558
-124.23091
-108.6846
15.975934
39.050167
-40.272266
-48.451397
40.96841
33.832043
12.470571
-60.90182
-22.433693
110.40391
-49.7251
62.20475
33.84319
-20.626001
138.44794
-68.98427
29.15915
-28.627851
-86.193474
-56.643883
-63.104485
-20.321358
24.710518
7.0239716
-72.548325
-78.52582
176.76973
59.249897
-48.01012
-23.34388
-12.797724
-53.768745
34.39505
41.668808
-86.104355
-72.613945
-40.481937
82.554794
-69.72504
122.35941
81.21875
60.444557
-5.134631
18.881994
-104.6605
88.482994
8.385037
42.244785
26.51493
21.062483
-0.22700721
60.26211
-41.704
-4.3583927
-41.35723
121.13028
-150.41571
-6.8606477
-1.2594066
-148.80078
100.92083
24.35149
-104.00598
22.123177
4.332626
-22.023197
-21.807344
-12.162146
-79.29679
59.6687
90.949394
141.05058
149.74115
-7.0022607
-4.778784
-58.467243
49.042595
-54.97629
96.42269
7.217498
-113.87044
-146.07965
-20.200508
-30.710768
106.950516
86.52421
-54.73808
129.7116
78.65808
38.726162
-19.068996
-12.909739
46.859898
-188.36589
45.39462
95.53053
-77.20447
-85.7992
-9.753745
85.42023
-29.934832
85.24794
-106.70782
31.24673
39.300877
1.7332857
-66.73689
-51.439175
64.78123
-171.75006
-74.199974
-82.23122
-53.020973
13.120293
-164.09618
52.339058
-107.438
94.64806
-10.502354
-72.94764
13.1021595
30.013464
-8.059381
-12.062773
33.671143
82.71729
-88.029495
-21.586586
24.580542
-61.582916
-67.89291
2.4952788
-21.78483
59.563053
5.132263
48.44236
95.218185
128.6857
-47.584526
0.4117657
103.62745
-1.3048209
-18.416279
56.81024
-85.414154
-7.884682
-48.319336
27.75934
-68.96302
55.090553
87.06311
-66.19458
-134.7645
20.543291
8.280978
-123.775925
-99.3075
-82.867294
11.075017
-40.28099
-120.8958
12.554425
8.352199
179.58282
-117.628204
62.097992
-176.16725
28.808046
42.956882
18.481361
58.53686
9.3213005
2.508558
5.564495
-15.69087
-11.470588
-43.764866
66.93319
-86.85802
24.51957
101.077484
-29.164818
-5.8990984
-44.524452
129.87315
-65.711716
-16.84045
26.570116
-0.14058918
7.08811
-70.74779
23.618656
-57.084732
34.468445
-14.660404
20.357794
20.42788
-74.191605
24.75796
-26.097496
53.865738
11.629276
87.35654
98.129425
107.11422
37.631447
-2.1058233
19.368172
-196.70485
-29.045135
6.40933
49.46955
51.118855
-17.703836
-19.190218
-5.497014
48.268684
-76.12563
-44.20848
-111.33806
-41.165375
-105.919235
-104.24989
-93.08046
-65.06834
43.149654
-51.94594
67.37217
-129.40302
63.956898
-24.995274
115.84923
90.44597
-33.918686
36.697502
104.71061
-12.985222
80.7977
2.7622373
21.82405
30.16449
-29.266233
55.345592
-65.69927
3.1482213
-18.710613
142.11682
18.856731
-61.631027
33.69085
32.49905
36.474842
-91.13373
-35.644062
-28.906328
104.50046
36.225113
26.658718
-86.738686
71.05716
-53.097374
43.787502
-35.748577
-41.64342
13.1493435
-25.85102
30.669897
-7.916293
-78.36611
-13.867578
-8.098881
28.568003
-16.349646
64.9752
-1.142032
-21.001568
95.43642
47.27709
-43.395126
96.37731
-15.863574
-45.299564
16.409658
-96.41801
82.79051
-31.876713
-117.581345
-37.72245
-20.279505
58.883118
-82.45932
59.149147
-81.94812
89.69103
-67.32951
28.715614
-37.52674
81.19163
-35.276966
-115.5249
17.009384
6.2973905
-66.79381
-15.733665
-91.96253
60.08681
-73.77359
-90.646194
-82.305336
-99.031265
13.953228
6.3726134
-52.270245
-9.470194
24.675821
-61.52126
-13.431354
-119.48827
-61.111275
117.25544
-69.524185
-20.233595
152.20305
-8.26444
-12.916239
37.957523
-51.12575
-117.96289
50.5398
64.00752
63.020523
62.543396
-50.509586
58.31141
-94.855675
-53.948288
57.37713
-136.57327
27.838951
32.7443
-36.808445
-17.838179
105.920944
-32.864273
-2.425064
-120.443886
-80.410484
-39.5056
127.73083
10.831422
-134.70413
-131.61539
37.64561
-5.870755
77.67801
-14.951222
61.371796
-59.60293
-1.7284238
-11.946911
91.33751
-69.524864
-25.017044
-47.236694
41.376648
21.502237
-81.186844
2.870545
-24.84982
-159.21
16.58926
59.78748
-46.033165
-115.41468
-58.174107
-42.719147
-108.6613
19.514042
26.66002
-5.7240067
54.675297
31.653805
11.701556
-39.766388
25.45244
29.844044
-27.770638
-12.317472
-80.54644
42.627827
-15.285117
2.2721481
82.18439
126.856094
-3.8878357
-25.476646
74.873726
86.758064
-7.281712
34.412224
92.86052
54.67783
-9.984528
-28.62138
67.33896
76.21203
58.4327
-30.441551
17.10657
8.894617
18.267681
139.2561
73.800705
-26.340466
31.07205
30.985222
-8.238479
-24.824192
-47.861397
24.7381
-68.80252
21.575533
-23.263985
16.79882
68.42408
-130.98137
-51.696938
58.938675
-70.658005
-34.806988
-1.4429237
128.18834
20.416166
143.71576
-36.062164
-80.40976
-138.88072
-147.06876
65.29776
-102.232956
131.51857
-76.570244
64.1207
-0.08714974
2.3862035
-83.25884
65.087494
112.232285
-31.011765
14.648735
-40.910843
124.44826
10.9585705
-23.293957
55.708626
2.8162901
37.691
63.31458
2.0013633
-49.14364
105.69099
-39.216766
-28.81343
-18.055882
0.048915327
42.05041
-36.651432
-4.2745423
-68.40771
18.669325
45.10681
-27.048141
-26.732246
29.082283
52.88865
102.105484
-52.986156
-80.305565
114.16092
-9.098079
-13.554191
-37.87863
97.302284
65.93877
-28.834335
-85.64375
83.46296
43.000244
-1.2992446
14.263436
86.97873
68.80206
-38.469673
-51.758236
74.651665
51.228397
34.215996
54.52295
3.6304414
-5.990081
-48.23941
-16.210526
48.347557
-77.98757
58.0363
-41.124733
-60.406326
-5.697664
40.455605
109.23381
-35.86887
38.594612
130.7396
-6.696965
76.83766
2.2787218
-15.063932
-48.717205
16.091684
-86.052
47.35012
67.38819
-85.96378
-22.191366
9.176314
74.61008
-10.660593
-98.09658
19.503695
-81.97528
31.009405
41.556286
44.894653
-167.32617
-58.176266
-74.41832
-45.126236
-133.86072
-47.833595
-123.75317
53.59434
-65.58462
49.802097
-53.246704
1.9549041
-15.446092
-43.62051
8.833288
49.9018
-45.191956
5.830748
-12.963222
-5.839917
-52.421272
-28.4272
-16.05069
-11.710181
-47.765347
70.21427
-126.35548
16.72132
47.293243
-22.036509
-43.037735
-23.531843
-35.839245
34.586613
-63.594334
-66.528305
-100.60724
17.331455
-24.711517
156.06697
-105.05497
84.09219
42.269016
28.96114
7.655878
-147.5473
7.233983
-74.175705
-77.623604
-26.364107
11.1437435
33.856537
-45.08943
-140.81454
50.345436
-5.3173437
-97.79662
1.5363107
7.962961
-88.92743
-85.88607
-36.781456
136.83424
20.564705
51.992794
6.022143
71.74241
-17.855276
-49.02927
-4.8380938
148.53595
-17.808544
-39.444344
31.916561
-83.35422
125.91211
39.901684
8.418259
-10.681385
-22.211924
-61.902588
-77.035805
-62.29637
53.0191
28.132227
-54.874508
28.927504
-102.24059
112.61205
5.652647
-77.82751
89.324844
3.5213108
118.74498
-14.193545
13.0166855
-4.9485707
-10.699607
-3.3449612
56.85788
-56.962025
-8.291119
-17.690086
60.32758
71.57797
15.318364
16.528423
78.04569
36.52227
-28.857727
27.995203
-12.229386
52.65042
-53.99849
-46.90562
-30.040287
24.67185
-85.17249
-20.23318
-125.30947
49.527252
29.092775
-105.50553
-22.302528
-74.78017
98.72524
18.319931
26.613258
1.7916806
-70.29729
-13.911493
0.39134264
35.96933
-22.286934
-154.44463
-97.69733
-88.284256
4.9987707
-9.230091
107.11631
10.484289
75.86355
-44.65441
30.294937
-32.305756
-13.795105
46.80405
56.637123
84.88111
119.06179
15.404852
-70.31643
-86.0371
61.642735
-37.260307
23.88605
130.91833
26.43293
-48.036438
79.97699
-47.7672
3.4402251
49.513336
58.0944
50.989388
2.98247
11.989704
-128.94882
-83.734
-16.296045
42.0253
36.26676
115.705894
1.7076055
43.33934
-0.8485316
-85.43184
-40.0478
65.73072
-29.69591
105.357376
-3.5734134
97.34412
-15.666259
142.37398
0.7642258
65.33778
8.79589
-59.44468
63.13614
-71.50153
-109.72161
72.33857
53.549515
-42.74665
-7.6445556
-21.93023
12.226598
-96.322655
19.555668
-13.849982
11.665477
23.429123
-4.571417
-26.470993
48.95881
59.01795
-53.775417
11.090183
57.429127
11.83953
43.974556
-135.08128
-55.72859
4.432138
-8.289785
-40.412056
67.123665
-50.752712
-39.27447
-36.32174
-96.48788
-134.49057
-2.5029893
-104.41758
30.048271
-26.506231
-6.3656793
-29.956562
-20.795376
-57.777058
60.457382
15.780763
93.02424
-109.18761
57.282986
-17.312382
184.74629
80.49275
-32.16325
14.989301
3.5791268
-117.7309
28.119524
-42.367958
-100.710556
-179.4236
-27.820557
31.667503
-4.6405287
57.996567
104.09736
33.407017
-55.79847
4.1847596
-123.30206
9.940455
-39.43713
-23.287586
-111.13667
51.830902
-126.31076
-26.37956
51.111744
-157.8952
41.534195
29.785896
150.14781
45.342915
-3.2953143
-9.477038
42.159733
109.486336
118.21026
-58.900726
-77.547615
20.594692
3.378008
72.97233
-12.893912
25.245968
19.35746
-33.737408
77.922325
-24.169043
45.13514
-28.827372
67.06588
16.921349
28.754072
-65.30315
-10.963782
13.247767
122.140594
-167.40123
53.574432
16.283741
51.03616
168.44254
-29.04513
3.461045
28.766037
-94.538536
67.616745
12.171962
23.833696
27.192339
99.49155
27.218985
116.55953
-42.471943
72.71831
-83.596886
-60.920757
-63.59899
-68.13781
21.852402
17.81764
3.2800612
-58.532906
32.36597
-17.943653
-71.736336
-6.3457537
79.362274
177.65915
48.915657
80.38852
49.351776
-37.066933
35.470043
-77.20959
126.10074
-43.174507
98.49914
-31.88224
99.85064
29.467417
8.161509
19.011112
156.87585
-42.984394
90.60962
36.807613
13.560352
41.211567
97.349945
3.4659452
-46.488018
-7.8775396
-64.06241
126.70309
63.485794
-116.6839
-143.2706
38.85713
20.517757
105.16413
25.78407
-30.320541
-12.368605
62.00222
-21.81403
64.33703
-26.0266
-8.036208
12.704872
-9.432961
-38.207077
129.53618
44.1318
12.254389
-77.39253
-68.16506
137.46465
-56.332676
-145.90096
61.660255
-61.094517
-35.778458
-23.00757
-45.82337
-69.38723
130.6574
-57.208424
27.5204
-127.37329
-94.240166
15.193955
10.474101
-67.899185
62.00013
27.548607
61.35646
65.10082
56.632164
-50.616795
3.1142392
-53.532852
-79.131096
-10.509787
36.799355
-53.44781
27.302263
-10.223499
-84.76202
-34.42444
22.482533
-41.332207
-168.31589
-53.34762
-9.342323
40.587643
46.115192
57.08322
47.955467
-97.34254
58.20659
5.3320065
-35.980255
33.492275
-32.413174
40.318172
-20.705593
-51.719147
66.22015
-49.98741
99.53107
-7.699671
59.593964
1.0204488
17.397774
2.5661778
128.10307
-27.086597
61.184547
-100.073204
160.53574
-75.33026
-102.74273
55.039017
-22.896027
-44.153267
-50.677486
68.08165
-109.34467
-22.228424
-17.95127
100.39853
185.76877
-8.553772
-1.3967369
3.7882893
43.746323
-30.858374
-2.461635
-28.313347
57.14591
34.41098
-35.37689
-76.56475
-25.511898
59.76489
90.03891
41.368088
115.469154
39.567276
-27.754877
-51.390953
-14.9913225
-129.91695
13.989384
-55.575962
12.846698
104.23689
-69.19965
-4.9921103
0.22247672
10.291483
9.6787405
-50.16065
-35.569214
36.670586
215.36989
-76.21454
-56.121178
-62.755424
103.133736
-2.083679
-24.054863
13.906434
-58.072853
3.9497075
20.087479
-49.10985
-17.076908
65.38597
5.484169
33.510635
-12.215861
-76.554634
22.363815
27.418709
69.22534
-35.11078
-34.04101
24.718075
94.583786
-43.084114
-9.309525
82.83715
-121.78287
38.513203
-11.716494
9.381932
79.02472
-14.833539
1.4712521
-26.049946
-27.27234
-23.530262
-15.725351
-4.72711
-19.781754
24.332464
28.156805
32.370747
23.932814
13.696669
-92.98836
56.488552
30.618124
110.532555
-140.59358
-2.0246506
-30.650452
-108.7083
-68.71864
-11.600852
79.931435
37.70388
44.272503
-28.71267
-10.2600765
3.8048997
3.478379
0.05562383
-115.28711
17.149113
-82.02115
63.9912
52.412064
-30.854856
-67.40346
40.37923
-120.795944
54.783123
54.021465
20.715923
-12.873168
42.93867
112.13152
87.74067
75.58995
49.43037
135.63892
-48.01934
17.36054
-11.0173855
110.97099
-25.451908
116.04156
-95.9177
74.15753
-28.39933
-1.8310194
-51.143124
-2.548154
-119.80981
101.92036
78.430534
-129.12712
41.429634
107.65067
-60.5575
-50.696693
38.78716
25.737574
38.109745
-19.792738
13.237856
45.009884
-7.299285
56.198395
25.053886
20.613724
3.3031907
37.823902
-34.019096
10.99198
-37.599113
37.622993
-6.038656
-61.066902
-37.10892
19.738607
30.338282
47.73824
57.213844
91.59316
67.944275
7.8021345
-33.37531
46.719955
-10.636606
62.39339
-20.173832
53.051094
5.413784
-49.762985
-29.862125
-38.289433
44.740837
-67.08566
-92.31091
-18.751547
-104.82247
55.400158
41.062477
34.522774
-54.70114
151.77368
-4.0840826
-30.031654
8.430911
-98.835915
-4.5726814
-55.03343
23.63926
33.005505
-53.57202
-21.45031
-52.274105
50.26136
-114.22247
29.327414
44.647026
18.339024
-85.49824
-55.62743
54.76266
-50.301846
-12.926659
90.40039
-45.174995
-44.240265
-39.167812
0.7264045
-78.72362
-61.576942
-89.62808
9.394317
67.14344
100.33659
173.29092
90.449936
55.755417
161.98273
127.08609
-17.354563
-98.68192
50.01987
-10.09355
-0.55532897
-208.69931
-17.226591
-64.23708
-82.229546
11.470845
0.36284882
-74.323845
123.281525
-75.447945
-11.850796
-41.933273
-31.52563
-106.53496
-31.092794
87.29125
0.03038752
-67.65612
25.978544
35.49545
15.333681
44.65629
0.59918386
12.073619
-93.880974
-26.122786
66.499016
-93.78503
105.71201
30.106226
79.62715
-83.42169
3.6906617
-34.649384
-144.15555
-12.254874
-53.18156
18.271122
25.720524
-55.915356
-12.155011
-2.5350158
22.650097
21.94175
-58.961655
73.48043
12.1227665
32.9481
-15.298652
56.362152
-17.607828
-15.027005
47.582024
-13.343594
27.971071
-12.121151
-29.598692
45.900043
-30.103514
85.99695
-127.944084
-3.2929566
-15.107247
34.221825
-20.089245
-23.851774
-121.06301
79.43551
-48.1927
-92.54317
-144.48029
43.98463
-106.76966
-105.18749
-71.405
-34.964394
-14.257699
-1.5064914
-97.6199
-50.788445
-60.30401
-50.793797
21.623737
-10.713867
-36.35305
-21.048117
11.313347
210.46104
27.967974
19.460709
-25.522224
27.775852
24.109173
-0.31574333
6.6697526
-83.19503
71.41632
73.150925
-2.106337
43.43501
148.83495
110.521065
154.06761
-21.929836
1.032205
-140.45995
-10.059972
65.7546
-114.91612
14.738191
-23.318312
53.114964
98.67789
-25.773443
149.50491
8.124593
39.8188
-62.348907
66.054886
126.43807
79.66373
-88.59551
-137.1407
-8.138095
-25.751884
144.06738
-35.211998
33.118496
-57.568375
-41.214
68.43202
-0.7115278
9.650605
14.724207
-7.818434
119.31456
11.472722
68.640656
145.78108
26.338423
-41.13711
72.97645
-66.21204
70.88584
-56.02667
3.0583699
-66.5172
107.8579
-56.81143
-2.5118046
67.07449
111.49212
-5.242017
-12.79463
-166.54329
62.020683
-42.835712
0.70742303
-1.2246208
-51.67201
-105.17071
11.690564
141.1202
-42.715252
42.36696
-5.3006783
-37.049686
13.836886
-92.06018
48.4514
31.628633
23.430656
-35.826733
-77.80243
-12.063354
32.197174
4.7306843
-148.82382
-96.44978
-17.934477
49.07985
-24.414272
-67.93632
1.732731
52.142754
82.26872
-54.787457
-73.50121
-81.81468
64.684845
-30.206915
-65.01251
46.87757
57.37367
-2.1624665
-51.095398
31.246958
80.51239
65.68614
-23.889507
-55.94201
50.752754
58.212322
26.57777
59.755047
-108.73519
-125.84023
6.5560913
24.595505
112.44555
3.816755
1.485973
12.757541
36.34111
59.155228
-94.15628
-25.27369
-83.86668
-12.2104
53.132233
-59.948708
5.0650673
51.213318
-89.58518
-73.84064
48.42932
-82.407585
-6.467047
16.583668
-72.76696
-9.271964
117.35021
22.404448
-73.85707
-43.09917
-0.9031973
37.902985
156.222
24.211718
112.714386
-21.503159
-10.691096
-1.5093718
-15.268628
8.47723
209.34515
23.923286
127.605156
117.371666
-19.52905
0.7107158
78.87555
-0.92226577
86.3211
-116.63967
32.744564
-109.673805
16.477045
-83.70772
26.26054
-68.747375
-128.22119
77.229706
71.016655
-137.04805
-39.480682
26.81883
-80.096306
21.300602
-71.891106
-69.78902
-94.90569
-7.4961495
48.286892
42.94125
-42.21881
64.94345
-19.859304
-8.465747
-16.980717
82.98247
-93.82371
-4.59746
-68.62171
173.32439
55.80193
94.8902
39.260372
148.21468
-87.24773
77.74805
-103.8378
15.149882
77.39714
-43.52193
82.5859
115.88376
-56.309647
-63.159115
124.331924
-2.0046322
122.5904
55.751743
18.683414
-16.119293
-122.74177
-25.759401
6.4925466
33.679935
75.7824
-55.209084
28.699139
39.588173
53.30778
-16.667343
16.733482
31.427528
58.55535
-35.0051
95.85984
7.3235617
70.38193
76.09164
99.303925
-65.977234
56.35829
0.886369
109.312386
-11.447167
-17.55062
9.822657
55.99368
116.22042
-50.109413
33.4933
-6.7954016
-12.826245
-9.045926
17.59773
4.97794
-10.726585
-54.403675
-23.09143
-67.62576
-52.855667
28.28743
-1.9805192
-28.423447
40.594093
-69.165474
35.45641
-0.39410126
21.101994
66.520294
139.74388
19.68498
61.232555
20.930822
-3.5753422
53.67776
58.96366
119.98936
-12.626936
-24.9692
-0.28189266
-57.40545
19.081657
-0.55828226
-10.071842
-23.28895
4.1838684
-51.30017
64.66794
57.83723
86.981155
88.03561
-96.83746
-35.461742
-36.46932
-81.895515
-50.3961
-13.954643
58.533573
42.609306
-46.35132
-29.139095
-36.958588
-186.2898
-104.785614
101.29441
42.167274
30.266447
44.704296
-28.627735
55.390144
1.0048761
47.57568
-69.232735
-46.882698
109.50996
-2.858611
-69.28946
-23.855669
-71.11705
-71.231125
61.76402
-24.544872
12.658953
-85.723885
-19.067257
-81.02983
-1.8899446
77.90334
34.1681
-48.579617
24.457691
1.7318609
18.9368
-35.814617
52.511314
0.91783834
-42.869156
-3.888619
115.04502
78.30825
69.381454
116.005516
70.31563
-25.544172
-70.46013
-45.962517
-52.481876
-21.067286
-23.537355
84.913185
-25.6346
35.35747
91.8578
50.703194
-109.90645
-91.49931
-38.10443
46.86578
-19.31534
-0.49833608
39.89681
21.031609
-76.288536
92.75877
-37.707256
34.955173
-100.856094
49.478638
-13.548817
-19.874868
-12.588965
27.470417
37.101612
19.56752
-93.576
-42.32613
44.504124
-75.95454
-59.9054
37.320152
22.479834
25.393545
17.304075
-23.174845
-8.37148
35.686466
63.18575
52.052853
27.14512
-23.57838
66.54781
43.747494
-44.467087
-34.96241
-18.573818
-68.4465
-46.49009
35.962364
18.554163
-77.14213
-59.752003
56.96924
-12.123443
9.327018
-8.816576
37.945625
-68.09122
-18.136827
-121.22253
18.508997
8.009825
-49.192024
-68.601555
84.57981
-8.971025
-125.55154
-51.224785
71.58164
-68.26654
-112.405594
-39.292297
48.81384
83.73604
18.756771
42.483063
-83.05543
-105.615036
-40.385513
2.3866389
9.071853
1.2188983
-111.9643
-11.06867
71.753876
6.4272323
40.093834
-72.55874
-34.55611
9.424164
11.603596
-152.94203
27.572826
42.344246
84.55427
-90.626495
-42.27061
-5.10014
-28.969076
88.81163
26.820683
33.73547
-76.17047
16.751396
32.10774
23.352976
62.57754
59.507904
7.8698215
67.30626
98.24876
66.96638
-17.235197
-54.126335
66.13654
-132.66043
-10.353449
-65.937904
-75.016685
-128.13885
-49.330048
-4.0601654
-21.068523
-43.587875
4.0141487
41.96595
63.422993
-6.1695533
7.1180224
121.61113
39.36992
14.8263445
-7.0818715
14.018831
-61.445568
18.965729
-13.224931
12.365859
24.003212
44.28497
-30.914366
-56.181213
32.969482
-101.25515
-99.68049
-66.95754
26.177996
-60.716145
0.7751372
-64.65832
24.368753
-110.20714
65.67121
15.576606
-12.437427
47.585854
2.014182
18.900358
98.06492
48.975456
24.462278
-42.092663
-7.130151
-113.01989
14.557319
64.79078
58.41318
-80.91136
25.258175
-70.271805
-96.21676
57.90245
-103.97826
-56.497505
1.849946
65.48672
28.35598
-9.010128
47.217564
-102.632416
0.847408
90.22084
-24.51
-56.19001
-83.91902
109.362564
45.08914
58.133774
29.528402
45.48953
68.92557
-45.705853
-155.65497
7.0261326
92.841415
114.77633
28.332735
33.04749
52.8532
-14.508057
29.356167
-106.66278
-101.857315
152.97903
0.9827839
37.75054
13.283553
64.8707
20.575556
76.59611
-8.15239
-137.88763
15.060286
25.440018
44.420742
29.276693
43.057396
-7.4248123
33.173832
51.783047
32.70103
30.04094
1.0571485
-117.543076
-187.55505
42.00518
49.60959
-12.480586
20.647001
-79.090256
67.11131
-55.69133
-65.21014
62.423653
67.748726
-65.9322
-36.54345
-23.610258
76.902145
59.88022
36.23416
16.57111
-37.301308
-67.63046
68.7527
-59.606834
21.45494
-51.549538
51.76031
8.304266
-50.359142
-24.946138
7.3551846
38.398094
-53.20025
-35.206707
-65.11791
2.4331336
78.725174
49.955643
-34.66198
-27.201248
-29.902351
-67.49115
17.117495
9.75382
-53.64966
-101.03134
-27.826168
-90.47695
-7.3748164
33.837482
0.77427065
-67.73773
-31.002829
82.562225
6.283901
24.890673
-39.487206
-15.041819
52.22532
-24.411264
1.4299835
89.07765
88.98533
33.994385
162.21361
-1.251711
-22.097338
58.83963
-77.048645
8.370431
-15.673935
9.804564
110.301346
-26.295284
63.72619
5.040868
-17.228888
4.736348
-35.421448
71.18629
-30.872072
10.19275
86.648926
60.372105
43.91266
-9.754444
-26.391216
74.92705
-9.382859
94.04475
34.129734
39.37816
-75.261314
-75.87889
58.307076
-29.119354
104.98197
24.479063
-63.895397
65.83058
-4.5745106
-50.17694
72.49837
-83.639465
-38.49325
-49.243885
73.087746
30.926178
-38.474384
-58.82289
134.40608
41.100418
-72.07748
-85.03177
-72.22578
-24.943985
-9.770926
67.98682
-10.363382
24.360168
-39.15764
23.02401
-0.75591284
5.2916236
8.896282
46.741577
-151.91112
75.368706
-124.307655
63.443962
-62.208748
63.642376
-54.04148
65.63951
-96.29269
27.903545
-22.028982
-48.82179
-17.723566
48.325626
-40.627747
-127.06029
81.88719
3.1832292
-72.27262
44.998
