-148.2609
0.42007196
-49.293015
-87.44391
37.819317
-25.202276
62.05081
21.10424
-83.5245
-153.28162
88.96926
21.83118
41.92596
-82.27531
159.27814
130.00082
-74.276024
-215.32144
170.87616
126.28123
131.10403
48.40096
-8.798353
123.58871
-33.962883
177.67424
201.95018
34.536377
175.65306
-8.442369
131.7204
32.04025
74.711075
-27.921535
-263.0189
46.987766
-73.054146
1.9808011
-93.60227
69.54586
108.08424
134.43912
-29.153372
22.276339
-117.681984
36.38598
-94.02293
47.397118
159.09238
162.38986
-30.324661
27.067118
-17.22955
337.70047
3.0725186
-105.1118
-116.46212
-141.5211
-103.374855
27.539087
48.57379
-21.078472
-130.22255
-42.58624
80.74921
-233.23491
-82.060425
141.70253
150.73805
99.448944
44.60817
-24.069035
92.71426
-46.81453
102.69705
77.11297
-31.396173
80.0228
95.695465
-105.65002
-58.658855
-10.722972
4.0882516
40.784782
-195.80455
207.3448
-133.1393
54.674606
141.53246
-120.913734
16.200893
-59.88412
181.46384
-66.54348
-3.3535314
2.640771
-25.598392
4.509585
-56.20533
-190.08287
50.61997
24.158043
-137.3981
-71.49356
-1.5708255
-102.24201
-84.7914
15.607855
-19.207066
-149.07796
-99.90078
5.3991694
22.443863
-11.767424
35.179848
-151.06401
-79.15472
-15.748989
100.22781
-13.444128
24.140684
158.36052
37.312317
-46.307774
-43.803593
-174.61623
232.92102
61.904278
-42.678585
-196.01036
40.01495
-11.905477
127.53914
119.85457
-44.006397
-3.058991
135.67622
25.95315
-10.498638
-56.083126
74.07868
39.88091
-14.299402
-80.34921
9.275124
12.587802
-68.4793
4.449509
143.65396
57.56689
-5.2123623
7.9570003
-24.118576
-62.011215
-291.19104
48.124413
5.460103
102.74563
41.96609
-116.15012
13.956646
-69.68275
-76.385315
-231.2036
181.25702
-86.91741
131.35963
-128.68933
85.895195
-196.44167
-29.85715
-3.6468945
178.98825
64.1174
-130.90842
97.05356
-75.652115
-4.482601
33.905228
96.93271
25.84368
-47.490353
-44.44411
76.07927
1.5161972
29.416399
-66.37359
-169.65407
-121.92985
284.94528
-123.081314
243.74503
96.76164
-128.12633
-179.40877
-75.39597
-136.95432
-75.29387
-100.88038
-171.99289
75.07042
-23.909843
-116.79252
-166.82365
13.207779
-43.820686
14.089728
4.3503504
-133.67694
96.53995
-43.7863
-156.11325
-207.82039
19.403452
145.84859
-220.62607
-182.52547
1.755946
115.61316
76.62333
-112.60435
102.60251
-64.11674
34.341515
24.81799
-11.33853
57.471165
47.592663
-24.901802
-61.24749
-8.702614
84.623985
32.165806
-48.388874
-181.26237
156.68651
-23.730625
-11.811616
-121.953064
-109.002106
22.287941
-111.78822
-23.657892
-99.599174
89.74521
137.31688
106.60203
57.81183
-20.801401
-29.464827
-73.51992
-151.67116
-86.07804
-8.269206
-134.69649
123.86988
32.24178
-157.05179
205.53381
-160.07968
-51.362125
-80.36394
42.274998
-88.01448
-142.71758
-25.514454
62.93731
-77.222824
128.41534
175.87965
-125.10952
-74.593025
-53.260185
93.80337
36.543495
44.402225
1.7724335
-27.067814
37.58186
76.775444
-14.024301
-49.64782
-31.711723
62.764004
-26.926407
136.45811
-13.81754
57.746735
-99.059494
117.91088
-203.79175
-37.992165
283.0302
-230.49973
-79.89105
-3.646699
176.68399
59.140762
27.086414
29.695219
17.658724
-167.49757
251.37955
36.79722
-30.283491
-127.63557
-123.294556
24.063768
-17.953846
-57.25076
-177.39012
43.848835
-91.94282
-134.85344
85.67506
75.60617
-17.295347
13.917271
-74.58181
20.549171
-96.87491
-26.045034
-9.0008135
48.809242
101.262856
-92.515114
-5.7047806
125.79598
16.144358
127.852486
-178.0583
34.422295
27.991089
31.364647
52.17875
42.546192
-37.240955
-42.410744
-185.29129
-14.269879
75.19152
47.094074
19.55032
25.18059
-150.50185
40.52073
118.1207
47.024586
185.81454
-144.54257
17.426989
185.24388
-87.99625
-234.83739
-7.669623
-36.655075
30.67553
67.72767
84.07271
71.70695
87.17445
224.73204
164.3073
68.18938
-194.16077
-54.543797
-117.41111
261.0788
-16.399052
154.6244
-91.929436
55.17352
-101.052765
48.195564
54.892334
-51.21868
-243.13805
57.241158
-178.34003
-70.1144
24.031462
-216.12073
18.340746
55.13974
66.41015
-242.20343
26.567461
-56.850113
3.827014
-48.290318
27.735842
-12.718929
14.741403
159.16466
16.18776
170.99728
-1.430775
94.79629
-136.48802
147.18472
20.308113
154.8455
-30.053963
41.060635
198.80457
50.51556
69.78742
83.09335
52.051243
-39.27097
42.101192
11.980511
62.333134
32.731125
9.317283
-172.04802
73.442055
41.530014
-2.035127
-20.796637
10.231803
-171.43388
-35.91476
162.39919
122.84543
101.63354
92.23912
-43.21101
147.8527
-325.8749
121.89605
15.424326
-140.70866
33.542484
-15.4642935
229.05952
-63.169003
-157.2133
104.218994
-122.16988
-13.956172
-42.36619
53.674862
-58.802376
-86.01868
-69.65262
67.42861
-38.91634
-57.30314
71.42867
-69.01445
-99.20557
-93.764626
-216.33363
-78.88341
-16.266394
-2.1124794
6.337858
-117.71677
-132.14412
-21.466036
182.56834
108.98015
165.25041
-68.19721
259.3505
-65.43245
14.315297
-31.896385
87.33504
-86.47535
197.80995
-51.720005
-56.338043
160.34567
111.809395
32.848114
-257.14935
-103.25431
-31.491726
-103.80149
19.964233
-129.0446
85.227554
-67.00679
39.08636
47.219154
-73.68681
-20.757206
126.75105
-49.71936
99.8756
16.548729
109.130104
-135.91093
-54.12561
81.11696
151.69347
37.632954
14.054052
-272.93756
-128.84781
0.20616831
30.959312
29.076084
-21.517622
-113.43837
58.409233
22.586136
204.17325
2.4145553
-37.152966
-64.35005
224.25882
158.38983
116.0613
-29.439842
142.88496
-68.01515
5.3352575
-84.11834
207.5545
131.11014
74.22371
-39.692245
-11.7965355
17.113514
73.02048
156.59329
2.8164487
-191.87007
80.3055
30.484007
59.357174
-212.9517
33.704422
84.93008
-275.88525
132.37645
-73.10304
212.12561
-202.84299
-272.85623
-92.455765
-43.910423
137.2163
142.4793
65.53161
-51.13609
130.15002
11.835291
80.07926
-99.18366
-179.53656
31.009787
-61.10395
-29.537273
-62.212055
-80.38473
101.30141
116.46799
109.42973
-165.94695
-137.95857
48.99424
15.354198
1.6544284
-29.212454
-195.60072
122.976234
23.504719
47.266815
271.92438
166.88432
-71.70283
-5.3571277
-53.300972
73.98625
38.45736
-205.31693
-87.10484
105.59557
46.29496
116.5942
335.5155
14.784005
78.948975
-62.19791
-275.89404
-37.610203
174.93665
-1.6803391
-147.9707
-105.55916
-114.599655
82.53346
127.12679
-208.08693
174.25558
-50.09415
-54.805283
-11.16072
-28.074812
-3.9423313
117.1463
121.62814
-71.86935
-141.21358
-81.1095
-144.87494
251.27658
35.80168
-97.633675
86.701866
-10.039979
-55.06729
-27.823204
31.786667
31.61839
-23.499216
252.22131
-56.79791
186.26862
265.1931
240.47293
-81.97863
32.525173
-9.211934
119.29697
-141.00232
-9.2577
51.445015
89.80199
-225.82623
-0.23781693
181.70346
41.280895
73.05148
-125.43439
18.43942
24.922916
-94.312836
-148.10666
-175.03154
-56.27125
273.0754
-2.2673662
-43.19079
46.21876
20.383232
181.06978
-29.381662
-45.573177
38.916435
-21.002043
94.76261
89.1409
37.963924
241.70245
43.556557
57.29378
-123.159485
164.73865
35.483135
-257.81174
65.44971
82.92263
27.39893
121.08129
-60.9254
33.90584
-7.4748735
34.930267
-20.243065
-54.114197
64.58499
67.02884
46.800556
83.791885
-91.56005
-36.853447
110.55003
-143.15869
40.02834
34.998592
3.099714
7.6724787
-28.547878
-30.062592
-111.09435
-209.75735
44.49522
-21.409454
-55.141785
199.53185
-36.717316
98.97043
98.982315
-75.65815
-151.92337
-43.642864
-31.586493
-2.1278512
-1.4110918
12.84242
-22.049572
20.567762
119.03302
39.99251
24.659697
-29.10323
76.34928
-260.14886
-85.491135
68.162
-73.92471
148.95091
88.08667
142.66232
129.33788
43.80749
-32.72983
-271.66782
-51.985653
-21.518925
-181.94856
-93.12281
17.13525
26.424044
95.02248
-244.81583
-10.806425
-205.21048
102.65781
-141.701
143.16895
28.531357
-46.195774
-250.02643
29.849566
-19.96737
-21.579584
40.734383
-62.7796
-19.33795
-89.68188
-50.775105
-123.30618
-59.766033
39.46096
78.512955
-37.839382
131.42987
-21.388641
3.0592504
166.8695
-32.32588
66.171364
-119.7488
23.78313
-13.989927
-224.83315
-112.877525
9.878479
69.437996
-171.47903
253.35065
-72.589485
-78.34501
204.4948
-78.49886
-164.19254
-81.89148
234.47054
-110.02246
-107.78832
-41.097
94.3366
-170.97589
107.06001
117.14509
-191.81732
-60.52097
222.95433
-72.47633
-26.812193
-4.790905
-2.3134885
-264.95984
49.61258
124.40451
80.34249
-12.473586
-126.08369
239.94113
-119.973206
6.095334
-7.4709735
-95.72604
103.67
-199.40707
40.785995
-121.036766
-171.45499
66.603806
86.778694
-96.76329
-172.57185
-216.96072
-4.490084
-127.10112
-71.02407
-120.23107
29.17809
-53.79839
-0.8912679
8.354655
46.297264
-63.073326
-42.89458
-98.47593
-183.41066
-98.347946
-43.4165
-140.41878
56.779224
110.53918
-65.06782
-173.5876
-59.570778
-48.02143
51.5073
-29.559504
114.22761
-27.243166
200.145
-70.15025
33.13513
1.924425
44.834625
-28.537392
13.865047
-170.77548
-103.31632
69.86592
-161.01581
122.61519
-101.90844
-99.11782
128.50288
-48.407635
-24.573729
-57.741333
-94.535965
65.874825
96.7921
17.40167
-106.69061
48.536682
150.71059
29.683886
-36.893425
72.94567
15.22764
50.955536
-13.361178
32.644012
-113.226906
-78.50659
153.2836
6.1527357
176.4858
-36.140644
-34.994774
138.50392
39.717457
54.040398
-96.70525
-90.75498
15.524583
114.09013
152.19923
-29.919125
-82.67647
-99.365845
-37.66663
-21.933125
61.42714
-56.61644
-6.284238
-127.47978
-190.76033
24.863214
-173.6714
71.04239
39.320744
-72.22618
-5.7365894
18.007565
104.93916
-10.97531
108.35956
70.45688
84.52593
62.795116
169.25198
-31.627188
21.68178
-62.779476
121.54521
-111.57141
-88.31829
158.65112
-112.90371
-57.86525
-101.89049
-36.55276
22.33979
-142.07588
-183.16042
-72.24749
107.84687
-136.91757
20.243202
20.175348
-131.48122
19.653952
-181.96681
54.686077
-118.40994
-23.40139
-71.85297
-166.66283
193.53627
23.352362
70.183655
-81.18158
202.85355
111.30371
119.82276
-10.5871315
58.377953
-194.39137
-73.25536
59.17572
-91.665085
-148.13084
112.71447
-173.21587
32.23914
100.81087
17.043373
-34.91639
-28.699724
-60.50288
98.89944
-64.37293
38.11177
-196.64073
48.59295
-6.800047
-90.55222
-51.687237
-52.229515
34.325836
18.546013
127.45444
74.82377
122.48384
-147.14174
62.518272
-172.64197
107.87627
-5.7938433
-108.30738
121.97587
-104.40254
-1.0942117
11.725293
-77.57821
65.890175
277.01297
-123.81895
-29.375818
13.65176
-85.208206
-28.252
-52.526062
34.246616
90.31282
-4.599663
-173.94244
-27.641354
65.69814
109.71622
25.079866
129.98221
-99.378075
-48.899475
218.9125
10.84245
-80.63122
77.95
-78.26213
-46.145905
-256.44427
111.29658
-144.93248
35.39957
-167.11687
-97.290405
-69.38879
65.061485
145.22849
63.55556
143.56526
61.613148
-1.7976836
-42.56169
-273.46048
-19.739681
153.78574
-69.93515
85.22798
-180.38991
-172.67476
122.817024
-424.09195
220.65033
25.400854
44.69979
-139.2015
-123.33324
73.41276
-48.05366
-117.276276
5.66149
-153.5021
22.454891
114.09048
-40.45709
175.88635
-76.38526
-22.92926
-62.390797
146.49774
-76.32358
21.196129
-3.51461
-51.575768
10.893221
-43.008884
34.29049
-146.50287
-50.714043
80.18646
-209.78555
19.150826
19.015877
31.990652
206.1627
53.536697
138.43164
10.745565
-243.17282
-172.67981
17.333231
233.68097
-47.924183
4.952322
-79.25567
-94.89708
-304.8497
-205.60016
160.88141
-164.75066
150.57834
-22.818563
141.69237
-51.514236
-24.320795
31.923582
-63.411236
-27.348951
94.33635
42.00552
107.108505
114.28038
129.53508
-23.206844
46.8623
99.32978
74.93629
-238.8819
-134.8538
32.02075
222.14897
176.16156
-28.165668
-129.0134
22.773275
30.173918
13.040752
-132.14746
24.45141
40.95722
-195.80428
36.995888
148.79716
126.1893
-41.76771
75.09209
73.07918
61.565445
-146.93034
-40.58014
-100.754234
29.683254
-38.259323
-37.60602
-224.95436
-85.432076
196.2648
-150.54025
0.8375868
5.325196
-13.079937
-93.39483
133.9473
9.380477
-276.89706
-24.89308
141.38461
108.52051
-83.9108
176.47118
272.4315
20.361137
39.82927
194.0441
-217.05157
63.650154
-64.79714
-203.36356
111.99138
-51.694176
59.730305
-84.01797
-198.62436
-4.7350044
-80.194565
68.82976
-60.20255
0.07460058
-9.786546
-213.47807
70.47891
-0.5964875
-130.89294
-38.650448
38.53419
-145.1452
-175.33214
26.847553
-60.831917
232.76924
171.71947
179.81944
13.12639
-82.30514
-83.830284
-117.276115
-21.465773
-35.29334
222.48915
72.59926
-205.17845
2.222721
48.325264
-104.75092
135.91426
137.21649
-113.47628
33.98865
133.52495
22.09056
-7.080818
8.622636
57.704353
-91.42016
201.52037
118.586365
-101.26102
-264.40747
-11.371491
-39.630775
-22.212843
216.16583
-214.30911
-2.7323062
33.75305
-25.781647
-33.60268
-47.39924
-84.22694
-294.23312
100.275894
-253.51433
32.671234
96.822975
-81.8475
75.77872
-11.154039
14.926772
-43.95315
25.638044
51.30354
92.67869
-85.88166
64.89656
178.87526
-7.3516207
-121.99223
-13.765587
-72.02128
-190.86266
-104.29662
-32.350304
-30.332232
108.95122
-16.383768
30.470243
5.3269506
194.00343
184.69043
-59.11903
26.9288
88.15255
34.124077
157.70903
-164.5179
24.379545
22.539703
73.50047
-327.69638
-25.90192
145.49605
-179.13074
-214.40645
-66.91367
27.745949
-147.57106
-137.47235
-68.137505
91.62813
-29.473543
-219.80354
80.7055
246.21701
183.63974
19.074617
99.52154
-88.6268
243.35954
-35.188633
69.21264
17.025393
265.10507
-33.532597
-80.79604
109.19791
-1.4099928
-110.94076
121.25629
-209.38655
132.76381
-11.050905
119.261734
27.139286
-13.33807
148.12727
-34.5564
8.9963255
30.22558
-36.75277
-19.48298
-253.973
138.05878
-108.35024
129.45811
-88.408035
-22.08933
-74.80257
-139.77904
18.762075
5.8267784
57.567795
28.092281
-42.45282
73.68767
59.851612
95.005295
-73.23215
125.51163
-90.16007
-152.76254
146.01888
14.418795
53.805622
37.065983
-25.33713
-122.48945
103.64037
-194.41241
94.622314
-168.3538
-63.415783
-188.24677
-78.49963
-90.25471
-62.160664
-37.102654
-263.80618
-127.58774
-107.2054
51.380226
-4.908897
-72.80652
32.117706
55.760445
158.26994
163.11325
-27.437965
-67.690895
69.560265
88.929276
130.02094
-50.635784
-103.55893
-19.364532
-53.415905
-80.01965
208.6297
-73.49746
-28.909733
131.8405
5.9094453
119.68777
-14.040595
-95.916016
-14.073927
130.09424
35.55233
223.80637
-10.183103
167.2349
-32.55165
26.526075
36.78888
-119.43603
47.422085
3.5438519
25.39839
-117.25808
-216.15076
-111.30696
37.881443
-8.970144
-48.68425
189.06012
21.604244
182.04561
197.56108
313.36716
-71.654816
113.532616
-95.78278
83.23479
-22.028488
-188.34706
23.538908
-27.858852
-67.376236
-26.409952
-93.08613
76.60153
-68.0575
-15.576122
-244.0697
29.200851
-130.53487
8.579249
-116.02881
97.34676
-62.07801
-87.53098
145.08063
-35.7466
-37.51386
37.211994
-68.187065
74.78372
-93.97816
-236.85262
-78.86136
-109.64723
-32.954494
1.3933866
75.10698
-14.8258
98.37624
-94.12915
28.290356
-182.27951
-140.82333
79.642006
-21.16628
74.44097
106.655495
-47.855328
-119.14773
21.310316
-136.62964
-230.2983
-48.034134
178.26083
23.458982
-35.975895
9.927474
315.2082
-20.454674
61.067394
-5.3151627
-132.10468
-140.36584
34.9679
-18.482733
-30.532135
63.031586
-65.05399
-106.76047
-95.53459
-72.52089
-204.99051
-29.346832
-97.493416
-220.74911
-177.92142
-17.083656
-1.1913033
80.24737
43.766846
147.27763
-125.73382
-144.48135
22.508171
142.60793
-154.57214
7.4914346
-18.607933
3.6472757
22.030336
-79.81857
171.42557
-8.5197115
-164.1651
2.6224563
54.847572
-126.704124
-1.7947062
-140.80647
-29.753525
-1.2361653
-94.58548
76.26762
-61.95436
184.22484
66.10973
121.51456
61.87504
-79.807304
84.05337
-74.60141
-73.89752
28.272768
-86.44204
118.488785
-38.34327
126.03479
148.34258
44.170074
-119.77219
41.84383
150.7596
-22.716644
-32.564713
-125.09533
97.03278
106.60012
-30.91825
28.80753
-124.032906
209.64915
1.2391286
32.890194
-117.00067
-59.4949
83.08032
90.51364
-126.057076
44.882183
19.11369
98.972404
155.3157
130.15216
-53.597538
-112.016365
-65.495285
18.477886
-8.376259
252.93874
-112.22587
-147.29964
1.6230092
-4.5019107
-90.16865
49.184303
230.9296
-100.92902
139.35983
44.765488
81.80907
-186.81476
-169.29639
-16.27326
-52.869946
238.92735
-91.05953
96.47346
-69.255875
-25.02353
-51.714535
182.91167
110.65118
-135.36678
-115.21648
-95.724365
179.64386
31.03276
-30.070389
126.3017
83.4843
119.10726
30.84332
68.62611
-77.81182
78.37183
53.61866
-45.52438
-193.2827
-174.24084
12.100015
11.804899
119.054535
62.521812
-215.05812
45.77932
-118.11937
83.716934
75.75941
55.470146
209.84491
-28.788164
-83.432434
-29.520283
-63.35552
-4.3640656
105.60969
141.62038
10.979857
137.68439
-141.56133
168.88182
141.12094
67.29024
39.45618
-0.06908369
44.393612
8.1957655
-104.2432
137.67444
189.98283
-94.01165
108.93014
-6.8523784
85.15102
-55.149857
155.34023
-69.96619
-167.91289
68.87629
9.986204
46.48783
-106.0816
177.43286
203.82268
-24.170578
127.45143
89.53255
-134.47774
132.16226
-131.20811
32.19089
16.87853
-4.0280967
79.59615
-34.24973
191.00562
-193.8902
-57.350685
-37.522083
271.59042
36.730568
-139.06467
197.05884
-54.48169
44.827717
-10.305231
-59.732162
-206.41815
-204.63754
-92.92331
41.494743
-181.87462
4.5254564
-150.88368
-28.76992
-116.65412
119.07342
-4.675018
-27.958788
78.75096
81.77752
99.951584
183.72821
-29.05593
110.099785
-130.21562
-23.293331
-35.919594
35.048702
-110.58839
13.714413
-85.30248
-107.603584
-73.63633
-47.29966
-9.742808
17.93175
-20.18619
-58.531033
67.29879
-22.44353
-195.53958
-92.69813
-31.730259
139.29108
-98.07383
53.16317
-200.82597
-13.807862
68.88574
-32.498283
247.66982
-136.27519
70.741295
19.138857
14.565566
-69.50232
-13.394801
31.309067
-45.411488
-289.58087
182.65219
-7.09163
-74.671875
45.67788
-94.58268
76.00708
-142.01593
14.826937
126.5393
-24.043377
33.89172
56.824627
131.38954
117.75702
-164.36879
122.10064
82.7271
51.08761
-69.02465
119.89583
50.123024
173.39389
-47.918545
129.52034
-199.83214
13.621716
-46.533726
-144.5105
-50.45096
134.28339
66.276276
-81.47181
135.73534
-206.82283
202.6583
-71.15219
76.43356
49.507896
-66.14425
22.601604
-48.438923
-13.515457
-123.8177
-36.849808
242.95291
45.626057
-68.43561
15.673263
-13.679228
28.677315
103.95751
147.55319
-91.19306
80.81646
-43.559784
28.815992
69.50292
85.64646
-39.88807
-73.65199
95.93312
31.07161
246.57655
-68.2106
102.51994
-106.34565
232.5364
-39.00408
-208.49577
38.19939
-256.0305
-31.05909
-73.28481
73.6457
56.81928
-258.8045
29.627914
33.063953
-53.184433
102.654976
-265.5251
-26.811073
-88.79992
103.31314
-51.007706
59.768856
-105.854996
109.82207
-2.2014065
-4.719647
-97.32308
171.78812
35.695286
146.65622
42.710037
61.71645
-33.270367
36.64181
109.2574
161.08817
68.8346
48.602184
275.27148
-110.20134
-65.195984
87.454315
-48.16632
83.18131
92.92457
-5.0364275
-90.688705
-108.09896
36.61005
-11.26287
-169.38348
-33.763195
149.28128
-58.40077
155.50056
135.74239
54.65744
-104.666
13.639407
-138.57297
164.90054
-177.81543
7.002062
-67.991806
225.05588
-137.23111
202.89671
-23.960808
84.03694
-9.067233
0.4887538
251.22229
14.612098
-11.4146805
133.66115
31.82996
20.77637
-27.640131
-86.19428
-90.60159
-213.00706
-154.36214
-169.91373
61.169823
-95.9413
-87.481224
31.41827
57.690258
-7.8531156
-141.05429
-9.041324
108.58615
237.74963
131.55809
-277.215
-76.62363
-23.563105
3.0543654
-38.39041
184.64568
23.27693
12.65628
-104.18176
62.033195
-197.33438
31.767109
-82.1407
136.20891
-17.400251
-152.87566
-115.71054
67.05076
-288.9523
7.596203
-49.57663
106.895515
-35.56249
100.12977
-86.90272
246.47693
-23.412085
-30.591017
-182.21661
33.386948
-103.677086
73.99612
-49.167545
-154.99501
-376.55914
53.87892
-151.70773
-129.67569
30.58936
77.180954
285.6115
-120.97354
-20.520914
-54.15665
171.40308
47.947666
-136.96011
-231.50143
-59.14616
-16.175436
52.271698
-5.3575554
-72.10244
-31.717276
15.657452
119.35146
143.71153
40.810944
122.8826
39.24714
118.48682
104.697464
73.397705
16.661057
-5.2202196
-9.572629
240.95372
-27.140738
9.858891
-148.95795
-37.019993
172.96947
-11.055024
140.6201
-54.34638
74.059715
-111.166885
-8.4626045
-22.950739
-6.545546
-6.7082067
160.32953
-188.3246
158.46185
78.99427
214.07411
189.95422
76.80536
28.10091
-40.271637
-46.71759
245.3296
60.55876
96.168785
52.52414
-20.949785
13.013642
156.78639
-45.466972
134.53604
-151.23613
95.12545
-97.214195
-71.37807
177.11713
54.210823
15.29197
48.81632
68.95814
-72.04863
-340.3882
-170.64238
161.9977
-47.536766
79.652054
98.34481
-7.503926
-135.22855
-138.89784
-88.190315
146.15857
-47.188572
-22.598434
-73.4258
124.774254
26.440125
-159.54703
-75.96333
99.29938
-59.01783
103.27187
-56.06784
-22.101824
-133.98865
183.52614
-5.5061564
11.344787
-116.85745
-253.31831
12.7252
110.48027
-250.77748
-405.70667
-16.085718
-43.43741
296.86554
-129.12761
-45.533497
-17.609238
135.28333
29.793116
92.27913
73.2568
-71.94588
-15.016186
29.122038
17.012888
125.84914
-33.677357
-3.1972535
-239.29736
-84.96063
121.39428
-252.45238
-128.56311
168.13634
34.39936
-74.34862
-84.533844
76.01658
-36.772774
42.91974
66.744095
-82.703255
-73.66641
-203.99649
-16.585373
-54.898212
12.633431
154.66902
-103.14005
191.362
75.80687
52.78629
-30.310856
-107.37537
135.2288
-99.111176
13.613079
-33.474094
66.193695
10.749081
83.54698
-245.55078
-52.791912
62.729473
-172.48726
-259.1864
22.021439
-1.2137299
74.517296
118.158844
-118.12216
-64.191826
-164.64673
-28.962336
-78.9368
39.34849
10.849863
-38.723557
26.049747
-28.666737
-109.22027
13.326771
-25.967379
239.06638
13.852003
213.55988
-1.496312
-35.29165
70.26501
-8.145986
-50.327896
-20.931488
-117.70758
246.77626
16.91329
-186.07959
134.98561
106.65018
-66.38699
139.42462
7.6034884
-201.66156
-68.09913
160.91754
85.44656
246.82372
-38.052086
8.464997
-85.72009
118.878746
10.636558
158.30016
-98.039955
41.80633
-26.75855
-32.834248
38.66415
55.162853
65.58794
41.193207
28.155386
86.50591
1.6535289
-194.85973
-141.9766
90.776985
-114.699005
-92.99478
39.76533
-39.90206
118.16965
-52.83684
145.20949
-110.68688
-33.424347
24.100166
-289.21402
-18.68892
17.694025
107.12961
25.585978
-78.37515
-99.468315
15.821479
-159.54614
-52.917255
114.888176
-66.55071
102.01581
90.20417
-21.459063
79.105156
5.23485
-101.97293
149.90352
90.29258
-51.582256
36.612545
-4.866196
115.878426
1.4851347
-49.082718
-35.512222
150.34647
82.7712
-13.711036
143.16214
-67.9726
25.328785
13.220258
-66.041145
61.38396
-187.24979
25.707779
-58.436386
144.21986
-190.73494
129.79268
35.741222
-117.45316
-22.037083
-6.391667
39.569996
-123.59042
-32.501503
-127.5464
45.681694
5.710369
259.92722
-156.43002
-20.008953
-146.18745
-54.03342
-189.2853
155.19006
175.83966
110.55003
142.21713
-71.34533
-146.83157
172.93687
64.32114
-25.19831
-2.74895
-23.959064
-140.99017
85.3172
50.006706
-2.710963
-193.86249
153.3139
-92.83772
-38.745247
37.261623
-36.261654
-109.66253
190.92635
232.41154
102.40656
83.46242
100.174614
151.32524
-65.37558
75.351036
-80.352516
71.44891
49.200138
77.82571
-194.25192
50.92285
12.711796
-71.34163
-199.19862
30.361998
-82.136055
214.67441
43.556957
-95.0224
76.271935
324.2672
-143.14853
-115.25966
-31.116167
6.756674
69.637054
44.458572
67.38466
61.576572
72.75082
-125.400955
60.08229
-44.260098
-96.17994
84.92292
41.623074
125.54388
43.81792
75.9811
-109.68291
-228.51505
-173.59212
168.33069
-39.93571
115.671234
19.368603
121.87856
236.14139
115.41293
61.02471
49.930275
79.342964
-6.335892
122.30143
-29.50422
-52.3833
-80.09616
-117.62638
-140.75513
173.61101
49.47952
-149.90558
-29.933834
-113.13507
40.424015
0.74096394
151.64336
-144.14268
186.02074
-19.148947
-89.53891
103.78932
-36.39789
149.67848
-169.8928
74.99153
119.57543
72.42957
45.31803
94.80863
66.91246
-190.87012
188.52477
172.07909
70.7945
-206.0057
50.60391
-138.77017
-90.769806
-63.991467
179.20992
-44.863842
-108.05046
20.740614
162.0345
26.610083
-47.121426
-47.915684
32.32538
130.81947
-18.419489
136.71803
130.2945
-120.57311
117.28999
-35.208805
27.040573
-146.70193
107.86267
-2.207489
-83.35155
-72.37393
87.05973
-13.038617
23.365732
106.06599
-125.78515
-109.02052
7.493609
1.7725954
139.47263
-202.38182
-12.042349
-89.250534
-73.47661
39.653164
256.70395
-106.68588
150.51357
113.09197
-43.84605
186.4139
-90.46571
93.09159
-188.89943
-120.952194
-17.850523
-126.64983
226.9371
104.84916
155.45914
-92.32514
-25.85601
-16.085037
-161.45091
-27.52091
-116.642914
-37.58071
165.30746
-278.15692
89.41569
19.689837
-17.255665
116.19867
-267.58826
69.964
39.938885
46.46108
-25.789768
55.924423
116.87532
31.483635
65.965485
96.222435
31.635334
-112.745316
-111.909515
28.615652
154.10454
144.9803
-175.67784
-184.8243
-34.749275
74.4845
-96.40984
-40.74432
-142.55809
203.33719
4.502722
58.31851
-257.1049
-85.08968
-122.32171
99.80761
-84.10683
-26.032084
139.57217
159.12558
-92.07715
-142.50537
-18.523275
-70.80313
85.954056
-123.526
-76.3369
81.898636
5.2911043
273.2454
142.07678
-61.06339
21.14186
73.474174
85.12061
37.69907
-156.34685
27.837498
-5.770164
71.053474
7.577922
79.65461
338.71692
116.2509
213.77095
-45.86205
-19.818012
-60.474735
161.35489
-13.595929
-172.68024
72.94847
-25.899738
-26.04128
-95.98586
-75.72475
348.88342
20.370825
28.130957
45.75157
-23.517843
116.87318
252.1106
-177.01949
-151.00981
97.9952
113.88903
52.197933
-126.12716
52.50509
54.79138
5.4900613
83.01815
-5.6412086
-31.076416
132.76767
41.729588
329.08167
-1.6445545
24.444246
223.53534
-103.30115
-2.4913034
295.7342
-76.30274
72.35705
-12.185934
85.27336
132.60458
126.12386
-44.037773
-109.367226
81.20526
34.875557
9.162142
10.864786
-261.05972
299.28165
178.95915
-82.768005
-65.57842
-23.822414
-123.69281
23.271881
283.6374
-214.52568
68.399025
85.28059
-18.093351
-59.89224
51.895535
65.827126
44.94048
-55.864883
-127.695244
-118.257195
87.12974
9.335381
18.499485
-191.4307
-78.91362
-116.97045
63.140106
-2.9028296
45.89152
44.236393
71.022484
26.428934
-50.09224
-82.04699
9.294277
70.7221
-268.73547
-80.554016
103.31074
-18.834288
-81.26343
110.98872
114.94577
103.55965
88.82807
-38.15628
-102.29878
41.79719
-136.62206
-7.0131125
-50.8458
45.405605
-172.8833
78.212555
-14.661705
33.353184
150.26672
34.052975
-50.520283
100.09321
163.0716
-98.33647
116.36094
-98.129326
104.60837
158.24707
-20.53055
-189.7574
-36.79832
-1.4581614
-114.825066
-32.124653
-153.53772
-32.65656
-220.06413
-117.329
-81.35355
144.3532
126.341805
27.74348
-43.03589
88.66641
-60.869137
121.40119
100.387955
-63.828777
97.29875
-95.73769
301.23502
-129.71245
-66.16502
156.2475
-213.50932
233.09818
158.9836
149.20929
55.071926
105.43513
-63.85449
162.78996
-85.31779
-65.53504
-130.04564
21.537653
-35.7011
-2.1724672
-136.20148
-18.637081
46.701763
47.29244
-163.52103
-26.515816
30.044703
-173.0949
8.790321
-156.6561
-10.59271
-93.467094
60.538612
68.45986
128.43828
-13.535203
162.17703
-88.43388
100.369255
-44.472755
89.86761
-102.4526
149.93304
-147.80476
284.26224
105.06017
123.62837
119.42817
153.35875
23.998386
79.58622
-64.28367
29.816391
80.59467
-159.48604
87.748604
61.75701
-20.55699
5.1572633
125.89725
195.35445
122.43144
121.15579
67.089066
178.28848
-151.70375
138.34143
-23.3039
26.19231
-4.6051316
33.886616
24.302355
95.703514
-67.111404
-283.33316
173.30032
92.14065
174.83083
49.947723
133.53723
18.252195
157.08888
94.049965
131.09633
-141.09557
157.74826
-58.708183
233.4976
73.67833
-168.46054
-25.795527
44.220585
114.18815
-66.364334
-86.00112
105.587456
19.851494
146.86505
132.68314
-95.87609
-12.608318
-162.8113
-226.13007
-164.95288
-120.341606
119.33324
27.749979
70.49929
27.337927
4.1387014
56.22934
114.15138
-62.776516
-72.055916
28.227665
33.4879
-56.795372
-92.80237
-130.96112
-59.073425
-8.982734
96.47824
-62.22529
100.54064
-7.217437
27.11109
-40.09037
147.12863
-113.49314
-19.189148
-70.14413
7.2795243
161.39714
73.67597
269.98172
143.60555
-162.74022
-39.27775
151.2392
-131.6265
-45.354626
72.12123
27.054825
118.37686
-33.76144
-56.16064
110.60664
-376.99387
-72.88856
134.83685
58.152752
18.465601
51.952957
73.815926
132.58311
-78.74936
65.04974
-58.898277
38.241024
113.29431
-76.3343
-40.348118
105.65192
32.46327
-34.926563
103.674545
23.21926
28.731806
-27.09012
-70.102585
152.45572
-27.04989
57.372555
-3.9030879
-61.47764
-39.234795
214.79085
97.211494
131.66339
95.60015
-67.94165
182.35715
42.525944
36.938866
67.51797
117.98937
288.97684
142.99583
51.688095
-117.12545
-177.42282
-61.75125
99.71833
12.585577
47.53883
19.604658
16.146906
75.94988
-18.149313
-151.25092
-112.84064
-158.47968
170.96016
-105.78
27.35729
160.89238
129.92593
-155.16241
192.27464
-113.63287
28.229954
-34.768322
55.386353
-55.435303
-140.24222
-136.71066
19.479357
23.303896
83.5099
-6.5636973
39.440067
112.294136
-29.161991
46.572353
-91.28432
-110.781525
11.509984
-13.998688
-173.8403
168.97198
125.24287
28.712431
158.73495
-5.307074
77.81371
133.86696
147.76622
-157.51233
-135.16548
-75.81689
3.3167288
-92.781334
83.27875
41.464157
-110.8692
-105.513
16.191116
-162.51987
97.95177
-3.2672353
139.38454
-45.445423
-121.770226
27.858976
-96.10626
62.436142
-181.14282
-8.451191
-53.31101
50.42736
-169.79924
69.348206
-26.760078
-111.46327
-132.3762
-207.78456
-41.38679
-17.58324
-41.77411
-22.509586
-119.530945
-38.330135
102.03103
-138.87427
18.312056
60.65025
-225.20584
106.36206
64.03627
45.46328
109.03455
-57.928555
29.148045
151.19588
125.02805
-350.31232
129.94206
9.905908
244.6404
-127.9002
-65.981735
73.01763
-233.57663
137.96999
75.82885
-14.743487
-59.962433
55.025608
127.884766
83.06258
-96.79764
118.86069
133.77617
-71.46324
29.974869
44.75609
-48.84537
-75.02877
82.89313
-0.25010622
-5.8338737
-96.44153
-21.017918
5.9085965
-126.617836
-86.92518
-99.98032
-77.85233
-10.850006
-18.27408
87.77436
-181.16586
-9.093252
119.40741
94.038506
-147.85074
114.024475
-20.776613
-141.55472
-75.41826
7.3164477
77.12424
-10.584204
144.66211
32.833622
25.038044
160.11534
-42.188328
-75.24357
27.692291
10.40904
-80.002655
10.886843
-112.42403
-8.748029
-13.149133
-37.01107
175.65431
-62.71472
48.824482
-118.48986
20.814547
263.73633
128.9576
5.563217
-130.25977
-32.706196
-206.69812
19.115936
102.23037
278.81924
-39.75648
20.548166
70.987915
-108.74192
20.716465
-157.85716
-30.544184
84.733826
86.20806
-32.958282
-117.6999
108.39037
-75.927315
-110.99371
180.5953
-77.59503
-89.351845
99.57447
246.75645
-68.535355
127.491005
43.60026
29.521662
-21.903667
-103.142105
-155.51479
105.44718
122.96559
179.16327
54.624638
-6.5666127
86.18059
1.9043056
-42.996067
-329.04745
-236.5158
74.311066
-49.89912
59.210983
-120.263405
72.98329
-82.52223
61.389122
-39.56994
-237.29617
107.23523
-8.746131
-127.77218
-56.45193
98.72461
-30.10694
2.0588942
40.926304
-87.22353
-38.36924
123.003525
-74.57678
-47.6866
53.222256
34.468834
78.04611
3.2848854
-197.20615
-1.0252837
-253.42924
-91.36472
106.02025
54.669247
88.16687
-120.4779
-50.40091
21.361044
-100.034645
66.983215
136.26003
-93.901695
-54.38588
13.61384
-89.50013
66.8871
-1.0540612
47.312496
-11.215156
-147.7308
-61.12582
178.14825
-54.839863
-163.65784
-78.68104
-41.34783
50.508205
52.466267
51.694702
-165.60577
9.190464
-45.201
46.16818
-66.09659
-35.593643
-244.61961
-144.28355
22.741358
19.829584
-92.65314
-128.3162
-67.85897
-69.57954
-86.25156
161.5532
57.72801
-25.120556
-33.28643
132.6768
53.489967
-55.007065
-86.44114
-117.49617
169.44852
-57.056747
41.91644
-133.1835
-17.557491
140.01398
-238.81773
61.085464
-141.89314
52.640366
181.21022
9.403139
16.917942
91.69416
-107.483864
14.626364
-5.765952
63.308247
-31.419767
-25.08365
55.85375
92.15884
-42.56171
-42.29051
-72.95073
191.17775
11.197391
136.23494
29.60569
125.73607
-54.588333
-171.30154
1.5956899
-42.64379
-157.48126
159.07767
-49.794697
192.76143
-33.8839
-99.05992
15.331847
-219.72716
35.990707
-149.60292
59.406063
64.74402
31.727262
-126.65879
-33.506027
-30.921513
-102.89099
-43.784832
-132.08835
-165.52022
-98.1142
-9.192986
126.026634
-64.707054
-199.59305
-36.680225
-27.153738
239.97511
-67.55111
137.84534
-215.83337
112.18274
-154.44847
-103.89493
-162.1347
-15.843452
-220.37471
189.18198
-105.19122
81.76765
20.761797
92.609955
12.679548
76.277115
-271.05762
-129.38483
98.91409
-73.16648
-152.33401
68.11127
