-204.05716
19.1805
-105.99285
-123.176506
87.41365
-109.94808
-45.20451
36.77023
-55.730778
-161.88872
87.78283
-146.27255
69.90981
-89.84974
55.37124
34.800568
-133.27467
-195.38107
164.2672
134.25134
107.7188
177.81978
32.21912
66.291306
21.636047
75.035065
99.94492
122.62967
151.6002
-21.517574
78.93106
37.87589
75.90671
13.279152
-222.96109
27.96401
-28.456373
-1.385057
-127.17736
22.97261
158.3945
162.94061
-86.11901
29.273449
-137.1122
-91.69556
-65.513985
20.68062
144.71988
106.454185
-33.191387
78.42176
9.87194
287.6926
105.60765
-149.94533
-66.358955
-190.37444
-99.77883
67.38825
20.49554
-65.9395
-38.75127
-61.054604
12.243547
-187.68536
-42.058044
79.64025
117.332306
-11.288683
-18.369486
-23.671612
77.1231
-30.712496
103.928925
27.57827
-23.911018
28.03188
47.206417
-76.6325
-30.030794
-38.84194
17.035685
-3.7037864
-110.338
161.33484
-115.714
45.84228
93.79983
-67.70005
45.794827
-29.744242
119.76426
21.052979
-81.757126
83.69518
20.539532
-28.56239
-31.492264
-85.44223
113.71358
-83.1076
-128.4557
-56.47407
9.629121
-103.36425
-9.003067
-4.04546
-64.889984
-123.91893
-156.84074
13.793614
-15.803396
-85.541695
18.446566
-157.06479
-53.88722
-18.359806
63.70327
-10.16652
16.052937
168.82932
44.087578
-85.54149
-33.579544
-116.19483
101.09746
5.4307513
-48.096474
-89.06426
5.451231
83.13133
155.8219
47.372494
-4.8938823
-69.974686
119.51408
63.098434
49.25833
-101.66599
71.6529
-21.367697
-33.764885
-60.45622
-99.800354
29.075102
-2.1321726
-96.63742
102.74023
102.66636
-77.82367
58.21626
-5.937048
20.147411
-183.9796
7.4330716
-78.174965
163.19356
74.916466
-120.3635
-50.712658
-101.03572
-135.67105
-208.47462
133.00003
7.3696957
-14.630714
-9.701533
131.07965
-119.0853
86.5062
48.938805
126.05272
42.489574
-68.21632
34.342037
-83.36547
32.29694
-68.44958
187.40756
-31.138277
-22.9201
9.146719
125.3409
-98.4492
70.64416
-10.542024
-73.45834
-26.398827
234.4707
-9.801534
208.77959
17.492958
-108.42176
-41.254345
-98.15533
-95.123634
-69.13057
-94.791176
-53.90873
113.2256
-101.076035
-72.05434
-163.3553
53.49421
-34.824837
-29.95646
-103.72967
-109.67917
9.802306
-111.574005
-124.94672
-31.326271
6.906576
81.48131
-133.80954
-143.05045
-16.687534
69.59243
108.89582
-78.54962
117.161026
-55.769478
32.28053
-79.94244
122.5468
-3.949954
11.574044
-18.00165
14.4276085
62.61446
44.748055
65.71272
-35.464493
-160.11893
56.385307
-54.366287
-80.9857
-92.62008
-146.32045
113.012184
-199.29826
-74.746635
-8.488548
13.949629
44.968533
125.872444
4.3791747
-22.744383
-104.98575
11.840093
-106.22051
9.734715
-14.861878
-91.31413
88.61378
1.5169822
-118.71044
178.4533
-74.16996
-117.15064
-97.952034
-64.23857
-148.88095
-128.33846
4.763001
147.08157
-7.7744365
13.71644
102.249916
-62.85103
-85.326546
-15.629896
-24.639595
22.016853
-12.925935
33.04081
-1.4941399
-68.39016
-51.060047
-9.814686
-20.29629
-91.818504
51.9771
39.544132
31.991905
26.167166
46.505714
-178.42873
66.86164
-159.70831
-16.631733
77.36986
-178.25647
37.699802
-12.453808
170.93181
58.731888
-26.8311
82.30874
33.720627
-106.403175
135.73215
75.26268
22.318401
-74.42175
-116.47173
6.183378
-49.692604
-16.454906
-149.18944
115.96537
-20.244541
-86.020226
49.35953
68.04829
-14.481039
95.89252
-106.66016
-61.438435
-99.124916
-47.244175
-1.1801412
48.850086
50.998314
-92.63849
-52.88112
65.8753
3.1881213
37.89417
-101.05982
-34.12423
-53.18574
-73.65028
110.21117
84.58058
30.732178
-13.878979
-145.59953
20.690361
103.747406
84.461205
-9.482985
-59.850376
-139.51733
54.024868
166.63567
-69.45863
152.75183
-61.9134
39.990383
125.919075
-50.387768
-180.34248
-40.020332
13.510416
32.853893
131.13742
38.663273
51.4152
41.6645
245.11772
7.3863025
58.00566
-79.812965
30.837374
-125.91927
273.97784
25.662472
116.334854
-65.083244
21.165369
-0.3291103
69.44175
93.35813
-99.03505
-185.22943
153.51859
-158.76953
-40.225227
-52.78616
-182.06042
58.5753
55.28882
19.770426
-99.92037
75.04866
-99.15703
-74.37936
46.19778
80.78474
-45.28557
-32.1714
117.84563
-20.036419
67.76008
2.67277
7.766901
-19.061752
15.154364
-78.114525
80.74306
42.028416
-34.866013
145.61841
79.31362
57.50791
62.398876
43.537224
-41.86899
-14.441794
-11.746436
12.702185
36.940365
73.87615
-91.4345
70.889984
4.068475
29.151207
-10.421386
-5.9366093
-118.041695
-102.79245
71.703285
6.98324
75.56059
122.35643
-66.46926
-2.3171186
-279.4828
16.36021
-131.91534
-130.9059
12.778956
61.10046
127.00983
-133.30682
-139.49263
76.881004
-90.399376
-45.8413
77.57871
-14.305296
-56.974663
-29.994553
-83.01373
94.16826
-44.37621
-95.548515
16.78112
-15.849954
-14.915633
-34.228912
-112.70223
-25.36339
-72.21647
-83.30091
8.708212
-122.627426
-106.171196
12.337866
203.1494
-39.62
90.67175
-83.97289
149.50256
-1.7660013
9.97229
-68.11351
162.70448
-107.83494
118.76809
93.43945
35.081818
-1.3568714
125.285324
-23.505825
-83.07167
-70.203384
-84.05042
-69.39729
-95.18025
-16.04573
-12.1104555
-96.196304
76.71093
-9.120123
-16.731302
-50.21747
125.44375
-95.65193
41.984913
30.448555
-43.06174
-14.221895
-5.7173066
6.475229
45.276714
54.433853
41.262184
-190.5303
-148.80287
0.3375481
-1.5923594
47.037106
-19.149193
-65.429955
31.78355
49.45054
229.43034
-23.810682
12.345107
59.935402
264.81894
114.126274
101.17458
-57.403675
127.16946
18.47266
-57.45381
-115.10925
152.7919
76.00115
-63.886497
-36.279327
-25.135452
39.612144
30.937504
94.55974
-0.36763632
-167.7011
145.46951
51.337757
-10.594816
-126.14284
9.305133
39.500317
-154.74728
61.834316
-14.982151
213.31778
-193.33888
-179.29904
-25.835548
2.3333664
62.514236
98.01743
-10.339048
-67.0783
-0.7918713
28.510992
147.10382
-112.46785
-137.8399
-17.282753
-83.65809
18.626995
58.25047
-102.501366
101.05831
197.96823
77.69372
-78.605316
-102.79031
-39.51441
1.9005893
53.237186
90.57178
-144.85027
74.930176
53.51709
87.2283
216.95412
172.4684
-75.49958
-22.808542
-116.99625
109.49404
-4.4901385
-167.03024
-34.645706
114.279465
-15.54307
112.89877
271.0691
22.41588
46.86385
-48.272816
-232.24832
15.300078
98.78959
-52.47477
-20.107252
-50.589046
-35.65862
42.027893
61.35097
-182.62555
33.490974
-56.122032
4.6637607
-15.122239
-39.631805
3.701767
71.72278
86.5383
-11.380373
-133.152
-61.243164
-104.512344
57.033504
-34.773323
-75.62482
26.627974
-37.45876
51.180542
90.60769
-47.424538
22.049686
52.400078
171.14714
-70.79999
184.64107
155.93787
195.6781
-100.71491
22.418764
18.930334
76.13524
-32.51291
112.48899
24.657585
141.32227
-105.07719
-45.60828
203.58041
107.58765
34.93519
-14.258957
-55.727688
22.171104
-176.56406
-141.91833
-151.7635
-63.438538
175.68971
-5.0301037
-17.358448
36.823532
6.4511237
101.46873
-14.987227
-67.26104
25.131702
-12.762487
45.004646
-3.6751728
73.76797
162.36769
11.062046
-35.925488
-80.11847
67.93271
50.002182
-66.470436
-58.22253
74.797615
5.9271536
44.81153
25.571348
10.47604
25.94
13.7749405
-16.504034
-14.505478
-51.86404
8.062682
41.195812
-26.939798
-67.7031
-70.53011
147.7742
-86.07501
180.84097
49.10624
67.461876
-54.94663
-10.873957
-2.3983397
-37.346256
-116.13149
26.80982
21.50404
-47.66775
72.547325
7.15972
84.48527
-29.971897
-39.334076
-112.66429
-21.198757
-67.76438
-57.845905
17.577044
61.760784
-63.77124
57.029026
79.33015
67.03071
0.6284986
23.809406
21.365257
-130.68219
-116.77999
207.00623
-37.57235
83.596275
30.586464
126.86266
29.001993
28.80714
60.88189
-212.87524
-42.49994
-23.148361
-105.93053
-15.706335
-70.36362
-18.84978
-20.919157
-124.27092
11.48723
-151.32167
159.0375
-72.244316
75.66351
29.586956
18.630894
-253.41524
91.94493
13.791645
-39.467056
-27.745068
50.083797
120.217636
-45.90256
20.989477
21.668499
-119.9226
12.110844
13.634087
1.467494
80.68836
-9.068262
67.3444
49.380672
-5.0428267
61.460754
-50.761974
24.49341
-135.60304
-165.62807
-2.5052056
30.042707
70.88215
-106.11449
192.88077
-64.363014
-15.373516
108.23886
-59.656277
-29.279222
-89.15024
150.52623
-114.84974
-130.61707
27.745876
100.73702
-66.82315
123.40209
29.638783
-133.2372
-27.714613
78.03239
48.22657
35.541668
1.2191979
-10.798878
-212.14658
32.936104
161.05783
36.057236
-63.671455
-124.72398
187.77629
-56.577244
-115.96407
-83.90618
-79.15304
118.136314
-148.57166
79.66792
-67.172485
-84.81914
118.43052
103.64778
-120.159294
-71.53624
-176.69946
-28.058523
-60.486168
12.452199
-67.51261
50.226562
-29.55323
31.41072
5.758957
6.776792
40.606327
-18.995636
-96.488976
-46.89539
2.331541
-21.50927
-92.66115
23.981413
125.257164
0.29552245
-72.73626
-3.3548813
22.160984
-52.106106
-30.07306
119.89693
52.49494
149.83992
-38.376263
22.546335
29.790167
-25.881777
-30.936377
32.097477
-118.77566
16.516893
-5.07947
-53.401558
114.402016
-21.79747
-32.303493
143.6663
-0.99177843
1.9915297
-60.461346
-56.042545
69.7879
56.58073
-21.739988
-69.29393
-11.238969
90.225365
-34.89241
18.27442
105.23639
-20.723425
26.017996
-4.415815
-35.65236
-26.490004
-18.309835
51.774185
-82.90695
158.61902
-145.00012
-72.72179
195.36671
58.15037
114.058334
-38.8528
-62.412125
-50.905376
91.59963
104.153625
-2.2967186
-99.61143
-124.12347
16.108189
78.676056
-26.307281
-53.834324
42.586727
-13.7624655
-147.59198
8.431836
-112.132385
3.5653384
-68.177704
-34.558193
-9.078143
51.565395
144.60852
-51.741344
56.305607
146.92134
64.4385
31.786558
66.41177
63.29945
17.870481
-47.600216
45.13506
-39.29585
-32.94211
54.539326
-112.4318
-106.17802
-71.67407
-29.569057
24.136309
-94.83236
-195.1468
-50.26189
88.253365
-37.156178
3.0944495
57.73012
-157.03514
-1.4304649
-66.22432
-4.4740644
-109.89275
-45.21382
-6.206683
-135.72095
39.910942
-23.72515
0.40360633
-65.84499
156.93074
-15.885027
46.168167
-94.043076
15.840976
-135.6759
-145.07564
-2.881136
-126.009125
-92.55878
65.37583
-77.11492
60.875946
95.09697
8.8525715
-89.38877
-35.578022
3.944594
87.22245
-18.891716
8.74685
-146.12917
-9.835506
-14.316018
-92.534935
16.663353
-30.579803
-89.11369
15.004555
221.71992
18.145144
93.58763
-125.466736
53.467503
-127.89101
75.52775
-29.780432
-154.2811
46.929115
-84.22007
50.22231
14.495795
-146.67607
28.109266
225.68712
-2.670326
-61.24079
1.5189341
7.317795
-17.426107
52.092724
-13.9095125
52.3381
20.689926
-112.40544
-3.4169796
15.145458
44.090115
68.56947
96.11791
-93.15867
28.516504
-8.209159
44.533894
7.803953
19.08549
-59.23202
-23.234226
-179.95105
136.31126
-93.47979
138.06868
5.0262585
-8.042575
-133.80452
100.212814
81.93246
34.35251
2.8655627
27.489283
-25.984894
-51.088917
-167.10788
9.426478
183.26828
-88.10372
47.335663
-114.45697
-92.41118
59.80378
-322.01324
111.4694
-18.774683
38.26451
-199.45605
47.699127
-29.562159
-68.15197
-50.510746
62.078487
-176.71333
-20.570244
70.066666
-6.574831
108.811455
-40.530056
0.4381876
28.037737
167.30197
-39.51371
124.824646
-42.031597
-133.4647
55.293762
-38.24692
90.9254
-112.7544
-15.916031
-37.518486
-158.81976
57.932148
32.021248
-2.1512363
122.68254
-23.8616
131.80032
-11.277718
-45.67809
-161.83337
54.513878
103.26599
-17.14434
-101.71636
-78.10313
23.917542
-142.47319
-136.50565
142.66414
-92.691696
96.07407
59.98373
3.919716
55.634056
-11.186003
32.287125
-136.29102
-4.6259604
11.430982
-53.89202
90.03512
72.07165
189.04568
-96.40991
31.590605
21.656881
148.67986
-127.85937
-157.56902
-23.734337
133.76666
110.85757
-44.442554
-111.007
41.726215
20.149769
48.902603
-179.93028
-48.57734
72.25061
-172.37526
22.450224
146.65018
80.39101
36.425186
-48.3689
47.9687
41.473724
-147.4705
-33.77412
-83.58078
0.0075354576
-7.312971
-71.52732
-111.12712
-47.84391
232.31036
-19.161766
-67.36213
-18.698154
-30.421867
-118.529724
65.98089
12.766305
-187.13246
-37.340706
19.111853
208.80408
-26.28371
122.880264
168.63065
84.84926
0.26990438
146.87885
-219.95601
148.59303
-52.963722
-111.2584
108.234344
30.521292
-53.06959
76.792854
-74.573235
-24.516323
-44.147263
137.15918
-185.21538
-56.78671
-87.1436
-145.38092
32.585987
-11.382476
-188.43665
-18.086147
1.5300701
-76.43672
-130.45425
68.74396
-61.84495
145.92323
162.12413
146.53389
12.161399
-52.73806
-2.0435455
-100.15004
-77.07763
-104.629906
182.54971
61.07255
-183.11111
-49.712578
50.881737
-50.357285
181.47693
61.145485
-143.38829
49.845055
76.78214
-28.101635
21.655653
-18.99525
85.06422
-184.57521
44.28973
113.6809
-121.07694
-175.77863
28.882912
11.360628
-72.45277
204.0434
-141.51675
-2.2609222
64.56349
-13.885585
-52.956898
-79.85763
-8.078683
-199.10544
16.960999
-216.4697
30.784197
-3.2894163
-85.16989
53.62286
-40.07551
49.93086
21.417662
3.478622
-22.14614
-43.625717
-50.14599
9.216721
124.73617
86.43133
-112.00405
-5.982756
-40.653954
-59.26855
-56.907116
-22.820896
21.200584
154.9546
30.323694
-16.658175
63.3028
128.35118
51.79876
-50.76577
79.68923
48.22705
26.128523
138.03583
-183.44191
18.145964
-37.265556
80.53671
-164.31802
59.554043
111.448586
-135.16663
-180.31392
43.532646
1.6594309
-83.62271
-184.51178
-95.25962
36.865932
14.834847
-152.65988
51.693047
154.58807
173.4656
-153.01492
89.787155
-195.50012
167.9744
-50.103916
11.026709
44.11625
94.79136
-5.884385
-59.1504
27.886683
-30.872633
-6.459488
44.92478
-101.57558
141.01611
23.209578
15.263707
13.138097
-143.35695
99.979935
-43.75018
-53.01895
-5.9213305
29.755524
-4.391414
-146.13959
122.75136
-40.72101
96.967384
34.071033
-49.588432
58.623806
-46.552532
29.54384
-32.820637
96.14486
9.840972
15.490022
-0.6087294
74.01073
51.69386
14.382825
114.82369
-123.603455
-68.15469
81.3592
97.50401
68.42267
-9.474705
4.871796
-43.700886
140.3178
-172.19106
19.959486
-68.701546
25.389023
-238.43884
-105.08667
-107.265335
-150.10786
4.6584997
-153.58122
-33.54669
-208.82513
48.999817
8.12291
31.272831
7.386486
11.517919
114.89532
131.50876
2.4157429
-20.4085
105.65464
169.5401
108.852234
-103.63648
39.527615
-62.72627
3.8388255
-121.78309
181.78224
-60.580082
-5.7461495
120.57985
-4.53807
90.69243
-13.723644
-58.86382
12.635262
101.17265
-44.095535
195.84459
-15.462602
100.657814
-53.62011
14.019022
-36.32589
-143.58453
120.47019
11.578781
32.734726
-79.51525
-133.10426
-51.962914
56.358578
-21.480923
36.710865
137.15823
51.35562
49.48558
170.7104
205.73328
-33.859383
70.37468
24.071384
49.433666
-82.47551
-145.1352
75.68957
-73.25455
-69.51441
26.707125
22.955517
27.839497
-33.652782
60.77229
-164.51677
-1.3348845
-113.396164
-51.813
-74.32206
93.53895
2.5509257
-104.61607
97.33257
118.95263
-41.566708
8.906582
-36.122604
91.19068
-39.500713
-275.7352
-79.15493
-88.347496
-49.188343
-34.3901
42.34278
1.0438075
43.4928
-76.081245
-61.437088
-165.90903
-141.07068
62.357693
-5.396876
7.142628
194.87126
-14.903427
-6.322263
23.294937
-96.15226
-94.27364
-27.07606
118.973015
23.08262
-44.34227
-70.53357
237.66338
0.1871779
36.899044
25.667591
-155.3092
-2.967386
41.169704
-30.187738
-32.008118
2.6672995
-38.732334
-108.35482
-30.13792
-59.965187
-125.01859
10.75417
-37.6468
-193.04858
-239.26717
-18.444279
2.2691376
43.334736
1.1254933
57.15867
-82.76302
-51.08978
-67.015564
98.92718
-126.21837
-88.24041
-89.03209
20.715488
-78.65999
-53.693653
96.79702
-4.637618
-176.34502
6.0410514
-37.814617
-19.432558
2.4995418
-156.8914
-89.8379
-80.89934
25.514389
92.88317
-32.11545
123.51716
69.43917
121.26752
18.918688
-80.52523
62.036648
7.5059648
-209.42912
-120.924614
-1.0083456
-38.974476
-14.825986
106.14306
150.94566
-45.684284
-105.28371
154.1632
123.38038
15.315066
117.404724
54.21642
49.55069
110.296196
27.309986
72.801895
-104.11777
101.97215
-50.367348
29.247358
-107.005875
-24.984694
100.288956
90.829994
8.404591
-30.941912
112.236336
34.661274
123.4419
44.88786
-39.45952
-102.69235
13.557049
-32.625477
-32.394604
178.34299
-48.339455
-92.04109
109.76485
28.425173
29.2675
62.901806
219.60196
3.1237383
173.1698
-25.569784
-11.060364
-224.48584
-198.25131
84.25676
-66.37988
194.036
-132.24757
90.835724
59.294933
-28.208439
-62.365627
177.63417
64.28782
-70.554016
-74.90573
-99.23989
185.69168
-46.093216
-81.60361
82.697395
44.0571
128.71652
43.031967
-33.539978
-52.418484
144.7233
-116.411446
-27.703936
-84.48729
-126.800896
-35.554146
17.019524
13.570908
25.009123
-29.98125
115.88969
-62.366413
-39.53014
55.209564
99.97807
206.89697
-23.67589
-100.0735
148.60187
14.834414
-43.010597
15.874694
90.8657
45.307575
2.063335
-116.629845
146.00952
75.297844
87.03613
67.87623
10.7796335
107.34467
-35.76632
-30.046051
90.597
126.19455
-1.6619047
3.777636
-30.697868
2.3054743
-41.882603
7.587008
-51.59792
-218.90318
94.50686
-10.858857
-73.76381
-3.2127001
160.2322
250.53593
-6.364684
162.27814
137.53505
-66.0736
117.03193
-113.23195
-17.957226
5.4665103
6.5889807
-8.55658
-60.46359
145.74568
-114.48627
-24.396904
-36.627396
210.1355
29.0493
-57.709938
111.45964
-115.33647
33.859493
17.096653
34.60437
-115.55233
-173.13643
-150.32986
29.950441
-132.09659
-18.001348
-40.237144
-22.239817
-117.1561
86.3147
87.69049
-11.379778
53.98054
54.95568
43.497665
186.79309
-47.88636
74.16049
-48.55138
29.677338
-52.55332
-25.373087
-96.958496
51.429806
24.996817
7.492953
-114.108406
40.403706
-27.759174
-15.63411
-62.90392
-66.02922
-35.710148
-5.7643166
-137.78053
-14.508352
-21.333464
87.02201
-63.206806
59.50519
-86.75401
18.313848
123.71931
17.282995
94.23622
-121.50614
115.090546
-57.01609
-60.064293
-45.10626
96.65644
49.987247
-110.8623
-188.94264
121.55571
-32.30129
-114.41306
37.161938
-52.603855
-73.41957
-102.7119
17.402935
103.48909
9.659841
80.045006
19.504084
123.50065
51.643597
-108.121925
14.355279
131.62395
85.86547
-19.761251
70.82334
29.50257
169.16217
-18.0237
92.77362
-172.37788
26.423275
-9.444409
-143.45146
-32.082817
165.44984
50.625248
0.68983376
168.18637
-186.12656
200.11743
-33.177895
0.2799083
127.657
-45.663704
104.96725
-64.578896
41.65765
-118.64422
-22.554647
179.75702
106.04337
-72.51866
8.997069
17.396782
-11.746537
52.841457
175.77557
-25.514772
84.91399
18.085762
-3.6278722
117.49046
71.60847
4.9644938
-44.99303
45.53902
-11.62262
158.5808
-102.16912
51.62075
-84.9786
82.71538
-12.679808
-97.977875
61.435345
-127.56676
-48.464596
32.05588
43.918354
38.194363
-127.84437
37.719467
43.205082
22.027538
76.22361
-178.98276
-178.26471
-154.93164
108.18337
-8.578865
115.41176
-20.192406
100.65935
-37.934242
-25.5326
-105.82865
114.2822
3.7231414
155.43062
85.11518
97.671776
23.589668
68.19694
16.683514
70.03839
-35.57086
-3.708186
164.49348
-60.231274
-9.805822
172.79921
-17.522638
52.400665
48.635025
67.30596
-30.846933
28.3727
100.73594
-130.61772
-173.9852
55.328808
72.05216
-32.45728
111.11426
116.35061
74.24424
-2.9904993
23.311296
-82.20043
33.70098
-70.336075
121.394104
-36.684353
205.71645
-25.542227
136.91252
-10.334564
67.20193
35.10066
-55.58798
238.61128
-36.57877
-20.52018
99.581604
71.87073
-33.125034
7.59128
-44.1151
-9.756123
-137.74454
-151.63727
-13.007637
157.1685
-65.23113
-43.48203
12.348239
45.41076
52.961426
-113.10753
52.07601
186.28497
106.08071
4.8998885
-318.12918
-75.51157
-31.63116
2.8497891
-29.623947
140.22038
-73.22681
-13.615319
-109.21181
-65.818474
-209.97298
14.471925
-96.778496
38.649372
7.894799
-54.9636
-94.08406
22.699385
-170.0239
14.526815
-13.933095
135.24924
-46.284332
11.895214
4.3151135
227.02208
109.642136
-42.98687
6.237892
41.277493
-83.11906
4.704811
-9.698961
-161.55505
-306.87778
3.575261
-28.842934
-55.66689
16.733738
80.92617
155.98729
-182.30821
-34.772896
-15.7937155
82.3969
-103.159744
-48.35505
-220.18636
79.777176
-106.19297
-26.427492
-69.46061
-102.152626
67.35429
47.487255
123.72359
93.677246
-27.705027
69.18673
53.37802
23.69476
72.69075
32.04159
30.656372
9.745587
-1.9619836
268.39813
21.190275
25.069859
-37.50612
-1.6818733
155.96225
28.824532
60.419716
-2.1246476
106.454315
-70.9188
44.274353
-50.384167
-60.11519
20.976562
210.27336
-209.39578
87.88227
62.28128
202.40492
150.29509
102.15905
55.870502
-1.1125073
-45.02869
196.68904
80.88405
48.450836
9.234177
27.423735
-13.7676
164.1435
-29.269936
100.87107
-145.62515
57.153393
-54.203693
-34.773266
-29.16561
-20.465956
-1.3602431
-9.255178
23.505873
-93.67747
-219.74892
-99.26236
56.822895
100.19101
14.78506
141.76321
-32.502895
-5.278722
-74.1247
-0.36839396
136.68753
19.058418
-11.863792
-98.397804
146.52205
0.66020477
-82.477234
-41.88661
128.65472
-76.4493
90.700356
-71.83386
-44.385887
2.4936523
165.30061
-16.97752
-24.92725
-115.77554
-195.17313
71.41009
90.2122
-254.51218
-316.2461
23.657295
-51.37992
166.39105
-8.718625
-8.871267
-64.78186
77.10058
28.577282
22.563255
-70.191345
-36.044292
-38.699722
47.308838
-12.450642
176.9845
26.51958
13.856361
-224.4363
-118.636314
191.86205
-217.69853
-100.42529
120.66398
-7.815238
-109.56573
-13.342456
49.177258
-52.336323
102.49013
27.289156
-32.27803
-138.63661
-145.06743
40.773174
-31.98735
75.84539
72.540855
-29.094341
114.86287
90.43403
70.44884
-45.742043
-13.076755
20.574858
-19.879078
-15.961156
57.504185
49.256756
35.812492
70.47254
-107.19972
-33.192226
72.32833
-118.302345
-161.30931
4.5270867
-38.218628
57.464455
122.42245
-42.966515
36.072384
-174.53058
54.683243
-42.376266
16.281149
-0.8209825
16.180096
23.24554
9.892776
21.300459
12.1432495
-94.608154
167.05336
30.783134
116.804306
-22.222927
-32.4149
62.272484
111.37059
-52.93665
40.77616
-57.39491
225.55449
-36.782913
-249.22554
48.24093
-12.540985
-6.454972
18.327658
13.901101
-213.31984
-87.67178
33.859257
162.61316
224.8064
-43.176315
-71.99065
-118.69745
148.63168
-5.830898
96.43822
-110.31061
-0.86874115
-5.528942
-22.087437
-27.130514
34.11631
81.824936
-18.14843
-53.10102
172.54613
39.80603
-200.11835
15.850766
47.455307
-149.99706
-54.792503
-31.75932
9.070253
102.17927
-148.49799
164.1013
-71.97026
28.980223
67.06118
-161.64119
-82.79337
-7.984394
161.18996
-29.499603
-79.50397
-48.97172
42.785847
-137.4436
-63.75028
46.33003
-2.8608787
-17.385088
1.9490153
-39.260563
3.2969334
14.016417
-143.86314
60.1621
69.94502
-96.35566
110.481575
12.998945
53.57749
33.7591
-87.999565
115.77613
146.19272
-76.01396
51.077366
159.57379
-154.74956
15.422672
-21.21369
-32.216976
50.038044
-180.8977
86.13434
15.528475
67.40371
-145.60506
100.26839
-11.993718
-72.206894
-23.303915
4.6358128
16.77856
-68.65067
11.274216
-99.6648
20.784624
-0.16933894
145.1963
-145.78949
-48.871986
-94.51245
-80.91432
-107.49191
76.65519
120.74878
110.18643
81.52609
-90.854866
-50.495953
7.1803393
19.24259
24.957964
-34.4119
-31.905188
-66.16706
-10.348703
90.2156
-50.147114
-115.36348
111.83215
-102.181404
-28.753668
88.20382
-7.544072
-82.527596
126.573166
224.87311
47.50527
16.2307
-54.25413
57.91789
-46.325005
43.477
-144.1326
37.92082
34.228504
120.78146
-159.5295
53.643436
-58.697037
-44.8416
-176.61028
47.451645
-154.52739
117.378525
9.711866
-81.302284
22.002373
268.3415
-114.21444
-26.0541
13.1244755
32.78504
92.16523
15.172479
99.58829
58.777283
15.734969
10.209887
63.6193
-36.02847
-34.993225
141.77748
-10.345292
42.404865
-16.46524
50.620655
-47.71163
-106.78438
-8.4773655
77.96876
-19.407087
50.748737
20.166016
90.96818
204.81493
55.681145
-15.406445
98.760284
33.07303
63.62198
23.348646
70.97692
5.584868
-117.113235
-35.4492
-54.331554
159.92891
10.692181
-164.76964
-15.992628
-10.3433275
17.304068
27.99145
83.92493
-124.18752
181.98936
27.784893
-42.51723
18.031958
-55.862926
110.79361
-203.17496
16.752136
97.888466
37.578598
-15.569375
0.99970686
73.28983
-176.60623
112.548996
67.704956
107.15008
-181.19957
-20.756493
-11.728349
-5.267588
-74.92685
155.72408
-77.40347
-51.332565
-97.19026
100.587265
3.4471703
-20.361446
-57.21736
-60.55822
65.65798
60.549355
217.01239
130.20277
75.40626
189.36687
58.153847
-9.04014
-76.04091
0.43756717
-12.439051
-62.08383
-136.52966
75.50218
-4.8273454
-6.4683037
12.458001
29.40491
-57.114532
84.77667
-46.97287
160.67247
-91.63137
53.76528
-99.6274
-157.24045
117.25881
104.670235
-116.11463
70.4681
25.006187
-73.060905
194.40477
-1.4972205
83.2415
-114.43807
-97.842125
33.1383
-135.35057
183.7975
71.70442
168.4276
-106.248505
-51.598553
-16.527702
-140.05821
-59.660122
-91.74366
-63.40991
106.30086
-163.78084
-20.206951
-11.150868
-44.141586
129.4541
-183.09068
12.136418
44.672215
37.131218
-94.21184
100.25921
12.409152
-7.4229445
12.989477
104.63465
-36.455643
-37.916588
-61.11576
65.94871
48.26533
104.402054
-158.8188
-147.7326
-66.29781
81.557434
-41.635082
-4.6481524
-65.38411
109.93206
13.614667
-129.16779
-184.45323
-106.656525
-51.303238
46.325687
-168.3312
-85.05798
45.224155
94.862564
-109.80659
-153.49341
-65.68815
-2.8346508
60.776005
-38.3988
-14.292344
14.127983
33.99677
211.77106
83.63905
-20.346495
12.827915
46.496166
15.8370285
-4.9154916
-162.28815
-78.141815
54.29372
56.657776
-14.37381
-21.932938
264.6096
170.9532
70.570496
-123.592545
-89.839874
-67.70323
105.638145
62.773994
-268.01358
79.15431
-134.78859
49.406002
-48.373955
-40.44033
239.4587
20.228287
-65.164215
23.866045
38.802494
147.80278
112.29497
-100.48916
-175.53096
17.582418
30.543505
131.88742
-59.97808
-38.63578
-70.62213
34.66735
142.88754
-45.18805
-7.322211
73.14299
95.788216
213.60571
-13.730644
7.1425815
199.31078
-10.579305
35.485664
108.60995
-9.177233
66.47965
-79.668976
71.60823
23.174229
180.44112
-8.025206
-137.7003
187.88199
63.317398
-36.39804
-53.279087
-280.50888
213.66556
77.65838
-85.38501
-86.49543
-35.017235
-194.53099
125.850746
199.45929
-69.66291
54.384632
52.029305
11.940649
-34.71143
33.1208
61.82914
83.993484
-112.890915
-37.860012
-115.38975
4.9231977
29.438715
18.339184
-188.75142
-93.61631
-82.5124
48.75967
-100.74603
2.2732835
81.07626
100.831055
88.25949
-63.91005
-131.35419
-21.603786
40.12698
-159.15114
-31.577518
109.39176
18.813105
-79.51268
1.4154265
77.9798
233.43152
3.8141322
-68.67005
-89.903915
55.281693
-158.25542
-0.5702824
65.671295
4.59042
-224.53258
96.48313
-2.1635144
69.17591
66.45735
-37.763058
-15.973253
82.482574
77.91547
-161.96904
37.54366
-118.78585
2.7229958
101.2621
-83.7035
-100.64445
96.35037
-12.541122
-67.48023
56.281914
-154.45325
-78.740654
-36.681652
-176.97864
-156.92635
112.585495
77.69877
-10.324603
-90.91218
62.078667
5.8564596
33.66328
-35.70289
-0.6291156
3.8868556
-63.184013
86.4972
21.890497
-31.349539
255.83324
-147.91295
132.77971
165.74133
65.87079
-15.585712
86.4069
-14.438559
179.3849
-149.98119
-13.919737
-63.327175
17.253056
-28.291964
17.736237
-67.14128
-134.5616
84.980606
138.6128
-151.37125
22.497458
62.413246
-184.8838
-26.983578
-188.49117
-51.252052
-200.20207
8.998459
132.91
122.2097
-2.1990674
110.196014
-98.934494
77.79276
32.683384
141.88028
-106.204216
100.46218
-24.957293
148.38942
35.17844
59.935127
50.5122
178.99008
-45.40556
64.3753
-35.266235
29.433846
96.17792
-182.43587
18.852688
-34.002575
-81.365486
-130.57124
199.16527
171.01746
111.69656
-4.7671895
116.58406
127.858894
-207.6576
65.735916
-3.2227862
30.560524
71.67539
-24.730036
130.83907
85.612175
35.17315
-132.6471
77.57803
36.209175
89.528564
45.884167
159.16866
25.439175
177.72444
61.398964
189.23323
-127.77799
138.54692
-92.68661
167.888
24.59145
-66.31644
57.964638
38.42327
95.23523
-95.879486
-66.78525
107.71027
-64.18159
64.947205
46.348812
-38.290787
-92.418396
-152.7152
-116.638664
-34.095226
-47.284527
59.80119
25.862083
46.313503
30.88947
9.076577
155.84343
104.89569
-67.12921
8.868933
125.27932
-11.815792
-38.53416
-2.9875379
-79.52471
-29.886713
-47.329865
74.28417
-41.719124
127.45826
-64.07611
-8.84827
-50.657627
115.853714
-128.63428
-28.791552
-20.001684
21.280117
101.81642
-1.1690719
212.51904
215.9224
-172.56465
-6.1893415
79.68312
-89.242744
0.6043986
-56.364998
140.13965
48.86125
-86.369705
-37.093582
129.81015
-239.91698
-42.61208
128.4642
42.77852
62.387947
60.061623
25.776558
132.12465
-38.498726
55.207523
-62.467606
-21.91804
130.22702
-95.092415
-29.578302
0.055333972
-27.231178
7.0414577
87.71783
-50.229538
106.32343
-46.75508
-26.750462
-4.411876
-24.068115
-41.26053
-9.026509
-63.39384
-4.889996
135.70909
58.39362
122.28401
154.24191
-22.43471
72.59255
5.752246
86.44356
87.85049
64.759636
204.71353
100.04196
103.49435
-114.65405
-27.098333
-69.053345
65.39704
8.733916
50.490955
29.249617
38.67335
48.15606
23.494316
-202.33052
-42.94489
-104.32756
147.81085
-12.01158
15.029726
53.748657
105.15648
-100.44338
103.883194
-28.452139
70.01252
-80.54971
121.02531
-36.97052
-145.50934
-1.6366612
21.29239
-58.884518
127.034294
-19.66884
5.833025
72.78129
-117.381424
-11.549914
-44.325645
3.8033466
139.01178
28.063871
-157.68785
31.478312
9.859637
162.19
48.87875
49.892296
74.915
118.41904
57.12935
-143.55647
-94.07768
-59.144634
-102.222984
-178.98135
118.44615
-30.304518
-126.33269
-67.02336
-16.01816
-179.08725
-8.394308
16.58514
181.19994
-138.82048
-65.22318
-5.3543406
-103.833405
-47.80288
-95.864204
-36.6997
-45.28977
-17.25709
-217.87584
-51.467426
3.972745
-41.002785
-76.04034
-82.14772
-23.152323
78.7733
-13.262543
-73.83376
-117.8958
-57.126534
49.594067
-111.179596
37.94809
30.395578
-187.63759
18.354227
18.554642
12.567033
35.55928
-26.79536
-22.353931
48.505905
77.93266
-178.5778
157.68536
34.419395
182.68541
-128.23463
-9.454829
11.864682
-130.11359
137.76471
22.808193
52.221794
-168.49844
4.9867406
87.06269
10.435933
-43.24595
83.374054
6.926304
17.159008
56.72407
108.30433
3.5843801
-34.20459
24.883926
-36.517845
34.99008
-30.433767
-86.10084
-21.072369
-116.00447
-110.60759
-107.10691
-72.94488
7.556923
30.431242
128.39064
-82.80729
-36.318142
203.63838
31.03967
-100.24623
112.395
-56.907166
-73.8511
-62.473198
-68.65793
21.048136
14.170888
94.09517
43.164318
-70.40297
170.09843
-81.894714
-50.170135
-98.89958
-8.826992
-86.61498
9.206329
-136.42867
2.8804672
-42.841206
-53.855583
85.13245
-60.48152
17.88647
-43.102234
30.962885
220.15001
39.005245
-42.971878
-2.8029394
94.996704
-51.8917
89.818726
82.85403
145.72418
-72.17148
120.51928
24.711773
-161.73093
6.6873274
-159.64256
-87.08888
38.48339
146.42874
-19.162203
-132.8249
57.072292
-128.87135
-95.40913
80.23523
-52.942535
-45.709408
31.647568
128.32188
-42.960625
89.860954
28.050264
-29.920887
34.25919
-119.08085
-152.91956
55.647182
114.587776
83.698074
4.4917192
-13.731313
27.39572
80.837944
-3.6791058
-258.36914
-159.27492
81.80272
-50.500988
103.53048
8.375538
90.56813
65.408394
102.72237
11.105012
-188.21103
-14.656111
61.394707
-54.430805
3.839694
25.15654
-25.279285
26.851818
46.109283
-19.620823
4.905452
25.364042
-151.78722
-112.39716
41.66388
105.46706
55.9169
4.835273
-191.61253
92.87163
-46.621384
-101.61748
47.146362
-48.04276
23.66657
-49.730545
-25.41918
112.32021
-27.81439
47.723064
75.8045
-57.515396
-27.60868
13.792784
-77.83482
64.73032
-30.319622
42.162018
8.0727625
-45.902798
-41.52063
123.42922
87.95118
-54.88455
-65.27004
0.70961356
40.07281
-3.266832
139.30376
-60.774208
23.324503
-16.78694
21.613117
-37.2594
-63.668327
-149.83229
-134.66316
28.194979
-8.920145
-22.269865
-103.278984
30.169817
-78.912155
-122.04967
126.880714
-5.75966
-43.72188
-41.990387
79.47425
98.28287
-104.94493
-36.25274
-52.296936
155.84613
85.92352
170.28386
-65.34527
-62.27897
103.40176
-112.95633
-26.353441
-43.25516
-38.849113
64.45098
13.585046
83.244484
74.71332
-77.376564
-64.62427
40.01932
58.425446
-29.68212
-24.662443
143.52396
80.57671
-9.632087
-75.25715
-100.30709
79.49099
-15.804306
129.69911
19.364267
74.03306
-23.983326
-94.95053
88.89472
-34.18845
0.22383583
100.00965
-8.871342
95.39045
-13.424883
-49.041313
5.5013223
-184.34006
-19.652645
-176.39738
156.13783
39.52447
-41.43948
-173.86974
52.42479
-22.355915
-135.06293
-99.19376
-73.01811
-27.971552
-101.34992
109.125854
8.699271
-16.836184
-91.026596
-50.50206
22.196436
127.27933
-21.831345
31.584253
-221.73341
105.922295
-139.17851
-23.14709
-27.078127
-0.50548124
-134.95578
196.7968
-92.51881
68.671135
-69.0497
38.372936
-5.8865685
7.7029266
-93.32483
-55.016907
154.27895
-58.529316
-166.039
60.59458
