-171.6686
42.988953
-65.76376
-142.03833
60.891026
-146.07008
-25.52183
23.52632
-105.29996
-161.51204
116.05241
-95.978
67.30121
-87.33157
52.5025
56.283726
-68.341606
-179.46648
215.40138
156.13316
90.74956
121.61785
20.976906
120.178635
7.996994
103.419426
135.18549
100.84339
132.92284
-22.532722
102.133705
-1.6022274
145.0395
34.62472
-272.41968
-6.938612
-16.967905
-8.981624
-139.55078
26.161375
181.92262
167.04802
-112.96046
41.81078
-118.80891
-68.7556
-77.80802
-15.071777
129.04605
149.60004
-57.043247
133.24634
-19.191765
314.3355
127.14334
-109.89527
-59.37617
-167.54532
-72.10089
-5.963851
25.915154
-66.29613
-99.266205
-54.942696
6.0912476
-175.65283
15.073695
110.820984
114.62611
0.075313196
36.09619
-16.097668
34.42376
-54.48671
93.090645
65.84977
6.1579266
22.331871
74.49732
-83.69148
32.04733
-26.55411
71.64133
-19.99274
-115.827225
107.72952
-134.09727
64.80485
88.98566
-104.15006
22.587715
-34.985565
159.7548
-19.241137
-63.533653
104.01614
-3.9389539
-37.115135
-38.779007
-150.83954
104.03329
-79.93695
-126.66576
14.816064
-6.2072515
-133.24915
-45.81379
38.476498
-98.28415
-125.24601
-87.41838
-7.1902804
-36.162712
-50.292046
2.1473155
-153.24849
-77.50566
-59.8693
104.79525
-54.97178
26.005629
163.02594
55.011333
-125.94194
-40.011517
-146.20703
194.45262
-11.224336
-12.592686
-133.64786
-10.026981
35.79015
142.71722
96.1034
-16.052675
-35.03992
126.64342
41.190353
15.588016
-67.33091
67.560486
23.482466
-91.72939
-71.82516
-63.51206
53.289886
-9.373221
-89.02089
108.077934
60.5976
-80.15749
103.529945
-53.965206
14.511477
-235.3643
48.82488
-60.004234
159.53789
63.66447
-54.414143
-65.15645
-58.06486
-107.78998
-202.01944
165.25058
-2.161732
12.627255
-69.44521
157.92865
-109.17065
26.954601
57.18931
120.529655
52.37084
-112.086105
6.8163176
-94.5695
62.577576
-71.22065
125.46296
-27.631615
-44.00942
12.582363
123.76027
-76.55557
63.22081
-4.5418944
-95.731255
-88.13252
290.27603
-39.217728
212.9944
43.79539
-80.293564
-48.784386
-98.86175
-118.64651
-81.44479
-89.87016
-130.5567
132.63667
-105.66172
-72.38641
-168.70102
45.99242
-45.65614
23.90362
-90.714554
-98.63257
0.9380585
-51.450916
-137.52919
-68.10679
-27.522121
105.99245
-179.7142
-134.32924
-1.3910059
70.37213
98.93959
-101.575584
151.65207
-48.74357
16.284912
-55.520443
90.25934
-2.7948613
95.94203
16.251774
8.206927
7.1149755
61.179222
78.99749
-35.138588
-121.855385
137.26973
9.724472
-80.23821
-149.11623
-133.72256
52.36137
-198.09625
-70.55807
-17.586878
15.336942
114.13316
156.13773
16.12991
-29.66582
-96.16731
17.689434
-117.29945
-7.870579
-20.728474
-106.57487
87.3951
37.794388
-93.50372
195.95528
-110.596725
-102.98273
-86.44662
-12.418652
-106.29758
-83.59904
28.501482
104.51934
-20.62697
82.53136
85.59325
-110.86193
-83.90425
-71.19981
16.297472
39.80668
-9.814371
13.557846
21.65023
-56.408916
22.09804
-14.619242
-30.252762
-142.18832
41.97702
-3.6693053
72.33587
55.58545
30.237326
-192.61412
91.713646
-163.24754
-25.389423
128.98698
-181.65723
-81.00522
-8.404553
207.5979
70.32327
-38.08566
40.98053
11.334426
-146.59975
142.48361
46.633717
-41.450905
-120.53689
-120.54515
-4.9140744
-97.46332
-42.898994
-132.82516
129.48752
-25.92094
-117.72088
80.51742
68.922035
19.451145
105.960495
-109.37013
-32.7707
-133.79474
-14.68238
-39.716133
26.44155
28.515976
-70.65735
-74.815186
63.982876
49.618687
-1.8630486
-158.78008
-2.6227558
-56.305077
-29.30506
135.92244
79.16348
-34.30626
28.904995
-180.17442
27.180544
134.06868
99.05791
-60.56522
-38.477867
-158.27235
50.037006
153.86392
-32.700832
100.225426
-125.670876
34.727386
125.51902
-116.784744
-195.00792
-45.060246
33.787342
33.734882
75.24136
65.733505
50.70163
58.794346
267.62894
51.15537
65.374214
-115.08843
-15.264387
-167.7403
247.23712
11.698416
117.706375
-87.13126
3.418179
-59.071396
71.24531
151.24687
-86.11582
-203.42105
133.88301
-158.62302
-54.81582
-19.257263
-247.7757
37.52984
49.64332
75.39851
-114.37001
115.309074
-46.902424
-68.251564
27.277853
65.46415
-41.159763
-55.18299
161.57747
-13.375864
111.23674
-38.730606
29.14677
-28.25747
-26.201542
-35.16754
116.95933
49.473896
9.728501
179.83406
46.55056
57.61189
74.86908
67.85674
-59.513798
-38.87592
3.5116553
28.229166
52.10273
47.332294
-89.99889
60.233154
-10.654603
-2.9316764
10.063295
30.03634
-121.14329
-112.13248
94.070305
29.089523
70.76937
62.10686
-41.783215
38.332325
-316.2826
64.384636
-99.76677
-110.800896
-36.422688
67.98729
131.25612
-72.60619
-122.04895
88.54991
-119.00026
-32.282043
-4.1828575
17.27734
-122.803505
-65.51499
-86.35967
73.19826
-51.880405
-106.86022
22.346556
2.673205
-7.862051
-93.68084
-132.12979
-11.80369
-86.93692
-30.455008
60.720325
-59.01032
-113.55318
31.402607
238.56822
13.63647
125.113205
-54.789814
153.44572
-30.024132
-19.411886
-35.89695
130.24484
-71.40637
135.75209
5.5532136
35.406254
6.526619
63.148983
42.637352
-80.30629
-117.736725
-25.701622
-76.83262
5.175291
7.798684
-2.526534
-94.36509
71.233406
55.952892
-24.313305
-9.188604
131.78845
-55.936897
39.92765
-0.9352407
-59.112415
-62.942215
-28.52027
-14.856429
27.835129
41.23196
48.591354
-256.16077
-141.65239
-14.293642
7.5457067
46.692974
0.4215058
-80.867294
41.61684
20.253601
224.32788
-77.20995
-24.209248
54.023495
220.56485
181.23618
131.98705
-4.0453863
83.70599
-5.021465
-15.294567
-88.91868
176.93387
99.598694
-18.202442
-109.19982
3.1285205
31.243948
16.933521
138.41235
4.3671966
-194.19643
97.39564
97.106445
-4.20392
-161.0734
31.76917
13.078107
-200.74405
75.765305
-26.101448
200.71892
-195.20322
-213.25888
-100.02802
-13.085334
124.99804
143.42633
16.77734
-141.9517
46.807068
69.275154
95.06129
-117.13252
-148.14418
-60.777355
-79.54888
35.41632
69.37227
-91.0497
133.62427
175.32732
108.519966
-92.271805
-126.21938
-27.597054
15.993988
28.41156
65.77958
-169.49155
48.52204
42.529682
67.43824
215.35683
178.44438
-28.597406
-31.150852
-143.78755
133.6033
-11.337103
-191.25508
-81.170364
174.08234
50.539944
93.7209
326.07983
8.777418
37.281963
-107.59655
-240.03891
-11.193926
118.90128
-36.96448
-77.24314
-68.83124
-76.35352
50.774426
73.29579
-140.65894
33.971424
4.6210976
-29.531265
14.341134
-27.633394
1.373651
108.5458
112.0059
-64.679306
-114.93275
-1.6249099
-104.224915
113.40931
-20.858305
-34.36286
62.246143
-21.925083
-17.96862
68.841385
-63.038116
57.613182
57.513004
192.36606
-54.746277
174.86487
241.8354
231.92632
-72.17652
-31.56687
37.164658
108.44165
-88.76526
80.350075
37.25691
146.82782
-141.03035
-12.714881
205.5094
32.76338
36.886078
-33.756153
-10.816086
33.3415
-109.3502
-110.55114
-145.84067
-73.96256
226.7752
12.844747
-72.11101
55.231987
-74.410904
134.8608
-9.003814
-43.65502
49.551964
-64.22653
72.13973
12.925935
66.82191
204.57088
35.000553
-44.751118
-87.43859
49.767395
56.526844
-140.72481
5.8811455
47.97772
26.58325
75.36332
-22.018398
-19.405102
45.194775
15.108186
-20.056225
-32.14671
36.693012
6.001224
53.498463
-35.874702
-98.725075
-76.39473
125.89471
-64.925804
154.77713
15.026312
46.28824
-6.8139715
-27.177807
-6.927054
-84.73162
-143.5194
-6.5299516
-9.598948
-63.54335
132.64551
24.834171
46.623844
-7.8558645
-52.64797
-70.116646
-88.67259
-40.491295
-19.311037
-20.110497
58.118523
-48.337933
59.61398
99.36735
57.426334
5.4062085
-4.6835666
8.951488
-133.57837
-115.608536
137.1368
-26.593733
97.8094
28.830393
135.0686
69.18253
33.435764
34.139664
-230.20493
-26.648905
5.823799
-112.15341
-65.091995
-107.46357
-38.66289
23.0326
-165.70982
36.212143
-180.83415
109.91797
-119.53663
67.75524
-27.25514
-21.725807
-234.3524
95.97796
37.863636
-26.219887
22.670328
8.270992
119.19095
-79.841354
19.9632
11.441688
-82.555626
9.595514
-24.960873
-64.02485
84.42692
-12.382502
46.44135
77.1292
-11.315936
87.141495
-84.78529
25.579231
-142.3851
-196.56978
-18.231459
38.798847
87.81299
-129.06326
240.71263
-62.294502
9.782019
123.041664
-54.11713
-78.96242
-57.099976
212.64471
-128.8372
-156.52225
79.87997
122.59431
-104.383446
121.71436
65.14162
-146.17172
-84.80315
131.51926
69.59971
26.260782
2.0170674
-48.228176
-231.44302
49.57042
171.7514
19.67005
-69.289024
-141.16992
214.3321
-88.72463
-35.98293
-61.53548
-82.53878
152.97363
-116.457306
121.66994
-35.5705
-130.20918
121.781395
87.756836
-151.81926
-82.103905
-182.33376
6.775189
-74.141815
-37.345955
-86.82233
29.999418
-25.401928
7.550909
33.982544
5.6367884
-3.0634403
67.012726
-94.349335
-107.129425
-33.585014
-34.755337
-77.29521
55.79814
182.85126
22.313524
-57.525024
-37.950104
29.18955
-16.37632
-27.98705
120.58686
0.09720945
182.41284
-12.1701355
11.32478
31.450447
19.316208
-41.191433
53.46981
-185.66469
0.4377705
9.717459
-51.151867
149.8995
31.47942
-28.505322
198.95016
-42.420174
-13.882495
-51.303944
-78.70517
15.986006
82.47034
-16.10718
-71.618614
-1.5804727
69.732376
-18.477467
-10.594652
95.37452
-9.035809
-16.176357
-36.90084
-44.079014
-96.82952
-23.859316
67.47016
-25.380386
197.57779
-125.71985
-76.219086
160.06865
68.07343
171.86613
-45.02568
-49.28641
-6.6907434
99.45643
101.05677
11.845271
-65.98695
-158.94844
-17.54599
32.303844
16.620298
-21.25713
16.881214
2.2696686
-158.36452
-30.206022
-121.32006
-3.6757984
5.4655313
-7.0705705
-55.97391
14.656238
99.919106
-70.43161
64.01801
152.75291
50.69407
32.03145
113.078255
61.733276
10.106213
15.890168
68.451614
-50.690666
-80.99524
62.24797
-83.48472
-115.83948
-65.82572
-50.74767
12.18789
-108.008095
-142.5271
-88.524445
98.676735
-81.841354
-5.563699
19.646496
-155.24153
4.9833217
-81.76406
-3.2667146
-107.8767
-15.542411
-18.931238
-146.88481
67.51602
-26.09488
-36.80525
-45.440666
156.53593
4.2159066
65.310265
-67.57291
2.685215
-66.88127
-106.556595
-3.5893192
-116.970726
-101.588005
73.28323
-48.116226
110.51211
120.597336
2.389529
-17.733637
-17.109356
-1.6265811
88.558975
-15.149701
10.410998
-214.80232
-17.113241
-19.270851
-75.984924
-23.467234
-56.38555
-77.995636
-19.053051
172.84544
58.56227
95.12411
-99.651245
60.77927
-109.90766
93.77068
-46.774075
-143.94104
38.961407
-134.23264
80.30682
43.06227
-135.78691
17.855648
185.5306
54.698654
-81.88086
58.25713
-50.270008
-56.53276
73.99722
-16.235268
65.68521
38.961857
-133.4741
18.413944
30.312698
28.229345
-13.659337
113.344345
-110.15298
-26.237097
28.50763
30.717627
-15.452528
-4.2548547
-65.427505
-22.93709
-179.50327
143.5341
-49.008682
106.14724
0.34515655
-18.456444
-109.94491
91.73213
124.5132
41.003548
57.863785
-34.316666
28.517
-50.174248
-220.62451
75.1936
136.92572
-112.700356
50.47376
-150.19125
-162.24017
139.79202
-394.19852
164.58559
-18.617504
109.8227
-174.72438
-6.474426
-1.7206697
-82.188705
-16.154257
75.03032
-119.84986
-26.236382
57.91502
-19.653645
178.28554
-63.393692
17.7104
-11.981138
153.28775
-84.86248
136.6005
-4.568557
-156.74388
87.12076
-25.647852
89.574715
-113.33584
-59.7003
28.83318
-189.14468
59.59017
48.638744
52.085613
138.04155
-46.427998
139.49371
55.967625
-80.957344
-179.8941
25.519247
160.32368
-28.839891
-52.544018
-102.40824
0.8233006
-184.39473
-133.24799
145.65681
-147.07057
145.3099
49.7342
59.006374
31.26822
-8.517721
98.87259
-107.83913
-6.2233047
63.791206
-21.515715
91.930466
97.37503
186.36409
-33.367046
100.471756
25.348743
124.19556
-173.59866
-201.65427
-21.7273
135.7649
204.88058
-50.60834
-150.23962
81.108894
7.5258665
52.363064
-147.61226
-84.928024
109.59093
-145.06473
10.952521
135.96225
75.949615
34.329807
43.478065
49.891796
76.029884
-138.92657
-43.095947
-81.29555
-8.811109
-55.79329
-39.31414
-133.52219
-89.60853
267.50098
-7.9199176
-78.67249
-2.8501043
-0.41590023
-111.74158
122.961975
34.83686
-254.94513
-35.280537
66.41594
150.88547
-56.02858
169.48947
148.33565
53.81373
3.93397
139.75352
-227.35721
134.18262
-101.63559
-158.12585
151.55975
19.027178
1.6385738
-12.098529
-106.92588
-54.216404
-37.56321
76.285576
-108.31047
-39.239235
-83.88234
-140.89058
41.99839
2.7468805
-178.24306
27.448204
39.461143
-113.32909
-129.01378
89.104294
-64.30319
186.5292
146.5326
131.36319
-22.639843
-91.51687
5.6403694
-93.83522
-69.6193
-100.16147
168.02522
80.38499
-146.15744
-29.745562
94.50401
-89.866325
223.47473
120.78623
-164.5373
27.304817
102.53537
50.564064
45.606667
-63.647602
-12.805612
-126.24308
28.166176
110.390114
-88.650665
-136.6931
4.3368864
17.570848
-111.32063
203.93614
-134.55467
-11.434302
56.22697
5.944325
-80.84026
-59.083626
48.72115
-220.73285
98.04196
-295.45145
17.365158
-51.836903
-122.03958
50.643654
37.333206
53.830307
66.48805
-36.863243
36.15225
-29.427685
-73.51146
26.805252
180.96666
45.016563
-114.4742
-18.256931
-41.844658
-119.63692
-77.407936
-8.819601
-28.320019
127.85197
24.526236
11.039082
77.52375
204.66498
118.41496
-68.51297
90.7571
102.48015
-7.916722
169.27861
-180.10466
11.884319
-50.012665
40.499695
-187.63562
49.18325
133.46994
-119.677666
-200.00734
-16.429594
20.60883
-90.44124
-122.978714
-70.19819
75.130936
-24.504137
-217.74258
22.945753
235.9341
164.46376
-34.335655
180.07945
-134.22667
227.00426
-55.26647
78.58384
19.252272
101.02371
43.482452
-8.751607
34.557453
-51.7028
-34.43743
80.205864
-173.49423
60.655807
40.119884
29.93854
30.98232
-90.49582
95.66025
-40.020718
-66.040886
54.52649
23.498898
9.679079
-121.83901
132.22345
-59.86349
101.584496
7.026641
-6.9184747
39.106194
-9.326974
4.07979
-46.846107
104.74804
45.368965
1.5613983
38.02496
88.89762
63.234035
-81.24519
114.18073
-126.34272
-113.20197
120.04585
106.67806
24.936407
57.522408
9.654633
-75.14652
97.720985
-180.82397
64.37882
-103.09716
-21.561934
-242.23523
-82.99511
-77.041084
-139.56923
37.935394
-147.93922
-109.83052
-179.1611
69.421
3.5381668
-18.488619
-0.064588904
34.450024
110.24972
133.82358
-35.769466
-46.840694
89.36781
150.5917
93.31457
-82.63822
-57.541634
-40.268032
-10.899056
-112.17376
201.1009
-81.099724
-22.137646
118.86372
-20.745249
84.522835
-59.313087
-46.252644
47.86983
117.659805
49.05381
283.4416
19.483257
119.86525
-36.04942
27.286465
-32.950462
-149.33043
92.32239
39.795666
-5.0033455
-126.29705
-133.51163
-51.68802
55.395443
-21.727587
30.009586
142.0906
58.657753
20.554749
163.7138
277.62985
-63.431007
43.93898
-23.848137
106.284706
-135.18459
-142.2574
27.336689
-38.62375
-114.84389
63.833908
33.823376
17.183031
-75.85904
36.065853
-187.33687
19.793694
-95.20649
-27.749998
-90.62807
63.016335
-32.134426
-103.65314
75.80808
108.980255
-37.906376
26.848724
-79.51633
61.835636
-63.467583
-270.21667
-92.62148
-64.93799
-34.784744
-40.903893
20.391891
-13.034119
85.51614
-112.74611
-33.13374
-200.89777
-146.01668
68.8873
-15.396182
30.55029
177.13272
-32.465874
-37.77414
63.14351
-54.975094
-136.74571
-12.188759
142.82686
-0.9904963
-69.70082
-63.99976
273.64447
-35.720814
18.594652
49.881344
-137.18472
-83.11538
81.24134
31.937141
-12.4074
11.474563
-63.107014
-134.46384
-40.902157
-54.192673
-155.42542
30.538202
-68.33471
-242.31113
-214.34685
-2.6960275
47.270027
38.068657
-18.727154
57.418903
-118.08568
-122.545044
-73.85346
102.6394
-138.58612
-92.05658
-70.315384
35.13377
-38.891968
-83.066734
71.65722
43.30519
-169.4018
-54.712025
-66.87002
-77.05714
-3.6714196
-165.08968
-43.52285
-42.97492
25.652122
107.67863
-23.05846
141.5573
85.01723
138.26808
48.933052
-32.32357
52.60032
-23.457956
-248.06569
-94.93061
-24.453941
-52.37188
50.71179
90.230995
179.70558
-52.99417
-91.50524
100.54649
109.12439
12.27022
96.12714
32.61042
51.776157
73.69074
77.569565
35.85077
-80.455246
155.04918
-67.19492
-4.0064983
-125.90738
-1.7242379
114.596275
111.85139
-68.90479
62.415337
62.0635
57.99761
136.6171
66.09093
-25.663137
-105.491066
-50.245537
-11.661592
-10.229721
225.08005
-33.246735
-85.85548
100.90786
3.3824153
-1.4313598
-2.255228
196.21709
-53.003258
173.48868
20.352442
4.60979
-252.54677
-220.2135
82.49349
-123.58548
224.54628
-123.29229
165.92874
19.462082
-62.33348
-74.887634
218.75049
36.975483
-50.613735
-102.16971
-176.2578
163.34015
-8.363901
-82.9434
103.20955
74.06557
149.99821
36.04607
-13.824059
-40.421482
120.74013
-72.541176
-55.474842
-89.43775
-129.10678
-11.675209
-32.613636
86.13382
-5.449639
-107.22199
69.75158
-105.89189
46.87333
86.859726
101.1279
253.0287
-5.2394137
-108.45542
143.91888
5.601383
-74.891235
13.036031
103.95311
25.607824
36.863068
-115.228065
125.877235
40.752697
103.75282
71.06691
1.1129991
116.08237
-33.994247
-31.417784
123.034134
122.66196
-16.938211
18.212715
-36.378635
6.8206644
6.390426
43.845337
-18.668257
-187.83519
79.17788
27.110502
1.2936282
-42.388332
186.86679
255.47847
-2.491261
155.93277
101.13286
-111.726906
121.05097
-115.25203
16.83031
43.723034
51.54264
13.929574
-59.025135
187.91196
-144.91861
-56.117172
-36.664944
267.69534
80.40366
-40.679657
190.35544
-63.400288
76.58332
-10.716037
-29.473856
-107.033844
-123.36315
-147.86034
40.86633
-147.46477
-42.57431
-40.233566
-54.339108
-145.42642
102.58387
58.679955
-4.835885
118.84511
25.896711
22.929409
238.1605
-62.65916
85.4774
-127.16884
-32.443092
-5.090082
42.36798
-113.943214
57.643578
-14.538078
-22.719734
-101.23833
62.966522
-35.23326
-28.98516
-129.69814
-67.316765
-9.629698
-18.157597
-200.39758
-4.0395255
5.3620877
101.698006
-47.43231
36.793907
-121.08555
11.064054
118.35427
-42.4756
107.33929
-126.014565
124.68986
-16.515083
-52.813187
-57.855194
94.48757
39.91352
-45.36242
-211.55637
130.8179
-33.962456
-26.388544
48.040432
-53.17143
-58.35231
-97.28345
70.29242
138.48375
26.349277
83.9584
44.055653
80.4438
50.186905
-108.89101
48.339294
86.71245
45.6517
-39.23211
106.45814
35.523357
121.52523
-53.809895
79.900734
-137.19676
33.58775
-42.755543
-181.6067
-11.63379
193.01324
53.37443
-66.45988
178.21936
-194.95721
223.2568
-12.626645
17.257925
127.23766
-43.442352
100.77579
-93.39858
-1.1398685
-121.87291
-14.636171
206.08801
73.346954
-30.399685
16.81306
17.869648
18.761787
134.77805
163.9949
-53.08852
73.90891
10.147595
38.54786
134.0433
106.67765
29.818913
-10.05891
27.771078
-3.3132315
179.0804
-71.1035
93.434166
-97.15029
166.74968
-25.588717
-168.13571
68.98773
-185.51447
-36.001617
-6.5117073
92.92625
23.320597
-206.2528
50.80992
50.38681
-18.257975
96.24568
-220.34074
-170.98302
-103.829704
134.06363
-63.382553
102.16817
-39.010002
190.24716
-51.117474
-3.6828272
-105.05227
99.08519
-6.3664947
177.52664
55.431446
25.267408
-5.1851034
85.8717
36.328983
72.471016
4.9142427
-31.23307
157.36047
-52.587013
8.086751
162.47531
-39.20968
43.60672
-20.56395
69.700165
-5.4675965
-58.78741
144.18854
-97.66135
-187.25122
-24.41434
101.98338
-55.458378
160.36145
128.33632
35.070934
-70.45545
45.23625
-120.60809
105.22135
-142.46707
121.44428
-35.416103
197.55077
-10.723005
136.9178
-15.003431
-0.47423077
16.339403
0.049462736
246.96428
37.045326
-16.920385
147.575
78.28024
-40.445923
-26.85297
-18.728914
-34.330246
-179.433
-183.05025
-20.782145
181.97061
-31.467846
-44.5866
40.710823
7.566654
19.516127
-82.84955
10.470643
238.67781
77.19727
-5.3566227
-276.63083
-117.78896
-92.56585
-7.576427
-14.741058
141.10205
-5.3356004
-5.8504143
-126.96456
-34.95238
-245.45361
31.543419
-99.98196
37.00521
68.64515
-51.074253
-43.200386
54.06871
-186.77637
5.382327
-18.58863
157.05115
-65.79215
-27.089611
-1.8326188
203.63861
66.41712
-73.07786
-36.71484
90.019264
-90.87638
-29.200155
23.711275
-157.55463
-298.38113
67.5449
-80.86724
-123.268936
-37.90125
66.482414
200.15947
-198.69269
-60.405846
-36.11896
90.9729
-45.15986
-70.59085
-216.47336
36.50565
-111.88072
36.28346
-69.45639
-151.79716
-4.8912826
45.634357
108.090034
118.807976
-55.415367
81.64388
50.14593
26.632391
82.487076
39.86461
4.9772253
-24.786581
-4.81743
272.83548
87.35301
-25.074211
-128.4952
9.171978
217.43831
18.216673
69.82431
20.114944
95.82576
-83.52483
45.13724
-37.33425
0.6404631
23.483467
180.60606
-211.13454
94.342445
64.54486
232.97614
142.45815
104.34893
12.041267
-9.44301
-127.191505
194.06584
72.794556
74.41856
6.3936977
0.8378268
24.739607
142.80316
-41.248028
78.09373
-149.7589
37.913578
-117.47549
-61.234108
-17.10717
8.394888
53.361553
-8.042415
4.839905
-116.410645
-236.76968
-117.35402
97.81096
64.274155
24.021086
117.444626
-28.773851
-60.23798
-109.35315
-29.76866
173.42924
-45.80575
22.43498
-142.58998
109.66581
-29.355791
-93.3038
-32.979538
115.25405
-68.1004
111.30196
-119.004166
-54.65757
-41.143085
237.21889
19.902464
16.79993
-104.4947
-254.51562
69.808586
115.69509
-245.81909
-350.22467
-29.61425
-73.52912
223.76953
-68.87787
-15.517898
-88.80641
83.15033
34.922184
34.330856
-15.650212
-17.922548
-19.167345
80.955666
27.924316
194.88892
68.452225
54.37714
-245.26749
-154.0481
134.43228
-228.93884
-79.707504
187.66095
-11.331613
-88.07774
-37.673435
31.294333
-44.359142
63.817303
56.78277
-47.13348
-86.85453
-182.90836
4.2003384
-41.948013
53.01766
100.4728
-79.02888
166.78082
97.19577
111.76359
-69.08668
-32.511833
40.15554
-18.33217
8.316992
85.8608
18.151545
23.637886
71.60718
-131.54648
-61.22841
46.546787
-145.24806
-184.28505
-22.499247
-48.861973
117.48327
123.78954
-80.12367
25.527136
-214.0358
76.07241
-43.36318
11.280837
72.187775
-48.694263
22.090424
-12.9753
-28.733486
90.42222
-72.07175
220.32393
40.989513
101.232765
-32.352127
-46.311516
55.84922
88.710175
-60.39161
59.40061
-84.18289
261.225
-15.389006
-231.187
105.734215
-7.1919756
-11.756598
83.884735
-38.479107
-196.2193
-55.267796
103.89589
185.00555
237.64548
-38.16942
-71.422745
-115.03572
146.0674
-21.43087
92.83332
-52.560677
13.606506
-5.476155
-66.064445
-17.265886
50.65461
91.507835
25.29998
-48.70138
139.01627
79.76277
-197.78969
-66.48406
37.510147
-153.19516
-47.851673
30.749664
-22.001194
76.925514
-125.06313
159.34853
-69.73903
-4.4804826
47.339275
-216.73363
-57.230473
-6.0152416
120.58375
-41.718464
-65.24357
-44.770046
46.45474
-147.1452
-112.82748
56.043068
-64.922775
33.705627
40.220875
24.482548
30.306784
-5.434799
-96.60159
123.54141
94.19274
-80.700645
96.03134
-33.751514
-6.7004933
-30.81536
-86.11955
83.5472
112.28713
-27.859594
68.83869
160.32442
-103.660446
9.343091
-75.00545
-6.598034
10.488057
-218.24785
60.71407
-26.230425
96.52492
-198.85394
132.30247
-34.546043
-103.75715
-37.60591
12.16096
41.40945
-127.37325
-12.897188
-99.23265
-9.463466
-21.830967
129.35237
-146.44469
-35.009922
-102.338646
-80.47441
-94.02281
73.81131
147.04907
128.25323
99.41296
-143.25673
-103.39655
84.93441
34.244198
-8.933354
-93.31018
-8.645099
-54.825974
57.000862
75.011284
-14.50659
-101.79068
86.03173
-83.24043
-24.465494
23.73888
-30.35189
-36.168648
160.61974
202.20226
82.486786
41.362083
-53.89303
57.174797
-62.680798
15.534326
-127.90275
-3.71122
18.427721
113.67708
-167.36485
110.399895
-16.603548
-35.641483
-253.02179
38.497818
-182.1562
187.68301
50.135715
-52.191925
9.51174
287.91467
-108.38707
-100.60323
11.754628
-9.017797
96.57669
-21.444475
138.0148
26.777561
54.96525
-46.257343
51.201805
-8.553345
4.752116
163.21017
30.750465
43.93272
-39.367107
23.958141
-39.5724
-105.738
-80.89118
119.566795
-34.98556
39.391434
4.243427
116.58667
205.32489
45.958195
4.9081683
70.49503
38.535534
18.878433
77.838974
18.416666
2.7400963
-85.09536
-73.69056
-105.31587
133.25273
28.394495
-128.27142
-50.240948
-31.822088
45.05003
0.99628603
132.83989
-159.50188
204.33893
-4.540275
-89.290886
82.34226
-76.948395
146.36896
-214.85965
-6.2078495
70.73736
11.816475
-68.14198
30.31771
42.508823
-94.37569
62.076103
86.5124
115.24245
-224.03354
-9.875815
-77.971985
-38.95146
-60.85463
196.9294
-62.09747
-78.45619
-85.377884
112.69094
-17.841076
-30.539448
-31.796831
-30.954655
82.658936
-4.190774
161.33115
152.0465
14.173844
139.04019
44.834873
-6.678416
-90.81199
-5.495413
8.327705
-98.97145
-161.38757
90.639656
-58.014454
7.742064
41.699722
-5.94261
-69.1823
15.049981
-70.620255
128.92271
-101.192375
48.603344
-92.09959
-67.22611
69.20204
156.12018
-153.60414
56.347477
19.140497
-53.317562
188.50262
-29.35053
126.27608
-156.66702
-168.42711
61.25671
-170.67519
166.54689
96.39046
239.2238
-93.42361
-34.628345
12.571478
-177.97902
-52.47907
-96.149956
-56.151443
162.8175
-167.06563
-27.902294
-5.001687
-51.30661
168.54176
-221.058
40.652966
25.078512
51.400597
-90.08837
83.8915
34.393063
-4.941112
-2.1996365
100.6846
5.271378
-21.733498
-82.41634
129.57335
70.04322
158.57222
-172.3044
-144.1454
-112.705086
92.41498
-68.20554
-40.477627
-176.99374
111.48815
26.325695
-80.157776
-238.04568
-154.11586
-32.084194
44.166485
-165.87657
-76.0028
65.32329
161.29121
-109.18605
-181.65604
-83.64041
-35.199272
49.607567
-82.33913
22.287796
26.948051
26.324675
228.96713
116.07206
-24.414711
35.752567
31.36238
21.799519
-5.748729
-124.17373
-32.359344
57.164318
100.17574
-2.6972413
-14.125765
271.32034
159.39761
118.40626
-151.92285
-68.49784
-77.38696
120.38589
40.439438
-256.98984
48.171562
-100.385185
43.46408
-83.52867
-37.21676
297.7456
33.469448
5.7276063
32.616978
26.974142
157.82765
154.07022
-121.56978
-164.76114
34.04179
47.411
97.722786
-103.71697
40.79179
-50.25113
74.55639
116.999886
-48.80864
31.546469
78.331665
127.00771
223.90172
-6.0653887
1.532583
200.32326
-28.711115
77.98808
162.383
-7.837566
112.21763
-84.057014
70.90781
-21.047775
143.83467
-16.231754
-176.9143
119.59248
42.99215
-39.17739
-72.89708
-266.90598
195.5451
115.441444
-101.33406
-82.33132
-24.787685
-146.7897
101.010124
193.3362
-86.911865
66.5549
41.976505
-11.047855
-61.33076
-38.645615
-19.491304
60.895058
-83.31176
-76.284775
-163.0808
22.237747
-7.9068155
75.50961
-227.68007
-80.79784
-110.19039
40.881542
-97.28182
60.79817
76.890045
67.545
79.51313
-77.70405
-114.11793
-63.023727
84.91559
-190.73697
-27.29948
93.72901
-63.632248
-26.6978
16.845785
107.25151
161.32349
50.965424
-61.57643
-52.06942
23.077845
-190.91309
9.030505
29.53173
13.363778
-212.18054
39.52211
-15.080195
76.40355
91.57529
-9.144073
-39.50963
116.09337
110.551605
-61.933537
64.3139
-132.6592
24.832672
86.91008
-78.78269
-118.22
81.57867
-39.843483
-128.02026
52.743732
-159.29863
-80.43921
-81.33802
-117.521355
-100.1875
146.37422
116.60129
-6.6310925
-92.25566
131.84761
-59.997147
69.247925
50.009483
-29.241722
26.52053
-65.981865
146.7207
-68.810974
-16.61016
201.54138
-208.67284
171.52895
148.79091
57.02689
19.478899
79.379974
-13.056165
140.69078
-128.37108
-28.270922
-57.91858
-12.874958
-35.48218
-5.227876
-121.59566
-102.67779
47.532005
180.67105
-148.49907
-5.324717
34.848988
-167.64873
-21.285618
-186.66678
-36.9004
-177.01697
43.13389
120.00759
115.78699
-32.63247
157.54384
-88.92355
95.44589
37.40565
142.98886
-133.02309
162.59059
-85.32287
183.43375
6.80169
30.789509
40.881878
167.18318
-37.389267
72.55304
-61.75373
26.430294
38.126747
-174.442
19.120857
25.792364
-38.150963
-118.74382
198.15562
117.17689
89.174736
31.788052
52.32964
107.97985
-152.14006
89.096115
-8.518577
46.108513
27.564644
47.80986
126.75931
48.675606
12.1187935
-155.61307
73.14257
93.72065
91.40273
43.697067
206.86664
-18.639585
206.28517
87.325836
183.42693
-119.640915
129.46172
-99.87413
167.57016
70.92227
-118.6765
74.28203
-12.133315
111.72654
-117.5448
-65.41535
70.90805
-37.451733
85.49396
36.939262
-74.947945
-42.588585
-141.0492
-177.72543
-68.770744
-77.0314
90.4354
-8.044438
28.793331
70.82483
6.0250216
80.5652
104.72696
-33.147934
19.786592
95.87691
3.4875593
-41.053223
-66.522095
-82.36725
-43.665245
8.327086
68.61854
-18.97166
96.6532
-42.352066
17.439816
-36.002903
134.63283
-151.28978
-28.443684
-17.261217
44.911346
135.53438
20.73884
264.76102
233.12152
-142.53299
-0.011258125
108.80437
-105.64316
-48.62205
-98.824394
135.4525
70.77294
-107.477516
-5.646393
63.06139
-228.24815
-63.695118
148.24838
72.41918
58.97884
40.664158
47.324192
89.1959
-55.638023
96.87064
-40.522385
43.567455
113.87099
-132.07127
-98.82492
-4.219446
10.490578
-0.20829141
137.54552
-62.407295
137.14366
-42.513412
-59.278885
19.318335
-42.287918
-6.844357
-6.1539917
-32.607094
-56.02203
203.09602
68.82742
101.427666
143.98508
-3.1921847
115.087845
-13.210334
43.73419
147.97472
101.48681
192.47244
62.492943
47.029015
-109.04194
-100.13283
-66.76799
63.65583
-21.76681
74.21167
4.4553947
20.80385
83.134254
26.289192
-143.32169
-70.2954
-131.77202
184.83344
-69.87237
-45.612324
75.1481
124.28351
-111.24436
147.98442
-11.091698
16.440413
-24.512436
131.62039
-53.477768
-139.47888
-5.2596016
22.637558
-93.63953
179.65826
-28.147387
21.484667
99.10561
-74.93887
8.366663
-49.469658
-8.477947
103.83866
21.652533
-166.3042
70.31567
102.00202
124.90585
75.697334
58.690357
112.26617
109.44755
85.26892
-147.98112
-111.470894
-74.63413
-103.04024
-126.538345
113.207146
-1.9268426
-142.785
-103.02998
-40.423492
-200.73189
10.821522
69.79632
157.39542
-157.15242
-85.7422
-5.9463987
-92.29161
-53.316154
-146.29085
-54.63474
-88.78404
8.164334
-159.83145
10.570423
3.0730865
-81.43776
-111.16191
-151.90439
-60.74069
15.249133
-25.391182
-142.00598
-141.07007
-79.41251
93.20279
-167.84496
88.81305
-4.2870307
-231.46742
29.461569
-13.741536
71.382195
31.109173
-76.89395
-5.0454617
106.45743
137.47633
-247.53061
161.15019
44.213757
144.76474
-139.64615
-35.302517
53.5255
-167.51544
153.89047
11.673151
-31.16468
-115.05491
14.100061
102.848015
1.9914995
-72.83623
101.75898
31.966
56.061314
71.57584
76.32618
-3.9167695
-84.875565
55.569084
9.159834
-34.71215
-133.06816
-142.21912
28.766489
-129.90593
-125.242516
-52.368004
-67.70858
-4.214441
38.06074
84.74402
-72.0254
29.358446
177.53572
36.80572
-87.84583
136.63036
-103.054726
-127.5652
-31.104069
-89.12992
35.554817
-34.64592
99.93321
21.17774
-68.82358
189.80441
-45.518368
-70.93933
-120.002495
33.004333
-111.60621
-1.3984828
-154.82574
-33.865936
-49.54352
-15.341453
131.55513
-78.804825
47.190193
-91.227776
34.355316
245.68797
76.95631
-11.941564
-31.336668
71.55914
-109.428635
89.75814
68.89189
222.21707
-74.526886
79.14946
18.691969
-122.80302
-2.169445
-166.25603
-91.32189
57.195274
178.18457
-9.398942
-116.022804
17.995192
-121.82136
-143.57898
61.856712
-9.61809
-124.00947
57.059525
159.39758
-105.74757
153.86758
48.357914
-9.658627
-5.6211157
-160.94699
-185.03093
81.28573
80.331436
56.926445
34.852047
-44.430744
29.511505
43.60148
19.871088
-251.98323
-126.570816
57.78106
-61.45426
98.077545
-25.311462
87.18968
-7.607454
38.984337
10.94331
-160.7657
8.203522
43.852917
-68.78047
-31.15371
67.58301
-59.962242
83.73509
58.145847
-99.06432
-31.078033
94.891594
-150.38345
-156.6413
93.475716
75.488945
74.87302
20.106628
-182.42836
58.36686
-72.30522
-73.08053
75.16052
-7.684927
-16.463327
-65.278534
-25.423674
62.971054
-51.744408
78.25495
87.165665
-92.15868
-29.982206
21.49865
-114.04248
54.737743
-78.40236
25.414213
30.090302
-64.12281
-13.724298
110.24559
-4.362065
-126.00206
-101.36694
-32.72734
74.532005
-23.938023
122.09611
-115.82989
27.38127
-58.762474
95.94716
-33.8279
-54.549984
-168.43657
-180.06364
64.40421
6.0146036
-22.585371
-103.634224
-4.3121443
-144.61319
-104.68513
189.38426
16.962946
1.2230113
-54.028557
98.430016
99.633835
-97.77778
-21.518288
-32.030396
163.29648
47.913246
154.70547
-113.84974
-29.658846
130.956
-144.1446
-23.930996
-89.92756
-15.496812
90.3215
40.994286
79.96874
57.973755
-50.034027
-37.183105
3.999086
52.494812
-76.75197
-56.901066
136.70749
63.002872
-10.960145
-79.9642
-102.566055
101.662025
-31.46692
160.68608
-13.438142
12.553249
17.74649
-104.179375
25.402739
-45.859814
-66.22393
137.5637
-36.902596
146.16685
-7.278184
-53.8547
10.235504
-187.87143
-32.884983
-169.5954
103.921646
21.496078
-8.109106
-168.56265
38.306747
-20.290962
-88.92649
-85.0305
-80.34424
-121.13205
-129.5833
110.99314
8.203418
-1.8461981
-151.11456
-38.86214
41.395382
205.07596
-18.97898
51.81226
-186.29752
134.9891
-110.127625
3.1702352
-55.315422
-6.031263
-164.14053
187.76718
-122.911644
93.68041
-78.852036
85.12782
46.2076
8.409094
-152.72943
-42.24519
132.94968
-72.93746
-160.58885
85.619675
