-120.129265
41.28492
-80.29801
-56.833473
-0.8026067
-50.178787
18.103346
-34.55663
-38.26862
-54.106018
-37.156033
-131.9339
89.78211
-105.00841
33.22967
49.96332
-46.514843
-63.520817
64.24514
141.75113
89.64071
79.076996
-8.499057
35.25281
19.058884
36.625343
95.583824
89.64307
104.88999
-59.156467
123.0357
20.70287
68.50063
49.238873
-129.69026
19.315153
-51.64458
-37.11793
-65.99955
10.600071
110.39116
56.750298
-46.357635
36.62774
-54.470306
-37.115967
-54.92795
-11.536014
134.58243
-50.636936
-76.78074
53.374527
9.765442
125.770615
34.71354
-112.00006
-27.226429
-132.68199
-12.186239
40.384644
35.561398
-76.758995
-18.649675
-18.474947
33.61837
-137.06717
-62.36723
38.246918
-8.882497
-9.241039
23.720222
-46.435135
97.66076
53.909004
75.033714
-25.123985
-29.533533
65.053856
71.8796
-31.198647
-25.773605
65.784195
8.522592
-32.162395
24.810415
62.95957
-38.465218
-35.547085
27.285639
37.377884
-35.768967
-16.465313
60.731224
-1.6704819
-78.53968
75.4486
26.701336
-74.902374
-52.11616
-22.086458
127.763695
-100.272156
-123.16901
40.752167
-64.807045
-18.270237
-19.95015
-24.583054
13.724055
-87.95752
-85.61034
60.76983
69.41503
11.006696
-37.467163
-83.439865
-36.15615
-16.5377
38.400803
5.2939563
80.4801
130.97649
13.64787
-28.438478
28.25672
-100.14284
-23.04685
60.42101
21.956066
-42.551918
13.983415
-65.11597
58.14751
14.168272
-23.865347
-31.625883
73.24094
6.0333614
-2.22159
-38.848454
60.551304
-14.228474
-33.57311
-49.74789
-100.44546
47.87742
16.712828
-33.360252
112.977875
31.681122
-54.089176
41.247326
-34.930466
26.783096
-116.28249
21.59496
-37.241
115.60903
8.018232
-19.25531
1.6833547
-63.270176
-86.757576
-121.00952
34.162632
-19.737589
-79.205795
-14.979448
25.97631
-4.673784
82.40134
-69.55193
53.075577
73.64789
-35.788006
48.879772
-0.43741664
85.46697
-28.961752
90.03745
-37.905888
-4.507771
79.05375
85.742065
-55.857944
7.7130737
-2.5261228
-101.373795
65.2991
113.82311
5.6527457
142.42992
19.031895
-98.840805
-24.114466
-40.933403
-6.2274733
-27.112972
-98.36903
-53.96325
73.342896
-72.16591
-93.91314
-71.797104
56.48977
-14.134675
-88.36703
-24.427473
-78.48218
-6.7500362
-75.63208
-80.470474
-9.075459
11.553022
61.024014
-71.21953
-128.92632
-7.329431
-8.597046
34.44585
-37.164555
106.555466
-42.128937
-51.271774
2.3065438
15.50488
19.377281
27.212536
-15.545436
-15.786409
17.296173
131.61781
-12.178065
-9.373555
-34.218475
38.991264
-76.463066
-79.93076
-21.06338
-78.305
63.35599
-147.69633
-71.899475
-64.36454
43.655052
83.106606
0.50110984
-19.186363
-36.596947
-87.51612
-23.922487
-81.289345
26.779518
-60.17556
-17.450048
75.636665
17.209492
-77.83261
63.465595
-98.11949
-82.68909
-45.17953
-184.47325
-56.80953
-32.661026
18.35945
93.41788
-9.030266
65.74401
84.74068
-54.877495
-3.6722705
-49.85977
25.005299
106.30481
-3.6731606
-95.66559
-46.618927
-61.328247
12.608785
56.46581
-57.94399
-76.00975
-53.826557
49.28528
67.78266
68.04356
37.40546
-111.33901
108.79932
-51.623085
17.49184
47.93967
-67.73121
53.00878
-28.030624
86.18971
-46.77492
47.689926
89.64319
13.994359
-79.14251
62.769505
20.273891
10.7644615
-75.13906
-12.420126
-23.326801
-54.62701
22.85296
-144.03973
35.00439
-32.626827
-114.81473
111.048035
-0.04116869
3.4229648
59.662388
-33.743557
10.488011
-25.789015
-67.88261
54.34524
8.259157
-63.27087
-36.513668
-86.38284
50.01604
8.994455
67.46966
19.31256
-55.766075
-91.88192
-89.49549
75.19855
75.17759
46.838215
-82.990685
-37.614204
-51.235435
-21.654417
39.138695
25.233217
-77.02742
-130.8973
83.9751
62.459545
-17.272755
92.5793
-43.948475
14.635754
77.519775
-9.929765
-59.896484
6.1610026
47.511868
-57.837833
118.66934
38.211636
52.644478
32.618652
191.12633
77.23854
-24.056782
-35.301838
-17.306023
12.254332
152.90634
53.04449
69.39673
22.391092
-23.872465
-9.808459
34.98586
27.496422
-36.791096
-159.23972
117.44234
-54.57302
-56.382248
56.403854
-24.131836
120.81735
-56.080635
20.54039
-23.817804
101.1355
-81.75914
-40.810135
-7.352724
71.21675
3.9428103
-65.41389
107.676155
-6.5376153
68.34048
56.834423
4.2086773
-14.409182
22.603102
-20.982306
-22.168835
16.009346
20.480545
104.19125
-21.850437
116.55037
40.339024
0.18384859
-24.610987
-56.1202
1.260316
62.187943
6.782216
87.13143
-4.080599
19.842146
-0.9997128
11.861026
19.03101
-6.8215528
-48.45052
-90.00834
-3.2103195
-13.966502
94.555016
41.32252
-9.253449
-10.739891
-165.09528
-44.064873
-86.11271
11.7037
-9.186667
18.242018
30.011768
-55.339462
-45.36069
-46.270813
-39.36759
-118.40214
112.44288
-38.049995
-3.5590343
8.696121
-65.33025
44.595203
-2.4035733
-84.7507
-2.4103727
3.8832304
102.977486
-48.970173
-55.924667
-69.586525
-79.81686
31.085375
36.193676
-62.453278
-113.1322
42.48999
74.79985
11.24777
1.9978126
-33.006313
15.907986
-6.1254854
-4.308299
-24.069386
127.14172
-68.498314
81.14935
11.203393
55.00412
-50.036774
44.664997
-48.348988
-62.619637
-5.843021
25.282957
-14.881036
-73.44141
-77.85413
-60.70147
-39.888508
37.329636
64.412994
-2.8832664
-83.69135
101.44104
-14.459222
7.2937055
93.93249
-29.930693
2.112437
-8.869175
37.71449
33.29767
-4.0199275
-41.188263
-24.97025
-113.3146
11.969138
-6.387292
-47.521954
51.09495
-63.734615
24.208132
-41.021404
142.56792
-48.566242
7.760206
55.129314
115.314285
72.42583
-0.8839111
-32.847706
-25.76352
85.33007
-48.878
-96.93101
115.74276
20.40323
-91.13454
-65.52099
17.128878
12.420478
-10.712431
70.68234
25.2839
-96.50372
31.131617
-19.73302
8.878641
-38.651608
-43.63813
36.539047
-57.368748
78.51702
-0.6619846
77.66772
-96.878654
-118.15342
59.876137
25.36707
20.23801
-32.86398
-4.1975284
14.894419
96.92198
-35.596577
120.11412
5.327814
-129.35522
35.044506
-68.72347
-29.124859
76.233475
-36.568123
86.603836
88.630516
-4.7123704
-80.119675
-22.029766
2.921658
90.24467
17.950737
87.08632
-42.274666
39.605526
-7.909067
-46.46843
46.53349
28.378387
-51.978638
-69.91285
60.022015
26.758198
58.091106
-86.9052
-54.43875
72.61308
-33.59076
-11.1324
220.66524
-52.275166
-17.238337
2.8684602
-82.23777
0.95707726
-59.84155
-45.948246
-20.921974
-96.711586
-36.33241
37.948895
57.48494
-115.51229
-17.29044
-25.024387
26.276184
12.426337
-28.711786
-0.009250879
-35.55143
-28.275518
57.257584
-143.62471
15.701395
-5.650799
36.85212
-46.40989
-30.869003
-17.927036
-59.61542
48.20134
103.809074
-13.563664
9.212716
6.634294
145.40302
-4.071481
174.33673
147.29874
157.34592
26.006462
67.49865
50.51244
27.007093
-24.436495
56.246357
17.529623
63.511436
-146.28592
-80.695
128.37314
42.512154
19.758486
-91.00687
21.706964
23.554285
-69.04285
-106.17853
-75.945946
-92.73571
155.6392
76.55184
-1.5619643
44.354553
12.155238
57.279892
-52.382023
-61.119957
-17.309103
2.048527
-9.599272
56.903904
118.38778
44.4215
4.5787516
-85.57626
-19.247154
76.47865
-21.760618
-57.241615
-36.3335
-7.5574145
-24.867126
-51.79138
-14.249811
9.416012
53.957535
41.06982
15.793193
-45.624527
-40.426132
-70.08884
29.155777
61.928066
-153.25044
-7.780423
92.638336
11.728344
14.204172
-0.16618633
104.20976
-29.648462
49.87182
-97.37786
8.966313
-89.76359
-42.47308
64.057495
-52.725246
54.431877
48.15831
139.09277
-57.842186
-12.605672
-124.07747
27.741146
-99.49774
-103.39026
10.7469635
-7.308994
-93.977066
65.93879
82.60017
-48.11104
-2.7751422
16.496061
-90.84287
-153.29729
-48.471153
124.711136
-15.21182
1.4779515
64.12134
32.339745
-4.4084163
-100.47534
36.76451
-91.48544
-28.722113
-98.6425
29.106073
-7.474853
-53.535088
-65.5312
0.9756193
-109.62302
-6.163133
-86.01865
106.28309
-27.142933
101.438416
47.925102
32.039097
-118.60489
65.26599
-53.13144
16.768171
-22.599522
-33.902752
41.10403
-12.149666
-81.99497
-43.134014
-92.444046
-83.52274
-21.01997
-33.51794
56.453438
49.29132
50.00357
25.781723
56.163937
37.56768
-70.78416
-26.83465
-71.1603
-141.72813
-37.219402
55.53249
-22.591719
7.2317114
150.84232
0.3339526
24.302677
113.75303
-26.749832
-23.22157
1.2159578
45.78042
-106.5949
-68.44501
-5.440976
21.098661
30.036192
40.78428
125.6128
-97.29694
29.940262
46.34675
37.880547
34.74557
53.86883
4.7085943
-90.6577
-47.01494
87.31488
45.72778
-31.251228
-28.965645
29.873037
-81.83665
-9.599047
-101.78314
68.29028
24.166386
-36.340027
59.72513
-118.98194
1.5504193
110.07817
105.3617
-101.639046
-72.84985
-26.76666
54.21471
32.67266
-6.0825696
-17.158579
2.7151742
24.423431
20.03753
-0.42712212
58.015144
19.457699
-71.26777
18.447325
2.8580182
24.655869
-10.645133
-89.22041
24.08868
75.52167
70.143845
-18.735357
50.954315
44.814842
16.396097
-28.49614
21.414068
148.90565
88.77883
-48.346214
-18.52256
21.729874
5.4880953
-47.05822
-3.5287976
-15.389416
36.03194
36.820217
-18.902025
-18.874506
10.831271
36.335197
72.61713
-29.265259
-18.324148
-30.05767
-18.9756
70.14633
20.374079
-72.704185
-122.68061
-22.096672
10.554453
-13.309938
-29.458447
132.11194
-113.69973
-8.474583
14.866871
-105.7942
-22.661098
-47.725864
22.390686
-80.20136
60.1711
-118.39513
-108.468254
119.91158
22.406225
16.468723
-72.30636
-42.826744
-24.964111
3.901932
68.73425
-50.79305
-21.0126
-50.688644
46.515884
17.16486
-37.015965
-77.29027
49.007694
71.0322
-62.290474
25.15628
-133.43697
9.620571
-103.61829
-38.516617
-22.554598
34.324142
80.87139
15.361986
85.9426
148.3667
-25.091875
-89.8046
69.52556
19.948132
-35.369934
8.104416
60.374897
97.27529
-11.147734
46.75528
51.057346
-91.8511
-63.271236
4.3151007
50.4091
16.002718
-44.00401
-51.526546
-22.443768
-54.616302
37.510075
-24.008476
-6.5524297
-32.37222
-68.157104
66.13869
-122.70359
64.763435
32.11063
-47.94779
47.1189
-82.40253
-57.916348
-39.240234
97.98338
-32.115547
23.89734
-23.047281
-28.131674
-107.412155
-46.65855
-31.042883
1.250754
-4.6439233
-29.054865
-93.97503
49.622776
-53.111782
73.82274
-69.57896
-26.711517
-4.4490128
-10.615171
-1.9222288
28.280073
-44.398026
39.672516
-75.69288
-59.724293
-0.05430013
-44.581486
-14.260135
5.119041
146.68892
-46.22021
36.76194
-68.57221
20.52017
-52.548115
39.995552
18.24778
-147.59108
3.7720397
-34.408195
-14.838306
-11.763889
-104.323616
-8.42819
61.381035
-12.640829
-75.386375
33.490765
-69.562805
-54.648945
-45.422844
1.0876199
57.805996
9.621805
-87.12399
20.35952
-53.764923
32.382492
26.531675
39.51754
-96.53463
-6.0651217
-11.997202
31.733242
2.6371639
-10.277978
61.78823
-80.24201
-69.37905
77.80593
-7.4064193
147.47015
6.5603127
44.30145
-58.73325
-29.24986
36.9847
198.2278
-10.798011
-80.77425
-77.33439
-24.257235
-55.162773
-27.84184
48.10111
-105.5892
31.457865
-64.17416
-1.977265
-2.3041956
-223.17992
111.555954
98.42549
16.279882
-188.21884
75.40741
16.557703
-105.5051
-3.5965788
76.20872
-60.430252
0.33462638
50.454693
71.01148
77.936516
6.319986
-1.6659797
39.386555
107.61381
-112.63338
44.42017
-33.894333
-123.31102
16.639254
9.360724
-22.551592
-0.5794401
-7.708632
-17.134932
-179.43701
120.63437
70.28935
-0.8479423
114.48377
-54.81657
110.45518
-46.620975
-30.420446
-79.52453
-14.58658
114.09891
-25.65038
28.36439
-48.670036
60.988567
-138.96774
-65.62736
65.44559
14.712338
103.4749
39.25719
3.9674256
4.971155
88.86917
-54.926136
-87.98116
6.1489697
33.95685
34.376385
33.505714
0.60686135
168.42752
-56.196102
72.48201
25.544603
69.77463
-27.339209
-135.33253
-118.49542
24.238047
43.32366
-38.460384
-35.20916
27.17848
46.989048
10.619581
-64.82412
-25.82367
98.62102
-66.36943
78.45445
19.76995
-15.27157
144.81276
-55.711132
17.08162
-18.648754
-102.52248
-55.480167
-72.800575
-18.580276
36.545574
12.141953
-57.71965
-63.353943
175.57555
59.361275
-47.01535
-11.41388
9.823486
-58.747837
51.57034
31.287176
-99.72173
-75.97346
-36.490856
107.17699
-68.608055
131.19357
68.62292
62.863827
5.0409107
20.610504
-108.739456
85.12607
27.897383
44.542763
32.15843
20.355846
-7.507901
59.56788
-26.633234
5.032298
-48.73429
116.63647
-141.38318
-29.074833
-22.659096
-139.03436
94.87058
19.154535
-103.98237
15.435965
-10.197277
-28.497717
-36.933426
-2.688621
-77.57655
68.38051
97.29881
132.69669
158.78145
-12.169792
8.6515665
-31.221306
53.281334
-60.003815
119.54755
-5.841506
-103.132164
-111.42965
-9.010328
-40.713856
80.64477
87.85229
-62.247555
128.99178
75.30528
57.93754
-12.050634
-40.146713
63.909115
-177.58511
21.863356
111.05747
-65.70007
-89.87267
3.342322
101.17671
-34.70444
81.50509
-102.34264
23.113398
36.155216
-3.0677907
-58.562553
-60.439827
54.796326
-184.65927
-86.45075
-86.98955
-39.746597
14.244232
-150.54
43.753532
-96.58163
98.11436
6.229865
-78.45557
14.526035
18.76207
-13.086239
-10.83304
24.655977
79.65141
-88.859604
-19.35842
7.4452486
-49.179714
-75.301346
-17.472479
-21.965677
57.955837
-2.7191799
51.72495
95.26471
134.79332
-16.028408
11.900171
99.79375
11.354568
-26.354996
64.18799
-90.04476
1.9952011
-40.28107
45.516148
-90.01825
45.314163
85.96594
-87.08795
-112.843414
37.278038
7.190051
-109.232025
-93.09065
-90.84722
29.619513
-23.441309
-118.7071
5.484497
26.449484
180.48515
-124.90074
71.10203
-172.94168
31.240925
65.83782
8.963902
67.86051
18.942163
5.8404202
-9.109437
-8.220967
-17.214518
-32.981842
45.241962
-85.02165
30.417648
105.63929
-30.474606
-17.33707
-50.188595
123.39865
-57.499996
-20.508106
29.341227
-16.18328
1.4412769
-78.145905
28.181536
-52.989635
47.531334
0.70031273
-6.503499
21.15542
-74.088905
26.215881
-36.151947
73.552055
16.212503
87.83688
91.86033
112.16796
51.607372
3.5152779
12.965568
-215.39972
-45.340904
21.43666
40.563244
54.98832
-29.365189
-27.471361
13.099782
36.771732
-80.229454
-23.178724
-120.52457
-30.62775
-115.543396
-108.060974
-88.627716
-71.23599
39.168453
-40.342545
63.780476
-129.59851
76.3496
-26.614937
106.66745
99.76321
-43.54266
51.182064
115.838165
-36.451996
82.55233
2.095803
21.759277
53.235134
-29.590641
55.128044
-70.91133
9.288391
-32.982525
164.61325
12.325116
-48.768616
31.460274
21.7955
35.56463
-75.85239
-28.915602
-32.34904
111.2351
26.972824
17.939247
-67.77345
81.415794
-41.294712
43.736378
-38.57652
-29.327145
6.983173
-27.65863
43.965893
13.65124
-71.77549
-19.365122
1.0830662
33.132984
-16.153578
63.325344
-9.029169
-22.37359
84.82253
62.146187
-28.338882
107.76101
-11.374687
-47.48523
10.765412
-102.9011
61.935387
-49.944187
-113.68817
-25.359709
-29.78008
59.960735
-79.74639
56.999966
-90.711174
72.71131
-66.27038
-0.46876884
-37.544746
93.37079
-39.153908
-137.0122
12.132764
19.103056
-64.75924
-23.07618
-90.58793
53.593536
-82.17721
-84.413
-76.87231
-98.104774
-7.902351
8.867669
-45.464897
-0.5626588
12.220395
-66.423454
-31.834806
-122.11024
-67.27113
109.368004
-58.37287
-5.0824504
161.87737
-39.79647
-18.581867
33.453827
-51.341698
-120.85806
41.88655
75.853355
65.09772
63.97095
-56.472034
65.73979
-83.45964
-35.15967
90.92958
-141.73848
37.622818
62.872177
-45.629223
-25.396383
107.66407
-23.66323
-28.440228
-119.21448
-94.874725
-51.80548
113.587006
31.825455
-155.9448
-145.56659
56.685394
-0.123933315
67.684235
-3.3250415
58.167408
-68.94907
1.9092871
10.859473
104.08564
-72.93144
-12.683859
-57.582535
35.54748
-2.247143
-67.54817
21.97833
-31.81429
-162.83669
21.113232
64.9562
-45.22902
-98.992355
-67.52622
-35.471603
-110.494125
1.2742417
26.571152
9.875759
42.583992
44.098793
1.3302417
-35.18764
10.876148
23.336737
-36.960514
-17.020031
-101.33297
41.38856
-4.309374
3.756411
84.20277
138.27325
-17.169792
-11.55853
71.79411
97.13986
-5.5011544
49.808655
61.252697
71.950325
5.4988527
-31.432882
75.09598
77.73047
54.3767
-42.62451
8.964178
14.643263
3.4923685
136.74026
55.458694
-16.697895
12.64527
28.58026
-2.2286987
-5.8281693
-27.340153
3.9599357
-62.313595
41.940952
-43.593285
3.9449759
65.52279
-112.81838
-68.184
68.59181
-82.66001
-57.163593
-9.833247
135.96846
41.81036
133.1649
-30.411154
-77.88673
-138.4811
-132.22575
70.342926
-106.40365
142.95856
-88.41811
69.91191
10.900602
10.517781
-76.39193
59.231243
107.504036
-27.480421
-16.512537
-59.486996
141.47931
23.315903
-6.33237
38.173496
6.113435
31.79625
55.789104
-4.673933
-44.274868
111.402985
-53.303513
-43.27636
3.0024962
-27.29808
47.08143
-38.700848
-7.8769383
-77.14723
19.73542
49.23252
-25.943136
-33.20374
37.288494
38.832912
97.318756
-50.38113
-92.771515
95.39912
-7.6556463
-3.4912996
-45.446968
73.39134
88.4121
-23.26673
-91.73897
89.59066
49.87489
3.2082777
29.386797
84.42816
44.72038
-52.617485
-32.491566
83.930534
34.47684
22.247597
57.001354
-13.970358
2.8933158
-51.78093
-1.6098691
52.489563
-87.674545
49.503773
-25.559229
-60.13822
-16.888515
65.515724
117.03332
-17.861067
44.001537
130.68375
-3.1246898
64.1919
-4.759713
-9.647211
-73.87264
14.177323
-84.1523
46.049866
56.07734
-85.944374
-36.680458
-8.352137
70.53722
-5.8345346
-100.64396
34.93767
-92.24893
29.049683
60.674
33.048622
-165.58253
-59.419178
-77.99417
-45.631615
-151.74069
-34.66065
-137.73392
34.944344
-75.78902
34.759323
-54.495758
14.230664
-13.875621
-40.667324
14.641647
62.71775
-52.864204
-15.053862
-0.8293791
-7.092983
-43.46548
-24.426449
-14.472261
-13.934188
-35.75923
79.312706
-117.73738
5.895545
49.428432
-18.281822
-45.00014
-14.033528
-49.674435
39.100136
-66.03016
-75.39045
-108.54651
-3.5950022
-36.4258
152.77184
-124.444435
83.050446
54.145283
20.984348
-1.3042605
-133.4612
18.980183
-91.05207
-89.23219
-32.767387
30.661434
15.946156
-59.301273
-145.31088
66.03272
-17.040989
-99.71467
-6.606409
-0.85302544
-87.84115
-94.16241
-45.46787
116.864136
13.436084
57.921024
-14.478954
86.81409
-25.786322
-25.078865
-0.32120407
142.89412
2.4218636
-32.145546
39.01723
-83.70119
119.56605
32.056797
5.315394
-0.7556622
-15.964699
-61.5498
-94.13098
-50.481697
55.88934
40.351944
-53.074615
23.563652
-97.451675
132.38622
3.928226
-85.45799
92.27769
-11.90201
116.06015
0.16692436
23.054564
-13.810626
-13.03433
17.675734
62.667496
-66.92816
-7.351481
-19.27091
33.31484
70.50613
19.052202
25.937553
73.40704
41.830956
-29.383268
36.35529
2.7634788
60.00206
-61.576134
-46.317192
-34.480778
23.188301
-99.52685
-10.111438
-131.78677
62.094433
47.893993
-99.175705
-36.82011
-80.98434
91.514084
-5.470684
15.094438
-3.5583997
-73.91032
4.5763044
26.046185
47.528767
-10.144559
-143.59744
-68.13741
-94.53016
35.135536
2.3472538
104.94379
18.159496
90.35652
-59.597008
41.80748
-37.640354
2.1776032
54.286533
54.162838
84.895836
100.33113
12.137556
-74.892136
-70.007835
83.1587
-37.729256
21.069315
129.34886
27.508364
-44.66733
91.12521
-49.950855
19.131414
58.853363
66.6533
40.735813
-17.872799
14.735543
-150.35901
-110.59674
-6.366496
42.145283
24.37201
109.229706
1.3902566
33.4221
-5.6141143
-93.38849
-40.190083
39.516876
-36.299656
102.98984
0.85269797
109.361855
-16.485506
147.2959
-22.777533
59.913635
10.771762
-66.122444
60.596653
-89.707565
-127.80337
68.53378
69.78706
-43.400253
-17.466309
-18.364407
-0.2520514
-78.656296
10.117286
-27.282738
-13.983898
22.361176
0.5971521
-17.547462
24.694075
50.669235
-60.174664
25.7116
70.32228
18.370785
47.26753
-145.0897
-67.1775
-12.227629
-11.550674
-50.44575
85.8709
-59.28048
-24.554401
-34.902054
-101.63112
-130.13008
-15.300615
-114.39437
43.147667
-42.213554
-23.949594
-15.747962
-25.245016
-73.39532
46.974937
19.758352
92.27361
-123.51853
58.224926
-5.3064528
169.69841
94.59906
-39.183434
46.158916
10.976666
-113.231125
57.05004
-48.9994
-109.213684
-193.85664
-16.005787
21.337315
5.382844
56.916515
107.87537
62.11037
-76.123276
-12.143708
-120.16442
-3.2948785
-56.319065
-25.406643
-120.843185
67.656364
-116.34402
-28.386894
59.59694
-137.216
39.689358
32.89494
145.42479
43.81621
-18.283247
-8.037302
62.171112
107.13499
112.31857
-59.290447
-69.852516
17.359533
24.896034
84.0338
-5.501165
16.84358
-3.6163921
-19.91117
73.07076
-12.661
40.033024
-40.563187
102.52127
-4.934017
45.179707
-79.62947
-12.430994
20.309692
130.20586
-155.34225
57.12238
-8.663428
36.7367
173.58894
-3.7346947
-20.262928
48.85676
-89.00856
75.795845
6.4656672
10.608865
11.467338
80.191246
24.688087
96.041504
-58.573082
84.44179
-98.532585
-39.757866
-58.468178
-83.60848
12.106869
18.393887
10.263701
-62.451153
41.86986
-39.663944
-88.66744
-14.865418
95.059746
185.59444
43.661694
93.164246
58.511555
-56.910156
35.363293
-55.49709
129.98146
-31.189302
89.49435
-45.20173
96.371025
35.150993
11.97971
42.672237
137.34805
-46.79529
87.0261
24.375015
30.258595
29.00281
83.27408
2.1560822
-58.981926
24.210667
-73.79684
138.58162
72.22222
-116.858345
-156.40373
34.3212
20.192633
106.68352
24.059021
-29.919424
-15.932626
61.961716
-15.585136
52.775406
-26.650782
-18.172947
21.356194
-6.4815164
-34.917114
137.61101
49.569016
-7.5048256
-74.47092
-82.18845
141.2242
-70.18332
-156.91992
47.89485
-44.783005
-42.502304
-6.6886907
-39.871582
-60.359486
123.99369
-70.5896
29.484991
-143.12057
-108.3359
26.596815
-0.5361588
-50.210205
61.537647
30.341593
81.25198
69.19018
86.43089
-35.21466
17.173977
-17.259035
-76.515045
-13.238126
28.685581
-64.023636
14.178208
-5.267378
-100.3167
-43.389214
15.392184
-53.52978
-176.33109
-54.720615
1.8369834
47.617214
38.95677
35.903484
54.735115
-83.428154
57.13004
-17.841673
-21.239544
26.181261
-30.52924
39.305004
-29.825506
-29.693407
52.218536
-62.889244
104.58804
-11.209982
58.357037
22.88316
3.0673676
6.465298
122.0105
-32.99906
37.340107
-91.9849
167.80765
-60.92532
-98.863914
31.804075
-23.822372
-43.90039
-36.913177
57.7216
-96.7256
-45.559048
2.921589
114.64251
190.1001
-21.099777
-3.0180867
-8.942221
45.306732
-40.242023
26.52483
-7.148443
45.751884
41.860096
-43.57787
-69.53757
7.4078736
68.84669
90.68863
49.31529
115.87073
34.147785
-34.819767
-51.56641
-14.540855
-129.71538
23.909822
-57.34507
30.771376
105.45459
-80.6876
-0.71570265
2.3634655
-0.06857073
16.15715
-50.760612
-56.163513
62.191666
198.44934
-73.853775
-41.43453
-70.412224
114.18344
-9.223505
-12.907338
17.648502
-55.276043
20.778858
17.347597
-57.106297
-20.646456
58.35277
-11.784027
41.50883
-2.1131697
-102.76948
15.676861
21.501804
61.43965
-49.575565
-39.286716
33.405685
88.67654
-45.391
0.89699674
82.09068
-117.54702
40.81846
-25.968594
2.2396116
69.559364
-30.711914
7.5620337
-10.3252535
-27.557405
-11.482721
-14.12626
-17.499147
-34.818523
28.614235
32.231808
6.2569532
34.157085
18.357464
-103.41146
45.980713
26.018967
106.88534
-130.26222
4.2797017
-35.691326
-115.98213
-50.849373
-10.124454
58.71672
44.850857
53.844154
-34.104435
-6.884007
2.411247
5.837803
7.9686537
-105.53653
15.188716
-97.48644
81.35064
35.409515
-26.681519
-83.16658
23.733067
-118.93037
46.81108
58.367878
19.164577
-15.552711
42.391216
127.83293
77.72308
79.88874
44.964764
133.44254
-50.541157
24.885698
-25.50406
82.07033
-4.927971
115.76929
-95.032265
78.7335
-21.376196
1.7448199
-73.249535
12.18759
-94.6372
104.53201
86.20354
-127.78018
53.18115
134.65314
-68.44629
-53.69621
55.12291
47.561348
45.641262
-0.47719646
29.415188
35.582436
4.241582
49.29367
16.148655
24.533308
-4.21765
40.754456
-38.30419
1.955475
-32.73492
32.642212
-5.428911
-48.4521
-15.276507
31.25793
15.873319
34.670837
36.208
91.4632
71.57813
-3.6070805
-36.00027
48.16395
-21.883741
70.863075
-11.391873
52.25821
3.5427976
-45.12845
-29.449844
-46.13284
65.944046
-66.95353
-116.6988
-7.4344993
-88.4727
40.472767
47.63018
22.27132
-53.96837
136.90274
-14.770084
-7.0003266
2.0918837
-90.958374
2.5241785
-67.28152
17.021332
32.8853
-69.48075
3.3704453
-44.598183
60.774933
-119.65546
42.917057
27.592327
20.251137
-84.5533
-50.05608
63.31689
-25.172377
-19.375322
80.00063
-72.47574
-27.379473
-37.908157
11.547216
-74.43562
-52.143272
-101.41721
11.755263
83.54755
123.93087
155.04912
103.59761
73.649185
149.40439
124.50772
-5.1077566
-108.5888
46.921356
-22.70702
-10.425581
-199.53503
-10.875412
-70.79321
-49.00313
24.427582
-6.371745
-89.41266
91.008835
-93.23695
-11.094656
-38.389267
-21.811419
-99.63594
-31.872595
75.39521
-8.037164
-63.61973
16.124634
35.28077
14.428911
72.04312
-20.324253
7.151141
-94.25716
-54.417107
74.93253
-96.14046
85.659966
10.178564
90.91463
-75.92431
6.4402924
-15.696197
-140.03278
7.7725587
-41.54712
29.579912
35.08905
-84.31292
3.3930264
36.042133
27.409292
22.603382
-54.970917
98.71644
6.150198
40.4551
-38.595375
62.425373
-7.375109
-40.866123
53.64586
10.520815
28.208853
4.077717
-32.045822
59.588814
-14.04278
90.76907
-128.1197
18.301096
-2.986103
44.46615
-22.520823
-29.559376
-101.71873
78.09859
-56.710278
-89.079994
-164.64877
25.085938
-97.58723
-87.18106
-61.558235
-39.830135
-15.418554
-0.2888776
-82.46559
-45.659004
-69.43056
-45.515175
-0.4461677
-21.500162
-34.52691
-22.142668
30.049519
196.55963
39.910255
7.6867228
-39.92566
0.61795187
35.599014
-0.011708975
1.4142277
-68.62931
82.51031
70.427376
5.5206904
36.348804
156.57033
140.88326
155.66992
-13.721501
21.091093
-137.09479
-10.450439
61.92369
-131.29347
39.901974
-29.270199
67.33121
99.31507
-37.991894
149.38885
13.144666
23.354628
-41.937504
63.163006
132.6357
95.84001
-111.36423
-143.5008
9.358284
-18.811039
140.29744
-28.69713
18.351019
-41.447674
-31.041323
58.31225
-10.490237
24.128254
17.894632
10.462598
113.95617
22.091228
74.918434
145.13065
24.12926
-46.536255
84.53225
-97.083206
53.32394
-49.17885
-3.7391706
-77.721405
122.35646
-78.07634
-18.98215
110.95265
111.929306
-4.897576
-14.449286
-168.26544
64.15398
-36.936256
-11.915656
5.046186
-79.07063
-122.12929
40.266956
137.12505
-40.459023
30.962736
-6.2504315
-62.667274
6.166456
-89.483025
54.430294
20.485273
31.54297
-46.560482
-59.91339
2.3886423
2.8543139
-6.3798437
-153.79158
-83.064766
-15.295195
28.751156
-23.89818
-55.219456
8.795784
44.436115
103.82705
-55.506298
-49.26315
-80.71437
84.44811
-42.101242
-66.38821
26.924229
51.362232
5.0581493
-63.33783
19.626911
85.111496
83.381584
-19.814165
-69.554344
61.990196
12.468728
7.2758713
53.464233
-109.31996
-133.67259
-1.1925898
25.088173
129.95981
13.0888405
18.121641
3.8098774
40.433052
55.824013
-116.907036
-22.04088
-62.384907
-29.85986
70.14127
-38.808857
3.7399335
57.125965
-75.642494
-68.23607
43.575043
-94.66971
8.135952
17.043022
-61.831364
8.261753
108.07113
13.806412
-72.72098
-54.59671
-8.50061
40.05678
125.08491
5.2413154
80.11012
-22.542164
6.7813873
-1.3539203
-26.322985
-7.0740027
215.27383
28.544498
116.748184
117.711044
-18.054104
20.691277
93.25108
35.02128
103.19208
-113.93038
46.587486
-92.12164
23.005598
-59.14565
19.501759
-56.14052
-130.51523
56.194504
64.20669
-144.5018
-27.876278
26.551401
-95.75411
22.87667
-83.678665
-62.028667
-94.00636
-14.435647
62.109253
46.12902
-43.31214
70.212975
-22.174864
-13.738479
-22.466276
69.14103
-119.57759
-3.7586722
-68.93105
183.17706
52.186813
78.91885
-0.27914774
152.57933
-84.86038
77.0287
-103.528244
19.501377
79.978195
-55.113678
92.15048
102.745445
-41.12389
-79.846504
137.31808
9.221679
124.05743
61.321022
18.852167
1.9552155
-142.2556
-24.369595
12.483828
26.668339
56.924835
-59.946075
50.905624
44.36933
64.218185
-17.76
22.265774
26.164516
66.89359
-57.935543
79.83035
-29.373072
95.19739
70.21265
108.20579
-78.651
52.816868
-3.7869215
103.90881
-28.304733
-31.01118
16.17901
47.157513
90.888725
-49.376595
20.639475
3.8195558
4.3400044
8.720188
18.547922
10.080946
-11.522852
-43.87651
-5.1515827
-57.30149
-49.32783
33.361813
0.49399066
-18.379503
38.63365
-81.34143
51.16571
4.578074
19.985767
50.19077
141.68184
18.773354
35.43287
27.723986
4.592495
45.47385
30.775486
121.610756
-7.916941
-34.312008
10.1005125
-64.9234
21.37349
14.229595
-8.281944
-19.814144
-1.8317195
-47.673523
67.801186
29.803066
98.305504
93.83218
-105.52922
-17.342299
-43.109608
-69.086655
-44.149654
-30.445267
56.05855
46.60452
-65.48964
-10.9249115
-40.275272
-194.24991
-69.528015
130.05252
55.190876
34.884113
51.181187
-45.736813
78.19829
17.240084
22.659279
-31.476564
-45.487206
110.4834
-24.620205
-71.47984
-2.3779023
-65.80587
-85.02196
66.2829
-38.110996
-14.968637
-85.66705
-35.539368
-67.94266
-14.2766075
67.96337
47.23584
-72.368286
14.048468
11.065918
46.968384
-34.61783
70.13291
6.733268
-41.70276
-2.4761558
93.35772
94.58148
72.42737
116.475426
73.208694
-24.350126
-74.25767
-72.01872
-37.234127
-33.614906
-14.703196
78.397064
-14.513664
39.448166
57.02169
46.98936
-134.93803
-78.4577
-55.56048
34.451424
-23.282751
-5.522427
28.956495
19.520248
-52.047714
65.00875
-51.716938
28.108952
-98.9074
55.671463
-22.19907
-19.47984
7.47776
11.45307
42.31385
29.562681
-73.01414
-23.063763
56.36239
-63.781654
-38.905804
11.007804
27.72103
30.686691
13.209279
-23.84493
15.325878
34.585934
65.05813
49.587067
14.480323
-18.015158
62.195976
39.656525
-55.860153
-19.049562
-18.788847
-69.89805
-45.146645
66.42798
8.240369
-41.95819
-72.33992
53.828102
-20.454178
6.55006
-17.583761
60.57979
-70.5629
-27.271488
-103.91689
28.250456
16.08479
-59.704487
-64.0925
73.89131
-10.025015
-149.24834
-41.660248
74.810135
-66.94596
-103.006645
-56.686226
62.10509
88.37691
10.934876
21.019089
-92.75501
-106.28166
-44.71421
-19.042503
29.770164
6.673879
-113.49392
-4.640622
80.899994
8.55009
24.022074
-94.55323
-8.363592
42.544212
20.285727
-139.40752
59.043488
43.09246
79.29998
-98.28651
-54.376698
1.1791701
-32.5058
80.4381
62.0587
21.564766
-58.467224
-0.92115927
34.943672
16.85642
64.412766
35.260258
33.6071
50.09932
99.99297
39.304005
-12.750123
-72.732574
42.519047
-113.555504
-4.153416
-73.33318
-91.9727
-123.33408
-75.88617
-6.214796
-27.997786
-40.497097
-1.862009
38.90284
74.12575
10.870953
3.8375983
140.69624
14.977779
-6.852271
19.589094
10.234324
-52.506714
5.7841206
-18.076727
4.7990093
19.749083
45.86372
-23.589487
-58.11716
47.56825
-94.12463
-112.275475
-65.17245
26.78004
-67.45946
-6.3269095
-69.884544
3.0728202
-108.96636
44.244064
33.079712
-34.668938
38.687584
0.6251249
43.239803
100.65339
55.03423
20.20937
-48.365986
-16.247831
-141.87883
-12.143717
49.772713
40.784237
-65.84865
31.81624
-62.011475
-100.0734
71.86173
-116.202736
-19.81726
2.4395323
57.599083
36.983887
6.215422
43.79923
-84.451584
-14.54737
88.32871
-15.893392
-77.64223
-100.4889
98.71481
42.35104
57.583393
40.10662
43.394703
58.501038
-33.248753
-147.52246
28.795542
109.44537
123.54949
26.822214
8.349961
55.165436
-5.267307
43.724335
-89.71561
-98.64007
183.49796
12.34525
31.963737
11.994067
54.83187
27.869879
71.45086
6.4233017
-142.25095
17.289877
38.38836
32.4477
16.52883
68.6814
-20.465681
39.07803
53.655754
29.050652
14.378408
16.800394
-120.78524
-157.76544
63.019592
47.38621
-8.815965
8.486701
-92.34242
70.53682
-56.312317
-69.31211
60.887257
65.142105
-41.731323
-28.78485
0.6383182
71.9494
51.867073
18.180286
13.248992
-38.26792
-70.34346
72.35765
-59.53799
21.88853
-40.375984
36.87642
4.1758776
-41.35108
-22.72461
16.197454
60.6782
-77.115776
-30.793592
-71.02562
23.773117
71.031235
48.911537
-35.957462
-27.333206
-27.539576
-52.16389
9.007909
-0.7648286
-51.343445
-96.72785
-17.20379
-108.566185
14.370588
4.8247137
8.367047
-72.47892
-35.904366
77.85004
21.989796
39.221912
-52.68485
-3.3685112
37.53925
-11.372389
-0.1631391
95.79714
100.03222
49.547688
166.00742
8.073068
-29.6099
69.03644
-83.17776
9.254493
-23.150015
12.885127
116.53382
-31.29915
74.527405
12.855468
-18.943413
13.365611
-36.393944
54.77976
-27.09361
14.194618
96.4985
58.941177
56.225956
-7.7398386
-18.696314
74.22926
-32.62487
117.432144
32.053867
41.419155
-64.61369
-66.76252
54.995804
-6.663287
107.39147
18.63231
-68.37996
74.90044
0.50521815
-53.22103
71.256645
-74.79677
-51.175415
-47.92274
58.75831
15.202318
-40.55332
-61.29018
109.94937
23.522787
-77.8698
-80.96815
-47.104862
-22.009214
-25.185219
65.08928
-7.07448
46.458885
-28.47092
15.909425
-11.553732
-4.6276255
1.2421856
44.867455
-177.24487
67.5094
-122.85253
46.790993
-45.48095
53.626377
-55.510773
60.273666
-92.20615
27.044102
-26.424675
-55.1499
-20.440922
62.6057
-38.824043
-137.78346
82.707085
-19.955732
-84.12088
30.30916
