-159.34961
32.595573
-84.39588
-110.09357
33.26382
-123.16626
18.149487
19.850525
-139.55879
-223.7266
94.94217
-62.683838
25.750395
-96.7844
97.482346
74.747475
-90.644035
-202.49304
179.44862
168.19914
93.90191
122.32761
32.154125
155.01974
-37.080418
120.016014
165.92235
58.448338
76.16337
-34.17661
111.98578
9.27648
144.871
-2.7055485
-287.77673
18.369566
-83.18226
-21.77481
-132.40685
58.09088
144.62027
191.0617
-10.183414
15.920082
-104.46767
-51.42511
-153.83145
28.553566
160.95114
107.28759
-40.211754
113.9905
-69.53696
281.93518
61.520233
-139.1052
-73.78421
-92.37114
-51.676544
-13.678103
-5.351975
-74.011345
-132.8296
-15.82481
31.012491
-188.69376
-28.96633
127.41564
147.2807
42.945763
4.225662
-51.41939
47.062298
-26.996798
52.3199
110.206375
-40.535698
63.74623
127.49841
-129.09088
2.562031
-59.967285
54.845108
13.694123
-195.55403
134.89899
-141.17644
95.133095
108.65531
-103.59605
12.525138
-64.989296
167.46927
-57.38113
-77.61858
61.435013
-41.827362
-5.6410227
-35.067238
-193.35912
113.701324
-34.369114
-117.21671
-22.262606
8.413106
-105.78674
-25.878931
66.687035
-86.564926
-141.0552
-129.20573
8.610725
-30.637255
-43.05143
35.023457
-129.2039
-97.17388
-66.81854
106.51426
-25.368677
-14.599654
139.00206
78.60746
-85.22607
-34.335655
-153.20108
175.15944
7.1614695
-7.8882704
-107.56234
-3.1450324
13.324252
172.79192
125.40035
-43.20109
-9.179604
79.969696
47.17149
31.008804
-59.37734
67.28245
10.749554
-48.44176
-55.98203
-44.142403
2.9725869
-24.615053
-42.350277
177.45743
83.781075
-46.184437
47.850586
-41.002342
-77.639595
-217.67842
49.236885
-28.641457
90.11623
-2.1634784
-95.76793
29.860706
-77.81202
-68.35519
-261.9866
187.03883
-7.252388
29.619637
-114.267075
95.658455
-69.04307
4.1929836
35.04249
184.6252
52.160774
-128.01933
75.26436
-133.83586
40.28711
-42.796833
85.87288
29.828156
3.534479
-8.556007
103.72067
-28.844881
84.27915
-0.9986241
-154.59123
-90.810936
228.21007
-55.330116
259.72095
86.877846
-106.784904
-87.42185
-81.60056
-113.98187
-81.9732
-58.9491
-127.133865
86.084335
-86.926765
-114.749954
-163.67583
3.2939625
-61.86761
3.4279366
-43.724728
-132.98257
49.07054
-65.66792
-178.45563
-135.83221
-3.3155787
103.562096
-203.69649
-127.918976
-39.479088
137.44832
126.49873
-116.8665
143.46889
-56.640106
35.69576
2.1532712
39.53304
2.4378495
103.12503
15.147219
-90.45813
13.6384945
64.7581
45.724895
-7.0330734
-188.71895
132.32199
9.08724
-22.40781
-135.847
-143.43214
67.597015
-139.3573
7.947097
-71.816055
59.06347
97.84496
178.4577
70.4322
-17.16222
-91.64772
-41.903637
-159.23157
-82.41128
44.21099
-120.84416
61.746834
25.38901
-113.43109
169.10748
-152.67538
-96.60548
-81.26398
21.08829
-128.03706
-121.202736
15.41646
78.95966
-20.611843
114.13739
115.33364
-105.555885
-91.108315
-109.17345
70.83062
44.872623
-23.607016
-28.874039
-28.15317
0.51932275
83.49079
-59.40918
-21.20193
-89.245834
12.885107
4.2576246
97.67345
46.142326
113.78047
-181.49483
104.93208
-236.29817
-48.129986
154.22433
-212.65996
-66.42632
2.6121526
229.64871
88.605194
-35.034317
13.717353
14.696885
-116.516304
172.48808
29.495583
-36.23935
-140.81302
-92.34468
-46.218884
-72.612305
-55.404446
-134.4759
72.75491
-53.084114
-90.74735
67.62571
45.491898
21.38199
112.15474
-100.738594
-14.048598
-72.12115
-23.828222
-6.9407587
9.150309
65.03276
-63.695126
-38.093246
83.84608
40.368813
64.64296
-159.44289
16.289074
-21.603992
16.111504
78.54121
70.03078
-5.5323486
-66.435715
-202.48604
-23.760235
83.46221
93.33029
-30.674421
24.71579
-189.87581
27.19661
131.26236
22.004282
124.44824
-161.75978
22.514305
176.67346
-107.43431
-210.60919
5.5738263
-56.83125
37.34882
81.9683
108.86889
53.642403
115.1141
267.26312
78.304634
45.535423
-110.31947
-38.886745
-171.85696
239.24352
13.244731
110.27964
-102.06138
17.879965
-43.599022
63.804256
45.35484
-67.43567
-215.37497
66.45271
-226.09373
-54.034294
-3.6823194
-232.49112
45.312378
48.379314
76.88162
-167.04886
70.17747
-32.17857
-17.742674
-0.15309094
14.494488
14.611867
5.1489043
163.22229
-19.709595
119.29993
-28.75291
50.274654
-118.59983
53.425053
-5.1149445
154.25128
63.469013
0.29499882
142.01338
57.39279
41.979694
83.572586
37.683117
-21.919115
-19.73601
-10.470733
63.883347
13.859628
-15.516781
-147.32304
75.16129
-0.58602464
2.3837748
-7.223012
20.067987
-181.159
-29.237812
168.80206
15.617154
113.79427
93.7238
-16.36204
130.43304
-351.6936
86.793526
12.696769
-126.849556
-49.177322
16.538446
157.70856
-48.079895
-131.88445
88.25432
-112.41012
-38.221855
8.002021
-28.775932
-80.59477
-48.282436
-77.0143
62.907604
-40.542374
-82.91728
25.52439
-14.164703
-52.149967
-90.85613
-185.47713
5.265439
-94.929375
-32.798332
53.986904
-10.252785
-138.13057
-26.279533
221.71053
103.194626
79.57543
-35.03411
251.22322
-47.62613
-44.542133
-38.41636
70.694565
-82.82357
175.31961
-27.991278
-2.7666378
111.803444
58.18049
4.0373693
-194.81006
-92.546165
-7.389474
-115.769104
-29.951872
-63.861137
53.288853
-103.52318
51.76981
11.442614
-26.683958
-35.629654
168.20055
-4.6749225
74.137405
15.232519
39.7659
-131.18068
-45.96314
2.497393
97.497375
16.825518
67.70075
-237.27707
-122.19192
-43.438694
49.33385
55.286526
-12.431437
-66.99937
50.833897
-54.94836
217.85995
-45.648346
-43.24433
54.230606
221.18803
241.6735
88.93832
-48.412384
84.967384
-23.049992
-14.209079
-89.96228
146.1821
114.702034
19.54638
-50.32276
30.916492
37.867
39.019577
123.35597
22.837793
-189.49895
117.896095
90.60344
34.055656
-199.18427
38.43968
73.009445
-231.9279
141.26299
-22.026165
203.55112
-143.27461
-234.75932
-122.64198
5.5882025
182.90126
169.51476
8.21795
-74.01098
120.6804
37.56406
124.499115
-86.92475
-137.08276
4.596222
-112.334045
-24.39031
58.62723
-63.451324
154.81642
99.79446
73.01543
-64.39253
-167.32683
1.7062485
50.819744
52.988438
42.754803
-189.86865
119.812584
43.385933
51.220657
269.0316
195.19351
-71.14654
-39.498222
-148.46921
86.32356
-56.77647
-207.66772
-39.773777
144.5252
31.647858
96.65874
326.7513
-19.899685
67.874825
-130.53232
-257.16092
-29.159388
124.235016
-15.704763
-47.321674
-103.490295
-127.77519
75.607414
128.84615
-215.02866
106.57399
-10.926424
-65.55653
16.823343
-7.9548955
35.72
65.3709
124.46456
-15.117128
-148.07866
-18.777325
-114.430405
153.44748
-26.907747
-47.78983
60.542377
-70.985306
-70.32824
55.422657
5.5413103
13.0974
-6.256155
231.9317
-52.59123
219.78268
247.91623
272.08362
-108.044014
-0.22291821
17.087803
172.00883
-92.2114
5.6199875
16.92357
130.44041
-233.59427
-43.123135
196.30164
61.86688
84.31154
-34.979485
46.869133
49.100674
-110.88073
-146.4019
-197.72443
-72.052475
241.03897
5.039876
-117.45888
60.458057
-57.28632
163.03539
-0.9616595
-22.95967
52.56264
-53.141006
98.27331
10.5390835
76.09605
226.24747
89.369125
41.84873
-131.68138
94.34061
21.168098
-178.70375
8.838657
44.034973
16.39724
106.874405
9.919588
17.288803
15.051758
32.498295
-23.72599
-26.109232
28.32508
51.22606
91.37353
10.227334
-93.893555
-23.606117
143.28415
-105.53862
96.581505
27.75058
-3.2377117
-24.634256
-59.975395
-32.834496
-40.23718
-216.57674
-13.6362705
-28.437374
-124.17699
154.75533
-18.733362
69.07241
83.680885
-37.482876
-123.42343
-83.46409
-60.745705
18.85247
-12.442585
88.82847
-46.57295
17.511276
90.002525
29.980923
19.89315
0.20014936
55.380344
-156.20822
-111.377106
146.95972
-112.84047
102.52181
68.26592
135.44257
113.66869
34.755093
-9.529926
-248.78992
-25.087128
38.13048
-108.13346
-82.8793
-69.20739
35.157696
27.045681
-197.52637
-6.746079
-193.89917
150.46265
-126.98979
68.75334
-0.6780764
-63.64094
-288.80408
80.30108
1.9338634
-57.57313
7.5991344
-2.732348
79.354034
-76.52989
-6.797489
-83.080315
-119.03234
40.232086
4.604888
-42.103664
111.8622
-14.604071
37.175358
100.53569
-15.528073
69.70096
-102.92044
56.75848
-67.993965
-198.19098
-50.40983
42.269264
109.04893
-173.4071
291.2478
-18.295519
-55.372013
184.79572
-90.6944
-150.51372
-98.18443
163.47676
-106.695595
-114.767525
24.479177
131.3928
-174.34074
127.46707
121.30397
-220.22418
-50.823673
174.54768
20.518166
-45.418777
-57.799114
-2.2976637
-227.7668
18.90239
194.77182
24.985447
-61.706715
-134.95914
226.53632
-75.527664
-57.95291
-1.6699135
-67.54173
78.98669
-180.24535
143.87094
-135.69048
-163.5321
52.390102
112.48727
-167.8269
-110.27117
-200.08307
22.497086
-79.26096
-56.672718
-66.71185
18.346287
-35.80281
20.202072
3.5720487
41.670567
-23.102758
-12.596203
-86.24715
-136.60936
-80.68367
-42.923557
-121.33401
80.277115
154.80968
-56.94784
-79.46715
-36.055954
-8.007454
-5.562083
-2.3399544
133.4002
-50.15298
223.62639
-2.4215908
20.846313
3.6013324
29.591042
14.478611
20.291224
-169.65587
-48.38707
22.071812
-131.74431
162.32248
-19.603025
-62.210598
154.24063
-66.45227
-32.412106
-64.7122
-102.01432
46.36537
81.13749
-11.355304
-107.3093
-3.0789495
53.443825
-23.536001
12.898109
74.37918
29.606918
43.389362
-6.4048343
52.646458
-69.99695
-81.996605
114.8844
29.692682
183.91501
-96.402916
-87.58334
190.12411
47.8599
83.34065
-37.77005
-75.825264
-10.464781
81.05737
94.76716
4.499462
-99.41789
-151.60092
-22.814533
-24.624168
-24.680132
-12.827901
4.4557195
-69.47771
-127.17741
12.008562
-198.95924
32.605778
10.175891
-40.810886
-31.160265
-4.8070455
91.19823
-4.2146606
131.48209
108.119736
56.51051
24.171284
194.34497
-1.7601178
22.086796
-2.625012
123.14772
-75.91434
-25.404835
105.498215
-95.930504
-99.12269
-92.350784
-54.14251
43.689568
-182.02855
-183.0724
-82.63036
90.61776
-115.54791
-21.053955
71.78374
-153.4507
-11.03806
-156.7214
52.579845
-117.26451
23.74411
-21.491503
-165.97322
200.47568
6.5111275
71.205925
-15.328068
194.74742
45.844086
80.81087
-79.23364
13.650896
-125.833145
-131.65948
-10.877481
-116.72245
-77.1919
23.493597
-98.14207
66.35001
109.29308
-1.7065773
-20.487522
-35.256264
-64.32649
124.90546
-40.708115
-32.928936
-187.73254
18.79828
-18.232822
-77.33446
-9.366309
-28.752834
-10.579172
2.4033823
119.88003
69.84421
145.9151
-110.70726
73.73327
-144.45425
106.40791
-4.5491204
-161.49321
131.75424
-119.814926
58.978924
20.39411
-90.20431
91.63453
227.2825
-13.999724
-82.14282
12.67351
-79.26063
-85.20419
51.259323
29.32687
108.01649
55.986084
-196.95201
4.969224
57.16823
61.357197
-2.207563
103.748825
-124.16684
-4.481912
141.81898
39.586018
-21.779118
21.21364
-64.52836
-15.715263
-204.07861
150.31027
-115.11548
69.331566
-82.13773
-28.760221
-130.39256
54.93441
155.25508
52.625355
88.81209
-22.819529
17.909035
-40.688244
-248.58025
61.908424
151.77097
-66.52007
17.103868
-153.79373
-186.20111
126.98597
-412.0083
240.82463
34.631424
57.195427
-165.63266
-115.61458
8.766293
-63.39268
-58.341095
51.20251
-165.29684
4.680148
70.20575
10.95271
178.38219
-88.248566
-42.84727
-53.38267
113.59849
-100.45936
67.13928
29.646643
-113.43462
5.272784
13.008571
20.47558
-167.73412
-15.547463
-13.84776
-199.18207
71.00088
26.483648
59.45097
157.57292
0.39353466
115.87854
23.76852
-149.19016
-184.67888
29.35729
152.40259
-50.825363
18.023083
-122.07916
-16.360647
-250.1344
-158.78384
178.89397
-163.46263
131.65964
-11.189017
44.53622
-2.8992758
-10.940729
80.542816
-148.15132
7.885955
81.40407
37.73916
83.03335
89.32863
161.56908
-15.494499
61.623497
60.05794
103.92766
-197.30696
-178.90018
98.650826
194.59056
214.17384
-64.874146
-94.61687
-6.7007055
39.519367
51.15277
-130.93263
-52.54859
107.37584
-175.9096
37.732414
137.0795
71.83022
13.004829
54.594234
69.508156
119.062645
-159.17957
-56.362175
-138.04248
20.254826
-49.36596
-18.510553
-172.96794
-137.26227
237.76567
-84.08013
-46.590755
9.366847
67.50186
-85.87506
132.9028
-12.540308
-234.42838
-15.993022
80.24982
75.41296
-112.584175
205.44658
195.12257
45.8763
35.41182
118.84076
-235.99686
112.329155
-8.390098
-190.66655
127.50773
-9.294614
60.99197
-81.96149
-145.52805
-25.002092
-77.24198
55.86198
-63.99783
-14.946958
-69.41713
-178.46315
61.121548
-48.642166
-148.35469
10.249087
11.007914
-140.04929
-151.53639
68.5186
-48.444115
273.378
136.28444
139.19283
23.459953
-36.130756
-65.02085
-135.86409
-49.68957
-39.151768
143.69159
40.045006
-187.81207
-8.509603
55.073895
-90.589264
184.84207
102.89165
-216.56187
49.188625
120.427124
50.20669
-8.796426
9.8049135
36.429127
-72.25815
151.17168
124.94194
-85.119545
-229.12164
15.07235
-47.57113
-103.746414
239.6128
-135.72336
4.53071
38.20782
-25.032125
-90.53606
-97.90658
-27.774206
-268.57217
138.80952
-265.072
50.76242
40.4794
-148.75986
90.239426
-52.595325
11.031176
18.347792
-19.293493
25.531837
69.58048
-70.11488
72.460205
195.64836
27.150833
-133.86736
-18.847073
-85.366234
-128.9357
-131.02603
-1.7938962
-47.481403
180.74686
43.5382
-24.81739
79.94823
203.07845
164.17104
-66.246315
113.28761
112.00938
6.7185926
161.40257
-160.98145
59.095924
-17.3495
24.804895
-246.29332
63.86233
153.87277
-222.66841
-230.03783
-32.103683
40.61579
-181.87204
-140.87244
-85.1238
102.45813
-17.08409
-221.52377
60.87382
248.00578
166.60866
3.3657763
159.65054
-149.918
211.926
-33.53513
58.471558
60.298477
150.3485
-37.16425
-47.09083
70.71959
-67.21259
-35.068455
49.77042
-199.25624
87.80275
38.420784
120.212814
22.56977
-52.02544
119.667786
-25.860886
-48.140366
66.73942
43.10875
8.98775
-174.03844
132.6646
-47.03621
170.82484
-65.759995
-1.1839192
-2.0620117
-59.028946
6.028572
-13.350475
47.97428
44.02362
0.9623902
94.18899
120.83225
90.76203
-116.42605
153.39693
-134.59117
-139.5649
118.005875
91.24745
37.599213
50.854702
25.311651
-69.59222
140.94308
-219.77629
42.207836
-155.24915
-71.60988
-224.02492
-100.443436
-104.52158
-84.73943
24.571587
-212.15372
-99.58945
-142.73642
89.41779
-16.837881
-38.405754
-1.1207001
19.616114
101.7289
107.740265
-31.540909
-65.62905
111.25809
123.16622
127.10402
-52.83238
-56.920116
-39.445194
-9.602104
-52.277184
199.82053
-93.9373
-16.779823
142.66292
18.421024
135.94054
-40.801926
-69.72656
14.890269
97.02687
21.80944
271.91046
42.4043
89.72578
-2.4541998
29.316113
-26.798826
-133.26257
92.53421
47.410236
67.84584
-52.562122
-159.72093
-71.935135
6.503831
-54.40902
-0.75083965
162.87411
53.78235
168.47627
174.71704
320.58127
-54.065598
59.112484
-86.367325
127.940315
-20.52676
-163.82709
56.90217
-47.174675
-120.50631
20.547567
19.658178
45.763935
-34.45251
21.909864
-198.82576
72.162895
-65.615135
15.767776
-134.99896
94.67019
-56.85065
-63.071518
97.75739
-8.569519
-36.503036
69.32803
-93.99865
74.742516
-72.34286
-271.89014
-92.345924
-75.86772
-29.118574
3.458356
69.11966
-29.351053
107.47581
-80.21889
-40.6167
-170.31708
-156.08186
86.80456
-20.721676
17.869913
155.71552
-17.160471
-92.51267
40.866188
-92.737656
-173.2128
-67.644264
204.30766
-24.68231
-89.18902
-54.42071
255.25967
-17.657612
28.001688
-15.800462
-171.32286
-111.039696
107.13385
26.650942
-27.374332
48.378506
-120.79536
-110.29386
-64.25372
-56.27389
-164.37653
-6.3245354
-74.20053
-275.52567
-175.11981
11.79114
12.903216
68.03276
62.28629
95.868034
-92.584145
-112.86222
-6.0958023
122.37771
-155.1172
-10.8183775
-86.31544
37.297024
-33.705833
-88.86874
101.38734
12.238213
-139.0091
-6.9494667
30.57124
-66.45123
-27.97081
-128.22653
-67.25137
-39.035816
2.8210957
79.3782
-53.00854
173.63736
116.96652
126.850876
43.37325
-28.514101
34.926502
-45.566277
-170.36769
-38.46311
-62.744385
2.2196045
13.437562
79.88684
160.93379
21.49019
-102.192665
72.15328
135.7912
21.099096
74.89757
-5.8401914
83.73496
120.00638
85.994415
47.88714
-75.15809
156.81056
-24.763893
-30.204222
-125.76599
-34.841873
65.31507
84.71941
-67.38712
104.689384
36.341248
89.33055
171.64267
98.16677
-36.843628
-83.18713
-76.72621
20.398766
7.0100703
232.31519
-50.890793
-144.13081
65.33258
-52.33016
-37.273605
31.354162
242.79114
-89.84698
166.56111
45.53233
22.75024
-241.62514
-207.85333
78.19071
-116.033134
215.31851
-89.90162
163.57738
21.050451
26.730387
-82.70788
183.53317
59.647636
-51.303326
-79.15759
-176.34724
149.372
29.390306
-93.30485
139.82031
69.8294
146.09225
64.04851
10.047156
-43.556145
58.659744
17.30908
-20.269949
-109.96279
-147.36096
-30.025925
-6.1435905
91.58431
34.476284
-131.22444
40.440346
-80.57531
42.760895
99.73938
83.91906
213.03577
-22.65973
-45.757404
52.200108
-38.07798
-24.769714
101.57545
197.2676
4.7352786
78.077675
-100.21156
147.67232
61.64721
178.60933
48.84382
-27.909815
29.29423
-17.707357
-68.58941
97.359024
116.37848
-57.499214
-2.294158
-55.967716
63.97019
-16.176714
77.402176
-14.25856
-171.41687
113.93994
33.076557
37.69978
-98.77864
215.36395
207.49214
-49.037426
145.21318
123.290184
-90.65041
131.69221
-122.54417
-8.358788
72.21789
38.626503
36.851284
-22.437845
235.6387
-150.7306
-94.931946
28.42366
270.93457
94.50676
-104.78171
188.58832
-26.64449
114.01361
12.018735
-54.85734
-128.7701
-194.65918
-92.99867
-14.596332
-194.77342
11.059841
-110.68162
-60.308235
-124.861305
139.50719
46.789303
-15.779536
95.10128
71.550514
33.637257
234.14636
-76.31508
80.3422
-117.843834
-5.401312
-2.1036863
39.246605
-117.35459
35.335552
-19.680267
-66.280334
-93.12782
62.559364
15.666939
11.3084955
-53.44908
-86.95152
2.941205
-17.955965
-194.2699
21.690468
-38.24152
132.7619
-70.30824
31.127535
-137.21843
-31.588219
42.59719
-25.881952
161.98367
-109.42699
108.73474
-18.994396
-46.621674
-82.87516
61.88839
-14.796203
-76.45309
-254.25047
138.28651
-18.068869
-1.3248386
55.216125
-51.391827
-5.2422814
-173.30937
64.41766
126.64713
-26.726625
101.24288
80.07702
89.31072
107.29381
-153.89087
81.73095
115.85131
69.058266
-23.283403
101.63173
26.890747
126.02627
-3.3513165
73.91988
-184.81877
14.56029
-12.6283655
-168.53883
-66.62112
210.03468
42.26723
-107.43579
237.92781
-220.10106
225.34975
-33.140068
91.11567
78.13893
-104.695465
120.645355
-75.17925
-9.518728
-95.48652
-7.5841103
231.87796
24.598057
-81.70222
-20.41097
-13.943786
6.1896915
151.67384
198.29288
-74.64999
81.99467
-49.125675
44.67097
64.87598
114.070526
-11.2645445
-18.277248
29.523577
-43.895218
222.31432
-46.37123
131.23843
-67.46509
213.32643
-35.07259
-201.81192
10.1611595
-212.82965
-61.855305
-29.768312
59.616543
43.256893
-221.18996
75.40929
18.00809
-23.908482
71.09768
-279.50684
-81.69624
-12.6947155
154.24165
-39.06018
72.572
-46.936882
111.3972
-30.629992
-21.10402
-28.13071
136.11739
25.786121
184.57161
24.846582
51.73233
16.397614
43.627605
49.431686
83.126526
37.279858
27.494308
228.76118
-79.99964
-19.513687
150.43819
-68.48984
42.737343
106.318886
6.4677105
1.8536627
-84.74867
99.446884
-59.95823
-195.3762
43.237988
180.7578
-44.397297
210.1016
143.85954
29.230616
-65.492874
-28.97785
-142.00307
151.62276
-145.13953
71.85836
20.340992
214.09203
-57.7377
203.73071
-46.241734
15.253983
-26.919764
-11.013427
247.93694
-0.066648364
-21.612602
134.27402
87.21188
40.6661
-28.632122
-60.292316
-30.323584
-210.91748
-126.814125
-70.979004
111.39172
-12.1527
-117.88583
30.316698
19.935448
3.2510803
-109.31435
-36.70286
187.75739
174.0757
77.13418
-251.40349
-108.066895
-53.51956
0.68028593
-48.59093
164.87233
-3.3329859
-43.602783
-168.14656
19.356447
-221.80247
75.294586
-119.04498
46.360466
-10.681107
-108.176125
-49.8524
66.021255
-219.1753
-9.031621
-53.358036
109.625854
-60.78112
42.174644
-9.795085
215.55963
35.155975
-89.04609
-154.28772
88.064804
-147.65228
5.303012
-38.68445
-215.97458
-329.81012
17.778307
-128.9913
-116.25245
-35.394547
14.02021
197.1419
-136.22586
-0.9197721
18.368227
96.29538
36.128483
-113.14785
-235.40994
0.9147097
-65.69352
51.266514
-49.69786
-85.36037
15.216051
20.877224
108.72025
145.57175
-32.008034
82.93276
62.679268
47.323006
88.1487
91.33693
62.245255
-9.806366
53.140564
213.7114
-10.500489
-21.433338
-114.35288
-2.032847
200.38164
-11.696414
106.59298
26.609217
111.4549
-90.68228
19.563114
5.2969685
6.6972294
-4.579425
191.9619
-216.19168
132.80559
43.15576
225.16728
172.15857
81.60515
32.20517
-37.997345
-133.02281
235.14613
56.57268
96.87403
31.50246
54.310997
31.93759
149.73195
-53.701866
117.23919
-210.62956
9.93118
-138.78198
-104.57726
87.34181
38.342308
32.81186
-1.1391712
25.3645
-100.52391
-331.94647
-122.10444
69.55277
63.50566
58.021214
86.61764
-30.713696
-123.742935
-88.61168
-76.30857
80.41688
-27.124067
-17.504753
-115.12986
111.7251
30.450924
-124.83816
-38.58412
65.03594
-33.32129
93.85041
-125.3227
-80.402596
-43.60642
200.14616
-11.518445
-8.186554
-82.20798
-209.7452
66.66008
72.36445
-254.74866
-356.72488
-37.35412
-20.814629
247.89923
-121.66206
-15.376384
-79.175476
85.11877
19.017633
9.14949
51.960377
-14.665153
-38.99284
78.327156
-13.997703
185.18958
39.42269
0.24248335
-225.45247
-160.90842
106.39259
-274.65588
-98.54769
186.50616
66.85014
-53.578316
-103.239716
64.1907
-54.905838
62.005386
22.010223
-74.675415
-104.52544
-191.99126
22.173977
-34.041702
10.41049
127.01967
-98.999886
145.8749
112.63211
81.093155
-45.42987
-39.698215
43.939014
-102.22775
-2.9721026
8.422399
-16.316158
38.31542
65.61798
-141.24654
-24.488201
32.0373
-153.03294
-225.66335
17.564419
-13.381147
92.32451
113.9296
-88.55736
-26.395182
-192.22389
33.936405
-54.527294
-54.04817
57.416355
-31.380144
48.6204
-33.14842
-110.60599
8.197186
-52.078495
243.02885
63.432625
125.23169
-65.03929
-59.312977
128.42273
55.372383
-30.020466
13.344678
-26.667524
206.54475
-26.839853
-159.59608
147.94833
68.10325
-19.918022
106.0666
-47.414333
-191.75478
-66.629814
140.26428
160.07907
262.80606
-30.415325
-29.496555
-87.36518
140.34343
-45.924873
133.74797
-79.90964
29.110487
-15.395229
-63.79349
-2.408104
70.658394
50.645607
26.139566
-44.271687
118.45805
9.765888
-193.45284
-92.757706
43.803772
-175.47522
-86.45537
45.00002
-1.4350876
69.40128
-98.81274
144.41461
-79.52376
-11.663055
92.543434
-252.81638
-63.132355
12.941773
64.95584
-2.30119
-27.32662
-51.78118
14.622864
-164.66588
-105.20253
124.133095
-20.806643
117.23521
5.3495092
41.01885
35.399532
9.562561
-127.803215
163.73465
110.43291
-75.65796
74.16078
-69.57969
40.92462
-21.15807
-63.91214
13.2584915
98.70982
9.5715
39.782608
189.09918
-81.22195
-21.96625
-42.726147
-35.451202
-20.070606
-192.57558
41.275414
-47.45778
104.61223
-147.19177
94.54048
-9.572853
-150.76752
-47.215874
4.9752736
45.079346
-172.07745
-23.720007
-109.74585
-3.0507095
-16.990366
197.03381
-114.43765
-16.2632
-135.23688
-65.90279
-112.48356
117.38134
154.99728
94.852356
117.178
-82.20837
-117.87899
115.46887
54.038296
-40.29086
-68.51039
-52.91079
-113.275375
115.50745
43.435715
0.5070325
-187.38765
127.771576
2.3958569
3.9119172
29.690397
-13.369824
-3.7685933
270.69412
205.58585
99.075165
98.022064
48.25317
65.94795
-86.74728
31.56426
-71.88968
1.9690931
53.56761
111.373535
-166.98741
56.497417
10.100521
-17.36478
-241.02171
55.22097
-140.46945
176.452
25.984322
-85.37575
38.06716
263.12216
-124.16075
-130.84102
-7.8052387
-4.4625916
100.238266
15.261327
138.83293
44.44401
96.91411
-70.12571
34.074043
-27.26047
-46.20073
86.72445
85.66962
134.12471
-25.547668
25.419199
-74.53319
-179.29886
-138.87051
130.18633
-67.51022
71.89357
-27.877174
85.49982
218.74454
132.23477
70.752594
55.34152
64.782425
50.689247
107.36527
13.260143
-19.835167
-17.284933
-105.93799
-134.69662
210.42685
50.314384
-137.66362
-39.47061
-60.714176
6.4374113
-10.4790745
79.31629
-148.1552
186.93929
7.8191133
-84.3872
85.89914
-19.951893
186.4564
-228.3964
27.803703
137.59885
15.96274
-16.945652
51.62566
61.29403
-97.870544
160.39339
140.83372
125.07618
-228.90141
29.92991
-100.63171
-5.193142
-59.32139
158.89946
-63.916485
-99.708755
-43.01828
78.51176
25.886501
-22.817755
-56.86764
39.509197
65.75131
1.2023965
96.08413
105.81408
-17.969723
113.89437
5.4738855
-1.4114271
-174.99463
29.169277
-35.99757
-131.98431
-73.09889
81.360466
-66.11378
-1.3461021
123.526634
-82.646515
-109.12822
75.36169
-23.434715
125.91123
-209.66133
11.763124
-96.45505
-101.46286
44.777874
157.883
-118.425964
97.546234
89.74812
-8.309858
125.63036
-70.295944
69.092064
-162.50061
-154.21893
71.16664
-166.38658
275.45648
108.988266
134.97214
-92.22888
-55.194977
6.0806446
-196.60248
-13.170522
-118.40749
6.6918344
186.0976
-223.59244
22.6433
-8.796917
-22.279745
176.24815
-235.66162
31.986279
24.709135
80.007965
-20.36245
68.97201
109.69022
11.471838
36.08571
126.462906
-20.151983
-40.927258
-134.42749
107.18277
83.94498
153.45161
-143.88004
-149.73393
-49.89789
107.14204
-47.551247
-54.841908
-149.44495
103.09961
50.47316
-21.117659
-256.65607
-93.07718
-68.48129
105.68955
-82.65101
-7.955447
94.22078
148.4087
-105.495575
-126.5416
-66.210175
-46.29865
94.184555
-69.99666
-20.945251
40.780933
13.056835
208.749
123.70061
-44.773262
36.90707
101.74025
3.7983127
-20.81985
-177.23608
-25.243443
23.413559
139.11205
5.098646
57.96273
346.94345
159.99438
143.73851
-109.9087
-68.85781
-69.0484
174.98396
-26.290928
-235.32071
62.022644
-88.046974
22.706598
-90.569176
14.043792
335.40552
39.892937
41.189606
71.45242
37.931
126.527824
178.18312
-113.71402
-160.1559
39.26954
59.217747
88.92876
-56.911102
57.454716
15.92568
32.797287
89.905945
-68.65828
1.6521297
84.30704
95.25498
283.4904
27.800081
15.076244
195.82849
-78.68043
45.051365
238.90329
-20.596508
107.84926
-55.112152
100.15088
62.36537
143.55244
-1.2189074
-141.99878
126.881454
-3.7849438
21.48746
-7.877301
-250.54791
221.71114
210.1208
-91.85033
-130.44139
-19.65158
-147.66776
56.32891
241.79724
-117.06793
81.616356
43.69506
-21.246727
-66.33421
9.50674
11.104734
55.32454
-55.92575
-80.5014
-113.44009
81.16983
-13.924373
77.23338
-171.91656
-146.2408
-105.81984
76.11407
-15.927275
54.63458
105.21364
20.402246
39.05664
-110.19641
-105.92385
-4.311878
60.753433
-229.88733
-67.26669
91.07202
-63.527756
-54.094437
113.743
97.82666
156.16331
92.43619
-110.20476
-51.858105
24.90718
-226.7665
6.1376233
-38.57179
67.40383
-234.84206
27.732807
28.459223
60.840157
127.61803
32.952534
-11.920344
85.40992
116.389305
-71.8094
92.05607
-117.194145
86.732735
107.44187
3.607729
-105.05495
31.346895
-30.962955
-126.99654
57.042656
-153.96783
-76.867256
-198.39133
-146.5929
-85.77926
129.21977
87.82334
37.890472
-89.02119
123.34717
-73.965576
109.15054
61.824203
-10.033834
44.427956
-110.19104
270.5388
-128.32268
-77.0782
198.07182
-183.32669
184.5989
128.0392
111.6564
51.36356
43.72127
-31.156113
139.95605
-66.12212
-41.56701
-124.343056
14.770202
-29.938034
-17.857788
-142.54852
11.991161
21.648338
108.92043
-193.63408
-59.906097
26.495966
-174.04
0.6314007
-199.57393
-14.967188
-132.90009
28.148071
77.87131
109.76663
-34.298748
160.84952
-82.807884
79.27508
-35.020435
144.4677
-102.419395
156.42668
-125.34225
229.353
25.314512
50.103436
57.32454
160.4801
5.6236
51.65742
-47.54402
29.820532
49.573147
-147.76921
109.4269
29.68895
3.7621155
-53.797054
170.5921
160.54941
71.2959
57.658928
57.9093
98.41244
-158.87277
141.48827
-2.1713018
98.682594
-13.235169
78.844894
10.589434
40.067905
-11.747557
-244.59085
170.51509
82.81118
112.20854
62.417118
166.42413
9.393273
179.51738
119.32804
123.4533
-108.23755
150.91167
-86.84828
186.98416
113.61555
-122.171326
39.777588
6.8168864
93.99394
-73.14686
-55.545704
68.04904
-6.0213203
141.86285
106.80174
-32.532032
-18.989237
-137.99728
-183.37721
-99.28548
-139.78854
74.544846
7.972674
5.301146
-17.693577
-31.579454
49.344093
97.550125
-6.255745
-31.158392
58.858532
24.82519
-40.541294
-42.084564
-67.340454
-16.973747
-14.261501
96.63667
-19.792095
126.82354
-8.519526
38.366608
9.724527
144.68977
-108.70379
-55.112522
-63.999252
23.204996
139.14922
61.24091
257.6457
219.45232
-117.88994
-28.518717
120.07248
-126.85191
-43.208984
-60.924656
110.15165
112.99683
-70.38875
-2.721615
104.07254
-313.06226
-74.29606
118.53919
41.052113
65.480064
57.006344
37.4564
72.29984
-36.793213
105.91164
2.378156
35.246212
127.53218
-148.32605
-48.70365
33.598625
45.594044
-18.9221
131.96704
-37.402077
64.96485
-33.113995
-67.2982
134.00136
-33.665382
7.4844885
28.461422
-51.651154
8.485939
242.8335
100.54347
92.92749
174.9717
-38.991844
143.04723
72.9363
30.720882
132.73973
116.92942
213.8385
132.93597
39.033432
-136.71506
-96.99513
-99.72325
91.95624
-30.477575
11.509086
13.7984295
-20.560484
97.24569
-10.4253845
-217.24731
-115.19605
-134.50871
132.89488
-40.29197
-63.19418
156.70361
107.84618
-141.04625
199.84984
-83.886055
-20.022392
-48.96043
81.33877
-48.500587
-165.91699
-87.73392
38.207996
14.244509
155.86108
-58.387875
-7.6250057
90.323296
-74.65404
54.2551
-81.4295
-105.382164
36.573986
48.33132
-203.93515
71.774536
144.71248
67.881165
86.80903
-14.036227
59.65139
68.17507
142.17258
-192.94
-94.49817
-110.048416
-72.63062
-119.9743
101.32079
6.923881
-148.79533
-126.58256
-4.1166215
-200.49243
59.76085
11.247753
150.53091
-80.89916
-127.207825
-57.42961
-96.849594
36.07175
-174.65056
-22.973763
-55.454998
59.46302
-206.97456
5.026697
6.7327323
-100.29035
-87.1478
-147.35776
-27.426878
-42.486473
-36.722794
-111.96436
-139.40738
-35.89987
106.31231
-196.39388
78.71922
28.429157
-298.42126
49.41581
49.333313
12.190854
97.28322
-71.20675
-11.254598
143.0166
127.76675
-272.50632
157.21988
32.286156
176.42522
-132.59619
-56.707558
58.771454
-210.11565
139.26488
53.370693
-74.16133
-111.916885
74.70269
153.02716
29.285784
-112.454346
122.17653
81.52552
-46.68198
54.219334
62.726357
-14.520572
-131.22934
56.916985
33.01622
-40.346706
-102.691124
-75.53038
44.467773
-102.20979
-164.54291
-109.71661
-34.365562
7.992423
4.4942865
78.77684
-73.49383
63.996136
137.61374
83.327065
-81.92225
144.70833
-55.262413
-165.4865
-16.934435
-36.00878
28.478216
-31.259544
168.75496
3.127678
-6.3711367
234.97897
3.4181821
-83.69857
-43.43449
21.422564
-93.8732
-6.6520853
-223.84805
10.18191
-36.49352
-55.422653
113.35367
-81.39676
69.27844
-139.36392
30.842978
293.8494
115.82052
11.033111
-44.02499
31.207178
-114.640175
62.146545
76.82941
254.41345
-45.81828
52.515125
-5.048466
-149.69705
-13.48156
-143.20863
-87.89629
47.859825
174.75621
-18.729923
-103.57571
56.759686
-75.43588
-108.0944
172.99855
-41.58254
-111.44993
99.43161
208.51799
-91.640495
128.1925
34.870567
34.225548
-11.876656
-145.24098
-148.79106
124.7514
95.391304
87.44784
82.803345
-53.96212
88.66425
-21.892355
-10.967439
-319.3772
-169.15411
52.305355
-98.48778
62.199623
-109.24499
72.71047
-21.736662
39.141888
-9.282624
-205.64516
95.75574
13.434706
-73.61814
-45.004616
143.98547
-35.148575
49.28043
70.0433
-115.43695
0.775746
126.23296
-71.617714
-105.2085
87.648026
37.392788
60.05207
39.50139
-186.30414
-3.6961982
-161.12
-154.7366
105.236336
20.925177
38.015747
-104.653175
-35.932484
75.18039
-78.50902
47.141617
108.72439
-86.21861
-67.65333
18.661392
-54.18981
104.81089
-58.523167
74.27619
46.15129
-100.18888
-13.097514
126.41558
-51.867455
-134.51227
-122.3158
-12.753852
82.75923
-3.140592
93.11997
-107.04668
14.352015
-66.38163
62.986088
-55.63614
-38.38011
-184.3611
-244.0732
67.82186
8.266504
-95.1953
-109.05096
-74.23968
-64.35695
-34.593636
201.61282
53.83565
-14.574481
-38.54283
121.75536
59.37967
-72.9041
-38.858665
-82.86067
153.77625
-24.86713
96.54751
-96.336365
-47.397915
123.81499
-179.60873
26.718096
-52.806427
25.312487
135.34438
71.97542
19.13715
77.984795
-100.47079
-61.11932
-5.9053845
69.16866
-106.74439
-32.884636
85.888435
96.83271
-20.697874
-61.934933
-149.0365
144.0989
23.00175
130.60483
-6.703385
76.869865
-18.690248
-145.9402
25.57551
-40.298992
-47.84047
134.26822
-87.52317
175.10515
25.346363
-62.336544
-18.46257
-205.51466
17.268366
-168.6319
82.77224
20.3384
-29.02047
-114.10256
-8.344287
-18.361214
-71.34726
-15.1561165
-74.3259
-183.07664
-111.73848
15.928531
45.086403
-5.1385436
-195.97469
-14.572242
-34.595825
229.28273
-41.922047
124.27787
-171.75941
140.58253
-105.01343
-47.795708
-69.273094
24.345379
-229.04572
172.09125
-151.83684
103.043884
-60.610172
129.77022
36.62835
52.780052
-256.96875
-128.84775
144.10359
-37.33985
-201.84866
97.42965
