-199.75563
28.301022
-78.95402
-120.843185
90.75517
-109.721176
-25.598848
36.27443
-61.362694
-157.47838
83.18131
-131.12495
67.79847
-90.43407
44.665546
26.674673
-115.82082
-190.323
165.54935
164.8287
113.24648
169.09052
34.972244
87.853386
39.96579
96.48089
114.518936
107.24447
152.53728
7.694395
100.36948
29.639198
94.27438
-5.3754926
-255.55797
25.01657
-31.221592
-27.350649
-123.98535
69.59581
149.16225
139.70187
-88.74849
-7.161488
-131.76834
-94.78986
-50.15428
-2.6614332
144.0231
117.72865
-50.83206
95.171295
13.51783
299.30862
105.95
-143.06903
-43.03145
-176.47006
-93.22797
49.47205
27.289003
-90.943634
-59.391705
-58.767258
13.9102955
-187.19757
-7.606285
93.02449
104.318016
1.991043
-3.2198014
-15.528506
81.817474
-30.234217
89.821945
13.145153
-2.5848594
31.82546
46.38033
-62.55631
1.8376361
-27.99411
5.9150405
-36.6544
-119.892944
135.81526
-110.102715
62.875996
90.985886
-64.13019
20.03155
-47.546364
123.77091
36.065453
-98.25151
62.50919
-9.811712
-50.077587
-28.856972
-127.34067
101.36535
-84.034836
-121.05007
-63.372036
16.508951
-103.787766
-42.51176
-2.6365628
-66.57323
-127.102516
-125.372696
4.3062496
-19.019354
-57.628975
2.3793025
-162.0177
-55.714603
-26.39805
57.00146
-29.617365
5.257174
162.95682
63.98868
-107.01529
-16.581903
-123.03191
143.0472
15.78017
-13.520065
-99.69237
14.17823
59.70814
176.35017
56.75905
-29.230343
-60.195312
106.225945
35.374283
59.971436
-82.16231
80.406784
-2.1053774
-50.820248
-84.2684
-87.472565
35.33706
11.712391
-99.57015
96.11849
55.88677
-98.91838
66.07165
-23.591642
35.49355
-196.82515
2.3718164
-80.73255
149.4783
89.618164
-98.88085
-45.307022
-73.45593
-127.30104
-189.94728
150.12811
16.65564
-3.864284
-37.54167
167.34592
-118.76663
79.410904
65.600334
134.87195
55.309628
-76.391846
8.22666
-93.64743
30.598457
-75.064476
182.20447
-36.713337
-28.982622
-1.0397904
112.93403
-120.263824
89.39917
8.454184
-90.70744
-37.093918
251.40193
-9.678477
229.8794
-2.103682
-99.64901
-32.624172
-98.12773
-101.02986
-26.765541
-71.05015
-59.028603
123.36326
-100.08264
-75.51058
-173.97237
53.25325
-42.931458
-3.616131
-135.04668
-92.57011
2.8287492
-77.85216
-154.61397
-53.593105
12.962199
99.302536
-133.82663
-129.65315
2.8088686
64.029564
85.19351
-84.05658
133.09148
-88.09934
49.028423
-39.09363
107.39998
-4.058317
27.2497
-7.029494
61.170013
34.658775
45.204556
62.981697
-51.39317
-135.5224
106.74913
-56.988754
-68.142105
-115.67637
-123.79516
85.18878
-183.1827
-60.682396
-6.2525454
13.645457
66.46561
127.078156
2.141142
-3.05028
-108.323654
10.539408
-135.7021
-7.2003374
-16.345016
-51.93089
87.97351
9.690446
-86.41294
172.91656
-95.48802
-114.104935
-108.31862
-77.10377
-155.76086
-115.95017
37.987762
145.17424
-22.547718
44.245758
104.7207
-76.20947
-71.61635
-19.556423
-41.701
40.98071
2.6960707
-1.3290782
-17.478184
-73.57144
-27.661112
-11.355602
-10.906777
-80.94018
40.71058
22.854683
42.38486
27.026066
36.412766
-191.60825
88.568825
-145.15688
-53.871685
105.54197
-192.30655
6.7060637
-24.554522
172.53537
70.811005
-35.63016
73.799614
35.793568
-111.29466
138.29465
63.44841
-7.982189
-69.15479
-134.56332
-1.057828
-47.162388
-30.04154
-135.48888
136.4359
-38.043457
-77.18786
68.913055
84.08807
-35.19082
103.042435
-77.014915
-40.73682
-116.01737
-53.07397
-21.224485
42.801193
61.36863
-110.23257
-57.094917
46.10616
5.1659474
38.928005
-109.28121
-12.416971
-62.106255
-50.165
120.79438
94.645996
27.337925
6.580311
-139.29906
-1.0542593
135.21054
86.15965
-26.679451
-70.02372
-150.51071
60.60148
171.77582
-50.8511
135.68707
-98.04008
29.569426
131.71416
-90.67225
-190.71762
-47.486946
40.62271
24.735172
86.907455
19.970604
49.256912
56.452934
219.41289
15.803009
68.66002
-84.42599
11.565086
-126.249756
244.2769
11.753778
104.62608
-78.6615
33.138103
-28.376223
54.94177
112.29316
-89.59268
-177.24533
143.96486
-124.54188
-54.765762
-52.733685
-200.97643
55.561127
39.005924
27.315466
-109.04769
69.96266
-99.38107
-65.100945
25.52451
89.42086
-67.56485
-39.51973
115.74911
-10.914195
51.54516
-8.119858
41.640697
-43.277126
5.486742
-70.793434
96.43578
42.734417
-36.208275
146.69217
68.9425
46.554943
97.93332
72.2734
-41.8034
-19.229937
-4.233142
-3.3429184
8.652138
84.05684
-103.221214
77.93779
-15.173039
14.150244
-15.789942
-6.2635174
-117.61386
-99.939896
74.21301
32.87715
58.79773
81.0779
-69.50578
-13.312494
-284.01883
27.23821
-124.767494
-130.06584
14.760232
54.413593
109.84382
-133.0553
-141.21912
68.2208
-80.2612
-13.322251
58.877357
-18.07603
-88.48559
-60.51967
-91.68059
85.851
-50.771465
-110.2967
-2.6699018
13.508596
-13.833773
-47.22856
-114.17246
-20.425272
-97.35356
-58.664707
21.264696
-121.16839
-119.03389
5.477594
203.79674
8.155471
118.90238
-69.47035
150.48808
12.3892145
9.037281
-44.10426
153.06624
-110.21621
149.1898
69.13846
21.285484
-11.84194
107.23562
4.837951
-62.357353
-110.715004
-84.05562
-62.168922
-82.8844
-9.301479
-13.520496
-97.91145
76.23618
25.264227
-33.76164
-10.362251
131.41653
-91.56616
27.952515
32.33441
-62.213833
-16.08004
-23.069061
13.305117
27.11152
59.094837
47.916485
-198.00258
-154.14922
14.567026
-26.381292
45.55955
-10.343188
-47.12272
39.22882
51.119846
224.7092
-36.701164
-8.275389
61.63975
246.41869
127.8192
119.76647
-23.947277
126.45787
9.507273
-36.317276
-102.768425
169.42299
100.916794
-52.29832
-61.729897
-6.765127
17.202454
62.25559
90.76695
16.46229
-203.37767
123.50225
55.719517
-6.1560626
-149.63934
34.75096
52.470734
-161.55655
55.306953
-15.116172
201.66293
-190.94691
-193.4892
-51.939365
-1.4393544
89.39678
100.12227
6.1011157
-76.79147
12.072505
37.60261
138.30247
-120.795586
-122.89228
-55.546482
-37.097164
18.25658
43.20808
-79.79833
117.728035
174.54538
83.05429
-81.20294
-110.53967
-36.57066
-12.954412
47.12317
123.17093
-177.83875
92.23341
54.187557
103.55132
233.73657
196.06505
-80.28402
-36.67885
-161.26472
93.4256
2.4626937
-173.39423
-48.73869
137.40907
27.361988
104.60017
295.7164
30.941664
13.637324
-67.68576
-248.61107
15.544505
120.4545
-43.72178
-37.55383
-42.347267
-53.719402
21.694473
73.14031
-195.50906
9.049769
-29.790442
24.377357
-6.1697173
-36.940334
-23.18053
86.113335
84.92909
-16.769333
-158.712
-37.573235
-90.40787
67.85691
-62.21279
-56.893047
20.371088
-13.726318
48.96493
75.36297
-68.271225
37.996902
36.87229
171.80846
-77.47423
187.96768
202.28175
200.10255
-95.372536
3.863083
23.439354
87.62657
-54.44429
89.78825
28.2232
138.4147
-124.94253
-49.11545
176.63489
82.71908
37.622845
-7.2854295
-49.570786
20.886286
-156.85757
-134.52551
-145.12218
-67.34306
165.51537
-8.136455
-17.512915
29.914293
-23.622763
110.74588
3.7432709
-59.802223
59.96204
-6.805258
63.793793
8.196163
62.059265
173.16939
12.861029
-42.32113
-116.20284
53.219772
65.549286
-98.33405
-40.68281
55.692677
31.907957
15.817281
15.732615
-13.8987055
34.88293
24.265493
-29.492414
-1.8725039
-20.4557
17.96812
31.90545
-35.939503
-98.626
-64.75984
151.6236
-71.351295
175.15366
67.581764
74.42505
-19.589336
1.4789051
-1.9510317
-56.229897
-125.48501
26.8469
27.157038
-31.564909
63.272606
5.007955
67.964645
-17.851946
-45.643837
-79.04138
-9.030543
-82.40013
-67.061874
2.1086206
70.51323
-53.71888
59.58929
81.999435
58.246086
0.5735675
15.571453
13.7851305
-156.97824
-112.658936
155.11162
-14.617339
98.96975
35.3306
133.52835
63.142418
38.61633
65.90717
-242.44151
-44.177166
-31.115044
-109.26888
-30.723585
-99.73185
-12.478527
1.2570333
-146.9519
31.370443
-164.38066
142.26324
-75.998184
55.569283
2.6480873
20.276545
-243.06917
111.51186
22.324574
-22.394434
-18.249046
41.544872
125.14449
-65.3495
36.4561
13.31041
-119.755554
20.559155
-20.37321
26.788883
62.47817
-39.300552
42.23786
75.798195
13.903347
80.566055
-57.91624
3.0232553
-141.22357
-181.1074
-7.7161827
57.930614
83.883835
-105.66226
183.84125
-67.88638
-0.013768077
100.12337
-51.571415
-26.509737
-103.13428
167.29366
-98.235985
-136.92052
50.854538
101.37778
-50.043407
111.43711
36.50831
-142.50533
-29.63186
110.95496
51.028225
47.50385
-13.397453
-12.215555
-247.53505
12.092969
174.064
30.45993
-61.22681
-125.17204
175.86227
-69.447365
-100.997444
-86.354614
-94.94222
140.02647
-140.83916
90.53885
-61.93896
-96.46366
121.670685
91.4191
-119.94458
-89.14962
-174.17615
-28.19774
-56.851265
4.5507154
-96.52477
20.01349
-35.92254
14.889458
15.185595
-2.5013895
-2.7063613
28.707636
-106.26398
-84.77616
4.3505177
-50.10791
-78.5764
51.64203
138.93309
23.135584
-75.668785
1.5324353
34.815304
-33.46907
-21.601562
123.39336
23.890848
180.01956
-42.524975
-3.8121877
19.866858
-20.5468
-49.94193
34.531017
-134.44215
40.583466
-8.031283
-48.603085
127.756485
-8.181061
-6.0914474
192.20372
-6.093784
10.202837
-52.41672
-64.88721
45.96594
66.5215
-35.624397
-77.122025
-8.093179
103.58498
-37.85219
7.1610427
100.832756
-12.083823
21.877237
-15.354327
-23.58574
-57.231815
-46.11326
33.521023
-66.00425
169.94649
-154.72487
-70.25934
173.45479
47.059883
129.62062
-9.970661
-56.661575
-41.22031
67.52087
99.78377
-14.624454
-90.88787
-103.9501
-28.51209
86.55583
-11.221907
-38.138233
55.64687
-1.1177841
-140.27643
-4.0787306
-94.00954
7.301858
-52.133224
-10.64175
-27.211334
33.77808
153.58661
-35.822033
38.117523
147.46735
34.067772
23.564047
83.19793
83.51724
24.879429
-38.45207
34.383705
-43.530624
-61.67787
49.497887
-126.84493
-114.25512
-79.893456
-24.962086
16.648905
-122.05489
-161.39488
-64.08346
71.83355
-26.701336
-0.978518
59.28752
-157.62308
17.164042
-88.49854
22.471464
-109.60018
-41.295185
11.525024
-129.10432
46.684963
-1.8768299
-7.5509953
-63.202442
147.71092
3.1225936
66.0347
-93.67413
3.6940842
-147.53229
-171.2771
-8.560786
-150.23837
-119.37608
73.846275
-77.08294
66.48818
85.55182
12.750643
-63.099182
-16.2994
-20.563566
101.57973
-24.292028
16.68971
-163.83496
-24.681376
-51.005455
-85.09563
15.855595
-42.76501
-82.57437
7.1050024
250.99472
32.449135
98.32875
-108.788246
72.57396
-139.56639
94.208824
-37.772022
-173.54402
43.152363
-92.40094
43.633743
46.240936
-136.23232
18.550526
200.34525
7.7014456
-66.337585
22.39297
22.94988
-14.852781
79.42563
-12.782337
37.60008
26.165405
-119.94272
-6.9931293
34.228638
23.762589
66.15497
87.441
-95.568825
3.7354703
-4.245387
25.33807
17.401196
24.197977
-61.83772
-48.52899
-171.23401
143.73732
-58.48387
148.60938
11.5503435
1.5998845
-122.19363
96.160614
88.87541
40.32218
39.291317
8.304612
6.432881
-59.451664
-162.59651
27.204165
180.68129
-103.24789
50.5263
-115.25047
-130.6078
81.005005
-350.2321
141.28308
-21.99469
70.18372
-191.9794
63.444336
-25.677559
-74.27267
-44.13198
70.39102
-179.46152
-17.992119
78.14877
-20.71827
94.24247
-14.891712
-2.6272523
9.909243
151.7575
-42.58337
122.20909
-24.576883
-121.52045
49.52806
-38.47034
85.31996
-93.46828
-21.358732
23.774624
-156.07397
54.43901
60.402065
9.928127
124.97327
-40.918777
108.89178
-28.257586
-50.247536
-160.09303
50.62296
122.52922
-31.445475
-76.85909
-59.84384
35.474113
-177.91187
-167.36372
136.77454
-114.63932
107.524376
66.08557
6.7775164
40.94699
-13.561625
37.49791
-149.51436
-11.615969
11.23723
-71.66405
84.1609
78.163086
196.61049
-58.275993
15.070192
16.134674
127.69824
-140.3504
-181.97704
-5.0272617
135.81735
141.05844
-39.17607
-99.19723
37.417118
2.9122977
46.92207
-167.30302
-48.81165
98.3977
-151.52869
47.141518
163.74619
80.19545
27.25957
-28.238455
44.100967
45.017418
-148.86761
-36.732426
-92.39231
-24.946012
-13.171076
-67.447205
-140.11899
-43.566116
253.46196
-45.15988
-74.2683
-27.616125
25.47662
-133.1287
75.64592
18.461498
-215.90347
-1.4780262
24.187325
207.10172
-42.314713
142.87349
164.91666
50.98015
1.5657198
162.58199
-225.80472
173.53716
-59.176308
-140.37018
120.51465
8.554088
-53.791893
43.059345
-99.58754
-25.19998
-37.411736
115.29497
-158.60197
-67.31293
-72.21656
-141.04117
31.305487
-11.436809
-193.8196
-34.981953
5.6475716
-80.38022
-125.34429
84.107765
-67.43971
153.8933
158.3425
87.004875
14.209033
-69.30218
-1.7975459
-116.23371
-68.99387
-88.058495
194.06447
54.045853
-211.11972
-49.47566
77.16913
-54.0577
191.19957
70.967
-120.52331
52.465374
87.59707
13.400297
11.187219
-9.162266
72.30175
-196.41376
38.838406
132.57428
-118.78874
-163.21962
24.274345
50.680954
-67.03927
202.93881
-138.2601
-16.704266
63.266026
-8.536302
-57.111526
-57.445435
7.164611
-222.44098
31.747055
-234.15025
32.0956
-18.402832
-87.12864
89.61331
-23.048939
52.892635
11.938638
2.6697083
9.600262
-26.14451
-62.94228
20.001997
149.19775
54.21589
-88.20081
-15.420366
-49.503197
-68.47232
-75.26054
-24.779278
10.470971
146.01259
14.386451
-11.929071
55.139034
154.77214
74.326
-48.46045
61.918446
67.71944
-1.9906147
142.54613
-175.36703
29.693407
-38.15854
44.62338
-172.61371
60.814804
105.703865
-120.42788
-162.38258
43.831398
21.772377
-95.98135
-154.93558
-64.81371
35.721794
5.0958586
-159.75882
74.7175
151.12607
162.10489
-121.38548
103.74901
-161.34677
191.46129
-39.61252
41.088097
65.48375
72.684074
10.8343725
-23.09267
22.075645
-16.760845
-3.6933858
63.294323
-146.20125
112.25095
53.801556
26.70582
27.457067
-131.855
88.93297
-48.37578
-58.308212
-1.83643
24.414167
-5.717396
-131.53453
133.12416
-64.00354
68.459274
34.862663
-66.10332
44.48103
-38.27048
35.43878
-35.83781
105.86069
37.06894
20.608633
11.883086
68.412224
55.15298
1.7289099
92.77906
-122.89293
-50.635643
89.275475
102.88717
63.97676
1.0160344
9.274412
-42.79754
146.50262
-156.22926
17.118504
-61.86818
18.784073
-266.73825
-112.55101
-114.07733
-154.983
40.618183
-176.2699
-54.18233
-195.35751
43.661293
-12.846693
20.728449
12.111793
8.187428
99.77274
134.5854
0.38736537
13.279967
143.47215
143.45282
109.21534
-114.277214
15.494437
-53.368576
28.428743
-122.42305
198.35756
-67.80753
3.3917794
152.846
-5.641855
108.578865
-18.813913
-45.91923
21.432701
99.379005
-50.581524
223.57686
-25.45142
108.07819
-15.991475
11.179398
-41.27714
-144.27051
131.66844
27.451769
12.094741
-75.76261
-148.62894
-36.491497
27.648552
-22.187777
29.384441
132.3835
43.511894
40.381298
163.17497
240.46597
-17.189182
71.650215
17.219036
30.287619
-104.69293
-150.91353
95.318855
-56.36889
-116.61185
23.31556
0.5749203
11.835634
-33.85098
58.553482
-192.66101
-7.6993275
-114.691986
-63.918465
-66.93149
91.46735
15.807287
-81.23868
54.218998
115.33173
-37.65464
-4.979453
-43.3282
66.23298
-57.3936
-294.2774
-67.45891
-117.84968
-12.479672
-24.664133
48.09961
0.30273008
50.546772
-101.69543
-27.599384
-177.12784
-125.92122
46.207413
-15.555043
7.5603046
222.20819
-39.847816
-3.8657126
18.677782
-74.179214
-101.872894
-18.934992
130.57324
17.488956
-42.10368
-110.65931
252.24457
24.262012
59.85121
8.093123
-179.50891
10.690845
48.665756
3.1317058
-31.49451
5.0671678
-46.406834
-105.91096
-20.59899
-47.263725
-116.3062
16.033792
-49.06156
-201.86537
-227.41907
-5.4398284
5.6831937
35.03401
6.7051835
73.678055
-89.096596
-71.65291
-83.261215
99.00367
-147.57422
-119.3748
-55.255753
4.275505
-60.657986
-49.964024
87.29536
37.002434
-152.54114
-2.7309957
-57.844837
-26.51821
-2.6327176
-152.52985
-64.8117
-97.392555
12.605163
97.97322
-16.25547
115.46933
73.89792
115.23213
36.321537
-55.030617
76.61752
20.693655
-203.74622
-135.22241
1.9099517
-36.580177
2.9336162
111.51235
182.88898
-34.255077
-122.07381
133.13377
131.50131
15.148935
112.597466
19.647774
47.45398
90.77449
27.161768
32.598568
-121.12592
125.50026
-54.119137
-9.343674
-124.06247
-44.330097
124.77916
86.47796
5.3889666
5.3216496
102.63443
71.23279
138.25795
43.46116
-11.515779
-88.948006
-3.6910355
-20.891514
-48.23054
213.4103
-57.368782
-83.97588
114.451385
36.895668
22.469574
21.541729
198.5305
-38.313255
188.10413
-29.551924
7.453002
-234.1426
-186.39285
81.08562
-73.10651
188.38464
-128.16882
131.97783
50.35896
-43.747627
-50.011547
189.99257
68.2172
-64.41323
-93.508675
-136.67278
196.69127
-40.564377
-81.235565
112.294304
36.43926
160.90044
48.73926
-39.714424
-60.211926
132.55847
-98.534904
-45.527596
-74.19114
-121.427734
-8.097268
-2.3468947
14.755205
6.3491693
-46.911713
106.65627
-87.653534
-18.651846
40.75788
104.34134
204.31807
-37.16974
-117.26855
131.76056
5.95837
-50.423534
12.186433
82.17783
31.989641
26.218786
-106.85001
125.092964
62.01289
106.83936
52.038914
9.368542
84.60351
-64.17973
-40.831993
93.00928
142.26147
16.506466
10.297528
-33.884407
16.110468
-54.9329
-21.09264
-55.558876
-220.79184
90.43864
-15.396415
-50.463356
16.161695
173.61002
230.8801
-19.52443
176.99773
138.19865
-79.29103
131.91608
-116.67631
2.20219
28.365707
-4.548499
-9.594991
-91.5777
146.92328
-113.458435
-13.834055
-45.480198
230.77388
50.043777
-48.0711
134.02951
-115.7557
21.090393
9.793333
30.58156
-104.88955
-154.66777
-158.80634
28.471401
-127.39904
-27.34877
-78.03494
-43.514004
-129.48204
91.53709
64.48918
7.7688274
66.05024
36.55026
52.191154
179.45894
-52.18679
76.56238
-61.203564
15.427367
-58.584953
-8.980852
-95.31032
73.74047
-0.44058466
4.419266
-121.616325
20.036121
-23.936392
-20.690243
-100.45559
-75.025055
-56.15234
-19.846508
-158.51357
22.106771
-36.64598
105.804016
-65.71431
62.417404
-88.94699
6.067276
101.484085
31.759918
84.61628
-122.14471
113.09877
-69.29099
-58.83339
-26.657753
83.59814
24.196629
-87.96983
-194.88268
138.16025
-40.009094
-90.3953
40.184044
-53.46444
-94.27892
-115.672
6.16411
117.951935
-2.3365242
88.754814
41.595036
110.74853
55.76168
-86.85596
13.774072
129.61426
63.945587
-31.483828
97.99433
39.397743
147.65894
-0.3209355
83.58685
-190.86441
24.829311
-4.380275
-158.65157
-34.196354
162.73026
45.407124
-2.6165826
143.93358
-205.91644
215.4784
-34.155975
6.772984
122.51517
-69.7935
92.54317
-51.217438
56.80832
-116.61065
-27.449224
163.76784
122.92465
-58.694332
4.689518
18.480053
-4.217455
36.153458
187.46281
-41.19493
90.14729
11.747765
18.901094
122.82895
99.51867
30.277927
-17.623644
44.445984
-8.991374
178.17308
-103.54922
52.74497
-99.42973
95.16033
-46.65372
-115.630104
51.267925
-132.01085
-33.926727
6.858345
58.855827
56.137917
-134.96736
-1.776123
40.446564
19.659641
46.804497
-172.66129
-159.11378
-146.64989
134.02347
-10.373581
96.738144
15.809188
120.054726
-34.532402
-28.98155
-90.69891
115.43158
-19.181074
160.78714
85.88097
77.18869
42.642193
57.924232
16.284498
73.20396
-30.352837
-15.895656
150.97612
-65.67625
3.0313144
181.87286
-36.79159
61.60387
24.780573
49.61021
-29.533888
-12.781234
114.89932
-114.973656
-176.67685
56.982098
94.81893
-59.66302
117.512535
103.60944
72.75312
-25.90094
19.549887
-95.59219
52.087044
-67.953156
130.43631
-39.04138
242.39047
-8.496713
183.12494
-4.108505
55.84956
39.118195
-33.474155
232.49327
-17.771275
-25.53873
87.512184
65.82926
-22.631912
15.094716
-50.35664
-9.243862
-140.45895
-167.12602
-24.732191
152.34702
-80.62537
-40.27374
12.676938
31.999535
25.416853
-95.01426
60.20792
193.27916
117.01072
3.996882
-302.0762
-90.16341
-46.520985
-8.932665
-31.333498
158.67473
-60.041534
-11.132693
-123.27153
-69.74386
-207.74612
-1.315549
-81.81652
44.52023
32.282555
-67.351166
-62.18583
52.968765
-171.53221
16.512625
-24.006336
146.45198
-56.207527
-21.479502
-7.9107065
228.11937
101.37698
-60.548435
-4.983782
63.155933
-119.229965
-5.316615
-7.047174
-150.06546
-299.43384
3.401077
-42.03568
-54.548374
5.2466407
50.632553
185.3348
-191.66025
-13.594661
-7.869937
89.02297
-73.694695
-56.57707
-213.5612
49.836662
-103.486786
-26.031914
-55.101017
-111.60162
38.39803
70.555595
172.85342
110.56259
-45.82397
66.055565
45.39574
0.15704536
69.22408
34.826046
1.7938365
11.958907
-7.0527654
259.464
37.93519
23.702772
-72.50893
25.451925
173.16267
27.672293
54.78079
0.76574206
104.178764
-106.07287
35.633682
-69.893875
-53.43056
33.824146
205.3273
-205.38695
93.74416
56.973656
205.57352
131.68513
107.60227
43.38575
10.112962
-77.35352
208.44145
56.292824
38.253384
49.438877
48.754448
-2.117137
165.11662
-46.684097
70.16693
-142.08075
60.102894
-81.51452
-33.98157
-15.090898
-16.773415
27.162142
6.3752646
-9.630635
-101.00994
-215.41028
-106.54569
67.10197
134.55612
18.53681
134.80879
-33.422295
-28.434898
-66.19035
-9.014267
122.49838
34.54337
-29.022072
-112.60796
143.99464
-17.429342
-103.891
-55.671192
136.13084
-88.3757
78.99996
-61.451855
-54.853825
-20.894024
172.48492
-13.763853
-3.920135
-119.43137
-211.6568
66.71769
105.22685
-260.87418
-338.99756
22.920353
-68.23231
208.5215
-23.442806
-13.855594
-63.05257
118.49826
31.123789
12.90539
-58.844868
-37.76293
-36.23189
53.766388
1.2028656
197.75807
22.19084
26.139965
-193.99803
-130.21008
190.94724
-228.00218
-107.4831
132.6744
-0.4878596
-128.66374
0.21744448
21.121807
-48.411648
81.10557
21.408215
-25.976936
-102.55793
-160.67772
35.14435
-20.731726
79.685165
88.81198
-32.204296
134.00319
109.72701
55.80384
-44.081238
-8.861701
29.73816
-39.71588
-37.98184
55.451313
57.177177
31.514053
81.66396
-100.354866
-27.736973
88.936295
-117.18912
-158.04599
-31.265423
-37.340836
75.55967
111.9108
-52.186054
25.477362
-184.87515
79.878815
-34.01154
10.402274
22.202196
12.467644
60.863106
4.9591203
-23.112534
64.6182
-79.79104
175.81944
32.496
132.07196
-30.543364
-29.841059
70.35751
122.11341
-58.243443
58.88695
-60.513786
249.32681
-27.603752
-238.76724
73.57089
-2.6095462
11.51761
37.205334
-1.3449299
-232.76872
-84.69156
52.088646
142.90625
248.4853
-53.640957
-69.12172
-127.44766
171.19394
-8.919781
96.50291
-112.39831
2.1859188
-0.6173551
-55.538193
-1.4458877
35.746452
89.8038
26.95362
-48.93171
167.4968
56.300613
-213.06503
-13.0077305
38.362656
-152.7439
-42.03283
-3.946015
5.520862
80.87605
-163.208
164.51991
-55.673325
24.344372
58.384705
-177.91458
-73.01396
-12.242791
153.74727
-43.32278
-72.137596
-69.372185
32.56291
-150.15974
-67.6159
43.888786
-12.2624235
-0.71113205
-4.7109327
-34.59765
-3.2297652
13.042203
-121.018196
66.6513
86.48168
-65.910065
110.38404
-18.028801
14.122832
26.969524
-95.667816
122.52063
126.33963
-26.217794
39.546646
172.12863
-152.25662
14.31719
-30.184824
-14.304176
64.3996
-183.9795
92.26594
24.863235
79.4119
-171.07382
98.73206
-17.418108
-105.35757
-21.192545
5.794927
7.552942
-89.837524
-8.323797
-80.051956
13.042719
-0.5043838
149.1098
-146.19632
-42.034466
-81.831955
-85.636406
-90.97482
62.37674
104.15083
106.530754
87.78613
-109.39382
-65.64714
36.026012
34.81231
10.864691
-68.64212
-26.731236
-44.51836
-16.219591
91.868546
-56.170883
-119.73447
89.98348
-78.49607
-40.896988
82.00196
-24.603495
-83.53832
126.52289
245.90611
53.88412
26.462223
-61.458702
63.076588
-61.395103
11.623441
-156.5438
21.108786
44.929314
118.35083
-151.92003
77.89894
-66.223564
-40.860817
-185.85512
62.87692
-188.83842
142.55176
22.401829
-74.73492
15.834941
271.57806
-126.70964
-61.37428
-1.1912599
10.101253
75.36169
-9.926214
79.30609
23.668842
6.075042
2.333358
58.544067
-38.824493
-14.161497
141.1104
-12.472119
38.439636
3.217835
31.150518
-34.358936
-110.22194
-8.181546
66.05446
16.620716
52.147278
25.043213
62.892624
207.65198
58.905396
-11.470427
76.065186
41.332703
50.19635
38.634277
50.625793
-6.0745263
-126.54628
-48.818382
-82.58802
152.94197
26.827106
-134.10374
-34.38333
-26.07378
20.98428
45.008533
111.34834
-134.88461
154.92859
17.950583
-49.436283
33.746544
-74.15779
92.9785
-208.98055
10.76652
93.046906
11.073312
-42.12587
25.012348
58.727425
-163.97682
96.2527
68.017075
98.894714
-194.2662
-18.038115
-28.76574
-15.465849
-56.702927
175.8787
-75.28511
-46.350254
-91.13774
69.15743
19.193552
-43.29249
-52.94654
-91.890656
70.10755
49.688507
175.4146
140.24596
50.258545
175.75664
78.859375
-27.681763
-71.79913
33.094093
1.6319721
-69.86027
-159.69156
86.21164
-29.658058
38.370823
15.656802
4.5140285
-62.81663
50.972557
-75.402084
154.9247
-83.00604
75.8407
-108.44889
-118.66896
99.90736
134.07816
-122.34859
80.163635
30.864594
-75.81476
206.38039
-28.145256
69.798904
-105.49006
-132.88219
45.28452
-136.07135
185.49617
81.46719
186.04997
-87.09985
-54.983
7.0933137
-148.90086
-66.20744
-107.79994
-49.0797
143.93008
-121.34379
-37.757515
11.802821
-39.69469
134.61398
-180.92662
14.4501095
65.45795
66.09244
-63.02299
97.91876
5.3511696
-11.030792
-32.95066
101.34285
-52.12894
-35.335014
-76.66525
88.10966
44.645935
98.67627
-156.76637
-142.0024
-66.40975
83.10401
-50.654564
-13.7030525
-90.85421
97.851295
-3.5088508
-120.50087
-208.55135
-111.71025
-42.573406
38.65926
-159.82799
-57.587845
59.904358
83.375916
-113.5827
-177.79027
-77.68042
1.0859945
84.67924
-62.89816
-17.597559
6.340588
38.798843
236.31168
102.835045
-1.6087749
-2.4703152
56.5543
13.82095
-11.264011
-180.3487
-70.23887
42.17042
102.17708
-16.14276
-23.328423
257.8457
186.77248
86.39017
-155.70042
-75.106445
-68.91515
87.65785
63.15376
-274.33636
63.256886
-129.99022
53.564194
-54.112625
-12.309271
267.62125
35.766483
-46.05912
24.142282
35.90849
141.4776
139.04541
-97.763466
-196.63264
33.87636
36.98518
139.62465
-77.04106
-41.33292
-63.046852
31.145657
136.76932
-89.845406
25.298918
72.3912
126.18772
226.67372
-11.774742
-3.3004258
178.64145
-23.928783
35.912918
111.35693
-2.5027761
82.53702
-46.99158
65.94457
14.895365
136.40181
-1.8556738
-151.64449
186.01477
59.318916
-34.90536
-67.470024
-279.9178
187.28242
95.046486
-100.34297
-109.48571
-36.963642
-176.5619
105.73843
192.44934
-71.37453
30.9505
54.439617
14.962581
-44.27463
28.136145
44.88614
69.36225
-109.50076
-54.867287
-142.19496
2.756263
14.219206
33.60162
-185.74898
-85.10419
-87.70038
69.121445
-116.465256
25.950838
102.57344
105.38112
75.738174
-79.286415
-136.53804
-33.647415
37.400898
-152.69011
-18.975946
138.69238
-5.0972705
-43.060066
-4.462403
77.703964
202.5597
27.953707
-29.369062
-83.36823
45.716263
-148.66504
-3.4564118
77.17595
25.01893
-208.12987
58.266293
-19.534172
73.293846
68.49492
-39.43219
-6.1986866
101.32511
89.921524
-141.26535
37.224007
-130.22055
11.052702
118.085236
-79.85661
-118.03804
102.43152
-17.302876
-63.209465
51.2792
-168.97824
-90.31251
-31.545767
-170.39127
-145.12338
128.1587
100.48721
-17.456606
-90.07794
129.39609
-27.601156
50.083675
-7.574155
-22.995766
12.485552
-93.47938
113.52583
-14.857439
-9.297744
249.98018
-144.23567
163.51736
156.60617
54.908943
22.747862
97.775406
-40.97407
133.55147
-161.97977
-33.57976
-58.992844
2.7489095
-4.9836845
17.05503
-67.90488
-89.946266
88.38916
124.55839
-173.64688
21.27016
41.71494
-200.39679
-35.971462
-178.69298
-51.826336
-170.08041
20.789207
136.10498
109.91011
-5.9889016
140.2004
-103.63401
93.796326
18.703335
131.5558
-101.40075
105.740036
-40.05208
150.0176
41.27798
41.87577
77.93469
177.7928
-29.642014
52.529285
-25.158348
0.12118161
78.93993
-146.55806
32.514687
-8.79383
-84.401245
-151.25235
186.44633
150.18884
147.17787
6.574172
105.397224
95.2296
-196.83597
58.918617
-0.5492823
52.608665
28.91456
2.0493598
109.12786
101.04945
28.169947
-132.03653
71.6674
51.897293
88.9168
37.388306
184.40904
8.076432
205.31892
56.921516
209.5738
-122.1477
131.96373
-93.10061
178.84344
40.48549
-73.8685
39.60645
37.27054
98.39254
-107.57269
-69.87487
101.2717
-63.532665
76.43258
15.753052
-36.29839
-89.74844
-165.57767
-140.40117
-42.885128
-50.400078
33.51581
4.6793694
29.471045
30.83015
16.973053
137.25252
77.42393
-52.66371
26.428856
109.12276
-7.5778465
-51.140194
2.7407439
-48.56798
-66.40159
-14.281412
80.47168
-41.894867
99.0092
-60.705715
-19.838501
-53.27614
124.38397
-144.35324
-17.820478
-25.639597
41.259716
127.851845
-4.5641937
225.28473
223.64627
-171.88077
24.490381
86.47743
-92.7399
-10.42667
-42.890377
118.57685
44.379543
-83.0037
-47.826557
106.50848
-250.72278
-73.51498
119.21994
37.75241
42.618507
63.63607
39.802864
123.295815
-17.030447
52.132378
-46.767147
3.459767
122.47692
-128.71988
-50.27767
-15.71719
-32.586914
21.872234
104.98973
-44.16956
125.14615
-28.4689
-64.26849
16.722431
-15.00985
-35.28559
15.281367
-54.240124
-4.475379
146.79755
35.91587
123.99986
136.15645
-30.266293
88.60974
6.206076
60.557945
82.38565
108.260025
205.23569
66.85529
108.285965
-127.98557
-45.45863
-50.275764
50.21707
5.4889197
64.977264
6.9132524
60.980812
68.05023
9.119655
-205.98656
-45.57136
-111.829254
143.14761
-20.971851
3.764639
54.630356
92.571205
-118.0995
120.53922
-39.896328
53.345913
-56.59088
106.48436
-51.44994
-143.7435
3.3236256
11.073758
-57.989433
165.72565
5.1943345
8.888329
85.92634
-82.05984
9.019263
-50.312103
-16.02993
128.59657
9.458215
-162.05171
59.21813
48.47726
145.44943
73.39878
56.44214
101.36868
110.30144
89.59331
-124.03484
-110.20999
-72.92629
-94.61056
-161.58037
110.14831
-11.409085
-141.41315
-81.77155
-23.833063
-177.41925
5.132059
25.760416
179.60649
-174.32307
-77.44423
-24.644072
-106.10049
-21.175669
-100.56077
-40.435677
-72.79347
2.956094
-179.06252
-14.3751955
11.823866
-28.807844
-77.923225
-133.91177
-14.701111
53.310158
-31.541882
-97.99093
-123.86034
-49.99276
64.4634
-145.79588
30.103596
13.510611
-184.39694
31.636753
39.023685
17.795124
43.53153
-47.41626
-12.217683
71.770706
107.00959
-211.91432
147.74727
39.199013
178.23326
-118.55046
-29.002039
28.332392
-124.16591
117.58763
16.186405
29.47033
-172.83113
36.376846
81.52431
-6.9843245
-70.69322
120.402374
40.067345
24.33588
54.23097
95.00955
-7.2724357
-62.680553
20.147041
-36.436504
19.028162
-63.03021
-75.44151
-0.4188801
-92.39281
-109.16072
-97.18126
-57.93657
-11.756263
12.511213
132.15704
-87.63179
1.3720871
191.46959
39.90764
-118.790565
118.66745
-33.253
-93.653275
-43.896873
-68.784035
39.726692
-13.787166
71.64076
13.103333
-77.718925
185.6457
-90.30467
-80.37143
-129.8023
12.831244
-92.519455
5.1544623
-123.91426
4.470087
-36.03188
-43.473656
120.238525
-71.41276
37.313194
-50.13266
9.228819
221.67702
53.31863
-8.297649
15.229689
92.40408
-74.14756
82.86093
86.00071
152.25702
-81.23309
124.84221
27.067507
-138.67094
17.79095
-154.97447
-80.33144
37.425972
107.08301
-40.222866
-127.305115
49.53097
-126.2777
-110.68923
74.29481
-62.125328
-75.222115
46.146976
139.14626
-39.932922
103.5422
9.3362465
-29.510935
36.06041
-118.15956
-169.4695
72.7512
91.053276
99.86006
27.208393
-20.18498
19.71584
54.571228
2.9674745
-263.6019
-158.66422
55.64293
-41.69304
110.479195
7.58985
87.862045
61.969086
87.107475
6.289607
-195.85143
1.9524566
100.116394
-39.607674
-8.918513
25.418764
-39.683197
66.81259
32.10644
-21.771229
-0.20814908
33.432247
-154.74861
-124.18123
41.37952
93.22244
65.083466
-0.2560969
-185.87141
77.11844
-77.74125
-85.51766
98.79924
-0.83875394
18.319445
-64.70075
-61.13491
115.17952
-14.322202
65.023254
94.213776
-58.533222
-16.657608
6.7782044
-89.97919
56.18263
-37.249153
47.54756
9.119904
-29.392801
-28.249971
151.24599
60.12293
-92.614006
-61.764706
-38.26244
54.02743
-27.189219
131.31467
-74.69822
8.060354
-8.131599
42.86393
-27.485302
-69.973724
-152.15442
-140.16975
36.32287
-11.220567
-12.381196
-81.68754
-3.6763508
-92.906906
-101.05299
139.42152
-0.9238992
-19.541422
-19.51954
108.04966
94.31619
-114.273796
-16.403973
-48.57389
149.99396
78.036446
142.68346
-46.333355
-33.066574
114.8507
-110.04249
-24.446333
-63.226078
-31.8493
72.442085
15.524704
59.897217
68.83099
-50.723892
-59.7359
17.984703
87.125244
-35.771133
-50.180668
130.69287
68.99053
-5.8452315
-92.55378
-78.404724
72.21275
-8.640113
133.89035
25.765795
64.33881
-2.4482503
-108.88881
63.831127
-21.806087
-27.368853
109.70961
-12.371629
112.058395
-0.904968
-48.346684
13.160697
-209.74622
-5.135831
-173.03732
178.69347
61.459877
-23.925808
-173.61377
48.007343
-24.998682
-106.33611
-113.66215
-71.00929
-59.798565
-122.35409
85.557495
0.14695108
-11.344792
-135.90903
-48.052647
37.582336
154.01352
-4.1081
13.659465
-220.96893
123.809746
-143.6153
-11.8948765
-23.531183
-5.687529
-148.81027
208.80826
-128.9549
92.48331
-92.565216
36.464756
-16.490923
33.51095
-127.89056
-57.126816
167.94809
-66.48932
-162.49345
62.393417
