1.3088773488998413
-1.6282151937484741
-1.3097255229949951
-1.3818509578704834
-2.474390745162964
0.1688593327999115
-1.2080248594284058
-0.13980165123939514
0.22569966316223145
2.1559576988220215
-0.8987457156181335
-3.0011661052703857
-1.5517356395721436
-1.5033117532730103
-0.9998608827590942
0.342723548412323
-1.9579347372055054
-1.2416776418685913
-1.5959349870681763
-2.068519353866577
-2.893747568130493
-1.210949420928955
-1.6331995725631714
-1.616724967956543
0.04204129800200462
-0.9657177329063416
-2.0993449687957764
-2.263615369796753
-3.4824535846710205
-3.0924360752105713
-2.900042772293091
0.4392625689506531
-0.08094612509012222
-2.3092503547668457
-1.5206156969070435
-0.8161142468452454
0.4960915446281433
-3.679462432861328
-2.1092886924743652
1.0870462656021118
0.2077692747116089
0.20858630537986755
0.6209140419960022
-3.188493490219116
-3.321836233139038
-1.3727389574050903
-1.932067632675171
-0.7721759080886841
-1.39516019821167
-0.7428635954856873
-1.3093081712722778
2.5612833499908447
0.818562924861908
-0.9259417057037354
-0.5946412682533264
-1.584762692451477
0.384318470954895
-0.17514938116073608
1.6693035364151
-0.23867455124855042
0.8124988079071045
-0.07465492933988571
-2.057082414627075
-2.076176404953003
0.4764872193336487
4.106861114501953
1.7403937578201294
1.1094224452972412
-1.8482179641723633
-1.8625671863555908
-0.40811705589294434
-0.8226200342178345
0.025751370936632156
2.0990829467773438
2.4878687858581543
-2.0269792079925537
-1.3756152391433716
1.918331503868103
0.06721838563680649
1.7770917415618896
-0.8825624585151672
0.8348404765129089
0.41020241379737854
-2.605520725250244
-1.159361720085144
-0.6537938117980957
1.2932658195495605
0.7024368643760681
-0.1839122623205185
-0.17068718373775482
1.2183207273483276
-0.8056303262710571
0.27625772356987
-2.8245346546173096
1.1716041564941406
2.020878791809082
1.0217092037200928
-0.41602379083633423
0.8625116944313049
-0.7646034359931946
0.9847554564476013
-3.045022964477539
0.17953895032405853
-0.349677711725235
2.8875417709350586
2.189744234085083
-1.9363597631454468
-0.321219265460968
2.5384864807128906
0.029903553426265717
-2.6695895195007324
1.078529715538025
1.3601622581481934
2.523287534713745
-1.0153143405914307
0.6891194581985474
0.0325671061873436
0.5790826678276062
-3.0247457027435303
-2.1549108028411865
0.17949984967708588
1.1913537979125977
2.218743324279785
0.5005733370780945
0.04684608057141304
-0.6550663709640503
-1.3117731809616089
-0.48269352316856384
-3.1959986686706543
-0.5563080906867981
-1.2584784030914307
1.3163557052612305
-3.1294875144958496
0.920066773891449
0.031201332807540894
-1.0695213079452515
-3.2389450073242188
-1.9534640312194824
-0.9647961854934692
-1.7329661846160889
-1.1820991039276123
-1.840090274810791
0.31803828477859497
1.4002814292907715
-0.35867834091186523
-1.0396900177001953
0.44398757815361023
-3.771963596343994
-1.6524759531021118
0.9825761914253235
0.6576504707336426
-0.14893916249275208
-2.359210968017578
-1.5833402872085571
-1.7167009115219116
-4.272515773773193
2.39017915725708
0.7940242290496826
1.0925030708312988
0.7244958877563477
-0.20186780393123627
-0.7522565126419067
-2.920257091522217
-3.394395112991333
-1.574240803718567
-1.0518641471862793
-0.7297940254211426
-2.1883702278137207
-0.09595061838626862
-2.447101593017578
-0.40542173385620117
-1.6085973978042603
0.4740322530269623
-0.49330487847328186
-0.3110935688018799
-0.04449840262532234
-1.6659338474273682
0.23549912869930267
-3.5249061584472656
-2.3539493083953857
-1.7026526927947998
-0.3700341582298279
0.14777788519859314
0.18031898140907288
0.13359786570072174
-1.73841392993927
0.3142350912094116
-0.7206304669380188
-1.8755706548690796
0.6411405205726624
-0.09126055985689163
0.7407134175300598
0.11483324319124222
-2.1447927951812744
-1.2592885494232178
-1.2638508081436157
-3.762662887573242
1.3087568283081055
-2.024188280105591
-0.08207294344902039
3.3851897716522217
-1.095241665840149
-0.3368872106075287
1.3290587663650513
-1.8502384424209595
-0.3309522569179535
-3.3104209899902344
-1.5778864622116089
-3.4747562408447266
-1.3628685474395752
-1.3014988899230957
-1.6763486862182617
-0.7776369452476501
-0.14091213047504425
-0.6386720538139343
1.5315319299697876
-0.07901502400636673
1.0972096920013428
0.7359239459037781
-1.6594206094741821
-3.032604217529297
-1.5345897674560547
-0.5625877976417542
-1.608047604560852
-0.9176820516586304
0.6393004655838013
-1.6997240781784058
-1.9464046955108643
-0.9168522357940674
-2.550145387649536
-0.7012154459953308
-0.7021679282188416
1.3240530490875244
0.9455541372299194
-0.5486626625061035
-2.052839517593384
-2.7020556926727295
-0.41694125533103943
0.27374812960624695
-2.3621275424957275
-1.7896084785461426
1.874193549156189
-0.7425823211669922
0.5879355072975159
-2.103848457336426
-2.797600269317627
-0.8918828368186951
-2.4787580966949463
0.8656824827194214
-2.4802844524383545
3.4505579471588135
-1.7317975759506226
-0.4595998227596283
0.83409583568573
-1.0140492916107178
-3.310929536819458
-0.10145571082830429
-3.336334228515625
-2.631917715072632
-4.184563159942627
-0.12511655688285828
-0.5119030475616455
-0.12922202050685883
-2.649545431137085
-3.220345973968506
-3.5002784729003906
-2.0881659984588623
-2.093641757965088
-0.25745949149131775
-0.05362062528729439
-2.2994322776794434
-0.671195387840271
0.11490017920732498
-1.6682538986206055
-2.151834487915039
0.6681479811668396
-2.0049591064453125
1.8098835945129395
0.3852555751800537
-1.4869186878204346
-3.548956871032715
-0.3653164505958557
-1.7811280488967896
0.682127058506012
0.7771273255348206
1.390300989151001
-2.462404489517212
-0.5305049419403076
-2.0218122005462646
-5.062390327453613
-0.7265448570251465
-1.7805415391921997
0.6694886088371277
-0.7135369181632996
0.7717806100845337
-1.5076977014541626
-2.4325530529022217
-0.4832944869995117
-1.3041115999221802
-1.4791083335876465
1.3773707151412964
0.6431442499160767
-0.5316804647445679
-0.6052890419960022
-4.1566162109375
-0.4003830850124359
-0.7962276935577393
-2.1602718830108643
-0.7194955348968506
-0.22235336899757385
-0.822701096534729
-1.050849437713623
-2.1359915733337402
0.011503302492201328
0.5564361214637756
-0.36917033791542053
-1.2063331604003906
-1.2660717964172363
-1.1750786304473877
0.12695443630218506
1.1853309869766235
-2.3541769981384277
-1.1389609575271606
-0.5013645887374878
5.201310157775879
3.3387246131896973
3.2730348110198975
2.7461130619049072
-0.21754473447799683
-1.199041724205017
-0.6074084639549255
0.6225243210792542
-0.3397040069103241
1.7966605424880981
2.2215535640716553
2.8577399253845215
-0.08230932056903839
0.8030120134353638
2.255093574523926
0.9974705576896667
1.1794230937957764
0.6613379716873169
1.84246826171875
2.764603614807129
-1.3010878562927246
-0.44032248854637146
-1.1205124855041504
0.8798644542694092
0.7443940043449402
1.9588652849197388
2.280095100402832
0.39384347200393677
-0.8115849494934082
-0.967494547367096
0.4393708109855652
-0.24224382638931274
2.1175332069396973
0.6240968108177185
0.611932635307312
0.42043405771255493
-1.0360151529312134
-3.020754098892212
1.409389615058899
0.9437628388404846
1.6714931726455688
2.485046148300171
0.031049450859427452
-0.4880416691303253
0.8583710193634033
-1.3012362718582153
-1.021775722503662
1.702288031578064
1.8177791833877563
1.4766908884048462
2.1131207942962646
1.8371044397354126
2.0473058223724365
0.4957096576690674
-3.096205472946167
0.017830774188041687
2.0075199604034424
0.9838365316390991
3.4328725337982178
2.182062864303589
0.7186209559440613
1.753281593322754
0.8834859132766724
0.7191039323806763
-4.667685031890869
-2.5801079273223877
-4.2231550216674805
-2.6346347332000732
1.047777771949768
2.3304195404052734
0.4399418532848358
-1.9908913373947144
-0.00816444493830204
-2.680070161819458
-1.5839208364486694
-2.2926738262176514
-1.5041158199310303
0.3479958772659302
-1.4030719995498657
-0.06365928798913956
-2.14669132232666
-0.8649316430091858
-0.42615506052970886
-2.1134064197540283
1.02227783203125
0.20316022634506226
-0.18869219720363617
-0.8098010420799255
-0.4872424304485321
-2.69887638092041
-1.2114404439926147
-0.6468632221221924
0.7454374432563782
0.6231631636619568
-0.47882208228111267
0.528960645198822
-0.6644365787506104
-2.154684543609619
0.3487928509712219
-0.40833649039268494
0.7964053153991699
2.37782883644104
-1.7104241847991943
-0.6508843898773193
-1.0921682119369507
-2.126387596130371
-1.1423949003219604
0.5833619832992554
-0.4358099400997162
1.729751706123352
-0.2698034346103668
-1.4474235773086548
-2.1873903274536133
-1.4187116622924805
-1.2095673084259033
-1.3435198068618774
-1.9081834554672241
1.4576315879821777
2.624305486679077
0.19389493763446808
0.017065666615962982
-1.181528091430664
-3.1308951377868652
-2.8332021236419678
4.804775238037109
3.171865463256836
1.850850224494934
-1.491797685623169
-0.7950631976127625
0.3096081018447876
-0.19426846504211426
0.4742109179496765
1.8870270252227783
1.3747355937957764
3.1884145736694336
3.4556543827056885
1.8107510805130005
0.3189234137535095
-1.4473693370819092
0.8639863729476929
2.2831249237060547
2.795900821685791
2.131260871887207
-1.917783498764038
-1.1835148334503174
-2.9868199825286865
-0.1669020652770996
0.45752885937690735
-0.030309084802865982
4.251888751983643
1.620881199836731
0.02288583293557167
-0.6721885204315186
-0.5107488632202148
-1.0290249586105347
1.396204948425293
0.011599119752645493
0.9384328126907349
2.001558780670166
0.4198192358016968
-0.008902562782168388
-2.012761354446411
1.4363491535186768
-0.9332512617111206
1.6181057691574097
1.8756470680236816
0.33314698934555054
0.8631564974784851
-0.4238813519477844
-0.0726485401391983
-0.3480674922466278
-0.07054710388183594
0.9287990927696228
2.7903757095336914
0.5778833031654358
2.4822490215301514
-0.16678817570209503
0.5694636106491089
-1.1373177766799927
1.9898000955581665
0.059706911444664
0.5571824312210083
1.3705798387527466
0.31726059317588806
1.1982253789901733
0.43226194381713867
-0.6632340550422668
-1.4854834079742432
-0.8015005588531494
0.6234322786331177
0.7642180323600769
0.4808156490325928
-4.911806583404541
-1.9807795286178589
-2.1516430377960205
-2.324376344680786
1.003556251525879
0.8455469608306885
0.7092336416244507
-1.8461896181106567
0.9468762278556824
-2.225654125213623
-0.9483113288879395
-1.3890825510025024
-0.26464909315109253
0.14520947635173798
-1.2160849571228027
-1.3066978454589844
-1.5387701988220215
-1.347528338432312
-1.4527159929275513
-1.212705135345459
0.7186123132705688
0.3591676652431488
0.7961613535881042
-0.9873562455177307
-1.2439156770706177
-2.347867012023926
-0.9391271471977234
0.037568770349025726
2.427032947540283
-0.1375780701637268
-0.8479838371276855
0.12992361187934875
-1.9743133783340454
-2.1769497394561768
-0.9934329986572266
-0.3383663594722748
1.240025520324707
1.470258355140686
-2.4505574703216553
-1.2199031114578247
0.8500781059265137
-0.7323739528656006
-0.894126296043396
0.17048417031764984
-1.2041699886322021
1.4987202882766724
-0.7832911610603333
-1.7508673667907715
-2.499908924102783
-0.41665300726890564
-3.003389358520508
-2.005070686340332
-1.7541292905807495
-0.014208415523171425
3.4030537605285645
0.3164028227329254
-3.0186829566955566
-1.500770092010498
-3.734316349029541
-1.072217345237732
2.232490301132202
-2.7909481525421143
-0.5803823471069336
0.7279312610626221
-1.307759404182434
3.0118415355682373
-0.40411484241485596
-1.35271155834198
-0.2402905821800232
-0.4539445638656616
0.9162060618400574
-4.114064693450928
-1.2840372323989868
-1.2947323322296143
-2.527540445327759
0.3785687983036041
-2.5074503421783447
-1.1737163066864014
-2.6463000774383545
-2.044722080230713
-3.357522964477539
-0.6749752759933472
1.1009615659713745
-2.3152568340301514
-0.05152030661702156
0.8796135783195496
-1.0443087816238403
-2.3799445629119873
-3.2036845684051514
-5.8549604415893555
-1.3293043375015259
0.5179896354675293
-1.3284116983413696
-1.593137502670288
-1.8027403354644775
0.36019712686538696
-0.8361274003982544
-3.00529146194458
-3.260974407196045
0.5769557952880859
0.515380322933197
-0.40115562081336975
-0.6193283796310425
-3.2712836265563965
-0.4498606026172638
-0.6143364906311035
-2.1884841918945312
-1.3632396459579468
-0.5599740743637085
-0.37192514538764954
-3.1376640796661377
-1.6146538257598877
-0.3278064429759979
0.20396222174167633
-0.6357175707817078
-0.3514011800289154
0.8114595413208008
-0.23108524084091187
2.8087100982666016
0.524044394493103
-1.234337568283081
0.0030260025523602962
-1.5258146524429321
-0.6066474914550781
3.1127703189849854
1.126325249671936
4.409451484680176
3.0019733905792236
0.7199746966362
-0.694158673286438
2.7649571895599365
0.621536374092102
4.769480228424072
2.5897104740142822
3.1241116523742676
2.3935654163360596
1.886486530303955
0.6430367231369019
0.7808807492256165
-0.007445828057825565
0.5870826244354248
4.05972146987915
2.3344829082489014
2.757307291030884
1.4945170879364014
-1.456905484199524
0.06205698847770691
0.29319366812705994
3.8871498107910156
0.318919837474823
0.7955251932144165
1.0862748622894287
1.0657587051391602
-0.1711588352918625
0.3764258623123169
1.1016322374343872
0.8662081360816956
1.5076677799224854
1.277238368988037
1.864731788635254
0.4952312707901001
1.999995470046997
1.4182113409042358
1.4677727222442627
1.4591387510299683
-0.3301757574081421
0.6477130055427551
2.606081247329712
-0.1328754425048828
0.7894461750984192
1.3523380756378174
-1.5273743867874146
0.33895817399024963
1.494164228439331
0.7616487741470337
4.078855514526367
0.5407111048698425
0.1567220687866211
0.8841829299926758
-1.6319562196731567
2.1159839630126953
1.2473974227905273
-0.5242364406585693
1.2506346702575684
0.9119454026222229
-0.7989068031311035
1.3744884729385376
1.8064366579055786
-0.5331292748451233
0.575934112071991
0.9840559959411621
0.015465584583580494
-3.355424165725708
-1.4472473859786987
-3.4778268337249756
-2.135967493057251
0.4196773171424866
1.694084644317627
1.4277303218841553
-0.9990716576576233
-0.2062259018421173
0.23769749701023102
-2.5553035736083984
-0.7566885948181152
-0.1663082242012024
0.11888840049505234
-0.8848613500595093
-1.590604543685913
-0.7941640615463257
-0.8066994547843933
-0.9749355316162109
-2.5717594623565674
0.9497141242027283
0.20564083755016327
0.7863029837608337
-1.113991618156433
-0.3617790639400482
-2.6068689823150635
-1.2378120422363281
0.19966456294059753
0.9165945649147034
-0.0023617956321686506
0.2820611894130707
0.7675102949142456
-0.601599395275116
-1.7528512477874756
-1.4918556213378906
-0.6439987421035767
0.3744944632053375
2.5792219638824463
-1.577243447303772
-0.5111441612243652
0.8828676342964172
-2.148094415664673
-2.78688383102417
0.5489710569381714
0.8725700378417969
1.4738640785217285
-0.7745704650878906
-1.345287799835205
-1.8379334211349487
-0.7493913769721985
-2.136131763458252
-2.280874729156494
-1.359689712524414
-0.402853786945343
3.029871702194214
0.7815978527069092
-2.107978582382202
-1.9490138292312622
-2.8183724880218506
0.17719778418540955
0.1475120633840561
2.52942156791687
2.3760201930999756
0.6837103962898254
1.1427141427993774
2.2900147438049316
1.5630847215652466
1.6276845932006836
1.767168641090393
0.3704633414745331
0.6611837148666382
2.8462605476379395
0.26168549060821533
0.9464663863182068
3.099156618118286
0.6562429666519165
1.9745395183563232
2.244468927383423
1.9157099723815918
1.6349509954452515
0.8925703763961792
1.8133151531219482
0.741161048412323
2.824795961380005
0.9747288227081299
0.6094576120376587
1.9114563465118408
2.457650899887085
2.0986738204956055
4.434009075164795
1.3089783191680908
-0.08466023206710815
2.1881911754608154
0.537666916847229
1.6508617401123047
0.935916006565094
2.128967761993408
8.065679550170898
1.4455701112747192
-0.11499001830816269
-0.33943918347358704
0.04468250647187233
1.2870745658874512
2.7741386890411377
2.2448458671569824
-0.1474030613899231
1.097612738609314
0.45920807123184204
1.5097345113754272
-0.9876323342323303
0.36581751704216003
-1.0834366083145142
1.1074063777923584
0.7340223789215088
1.7151269912719727
2.4730637073516846
1.3623127937316895
0.5867153406143188
-2.742095470428467
-2.7730202674865723
-0.45828670263290405
1.0949229001998901
2.8512256145477295
1.3197866678237915
-1.6143375635147095
1.040435791015625
1.540705680847168
0.38685253262519836
-3.8770811557769775
-6.607153415679932
-2.8239502906799316
-2.047208786010742
-0.25086721777915955
0.5666957497596741
1.1586064100265503
-0.5830119252204895
-0.12703269720077515
-2.3061299324035645
-1.764459252357483
-1.5534292459487915
-1.0740076303482056
-0.5518326163291931
-0.8788419365882874
0.3916148841381073
-1.5860497951507568
-0.8145709037780762
-1.1827497482299805
-1.6639164686203003
0.6349672675132751
-0.7508172392845154
0.7183730602264404
-0.8317599296569824
-0.6896024942398071
-2.243687868118286
-0.8610978722572327
-0.09090685099363327
0.9147056341171265
0.9568315148353577
-0.2868035137653351
0.7865062952041626
-0.6532542109489441
-2.1674487590789795
0.5413849949836731
-0.6077232956886292
-0.7762708067893982
2.815516948699951
-1.4156436920166016
-1.2833828926086426
-2.2913355827331543
-0.97450190782547
-0.6954718232154846
0.6425831913948059
-1.0112876892089844
2.2514123916625977
0.9326390624046326
-0.9589523673057556
-3.195333957672119
-0.8275211453437805
-1.582476019859314
-1.3766945600509644
-2.579127311706543
-0.948614776134491
2.7831857204437256
-0.06344804912805557
-1.0286526679992676
-0.42130500078201294
-2.616107940673828
-2.6233677864074707
-1.8367900848388672
-1.8116223812103271
-2.4323489665985107
1.2053289413452148
-3.052616596221924
-0.005361912772059441
-1.5307387113571167
-0.9138383865356445
-0.7715485095977783
-2.2053444385528564
-0.46361595392227173
-4.04567289352417
0.17306488752365112
-0.1726595014333725
-0.7147451043128967
0.10807090997695923
-0.44352462887763977
-3.7505762577056885
-0.918136715888977
-1.3882417678833008
-1.1973426342010498
1.4099067449569702
-0.23993845283985138
0.2744479775428772
-0.7900674939155579
-2.0769693851470947
-1.7621872425079346
-1.6944183111190796
0.02324516326189041
-1.982683777809143
1.5022071599960327
0.9292256236076355
-2.0507028102874756
1.4704242944717407
-1.4844228029251099
-1.2573788166046143
-2.137712001800537
-0.37670230865478516
-2.3141727447509766
-2.2865209579467773
-0.5655509829521179
-3.545609951019287
-0.6679601073265076
-3.5903003215789795
-0.8736134171485901
-0.7086938619613647
-0.5136755108833313
-0.8466648459434509
-2.112450122833252
-3.8146324157714844
-1.757088303565979
-1.6799510717391968
-1.3519803285598755
-1.0517293214797974
2.8134493827819824
-2.4806222915649414
0.009600132703781128
-2.715747833251953
3.7838809490203857
0.3594602644443512
-0.4600319564342499
-0.8175714015960693
-1.3139852285385132
1.493252158164978
1.487989068031311
3.566056251525879
2.843785047531128
2.1897032260894775
1.8351517915725708
-1.7027907371520996
1.6141730546951294
2.192927598953247
2.049975872039795
2.1873934268951416
3.328979730606079
5.045276165008545
1.3683416843414307
-1.1109991073608398
0.8878294825553894
0.4402870237827301
-0.3285401165485382
3.2135367393493652
2.165656805038452
0.4255533516407013
2.4753928184509277
-0.7667703032493591
-0.28060874342918396
-2.9940147399902344
2.0367343425750732
-0.6882906556129456
0.9096331000328064
0.8672569990158081
-1.1301097869873047
0.7801527976989746
1.1095936298370361
0.8864213228225708
1.178084135055542
0.11247675865888596
0.8474732041358948
2.978991985321045
1.555285930633545
-0.2691165804862976
1.0597269535064697
0.24593916535377502
1.9224982261657715
0.028102805837988853
2.073755979537964
2.1899590492248535
-0.32739198207855225
0.7983614206314087
-0.12505942583084106
0.38108235597610474
2.898303508758545
2.677464723587036
-0.17637039721012115
3.56453013420105
0.4920239746570587
-1.2523751258850098
1.4110714197158813
1.2354611158370972
2.7247090339660645
0.7701742053031921
-0.7989890575408936
0.30829164385795593
1.6847821474075317
-0.83610600233078
1.5282502174377441
-0.32578244805336
0.02522358112037182
1.0195205211639404
0.7602463364601135
-0.3726169764995575
-1.2811311483383179
-0.45679083466529846
1.3274743556976318
1.3773983716964722
0.16438041627407074
0.46853819489479065
2.030529737472534
1.8910657167434692
0.04455026984214783
1.0357087850570679
-1.1320654153823853
0.6047919988632202
1.168466329574585
-0.07809695601463318
0.416240394115448
0.2592882513999939
0.17134594917297363
-3.568648099899292
3.16444730758667
0.04969394579529762
0.8699196577072144
0.9649247527122498
-0.20406579971313477
1.1554843187332153
-2.3766770362854004
2.642486810684204
-0.6180408596992493
-0.5684934258460999
0.7706775069236755
-1.1562795639038086
-0.34231671690940857
-0.15874236822128296
0.32116153836250305
1.3862709999084473
-1.8191486597061157
-0.3235563337802887
-1.5852729082107544
-0.4246754050254822
-0.9161115884780884
-3.3761773109436035
-0.9099583625793457
-0.47496768832206726
1.308103322982788
-0.9320530295372009
-1.0848740339279175
0.6063765287399292
-1.7799080610275269
-0.06583233177661896
-0.736621081829071
3.795537233352661
-2.6435282230377197
-0.2710537314414978
-2.331707715988159
0.5273041725158691
-0.06599008291959763
-1.2856875658035278
0.6464384198188782
-2.1527700424194336
0.10319744795560837
0.8343657851219177
0.49489110708236694
-0.6264452338218689
2.5870413780212402
1.3694484233856201
2.9823243618011475
-1.2518705129623413
0.5712043046951294
-1.2534196376800537
0.9032392501831055
0.6182687282562256
-2.0183820724487305
0.9373437762260437
-2.4424896240234375
0.985332190990448
3.0395901203155518
-1.9397379159927368
-1.349273920059204
0.935342013835907
0.6645547151565552
-2.0830302238464355
-1.490950345993042
-1.3151882886886597
2.985996961593628
0.2306763231754303
1.4071080684661865
-1.4590952396392822
1.1219159364700317
0.5035955309867859
0.4563243091106415
0.004885896574705839
-0.23454979062080383
0.7187462449073792
-0.40544503927230835
0.26376181840896606
-0.0134557681158185
-0.5169221758842468
-0.005497856996953487
4.442302227020264
-2.9496500492095947
-0.1940488964319229
0.004049060866236687
0.01816321350634098
-0.31153565645217896
-2.1676218509674072
1.7059623003005981
-1.8750313520431519
0.6636905670166016
0.7217068076133728
0.6730183959007263
0.22012129426002502
-2.6692299842834473
-0.06403268873691559
-2.831757068634033
-1.7823609113693237
0.9538180232048035
2.7231521606445312
0.2569652199745178
-2.1733546257019043
2.9550938606262207
0.8768889307975769
-0.1285286396741867
1.3673303127288818
-1.462482213973999
2.3781819343566895
2.9451749324798584
-0.293973833322525
-0.7210870385169983
2.611138105392456
1.0403789281845093
-1.725048542022705
2.071634531021118
0.7709448933601379
1.355088233947754
3.209082841873169
-0.7027786374092102
0.679171085357666
-3.7794342041015625
2.6913504600524902
1.770447015762329
-0.8535131812095642
0.7539792656898499
3.446465253829956
0.243504136800766
1.465744972229004
-0.6812741160392761
0.20843754708766937
0.17388416826725006
2.780693531036377
1.255730152130127
1.8843015432357788
0.11486713588237762
2.5473477840423584
-0.30932286381721497
1.3385357856750488
-0.5442266464233398
0.8551499247550964
-1.3854012489318848
-0.4959126114845276
1.6259750127792358
-1.8893953561782837
-0.857204258441925
2.773653745651245
-2.972118854522705
-0.248386949300766
-0.18381166458129883
0.2865103781223297
-0.6230300664901733
-1.4475953578948975
2.365143299102783
-2.450240135192871
-1.0750411748886108
-0.7604150772094727
0.2561740577220917
-3.0498063564300537
-1.0920974016189575
0.43684259057044983
-0.835184633731842
1.424918293952942
-0.5314229130744934
-1.5653200149536133
-1.1650642156600952
-1.1223175525665283
-0.6902936100959778
-3.429349422454834
-0.22047196328639984
-0.426069974899292
-1.1920273303985596
0.6466241478919983
-3.741379499435425
-0.31613150238990784
0.8866207599639893
-0.7887378931045532
-0.1830480545759201
1.6290442943572998
-2.8088226318359375
-1.0025055408477783
-0.6402456760406494
-0.21668972074985504
-0.8882808089256287
-0.44733840227127075
2.9460294246673584
-2.4239699840545654
1.7508183717727661
-0.7355841398239136
-0.4007270038127899
-2.3800718784332275
-2.3363091945648193
1.332382321357727
0.8943986296653748
2.0412065982818604
-2.9154396057128906
-0.8215169310569763
-1.8299840688705444
-1.3570523262023926
-0.2887308597564697
-1.9262081384658813
0.322367787361145
-0.7407678961753845
1.4640812873840332
-0.19955585896968842
0.13067641854286194
4.055440425872803
-0.02434006705880165
-0.7191112637519836
-1.0300614833831787
-1.1395167112350464
1.8032058477401733
0.7598528861999512
0.6690332889556885
0.9135292768478394
0.06002075597643852
1.9171606302261353
-1.1530061960220337
1.632335901260376
-0.5982217192649841
1.698935866355896
0.07634378224611282
-1.1534174680709839
0.9564231634140015
0.8984814286231995
0.14018091559410095
-3.766113758087158
3.6998229026794434
-0.15763971209526062
1.4908199310302734
-0.226392924785614
0.02847130410373211
1.1871997117996216
-1.0417068004608154
2.0296003818511963
-0.0623224638402462
-0.596534252166748
-0.21549846231937408
0.5365378260612488
1.182695746421814
2.023789167404175
3.301858901977539
-0.7134886384010315
0.15162143111228943
-0.4265727698802948
1.298764944076538
0.9161571264266968
-4.1138081550598145
0.20303396880626678
-1.9387317895889282
1.0500876903533936
3.4063560962677
-1.914551854133606
1.011352777481079
-2.432731866836548
-0.34921368956565857
1.1002262830734253
3.2117247581481934
-1.2443445920944214
0.5027765035629272
-0.43852415680885315
2.065281629562378
0.5142350792884827
-2.395319938659668
-1.2506635189056396
-2.243928909301758
1.3081320524215698
0.9919174909591675
-0.14490771293640137
-0.690081775188446
-0.13328468799591064
2.0413012504577637
-0.5174721479415894
-1.4052760601043701
3.9076294898986816
0.9122838377952576
-0.8682436943054199
-1.5880942344665527
0.4154723584651947
-0.7907048463821411
1.6605960130691528
0.9755052924156189
0.5272664427757263
-1.170549988746643
0.019695434719324112
0.00013491800928022712
-0.08013645559549332
0.07180708646774292
1.2997897863388062
1.3131169080734253
-0.21878370642662048
-3.7647223472595215
0.7720196843147278
-2.389035701751709
2.078601598739624
0.22209174931049347
0.11523864418268204
0.8755927085876465
-1.8670413494110107
-0.402654767036438
3.0973637104034424
2.409813642501831
-1.3398168087005615
-1.791407823562622
0.25414493680000305
1.20847749710083
-2.6775460243225098
-0.42809203267097473
0.39984995126724243
-1.2385666370391846
-1.3647626638412476
-0.548167884349823
-2.916555643081665
-0.18065044283866882
1.0589141845703125
2.360997200012207
-0.11552686989307404
1.397984504699707
0.05644967034459114
-0.27501365542411804
0.29835575819015503
1.7026035785675049
-0.8367340564727783
1.7168350219726562
-0.7992021441459656
1.5620248317718506
-2.337329149246216
-0.9617857336997986
-0.19582295417785645
-0.5640146136283875
3.107478141784668
0.6304463148117065
-1.515625238418579
2.1806108951568604
-0.44108492136001587
-0.20603767037391663
0.24349333345890045
2.164721965789795
-0.5545597672462463
1.4357308149337769
-0.01176630612462759
1.8080614805221558
0.09221436828374863
-3.076597213745117
0.8753750324249268
-2.402686834335327
2.297694683074951
0.8186209201812744
-0.33866727352142334
-1.6514052152633667
0.5031981468200684
1.628526210784912
-1.0422250032424927
-0.8915939331054688
0.6655856370925903
-0.3398766815662384
-0.7383211255073547
-3.1467292308807373
0.7478188872337341
2.677044630050659
1.173258662223816
2.336078643798828
-0.5083263516426086
-1.3068243265151978
-1.1112372875213623
-0.0009726292919367552
-0.4169469177722931
-0.910873293876648
-0.2676105201244354
-0.03938441351056099
-0.8613337874412537
-1.1810894012451172
6.840611457824707
0.5177122950553894
0.012974321842193604
0.45410311222076416
-1.4015487432479858
0.2082473188638687
0.2498195320367813
1.351633071899414
0.8816683292388916
1.5656310319900513
-1.130313754081726
-3.232539653778076
0.6773372888565063
0.9934156537055969
-2.2627639770507812
-0.7191694974899292
0.5048710107803345
-1.2243329286575317
-1.1594778299331665
0.45295584201812744
-0.48547327518463135
-1.5528239011764526
0.5256457924842834
1.7105430364608765
0.7332777976989746
1.5379629135131836
0.4255358874797821
-0.7680312395095825
-0.27029475569725037
0.7765971422195435
-1.35439932346344
-0.22692790627479553
0.003217235440388322
1.7551440000534058
-1.032477617263794
-2.370166063308716
-1.6236488819122314
-2.544442892074585
0.4809516966342926
0.6671041250228882
-0.11392799019813538
0.963857889175415
0.1504412293434143
-1.7504452466964722
-0.47180360555648804
2.18778657913208
-0.4584909975528717
-0.009589171968400478
-1.5459660291671753
0.05584226921200752
-0.489029198884964
-1.9750744104385376
1.4901646375656128
-1.850626826286316
1.1281516551971436
0.4713756740093231
-1.416878581047058
-1.1880382299423218
-0.6719879508018494
0.529366672039032
0.27577146887779236
-1.5837531089782715
2.057082414627075
-1.3887748718261719
0.9517753720283508
-1.7337862253189087
1.1778945922851562
2.0152764320373535
0.17685282230377197
1.4360634088516235
-2.1429574489593506
-1.080121636390686
0.3927314281463623
2.417527675628662
-2.5980570316314697
-1.920149803161621
1.8714267015457153
1.2098822593688965
-2.5754525661468506
-1.9035530090332031
0.4407786428928375
-0.13221822679042816
0.13406643271446228
0.3228548765182495
-0.06145656481385231
-0.9539105296134949
-1.0938584804534912
1.7037453651428223
1.5384626388549805
0.6514344811439514
-1.870505690574646
-1.6096808910369873
0.975267231464386
1.0761427879333496
-1.6041319370269775
0.8331493139266968
0.6226349472999573
3.1272168159484863
-1.163947343826294
-2.0999910831451416
-1.6686506271362305
-0.6910865306854248
0.24568887054920197
1.272154450416565
0.6961996555328369
-0.25062522292137146
-1.3048126697540283
0.22091233730316162
3.5932886600494385
0.35593467950820923
0.1505291908979416
-1.618251919746399
0.20564785599708557
-0.46854880452156067
2.3293373584747314
-0.21938925981521606
0.10689790546894073
-0.35146841406822205
-0.29849404096603394
-0.3508809506893158
3.380709171295166
0.09881214052438736
0.24060317873954773
4.048843860626221
-0.5339148640632629
-0.3138522207736969
0.05606311187148094
0.6663588881492615
-0.8617538809776306
1.266155481338501
-0.5933322906494141
-1.3071202039718628
2.9653680324554443
-0.312106728553772
1.0654842853546143
-2.067964792251587
-0.567679226398468
-1.6797423362731934
0.7267894148826599
0.5283457636833191
-0.23562736809253693
-2.44793438911438
-0.41615965962409973
-0.6057863235473633
0.6545374393463135
-1.8346095085144043
-0.076497882604599
1.5315542221069336
-0.27343058586120605
2.7304680347442627
-1.7430616617202759
-0.8336450457572937
-0.6081740856170654
-1.0503689050674438
2.227623701095581
0.7799196839332581
2.964770555496216
1.8517366647720337
-2.194765567779541
-1.014231562614441
0.26650339365005493
1.878656029701233
3.3434135913848877
-2.80763578414917
0.7538002133369446
0.21875275671482086
1.0921542644500732
0.24048912525177002
-2.9301910400390625
1.4290648698806763
-3.2718398571014404
-2.660813808441162
1.794039249420166
1.7885141372680664
-0.8593977689743042
-2.3198068141937256
-2.1628153324127197
0.19631808996200562
-0.04970908164978027
-1.2705546617507935
-1.502813458442688
0.03839259222149849
-2.4180192947387695
2.428037166595459
-0.598352313041687
1.2012202739715576
