-0.29963573813438416
0.07812444865703583
-0.09400644898414612
-0.03525929152965546
0.16778427362442017
0.2143247276544571
-0.05519944429397583
0.2716720402240753
-0.15619604289531708
-0.09127897024154663
0.28550174832344055
0.283890038728714
0.29013949632644653
0.05237969011068344
0.13385705649852753
-0.04820534586906433
0.04001862555742264
-0.05450912192463875
0.020985625684261322
-0.018517395481467247
0.06283857673406601
0.11450138688087463
0.29748740792274475
-0.25405991077423096
0.22517098486423492
-0.27455660700798035
0.031949907541275024
-0.19063855707645416
0.12213461846113205
0.11074977368116379
-0.2558933198451996
-0.04242286458611488
0.1282452940940857
-0.1465991735458374
0.0461595356464386
-0.1007339209318161
0.0002961303689517081
-0.14166253805160522
0.029329679906368256
0.24663680791854858
-0.1483868509531021
-0.2955455183982849
-0.005833860486745834
0.16513413190841675
0.030527448281645775
-0.10490366816520691
0.1629490852355957
-0.1412287801504135
-0.2754839360713959
0.037431683391332626
0.12270655483007431
-0.2535618543624878
-0.07091931998729706
-0.1647154539823532
-0.08604804426431656
-0.04651632532477379
-0.008650237694382668
0.11546560376882553
-0.2664354741573334
-0.22610698640346527
-0.1797155886888504
0.038660284131765366
-0.04343581944704056
-0.1132282242178917
0.15415558218955994
0.1387123465538025
-0.016995739191770554
-0.15862810611724854
0.05514013022184372
-0.29394903779029846
-0.05266915261745453
-0.030940011143684387
0.2895931005477905
-0.1027502492070198
0.10046983510255814
0.07126616686582565
-0.015831034630537033
0.2638331353664398
0.020229671150445938
-0.02598973922431469
0.08722436428070068
-0.2123258113861084
-0.13744716346263885
-0.18218663334846497
-0.06356872618198395
-0.10980477929115295
0.16252420842647552
-0.27383726835250854
-0.2632846236228943
-0.10397763550281525
-0.04206705093383789
0.26154500246047974
0.16624239087104797
-0.03839743509888649
-0.26302769780158997
-0.06688576191663742
0.07899103313684464
0.29472610354423523
0.2842748761177063
0.0003864798345603049
-0.08006391674280167
0.14172175526618958
-0.1535036861896515
-0.28616881370544434
0.159634068608284
-0.18734021484851837
-0.16691406071186066
-0.1696435660123825
-0.2083585560321808
0.29098063707351685
0.2912232577800751
0.053031109273433685
-0.23696160316467285
0.005754643119871616
0.09081554412841797
0.22261452674865723
0.10698223859071732
-0.06619596481323242
-0.148279070854187
-0.09709136933088303
0.0385359451174736
-0.2703463137149811
0.15869206190109253
0.05643876641988754
0.24765245616436005
0.0109749436378479
0.29616525769233704
-0.17996381223201752
-0.18269023299217224
0.16738860309123993
-0.28022709488868713
-0.0487842783331871
-0.28138479590415955
-0.03779103234410286
-0.024894705042243004
-0.043650683015584946
0.15079566836357117
-0.13993480801582336
0.15415723621845245
0.10335683077573776
0.12290254980325699
-0.293123334646225
-0.1708923578262329
-0.21580736339092255
-0.15719805657863617
-0.23454070091247559
-0.023721329867839813
-0.03722473978996277
0.04806329682469368
0.24152228236198425
-0.030895274132490158
0.29560139775276184
-0.052119284868240356
-0.08836620301008224
-0.2195902168750763
0.27723655104637146
-0.13509580492973328
0.26594188809394836
-0.05350327491760254
-0.09605082869529724
0.26698949933052063
-0.1708817183971405
0.2179103046655655
0.07717014104127884
-0.08356910198926926
0.20683151483535767
-0.14285267889499664
-0.059918928891420364
0.1761828362941742
-0.20245733857154846
0.054774317890405655
-0.06487607955932617
-0.2591986656188965
-0.060317348688840866
0.2004871964454651
0.015336466021835804
-0.018144022673368454
-0.1569267064332962
0.05512475222349167
0.05910215526819229
0.08946427702903748
-0.2924821078777313
-0.15249662101268768
0.04381440579891205
0.05208854377269745
0.146136075258255
0.2919138967990875
0.2975828945636749
-0.1452934443950653
0.12045206129550934
0.2595492899417877
0.00972825288772583
-0.13178519904613495
-0.13650356233119965
-0.23859907686710358
-0.20692621171474457
0.18011708557605743
-0.02430732548236847
-0.07224313914775848
0.11751040071249008
0.13350021839141846
-0.0567442961037159
0.26569366455078125
-0.10313153266906738
-0.03513067588210106
0.13451582193374634
-0.0797138586640358
-0.2606200575828552
0.025868913158774376
-0.29034551978111267
0.19478535652160645
-0.0643506720662117
-0.02970052883028984
0.2652418613433838
-0.18268242478370667
0.2779521644115448
-0.24855747818946838
-0.18114957213401794
-0.0034766134340316057
-0.13524170219898224
0.12820026278495789
0.048410698771476746
0.20421834290027618
0.11954974383115768
-0.05518706142902374
0.14598003029823303
-0.08349615335464478
-0.060351818799972534
0.21836137771606445
0.18462379276752472
-0.048716187477111816
-0.19689255952835083
-0.16984745860099792
-0.2238781601190567
0.2559334933757782
-0.06013360619544983
0.1774003654718399
-0.017525535076856613
-0.06810720264911652
-0.04714464768767357
-0.1465778946876526
-0.2789234519004822
-0.23169991374015808
0.1440434753894806
0.2888904809951782
-0.2038702368736267
0.18990185856819153
-0.22857967019081116
0.16301530599594116
0.2182980179786682
-0.08210580796003342
0.2706056237220764
0.24796085059642792
0.03625286743044853
0.1273394525051117
-0.08711158484220505
-0.0867742970585823
0.0484866201877594
-0.19344298541545868
0.19837133586406708
-0.2539792060852051
-0.20938248932361603
0.01603613793849945
0.24949003756046295
0.00013370481610763818
0.12704217433929443
-0.2649023234844208
-0.14672067761421204
0.22904706001281738
0.2278347760438919
-0.07265087217092514
-0.011703863739967346
-0.27383798360824585
0.15666240453720093
0.19990259408950806
-0.16855528950691223
-0.09639882296323776
0.30316445231437683
0.2463151067495346
0.09796357154846191
-0.023711197078227997
-0.018752485513687134
-0.18825094401836395
-0.17189455032348633
0.07785629481077194
-0.2939155101776123
0.23930028080940247
0.1890658587217331
0.06513012945652008
0.059499189257621765
-0.10069626569747925
-0.20704488456249237
-0.2549746036529541
0.1856474131345749
0.008642985485494137
-0.07114819437265396
0.29291099309921265
0.02050176076591015
0.13763873279094696
-0.2429930418729782
-0.15498864650726318
-0.19605648517608643
-0.2718414068222046
0.027555476874113083
-0.2635725140571594
-0.22124458849430084
0.23677194118499756
-0.027567356824874878
0.2615669071674347
0.07368368655443192
0.09948350489139557
0.06935227662324905
-0.24167409539222717
0.1523020714521408
-0.10998515784740448
-0.09372887760400772
0.04307880252599716
0.1367044299840927
0.22934213280677795
0.1660117357969284
-0.2569691836833954
-0.12536028027534485
0.19930706918239594
-0.04991424083709717
0.15620745718479156
-0.029006298631429672
-0.21877144277095795
0.11147817969322205
-0.10668613761663437
0.048934001475572586
-0.2508041560649872
-0.025775745511054993
-0.03331848233938217
0.19469861686229706
-0.09317660331726074
-0.20393846929073334
-0.17511194944381714
-0.0052085816860198975
-0.021326497197151184
-0.15671247243881226
0.11617119610309601
-0.27102264761924744
-0.0086718974635005
0.2809065878391266
-0.03586924821138382
0.13283982872962952
-0.14829961955547333
-0.23777274787425995
-0.3048824369907379
0.11684809625148773
0.11418012529611588
0.15014693140983582
0.24840836226940155
0.022847222164273262
-0.19608967006206512
-0.2220296561717987
-0.1731283813714981
0.25137367844581604
0.2228064388036728
-0.04131234064698219
0.019857153296470642
-0.1364647001028061
-0.2573651969432831
0.2944822311401367
0.02750144898891449
0.27140331268310547
-0.17610080540180206
-0.1501673460006714
0.24356123805046082
0.06389760971069336
0.16212302446365356
-0.09979990124702454
0.2826010286808014
0.18128521740436554
-0.3000600337982178
-0.18354830145835876
-0.1824527233839035
-0.002180640585720539
0.034112703055143356
0.17749379575252533
0.1753796637058258
0.1535041481256485
0.23748932778835297
-0.09845783561468124
0.13267305493354797
-0.12326572835445404
-0.011765971779823303
0.04114356264472008
0.0290919728577137
-0.1348954290151596
0.14620840549468994
0.04856114462018013
-0.06103615090250969
-0.0555696003139019
0.14058788120746613
-0.08516883105039597
0.10575773566961288
0.021240660920739174
-0.01171301119029522
0.0786604955792427
-0.005537750199437141
0.05266178026795387
-0.1772119700908661
-0.04437848925590515
-0.1665136069059372
0.00555938296020031
-0.008613677695393562
0.07393333315849304
-0.016607042402029037
0.01290547288954258
0.049342527985572815
-0.08995568752288818
-0.12342025339603424
-0.08209563046693802
-0.057053398340940475
0.12978433072566986
0.0936165526509285
-0.14914830029010773
-0.1763644814491272
-0.029608622193336487
0.0727306678891182
0.09054697304964066
-0.09478709101676941
-0.1044386625289917
0.15202485024929047
-0.04557003453373909
-0.13547740876674652
-0.04057280346751213
0.036135777831077576
-0.011375418864190578
0.17112328112125397
0.058562785387039185
-0.17141315340995789
0.1172465831041336
0.13961030542850494
0.13735820353031158
-0.02879081480205059
0.09089482575654984
0.08177048712968826
-0.07710347324609756
0.042346689850091934
0.10264734923839569
0.1408393830060959
0.12097626179456711
-0.0927930548787117
-0.10993804782629013
-0.054050102829933167
0.04258467257022858
0.11020403355360031
0.15768687427043915
0.11930621415376663
-0.01532613392919302
0.1316019743680954
-0.015404823236167431
-0.1388791799545288
-0.09442126750946045
0.08495686203241348
0.008923709392547607
0.054804377257823944
-0.1009034588932991
0.1579478681087494
-0.13106417655944824
0.17088425159454346
-0.056944698095321655
-0.12844829261302948
-0.03352268785238266
0.012535201385617256
0.12491271644830704
-0.1505013108253479
-0.004503040108829737
-0.09614043682813644
-0.0718468725681305
0.10206221044063568
-0.0412759929895401
0.04227634146809578
-0.04103272780776024
-0.16608615219593048
0.1647493839263916
0.042354170233011246
-0.07838358730077744
-0.13885360956192017
-0.08947440981864929
0.05774366110563278
0.14778295159339905
-0.1272270828485489
0.16608896851539612
-0.0014022848336026073
-0.14647673070430756
-0.0998525321483612
-0.1348010003566742
-0.11164487898349762
-0.12301594018936157
0.07157956808805466
0.09310993552207947
0.09700239449739456
-0.005650247912853956
-0.13254842162132263
0.02611961029469967
0.09085375815629959
0.12343091517686844
0.04601002484560013
0.09385811537504196
-0.07694368064403534
-0.1518898904323578
0.1440809816122055
0.06974049657583237
0.14994117617607117
-0.005233656615018845
-0.06611429154872894
0.09053049981594086
0.06923122704029083
-0.17157600820064545
0.08891461789608002
0.14352937042713165
-0.14238405227661133
-0.00885559432208538
0.08154979348182678
0.1044434979557991
-0.11115159839391708
-0.16621628403663635
0.07373427599668503
0.025663718581199646
0.15813913941383362
-0.06911320984363556
0.0889805257320404
0.04033185541629791
0.0655062198638916
0.07168281823396683
-0.008873751387000084
-0.0912538394331932
-0.0419771708548069
0.05323685705661774
0.13333091139793396
0.03747732192277908
0.13217857480049133
-0.018597492948174477
-0.04915723577141762
0.10747897624969482
0.1552540510892868
0.009205551818013191
0.033123429864645004
-0.14809289574623108
0.03308452293276787
0.03573380038142204
-0.08417145907878876
-0.02673129364848137
-0.1639147847890854
-0.07499078661203384
-0.13705530762672424
0.021512722596526146
-0.05557209625840187
-0.0021728568244725466
-0.1626092493534088
0.0500815287232399
-0.06851202249526978
-0.15700963139533997
-0.047243550419807434
0.17069190740585327
-0.032345276325941086
0.11811117082834244
-0.10570762306451797
0.12956127524375916
-0.13178327679634094
-0.006069011986255646
-0.12359359115362167
0.03310422971844673
0.1634577214717865
-0.11228049546480179
-0.07369901239871979
-0.10954006016254425
-0.12139285355806351
0.09156069159507751
-0.027299942448735237
0.16950853168964386
-0.16382916271686554
0.03318873792886734
0.07726024091243744
-0.039284009486436844
0.0280156210064888
0.09569001942873001
-0.16422922909259796
-0.02457972802221775
-0.020516633987426758
0.0917007252573967
0.013067245483398438
-0.04291982203722
0.05184058099985123
0.11406168341636658
-0.09492697566747665
0.00043432865641079843
0.0749892070889473
-0.1490301936864853
0.10684540122747421
-0.03905463218688965
0.045958809554576874
0.11413043737411499
0.05191090703010559
-0.054646097123622894
0.0353027768433094
0.16465872526168823
0.08470068126916885
-0.1584572196006775
0.052954476326704025
0.04779849946498871
0.07159607112407684
-0.045268744230270386
0.033278144896030426
-0.16840273141860962
0.15147316455841064
-0.09474889934062958
0.07771036028862
-0.07447294890880585
0.14028838276863098
0.13168543577194214
0.14331069588661194
0.0952407494187355
0.007966523058712482
0.08952835947275162
0.07283149659633636
-0.044758498668670654
0.1230815127491951
0.05706270784139633
-0.06688514351844788
-0.10347780585289001
0.10018279403448105
0.10113413631916046
-0.045198120176792145
-0.008426754735410213
0.08279181271791458
0.0703626349568367
-0.1573663055896759
-0.1706649363040924
0.014067120850086212
-0.10830364376306534
-0.11823936551809311
-0.09828092157840729
0.04021276906132698
-0.001108472584746778
0.13088853657245636
-0.1092439815402031
0.07586478441953659
-0.06009899452328682
-0.16564984619617462
0.13050712645053864
-0.10340230166912079
0.07010897994041443
0.032231103628873825
0.01696271449327469
-0.1595352292060852
0.09724503755569458
0.14995846152305603
-0.053511783480644226
-0.11461704969406128
0.06057542935013771
-0.1608920693397522
0.04135412350296974
0.0250631645321846
-0.056092698127031326
0.148946613073349
0.14793521165847778
-0.05545183643698692
0.012656795792281628
-0.04700695350766182
0.17326848208904266
-0.01601637899875641
0.025018002837896347
0.140553817152977
0.12018563598394394
-0.07976371049880981
0.0330304391682148
-0.13012708723545074
0.11640513688325882
0.13393515348434448
-0.15073366463184357
0.08264856040477753
-0.040150970220565796
0.05152388662099838
-0.031175045296549797
0.16125062108039856
-0.01788671500980854
0.08126944303512573
-0.15368881821632385
0.0989173874258995
0.16742777824401855
-0.17807036638259888
-0.0020871844608336687
0.01075711753219366
0.00835942942649126
-0.08860597759485245
-0.06334789842367172
-0.07519519329071045
-0.16335047781467438
-0.08877496421337128
0.02891693450510502
-0.049024567008018494
0.12920691072940826
0.016166584566235542
0.030335593968629837
0.09618892520666122
-0.07901966571807861
-0.041346728801727295
-0.10783229768276215
0.1508743017911911
0.007514779921621084
-0.024161318317055702
-0.00420612096786499
0.05782726779580116
-0.08268602937459946
-0.06492128223180771
0.04650620371103287
-0.17063362896442413
-0.1789465993642807
0.14935073256492615
0.0038456430193036795
0.12212853133678436
0.16070514917373657
0.17393140494823456
0.07147431373596191
0.011122792959213257
0.03533587232232094
-0.06353221088647842
0.11192779242992401
-0.10469946265220642
0.08254412561655045
-0.0885537713766098
-0.08093011379241943
-0.17202173173427582
0.02225283533334732
0.09268823266029358
-0.17960065603256226
-0.0642312541604042
0.05118872597813606
0.14390750229358673
0.14185675978660583
-0.010756424628198147
-0.08040572702884674
-0.09413366764783859
0.04975961148738861
0.07585420459508896
0.13879075646400452
-0.1474558711051941
0.10492943227291107
0.09509460628032684
-0.13438966870307922
0.07597168534994125
-0.014238029718399048
-0.01489196252077818
0.06455910205841064
-0.14086087048053741
-0.11748883873224258
0.009733837097883224
0.13312649726867676
-0.17107561230659485
-0.10146519541740417
-0.11473697423934937
-0.029712243005633354
-0.14930500090122223
-0.028977377340197563
0.029196791350841522
0.04345526546239853
0.06066031754016876
-0.1499459594488144
-0.09500669687986374
0.048702213913202286
-0.06958995014429092
0.03206614777445793
0.0423208512365818
0.06839506328105927
0.0593184158205986
-0.09500601887702942
0.09525669366121292
-0.1469394415616989
0.07053157687187195
-0.10477043688297272
0.0006124246283434331
-0.16275173425674438
-0.05844085291028023
-0.09373002499341965
-0.05215957388281822
0.04114909470081329
0.0025391625240445137
0.12471985071897507
0.005537646822631359
-0.026934746652841568
0.1393936723470688
0.0834595337510109
0.009215783327817917
0.17305652797222137
0.17123612761497498
0.10948867350816727
0.15685145556926727
-0.11418429017066956
-0.09457135200500488
-0.04478532448410988
-0.03239201381802559
-0.07607301324605942
0.015236042439937592
0.04674436151981354
0.16658231616020203
0.0646306499838829
0.13766567409038544
0.008862767368555069
-0.02336006425321102
-0.1264149248600006
0.09454295784235
-0.011043939739465714
0.10070907324552536
-0.03504844009876251
-0.1661432832479477
0.02499290369451046
0.12917448580265045
-0.14678198099136353
-0.11883475631475449
-0.019032839685678482
0.16023895144462585
0.06976963579654694
0.15310786664485931
0.14053493738174438
0.04487194865942001
-0.026164380833506584
-0.1430760622024536
-0.15506450831890106
-0.038035761564970016
0.15461048483848572
-0.06277631968259811
0.04484742507338524
0.07115987688302994
0.023886801674962044
-0.03631755709648132
0.0169536080211401
-0.04125978797674179
-0.0031309823971241713
-0.1648310422897339
-0.05906246602535248
0.029075607657432556
-0.11374606192111969
0.11375506222248077
0.08855130523443222
0.1460006833076477
0.03279946744441986
-0.0504702664911747
-0.13214614987373352
0.08987119793891907
-0.055560145527124405
-0.13332010805606842
0.10502013564109802
-0.07891103625297546
-0.12424290180206299
0.05625484138727188
-0.027720129117369652
-0.11591747403144836
-0.04485909268260002
-0.1299366056919098
-0.05145978182554245
-0.14964988827705383
0.0797782614827156
0.02194962278008461
0.022251605987548828
0.11067458242177963
-0.13660861551761627
-0.1398811638355255
0.07048826664686203
-0.13314136862754822
-0.12934936583042145
-0.1129891574382782
0.18010254204273224
-0.09468813985586166
-0.005581571254879236
0.012956769205629826
-0.06789091974496841
0.027288634330034256
0.01442994549870491
-0.02046944573521614
-0.0670846551656723
0.18272928893566132
-0.07583737373352051
-0.15628238022327423
-0.14940716326236725
0.14497730135917664
0.14954853057861328
0.16774004697799683
0.022318843752145767
0.06117646023631096
-0.03157614916563034
0.08774382621049881
-0.11872534453868866
0.08285044133663177
-0.1296815276145935
0.16257023811340332
0.09456268697977066
-0.08519057184457779
0.035361457616090775
-0.16005054116249084
0.11971127986907959
0.06394383311271667
0.034856490790843964
-0.07010193914175034
0.14099381864070892
-0.13054558634757996
-0.15565724670886993
-0.0656757727265358
-0.15061897039413452
0.0006260373047553003
0.01453694049268961
-0.15493302047252655
-0.11030428856611252
0.018760574981570244
0.030540913343429565
-0.002949389396235347
0.11267752945423126
0.16747581958770752
0.11190717667341232
-0.037843503057956696
0.1880757063627243
-0.18834061920642853
-0.09666983783245087
0.06942359358072281
-0.2358599156141281
0.22934022545814514
-0.12398818880319595
0.08314225822687149
-0.14847727119922638
0.21935619413852692
0.016834180802106857
-0.2175307422876358
0.046864841133356094
0.18161387741565704
-0.17833693325519562
0.08183666318655014
-0.1084224209189415
-0.18903093039989471
0.06920423358678818
0.026364890858530998
-0.033077213913202286
-0.050526391714811325
-0.2446078211069107
-0.07579516619443893
-0.1547473669052124
-0.20297124981880188
-0.0897507593035698
-0.16007636487483978
0.22361506521701813
-0.021873826161026955
0.14142978191375732
0.17977851629257202
0.21343937516212463
-0.10212112218141556
0.20043723285198212
0.17341336607933044
-0.11691829562187195
-0.004104665946215391
-0.11630945652723312
-0.18107199668884277
0.10703238099813461
0.012627326883375645
-0.03810563683509827
0.23181898891925812
0.1500866562128067
-0.0005467943847179413
0.03266265615820885
0.12317389249801636
-0.2302343249320984
-0.05853651091456413
-0.091090627014637
-0.20270691812038422
-0.007367987651377916
0.10913737118244171
0.11378134042024612
0.2539045810699463
0.01949933171272278
0.07362862676382065
-0.23794615268707275
-0.198867067694664
-0.2090839445590973
-0.07039355486631393
0.206625297665596
-0.10990574210882187
-0.07260455191135406
0.061671532690525055
-0.051531631499528885
0.1508619785308838
-0.21307474374771118
-0.10960231721401215
-0.1337646245956421
-0.0912548303604126
0.10602504014968872
0.10446695238351822
0.012859062291681767
0.16197407245635986
-0.18864239752292633
-0.07960550487041473
0.1775139570236206
-0.1052839532494545
0.11127417534589767
0.028643619269132614
0.19218452274799347
0.23284365236759186
0.22187818586826324
0.11005248874425888
0.04392580687999725
0.008980492129921913
-0.08821754902601242
0.2293909788131714
-0.09659586101770401
0.24202929437160492
0.023155177012085915
0.12800414860248566
-0.11131957918405533
-0.21283653378486633
0.14425607025623322
0.12849390506744385
-0.026481684297323227
0.06290000677108765
0.0730241909623146
0.06966690719127655
0.15609413385391235
-0.013978743925690651
-0.16438567638397217
0.07993906736373901
-0.12003247439861298
-0.21633300185203552
0.1853623390197754
0.25839364528656006
0.07573329657316208
0.10456512123346329
0.1338387280702591
0.22297091782093048
-0.09002382308244705
0.14262619614601135
-0.22093994915485382
0.005889520049095154
-0.21739250421524048
-0.18346990644931793
-0.1912989318370819
0.033859554678201675
0.0769236758351326
-0.24190761148929596
0.0225845854729414
0.004087568260729313
-0.23259778320789337
0.24015261232852936
0.12992703914642334
0.24283131957054138
0.2511230707168579
-0.04555610194802284
-0.0015733339823782444
0.1425057202577591
0.24142640829086304
-0.1629149615764618
0.07632555812597275
0.12207970023155212
0.07522845268249512
0.06383709609508514
0.19741712510585785
0.23441098630428314
-0.1840594857931137
0.04160648211836815
0.08481913059949875
0.08692076057195663
0.22781750559806824
-0.1210174486041069
-0.08156940340995789
-0.08590783178806305
0.040759921073913574
0.026101866737008095
0.249207004904747
-0.18729302287101746
-0.06725814193487167
-0.07612664252519608
0.19817154109477997
0.23667451739311218
0.2463841587305069
-0.015030639246106148
0.11483961343765259
-0.137318953871727
-0.034712012857198715
0.05952521041035652
-0.07963188737630844
-0.14743010699748993
0.16630573570728302
-0.21891914308071136
-0.0858192890882492
-0.22793957591056824
0.16163773834705353
0.18791218101978302
-0.18675513565540314
-0.13277927041053772
0.1883825808763504
-0.026414722204208374
-0.1634991466999054
-0.18881718814373016
-0.19214589893817902
-0.15092433989048004
-0.058950718492269516
-0.0019086257088929415
0.10039814561605453
-0.05798119306564331
-0.20356178283691406
-0.07743582874536514
-0.12820127606391907
-0.20038412511348724
-0.17750097811222076
0.2532252073287964
0.07846557348966599
-0.0727178305387497
0.0744851678609848
-0.12046263366937637
-0.11842665076255798
0.13998273015022278
0.0863700658082962
0.028484780341386795
-0.05025561526417732
0.09726472944021225
-0.23801027238368988
0.22521483898162842
-0.1644907295703888
-0.19737787544727325
-0.0203684214502573
-0.10039930045604706
4.966362030245364e-05
0.09104423969984055
0.010584165342152119
0.06417611241340637
0.2670791745185852
-0.1976076066493988
-0.09410077333450317
0.0022907378152012825
-0.15775395929813385
0.15822595357894897
0.19209705293178558
-0.12206970900297165
0.22185160219669342
-0.027472633868455887
0.2531359791755676
0.11391080170869827
0.044884514063596725
0.10902334004640579
-0.04740184172987938
0.13126589357852936
0.11402688175439835
0.24652279913425446
0.1366756707429886
0.1449252814054489
0.21825209259986877
-0.24123460054397583
0.14585912227630615
-0.01268387958407402
-0.19509893655776978
0.21113400161266327
-0.14722880721092224
0.0055281613022089005
0.1279144585132599
0.03885273635387421
-0.19223062694072723
0.22899192571640015
-0.04534193128347397
0.06405364722013474
0.07356259226799011
0.13606281578540802
-0.06800957769155502
-0.05459681153297424
-0.13900744915008545
-0.19928953051567078
0.11460817605257034
0.1158100888133049
0.17242272198200226
0.15642626583576202
0.10420387238264084
-0.21090532839298248
0.04597940295934677
-0.17537438869476318
-0.144143745303154
-0.232182577252388
0.21066980063915253
0.08193843811750412
0.05140041187405586
0.16181452572345734
-0.16733993589878082
-0.1860620528459549
-0.11389331519603729
0.11133220791816711
-0.0019032205455005169
0.007150748744606972
0.042491763830184937
-0.0678212121129036
-0.1322752684354782
0.06294068694114685
0.10854996740818024
-0.08110697567462921
-0.011753462255001068
0.23196052014827728
-0.13987727463245392
0.061812274158000946
0.11362539976835251
-0.048372332006692886
0.02211129665374756
0.16772721707820892
0.2521961033344269
0.16659784317016602
-0.06484835594892502
0.049248792231082916
-0.13496141135692596
-0.08204364776611328
0.04745807126164436
0.16712777316570282
-0.20893938839435577
0.17258359491825104
0.1539166122674942
-0.002493166597560048
-0.17242980003356934
-0.00683404877781868
-0.1471731960773468
-0.1742447018623352
0.12104987353086472
0.0937066599726677
0.12392972409725189
-0.10338624566793442
-0.09440229833126068
-0.0405680276453495
-0.030797017738223076
-0.20246522128582
0.062113020569086075
-0.003018675372004509
-0.15059050917625427
-0.14913374185562134
-0.09639181941747665
0.07134030759334564
-0.017690928652882576
0.19746053218841553
-0.2079801708459854
-0.06075509637594223
0.10865050554275513
0.10650905966758728
-0.020059656351804733
0.1513710618019104
-0.20381593704223633
0.02111176960170269
-0.13027317821979523
0.24860598146915436
-0.19187524914741516
0.0926319807767868
-0.21339620649814606
0.15129028260707855
0.23196400701999664
0.05091443285346031
-0.08324334770441055
0.21107730269432068
-0.22767306864261627
-0.23464326560497284
-0.04937388002872467
-0.09235792607069016
-0.05699655041098595
0.11931154876947403
-0.18391886353492737
-0.08311061561107635
-0.1339939832687378
-0.020663490518927574
0.03695351630449295
0.005381363444030285
-0.1576007902622223
0.15962469577789307
-0.0007034956943243742
0.0948382318019867
0.14985094964504242
-0.1839098483324051
-0.18831685185432434
-0.1683395802974701
0.025603633373975754
0.2570689618587494
-0.10015875846147537
0.2744121253490448
-0.19012108445167542
0.15127654373645782
0.0235859677195549
-0.14706751704216003
0.25962236523628235
-0.15507091581821442
0.06766816228628159
0.2031308263540268
0.23260270059108734
-0.1926315873861313
-0.23391516506671906
0.10069648921489716
0.06423734873533249
-0.09492941945791245
-0.19971586763858795
0.0326298326253891
-0.11421210318803787
-0.08633138239383698
0.15046195685863495
-0.04487672075629234
0.06762133538722992
-0.09024812281131744
0.003923286683857441
0.11115560680627823
-0.2199418991804123
0.23485417664051056
0.01885548233985901
0.012021328322589397
0.10483812540769577
-0.16629399359226227
0.14546088874340057
-0.22814461588859558
0.2472376972436905
0.08480452746152878
0.041051629930734634
-0.01476329192519188
0.19530406594276428
-0.19908574223518372
0.2335549294948578
0.11150413751602173
-0.20457912981510162
-0.2094881683588028
0.14838537573814392
-0.016564110293984413
-0.13156913220882416
-0.022338617593050003
-0.0028558061458170414
-0.05461772158741951
0.23301543295383453
0.07205341756343842
0.008894638158380985
-0.04344258829951286
0.2304430454969406
-0.09555783122777939
0.16260145604610443
0.19600918889045715
0.23297514021396637
-0.2008332759141922
-0.0496215783059597
0.041473571211099625
-0.044600822031497955
0.05501682311296463
0.1344330608844757
-0.06167619675397873
-0.04901506006717682
-0.12201931327581406
0.13013048470020294
-0.11444555222988129
0.2374139428138733
0.04779394716024399
0.20971284806728363
0.0051352460868656635
-0.1499834805727005
0.16537588834762573
0.011885842308402061
-0.1295377016067505
0.08370254933834076
0.10345538705587387
0.25961583852767944
-0.11853442341089249
0.06646604090929031
0.01426590234041214
0.19327612221240997
0.1918262392282486
-0.05697907879948616
-0.002492172410711646
0.007112991530448198
0.10865204781293869
0.2531375288963318
0.11700330674648285
0.08036749064922333
0.2403300404548645
0.24644385278224945
0.24263837933540344
-0.1680687516927719
0.13261795043945312
-0.05962635576725006
0.11529248207807541
0.23450802266597748
-0.1472996026277542
0.06975213438272476
0.06732257455587387
-0.23046839237213135
-0.10029914975166321
0.12062481045722961
0.18986013531684875
-0.12663932144641876
-0.22907724976539612
-0.19266724586486816
-0.07324270159006119
-0.0998990535736084
0.01107228547334671
0.13198229670524597
0.06816257536411285
-0.11726151406764984
0.23212823271751404
0.2303812950849533
0.042859144508838654
0.1667778640985489
-0.18377062678337097
-0.04161214083433151
0.20005235075950623
-0.19480939209461212
0.09459512680768967
-0.06426791101694107
-0.0626770406961441
-0.04884020984172821
-0.08627054840326309
-0.002157866721972823
-0.20096005499362946
0.07857845723628998
0.023935135453939438
-0.08726292848587036
-0.02999562956392765
-0.16217254102230072
-0.08098364621400833
0.19912311434745789
-0.14805981516838074
-0.011101125739514828
0.2050403207540512
0.23981237411499023
0.1137889102101326
0.22073675692081451
0.047702938318252563
0.22955143451690674
-0.1672617793083191
0.03241516277194023
0.07201371341943741
0.2510896921157837
0.03942450135946274
-0.11294720321893692
0.2523439824581146
0.18792138993740082
0.18050909042358398
0.18149004876613617
-0.08094549924135208
-0.2173823118209839
-0.0051274592988193035
0.03292205184698105
0.26288390159606934
0.07495120912790298
-0.08579987287521362
0.2053017020225525
-0.013142628595232964
0.2729991376399994
-0.18922936916351318
-0.08963822573423386
-0.14489750564098358
0.20260916650295258
0.2437358945608139
0.06437621265649796
0.26562729477882385
-0.15084445476531982
-0.13248400390148163
0.2053828239440918
0.1512378454208374
0.16410915553569794
0.14773425459861755
0.08240411430597305
0.07463537156581879
0.07122638076543808
-0.19054187834262848
0.07539404928684235
0.17682071030139923
-0.10824907571077347
-0.3876470923423767
-0.10421327501535416
-0.3571392595767975
-0.03361421823501587
-0.3497265875339508
-0.29591402411460876
-0.11511153727769852
-0.09781688451766968
-0.2721320390701294
-0.1566098928451538
-0.14634405076503754
-0.10395856946706772
-0.05256025493144989
-0.3558026850223541
-0.23953495919704437
-0.27570492029190063
-0.3135377764701843
-0.23973286151885986
-0.2669183611869812
-0.06838274747133255
-0.03869543597102165
-0.26178860664367676
-0.3981795012950897
-0.3160557746887207
-0.22645236551761627
-0.22419901192188263
-0.3176371157169342
-0.20531144738197327
-0.16492168605327606
-0.08281946182250977
-0.3538624048233032
-0.195615753531456
0.08933219313621521
0.13921034336090088
0.3471492528915405
0.30740591883659363
0.3436143100261688
0.29729554057121277
0.4048942029476166
0.07065755128860474
0.3111321032047272
0.3739020526409149
0.09358314424753189
0.3402446508407593
0.11959093064069748
0.33807259798049927
0.15115821361541748
0.28655141592025757
0.13563664257526398
0.2331271767616272
0.38261836767196655
0.2148863822221756
0.2118062525987625
0.21050232648849487
0.3163105249404907
0.028490329161286354
0.25225549936294556
0.2594747245311737
0.21644210815429688
0.3319646716117859
0.17911511659622192
0.07924728840589523
0.3518475890159607
0.3985474407672882
-0.2976052463054657
0.30117619037628174
