-175.57167
-177.97581
67.39538
-78.54523
-40.87013
-123.87109
-80.71473
341.68378
-230.45325
2.360826
278.1379
-290.67487
-18.511692
223.58002
-67.17724
-288.61127
274.18668
-147.59325
-3.102188
-245.63821
-379.04788
190.50095
126.61928
-390.3291
15.514903
57.650333
348.01874
232.06174
-27.998821
-77.27045
-160.57686
32.00352
-199.3547
-114.093956
-34.48706
66.91494
-57.9412
-196.72609
130.99791
177.08401
113.19197
-185.25069
480.6123
-45.775005
-285.6153
166.83714
-250.6014
150.12892
205.24731
20.33596
94.32699
-253.11089
-2.7807035
-213.26617
97.466
-158.06686
20.913076
110.25388
-122.01201
-62.70916
-233.43399
14.327564
-113.14635
165.83505
-226.53487
168.65816
184.47514
200.90794
-95.70427
57.579624
-150.99078
-210.95058
-21.288857
-16.199955
62.096737
311.66544
-208.6461
242.38776
195.08966
-217.56126
171.02817
175.86009
209.33098
-3.5463994
32.051292
238.3695
184.68172
-509.53937
17.198515
-124.17982
198.42924
74.20808
276.5566
-309.64975
-44.271034
308.6406
63.938103
139.65627
-96.59975
254.38039
3.9502935
110.87747
-123.76874
60.987415
-2.2702947
-49.641533
-84.13659
-166.06834
276.83807
-191.63521
40.35606
-459.21478
121.56704
26.924839
48.047604
-332.2052
300.36597
-158.15424
42.256294
-248.2404
83.35636
193.31335
-296.7146
139.60857
-157.32834
439.65323
-61.986828
-81.59432
16.414425
92.24897
-103.50251
-14.817383
114.546524
12.660032
71.887794
-118.387276
214.95659
-27.109232
238.07199
-93.40852
-82.07336
-187.34087
-12.66489
207.92813
136.68991
-48.101734
45.446243
-8.729765
-80.48944
251.53145
217.16641
-63.90606
141.68007
60.265778
148.5543
18.683933
93.33171
136.19682
53.308712
-104.854256
-145.23793
5.9428444
461.86548
-211.31972
83.24632
-99.89775
240.8076
343.40225
74.25397
57.352966
163.17561
-217.91533
121.02894
20.605824
258.32727
-195.95113
293.20868
131.80745
154.16307
-234.42346
253.7031
277.77466
-139.21051
-32.03886
-406.39346
67.924904
-320.12375
-64.93838
204.65077
21.772377
-14.726763
98.0788
-106.172226
216.72644
-91.35852
39.132904
105.433044
-305.93918
-162.67122
84.042755
-143.43382
-127.69392
46.637405
-137.42607
127.14748
-57.176033
-406.42828
223.94356
12.788341
-65.4895
326.62527
221.4024
-207.2196
23.69409
56.63845
-15.690266
-81.183586
-48.406788
96.3189
-2.5545578
-5.292859
280.7312
-108.328445
227.35922
-154.93083
420.93634
-334.36853
271.5372
-414.08044
333.88297
46.15522
-28.824978
171.01791
365.03702
-427.4517
50.26271
68.58732
-134.97063
80.23944
310.91257
-51.77824
-686.789
130.0458
360.70853
411.78436
-84.101456
-97.88156
188.5035
455.03052
-17.554483
155.31465
-79.16241
153.51733
105.685715
295.99313
37.20471
97.94128
26.218567
-172.69745
-189.25323
126.77428
-191.83316
-92.83375
-7.050947
-147.96092
-56.43618
61.718056
-187.71773
-103.81107
119.88189
-127.87562
153.34666
-57.357365
-193.6329
-286.56146
41.733612
117.09444
-211.5055
198.22809
-105.11277
15.099323
-14.499965
-1.5704566
-17.719872
490.63144
-73.60579
65.6884
-385.5567
-2.5102396
-319.06848
377.53934
-301.59988
-109.54717
-41.19254
-157.10873
-111.5243
35.726536
-126.885605
91.34102
-3.1789644
414.2123
-100.104164
-175.98674
-145.83424
87.92184
107.640305
-158.16652
-76.84659
181.65706
-9.123056
36.532764
-154.5739
103.68744
-177.09753
-157.68817
76.73052
132.29248
2.8666506
136.0972
190.30664
178.49113
171.95667
-53.67724
137.8517
11.166444
-262.19128
27.694197
262.88467
-18.842583
188.25769
52.873604
-265.96375
-291.7889
-18.158655
-144.11827
-56.5084
259.5005
48.842964
-17.806534
-12.119586
-100.48944
-110.54225
-200.7063
302.19354
-3.534291
-29.94434
272.549
497.6117
-39.647366
-126.34986
45.235546
-222.27765
68.028496
-152.50146
-318.7921
0.062114954
-287.3677
75.27712
175.49269
-152.66718
162.49797
-46.970646
-33.71557
-379.3443
295.9144
-105.833115
6.171004
-67.601006
-3.0626307
-203.9165
142.4909
-95.34696
-92.96978
-45.807877
-88.45629
-74.06061
-207.50348
213.81209
-66.50686
44.94504
42.31068
86.31144
186.26572
-47.36287
20.269531
-12.878613
-38.351162
164.73312
269.23367
-70.62403
272.47437
-190.89388
237.45143
213.93471
-53.782833
-12.733888
311.5944
88.32044
51.780197
-240.68704
-183.37964
86.75287
-16.92708
-298.3234
298.57553
51.175278
-280.77933
-97.67
97.76793
87.76861
-93.55832
115.85777
51.287487
168.86569
-200.22156
-209.2359
-113.30689
-44.13389
-99.470245
-81.79662
-213.9043
237.20068
-55.45735
177.23764
-282.11975
-48.44273
-258.0775
-90.71801
-192.61627
98.62976
-69.90817
109.36308
-6.319559
316.99216
-154.13585
-115.937485
-130.732
103.22403
44.214935
21.19982
135.73904
-131.56198
-217.76077
-110.18869
143.02942
-24.201443
-124.4067
116.47076
200.7181
-16.444782
-277.9999
-121.10738
-207.81934
90.65964
-41.175076
-197.2428
105.17971
-22.857641
-304.42166
-500.09506
16.495007
-1.8406353
-24.23856
107.15468
-285.06955
290.6731
-186.5388
-54.702408
131.76944
-286.33237
-78.31571
-46.323414
283.59726
17.401115
-54.67223
111.151245
-232.10777
-84.518196
-56.312027
315.49265
96.88357
320.02734
307.78482
113.69561
-94.61212
576.601
50.388073
-138.81073
-159.69376
-339.98383
-45.483414
-11.49184
210.16454
101.57215
328.92944
-156.32072
-253.4671
6.2523823
-10.616739
128.7408
230.71347
92.28448
121.96277
-282.34818
-355.97266
-170.36325
-285.21378
-361.15656
-13.898893
285.69498
196.76488
-71.30515
-99.0641
-334.83344
-306.75055
113.82952
151.77213
-137.06462
36.537197
-215.0605
-326.6514
-20.637886
1.9187396
-22.54371
-300.8286
257.7677
0.442541
83.30546
28.03463
-173.00478
-117.0609
93.25376
-160.18004
-65.93052
33.342037
-128.76784
45.472336
-156.86845
-93.58291
-125.555016
6.420704
-321.78802
138.58345
89.454475
-452.8214
-66.8124
-136.73807
-133.83092
80.31787
117.47856
126.04197
331.27545
-58.21876
-199.08493
-71.76189
63.271427
-84.32065
-45.46819
-55.607895
253.53099
248.40549
170.1461
47.549873
137.29315
276.05383
186.15065
-111.54852
31.806847
197.56282
-169.43358
63.164394
-209.78365
-47.337204
-138.34798
-5.4028273
-254.25403
-39.08682
-114.5557
-382.93723
-177.24094
-73.68379
262.2964
304.94162
260.14462
-113.53662
34.3542
-82.02019
5.4900455
186.72221
119.84367
-53.080006
112.57949
8.274522
-86.08952
110.57905
-183.30054
106.41665
-315.42014
265.10577
-30.644466
161.7108
96.82248
274.68515
117.237625
203.37677
-26.141573
-226.34132
-264.51266
89.17301
102.109634
52.238544
36.996357
95.90534
82.660194
537.3139
-303.19443
409.12177
-152.9086
-178.98036
-147.26407
-469.2405
179.3717
121.07643
-148.72905
-142.29951
192.16005
79.28444
90.85718
229.59409
217.40448
34.498524
-13.968153
344.52405
-211.44775
42.833256
133.21681
-132.2442
-50.32263
-98.74716
-110.48774
-58.52273
67.49077
-141.5039
135.62689
87.52945
37.450928
-214.68777
208.33142
