-7.349514
-54.63018
-3.5373502
-3.4885545
3.6252954
43.583622
23.079468
-39.6251
16.262087
34.139446
66.15836
53.363384
27.44392
-21.91052
-23.614397
-127.87025
-13.706429
-26.515425
-57.483204
-7.403759
-30.42351
-87.39557
94.18372
5.3143997
-2.0961323
-8.370116
-3.298595
-69.67633
-33.146694
-21.625645
-31.899979
-40.636387
-1.9685363
-26.05541
-3.0962176
95.29413
48.85909
-89.00189
57.035576
-21.142483
37.496693
-52.870476
33.120327
80.89213
0.8831179
142.00972
-33.46373
25.150742
28.045433
83.11058
-47.725178
20.287584
18.504337
-36.093414
64.0158
-33.79983
17.490456
44.523716
-30.458096
7.9771338
-49.678932
-34.972397
-42.164387
-24.865658
-9.892647
92.02171
39.732998
-53.027626
-58.573784
-73.3932
-43.26808
55.8979
-0.35147092
67.68263
-4.0514956
59.47039
-19.067287
39.289867
-32.732567
-17.581686
-41.150574
42.77784
152.5196
42.934772
-6.5944333
15.736802
55.055725
-22.005322
29.074808
-9.7604475
23.417978
44.56667
50.93155
-17.813816
-22.189556
16.18049
21.022158
-67.693985
-7.7089586
33.860363
-102.517
61.280544
-11.524696
-30.923183
36.07008
-22.811562
-79.07624
-24.827152
22.449858
-72.085175
15.285431
-21.146221
28.272703
11.396903
40.30487
-47.77254
-11.40685
-31.00025
-22.479523
-17.85378
71.30753
-42.291893
-41.6232
26.833792
55.229267
129.47525
-67.48152
107.833305
26.049948
-18.226374
-84.57131
39.450825
6.1670146
46.38442
-61.66317
-17.2734
-23.229546
-54.071167
-13.341377
25.735916
-74.66065
34.530285
23.884344
63.119816
12.318989
-30.454662
16.96019
23.376097
-14.450885
-12.783347
-102.6845
107.72003
-38.988155
-70.63395
22.669615
126.90407
44.37208
29.862112
12.003044
-98.72917
35.9903
-32.49547
148.95027
-14.01092
-38.53324
-4.9057894
-51.934444
-41.3366
10.762368
-53.597324
14.399929
-6.6416583
27.108953
4.7369885
41.9168
17.871078
47.1822
3.221162
164.30879
53.685646
15.866071
95.45235
46.04716
13.658225
-36.95128
-40.869133
-80.84384
150.66454
27.266455
-37.049
2.9943683
117.980316
11.888317
105.10447
-37.949585
-46.234676
64.35273
45.553986
51.46245
-39.607536
49.813877
15.522342
-21.658913
-63.1972
-0.5892005
-14.848665
12.201993
60.84586
-4.8434906
48.61272
43.65435
-47.4779
-60.111397
-30.815277
-32.988342
32.728027
117.43474
26.144995
1.247869
-39.970264
-17.430725
-54.646534
-46.18193
31.34866
-59.9807
-73.211136
-11.496355
97.314896
59.95617
-3.0863457
-54.10316
-48.028473
44.95758
20.2432
-70.16193
-25.91345
38.363804
10.501372
-15.261538
85.19577
-105.16633
10.640084
7.700494
20.117527
42.881413
-71.51053
-104.95608
-53.4422
9.0626545
57.8884
-64.63992
-11.870961
41.97091
-76.398415
32.53184
31.888878
-21.330193
-12.951723
45.31793
36.177338
-77.2994
15.688745
14.52159
60.309937
-44.59804
-13.811546
-27.192917
-89.56717
-26.526588
-64.22477
12.2590685
-51.3082
7.127725
45.441116
44.07772
67.11931
21.291197
-43.411896
10.805714
41.557095
-44.838974
36.09395
6.128882
-68.492096
-62.243824
-11.812133
6.681827
-96.30001
67.43943
29.500046
28.336237
-9.21963
-6.594284
39.712757
37.681053
26.436592
24.52676
-53.854176
-49.056877
40.784336
56.63069
10.570807
13.090069
-35.037495
117.19099
55.842934
6.239275
56.873096
30.354013
20.419655
-19.115602
-41.246223
28.437809
-52.030643
-54.729103
12.170656
4.031583
-57.541435
-21.718586
-5.992233
-34.88253
91.63724
-23.672106
18.86041
-99.42842
79.938286
-69.7707
-102.035034
35.335606
-21.453287
-14.672286
-72.504875
5.2161503
17.632513
-4.1638246
18.460169
36.2552
-2.9135678
23.28037
-36.121
23.40308
-41.299046
47.43109
63.06352
23.652096
-98.16419
12.518343
52.498142
8.285409
20.456827
184.04916
-33.157303
13.799448
10.088582
-73.85586
-19.444529
0.79421073
-62.87201
23.811306
13.889761
41.917458
9.352809
-3.8045664
-67.26165
-10.76754
-85.64743
-69.22587
13.451629
105.70951
-84.00333
75.83005
41.82323
-35.048637
-44.05811
94.97268
-27.356682
-51.649284
0.08781505
44.430435
69.13591
-11.353471
-0.9780481
1.3615613
-34.608566
-19.6859
-1.7505299
-2.0405693
27.280706
35.195675
-0.65802044
-34.76501
-69.30628
0.9264529
3.4962854
-27.476173
-12.040031
-32.85014
38.634163
51.74962
67.59004
-33.745804
84.836975
49.459324
60.72308
29.869337
44.41793
-32.576996
-17.93002
87.572525
52.97827
-15.032941
1.0545518
109.93314
-2.7480485
30.606012
-50.487095
82.39364
-17.263617
-41.43449
-29.273087
-47.410603
-41.23764
25.393555
-8.265974
-0.91478896
-17.540897
10.218399
-162.20699
25.265188
51.905735
26.94806
67.25757
-17.697977
23.128551
-29.020088
-77.45423
-91.800316
10.599825
-2.744377
-49.555656
87.59617
11.015165
22.767815
39.268734
-28.22718
-10.025506
-89.489006
42.841476
-1.586396
-12.426147
-22.955103
56.801613
51.93857
-33.908424
-48.75923
-64.89269
-14.3540325
82.35757
-9.271411
34.81933
-5.1979856
36.25166
-37.6322
-27.98482
-51.025642
-11.897234
32.27425
-27.919767
34.52854
-80.46493
-18.414942
-20.435205
49.813522
10.833452
-16.775976
-23.333353
-75.62086
32.57675
-23.555079
-70.968315
-2.6123319
87.766556
47.42861
62.51885
-56.17962
-45.686947
-16.068687
51.233437
3.0310009
29.096941
-22.905859
2.5931077
109.35328
22.052565
137.755
-55.858055
-50.44172
-6.6281757
52.98797
-2.4630435
39.561108
-28.50175
8.501301
39.139275
46.2167
18.850307
14.515499
-115.11824
14.565624
47.618298
52.3355
-75.34026
18.873486
-65.409836
2.7890992
-37.39178
25.419321
0.9699104
-19.489153
-34.036232
12.638713
-59.783936
-22.174149
29.823368
59.226566
64.117195
4.5857754
22.309155
-26.838242
36.022865
55.92159
24.868902
-38.963413
-46.574947
43.70347
23.063646
-73.33378
25.198893
-73.008484
-99.22243
34.35876
20.410873
-59.29561
91.5263
-82.14708
-3.8696408
-36.750076
-33.84557
80.710236
83.68389
21.187523
67.06644
-0.9764286
20.686995
11.787449
-24.021526
-53.55275
-14.931607
-8.392666
56.635
120.818214
17.524515
4.495504
30.95546
-16.869091
61.754093
9.585091
29.12538
-47.138958
27.996904
68.8577
-42.967278
7.5222597
-7.1970663
24.238194
11.862852
-29.677052
-7.0027165
-7.923805
31.509672
60.192142
14.527971
85.60639
57.999714
-25.344894
-16.202305
43.66464
32.356064
28.194733
25.01086
-70.96387
1.1313014
17.183514
-23.706764
-65.16217
36.36749
9.320105
14.32212
97.183464
-65.47146
8.955157
49.163147
75.12067
-91.030235
-56.227654
-46.910206
-71.92501
6.0809603
-49.435658
-34.565937
-5.910178
-2.5395854
-39.606773
-65.1564
58.00876
33.71049
10.711172
-3.5542684
-75.170044
-7.6707706
40.708378
-44.58447
-62.735294
-56.604973
63.615295
-21.822914
-31.8379
-6.6283975
3.612845
-33.62285
35.49525
-61.117207
-10.862077
-67.97512
-2.351244
13.103312
27.509686
17.066694
22.209541
-14.578239
0.14052504
6.8212967
-28.982033
4.757468
-38.169064
10.714005
26.852741
10.702074
