-94.931915
-112.84827
-72.365845
40.667305
11.0904455
52.786133
-2.129126
-15.714966
73.81176
14.568394
46.48025
103.3838
82.35636
-119.46637
-119.22419
-110.93217
-30.109774
-8.286501
-32.855682
-47.425735
-47.110863
-60.80187
108.77868
-6.5876412
21.362286
53.174416
16.226334
-63.82066
-16.98159
90.8044
-33.957256
2.851368
-9.357065
-52.330463
-72.817955
131.41058
28.425236
-138.68365
50.59403
26.204664
93.18239
-28.174585
147.65967
112.40181
-5.500323
104.36409
42.849
38.229473
93.546844
75.17106
-91.38537
-45.131893
-17.301277
-31.99235
44.03697
-57.508827
72.84586
24.888142
46.683384
59.337177
-36.615578
16.987053
41.99578
-28.589409
-111.89894
37.16664
70.58104
-12.047108
-112.0787
-31.648428
-3.0600657
54.2104
-7.3986416
88.37964
20.46502
102.71124
64.17317
1.7107418
-26.710669
4.283749
31.081062
94.85629
152.73276
44.71563
-22.25599
-7.9721403
83.80069
-67.8018
87.23871
-77.10942
-15.644895
74.778694
159.3494
-22.706387
-26.773663
50.367924
-14.497845
-23.25232
14.793142
67.30873
-107.164856
124.7706
8.064001
-28.456741
36.62883
-23.833557
-31.680723
-20.31794
125.95478
-128.74199
44.757137
-96.07027
-27.133482
18.72293
16.179712
6.972352
10.456837
-15.975615
18.208591
-64.99897
88.46727
-72.64474
-2.0804899
82.340805
6.8065267
173.43698
-94.07935
46.59414
-17.7304
-81.85123
-57.801414
50.27175
-79.483925
84.68649
-47.83217
45.6336
47.620255
-39.861412
28.826508
-26.744804
-116.25907
-30.044174
20.978468
130.2209
15.27912
-14.042302
-4.558307
65.87935
-117.20456
-9.686184
-145.71916
104.19738
-105.35923
-95.049095
-36.304657
181.8453
32.19151
-65.11862
-21.158047
-126.36557
74.28669
-54.00901
239.09721
-63.893726
13.028278
5.0074415
-2.0407383
-73.033875
-19.458551
-55.796455
90.023125
-27.734161
123.2911
10.685636
175.85797
-87.417946
54.33687
2.7784824
117.352554
22.983574
37.910194
115.72399
65.093864
-18.190268
62.782658
-145.0732
-80.949684
153.20161
70.91167
-18.280758
43.161022
132.3084
-59.065437
131.57988
20.05626
61.67871
126.48866
75.252975
63.960403
-66.8799
23.706722
130.09337
-75.99573
-103.12736
-55.278282
-42.23217
-42.48328
109.79898
38.35962
69.82555
47.666878
-44.22433
-47.0045
-4.128705
-63.60183
77.59617
16.861637
33.91977
-23.717722
-38.954475
3.413955
-7.475038
-49.589844
31.119587
-131.92862
15.592702
-40.026943
160.57767
3.572082
-37.96697
-43.29274
-20.982044
28.264318
104.30525
-39.552643
-71.96845
95.3305
-36.065105
-69.2993
97.25194
-45.559784
14.084847
192.8521
107.7891
152.79782
-70.47815
-92.923874
-81.050415
13.212558
59.29324
-79.19234
-51.765236
26.939068
-44.486546
-8.9269905
81.26634
-69.36325
-36.869385
37.420273
-20.93815
-48.55452
58.917564
44.911057
144.33961
-64.11848
-56.979546
-21.60107
-101.490776
-47.301697
1.5431044
-15.052587
-17.27415
-40.263012
5.607083
-85.01864
136.45059
37.478603
-53.42831
-13.7672
22.52817
-105.65715
-81.42264
-10.828922
-66.78902
51.06984
-55.5659
-114.56919
-158.68297
64.13695
64.47178
110.66624
-42.41596
6.0685015
128.71239
94.558075
57.79248
-37.007286
-30.829292
38.15096
-11.228521
71.35242
-12.433859
58.86989
-11.550676
55.051083
29.061827
90.8268
29.0867
44.994415
-114.59957
16.307095
3.663823
17.621195
-58.218945
-103.13321
124.18377
-6.6466637
-41.46161
-90.74739
-0.06366277
2.414291
89.810425
-31.43431
-77.422165
-27.492682
-11.826342
-75.09355
-99.12773
74.0882
38.309082
-49.33328
-4.621
-57.949623
135.35124
-12.74453
25.739113
74.86034
-60.44025
-6.1889796
-40.507164
45.276257
-35.391476
46.208576
84.196594
24.616364
-77.88645
45.114174
64.740486
-67.91115
22.554792
147.74263
-141.27844
-43.51634
-37.202667
-147.1942
-1.17169
-29.232925
-84.96199
66.79018
-49.708683
19.255209
18.927813
-10.113057
-166.90338
-53.95553
-5.3705344
-68.193924
152.85957
162.54039
-95.43823
42.077423
9.333474
-21.870829
-73.38952
34.858665
30.089462
-141.00333
53.57818
-2.601968
-14.315429
-52.219284
9.45829
78.61847
-41.888775
-42.468708
-51.95277
-5.4906216
55.747192
34.980396
-41.975895
-10.3260565
21.028559
74.91283
-48.645424
13.093893
-51.020554
3.1732717
88.10148
17.755764
-15.819844
-15.696759
89.179794
158.57106
109.52104
46.33998
3.928607
-35.24536
50.104145
66.60419
60.456
-8.449341
2.147031
127.39993
-9.829217
66.74092
-47.2492
78.36783
-23.252317
-46.563652
-23.031796
56.395878
-71.85181
18.52209
44.16506
-65.9777
12.562578
6.2630796
-103.5049
5.7093315
140.06862
5.9765377
209.34367
-37.70424
71.16388
-20.881449
-76.279465
-140.79747
51.57721
19.009706
-13.449722
61.09541
20.714144
-2.4359117
7.2539377
-12.192352
29.724983
-126.10356
-6.2713585
11.24773
12.068192
-92.688675
28.538942
26.166584
36.065014
-22.968203
-91.417946
28.282328
89.95499
-78.17001
54.679523
-70.33757
17.997982
-6.236818
26.73463
-67.65864
-9.93591
36.111683
-19.74276
43.141075
47.89805
-31.562635
-37.466568
59.38465
50.26981
-56.658054
16.283354
-55.112206
40.287056
9.629378
-103.68661
-71.18572
193.02275
32.14332
146.1748
-26.796236
73.3794
17.814459
25.778633
41.114384
-14.4078665
-113.37231
11.544569
65.417496
68.50831
113.50123
9.732377
-37.546925
-28.27898
1.3168685
-18.826982
57.127502
-65.47705
-21.778336
-21.800617
-21.086506
-35.010315
-46.237434
-179.52328
86.63278
81.894394
139.83842
-50.783947
-12.675442
-81.70588
32.13008
-26.851068
51.910217
-63.81456
-57.863876
5.4390955
-69.25862
14.647858
-17.603357
-5.7724237
7.9388576
86.57473
-22.409462
41.26038
-103.74437
-5.9790006
72.38608
28.680109
-101.8571
-82.80878
86.17757
4.2084713
-29.806215
32.229546
-78.57419
-65.48518
-16.75149
10.439065
42.512398
92.975136
-80.32842
67.63071
-92.579384
-25.67257
175.39027
53.70064
73.97115
108.646935
-32.226616
41.0796
14.029363
65.36851
-67.91788
-53.429382
-44.425877
54.72335
105.87222
106.43091
-24.451616
9.850157
25.728096
60.434418
77.7692
-39.8488
-24.12766
102.35252
77.334045
56.879436
130.54927
-53.164024
76.04782
28.217524
-75.45666
25.43016
35.336033
12.0299015
40.99625
148.84842
141.68466
114.32384
34.055977
-132.15764
-64.09625
24.403961
83.63826
68.6466
-39.59149
32.527267
48.136562
-55.761105
8.368942
9.687873
76.48033
-85.07047
11.892502
-70.24248
31.637238
100.60939
135.47862
-64.729324
-43.214367
-101.34763
-78.823975
-67.115974
19.558565
7.223093
-53.856792
8.709688
-72.9151
-98.14496
66.73166
8.491284
26.749979
77.85793
-83.60855
-36.840492
-6.1711054
-52.16383
-18.098837
-42.84834
57.90344
-3.0241528
-12.0709305
55.33606
-24.665064
-48.31571
-23.392555
-4.356652
-40.016445
-161.56485
25.143436
46.869785
60.58342
-5.958663
33.89734
-63.452858
-70.8753
-47.19185
7.9915648
-34.404385
-107.247955
96.99894
-22.168037
29.755829
