-122.639465
-329.8376
109.30273
29.007114
221.63275
36.240078
155.81259
466.06265
-171.01825
-83.503006
285.50897
-318.8653
-27.18119
365.00424
-187.89734
-388.4066
204.6862
-134.67877
88.25632
-149.95506
-320.42703
213.24635
218.33366
-501.36475
41.984142
-11.483854
421.90225
330.09763
65.44305
116.3262
-64.617
9.890407
-176.95317
-114.39422
73.85057
332.8116
-35.751595
-274.29257
228.69508
129.56703
206.34221
-284.95175
386.66974
3.4428215
-142.24977
186.83626
-166.89282
8.066244
275.2207
95.27165
166.68185
-102.90498
-99.36773
-148.05185
186.1465
5.5363073
78.13613
46.334675
-108.92443
-145.27795
-146.28835
67.27825
-243.14781
218.8243
-282.62625
373.1675
69.875404
231.18806
-168.76193
-67.916115
-179.19424
-316.7352
-73.19523
-96.50691
171.36612
344.22607
-241.0757
402.67285
255.61763
-256.33438
206.01189
55.84903
-40.96245
69.902626
-49.9279
260.2449
265.94882
-421.71417
285.02515
-98.33274
88.45417
102.7324
388.48352
-217.98221
-146.57935
339.44452
70.93257
24.196096
-116.50101
476.52933
-110.80629
73.49733
22.985947
19.124195
58.82266
184.26836
-56.92931
-81.03356
294.47702
-337.98074
19.025887
-465.07892
68.0526
-33.952606
13.604518
-387.4084
263.07727
-108.463165
142.34914
-143.18813
-68.21056
182.02129
-204.30603
255.22343
-139.59827
491.04993
-193.1528
220.73982
63.94178
373.98682
182.68161
-68.38496
158.1007
-125.32845
81.84606
-178.29366
179.56609
121.92615
372.93747
-11.345656
-255.52951
-285.5973
-97.7672
195.0664
84.18211
-136.76642
-33.074646
-89.00882
-205.58063
169.73659
331.47833
-37.898952
-19.023966
69.700165
185.0836
37.094376
43.205223
236.35683
82.37885
-24.660343
-168.94115
111.844406
520.7321
-95.50595
267.22937
-223.93797
268.87488
367.63126
60.101303
32.038605
350.40125
-192.19812
-9.410659
305.39514
133.98853
-259.86
271.67612
324.995
225.3233
-310.07755
238.07085
264.37662
-64.757385
-84.21707
-179.51138
125.8279
-459.35727
-61.507675
248.41786
-72.82838
-74.66344
218.76291
-180.85515
339.851
-95.74927
-21.565948
172.90273
-388.27713
-201.5896
180.78459
-54.64965
-128.3345
-122.340866
99.82959
38.07091
5.9459
-303.56512
232.81627
69.84483
-41.41412
282.37515
168.7752
-60.015717
-107.02655
167.46953
-8.279817
-303.95694
-78.703316
119.952774
-63.958847
-116.434616
258.37073
-203.83516
417.0347
-289.76266
637.84
-347.2628
209.4742
-464.3581
353.9331
-142.51698
103.91371
202.89041
236.09213
-378.8811
243.35284
58.547157
-153.9689
272.89404
336.18488
5.302333
-626.4884
191.63097
524.187
557.39905
126.15446
-169.06909
44.720913
342.92877
-149.09853
209.81818
-11.287507
181.62357
198.5451
142.15396
-22.923283
228.73541
55.245514
-132.06279
-284.11664
247.0308
-113.23694
-84.93976
17.01819
-202.66833
-119.02089
124.41156
-164.80208
-9.956626
273.41165
60.181393
150.43231
-46.93174
-155.5853
-363.99673
-98.6211
64.021675
-12.021143
125.976074
-231.0021
33.62525
-24.672085
-0.94651437
-109.949104
587.0572
-136.23001
243.98035
-450.6037
146.80634
-373.40286
435.53403
-271.9893
-126.837616
-119.89154
-148.39905
-49.605003
245.89925
-181.96458
105.83075
57.39588
420.88162
-95.89187
-142.11104
-50.165146
187.6188
143.32014
-62.65751
-277.38004
253.66231
-16.5892
-74.4133
-291.43033
56.43239
-274.8275
-145.4779
163.17046
51.776215
37.906853
189.38232
201.12102
384.5157
-26.276798
-171.73048
116.48066
-67.800354
-177.7498
-90.69717
159.00938
60.53793
141.01045
36.08976
-236.44083
-314.86072
65.33016
-139.85577
-169.10545
175.53905
142.43994
29.219015
-139.51201
1.8262811
-379.82532
-175.1353
295.82977
-60.50185
-65.39467
282.70764
531.10944
-277.72534
-251.35847
99.2496
-278.02563
-62.434147
-125.65804
-487.73828
-87.988014
-292.62598
-6.1274967
109.01437
-270.74335
82.766495
-99.33264
-88.817924
-221.30429
385.14917
-165.0122
-39.8689
-10.705214
-83.12214
-225.1402
187.10526
1.0990188
-291.14114
-20.970608
-10.629213
7.5033627
-205.24757
131.87521
-82.12349
-21.879288
-79.961845
111.04381
289.84067
36.42158
-48.36344
181.16292
84.00251
198.52425
384.07983
-153.97133
355.77982
-65.78092
374.80612
151.97853
-43.966152
-104.14633
243.95316
93.87306
-142.50165
-268.6761
-176.93762
178.77336
210.61879
-121.906784
205.96059
47.103176
-409.1803
-78.11908
-2.4544659
270.9149
6.624758
140.75092
88.2836
216.89026
-259.69028
-202.85883
-185.60406
-101.49385
-239.34863
-2.5116239
-253.1374
92.7043
-1.9982082
277.65384
-322.18228
-0.32487726
-313.04428
-190.83676
-267.6408
-33.509674
-130.71042
247.67418
-143.74721
368.21002
-198.73659
45.215973
-140.24318
-46.242336
37.96757
-91.95235
80.04694
-75.424965
-225.19148
118.0174
287.62747
-150.77641
-143.1856
90.29474
205.4806
60.248608
-380.74197
-79.61853
-269.36993
140.24577
-55.214355
-135.41988
133.87962
-224.20096
-335.2507
-474.00116
-17.627441
-148.419
139.93407
36.139687
-204.41844
372.92615
-306.3723
76.189
34.738586
-269.65897
21.850382
121.92087
344.5055
-153.55214
-145.48387
12.430314
-97.77704
-97.21255
-114.14793
349.39963
199.88951
154.76538
275.9096
79.8779
-207.78839
447.83948
116.5695
-119.8065
-188.54643
-285.62082
61.202354
11.673104
273.87686
50.642094
226.75264
-273.96902
-381.6314
-55.286873
87.84386
76.953
364.42606
67.64579
-61.673996
-319.88397
-358.78647
-370.53387
-290.76782
-459.72986
16.550041
342.81696
112.686485
-107.03574
128.40207
-408.45172
-401.99564
133.64449
99.46668
-204.62036
61.39653
-118.68665
-303.67447
-28.450441
64.93536
-80.47328
-229.21143
193.8675
91.960846
-6.1916747
-5.351957
-177.69435
-222.08456
157.87883
-267.699
-46.336395
10.842248
-234.2786
42.88421
-293.30933
-33.294025
-125.71679
-53.4587
-181.43384
160.8
138.31638
-285.1018
-117.31412
-120.72919
-123.61138
180.50444
-61.203777
119.348114
284.1934
-51.285263
-394.31454
-121.190445
191.2972
75.124596
-150.9683
-96.00651
174.94507
321.68088
35.39128
27.654627
217.93787
334.64874
165.94238
-119.08682
40.359806
291.87555
-193.83311
4.612866
-238.80267
-161.62828
-250.94687
-59.56497
-260.14954
-59.616776
-49.352074
-423.40512
-39.584145
-146.77441
147.31108
261.7344
275.1934
-71.94935
-35.981678
-286.33533
187.58447
140.74881
200.92165
-28.142439
-159.35295
37.20232
24.039354
-18.607971
-2.594748
-53.90518
-517.23456
247.36838
1.9063756
199.1234
82.925545
126.17728
-87.258125
164.28737
67.85716
-289.9214
-253.77591
45.72741
129.38907
117.43079
-23.679813
13.54603
222.58632
385.05753
-192.39209
465.90137
-57.71062
-236.95557
-162.04533
-473.71875
293.7488
17.850288
-27.626942
-262.219
123.29581
170.54428
90.19514
244.51245
220.03679
0.79245216
-78.58817
355.29608
-204.20805
-143.93565
238.93967
-88.701035
4.120577
57.878647
11.207624
70.556625
103.20393
-152.12587
196.038
68.2331
41.108707
-485.50156
142.68196
