-128.40625
-374.00186
139.15334
-86.90335
225.74341
86.86896
70.4745
423.5836
-231.25758
-109.87416
221.92145
-333.66733
-53.18586
301.15665
-187.79366
-419.30524
334.57196
-209.00359
110.61622
-76.156105
-349.84723
241.32297
160.16068
-448.66913
17.405497
-41.203
457.1296
240.75838
40.066326
235.57928
-71.95025
-45.160545
-162.5066
-80.9361
96.935585
289.97873
-43.4209
-259.48538
174.59991
81.4566
208.0891
-364.3138
436.41727
-6.4262958
-210.82686
173.80121
-252.76494
108.26299
347.6869
115.64757
157.16003
-79.98022
-122.46549
-129.25443
167.51721
-17.615492
94.09406
10.664674
-205.30693
-79.57441
-97.87521
5.0107627
-260.4529
208.06125
-257.86664
409.67056
39.19482
78.81577
-271.03342
-31.45835
-121.506744
-340.15265
-163.20879
-89.678085
142.52994
270.21695
-224.63277
396.0383
214.12563
-222.30267
159.86563
64.99297
-42.041866
119.487656
51.859333
191.26918
309.49078
-419.733
255.72928
-55.628036
44.06074
53.08164
401.47995
-203.896
-97.6813
385.56418
29.573044
-24.116632
-133.61876
511.97098
-239.9317
-3.641153
-65.34933
-50.326054
-16.779013
254.64662
26.172457
-131.34921
351.18817
-343.95953
-53.51081
-478.62668
32.8213
-38.94057
31.992064
-421.05112
278.47726
-63.29697
121.35668
-149.37659
31.807703
142.98534
-146.8898
195.88844
-185.40726
437.43927
-212.3315
216.62105
116.81753
447.1087
109.19074
-39.574116
131.34428
-112.158554
78.99246
-176.72864
137.80504
92.831474
239.08316
8.256064
-350.38852
-230.57141
-71.92421
176.07478
63.145252
-63.352016
-23.221935
-144.75993
-141.68419
110.84402
428.31512
9.717562
13.093294
-53.566727
105.64187
66.5771
72.93965
226.73936
150.87216
-43.21585
-137.61385
82.72212
528.55786
-94.14716
215.39085
-339.34424
285.96854
490.8393
44.86833
-108.4675
377.82242
-154.49577
79.960144
315.94122
124.656746
-245.37337
283.2323
403.13904
238.59453
-198.20946
274.16553
322.91956
-86.13132
-6.6480494
-263.44644
188.45065
-461.11383
-55.491196
204.00893
-88.13156
-77.94825
229.97981
-143.16635
364.60028
-69.804344
-14.705342
127.91234
-366.25546
-219.48622
170.66948
-77.98248
-129.0374
-30.281178
159.11385
-112.480194
-56.279175
-331.16843
214.06364
83.589066
31.77906
302.135
169.4295
-76.355965
-98.32634
108.55885
19.936573
-266.35626
-56.468754
104.823326
-68.34781
-93.60423
371.92734
-230.60364
340.79205
-292.7031
667.7291
-412.44424
193.0748
-423.3133
325.90582
-168.8321
74.70722
173.50172
171.53825
-373.97528
296.81827
-8.438681
-58.321423
318.1006
289.9777
13.705102
-608.1284
262.30484
565.1394
673.8755
98.82065
-136.96605
32.59217
367.78467
-223.56758
118.76926
18.594692
290.61755
185.95901
117.14342
-32.47704
230.34898
48.375557
-114.748184
-265.8167
269.61075
-135.32191
-66.998535
95.759834
-200.4976
-55.42879
111.67017
-146.24161
-133.18257
320.9097
5.9756765
198.44853
89.57783
-76.24691
-294.93243
-146.91159
57.509476
-17.04063
-11.565773
-230.46031
76.8426
-34.549107
-49.81374
-59.022717
585.115
-117.57375
154.58328
-449.48956
100.47388
-320.3934
362.02246
-240.91107
-116.16312
-136.73906
-105.38338
-87.52759
198.57297
-209.94458
96.26875
-6.3527813
440.21445
-104.75961
-112.66775
-92.59788
245.64433
90.40463
-93.37837
-254.68492
233.08723
-12.987202
-134.96066
-231.66245
26.779884
-297.80096
-270.6331
67.75597
62.49457
42.181236
117.79552
224.20328
394.88644
-25.010246
-182.19032
88.00119
12.895541
-192.14096
-112.929375
116.691666
94.74684
205.6874
60.533165
-318.11108
-311.16235
98.19598
-272.81033
-154.66374
132.75995
93.581345
23.437807
-110.59813
-7.6859846
-371.62402
-213.74721
314.30142
-129.44058
-37.102886
210.08904
532.0605
-283.39624
-175.71927
97.8246
-219.7963
-63.766376
-223.84955
-551.6663
-169.69469
-304.63043
58.389374
89.45957
-286.09952
75.70225
-97.189125
-132.37714
-207.38538
422.715
-250.97057
-70.56647
38.919094
-130.88188
-148.45285
109.94551
-41.530582
-215.98264
-75.35439
-48.58943
67.64278
-296.62122
161.01392
-42.5099
21.442541
-133.04321
173.87859
424.63788
33.843758
14.518618
167.25638
178.158
300.81305
429.09653
-155.0472
375.5574
-44.56376
338.5148
197.02312
-78.00344
-86.21098
223.25931
131.40042
-161.27304
-348.58087
-131.58638
211.25545
278.20966
-53.867195
249.4206
68.81181
-403.47766
-54.761105
-82.97509
201.676
78.32646
159.50253
117.97767
284.25198
-253.18642
-140.27687
-240.54906
-141.63295
-218.77061
54.11343
-182.5334
18.701248
-16.748842
256.67532
-343.5086
-23.928225
-305.43655
-272.6816
-197.10927
77.903496
-72.84518
242.29439
-226.26886
363.866
-240.61642
56.130768
-117.26089
-76.84887
78.25423
-201.8998
85.62793
-64.49434
-162.96146
155.25577
282.75656
-160.32767
-98.97732
123.9774
231.60881
96.91116
-346.13333
-99.123375
-361.52783
131.88809
4.4761834
-142.6588
55.070087
-181.34271
-277.89862
-499.22272
-43.81215
-238.24832
173.53874
24.47417
-191.9588
444.1835
-209.7392
76.4213
58.770393
-301.9357
-18.130556
166.80315
351.55695
-170.24698
-173.76674
19.831291
-57.80328
-81.310844
-108.38376
334.98877
217.08719
216.30652
269.0281
15.104559
-118.52005
545.00415
140.31842
-174.31851
-177.235
-273.79456
85.768745
41.904285
325.4022
-26.796148
285.63556
-290.11438
-261.4049
-18.284355
121.541885
128.0457
354.142
-16.228127
-78.97493
-325.5249
-385.16507
-367.87643
-271.38193
-362.2494
23.320824
366.84564
3.5029774
-78.50742
142.76102
-369.42392
-417.744
89.07325
31.952534
-183.28865
86.481575
-86.77698
-316.91275
-134.60023
100.41403
25.920038
-251.40128
268.55338
90.04625
-47.153687
-62.70165
-108.05238
-222.55115
139.02788
-279.14642
36.281963
105.56476
-260.1317
-10.526368
-238.38133
-34.804157
-128.4154
-142.86972
-196.90714
129.2274
77.89523
-314.78214
-55.9503
-153.11697
-171.13368
184.84204
-38.823215
68.41169
314.46558
-52.871593
-481.5083
-128.54457
240.21017
50.451157
-154.55247
-71.12933
145.79504
449.81693
46.099415
50.726406
236.55162
387.52457
94.2236
-88.68983
-38.491756
352.9247
-185.70035
1.2873855
-230.25531
-188.53398
-277.50772
26.541601
-233.98947
-38.095528
-73.34958
-396.6819
1.6263802
-199.16597
156.62762
270.9641
250.90932
-75.309395
-51.62986
-309.61624
126.77697
89.88154
185.96965
-104.97686
-156.91711
41.133793
-6.7696586
71.15294
-100.38578
-87.057274
-494.48813
227.05922
-84.581055
170.20274
103.650085
133.34874
-53.0644
81.09128
42.92442
-280.5949
-303.17654
69.80245
65.05072
103.61526
-74.58254
-25.097717
171.48763
420.8302
-250.02528
342.98334
21.405916
-135.32727
-119.00062
-505.3139
312.00992
8.829227
-53.57365
-278.74063
168.49315
166.37532
186.22157
248.57605
230.96158
-54.323586
-50.17333
398.8126
-126.62868
-91.33351
233.41594
-123.28223
8.803842
55.50929
8.6883
72.99521
132.2693
-174.58789
186.73404
44.811104
95.775024
-447.05804
97.44037
