-57.497124
-75.13413
-42.959858
34.185238
-25.555286
102.569954
-15.918549
-4.2572
55.548088
3.7020879
34.54065
48.307507
104.38755
-96.25239
-165.61157
-108.50035
-6.57131
8.294823
-15.4982605
-21.629356
-31.117104
-27.453938
68.21815
-29.635073
30.178503
70.55087
56.287643
-9.56123
19.329853
80.43677
-81.229774
55.662357
-16.490458
-78.60524
-34.018345
139.85394
58.29921
-197.20872
70.568245
30.256302
66.519165
31.82242
175.05309
138.1297
-68.372826
80.77061
-15.389085
27.257614
66.93758
106.525116
-128.93997
-49.15698
29.111773
-61.971066
77.8888
-156.20505
105.09195
31.928228
91.26833
74.59127
-25.074696
-22.90473
55.464905
11.449032
-122.89726
51.085453
74.44508
-31.328224
-74.50757
-24.717653
-9.831007
57.18494
3.0929742
152.02505
-16.780783
133.97984
83.910355
-17.190224
-54.384632
7.9743733
2.576725
124.70307
167.72057
112.00373
10.202546
11.779324
123.374954
-83.29058
79.63842
-21.585386
-1.6104934
69.88572
102.35054
-58.71139
-30.086155
58.23898
22.746565
-23.992464
39.057964
67.865776
-71.138725
137.75372
35.714058
-60.208466
8.092585
34.17557
-36.788143
-56.60046
125.88572
-136.17914
65.935
-121.39881
3.805634
30.908339
16.990192
16.305206
51.47974
13.570125
59.508327
-72.37295
78.18721
12.581396
17.529024
59.665455
3.3692303
115.311295
-106.36758
43.806217
-30.074333
-63.369427
-65.90392
76.1723
-68.66388
65.3392
-67.503914
29.217905
26.788248
-33.82114
-5.1200614
-21.926437
-99.35602
-74.52904
24.902615
135.81516
28.060816
-34.937336
21.32131
110.540924
-189.04778
-1.890076
-109.09649
128.2521
-63.73361
-76.91401
-53.957977
155.78343
77.12939
-19.158173
-30.893166
-150.21265
69.35509
7.2171836
251.25267
-4.6993504
0.33766937
-15.779786
8.017906
-125.98281
-49.099586
-70.584045
139.65952
1.0205694
74.706665
30.609377
186.04446
-9.03324
43.748634
40.436344
116.43325
96.59535
18.30104
166.52307
10.337656
-3.7830539
53.819202
-165.73706
-77.13505
165.99779
40.26714
-8.357326
16.96202
159.76825
-83.24058
174.69945
-4.3701477
2.0874825
97.593094
98.44344
39.10023
-62.27886
35.601814
140.23358
-84.08055
-115.85175
-56.106632
-65.007286
-30.276281
62.45208
10.875675
99.10815
77.71794
-71.30087
-45.032238
-28.040913
-41.274338
112.90838
7.7960014
57.73157
-36.055477
-15.732037
22.523262
56.615524
-81.133484
67.24731
-140.33853
-34.74723
-32.06028
176.02989
41.288162
-51.38835
-37.18605
-36.975555
-16.25551
162.35704
-36.23705
-14.049727
40.548607
-53.27432
-17.291351
77.68142
6.5983143
-47.383244
226.1997
81.683014
158.99016
-69.12339
-107.4694
-18.249908
46.10324
65.471436
-73.32114
-65.93996
-19.074543
-68.943665
25.133581
71.78721
-104.52178
-51.101902
93.86624
-10.141261
-94.32914
68.02092
21.515083
130.26744
-17.530489
-60.81342
11.277544
-141.55571
-6.511876
75.30992
-64.565094
65.77674
-93.92409
22.003988
-208.21193
91.64406
96.78459
-12.162257
-5.011144
-44.448887
-58.30604
-69.048584
-40.639767
-14.411641
77.50869
-15.73211
-125.410484
-127.26461
57.11742
29.285652
95.999146
-111.38706
51.38182
111.97162
63.36041
68.70294
17.634655
7.61847
71.867035
-59.195213
55.192894
-34.931446
1.9293506
-62.614594
84.94501
45.14752
54.249435
37.643833
-1.9925383
-150.74416
2.3143306
-24.486889
-14.165826
-82.819534
-59.408527
114.423386
-3.5138817
-127.17311
-100.07819
5.319875
10.505712
27.773373
-98.911804
-82.970024
-19.267038
-53.508114
-60.07576
-48.659992
87.87574
-11.95911
-23.026142
-29.23903
-115.917656
123.74088
-27.827757
65.514656
55.499798
-56.523895
6.994649
-14.591182
50.36571
-36.347744
-44.096138
66.42442
-21.837688
-76.50257
54.217487
88.06736
-78.64993
-3.687167
154.14641
-105.497284
-16.888824
-37.03301
-150.34889
-59.423096
-63.390347
-111.779686
66.720535
-8.448132
-29.490755
7.0101795
44.759293
-133.52977
24.96863
2.8203435
-127.43257
106.44205
160.02576
-112.5776
15.600333
2.0282567
10.178001
-78.1265
-28.752327
-12.103997
-128.12039
-1.4668822
-72.23635
9.422422
-38.511887
34.641518
39.87712
-80.78126
-40.509407
21.168465
15.358024
135.32841
-37.992043
3.6748402
4.709026
21.366385
114.450584
-5.1095085
21.967533
-111.4196
14.87796
109.96409
-9.291927
-43.53618
-30.927847
112.610466
203.47192
54.877834
63.15889
40.97341
-12.678892
-4.6701603
8.7298765
129.41269
20.730795
-4.3408017
122.514824
9.079709
81.256065
-50.42167
65.810524
-5.7872763
-113.309586
-19.270884
70.20965
-84.24174
38.282795
67.31584
-71.75222
-15.201074
-49.619373
-119.15585
8.109827
121.9201
41.860733
218.71283
19.35454
32.56292
-52.37684
-88.844025
-153.79828
85.65311
3.9761095
15.991931
58.608963
82.31973
-11.49961
-8.352419
-1.8174219
36.47568
-72.337105
-3.1975634
-12.382953
-14.925915
-107.60009
-54.26934
26.952227
74.62676
-25.001486
-126.226974
25.135225
141.69394
-70.673615
71.43873
-74.49981
68.89169
-9.024943
20.60951
-89.20146
1.2422752
42.4642
18.10846
35.635994
11.211365
-49.346725
-57.735703
24.962729
68.62572
-46.69445
54.44434
-70.55115
19.312914
27.803123
-100.34068
-41.440998
221.61162
68.289986
106.785614
-13.030776
133.52657
10.536222
-18.283175
50.492283
-95.34241
-87.60019
27.059023
75.90675
72.266716
27.129795
-39.160786
-45.42159
38.053165
-37.318954
-42.760555
74.49525
-78.845505
-40.071342
-71.68464
-16.932096
9.766935
-51.70835
-231.24571
118.366714
79.542336
101.51021
-65.24955
-7.067716
-88.50019
44.488953
-33.644077
38.51932
-113.287415
-101.06739
-33.399208
-33.833443
-67.144066
12.878375
-51.75808
43.676548
138.72055
-105.41985
2.5200357
-112.279526
-97.00758
29.738325
32.766155
-165.66716
-101.16759
44.525444
11.967875
-45.122677
6.6014113
-94.68936
-117.11139
40.80354
60.06394
88.44683
108.79458
-55.394554
89.95392
-118.35504
-7.465889
150.81612
54.10244
51.62668
66.59727
-81.343605
51.70022
76.170494
43.92861
-65.89346
-90.655396
-83.74441
91.81944
109.11389
122.36832
34.0929
-49.664204
-13.702967
76.15082
120.68994
-5.101244
38.423477
113.82576
26.92067
72.70558
147.97112
-73.438446
64.25096
27.81182
-102.8515
-8.334978
-20.64538
-9.438959
-30.320919
191.45697
161.9906
111.57466
-17.956184
-74.847305
-91.38343
-3.0978851
103.753746
106.19976
-88.83544
117.145256
80.94157
-24.3326
4.152361
52.38096
97.123474
-83.27943
25.817005
-104.443344
-29.004614
65.13933
183.87643
-47.181583
-33.608387
-9.139069
-48.46204
-146.24594
5.594856
-8.478598
-46.15866
2.205334
-88.68589
-89.90699
70.231026
-89.368965
23.170717
-83.427666
-14.860445
-78.11558
-48.41888
0.05740285
-23.19001
-37.647957
24.587269
59.400024
-39.474937
-0.9171667
20.786674
-31.905127
-46.39816
20.484627
26.539062
-199.41223
7.9075565
17.09455
24.070236
8.506799
-24.861052
-66.32824
-111.933075
-82.19645
28.528872
-7.487401
-81.97902
129.57993
-27.824877
66.25481
