-186.68439
29.617472
-74.397766
-108.78005
53.066086
-111.75511
-21.433855
32.38909
-87.83943
-193.8105
109.919624
-72.113686
57.58895
-68.13864
85.29603
79.01305
-80.00892
-212.09242
191.27922
133.61555
82.46858
123.346855
36.479477
103.23532
3.2409391
76.95295
158.52333
93.068184
143.09714
-29.246397
86.62512
-16.85584
124.74618
-3.6453342
-283.66898
18.038471
-27.769258
-15.207335
-101.46588
32.289665
158.4282
159.08621
-83.17623
31.802738
-83.600945
-83.650566
-90.84146
4.586864
162.45699
136.9243
-38.637794
121.83706
-22.063578
330.1215
124.864716
-88.42743
-69.04923
-143.07195
-54.08502
3.8190992
28.885893
-66.0867
-92.67437
-47.034428
35.47011
-145.03802
-20.058569
108.83389
151.77132
6.356363
14.181917
-12.338383
38.001247
-29.946999
97.919334
79.652405
-17.339752
14.1656275
103.82965
-129.14105
39.045124
-39.281986
90.67965
0.095440865
-137.59784
134.42583
-140.62686
101.57929
85.68834
-118.678215
34.893623
-22.19042
141.24913
-29.400642
-73.78218
109.99265
-43.446865
-44.96231
-12.120603
-180.95137
96.912025
-86.54674
-104.20807
12.654095
12.921283
-113.93448
-26.516764
26.683363
-64.54097
-133.24504
-77.951805
10.597584
-23.911728
-66.581406
17.619646
-150.64224
-90.290825
-72.01036
103.337234
-32.881653
12.740382
170.27794
67.61152
-126.287865
-34.12027
-164.20895
170.41429
2.2194216
-9.48381
-138.38611
0.94458365
25.234175
158.9008
102.91647
-45.286167
-50.3634
108.71539
20.705042
12.723705
-54.677395
63.49368
36.754616
-96.534996
-106.87729
-50.24155
35.40103
-41.61794
-96.933
152.13727
84.3422
-37.637367
103.24815
-51.4577
7.5025983
-194.85663
63.9701
-45.873714
130.09123
45.36297
-80.34944
-25.674477
-97.608795
-119.17562
-239.24222
149.81528
-0.22260785
11.410586
-61.73876
140.11713
-76.60827
40.211082
38.083424
151.20135
44.55312
-126.79097
44.301174
-96.455605
76.534546
-60.92147
142.89622
-32.065968
-27.806768
3.749807
106.91775
-77.45445
87.318855
-21.797268
-77.74306
-81.84985
276.99127
-26.11264
245.84892
43.042988
-68.47745
-85.4256
-97.03715
-130.49103
-70.749626
-76.86009
-105.060844
123.06265
-120.68415
-87.61268
-172.64983
30.408314
-58.231915
15.032202
-79.482895
-94.3758
36.06931
-44.698914
-182.96304
-61.902706
-32.932873
107.03217
-175.52563
-153.38918
8.569013
98.67522
113.206635
-105.65321
125.86983
-72.90574
40.3606
-20.99372
75.53231
0.46016732
91.540405
27.898245
-25.107473
-1.8511035
62.26655
74.381775
-35.894703
-142.83324
113.90368
-0.21757576
-60.04363
-144.70427
-111.155
55.19649
-170.4355
-60.484524
-51.056835
10.834239
106.7783
152.45052
54.152596
-39.30253
-65.32837
11.608034
-119.785126
-29.981041
7.9736285
-112.38747
60.606537
31.89298
-101.93296
193.5706
-136.65948
-82.975006
-70.419014
-14.578517
-90.083
-93.38859
45.594032
78.41627
0.0034089088
59.573635
89.763016
-115.928535
-79.52677
-67.079285
-7.8983893
54.906418
-23.87328
9.100221
23.000574
-17.45883
34.10519
-23.376242
7.3389006
-171.56435
-2.6850286
4.1812024
48.29584
49.43073
37.118656
-187.99242
78.39257
-208.10196
-16.020996
138.41112
-209.45229
-95.995705
-15.4513445
185.55322
67.15435
-53.942287
27.412683
-3.5741649
-160.72736
135.27219
60.96296
-27.695988
-144.32347
-93.038025
-10.545538
-84.39098
-48.690742
-151.62183
114.10297
-24.971571
-116.380615
55.771942
65.395676
2.7196279
98.39918
-97.479004
-4.1503596
-72.48016
-49.906395
-46.324944
13.550144
53.76072
-99.17192
-93.39786
67.75323
13.663284
0.5114943
-171.24777
-1.2324097
-85.690796
2.439547
88.998634
70.9196
-3.834515
-9.957841
-208.80167
11.013317
114.68187
116.27001
-40.49727
-19.418606
-153.08565
66.31548
145.43625
-24.641285
113.849846
-129.76888
53.887604
162.96318
-121.780396
-199.5405
-26.640299
-2.8804827
34.66516
67.036385
70.66237
44.671585
65.06205
247.06978
64.21497
66.31366
-124.70579
-11.809001
-203.41136
249.72122
4.278441
95.05159
-100.02985
16.544453
-37.79999
76.34334
126.414955
-69.40123
-210.26152
132.36034
-151.72235
-44.872997
-18.561934
-254.94083
16.364628
26.078382
96.273285
-114.68004
95.12244
-46.898037
-24.466957
-3.8053236
83.90446
-4.6316266
-23.741343
177.72192
-7.263995
132.5399
-17.20145
53.113358
-78.45789
3.7474694
-58.1494
141.1529
73.75236
44.57217
163.81834
38.916225
31.760675
103.34939
38.00057
-23.865503
-54.312794
8.123997
42.960052
47.997036
3.857079
-114.37891
86.21693
30.06041
-29.302559
40.571835
23.133507
-135.15076
-82.25059
106.321465
18.336437
90.58644
89.81422
-19.14547
51.49451
-341.00543
73.65201
-51.9431
-144.19957
-70.39049
55.66499
157.04022
-90.996025
-123.45327
84.212494
-123.12
-9.170043
-24.41362
-3.5781226
-113.51663
-51.980423
-76.70589
55.41559
-61.937206
-106.519516
15.282328
-29.191502
0.043801367
-114.38855
-159.25922
7.2516074
-77.20197
-26.868515
69.85846
-36.01521
-141.15488
18.310665
221.15057
55.06408
113.12394
-32.80222
195.88092
-54.12713
-23.390554
-39.32297
141.14926
-79.52526
118.99137
23.651215
25.072048
37.853962
99.18407
41.06413
-117.28805
-114.81491
-27.297947
-134.58325
0.500648
-5.2513733
35.49577
-99.057274
63.938824
20.04749
-40.405468
-9.534221
131.37816
-49.65313
57.950245
17.424728
-41.961533
-62.668686
-19.860828
-19.793833
75.07034
29.642761
30.243357
-248.86348
-148.79233
-9.535083
23.474323
52.73128
2.942518
-79.25292
43.207993
-12.028068
206.69536
-47.22986
-27.353405
48.55345
234.88545
184.07065
133.07582
-11.22804
110.15598
-14.091854
-9.195497
-52.638638
172.96771
95.363464
0.6911428
-88.2174
8.989422
30.563763
12.447966
142.11856
25.012606
-172.21194
117.22953
125.02507
6.072194
-188.24332
7.2673655
53.45276
-203.82452
102.7429
-23.563046
179.39261
-196.89099
-207.82144
-111.89792
-11.25321
147.89532
125.00132
1.4364197
-133.98445
56.861378
54.204185
107.85535
-66.50572
-143.48749
-24.466959
-111.93024
46.561092
59.09923
-80.777016
134.18271
141.64334
101.59588
-90.75615
-132.60583
-6.722288
18.585438
35.181435
61.188984
-186.82526
75.82551
38.442474
64.61918
239.82988
189.15048
-32.63398
-50.498966
-134.8208
121.49795
-5.7575245
-193.15361
-65.620476
171.52773
40.667038
107.09546
352.2065
-23.687866
55.48907
-138.76779
-255.68178
11.257173
119.849976
-10.853135
-42.255726
-63.77485
-73.2505
70.71679
118.32412
-191.35265
39.381474
3.5657592
-41.21208
8.121451
7.4134507
17.43048
101.149574
138.09392
-56.33775
-122.48224
0.9068557
-112.27636
117.023636
-34.294125
-34.882973
44.31459
-33.407303
-27.62627
97.40018
-25.609188
50.99921
40.49949
225.39784
-43.976845
207.72694
262.30234
236.42955
-74.312904
-27.530655
20.55729
133.0181
-77.95179
35.987804
27.495264
133.84291
-153.42621
-7.3401685
229.79253
61.513763
54.428734
-55.32464
-5.278402
44.06023
-115.00957
-125.354645
-155.67822
-53.90688
214.95184
18.570375
-88.5815
64.28269
-63.39781
143.0643
-7.4329386
2.7478466
39.28863
-84.1893
71.6853
-6.6051707
80.80838
190.22385
42.466686
-36.122845
-105.0218
35.388577
25.99543
-158.16069
5.3198013
65.71419
9.316189
83.286865
-19.900179
-4.433488
13.8003845
29.475988
-4.4095716
-9.316225
7.815076
34.88019
64.36168
-15.971917
-104.38497
-80.5159
132.50638
-87.78266
108.627556
5.2966843
39.813217
-3.3168688
-37.013584
-4.1180406
-29.061377
-180.01482
1.6361328
11.054027
-103.292946
174.83293
29.551016
58.60415
64.295456
-63.01644
-112.30027
-75.28301
-21.365269
-22.05366
-19.507944
59.721577
-54.511333
53.738277
117.381004
27.592539
12.60714
7.675768
-9.393765
-139.25764
-141.50404
152.33354
-84.42687
94.23519
6.818784
134.3548
86.05526
41.905067
8.443677
-259.93896
-27.78409
14.60816
-135.60977
-50.049213
-96.16636
-26.24041
-6.1549015
-188.4947
13.689819
-191.02711
99.31203
-126.36397
51.955517
-12.899289
-38.15681
-241.55328
88.35602
35.19499
-54.652065
6.3370886
15.112928
121.17271
-81.04405
0.72284305
-16.908596
-121.98114
-24.830374
-33.307163
-72.74346
113.89113
0.27852297
38.5145
68.10719
4.4259787
86.257256
-82.39745
23.166473
-128.93147
-203.0426
-32.575348
60.695023
96.21736
-128.05145
273.64374
-36.10712
-19.541996
138.02995
-65.88418
-77.65482
-54.81306
193.72418
-112.57447
-127.0708
70.76486
142.6537
-120.426674
128.01465
86.41259
-151.51434
-65.58416
118.4192
66.522125
2.6435444
-9.240643
-56.858063
-225.58252
30.285887
195.72884
30.94399
-80.59295
-139.98027
190.23015
-81.65204
-40.113594
-29.961452
-89.608536
124.82523
-146.6208
137.55264
-78.655464
-155.44096
114.29849
73.06252
-148.72559
-39.14474
-193.42508
-3.7579768
-90.87607
-59.67932
-74.023506
2.0281577
-23.612833
13.854678
19.115007
44.431225
-49.03579
44.111515
-78.55866
-120.48536
-52.097603
-11.495636
-78.13753
65.3498
149.99179
-30.575434
-58.589855
-55.732594
33.915554
-43.180336
-11.38511
136.34529
-10.940651
166.77673
6.8748007
24.525824
22.366106
-10.735599
-2.4076707
35.497707
-172.01924
-18.800394
51.559612
-95.516304
145.59612
7.2900906
-62.759815
191.73683
-33.119606
-9.643717
-66.97075
-100.67354
9.981045
50.681202
-6.0722218
-90.05769
-12.672555
85.70895
-18.595287
11.123693
95.29618
25.94324
-0.8577529
10.717152
12.588681
-109.3608
-62.601856
78.66188
20.941017
192.76855
-92.29868
-70.02601
157.00487
53.51802
149.39824
-35.22654
-98.765114
-12.281073
75.58255
109.22768
27.93027
-101.53998
-168.50131
-37.863003
17.367373
18.84749
-40.438046
-16.155094
-27.859488
-149.265
-3.9889045
-149.59663
5.5873575
10.78261
-3.9985569
-92.50753
-10.2911825
96.53993
-48.484894
91.21337
141.14836
76.776886
17.537226
178.99101
28.917788
17.712835
15.574442
90.77096
-79.22115
-60.217594
76.11298
-94.17537
-112.24511
-83.5641
-47.231956
31.806095
-141.07774
-175.3909
-76.04259
86.672585
-89.88474
-26.062763
50.206287
-140.9032
6.6552215
-130.62158
26.588348
-102.387024
-9.513363
-10.783459
-171.17178
95.11158
-9.765088
6.886057
-42.165005
187.10947
3.388371
48.61627
-73.8195
-1.0352477
-75.862946
-117.38289
13.964375
-98.47507
-93.51142
75.631355
-73.346054
120.65877
107.40515
1.3813831
-37.236835
-19.889612
-35.16212
88.71833
-20.828426
4.2335763
-210.46873
-26.511272
-14.1061
-90.771034
-9.228584
-40.69603
-54.28707
15.044192
135.27586
87.74161
80.24363
-96.90258
64.73673
-112.403694
106.29494
-61.237667
-168.2888
58.67088
-164.40562
79.83471
56.033142
-142.3058
45.696148
190.3322
38.938946
-97.405464
55.524654
-28.201725
-43.33545
56.68071
16.562819
46.269466
38.172493
-149.63898
15.050781
26.462948
39.202766
5.6188216
117.55848
-125.11411
-42.809826
59.560932
60.39872
-29.984064
9.234079
-62.213737
-15.695875
-158.79414
151.37628
-67.85755
100.94409
-39.61821
-21.924583
-122.537575
76.640144
132.99307
58.572624
47.866627
-19.622726
51.381428
-64.634636
-239.82645
97.303894
143.30151
-99.90397
16.583883
-150.12845
-155.79622
113.98617
-396.65607
193.48964
8.0902195
93.60879
-196.34608
-44.623272
28.1724
-68.99743
-32.551743
74.75329
-168.66286
-16.486523
61.344276
-11.556835
203.43584
-91.329926
11.085878
-38.954735
161.23262
-109.22452
105.09688
12.684015
-164.57437
43.35298
-27.974524
63.097332
-152.01677
-46.059696
40.110565
-187.67134
68.32575
24.077463
64.40099
123.34453
-28.069902
110.95488
49.07996
-106.51289
-156.38605
31.261017
168.02457
-33.889236
-26.369677
-118.02901
-15.6599455
-211.22754
-158.96419
149.23523
-130.03891
171.77376
41.67038
71.43945
24.534008
-13.14566
98.84778
-97.12472
6.3854885
58.63465
-23.479502
122.38893
100.306046
175.88715
-15.890115
79.27801
26.293133
129.91731
-171.56206
-215.55055
7.2954006
147.28122
214.20123
-76.99778
-160.48842
37.541195
23.857008
63.214565
-159.54659
-89.45833
96.218315
-142.18063
-14.522118
128.6284
72.53897
50.442688
52.653336
30.93914
70.91744
-125.59021
-71.151955
-98.75989
-23.554699
-48.6302
-57.991936
-156.79361
-75.0158
217.64273
-13.69071
-73.02581
-4.2814627
-7.187806
-140.08157
129.0523
4.164719
-277.78223
-30.824583
126.944626
133.90971
-99.546776
147.46365
158.73178
37.218178
0.4201126
145.2134
-240.33275
88.11724
-84.66673
-150.48898
181.30199
17.266356
56.137657
-10.634193
-120.90256
-44.783203
-67.43602
54.450317
-99.148994
-62.358368
-85.78457
-145.71562
74.89281
-8.032868
-179.87305
3.0642705
11.885828
-137.14436
-124.2315
83.2393
-70.56943
203.57822
152.64134
152.64241
-13.040657
-53.844467
-8.602309
-107.070786
-94.72424
-74.18478
159.95244
71.554535
-165.87689
-19.70541
91.42816
-75.3528
234.58698
125.674225
-199.46045
16.89083
109.75989
20.261496
69.76832
-54.57702
-13.332293
-87.95356
66.722046
149.38399
-83.632164
-188.08739
10.225708
18.53965
-112.83473
209.6933
-161.9993
6.3263817
37.084106
-30.253775
-124.74951
-75.88699
2.0082831
-221.59428
105.664055
-273.49854
49.15481
-55.675083
-135.45346
49.23549
12.031541
48.416187
36.157333
-9.793107
38.448833
-23.277803
-70.20583
44.36597
182.89822
52.6119
-129.39601
-18.111324
-29.89681
-106.241005
-102.64655
8.413284
-21.08118
147.43016
50.40141
23.113085
71.81676
150.49608
123.89608
-42.618565
80.554794
114.794395
-33.410576
169.37476
-178.6424
41.889957
-45.2642
15.510629
-195.12114
67.45366
165.89487
-158.7709
-208.06282
-9.627754
37.37323
-146.48161
-110.56742
-83.73834
111.031624
-11.576345
-222.86554
50.907463
246.28261
145.61818
-82.485985
159.48434
-147.47697
211.49222
-50.00256
45.557354
8.644298
125.662994
20.343761
-2.5971646
48.40598
-54.748257
-31.165691
62.942154
-175.92632
36.217766
12.400862
41.486958
20.497822
-31.475183
103.19862
-40.065887
-80.95193
39.220253
58.978138
10.654115
-106.13247
150.74252
-75.451836
133.70082
-6.8039293
-18.95088
14.186447
1.5789437
33.24148
-40.407227
112.2286
73.5728
0.47631365
47.67226
120.21092
61.236305
-67.90962
119.35328
-145.91507
-134.49252
130.39304
105.74516
11.452734
66.60792
21.104797
-69.75593
78.882904
-207.86131
65.43119
-114.2761
-39.09365
-248.70169
-113.98971
-85.29413
-139.00572
12.987376
-149.53513
-140.14261
-170.69643
38.15574
-4.8103967
-32.542175
-14.486167
35.262844
100.37901
153.48956
-43.529217
-65.235794
79.9837
150.28723
96.75966
-84.9365
-69.67006
-43.437786
-6.226567
-79.094284
223.56953
-81.21477
-43.924473
116.29194
-3.6754408
101.26194
-45.287678
-41.884777
33.051357
102.24985
41.868565
285.915
33.2276
92.28465
-27.869947
38.50761
-31.834398
-167.57928
110.6023
43.019203
-18.426073
-82.79068
-167.32082
-49.225807
70.6737
-75.70361
4.677418
146.33344
36.027077
62.059223
144.72513
293.27435
-78.395706
54.806034
-24.885654
113.53771
-119.63289
-164.04492
52.72311
-47.591415
-133.85799
64.6957
39.358383
25.908684
-83.41944
41.622787
-200.84468
8.546886
-91.229164
-24.245157
-71.0358
122.679955
-33.715397
-72.012566
81.416336
94.9441
-43.41386
55.73228
-81.92817
68.87985
-74.99136
-247.69588
-105.56064
-48.622013
-46.28781
-17.726423
41.780342
-43.57674
86.26012
-106.609314
-24.228113
-189.61891
-157.61453
23.40977
8.439507
22.277744
168.25589
-45.985878
-34.04737
59.023598
-61.123505
-155.38654
-48.35197
146.22737
-2.818397
-65.55672
-75.084175
281.96725
-5.324045
10.893147
47.15566
-167.10938
-77.01773
91.69777
38.428722
-19.335272
37.954536
-90.43637
-130.14627
-47.548958
-56.416367
-136.785
23.458355
-77.17954
-241.90541
-199.32985
41.30885
44.14224
37.075157
-24.407572
67.16493
-114.03746
-129.8266
-50.928963
100.65496
-141.49728
-67.254234
-73.31259
45.38174
-28.924984
-77.82051
82.736664
57.05069
-168.44481
-60.693203
-40.6259
-94.576935
9.35031
-169.4602
-64.55179
-12.485681
18.27262
80.11492
-37.99002
137.41437
126.44287
103.42964
36.275726
-38.89026
39.27385
-35.738052
-217.96451
-62.07569
-12.878525
-38.242893
39.160774
90.188805
180.80046
-13.12974
-87.13558
88.41705
117.94608
21.87122
105.3876
-3.8275266
50.95003
102.35971
96.72109
49.474762
-103.50066
120.37594
-2.527842
-16.517986
-112.32708
17.739727
85.078575
108.32969
-53.85031
56.581657
59.10283
76.81134
122.02729
80.861885
-30.235682
-98.06541
-75.70679
7.577882
-56.09837
271.80798
-35.965973
-113.34992
72.6933
-39.41784
13.350832
6.2389708
209.57715
-59.632298
166.29459
33.349068
-17.623135
-233.7188
-222.45117
74.71721
-96.59061
202.66629
-83.212364
134.14722
43.276207
17.928362
-88.82994
210.10884
46.41071
-113.12284
-108.361786
-179.49368
175.10251
6.4291883
-75.90924
110.74522
69.69069
154.44818
55.318565
-16.464811
-65.63979
109.62332
-37.339836
-50.291317
-99.98049
-157.9806
-15.981691
-63.730618
60.786106
20.53227
-117.783226
29.521
-86.57981
24.248312
118.318054
70.01747
232.18814
-11.222844
-95.965416
149.5446
-17.029812
-55.74974
10.941683
138.59674
42.146416
31.895424
-112.072464
95.520515
55.24267
74.71966
93.14486
5.2320385
72.71133
-12.031494
3.6236086
124.37579
132.66446
-37.23271
8.7616825
-48.924026
26.029255
-1.9329127
40.17652
-28.86833
-182.53183
55.631866
32.374123
11.3454075
-49.58858
213.66489
234.41641
-1.615118
158.89859
129.71278
-106.93815
127.638504
-107.439835
-10.717875
48.21322
71.64927
20.13273
-69.761116
211.14919
-128.04277
-76.80646
-4.783181
276.40723
72.08163
-85.44108
169.00623
-61.7251
90.25824
-22.860548
-62.730614
-122.86838
-149.85976
-132.16068
-8.689055
-159.32216
-43.805965
-50.054623
-64.8536
-138.42558
133.29688
63.70428
-56.47765
102.198586
50.189987
27.669676
229.30974
-96.253075
133.50723
-109.1633
-17.723038
-1.6435804
30.766556
-135.57973
34.15385
-59.137974
-36.461025
-91.43144
56.462452
-36.55071
-41.893517
-93.45845
-88.26648
-10.373802
-41.795456
-214.1043
-7.6057806
-30.306293
119.35528
-56.040936
64.084854
-143.44525
-1.1021864
68.350204
-78.0695
114.57231
-122.155754
126.97072
-5.5578284
-39.653755
-62.857716
113.130806
30.769993
-46.15866
-256.61972
144.08734
-33.96907
-29.350376
33.007797
-60.129677
-35.786003
-133.04689
71.263885
137.98706
4.41076
84.16326
23.84377
119.28282
78.943306
-126.96513
65.6892
92.82702
57.180386
-57.371933
123.56012
82.72609
123.27038
-49.010918
93.84748
-143.12538
12.422759
-30.299294
-157.23088
-62.736748
176.24612
60.245045
-62.88284
198.95325
-220.65887
241.74777
-10.812961
65.05293
121.92582
-66.418785
82.83514
-86.23799
9.026499
-104.61311
-24.169132
203.49281
77.52852
-60.062954
5.29197
-4.5335565
19.504568
146.78595
190.01422
-68.672775
38.314487
-4.7017546
13.084237
109.769066
102.66913
31.190886
14.864107
5.589574
-17.018211
186.1645
-28.42003
73.53077
-79.7603
211.96236
-43.0582
-183.41661
45.975655
-186.59485
-31.509417
-7.381807
53.572327
63.397457
-200.81271
63.841778
16.2709
-32.544365
94.58616
-254.82646
-164.91609
-66.79807
157.01108
-35.006477
103.74666
-21.879475
162.26276
-47.374477
0.3381365
-115.80565
121.67352
-41.841675
177.17827
61.827686
11.932178
1.9612632
21.96435
55.455116
95.33479
33.880184
7.3424263
181.88992
-82.03028
0.27958024
160.80905
-41.62871
81.8355
54.438198
45.864964
-0.5929712
-54.292305
142.152
-82.34504
-174.96121
-25.732534
132.83542
-64.30976
166.40282
138.94919
26.29318
-68.300735
9.685974
-111.231346
93.18007
-141.42458
93.2113
-38.816975
198.57484
-20.646404
153.94536
-0.54569495
-17.544788
-27.669785
-13.936583
253.24657
22.522951
-59.120876
130.47676
48.326714
-17.402084
-4.228777
-21.787945
-22.593761
-183.35101
-190.91002
-37.781452
108.616264
-48.080402
-98.84819
8.957419
3.1562424
4.9894466
-84.6753
-2.6670096
236.65233
93.756386
-7.5237684
-287.86478
-103.002426
-77.48475
-29.928444
-60.324276
163.33684
8.173764
-44.02996
-137.28528
17.899885
-257.62122
24.894245
-98.07419
54.01346
48.18469
-78.99046
-20.14441
72.24074
-208.57951
-11.884657
-35.165436
146.22218
-66.6685
17.468813
-9.216235
244.6466
43.40362
-86.66714
-83.69795
90.84644
-122.98584
-30.338503
-1.256124
-184.36674
-344.8592
16.660215
-76.53681
-114.55597
-39.212288
55.93339
204.19743
-164.77289
-83.79074
-28.828989
80.86099
-12.569849
-117.11713
-200.37364
14.080519
-88.48804
47.650917
-81.04666
-137.96013
6.9796433
39.615177
111.50729
140.07318
-76.32636
79.174194
58.89343
56.56979
83.872025
61.441483
36.213554
-1.9255439
3.0676339
230.38162
41.28944
-17.520031
-126.17893
-21.26938
187.81042
-6.980212
113.63018
22.245426
131.50836
-88.072655
32.466003
-15.421365
13.1584215
2.3279831
205.32211
-201.00798
126.19225
56.224037
236.52783
146.4209
110.719955
24.314114
-30.576498
-154.0615
200.99681
60.86049
81.585175
48.693924
34.677784
41.160072
127.28279
-35.759617
71.77203
-147.45807
27.388937
-83.04452
-78.58302
20.530487
22.94486
60.179333
-34.23607
17.92907
-95.78333
-257.18924
-107.63142
75.37467
48.664837
20.55518
90.76929
19.701488
-95.24367
-97.840004
-44.443474
141.66074
-21.048183
27.096493
-131.57704
95.45652
13.470582
-70.58088
-55.51626
74.04427
-62.83418
108.28379
-116.855736
-42.676575
-49.223385
199.06242
34.07554
-14.677955
-113.26641
-255.35028
52.653732
94.705605
-254.72556
-326.72702
-11.899601
-33.952305
222.39305
-91.24776
-51.61524
-71.71655
93.22814
3.795456
49.930138
15.802572
-39.9453
-25.08185
122.243675
25.354277
188.23717
82.093506
17.963419
-191.046
-188.23
103.867966
-226.2303
-61.48571
204.12706
0.61061406
-38.18354
-66.75463
41.625076
-59.47781
75.2925
70.9675
-59.369682
-69.941734
-183.45271
22.819859
-20.266005
43.299587
112.8596
-63.08193
131.07422
87.55417
100.5034
-76.95318
-7.62427
23.616749
-41.054424
24.9964
71.339035
-11.945003
13.522095
67.517166
-132.82687
-89.24068
33.472527
-165.8693
-221.87161
-27.892427
-18.113108
79.774
91.04773
-81.9074
6.123
-209.93434
81.027916
-16.897991
-5.258683
57.757294
-45.074265
29.54857
-5.828911
-50.356388
58.720284
-64.62666
237.62085
49.690365
99.18949
-40.528484
-61.271458
51.95529
84.66271
-37.126923
30.89561
-68.96381
227.10007
-12.934359
-203.51813
107.20819
-4.0140505
-5.1955366
94.93491
-39.766983
-223.34572
-32.189625
136.98436
136.04076
256.3429
-33.487034
-56.744152
-93.66832
139.9556
-61.376976
143.22047
-57.246136
13.054887
-29.361155
-57.66645
-12.472316
57.46573
89.81867
13.491595
-46.00577
145.13396
32.821667
-202.99245
-81.73469
51.279457
-154.21783
-38.722076
15.503206
-23.941181
66.69488
-127.851
156.0254
-75.9923
15.385307
79.3459
-246.76169
-24.585154
9.388543
70.73083
-48.666115
-44.01214
-44.625248
60.80471
-157.4012
-134.32173
95.01159
-38.415104
77.81127
69.55343
33.57633
27.334179
20.603937
-95.75289
102.06456
113.857994
-56.96391
69.06949
-61.93633
10.277836
-23.002472
-55.891155
61.69838
111.29766
-7.983327
78.388405
202.90988
-104.27745
7.11244
-50.565865
-47.21312
4.7209806
-179.42546
75.80591
-46.88407
101.12572
-183.96951
138.11601
-46.367054
-116.256424
-40.765842
0.96264756
59.18281
-123.07915
-2.0377862
-119.10912
-0.05542898
-45.25933
147.84961
-139.32373
-36.920284
-96.23023
-77.00506
-95.58019
99.95174
124.25786
112.2096
112.32862
-99.27498
-95.383194
77.49906
46.409252
27.475283
-71.447296
-35.05106
-53.43374
80.90275
74.69475
-38.00812
-125.70513
94.25582
-65.235466
-15.608185
60.517647
7.9970655
-34.736446
215.12802
194.64078
97.293144
27.556896
-45.53186
72.84586
-44.97814
9.573711
-128.57547
15.930589
8.922741
110.21518
-152.27876
86.960556
-15.9125395
-65.89037
-243.27966
67.53016
-178.79413
180.53304
45.702667
-45.64998
5.7188034
258.403
-104.67113
-98.39319
-8.671644
-4.580039
101.633095
9.494163
130.33066
49.125023
73.21331
-54.07654
48.1795
-15.861753
-22.538532
148.62112
66.34481
67.498505
-24.292667
39.29061
-43.233253
-137.09656
-118.78727
121.275375
-56.83925
38.20547
-6.8572183
128.0142
207.71048
61.309696
62.20274
88.486946
79.68322
14.823728
74.32343
37.911
25.58732
-56.38225
-92.295044
-136.74625
159.78358
45.20048
-126.92297
-33.170124
-22.094212
66.266655
15.912405
111.787575
-153.1683
176.54532
-3.23774
-93.26416
83.82627
-42.275517
144.63858
-234.2266
-14.673587
69.67584
-4.8706436
-51.060078
16.637793
68.66287
-101.224976
105.17232
130.63017
105.06233
-245.39806
6.016177
-63.926777
-37.49957
-66.92781
156.65042
-50.90672
-73.17957
-77.918076
124.67991
-22.702417
-12.353876
-29.12367
5.3148317
83.05181
-1.9023364
135.12967
145.23567
3.166096
147.10011
24.297129
8.407543
-72.95503
0.4274841
-3.5464618
-94.24263
-162.17819
86.55718
-59.88275
16.388819
63.636345
-19.417732
-61.61964
54.426838
-52.869026
147.10837
-136.85461
51.63743
-87.33141
-89.99553
86.66328
157.91124
-134.37466
80.87889
26.91355
-79.78163
158.14183
-49.38903
126.38771
-156.94
-135.18544
76.89432
-186.00056
212.00111
99.988686
222.522
-73.0085
-71.973274
-27.027403
-167.25471
-55.39934
-114.087166
-36.923763
161.26335
-211.95639
15.682141
11.607706
-36.22004
162.03241
-224.78194
37.715878
7.604059
5.4304094
-59.037285
65.74784
41.968327
-22.055992
17.856647
79.10916
2.2788997
-37.98016
-112.018585
122.65827
85.33793
189.41325
-190.09767
-142.40363
-78.89376
113.528366
-85.787445
-30.46894
-182.28531
104.58692
12.5504265
-106.52115
-235.05826
-124.20107
-35.20944
66.928276
-163.92972
-46.325146
68.913734
170.63522
-82.605286
-159.37411
-92.426384
-48.23078
58.55685
-64.655815
7.171776
20.413017
8.834599
227.60466
112.29097
-28.551126
17.171291
57.871216
38.032837
-19.728354
-126.770355
6.037489
51.19934
101.86116
9.573237
1.0942017
295.74078
154.63635
154.08214
-156.56285
-85.04888
-86.1567
152.4905
46.644077
-256.10333
91.04354
-99.62023
13.255666
-71.78284
-9.76643
299.90677
24.386581
24.058554
24.40117
41.757572
142.40034
177.4732
-100.464745
-195.81448
24.43042
46.22482
64.493286
-66.41535
36.85828
-0.13811016
22.133852
130.66722
-48.181587
28.219944
70.48295
98.724236
249.56703
-5.323371
10.564242
179.14388
-52.82736
77.02368
179.16873
-28.136509
100.31061
-87.28914
74.74171
8.65744
142.15404
-13.236097
-183.2015
108.959656
40.400314
-40.097607
-51.2642
-247.51172
191.24918
153.04707
-59.707138
-75.49115
-37.623775
-161.64801
68.16903
183.5994
-108.63164
99.38479
64.836044
5.8580728
-53.341534
-18.180387
13.921211
38.42363
-77.15649
-94.83516
-135.81618
32.072388
-3.6755857
56.117813
-220.56718
-132.62561
-114.07477
55.27284
-55.78754
71.697945
128.89569
42.016026
59.928787
-84.326294
-117.729805
-39.514534
101.414055
-201.21402
-80.66723
90.02133
-70.98152
-27.09114
92.54481
88.101
211.11484
70.76808
-89.14462
-49.348263
27.141582
-177.51442
11.631952
49.633095
-7.5909033
-233.97258
10.393695
18.478537
77.05317
100.15555
5.988159
-45.610878
116.76267
113.23936
-66.68075
57.80852
-147.63268
50.027733
87.44646
-61.479027
-132.27005
74.62178
-28.440523
-120.59548
62.414043
-136.426
-81.24517
-130.62207
-120.31707
-102.93648
106.556145
98.96855
-10.157556
-102.485054
128.13208
-82.19515
92.44626
34.401367
-29.886436
40.675446
-96.090454
199.24881
-92.78556
-32.96184
240.75491
-199.19728
172.32726
138.05823
65.15788
29.059055
56.426643
-9.039287
169.71684
-115.076584
-13.091712
-77.46616
-2.0394788
-34.98707
1.640508
-113.579796
-77.38439
21.013134
134.42572
-186.2061
-7.4064965
29.144287
-183.32425
15.579436
-183.55124
-8.785269
-145.79065
17.743263
114.94819
103.82794
-48.109657
184.08731
-102.06212
97.801216
7.987044
132.08716
-118.77883
166.74979
-113.2405
180.87598
-11.747619
42.54272
26.702362
168.54115
-27.415136
36.572098
-49.193176
30.654411
24.433357
-117.413536
45.954422
4.007251
-43.834362
-117.873505
178.12302
112.91002
134.1949
52.2986
29.760103
95.68857
-169.84625
105.92181
-13.657336
66.83192
9.510562
47.671368
96.592224
53.50956
1.2929139
-194.0824
105.89619
95.75405
79.05936
54.04081
227.88348
-27.00659
210.17041
82.82491
158.17046
-123.11471
123.49544
-96.69614
174.84721
69.68072
-124.06572
53.076134
-6.2862844
91.49664
-103.332886
-60.25744
74.56874
-42.828156
78.01766
42.86521
-71.15472
-55.625168
-125.35178
-193.52829
-78.89423
-93.38956
91.56473
32.926384
42.94741
50.080162
7.8583107
80.039055
119.25253
-31.422787
26.46019
66.752884
-8.942813
-60.75108
-17.641397
-60.670643
-33.69564
32.927433
99.87753
-36.449425
108.767494
-22.504934
3.6600678
-22.642878
147.65909
-138.21277
-30.20868
-25.2619
15.146014
160.04138
49.143364
246.88615
233.88983
-157.91089
-20.722572
118.54469
-96.701546
-39.12676
-47.871174
121.19642
73.06309
-112.405945
-24.241627
93.775764
-254.13477
-59.06725
164.74254
46.043526
86.752335
87.63002
16.656946
109.11538
-94.23438
99.69163
-3.164074
42.041595
131.45718
-123.343956
-63.464993
1.8214142
25.489485
-25.788519
149.62172
-60.32049
71.0607
-47.799686
-75.46746
39.52008
-25.90887
-41.4404
1.3703499
-70.739075
-49.86688
207.26675
84.093346
111.12248
165.6657
-24.082438
138.51231
-17.422285
50.62221
161.16733
107.91865
202.0089
104.729805
47.305565
-119.596985
-122.81549
-87.23211
70.02744
-25.952295
24.261095
22.600252
1.7201781
111.26694
2.9860477
-178.04036
-115.13847
-114.45333
159.40553
-46.34823
-68.91712
105.94999
147.135
-122.64931
159.39935
-49.836586
15.453709
-31.749298
114.43943
-55.490982
-141.84865
-43.814125
8.893852
-56.56557
161.50285
-30.260225
12.792189
99.58003
-21.164074
33.78751
-41.82731
-13.761492
56.57888
62.022247
-221.71371
34.226852
117.68458
112.88791
100.12092
59.566593
77.60752
104.34043
95.096214
-140.37485
-96.06573
-62.523205
-94.6641
-117.57648
120.43
-3.8306992
-128.0522
-128.29906
-16.459833
-217.51903
29.424334
55.71955
161.06169
-158.91028
-78.46297
-18.665432
-78.066086
-53.187798
-137.53804
-16.406937
-122.21695
51.33359
-164.47514
17.167595
22.280537
-64.98683
-98.569084
-126.26326
-44.18322
-14.609182
-29.746641
-149.4399
-146.80112
-49.425518
60.52323
-140.22371
79.54576
-7.75848
-270.54962
9.057792
12.440419
35.548256
78.15868
-75.74335
-28.868162
109.84941
121.35843
-222.86447
159.37556
39.599834
170.0978
-131.82399
-36.332813
91.827065
-194.91936
164.91144
49.627758
-24.469147
-136.63116
50.655823
140.93947
34.85592
-92.84329
129.39212
40.8221
17.097681
53.837265
81.47885
15.17087
-78.541466
70.655975
14.880736
-69.77184
-111.436104
-117.19979
66.118996
-109.32072
-150.0201
-104.76116
-75.97788
25.313644
8.428773
55.386444
-69.76634
23.254467
144.49838
37.389423
-83.17338
149.14577
-79.51757
-102.80495
-37.82666
-42.46248
15.68363
-57.646797
136.58113
38.973553
-35.00235
198.45987
-25.282892
-73.79755
-83.90942
-0.15221334
-127.0724
-7.510003
-164.3965
-53.56295
-3.5755243
-22.913239
125.124954
-81.88101
55.863285
-121.21851
8.774243
251.04097
96.58676
12.758994
-25.429865
70.9528
-123.20188
76.211975
78.78831
249.26854
-96.0975
41.616783
-16.695457
-146.75072
-3.2238617
-164.98444
-88.056175
41.38918
180.63135
-36.67068
-96.3631
57.700424
-98.24389
-143.4234
98.33282
-23.83325
-100.5688
91.76483
188.65054
-128.66153
115.3093
46.45125
21.824837
-20.59265
-157.17767
-189.36096
83.68817
68.604645
76.53457
66.930595
-11.525205
55.60236
23.504566
4.722816
-267.8189
-161.06927
40.91643
-78.15944
88.257774
-29.105888
64.00669
0.08570227
39.274185
6.4752564
-212.44492
14.042154
30.546854
-70.19899
-32.802242
91.556366
-68.527534
46.55411
46.054253
-98.43837
-22.738241
111.37717
-120.669556
-149.88103
81.61328
46.526913
87.20533
32.94241
-171.00575
88.79608
-111.43588
-104.10572
85.13342
-6.5594707
-12.903623
-81.20698
-44.60786
73.36095
-70.59575
55.137463
96.58421
-85.33691
-36.71066
2.3774054
-74.94934
75.76678
-89.5762
51.081722
31.05891
-82.77415
-32.790993
123.10489
-11.02643
-109.81317
-101.49868
-48.547283
64.931274
-4.1167064
80.70053
-114.030655
28.52326
-56.1704
90.641685
6.3707542
-35.148205
-226.16344
-204.6835
82.41251
-3.6628075
-29.029692
-92.99409
-28.640148
-130.8794
-79.33894
226.94147
25.281054
-9.694693
-51.348076
113.06805
104.85153
-60.731525
-45.26462
-35.408737
182.4534
18.602182
120.54499
-113.135956
-59.46933
165.14616
-171.8517
-16.829672
-74.39445
35.912178
76.86493
45.161037
60.484856
75.63746
-71.90533
-55.56832
-2.6503682
57.837387
-82.615105
-23.654743
133.40726
68.99785
10.108013
-96.171036
-134.63663
129.66179
-24.033562
180.16446
-20.030552
55.096416
-21.658224
-125.433655
26.768131
-46.057312
-85.27998
151.30586
-33.36908
161.49965
-15.215784
-38.545925
38.59188
-219.74182
-24.575468
-166.25735
100.434235
18.577187
23.596605
-124.69459
-25.937452
-24.256775
-84.63215
-52.79752
-85.42343
-146.00699
-113.399994
49.033997
37.240913
-7.10896
-182.68758
-6.8175364
49.83158
247.38048
-18.533325
48.17278
-192.51393
130.53027
-127.88598
-28.748213
-63.701187
-18.719679
-168.24934
205.00049
-180.90395
73.1282
-89.54162
105.70261
49.06688
14.698423
-163.8496
-58.622974
138.49187
-66.44501
-188.7912
79.684044
