-132.96042
19.250505
-7.9744473
-90.554245
6.4752502
-4.270669
47.218834
52.696434
-81.68898
-138.46265
101.813
-15.460233
37.08753
-62.315895
167.7297
142.21114
-90.50341
-241.22295
117.730934
104.939384
141.56642
47.72003
11.74185
176.93373
-25.893589
171.72748
201.88364
0.2387408
181.39764
-43.383633
139.09555
47.968243
63.662548
-44.71925
-289.37567
87.41909
-75.21344
-48.347248
-101.94345
58.576336
93.34053
99.32616
-59.37351
21.975672
-126.36595
22.002186
-82.384026
81.68902
120.9882
160.21579
-25.283455
66.64809
-23.484663
339.45764
-26.706085
-98.77037
-116.0227
-135.61476
-127.202286
35.72201
62.221004
-28.739422
-182.15123
-11.548609
107.733215
-229.11285
-111.19896
123.17056
188.86717
70.12946
70.77214
-28.136736
59.082966
-70.41847
98.97011
41.10014
-19.500494
80.055435
130.6953
-118.17813
-59.949886
-9.71443
17.129173
38.43274
-168.02676
207.10745
-159.98137
52.274525
137.41974
-98.98544
18.700373
3.892699
178.74619
-40.866173
-10.548059
-26.633242
-35.827274
36.180283
-57.053
-162.83015
62.090378
44.01921
-130.41908
-53.013123
4.085181
-79.012634
-97.21229
-26.598803
-47.022816
-121.11508
-126.62977
7.4402905
15.441141
-33.594906
35.72513
-185.64981
-93.020966
3.0306365
69.67608
6.181765
51.70895
145.98119
9.748858
-25.086134
-72.41665
-196.33449
231.52216
78.42554
-65.70352
-179.06464
24.833391
26.861107
126.60735
151.26851
-6.3709674
-15.8687935
129.64172
39.63409
-54.733215
-80.51029
74.355225
27.908901
12.131225
-87.80154
29.64779
3.0849693
-121.07126
-3.4853
150.34306
22.422503
2.3237877
37.078823
-41.607227
-45.275803
-302.25247
16.148375
-1.4449619
105.60781
46.53196
-112.89088
3.9094498
-50.238365
-96.412285
-251.34679
185.38261
-75.479416
129.45828
-122.44663
93.648506
-203.74135
-81.459984
-71.21575
136.10992
78.33056
-114.8028
78.40992
-54.104595
-6.2591805
68.63284
125.98565
30.657965
-34.929417
-44.249123
121.11424
4.273782
34.740574
-97.95235
-198.32805
-140.99164
324.43115
-154.89705
224.26276
86.7372
-155.88185
-201.97046
-68.335884
-146.75462
-65.96978
-138.99298
-178.21027
94.43636
-1.0752374
-138.24847
-137.7982
5.686393
-53.745438
15.129077
14.742701
-157.64784
100.44657
-55.9593
-138.95308
-181.00763
42.62085
118.81239
-228.70822
-155.07579
3.1751058
96.068
82.81236
-143.60165
128.59903
-72.14578
37.37746
41.00002
1.6683168
86.32012
70.26085
-20.886593
-44.599483
-74.384674
63.22744
64.9164
-50.98705
-172.2606
177.69566
-36.984917
-11.526085
-96.41954
-99.22201
20.67076
-81.387985
-16.80318
-30.674355
77.033676
111.27255
116.8783
95.181496
-86.641884
-50.87496
-33.08309
-176.3434
-86.6968
-12.903112
-139.85641
106.75884
18.580246
-142.1093
240.58913
-130.17453
-9.398971
-51.360413
38.755993
-111.22211
-189.32259
-15.994793
81.14141
-95.68543
123.82607
179.52603
-109.18357
-73.06557
-40.612663
89.88733
46.302788
5.858656
-5.6653194
-28.521223
70.10799
121.6949
-55.61506
-23.349855
-40.872616
55.98241
-16.223677
151.87943
-38.453144
75.284874
-90.45375
102.933075
-257.91763
-39.50585
251.25497
-254.22765
-82.26901
3.865378
198.63913
21.795029
34.193058
-2.049052
58.05244
-144.89098
267.38193
70.173706
-31.016972
-164.49028
-127.35137
-13.382702
1.0068685
-64.32486
-160.71771
-4.447673
-68.87787
-139.56952
102.257454
77.77664
-4.0536556
10.637057
-103.987915
68.22147
-91.140495
-29.981535
10.941368
65.48866
92.17
-93.852844
-15.031105
171.77846
-5.364318
157.11427
-189.81544
72.13772
26.177652
-21.830095
64.18678
36.796635
-24.519249
-65.23375
-220.68314
-10.604143
82.094604
18.429907
28.649403
30.800596
-136.52484
49.364174
100.99755
59.18106
189.71085
-165.12453
-11.677472
157.03107
-82.84955
-226.9751
-21.919434
-28.28804
46.54679
90.36456
73.79951
39.139698
73.70179
229.00447
197.14673
53.184864
-201.10739
-18.442537
-130.42896
285.73233
-16.315662
134.5337
-91.33319
83.353065
-82.78318
45.480675
30.772778
-33.853264
-246.33134
48.212044
-168.34143
-40.00388
3.4345202
-186.11455
0.0003453493
28.18829
26.538702
-236.3116
14.495141
-57.877106
-21.532545
-63.122852
8.249431
-31.48136
16.979298
170.94872
9.620392
192.45653
3.7297394
84.4423
-158.9471
149.01071
32.911148
178.7559
-10.789259
11.297954
221.01715
50.768497
78.59796
130.25046
81.35868
-64.808846
47.2129
14.894416
65.39307
57.726906
-4.1522675
-159.76883
55.036045
21.569572
-15.960962
-1.1738437
17.837105
-191.35596
-18.13116
176.31122
87.23928
98.87076
64.977905
-27.531662
143.62929
-347.87274
160.69188
21.493788
-120.26515
42.17611
-9.307778
246.99275
-128.13074
-147.40752
145.5994
-110.7528
-24.373337
-59.902
71.91485
-30.441765
-176.35329
-69.02818
77.50316
-12.958968
-83.15095
104.207405
-48.547855
-105.919525
-107.881775
-236.97891
-63.18582
3.2175295
-8.953014
-5.936445
-96.44544
-151.24321
-10.102105
139.01039
81.24645
144.74371
-80.11457
262.0221
-107.455055
-11.788374
-56.232864
62.89735
-34.905037
232.4251
-73.59691
-39.768513
206.15942
154.6969
34.03606
-232.20688
-134.33348
-40.601902
-111.69537
27.576479
-106.675804
91.9619
-70.7121
53.947136
29.517797
-90.18517
-25.318605
138.27141
-82.51507
133.06209
40.91669
91.39081
-121.914085
-90.314
65.01189
176.60927
64.330414
-6.9236712
-241.36272
-121.48765
-9.359496
60.34923
52.849693
28.199707
-90.2939
67.75161
-13.170483
223.83167
-32.237556
-19.460268
-51.008724
199.29572
185.03336
157.5696
-12.291554
127.13768
-78.59556
1.0259413
-109.79824
200.65457
145.75705
37.78482
-11.021971
-41.347267
17.013487
40.94358
156.43538
-5.3724556
-196.61821
106.60968
22.985302
37.469376
-254.57475
-13.439337
80.84348
-318.4064
139.8522
-30.794416
197.45326
-256.96814
-285.71628
-79.471504
-20.774645
141.23007
126.44546
67.983734
-47.67867
133.34534
-7.511959
53.11875
-123.95512
-189.7035
54.49068
-76.59941
-21.934788
-69.987434
-78.50563
101.28163
128.09657
136.14572
-148.34972
-161.6054
52.751965
9.801529
-10.170133
-43.129547
-182.15363
148.41006
15.927736
51.972
282.0202
184.75014
-72.8165
26.158808
-71.63728
55.53587
22.592117
-194.93634
-112.00142
76.78921
44.439682
95.259735
361.6963
-51.102
84.89707
-62.088085
-292.98245
-46.819542
106.72111
-25.702614
-113.61341
-115.15441
-112.54181
102.859695
80.55603
-225.30113
183.92795
-57.50405
-54.773586
8.302582
-19.290897
22.47733
62.834972
105.724594
-64.729645
-182.49937
-123.928345
-155.85135
281.70337
31.441078
-118.49199
46.3039
-2.2590997
-28.922003
-13.635319
29.445244
49.082104
-3.5628834
275.16074
-18.503304
182.4495
289.24194
262.99823
-49.68829
57.353745
-2.2458484
147.09486
-109.19981
-45.997158
51.55508
82.752594
-211.19409
-22.052704
190.31114
52.02356
70.83577
-136.1173
53.997192
39.883617
-164.5272
-145.62105
-183.0327
-61.791645
290.24658
2.685957
-39.559536
27.195795
38.788628
167.90907
-14.842445
-31.842121
0.1315968
-60.56675
88.90928
97.38734
-5.2955866
277.42453
41.172356
2.9539528
-160.99437
189.36124
42.809242
-254.22202
33.07079
107.15585
43.998245
58.58843
-46.85514
57.566956
24.256855
32.857033
-40.06766
-95.84265
75.991905
76.13157
56.825733
100.491776
-142.56778
-12.107322
105.77768
-137.53769
38.21052
37.858253
39.632057
29.12253
-45.86202
-21.961878
-134.9624
-204.59436
21.160412
-23.055882
-92.71816
201.1039
-30.813211
82.21642
132.35585
-121.131386
-169.66916
-27.839554
-44.20917
26.608181
8.738848
-5.7884507
30.741165
57.10782
119.35388
48.410652
31.097773
-25.954409
59.23973
-265.0447
-71.91174
95.35741
-56.78791
151.25394
69.83635
112.04104
161.54893
64.508575
-13.775201
-303.47055
-74.93409
-13.390375
-195.361
-74.70606
-8.188709
58.687042
130.44937
-284.0212
1.000587
-179.47232
109.15257
-138.18527
155.37569
50.197556
-61.17452
-229.32109
50.5885
-22.12434
11.995672
47.843536
-63.101906
-25.357159
-56.56544
-43.531643
-95.17255
-80.06768
30.679459
24.556293
-65.09162
80.2866
-17.91766
22.998016
152.44604
-9.646757
63.4506
-104.09052
15.499495
-18.852783
-266.50912
-97.807884
1.3168281
119.12662
-230.575
252.78456
-93.8182
-51.872814
223.47725
-143.98166
-95.2012
-73.80235
252.77658
-122.05916
-140.70186
-50.528275
73.03533
-206.36891
100.24236
114.95195
-206.83641
-59.191044
223.81747
-49.908474
-67.03485
3.0287914
-28.51371
-286.06238
23.224876
150.09048
80.45753
-19.735088
-152.5821
266.66913
-145.88284
-18.875257
-12.105306
-106.36002
118.24697
-198.29276
27.819756
-133.66127
-187.33865
90.54279
55.544724
-81.76888
-157.1125
-236.96724
-26.00466
-145.7115
-44.80037
-110.13682
28.318096
-82.4718
-21.781147
-2.8311138
25.17059
-49.967068
-20.747124
-109.98391
-196.31674
-115.09959
-96.40352
-159.80893
90.474495
98.66259
-70.68621
-174.54141
-60.865215
-30.343012
16.752157
-75.7682
146.3583
-82.70313
192.7229
-85.43557
8.255371
-19.546959
33.142006
-22.526821
-4.464306
-168.0564
-111.02045
86.615456
-185.66818
145.63814
-72.15731
-174.58173
112.99589
-14.243867
-26.801952
-70.96486
-115.14474
56.276497
70.24661
-0.18026948
-96.62893
40.146908
123.30352
-0.79214144
-63.398205
87.75219
41.883125
77.73601
-6.6094213
35.368507
-86.902695
-117.209496
114.61341
-12.188919
166.44118
-15.3376665
-42.27416
124.73093
-5.6490707
55.54576
-144.45027
-78.96565
30.579647
85.685974
140.51869
-42.622166
-59.655876
-93.29174
-91.87488
8.701317
40.42768
-45.36654
9.779516
-115.74012
-206.58624
9.610936
-144.34285
84.17487
51.07952
-36.369034
-11.7616625
17.833656
102.210266
-6.597978
121.9556
84.35016
58.703224
70.18146
158.86221
-7.3956127
15.719642
-109.85317
121.11958
-116.66934
-127.339905
180.43356
-95.79041
-91.91619
-113.88152
-76.30188
59.78372
-112.709
-193.78635
-120.88173
98.492676
-145.92525
19.629177
10.282612
-128.59196
25.367186
-194.93675
65.933044
-100.8813
-14.529719
-94.219315
-153.90817
249.5775
21.065517
63.466377
-98.54443
183.55106
79.650444
114.55593
-29.639975
41.95007
-202.79295
-76.63651
85.60686
-73.23988
-162.1467
140.57457
-167.14777
24.998466
141.28923
-4.9662514
-15.139475
-58.9425
-34.798443
105.48187
-61.69202
52.31785
-232.58868
88.07696
-1.3033451
-107.22297
-40.413258
-61.24862
58.222446
29.081688
110.92912
57.754665
152.62059
-155.52545
78.07988
-218.97816
71.98479
-18.08907
-75.298744
154.14389
-122.24755
-0.13986915
-1.1085739
-49.73748
54.206924
292.5202
-129.3244
-17.453823
5.127862
-66.65744
-42.33444
-54.678368
60.25476
59.079247
3.2081757
-187.64627
-40.79362
52.222977
66.705795
-2.2815309
149.86931
-103.89093
-65.81681
205.17345
50.954056
-24.446234
70.02838
-118.08676
-51.594597
-281.2901
108.11509
-123.74814
54.017605
-213.92865
-92.67174
-67.60721
48.91587
181.19847
71.06072
150.80507
46.681606
-41.07936
-47.874504
-279.90643
40.2607
186.33978
-73.12754
88.179955
-165.52246
-152.64922
77.504166
-484.10593
237.99237
19.814083
60.05151
-130.82292
-112.01644
92.90833
-9.271863
-110.11877
-35.173008
-163.99062
33.444225
123.73446
-52.4751
182.24895
-80.04752
-37.24347
-60.191593
192.11375
-122.95925
65.56115
6.818881
-33.2329
14.590099
-57.538788
35.91416
-138.23752
-28.674135
101.83495
-234.99556
-11.826594
66.41841
22.423676
180.70493
8.492987
167.26865
25.38518
-249.33443
-163.87459
-7.029093
232.47227
-71.225525
23.325006
-90.58333
-121.432976
-313.13507
-198.4328
170.30684
-159.00182
112.93249
-2.805176
170.50317
-42.15979
-3.675342
42.7767
-58.344433
-34.547073
134.0006
62.770634
82.7301
142.90656
114.975655
-26.309813
99.67867
90.4018
41.115513
-249.03835
-117.29412
58.29086
228.23932
166.9819
-10.072246
-149.13927
15.582551
49.02675
37.43523
-122.759636
53.00953
10.136906
-168.72502
61.08389
189.87807
131.32199
-46.252415
62.307743
98.69276
80.95184
-163.49832
-67.683174
-64.25972
66.894226
-55.332134
6.2044706
-181.9004
-75.22278
165.91978
-151.88
-11.574935
41.803394
-21.539463
-86.95883
122.545685
23.398104
-289.21857
-7.2525277
178.68713
96.242134
-89.436035
162.61221
291.45184
11.8927765
24.473526
172.72221
-225.14441
121.64474
-122.74677
-186.0886
84.51312
-9.8295555
76.56128
-102.88671
-184.9544
-4.4275017
-120.412186
31.052588
-32.491333
30.702267
-39.83425
-205.542
62.555042
-32.742405
-164.59146
-18.256496
78.29164
-164.56198
-172.40714
6.367186
-57.09153
219.53091
187.68053
155.87401
74.81835
-69.853455
-81.72584
-123.06523
-14.625945
-39.05496
222.87996
38.150345
-211.34055
36.912724
37.342625
-61.936153
121.31826
166.34761
-114.93846
22.79211
84.307
57.006588
-21.278547
54.934303
103.67104
-77.088615
177.6579
163.92798
-94.51686
-267.13644
-25.80597
-36.983223
-54.66414
225.71298
-232.39162
46.78444
31.177855
-73.579636
-0.02391164
-53.527893
-76.194145
-293.89136
112.0067
-289.52576
24.431194
106.25192
-89.38298
97.76533
-12.488451
36.460514
-36.34819
23.229177
44.436813
110.548355
-99.49925
32.59012
211.79846
-24.328989
-133.38293
-34.931175
-78.62395
-179.63272
-79.79628
-21.346235
-37.627777
122.93091
-4.715153
10.237611
6.2464805
235.49702
211.91792
-43.594112
60.147278
83.89502
2.0787816
164.8386
-179.24483
-3.4803498
79.2187
78.95654
-318.65753
-45.09778
144.04889
-188.11159
-231.28955
-58.542694
27.331049
-158.37468
-121.99603
-58.01753
86.768074
-44.443813
-200.11113
99.75552
270.70126
191.37984
9.358126
73.845276
-137.50735
250.33707
-56.089466
52.208374
-13.106187
240.34145
-73.03209
-95.10824
146.72595
-1.7420996
-47.62637
124.6342
-233.08432
126.79021
-37.042263
98.34361
45.081226
7.3341627
124.31478
-55.16336
40.91395
27.336792
-35.7124
-34.928997
-248.59045
105.4035
-115.267395
156.57315
-72.28288
-43.475227
-95.88279
-149.85818
11.647868
22.40986
19.159582
39.43246
-20.445024
70.40297
39.514305
124.975395
-62.680584
138.46617
-101.16924
-160.13261
127.46918
9.243798
46.060593
70.10315
-34.720478
-135.60371
128.7242
-246.44402
92.34807
-126.29969
-70.746864
-195.53241
-59.564617
-67.8367
-32.908676
-45.579323
-259.87646
-164.0765
-132.42696
76.04591
28.556515
-52.37101
31.243032
25.705166
176.32169
163.8833
-18.161097
-30.350283
55.447002
102.61684
134.82996
-60.04661
-139.91861
5.3753257
-67.3937
-53.688446
179.00264
-59.361774
-25.608664
151.1413
27.456095
94.213745
-24.827734
-89.07714
-6.4331384
106.85909
85.02846
194.42229
-35.78425
169.9707
-33.50527
38.00321
19.209627
-177.08977
44.065308
-31.629053
12.90429
-111.14409
-192.15546
-120.039856
50.574284
-12.7196455
-85.076324
207.06027
60.361523
162.54865
195.88803
268.99042
-104.3211
68.25573
-60.004826
96.26612
-34.233124
-210.65727
13.783651
36.948273
-86.49911
-64.73556
-104.69058
59.151596
-105.84351
-31.72555
-242.49965
13.935296
-119.119995
46.92304
-122.72018
60.17725
-63.09625
-107.07465
105.45615
-56.06933
-52.52112
70.08801
-36.083595
69.309166
-97.17936
-204.6294
-100.6776
-117.11689
-22.892286
13.674898
51.93709
-33.55534
114.63771
-116.70979
35.52357
-166.92545
-135.84831
109.64306
-48.935726
67.15725
101.379845
-43.89677
-128.20224
82.45467
-128.81393
-185.57895
-50.394554
175.33522
12.457877
-2.3329382
-0.57989556
325.4041
-32.414555
60.029057
-21.829067
-135.84483
-140.26048
24.911547
11.881487
3.556034
20.645386
-52.980927
-139.16064
-94.40374
-10.723558
-246.29945
-41.041702
-58.39493
-207.59106
-176.05614
-16.931602
-4.1998425
68.041084
23.273083
155.09425
-146.4833
-166.57228
-1.0558965
150.87657
-162.32343
-25.674824
-24.21896
-28.756968
-7.4967775
-83.9587
197.69916
-9.202547
-192.49883
2.2358708
43.709736
-120.6854
-13.694366
-154.20743
-11.691398
32.174934
-140.5228
41.60837
-77.445625
195.10767
41.319695
142.7536
86.15374
-110.09779
93.525536
-75.35104
-68.43744
19.415197
-52.896782
109.321075
-31.228739
151.92436
178.68668
42.846996
-150.68234
48.501022
136.65942
14.140913
-35.405098
-129.77107
63.22222
95.348045
-27.017115
39.86972
-97.37563
214.59962
16.783955
87.31036
-101.39351
-116.921295
61.302086
62.591686
-147.35695
32.29776
37.011597
131.54654
175.43367
99.22911
-47.571117
-98.436905
-66.7978
41.511658
-24.993202
259.71613
-115.63989
-88.744095
-14.942841
25.382982
-95.01508
20.115093
219.61948
-98.11504
154.46649
37.343296
59.006607
-210.81912
-136.74628
19.157858
-77.11286
223.18916
-69.053604
64.03495
-44.808685
10.489225
-94.73465
147.59068
100.655266
-138.65288
-143.95978
-123.92524
157.62689
-7.6967316
-12.651951
124.50132
70.45047
156.79883
59.65083
120.44084
-98.18158
72.25126
29.178661
-75.01559
-197.82559
-168.90819
18.77647
42.331276
158.53224
94.376724
-207.47058
69.58558
-101.08975
69.85904
69.52864
60.367104
248.8618
-23.698256
-38.79139
-64.11679
-81.90121
23.69764
145.43341
166.83006
17.89199
154.74591
-158.59393
145.56206
91.00342
32.23985
14.932829
1.634997
31.749546
15.996764
-99.94283
133.97746
226.7417
-113.55299
126.721596
-6.8837967
67.64922
-74.35287
152.37985
-57.403587
-153.19792
47.349903
18.638628
43.004112
-113.06875
166.70322
214.25342
-42.488575
140.90262
135.54901
-200.98775
71.52646
-97.651184
36.92904
60.807037
2.0105839
90.46085
-30.983467
148.17531
-157.90428
-78.27081
-32.326576
319.9897
-5.9095187
-149.13228
189.27112
-62.59072
25.082523
-30.15405
-85.61084
-216.1895
-204.82144
-123.900795
-2.761766
-220.83331
-2.947649
-158.99619
-53.73255
-126.43945
142.85716
-36.770443
-17.896294
68.93009
46.09874
108.47666
201.78447
-68.40207
159.66582
-169.38577
-29.715528
-53.87798
62.535957
-108.58763
-5.4283314
-110.68232
-133.86484
-51.966522
-76.421394
17.14008
60.90287
-1.8977823
-36.233814
59.6544
-27.38029
-174.80618
-108.26714
-64.02864
163.28734
-80.68953
23.799953
-161.7986
-7.115349
55.897533
-38.566944
247.83012
-124.534676
79.43472
0.46290886
7.182211
-103.33664
-14.553015
52.994186
-117.70967
-268.3763
183.33507
10.571209
-93.846375
6.8155074
-105.77944
67.0323
-139.78485
102.72977
113.18891
-51.787872
98.822334
12.237009
159.20938
99.89795
-164.84846
116.96074
114.78637
78.43303
-53.468163
126.864914
57.31906
177.13536
-58.37098
149.83698
-201.4244
87.792145
-33.827164
-162.43822
-69.346115
104.65807
52.54054
-84.28001
146.323
-144.13663
205.40398
-97.3651
121.91453
28.721817
-88.56221
47.96713
-28.678402
-51.40404
-149.72842
-27.9504
224.02017
46.649483
-25.634527
40.757072
-12.70595
-31.81117
99.351944
163.60484
-108.775185
75.183174
-65.85756
46.173656
60.331142
85.54262
-66.02775
-77.957016
95.00462
5.339251
259.3802
-23.908749
120.87895
-8.113057
230.74013
-81.71331
-192.1596
30.639362
-228.24478
-42.211807
-102.945366
72.430275
18.104568
-252.98302
68.89187
-7.0573797
-85.059296
53.90757
-240.6709
49.082146
-59.632446
84.72547
-38.35933
55.33957
-130.09323
78.2632
-14.165722
-47.89344
-114.77127
176.4846
-34.027233
228.42242
35.848244
92.98617
-48.25183
31.572126
103.514626
149.20049
59.432076
61.147263
257.78003
-139.63783
-62.744385
63.975994
-27.428751
22.424944
77.87958
-1.8911
-117.56747
-157.54451
26.708809
-41.119892
-183.85542
-15.091275
167.96939
-97.48441
161.94121
133.87383
44.35185
-120.79457
80.0568
-141.83536
186.28485
-147.30008
38.559425
-95.905495
189.05801
-184.41687
245.15674
9.772515
96.083115
-47.943436
20.909124
226.7641
-35.823822
-34.240837
145.57407
90.61612
34.911053
7.7153053
-80.12177
-98.10163
-216.85631
-195.33879
-168.52475
2.0582225
-91.03037
-90.72723
37.61848
32.844448
22.497162
-154.92728
-36.58377
112.646996
246.2803
116.9592
-293.72137
-52.11694
-33.434704
-40.485767
-20.915548
216.6672
-19.55691
19.573376
-86.621445
78.12095
-190.62576
12.445435
-98.40925
140.41296
-42.09228
-191.53108
-112.3266
90.49204
-324.23392
-12.927941
-44.67778
113.233574
-17.18169
85.23033
-133.56346
224.35817
-23.06486
-10.140966
-202.66295
-7.705408
-113.38394
85.84135
-42.48667
-174.19296
-372.19315
49.20307
-156.20508
-128.73143
13.547278
87.437805
256.92215
-118.129074
-37.657974
-31.055628
170.46082
47.577377
-91.4104
-228.94653
-44.285763
-19.383507
73.817215
18.444948
-61.66775
-23.482454
2.5430658
151.50865
134.08685
9.546417
140.19592
15.131145
125.29923
126.84964
102.66031
23.045412
5.030406
21.165308
246.4434
-46.519207
6.6218038
-147.7892
-33.037155
151.12944
-42.315742
160.38402
-38.80993
91.82069
-124.37867
-21.536314
-1.7833859
2.4135723
-25.242725
133.24959
-182.41785
136.12149
76.2194
250.41156
216.60481
49.86937
-12.354128
-21.82557
-60.339943
224.27408
80.13569
93.67735
52.265804
-47.55072
-9.766836
169.85701
-58.848263
124.68044
-138.31578
130.67699
-88.15932
-64.2089
133.16255
37.048676
59.92702
72.85425
97.39543
-111.67
-356.45105
-166.3903
175.06505
-51.06377
93.49417
129.57758
29.895433
-127.58592
-169.08992
-101.19925
150.57532
-65.86867
-21.556446
-33.971977
142.34697
6.1604233
-168.6823
-79.46498
81.75001
-62.51239
91.04013
-49.93144
-44.149303
-128.63434
174.84683
-42.759613
-9.476559
-108.37263
-267.6956
79.49124
96.222725
-260.50546
-392.38608
-10.6475315
-96.882225
281.72278
-129.49545
-109.62212
-28.337181
123.75385
26.892061
113.26873
42.231075
-66.64385
-57.9588
19.194538
10.577856
115.22892
-37.619946
0.40750337
-233.69162
-107.699066
130.7022
-259.5013
-124.80563
178.30905
56.0544
-43.672253
-87.28324
86.210594
-12.863826
17.854507
86.728775
-70.76882
-72.69958
-260.47247
-42.502724
-4.783335
31.502571
151.87674
-124.17908
203.81297
49.011765
61.957737
26.443504
-141.84828
158.93497
-79.58063
13.286808
-49.746674
31.24271
-5.077961
117.60916
-272.5539
-23.633022
66.49531
-148.967
-286.4303
16.638515
14.456074
32.073208
108.91509
-138.32867
-47.38937
-156.4642
-30.46951
-82.18903
29.023653
-25.3857
-61.003624
55.325794
-18.194313
-176.17458
46.824745
-17.533127
235.30743
61.599667
208.8941
6.398206
-45.036022
107.59351
7.611627
-57.28764
-31.730024
-172.05211
217.36186
-12.273884
-180.02565
160.03633
113.30257
-41.256477
152.72812
-25.572853
-216.79124
-25.079422
145.93921
78.06377
234.48154
-36.95535
-0.54420173
-85.73716
81.9259
35.664406
152.49489
-121.08555
44.64118
-1.0420344
6.9969625
20.509563
51.08763
20.62953
33.32285
56.767197
90.21145
-12.394552
-209.92593
-154.02844
136.33022
-142.17795
-76.29772
34.18121
-66.26638
111.85228
-36.340996
163.10342
-115.78786
-7.893039
29.057571
-243.62578
-7.0059643
21.46436
120.568436
14.852434
-43.38659
-110.39249
-4.7713103
-162.23602
-68.20022
158.08482
-54.64461
120.37053
91.34909
3.8172133
63.256496
-17.83648
-65.27664
173.37753
107.504944
-92.6113
41.167427
-46.96025
130.52473
-34.031918
-22.622656
-54.743618
154.12546
10.802486
-40.43727
199.04561
-60.68777
6.3452888
-28.59107
-95.69853
78.086235
-261.76135
54.237984
-34.44857
154.82008
-215.53336
120.463066
47.024666
-126.30421
-4.9478674
-19.867115
45.60802
-104.135025
-75.04087
-127.21466
57.07103
24.192604
274.5146
-114.80871
-12.783599
-189.58293
-64.12151
-115.700554
142.18073
202.59496
92.33089
170.04013
-88.235825
-157.3989
161.1492
104.72798
-15.419338
29.237038
9.788241
-151.47267
54.992798
8.502129
14.627742
-215.26492
178.64099
-104.101654
-42.04023
52.14118
-51.884888
-98.13086
183.86247
225.09415
146.44902
75.67937
95.58457
197.27191
-73.55939
39.5583
-63.525425
65.27366
16.8904
90.87114
-165.90593
60.649677
-25.467863
-45.984634
-190.21716
43.94231
-95.262344
212.11598
38.50605
-89.99331
101.71564
321.60928
-140.92686
-74.92368
-27.101593
22.522732
43.374763
16.5958
52.98486
89.07983
62.697266
-146.47044
70.9167
-58.857014
-90.07019
96.023224
53.280792
151.65366
47.81743
71.52929
-103.35282
-240.84088
-195.2512
157.68695
-63.391014
124.42464
-16.866
111.73982
208.95253
70.33955
9.742616
32.555065
90.23886
-5.6332736
96.83773
-50.86447
-33.182564
-97.5141
-158.3061
-143.71843
177.54828
42.67036
-180.59642
-71.487114
-95.304565
4.8286095
6.766365
134.15352
-151.17888
204.53337
-25.139114
-77.72592
68.60193
-49.28076
140.59682
-172.59647
107.7193
125.800285
109.8259
41.232346
111.06497
57.007984
-166.4259
214.72913
167.04012
79.85292
-227.677
48.04426
-163.4866
-99.149254
-39.719013
181.62218
-9.00126
-148.31737
2.7955105
170.28033
50.910553
-78.13664
-80.20665
14.993173
143.96597
-57.325603
176.35071
128.36803
-124.770744
140.81221
-42.68705
-2.892007
-166.09955
112.94597
16.969894
-65.646904
-83.28563
40.19902
-8.213099
18.624182
118.84193
-94.63539
-91.41312
0.7044332
-2.6517758
172.5728
-181.07744
-25.335276
-77.40543
-117.36805
51.04959
280.78226
-66.363754
144.01355
106.25794
-69.192276
191.41125
-76.69299
109.50277
-214.49387
-176.18758
-75.9078
-133.59479
238.07661
70.360344
125.690674
-138.72037
-14.859375
-35.404503
-186.83627
-47.691982
-128.03369
-48.040215
173.35718
-274.76224
139.1043
7.4921846
-26.745317
145.68933
-301.63248
38.10931
47.300724
34.488506
-35.547016
45.845093
141.99512
97.1653
62.840324
81.206215
0.21037221
-147.28864
-93.85501
44.433475
173.47675
181.99077
-201.01125
-183.5371
-36.59348
134.37265
-70.29811
-68.89518
-157.20416
176.6265
55.75563
72.139915
-232.5806
-102.429504
-186.95398
93.04193
-83.74062
-17.196428
159.18379
160.7222
-82.09667
-155.2219
-16.170042
-96.35653
88.77264
-165.84933
-128.4642
75.62884
16.995314
251.55693
148.37366
-40.60686
0.8724508
76.699615
65.52765
74.31815
-167.34045
4.0321817
-9.415084
81.114746
7.1258316
34.975883
321.66617
125.758316
223.64264
-39.12978
-39.92972
-92.27438
178.04991
-11.229329
-159.77531
67.11304
-9.208815
-15.275077
-105.076256
-81.37143
352.87262
47.07518
28.571611
52.5963
-28.879196
150.08684
235.21742
-199.5983
-135.32758
48.256626
151.491
56.770405
-119.699394
31.580387
32.897743
10.772314
116.67898
-38.535725
-40.228653
138.2641
42.221462
355.17554
6.804574
25.073719
213.86543
-115.61422
2.563016
279.06342
-85.32634
84.91607
12.857482
56.374115
126.994644
151.89839
-29.445436
-117.859436
110.326515
74.52465
18.668737
-9.523492
-265.7868
309.43915
184.0952
-119.325935
-33.03492
-10.534951
-121.6827
15.004058
284.945
-241.90532
76.52274
74.28683
10.277045
-55.609306
61.67429
64.273415
49.296715
-20.381525
-116.975586
-96.120514
77.02513
27.0576
-9.368837
-169.78221
-52.818924
-151.16743
70.01316
-28.193504
94.46263
37.702736
109.08574
23.237633
-1.4896783
-86.063515
-22.139069
68.281555
-291.882
-86.27037
65.897766
-38.41325
-54.8053
132.8145
151.80806
60.654736
77.96792
-56.36364
-98.0059
45.64074
-161.84349
-19.716496
-53.10452
22.665565
-176.88086
81.15471
-3.871564
31.875145
100.41523
32.450787
-33.799896
106.5011
143.37038
-78.00764
98.006424
-131.03777
91.4062
163.66324
-54.642265
-150.17789
-40.399624
39.34025
-57.330196
21.996593
-146.72214
-36.643143
-208.09914
-115.926186
-55.912327
145.99158
123.00372
17.294497
-37.79921
102.8108
-101.51331
106.287
79.40672
-62.2828
137.08691
-90.261444
308.93646
-110.24553
-90.51601
191.31723
-204.08585
214.54333
167.72455
150.8327
77.555695
112.25752
-108.872375
166.04007
-113.990234
-105.335236
-135.33505
9.934763
-52.963867
-18.754292
-125.46859
-28.064037
44.87469
28.657232
-151.917
-56.724133
72.05908
-139.77701
-1.5465001
-193.0856
21.099724
-74.3967
37.323463
78.96606
146.6146
-2.514233
146.29851
-36.414333
97.99775
-55.224403
66.34488
-102.96008
196.0248
-153.72768
324.5784
46.277187
117.81273
117.74682
183.93636
-13.141283
76.21196
-69.928635
50.29468
75.31354
-160.58238
20.126581
71.8153
-37.474667
48.86914
139.87367
163.10533
120.74714
141.57858
78.49443
122.06108
-127.967155
195.30211
-15.017422
1.7948899
-23.821554
31.888449
23.734995
113.940544
-69.02829
-253.4679
188.45155
85.48218
168.66087
68.12018
120.58147
18.464394
184.8451
104.51983
164.5188
-119.7466
183.02347
-58.821167
191.98566
64.964905
-132.9004
-64.20499
34.50942
73.8096
-41.152275
-99.70886
107.91478
9.354864
158.87956
120.661606
-57.33425
9.589514
-143.19424
-219.95644
-183.38942
-125.39077
147.5837
30.162546
91.861336
43.646732
8.911521
52.02997
131.50946
-88.63177
-78.87129
48.28712
47.702682
-90.161545
-115.328514
-162.94566
-66.06496
-22.682487
84.09349
-56.160534
114.478
8.9443655
6.1492205
-86.95148
184.85825
-77.712425
-35.164055
-52.009895
6.4897313
188.15004
84.426025
273.2144
137.21736
-196.65651
-31.91007
112.06685
-133.16663
-18.684715
67.19728
45.17821
79.19506
-11.602798
-28.896376
101.66797
-331.6843
-42.06213
118.99225
46.152447
-1.556346
55.56075
100.86682
78.804436
-94.1892
26.687567
-31.890938
48.522873
141.61475
-52.438534
-58.882557
92.29593
26.94887
-55.74789
83.603065
43.08133
51.115097
-27.531906
-64.14168
153.36877
-47.940567
100.974556
-5.84058
-48.82165
-29.767145
246.92961
83.34532
125.15166
59.99764
-100.16567
186.02267
17.24688
39.333782
64.58565
127.90865
273.16083
103.070724
53.60633
-129.94795
-228.34503
-55.04278
71.2796
-2.845027
18.781218
19.553373
17.576271
83.78386
-26.748455
-127.39417
-112.606895
-134.86664
154.33078
-100.35272
42.141647
145.33565
160.7951
-153.39796
169.19882
-92.30569
43.308987
-38.489838
42.37624
-42.335476
-104.225876
-135.20839
17.13251
23.31004
23.464235
-14.892831
-15.142233
132.26472
16.574215
53.385487
-110.539345
-106.7137
0.5180954
-56.03458
-206.97482
197.61942
85.613785
-23.353222
117.435814
-9.266523
85.41615
91.93262
150.23909
-136.4709
-137.12038
-53.82656
28.795006
-157.24168
54.7963
41.495277
-134.95924
-129.00626
22.761555
-178.80257
158.3797
27.508501
135.24826
-116.70822
-169.79796
5.2719193
-118.79729
26.536417
-198.15314
-7.1778846
-30.9347
14.09647
-240.89748
103.519936
27.070805
-96.590225
-102.88239
-189.69804
12.327931
-35.26741
-70.10216
6.7135787
-139.1387
-19.951385
100.60889
-155.63377
38.389317
73.8527
-206.91093
137.75703
62.857998
41.436855
91.80839
-102.49561
10.013208
169.80824
112.74658
-288.49384
130.52908
-20.381802
284.38907
-140.46046
-66.56928
48.13133
-219.58755
109.58056
85.59297
-20.64539
-55.46575
40.115395
78.1419
78.94006
-112.567535
137.59294
127.77666
-19.806562
32.717514
40.180008
-54.013042
-68.42085
132.14484
-24.793297
10.52752
-90.04402
-41.03792
26.87571
-94.22245
-78.843864
-105.88966
-39.471535
5.4341083
-22.442453
73.38306
-178.75029
2.7966022
118.48476
112.35957
-143.11058
109.18146
-13.979104
-155.4916
-64.68888
-42.943375
65.60832
4.168657
119.031944
35.296745
-5.867171
146.62671
-1.1921886
-65.25591
20.112951
-12.988459
-82.34555
-0.77351826
-97.00056
-10.2346945
15.096821
-61.496716
147.75887
-76.61928
30.748837
-148.33176
16.581821
236.10411
121.49972
-5.386282
-129.28497
-30.253971
-216.79645
54.025944
116.092606
290.05585
-17.679646
10.695754
55.112164
-127.52609
0.5265222
-139.7677
-9.074055
84.87086
88.893364
-26.539124
-97.167854
108.5414
-37.713585
-117.33278
188.74213
-89.31599
-84.211845
100.36726
265.5753
-74.19329
130.45494
17.212097
18.618864
-22.693214
-82.6929
-161.9544
131.5212
111.00835
168.66711
72.58515
-23.13776
99.56845
-5.021114
-48.328976
-352.4967
-233.72456
44.68075
-31.077623
69.031654
-119.23722
100.464554
-72.44782
45.577682
-19.9155
-223.26752
123.31504
-21.782412
-84.39496
-47.7357
92.4469
-42.92768
-18.423412
63.950363
-64.09362
-24.969984
145.20045
-67.258575
-22.259937
37.942074
18.092075
78.96388
-11.34169
-157.65186
-5.0798235
-250.03828
-78.91268
142.22255
61.30147
60.561153
-142.60794
-60.788296
24.325935
-120.0524
84.65126
145.10773
-46.64158
-18.925741
4.9379077
-108.6425
80.04838
-7.137556
55.453506
-35.593525
-166.00131
-45.72814
152.43001
-75.73321
-110.17742
-64.22085
-42.325348
34.22656
52.160805
27.938364
-180.42085
13.815689
-34.704823
13.399418
-77.16969
-15.062321
-234.76553
-161.49475
48.382515
43.5895
-104.611496
-103.88889
-67.45928
-74.72511
-60.343212
189.69655
99.044785
-16.30063
-16.04752
151.65942
78.0867
-63.930767
-121.67165
-159.29172
188.27203
-49.651836
68.756836
-131.45963
-7.1973114
142.43735
-266.38525
65.71243
-128.55199
17.835405
158.21916
19.855017
27.735289
110.255005
-93.98428
-3.7566018
-39.094162
67.10864
-8.481043
-46.290703
43.511593
110.00038
-44.363964
-11.08194
-25.436937
148.83006
11.083353
115.13812
0.6633481
131.74875
-38.1479
-218.08034
-18.626345
-38.04343
-176.50362
177.22394
-30.405272
203.48985
-33.128204
-119.357765
21.840597
-214.8936
59.58585
-131.8428
24.710657
81.57801
25.074556
-140.18047
-30.8971
-21.469242
-140.75266
-30.646132
-141.18999
-207.60867
-79.1171
30.056566
114.28864
-88.77196
-170.036
-15.539623
-27.064753
221.55664
-72.68662
158.28111
-249.9136
104.340034
-127.705284
-121.96532
-182.4228
-61.11643
-207.82411
212.64955
-121.41766
64.58759
41.869987
93.01934
-11.292891
77.65233
-265.76978
-120.34241
75.88487
-55.741932
-164.17113
57.12619
