-168.11475
31.462643
-100.16736
-137.89578
59.747124
-106.44594
-32.69457
-7.866125
-34.597767
-122.392
58.15791
-151.09558
76.46178
-112.06134
61.538696
-7.97394
-114.94749
-164.0726
174.98457
181.12813
104.5735
136.56775
16.895191
48.42679
49.63289
46.097424
98.53106
99.088974
167.30151
4.4837103
110.42403
9.49106
88.93866
28.626347
-172.87218
34.716816
-33.78678
-31.603573
-128.44118
-1.241173
122.525505
122.89681
-84.61698
65.167725
-92.83372
-90.60704
-72.612434
-5.0109916
149.58452
58.119583
-25.388021
47.73408
-23.334085
238.5818
79.41671
-159.5495
-77.54031
-170.24954
-71.143776
36.338123
39.12245
-61.980473
-44.464592
-4.2373013
-17.465698
-192.23811
-54.745625
58.341187
102.25914
3.9969437
-15.50484
-26.604681
88.076744
23.776627
122.46593
38.883446
-32.438095
45.00517
57.83851
-42.014317
-49.609146
-40.272068
14.748633
30.721212
-94.62608
122.60615
-87.81892
8.624485
68.958755
-44.65971
34.483875
-47.31705
93.721405
21.827036
-53.020004
52.23624
26.059267
-43.661304
-19.216215
-65.5937
98.115005
-106.648705
-77.65271
-63.53002
-27.694567
-77.12995
-5.4695826
28.408005
-33.919437
-117.65121
-172.29942
-10.0379505
4.2740993
-84.00248
74.053535
-129.06361
-58.107597
-36.828663
77.866035
23.889668
-40.654026
180.44366
52.890316
-74.53278
-23.213768
-117.65453
108.20906
23.593752
-10.147384
-58.144875
-3.4944572
67.95503
187.1507
51.667515
-27.881392
-67.45638
95.561134
12.595567
1.4236293
-48.762993
56.488853
-50.974003
-91.94841
-39.643753
-60.846523
21.872438
-31.0556
-83.790924
83.02051
115.17505
-55.36061
107.670906
-30.840326
24.174835
-155.62816
34.71826
-68.74596
150.30956
65.6765
-127.71423
-32.06216
-109.15163
-171.59982
-192.738
78.24949
-29.869246
-27.001438
-4.185766
112.07232
-130.09515
112.50049
58.44774
147.60643
27.691095
-73.67596
47.9699
-60.835987
55.284237
-51.33615
136.94818
-20.380669
-27.520653
45.054516
139.3253
-111.43887
53.619946
7.159277
-99.2258
-13.573979
231.02013
-45.672504
185.62074
6.3585234
-110.31778
-40.82249
-112.1149
-84.26821
-74.231094
-90.389305
-36.09843
102.00975
-90.31367
-81.92289
-136.97849
59.78889
19.798481
-4.123705
-99.30711
-105.47008
-15.891639
-124.02672
-127.27371
-9.690266
19.734879
86.93715
-165.63927
-143.2222
6.987024
63.564728
82.88651
-87.46763
120.81484
-47.72362
6.7546496
-27.223248
120.48769
-46.59427
-0.7439809
-15.8357725
53.095123
89.55246
88.03916
11.289673
-28.656723
-154.712
81.87455
-99.86283
-68.96804
-90.17023
-114.397835
58.102715
-146.48274
-82.49991
-54.159077
57.546337
86.1383
97.39553
8.892426
-19.149384
-146.72736
6.5177517
-90.67826
-5.223209
-10.427085
-71.411224
95.93338
33.436104
-123.65243
174.43033
-68.93112
-125.423904
-48.373203
-68.29452
-128.70444
-100.02425
19.374405
130.70801
32.263985
64.07413
117.88065
-69.9518
-110.69874
-47.4197
3.6281748
30.333433
-0.99470115
-2.7597384
23.045534
-88.26331
-53.32475
35.966484
-46.115414
-26.86661
29.149912
51.095703
6.937113
32.217472
64.74722
-160.60141
42.68845
-127.8796
-26.305262
53.84811
-146.66197
42.431046
8.943615
123.15564
23.34261
12.882353
92.46117
48.455944
-120.80409
136.54236
80.507545
16.237732
-74.8384
-127.254295
15.289175
-26.009846
-13.602235
-153.55461
96.66399
-29.713112
-113.61006
98.92295
39.49495
-55.38621
100.48198
-44.103626
-37.52038
-110.74778
-59.02818
57.084877
55.9414
68.618576
-48.403633
-81.68191
77.47265
12.061411
37.987553
-52.35545
16.629072
-45.999516
-66.4286
123.481285
127.091446
32.9317
-3.9114702
-185.93222
24.187828
109.92573
83.27351
1.804629
-62.562634
-126.74129
86.27405
141.38507
-33.220272
174.48804
-40.203968
29.571274
128.45575
-76.23487
-167.60643
-45.367676
-25.21708
21.932858
99.2404
60.54013
98.43477
38.44875
210.60321
-7.1753826
65.731186
-42.807487
46.202194
-93.81484
256.41446
7.836117
107.526115
-27.028048
49.94381
-24.963089
58.891453
81.88303
-86.72359
-189.0866
153.415
-129.93265
-26.886917
-20.551361
-167.60385
80.68744
15.6780405
7.334599
-57.535114
91.58001
-102.89942
-52.12179
8.916232
76.159615
-50.51644
-22.290333
131.70934
-23.92864
79.105896
-38.087368
54.15484
9.815635
4.486364
-52.81376
44.67742
12.102946
-9.82707
152.31924
72.73574
91.0638
52.63482
31.083105
-59.777233
-1.7750632
-29.849049
79.22158
-16.915619
80.2478
-72.59022
40.59175
2.9820318
77.73225
17.544945
-6.279094
-82.20751
-87.32889
67.1577
44.436413
88.43619
118.14573
-31.152704
-5.601827
-287.61493
3.5764441
-142.49916
-66.705376
61.88727
92.85754
120.06199
-178.76889
-182.24165
74.34568
-84.694
-46.60881
100.051735
-33.37433
-10.220153
9.184638
-65.02822
25.750982
-23.675335
-74.44123
3.3017468
5.125414
37.276413
-89.93777
-94.62938
-7.1122613
-123.582
-14.021256
15.875704
-99.527794
-89.704475
-12.1018095
167.47375
-62.773266
102.088326
-93.21141
119.583824
-46.14273
21.25505
-40.814037
139.16339
-84.740616
125.86787
67.57562
12.864988
-7.6083784
93.4324
-34.907463
-81.70332
-73.068924
-67.64612
-63.91484
-119.32204
-58.16918
-19.54531
-71.65817
-17.204437
8.4050255
-51.13015
-30.976582
156.26779
-71.76821
40.36011
29.45935
-61.097355
-25.201626
-11.757226
4.0977936
46.825626
64.83181
45.02619
-114.7616
-138.02345
-2.8967972
-22.92143
57.347282
-18.118555
-81.500435
57.721424
36.560745
193.28963
-26.976505
-14.070494
103.894424
190.14185
106.07135
121.87584
-19.21991
102.690506
4.9873147
-15.476292
-162.86565
128.90633
78.31255
-61.947933
-59.537113
-28.671715
77.02023
-0.28056288
119.13844
9.118281
-125.20419
122.240654
24.433376
-22.901508
-129.8129
-36.5869
17.039236
-172.43013
111.621216
17.232718
191.83629
-168.24908
-181.51028
-6.864663
10.450386
92.868004
53.816273
-15.391625
-27.004263
17.70685
3.7121897
140.63806
-70.371376
-120.80107
-32.447174
-114.47597
19.501255
99.68899
-82.70093
98.9119
192.82462
50.441532
-48.092323
-34.664204
-31.751165
30.700424
44.985928
90.23727
-138.60684
137.64833
18.439777
49.58777
205.41856
152.95705
-63.96018
0.09675872
-144.35286
83.549736
23.938707
-174.26324
-50.150444
124.05724
22.789034
91.51836
287.17258
4.5361543
7.362767
-64.9778
-208.80444
34.865456
88.38364
-81.13539
-34.277733
-77.35007
6.5448046
35.406036
77.59515
-159.21602
34.84311
-69.92372
6.2136235
-13.531274
-56.842762
-8.119248
10.510806
91.91245
-11.861863
-191.82684
-12.84601
-75.762184
1.4791338
-30.268684
-31.00811
-22.750183
-54.159977
41.265656
71.890564
-98.68801
4.422849
29.195402
130.72807
-48.264168
180.4993
172.42842
196.91757
-84.329834
21.243465
25.443726
69.83792
-47.718132
88.53622
75.41931
117.95561
-127.13463
-37.202957
172.5804
64.14666
3.3181167
-38.587395
-35.799465
-23.364782
-177.7349
-97.864204
-121.06023
-73.05351
133.75604
-1.1359241
-18.485031
8.139924
6.2169857
80.152824
7.0312214
-91.60745
27.13711
-28.062511
26.183628
4.447503
52.33308
111.653595
68.9285
-57.025387
-97.674484
70.30785
72.5107
-77.97599
-6.8851852
76.3471
-21.130898
44.75273
48.49842
-29.609037
36.503933
19.30802
33.10241
-7.5023403
-40.541286
-27.945545
48.264347
-10.32496
-88.01691
-52.95234
140.32018
-35.284508
122.22264
44.874836
53.793285
-66.95694
-6.3179545
-12.584374
-43.56404
-120.276054
20.202864
41.266068
-68.4801
47.648598
-28.835056
137.57735
-13.307442
-65.51136
-105.7439
32.54099
-104.44544
-45.65837
17.9155
88.22253
-78.88188
30.801102
63.33898
70.97025
-10.089827
52.750374
-7.955827
-191.92076
-103.50357
176.15543
23.273592
43.127457
36.83879
87.48948
-11.340045
60.46018
35.282543
-177.66043
-17.518322
-27.001652
-94.3075
9.638704
-111.09073
-26.633877
-18.399576
-91.96806
-6.2943892
-151.70508
199.45436
-47.235428
115.86465
70.79466
18.618105
-259.44418
90.07827
3.9696085
-58.909992
-119.24684
40.827297
116.04375
-65.38172
2.64481
18.210684
-100.13612
62.935394
0.1618433
14.169513
44.807343
8.252695
109.84386
18.238962
20.198162
77.92831
-71.0348
-8.01752
-113.91882
-159.46428
-16.733576
51.858047
24.389336
-47.13577
167.92621
-64.857506
-6.8828154
108.73004
-70.1745
7.1331086
-74.519424
97.06573
-144.78331
-134.69685
-17.539837
91.91091
-54.061737
133.45613
16.463387
-159.56662
0.80633545
76.0208
42.457214
37.585354
11.103744
-59.260284
-181.51147
2.5797796
169.51361
64.708015
-72.978096
-103.121376
127.55686
-43.34181
-88.102325
-64.346176
-43.88407
101.75402
-127.77518
87.72983
-83.30722
-54.677284
105.260376
140.57227
-135.28566
-105.76556
-154.56488
-33.33077
-64.24887
-16.627155
-44.712994
43.082664
23.842993
70.51466
20.17693
2.669201
47.396507
-15.023027
-107.540665
-48.649097
4.540472
-66.512856
-77.468636
-21.887909
116.11836
9.061239
-50.170242
23.354385
51.78686
-57.563484
-6.2859716
110.60849
34.075512
86.25003
-53.41372
1.2491727
36.466106
-34.47765
-50.374573
12.744124
-110.44036
27.424446
-13.357202
-71.67307
76.57543
8.230832
-15.068278
134.02821
12.487104
0.102553844
-42.404873
-17.135353
91.56699
78.76262
-51.772156
-50.68342
-15.445428
62.87158
-33.4265
17.12759
88.199
-44.85585
45.045177
-0.12240496
-23.190084
-16.802347
-44.61143
11.393978
-73.76923
139.17862
-106.93052
-129.78275
223.14519
67.86686
78.664635
-88.66682
-90.94602
-7.8043666
56.062992
92.28675
-4.77872
-83.64439
-122.53438
22.708689
96.94665
-36.835453
-21.26566
17.982542
-11.979255
-145.26643
16.89917
-114.53544
11.572844
-64.29355
-49.372974
-35.106514
7.765101
169.86641
-35.43545
20.217615
133.61502
59.108685
12.145531
88.51402
58.366673
15.168273
-58.552967
80.130066
-41.279484
-37.435314
67.41455
-42.657307
-78.62483
-69.29062
-24.782747
-9.333655
-86.69411
-172.60631
-55.545666
73.207634
-10.640871
6.398517
52.81191
-163.2614
-8.403009
-101.24719
10.827679
-128.75809
-61.636482
36.17868
-148.03389
58.536636
-54.270218
14.777849
-45.38922
168.35414
-20.322884
19.06832
-110.82388
9.216785
-98.82514
-104.82924
-13.111233
-105.73552
-110.48658
35.57769
-77.37381
87.950615
78.91111
15.052954
-109.69166
-45.359253
39.888603
98.04491
-7.4426513
36.35936
-124.38479
-17.030094
-49.997677
-100.9525
-20.694164
-63.036148
-110.27927
-11.1638365
212.97256
-8.868973
127.891716
-99.80029
58.148937
-115.66878
36.957558
-55.67998
-152.19756
11.898385
-66.68392
29.108576
18.530272
-182.05869
-21.384937
214.56702
-3.487503
-16.963049
32.103733
2.8099713
-17.307728
4.7238083
38.993057
61.46302
19.284138
-101.4908
3.196395
27.112276
26.093727
81.144485
92.69408
-77.68036
-12.547594
-20.579182
69.0326
12.507274
-40.878952
-57.41979
-35.012215
-176.33775
123.52165
-30.555593
183.02838
19.819893
26.357212
-116.33888
46.515236
55.915565
104.128586
1.8771445
-51.409306
-57.160995
-11.397922
-127.2731
-50.426426
130.35777
-98.56447
25.50099
-58.334023
-95.22921
45.394623
-291.83533
123.838875
28.14089
77.309105
-221.11409
95.70618
-48.84168
-84.04771
-43.492756
24.643435
-184.63345
-24.265575
49.208736
-8.010553
169.64537
-35.14374
13.091911
13.732098
177.31956
-38.06885
102.73385
-48.052944
-159.36458
71.43834
-9.937749
79.069885
-56.22015
-29.87165
-43.57977
-166.27658
57.961933
38.973637
-9.500388
97.21097
-3.0419884
113.72153
12.195859
-59.558823
-135.49825
1.5896223
43.30247
-54.33808
-78.785835
-54.69327
36.061504
-124.894165
-137.63277
97.50662
-115.6579
81.582115
78.836426
-0.6520319
4.3662114
8.394881
42.748417
-120.51155
-6.2367606
32.94923
-37.496346
73.33108
32.6747
199.95512
-88.6282
17.46351
13.881264
159.1745
-99.56211
-186.82695
-69.187996
88.15207
101.5342
-75.94541
-63.552692
25.520645
66.14183
17.779774
-165.88942
28.93141
90.836044
-150.31241
4.7845416
126.27849
56.98907
43.469795
-40.98916
36.296467
8.895166
-140.06761
-4.880741
-114.611565
-8.344865
-38.48068
-8.048422
-89.71805
-67.96318
259.09265
-2.985963
-86.839584
10.290659
-15.508926
-107.450874
90.94327
6.663405
-156.0613
-38.48354
13.118939
215.9345
-19.78209
112.62436
95.464775
70.93628
-37.29983
102.900665
-173.31654
150.42972
-8.598094
-102.6636
113.64822
-0.68799984
-54.697796
90.9536
-87.686844
-57.914818
-46.349773
168.03195
-160.13951
-57.241287
-66.425446
-172.5634
-13.148538
7.1206107
-112.61505
-14.120761
-37.709126
-52.378025
-100.98305
77.91991
-54.798347
138.205
166.9125
173.35207
20.365128
-53.230522
6.992261
-132.04422
-49.364876
-43.187847
185.9746
57.618523
-142.83376
-41.13929
1.060903
-67.511284
190.17603
41.90007
-116.661476
41.841694
83.39881
-40.686237
29.386469
-34.26908
65.43097
-206.86723
18.60785
91.43336
-148.66109
-162.98782
35.779396
-40.09119
-66.64096
238.03384
-107.649376
-8.6353245
81.57837
-53.098774
-80.508804
-93.750084
-0.28648955
-184.54483
-29.243073
-179.90901
40.880844
18.877172
-118.24046
57.6168
-45.492565
75.57373
39.338074
-39.860622
12.952327
-59.877815
-28.264612
-9.341592
118.02717
44.55076
-89.506836
6.370963
-51.74959
-17.756561
-53.226585
-19.601824
-6.048023
138.9234
53.630993
-27.284973
21.098938
124.5024
39.83749
-52.21316
59.04607
29.637655
-0.070534855
130.63142
-187.48248
38.358757
-14.799416
65.65299
-192.499
17.135275
99.196
-120.04398
-174.67041
50.61874
-42.890503
-65.404884
-187.15309
-124.8558
48.89856
-16.763285
-213.636
58.910973
132.98357
158.98277
-128.46523
141.9691
-177.25726
160.03178
-38.28196
34.542248
52.028744
73.198746
15.659581
-54.871902
21.541538
-27.558697
-30.548489
38.162617
-31.663986
107.84485
56.152527
-0.06978059
-10.818021
-133.11241
105.50951
-76.68857
-69.58102
-16.668625
-8.527883
5.8243923
-110.32945
86.995056
-32.750156
62.781387
42.964085
-67.53816
16.163044
-16.1778
19.92838
3.1784
73.7219
58.58812
15.479539
27.431156
71.75794
67.71014
23.07918
68.78045
-141.04616
-57.987766
42.864826
103.82194
70.40015
-25.387318
44.90984
-16.223028
113.258865
-131.92169
-9.128805
-88.06835
40.41058
-195.51776
-88.122505
-110.95113
-116.72053
-7.9827433
-120.22779
-45.346436
-175.35661
54.947674
19.136015
21.422659
6.8755455
5.518158
180.32079
143.1029
-35.37212
6.040209
77.50652
121.0103
82.12507
-116.109535
57.409573
-68.01598
-16.461166
-165.67484
167.2418
-57.47946
-63.022217
99.18684
-25.313942
127.91681
-11.680247
-29.76019
-2.9431653
87.405304
-11.934877
178.61162
-5.9171786
124.96212
-93.73117
-4.152306
-59.05004
-150.94919
48.30693
12.935401
69.48497
-33.79118
-110.693115
-78.25169
-11.509262
18.298475
35.710667
159.74303
23.529903
44.351612
153.6372
183.15189
-38.94306
89.737625
-9.809465
2.2343109
-49.903442
-127.16023
30.520994
-54.122402
-52.99286
10.49198
-6.711524
58.190777
-48.58451
73.58802
-147.56363
15.228162
-105.10211
-28.64237
-44.57815
114.95879
4.015415
-108.35351
74.67412
122.71874
-37.104134
-35.02634
-52.41616
111.52961
-36.78112
-286.7138
-65.048775
-51.063046
-53.298515
-48.68993
8.480076
31.760998
93.19871
-38.177288
-72.32516
-181.37236
-127.71759
45.94619
-7.304554
15.1856575
213.27722
-28.040735
-42.145935
11.068402
-112.01135
-111.091484
-21.178982
139.78099
-15.219402
-31.69388
-90.99707
203.29282
-38.340023
3.7684934
62.03225
-159.28098
-8.542512
39.125763
-8.949834
-57.29712
1.1148776
-22.092758
-108.174965
-43.30165
-21.13776
-102.95615
27.565079
-26.030504
-176.73088
-221.70398
-17.210058
-14.508172
80.18384
-14.749738
56.579456
-44.84856
-54.016575
-80.4429
94.15188
-148.59256
-39.14123
-104.81078
18.948086
-83.31023
-76.89222
86.463554
-45.53154
-144.32225
-2.5204577
8.595824
-24.716953
-29.001038
-131.27734
-86.84956
-116.76309
25.254263
99.54919
-24.19905
100.33497
58.098087
91.94402
10.383567
-62.080208
60.735023
-12.505654
-174.20488
-83.07083
35.844807
-28.767776
-23.129469
51.55259
126.67937
-39.376137
-87.33574
111.32721
78.10388
6.4150333
118.04841
96.80683
43.98595
75.87466
16.87217
64.55587
-54.214157
154.29222
-64.80182
-11.43928
-57.6176
-66.60445
160.25668
118.32515
-27.933706
-60.99797
76.5453
29.125837
79.34203
29.233263
-59.444633
-103.72716
67.54165
-13.295701
-48.927086
153.05753
-34.52719
-98.87144
95.03123
-10.082759
46.53435
2.0417213
203.92963
3.933493
146.7535
-17.611109
-23.232056
-175.18077
-215.42004
63.06686
-73.70989
162.26443
-151.52304
124.238785
35.12291
14.505092
-40.556393
166.39464
21.197197
-43.403202
-53.02889
-34.846825
163.00697
-26.094307
-67.24156
108.564514
27.340961
156.94598
128.28897
7.518031
-59.69584
135.48544
-94.29476
-50.919937
-67.34471
-160.47964
-28.307766
-11.306829
-6.6591597
48.573032
4.086783
114.63573
-40.54312
-52.390278
58.46856
86.58231
163.22987
-78.92034
-83.00806
166.53308
56.83531
-55.21836
-7.594202
112.98562
68.69664
15.9236
-158.99263
104.15527
79.23518
35.241978
28.3595
3.1296406
66.1498
-29.19971
-89.85238
25.391531
71.20099
-2.8031647
19.456358
-2.8422823
-32.408577
-79.714775
-21.712059
-32.63854
-232.60103
81.628235
-28.414885
-51.96603
-49.87992
129.5195
270.40826
-31.255629
160.10612
112.40012
-20.416325
139.03424
-97.24332
23.839586
5.8224225
11.538083
-55.159645
-32.36312
120.60102
-53.196735
-1.7516302
1.3589625
190.40735
43.20707
-86.570915
79.36534
-118.25504
34.173565
31.3926
42.177197
-120.49629
-156.37389
-147.97102
9.499291
-156.62465
-5.4930086
-79.04676
15.918531
-171.493
56.986366
76.000206
-49.67594
23.345203
-22.361
22.492968
190.91898
-19.622465
40.5327
-41.96778
16.719736
-6.7217975
-9.596845
-88.0148
95.780266
13.412447
15.067802
-108.6042
13.104187
-6.1444325
-35.93432
-111.7989
-65.06128
-39.382305
-3.0185392
-123.03389
-53.778885
-44.960342
70.172226
-67.61818
72.34208
-118.02926
43.6283
105.099815
27.034855
108.0695
-148.69485
110.63022
-85.59917
-52.898285
-17.648867
24.907055
69.13198
-84.53635
-161.15915
138.63959
-48.671715
-106.32346
23.829218
-58.51211
-73.08969
-120.34656
-47.542118
90.16689
37.893147
56.71245
36.53305
149.29309
84.61161
-69.07748
0.4936704
161.12413
37.335938
-16.708847
55.576675
-26.758345
121.269455
-41.61177
110.677444
-170.32481
17.155453
-40.538948
-147.18097
-32.961235
159.9352
70.11415
-32.626408
173.85452
-205.28242
224.35065
-8.067608
-25.894878
106.65348
-39.851112
120.57032
-31.211132
60.22863
-89.174675
-47.714024
126.15287
128.76964
-84.87943
24.225512
11.130564
2.556035
36.15789
138.01178
-25.207993
121.76806
39.511917
-6.7360473
81.25125
50.26217
-17.10789
-51.305763
-4.435132
49.885395
155.29913
-53.355255
44.397095
-113.72832
71.26616
11.228718
-100.99322
73.42624
-148.9845
-3.6932678
33.397873
42.29023
47.356007
-99.412155
30.287935
8.743332
2.0320702
92.90482
-177.28287
-145.03133
-129.22223
69.08795
5.730992
79.373634
62.105522
89.3265
-40.105278
-26.195751
-77.52004
120.62395
22.447626
135.38785
61.60079
123.04168
34.009518
-3.6045752
14.357418
77.76008
-28.043194
-32.06871
143.07416
-49.08465
-16.95188
142.28717
-23.354856
53.84703
49.412052
62.338017
32.955677
-0.7082569
68.886734
-113.13767
-98.012314
57.68209
81.82576
-33.303917
157.08113
116.06219
-8.073174
-13.173408
-13.278345
-84.175186
54.317383
-81.19349
174.17526
-25.117025
163.64948
-48.443806
113.908966
-35.784405
124.77883
60.266617
-59.062996
184.10306
-49.510204
-59.888916
71.34083
100.45592
-45.69861
23.760342
-37.087303
-1.3392485
-156.85847
-31.334608
-37.477554
110.72957
-63.167316
-30.933517
10.841817
73.080414
67.085686
-101.82466
56.302536
170.69208
83.05333
-61.073975
-294.91367
-30.315104
9.137789
31.849585
-55.824226
120.70691
-80.81366
-59.20739
-98.681694
-56.728313
-170.77547
-9.096435
-106.90179
20.086863
7.2130475
-54.036297
-81.69675
63.42681
-154.59418
57.326557
-15.881569
156.78662
-108.78511
18.788885
25.126251
226.78433
68.6048
-40.688023
34.591988
62.95634
-75.45838
-15.813665
-37.71852
-136.21872
-286.04187
-23.476439
-15.164505
-78.41022
31.376486
35.334167
176.79485
-200.10962
22.193012
-28.224535
84.74049
-88.68803
-62.383846
-184.95862
84.17294
-75.42301
-4.8461885
-36.74552
-130.72122
86.28583
55.834183
133.56401
91.38884
-29.774889
25.129244
92.83668
45.863327
130.91536
-3.7497454
12.781211
14.235787
37.0255
233.94173
11.03923
54.448452
-28.197563
-16.040108
115.19513
40.014
35.124023
-12.861264
157.74232
-68.36843
28.316116
-38.256042
-68.71673
-13.262235
182.81584
-213.96364
48.57372
85.59148
73.48963
96.58995
81.550476
42.55569
33.399063
-95.416016
134.65445
89.74793
45.595337
5.483352
-0.15620637
-40.202496
165.17787
-11.857019
62.587822
-144.09436
40.42543
-86.50691
-49.005463
-10.427861
25.983128
-19.817503
-13.527906
48.3629
-77.23149
-213.80551
-86.326454
85.8053
118.66127
-55.46699
139.75467
7.7442966
-21.479916
-110.65423
-37.580967
90.60709
40.721603
13.963468
-34.712112
157.39862
37.070312
-31.181402
-34.255455
159.4887
-47.245235
87.19799
-52.93486
-6.0827856
28.950499
154.31995
-26.127325
-26.607452
-83.44217
-194.48145
97.18468
85.109505
-211.12599
-306.20718
3.6150293
-22.283857
107.24143
-52.195328
-2.3784957
-51.70256
77.69118
69.82639
44.371284
-21.873936
-10.291426
-44.28722
18.165602
47.355316
186.87093
64.87965
40.957047
-172.28719
-132.72368
224.97801
-205.74834
-89.39968
120.51741
1.6920171
-112.821335
6.924207
36.227253
-68.53877
75.92565
-0.9784421
-32.01545
-120.02888
-148.06798
72.24594
-4.8627424
-6.5769525
52.55502
-63.79649
101.950745
148.6557
56.17347
-54.55135
17.390533
16.912529
-77.84503
-49.740078
35.860855
34.799732
43.443382
103.35235
-89.352196
-43.3405
66.19747
-83.61222
-143.68066
-45.630272
-19.222603
27.15602
113.153625
5.9717884
62.86961
-173.05203
91.221596
-23.574959
33.91925
3.0342665
19.548393
5.517746
-15.124163
27.88407
46.566357
-115.05947
145.0524
33.206436
135.61166
0.43795276
-66.32398
77.63192
101.82126
-96.09805
45.64872
-82.40225
210.5487
-74.34771
-251.62721
96.25542
-13.546103
-61.701042
-5.7959547
14.985173
-243.46095
-126.37536
33.094345
161.50598
216.91118
-12.827314
-71.12379
-110.65818
129.88213
-13.721217
52.004005
-107.48687
13.154608
-45.48393
-77.900696
-39.446285
44.279686
158.16417
42.64786
10.968167
162.63455
90.250404
-134.52917
-28.941381
74.21707
-152.6644
-49.77742
-43.54392
-1.4166073
91.52559
-147.56277
62.875465
-55.59939
50.371895
6.7979016
-157.44672
-55.816273
11.627544
204.6558
-49.03585
-49.570377
-4.9975247
62.50968
-117.87505
-13.020808
25.808737
-0.33399525
2.9433339
10.964613
-26.716057
-70.26028
18.560772
-121.06593
69.66527
67.9314
-95.687744
143.95572
15.90745
54.124413
36.342335
-59.781025
110.37971
145.87419
-96.33553
54.630295
127.30712
-167.69382
25.396172
-47.981117
-84.04392
45.652287
-163.46301
59.992577
6.842827
53.43165
-88.4513
134.77306
-3.7239423
-97.85982
-19.054893
18.059816
12.991198
-65.427574
44.603584
-48.041275
29.119303
-14.440253
109.381874
-134.37563
-55.566372
-33.433006
-113.00139
-81.83593
46.423443
79.56517
79.2439
65.63295
-90.63004
-52.75219
-19.60079
-4.1566176
26.613197
-56.0068
-12.837687
-96.08021
13.762927
89.25243
-69.666435
-94.11098
89.60991
-110.57745
-49.399208
54.87306
40.92721
-69.78371
111.80841
190.17343
63.147392
48.75944
-4.263276
98.26371
-79.50441
42.7534
-105.245224
54.949364
34.951942
112.37283
-195.92232
81.65509
-14.286042
-68.23018
-166.04727
15.02426
-145.66768
150.21272
29.019789
-64.45084
62.937935
227.14912
-118.7034
-43.62232
1.5785857
33.361465
65.35364
-4.2437963
87.693085
118.29416
14.445406
45.224773
43.400196
-16.04447
-33.006695
178.89279
-19.556423
19.770617
-19.533852
39.964806
-56.907936
-122.26395
-19.74269
65.61706
-2.6934192
29.645744
50.68411
131.3911
162.96297
42.367626
-12.90324
59.84362
39.947987
64.166145
-23.542814
48.786346
36.152718
-87.91375
-19.82096
-29.734772
116.24925
16.884264
-181.69423
-2.3315043
-33.011482
69.2552
22.90501
72.97616
-106.02747
176.3427
23.961977
-31.372465
6.1523457
-86.59253
94.6625
-131.52109
19.434027
104.53349
-4.013621
-3.0081306
22.210175
68.18223
-184.3748
163.68593
85.2566
68.25074
-194.07552
-73.81269
1.2687064
10.7912035
-39.36675
145.16286
-57.758846
-42.60291
-67.20302
61.85788
13.30165
-27.543594
-39.264458
-89.423676
76.50415
37.777874
207.1332
161.27661
51.650105
212.40878
77.8402
11.93786
-115.28889
1.5762156
-36.06576
-71.497154
-165.4941
46.813896
7.7813463
14.085669
-18.486761
-14.64748
-51.80755
89.953865
-27.171232
125.1703
-80.65771
13.9921055
-150.08548
-126.07793
95.989334
119.00059
-127.348755
85.57565
18.810184
-50.76003
183.95224
-21.165363
94.09333
-66.78731
-46.210537
61.746582
-146.47812
175.6907
34.54295
126.44346
-95.4928
-28.124418
-20.190928
-172.44832
-0.5159355
-70.10981
-63.28988
114.86836
-151.66333
-18.57627
-48.29748
-1.4198529
135.53075
-181.50989
17.586462
20.482756
-10.249492
-115.3448
66.49592
2.4406774
-10.045915
15.51956
118.621704
-19.95054
-4.483515
-80.41562
33.164494
40.58222
71.54036
-123.37261
-104.38821
-53.062317
77.438034
-2.911313
-52.992992
8.511587
89.57471
-18.42999
-123.60324
-169.299
-127.77152
-61.77072
38.094482
-158.77414
-117.99267
14.519142
66.48008
-114.85688
-128.1762
-52.95327
-8.119024
50.34957
-29.665318
4.4870157
-22.222008
32.752377
205.01817
49.293934
-20.861387
11.883379
49.681995
57.564384
-5.769266
-139.76306
-78.21579
48.42209
1.3050184
-25.567102
-36.89976
231.69406
141.96535
117.87628
-117.446205
-67.854355
-59.124905
90.72621
35.454742
-246.72565
59.35858
-132.84036
33.891815
-50.59622
-12.280179
210.65556
10.570815
-35.117855
-10.8346195
67.45667
140.3516
159.9451
-99.20037
-186.88034
-7.509689
46.148144
175.33861
-46.54245
-26.83013
-97.63134
18.096197
146.66841
-3.786971
22.622934
41.96169
53.950138
230.19426
-15.501815
-2.9016361
204.6808
-16.71466
-4.1672897
115.25455
-48.44976
69.52779
-81.59433
39.81536
31.905933
183.90094
11.869059
-125.516266
149.86055
66.773674
-34.54512
-39.608986
-266.70435
191.82323
75.8975
-56.138912
-96.72619
-30.647415
-188.43985
125.13399
182.39938
-60.09704
26.671108
61.013832
10.65718
-38.033264
-18.977926
48.89697
65.0443
-79.83484
-25.300558
-135.30016
15.786066
-16.586235
42.10687
-173.92178
-60.24987
-72.13199
41.473553
-85.6415
16.70024
59.50786
74.98809
42.575222
-25.870518
-139.30193
-11.527748
55.18177
-142.94891
-14.088449
86.43008
-37.409683
-58.22409
5.97694
72.38728
204.38321
-33.75982
-18.002272
-71.502174
70.05077
-100.075554
1.7742779
84.00046
21.744215
-256.28314
88.00971
-21.589458
129.08145
40.264816
-7.064536
-11.663621
60.935802
80.599495
-114.42694
50.94608
-112.40961
13.162004
131.23097
-71.55173
-52.48789
104.85011
23.688208
-91.29524
60.881058
-121.34094
-36.091366
-54.726353
-182.24947
-132.93172
94.3555
25.71789
-15.110749
-78.01228
63.458878
56.296677
77.19997
-41.271885
-8.494204
-24.472391
-104.04181
101.44693
-32.167583
-29.053558
206.81035
-128.25735
115.62983
107.64049
100.03017
-39.216324
86.335335
-48.479053
129.88928
-70.05354
16.410423
-95.37336
47.329655
-75.626465
36.04583
-44.38982
-120.08888
99.58476
124.42179
-131.71935
15.520418
53.501385
-197.309
-45.844173
-180.2004
-110.91344
-146.94131
20.332495
70.53924
126.20394
-16.509672
91.30637
-74.45066
57.612007
45.74778
158.6425
-130.1105
72.547554
-7.331836
209.58673
80.361824
65.21394
85.40076
171.29865
-4.5813737
62.975037
-63.514164
45.82981
90.72945
-167.02623
72.65634
-36.644905
-61.358044
-136.11165
210.76802
123.090034
85.48413
-22.962317
116.89531
117.91021
-200.93477
15.078801
-29.531094
48.062576
75.379295
0.6290313
134.37743
76.13261
28.940908
-102.142746
25.055819
43.944008
102.17538
34.945232
149.98671
8.3692665
174.78773
68.40729
182.66862
-124.895134
149.88281
-58.038536
182.30911
-6.4749727
-38.445946
6.837199
15.882961
102.754974
-87.976555
-70.237526
108.21659
-41.722954
79.06751
39.675438
-38.951252
-90.81872
-92.711624
-132.47574
-22.032846
-34.809616
49.066635
14.181225
28.794577
26.751865
39.14212
136.62218
93.70817
-95.73744
23.02565
145.38655
27.135391
-47.323948
-34.51547
-75.5244
14.00861
-17.29019
82.52431
-52.874596
109.1801
6.3713074
1.1238372
-14.764196
137.63068
-108.656296
-15.8041
-52.774517
38.290134
113.58004
2.3187253
158.75566
209.63188
-185.49727
-13.093813
88.410255
-75.69358
49.8846
-32.982086
113.737366
52.132977
-115.63777
-45.99706
75.09751
-194.44997
-90.34016
137.34024
73.144806
64.00422
101.04865
59.007786
111.30181
3.2783031
23.620708
-82.636116
-65.830605
107.169655
-107.515755
-35.451874
-10.523922
-2.363218
-65.65202
83.89683
-60.085224
141.30583
-28.009426
-43.42769
-45.11754
-22.459091
-7.0956326
-17.252707
-70.99468
-18.696383
104.2848
37.85815
85.61405
140.13193
-8.343623
63.030903
-29.31005
72.93668
62.909885
70.967865
224.99327
100.09223
140.70207
-65.26221
-14.127327
-36.374733
88.24626
40.448776
73.045
-10.110004
56.120354
77.18732
68.31858
-132.6776
-32.413006
-101.48332
104.228134
-1.2132716
-8.97295
33.304718
94.2882
-96.92178
89.10841
-33.03379
46.503468
-83.20389
77.86473
4.1375337
-122.73739
-9.991531
-15.529887
-64.13847
95.26335
2.555873
8.714565
116.613434
-120.90235
-4.7380977
-46.371883
26.401697
111.18687
-0.5069907
-123.50455
56.700516
27.865953
189.1591
24.830837
17.945414
58.631546
93.8649
46.7458
-121.71324
-101.42033
-42.567364
-91.81928
-147.70982
90.50872
-4.3400345
-117.17567
-79.46084
-3.875461
-136.45988
0.05259815
33.200954
161.00317
-152.27881
-60.393013
-4.89319
-56.284416
-56.972576
-118.682884
-55.911583
-30.006582
8.246922
-208.00642
-38.40477
-3.404108
-43.241924
-67.81498
-68.45199
0.5686923
111.40917
-13.725566
-91.03164
-72.06496
-89.34652
44.698975
-132.86543
51.43081
9.351712
-199.93913
11.172222
18.692303
21.082415
58.89785
-83.422806
9.66994
86.274506
44.93055
-206.2009
171.1368
10.73101
167.18626
-102.686646
23.862371
49.148277
-107.25932
182.34506
27.485064
39.402462
-167.59708
-13.782073
100.89569
-9.944629
-44.601437
107.7211
20.420624
11.762754
70.93514
25.559158
-8.181556
-43.74873
21.672577
-18.094366
-5.957231
-11.504747
-102.48228
-37.89336
-43.58178
-67.13108
-55.22995
-81.922745
29.101503
1.4271166
151.76701
-47.67927
-19.369982
185.15833
7.2691407
-111.92393
87.45318
-41.55421
-56.563313
-63.68546
-69.27871
22.247541
-7.455351
111.05962
32.527214
-70.05854
182.25891
-92.13003
-24.597404
-67.82911
-27.258402
-63.68319
-24.102346
-125.686806
8.727105
-35.231316
-6.750153
61.691425
-76.58759
-19.25849
-50.408813
36.29603
154.00395
44.02195
-4.6680403
-27.075647
67.52681
-41.152767
28.912167
80.681114
119.107025
-93.68212
82.6106
46.6117
-148.2017
-21.03767
-172.28577
-51.3782
46.22163
169.9393
-47.23054
-142.84276
61.02845
-106.62877
-49.867737
61.813225
-19.357052
-72.37456
-27.609762
127.159225
-15.307843
62.827763
80.800545
1.911099
60.150024
-134.14397
-115.588974
49.325584
109.367386
109.832115
4.923037
-12.873267
-3.2048364
110.32418
-2.6407743
-228.09312
-199.6015
98.40011
-48.550755
70.39099
40.5015
111.97151
67.44649
100.70625
0.50421536
-152.16487
-10.127094
57.383816
-32.41986
23.82133
51.806076
-9.653789
6.2934422
27.775162
30.321806
-17.860146
-11.236354
-122.14139
-138.35352
22.428413
98.86946
30.794743
5.028371
-136.303
83.96372
-72.51072
-127.67163
16.374205
-14.753069
14.637759
-50.1485
-31.532314
97.70497
-16.957933
22.865147
67.95883
-78.49834
7.5413656
25.583408
-105.715065
48.712433
-38.867054
25.832373
2.184815
-1.1521678
6.4050426
46.66006
79.48585
-22.271221
-68.11359
-8.396758
30.371372
-8.00743
137.85182
-35.873455
-2.5649114
-61.778725
-5.8978643
6.3115363
-44.338913
-179.28749
-135.65158
51.556522
-52.697617
-37.753197
-88.721695
5.801617
-106.71668
-109.0145
116.7321
22.274677
-73.689255
-29.564188
84.508316
50.00475
-97.59123
-26.966045
-69.74753
129.59105
86.961716
151.6968
-44.162766
-53.16292
87.53223
-101.087875
9.3113365
-68.51906
17.160534
83.48597
-13.773059
121.48883
47.20035
-54.367096
-47.57483
9.065589
81.33564
-11.37158
-34.05758
136.93872
56.970985
62.03036
-69.009674
-72.56228
86.13254
-1.7925746
156.04958
20.888538
34.16047
-39.100624
-52.634876
98.479965
-52.25768
9.201672
62.17495
-21.059092
106.317276
-24.416485
17.9078
-29.798237
-166.34993
-74.822266
-113.28859
157.5527
42.912445
-66.24812
-101.02184
34.57319
-45.275524
-117.25798
-83.2909
-64.36173
-13.339935
-87.938614
121.206566
-17.776163
0.7518556
-86.84253
-82.67475
17.414215
78.24067
2.0262566
-13.19412
-242.76532
96.08413
-171.97728
-35.279034
-15.901751
2.40115
-130.4198
171.22058
-98.15926
63.609676
-73.95631
20.406284
15.562407
-24.499702
-113.56616
-92.04613
148.1809
-71.34289
-145.67245
78.616646
