-144.57469
36.987545
-39.265736
-115.3589
-4.4272385
-18.688261
81.91117
50.050903
-78.43787
-87.260056
82.42943
-31.780079
25.199947
-30.793999
199.54842
149.49858
-56.505596
-217.07704
146.13147
93.28918
170.1819
37.44179
84.86119
186.42181
-13.055753
188.72044
167.33563
-45.958447
216.50462
-44.78225
112.33542
58.64116
61.005737
-33.34404
-297.58362
98.9611
-89.350235
-0.5693507
-112.98803
69.13611
106.96259
112.77966
-60.10605
7.7275295
-140.31671
39.64426
-89.36137
91.48896
149.54913
174.09215
-21.201645
55.141308
-58.523144
371.92584
-26.212795
-121.34782
-38.83519
-104.0392
-130.21013
46.772152
41.30018
10.604225
-200.3523
-44.999443
104.97631
-230.48364
-98.88898
144.8269
200.95633
69.291824
71.8446
29.044533
70.34725
-54.15557
70.28542
0.1789608
-46.41119
82.9382
151.28777
-184.89886
-69.61209
-70.69458
1.1919738
42.24434
-147.65845
230.59256
-131.71388
90.05165
160.91795
-79.9761
44.47329
-2.7585168
202.92917
-66.03011
11.550585
-17.546566
-30.849607
16.667912
-38.97474
-198.22386
110.000404
28.440884
-100.585014
-101.914276
-12.85776
-89.60329
-82.657394
-33.801834
-7.104376
-66.53659
-156.44008
61.991734
8.447467
-40.48582
41.599934
-210.61696
-79.54242
-2.7546883
66.94444
4.0907354
86.27294
102.715416
-38.736523
-63.482685
-34.387383
-168.62502
212.21396
69.62762
-7.752965
-174.59462
33.777946
31.477903
157.26799
180.7386
54.94764
-2.6731331
151.28284
-16.58595
-82.48825
-69.057785
76.32528
50.11222
35.48053
-69.12213
41.363354
-8.327708
-144.50008
35.055595
173.99936
31.299824
-8.86489
26.00826
-64.20333
23.192974
-302.00674
1.2790322
-20.261992
112.96402
56.76932
-125.63857
15.342763
-51.940643
-93.18164
-215.89352
227.40594
-100.22957
136.05067
-66.43441
98.78266
-185.52705
-123.47661
-54.30197
133.04765
63.619987
-109.08459
86.120735
-81.16539
6.7971663
105.7307
120.6058
45.496742
-57.86049
-75.729225
160.22765
-10.791724
42.078583
-68.51532
-195.81549
-142.15356
331.84665
-167.95653
194.44415
110.96936
-179.51436
-213.45903
-55.98227
-147.056
-90.33712
-209.73373
-181.83835
44.421917
2.2968416
-172.54646
-172.81055
26.35605
-59.763546
35.723553
67.32727
-164.07153
109.46383
-24.146698
-158.6439
-184.21326
56.27775
107.09373
-223.57367
-152.85126
-23.157515
115.79494
106.74246
-140.07198
110.10186
-67.50328
75.15752
29.811852
43.350468
138.14017
57.192226
10.137367
-60.624306
-103.34809
139.59926
69.540115
-39.116337
-156.06274
131.51385
-108.65326
-40.66392
-96.48988
-61.282173
25.679007
-66.986824
-56.84826
-46.934315
87.839966
95.61394
111.17394
102.987816
-88.202225
-53.086422
-52.102207
-164.9492
-67.60201
-29.19214
-150.68517
86.98598
19.521873
-154.58504
286.30865
-148.45094
-23.799322
-83.35048
24.592234
-115.412735
-153.47388
4.434943
36.33493
-73.36222
151.35402
155.07242
-93.88603
6.6759696
-69.45681
131.25069
46.063366
-61.06426
-50.33614
-57.801815
63.380253
78.86764
-11.547825
-6.901874
-43.82365
40.506542
-53.57887
132.74518
-8.455696
49.26668
-81.50742
83.969536
-310.3173
-54.310566
283.6653
-206.8118
-106.21217
18.085354
142.01456
17.103523
60.648808
-10.105503
85.77186
-105.54737
219.36426
49.867813
-25.033842
-137.46101
-111.00232
16.160873
10.797709
-64.93209
-140.51701
-17.566473
-62.76292
-157.18678
144.71375
47.766735
-14.332254
9.5213
-88.205
33.755558
-73.64505
-47.8677
20.757946
14.802798
97.51923
-91.7299
-15.682881
203.6823
39.62827
193.3095
-208.23361
52.780067
13.884483
-35.855827
92.637955
50.268658
-12.506218
-43.07334
-250.78993
-25.626398
80.74445
10.483066
4.1078386
29.547338
-143.70578
76.80015
106.20658
56.6013
211.33032
-145.35551
-37.803425
166.98433
-140.3967
-230.0748
-44.942978
-49.830112
17.11815
64.73403
105.863396
81.36193
65.69405
227.43182
184.17021
81.54184
-251.96484
-55.74463
-106.716125
281.96655
-34.088825
139.53577
-97.310104
105.616745
-86.05757
29.304178
22.83935
-42.262165
-301.5623
42.539124
-244.85887
-28.536211
-30.77857
-168.00102
-18.378222
52.63937
74.68184
-252.7289
20.613323
-68.115486
-51.308777
-26.28164
27.180256
-37.76981
0.3074868
170.79276
30.229141
230.72159
-3.8211558
69.21725
-178.65404
128.34329
51.647785
161.3861
-11.963507
41.386417
232.19864
31.956396
81.58896
68.850975
107.36574
-97.58351
15.793919
10.341613
42.5248
38.695686
-3.4498448
-132.5215
20.101925
51.31241
-40.006058
-2.9743652
-6.765776
-195.78323
-40.612347
143.06012
67.50719
75.48327
27.365643
-47.191757
138.7536
-345.17734
129.03462
31.869513
-100.01747
50.769047
16.205265
195.20427
-146.28195
-175.73413
184.73743
-148.15514
-35.829826
-40.460567
54.03856
-18.572002
-179.02621
-56.28115
119.58099
-21.931454
-46.11198
101.36684
-116.14203
-83.75294
-97.79036
-219.6792
-78.07164
3.3873277
-17.47406
-22.522465
-86.53872
-136.73637
-39.67327
95.72667
80.70905
160.64308
-63.493225
291.81342
-116.81617
4.8029366
-3.2239008
43.40251
-6.9221535
234.03113
-61.49303
-42.019123
192.59799
125.65599
117.61649
-217.46138
-169.42921
-49.833855
-143.23782
41.337322
-77.03938
114.59872
-110.53537
115.48779
34.60732
-127.60174
-24.778223
163.91292
-70.347244
120.69188
48.191433
122.46737
-124.810074
-84.22586
35.92752
123.85936
25.03797
-24.065268
-245.66714
-164.49214
-13.791739
52.734406
5.332193
79.83108
-108.53616
30.038279
-3.9974463
186.60748
-19.709682
-4.0086136
-57.44437
237.44179
155.15451
123.046265
-19.501942
130.85657
-77.30672
-31.698744
-115.05793
191.79816
121.733795
84.97791
-15.508634
-70.27867
-0.7229651
47.24379
182.25407
-24.251026
-211.80235
128.03258
34.233593
34.835667
-236.03835
-18.07586
55.332573
-343.68753
126.218796
-53.66835
210.49718
-261.91782
-267.86206
-65.65862
6.9804397
149.09406
140.89589
74.36282
-35.873867
128.9118
-34.25965
37.281612
-72.878296
-190.51285
4.2714553
-122.90881
5.866093
-63.95071
-99.7524
94.788666
99.48056
133.07211
-144.97601
-160.94516
37.852543
29.71552
14.384994
-93.72143
-197.14365
142.15015
42.04909
33.316616
316.11954
168.78616
-119.506096
16.80465
-38.369408
45.603962
65.86248
-195.04887
-105.49083
94.23797
0.16232356
83.82952
329.40128
0.22075021
67.297386
-92.81944
-283.29456
-24.569546
97.9323
-31.721437
-98.66417
-128.58511
-76.1713
106.42662
69.510315
-278.02734
168.94775
-37.554054
-34.365177
29.833466
6.0261345
28.105347
80.558784
109.573715
-81.346466
-212.31432
-103.261185
-170.20256
285.53143
21.38849
-114.89322
30.506943
42.557625
-5.861709
-1.9255598
-1.3003519
75.81535
24.38128
259.32767
-34.311714
182.71991
288.50656
278.1564
-67.80831
54.30627
39.44614
153.33667
-116.19668
-39.822372
11.57778
41.89859
-221.03137
-41.49451
179.33922
43.062862
96.521515
-172.31361
74.04488
-18.227972
-125.977745
-172.13673
-204.44292
-97.75919
277.3723
14.989016
-38.339752
45.5818
65.57731
172.99762
50.67057
-77.574486
46.227837
-68.2312
65.76118
82.96718
16.67231
287.67807
38.28474
34.875565
-164.57323
186.52992
78.339584
-253.67604
36.131996
123.611664
30.304598
68.93392
-107.62863
29.116516
76.926
20.722918
-39.594505
-93.308044
66.6799
102.40198
44.21012
73.092804
-168.98756
-6.238842
37.593666
-137.68762
20.181425
78.72525
14.7009535
70.43696
-41.215523
-55.298416
-129.56007
-200.8582
65.07924
-35.52736
-73.44273
255.05724
-17.333353
92.98603
97.342415
-173.48764
-188.23279
-6.6487274
-28.102139
19.11408
-20.608524
33.6085
28.293259
63.46811
125.30171
25.041756
87.90139
-25.577822
55.327076
-274.72372
-54.57756
70.29546
-59.068016
133.77275
77.70839
113.565735
111.286064
90.74761
-5.7542467
-273.97226
-65.8384
-14.097802
-219.53381
-90.19395
-8.367378
31.752062
88.722626
-280.70013
-12.625416
-185.91846
101.341805
-145.38208
187.12468
71.13742
-89.824234
-205.23262
45.591972
-33.66078
-8.641758
78.67011
-90.90719
-49.083893
-67.50025
-49.36437
-130.24628
-82.179955
4.587505
-5.961296
-100.4807
-8.593769
-19.35286
-9.451946
107.37197
-18.582598
54.874435
-132.85292
45.55279
-29.172089
-284.82544
-104.853836
17.95637
75.294304
-193.05658
225.89885
-96.20817
-41.186356
245.86105
-188.57773
-129.67
-61.537876
209.89095
-141.03596
-155.2595
-92.23269
24.58583
-191.08757
89.78042
131.62239
-209.99336
-56.784054
194.47801
-79.620636
-71.196014
-10.964048
-61.325527
-283.61826
42.22428
150.26282
108.79532
17.811737
-128.03882
252.2304
-173.9455
-0.34181017
-44.633263
-121.20497
38.730988
-214.62775
-14.759272
-113.20673
-188.5963
64.04445
58.989468
-70.553314
-134.19873
-252.16391
-32.054317
-145.32657
-78.349266
-91.55544
31.204372
-63.59925
-42.87777
19.50016
5.735428
-56.417416
21.61892
-67.43892
-140.96461
-86.23493
-118.25501
-135.1055
94.59637
78.21729
-87.81853
-159.04956
-106.513054
-48.640423
74.67111
-94.16596
179.33197
-93.05362
218.54646
-71.676735
-18.823841
-19.858932
41.121605
-57.05685
9.531087
-163.18672
-57.91969
132.23506
-200.84406
120.77258
-80.87169
-151.04544
164.93413
-30.376162
-22.665369
-50.388668
-134.34818
59.59751
117.74055
-82.72249
-131.37143
53.16738
104.63445
17.749136
-138.71683
76.10647
26.920395
123.98222
-32.29393
96.567345
-92.4028
-127.71037
106.56839
12.725334
173.58867
-47.164413
-45.609554
154.58412
-18.811089
104.43611
-186.57858
-55.164894
77.66664
116.3881
152.47652
-2.3353622
-60.691402
-107.61715
-75.97811
29.534363
35.975826
-6.378417
69.821976
-125.43021
-158.51913
-23.047878
-160.58618
101.50358
87.36076
12.964703
25.58025
45.155685
63.452858
0.6017964
116.96976
43.79637
35.867474
97.90972
161.19052
-0.22555059
-24.334743
-117.40242
179.50223
-135.23137
-150.60477
232.68285
-117.701485
-101.275894
-129.89648
-84.2368
81.81746
-112.351074
-204.30864
-152.54335
152.022
-145.87007
22.901123
-33.503544
-135.15495
59.013294
-184.38963
83.70877
-82.46638
-21.23577
-104.630775
-179.02419
227.15271
19.579271
58.19841
-38.921482
164.94063
119.8104
108.59444
-18.54995
46.00456
-187.26616
-53.499348
79.090225
-44.508358
-130.60464
159.65965
-158.67516
44.87613
103.189995
-8.391211
-3.4453804
-108.692154
-40.95405
76.97376
-77.130394
38.18718
-271.30466
72.57799
15.632155
-54.79459
-39.13893
-59.518974
28.810118
35.034687
84.73613
80.389435
167.38348
-129.21916
59.0909
-216.8874
129.23311
-23.044863
-58.372032
144.46892
-138.84004
-42.49655
-58.400833
-99.398026
67.929794
321.38303
-68.39621
-37.855232
1.2505668
-81.406906
-45.186077
-72.748886
84.94167
51.481953
18.651031
-174.49702
-49.49013
33.613586
81.07196
0.8357359
105.60857
-81.76938
-76.168335
183.62598
61.830032
25.66395
27.378788
-137.78244
-90.48421
-307.78995
108.562996
-143.81856
36.864395
-233.5583
-137.02013
-34.383186
27.14302
189.62566
134.46751
162.77454
99.70505
-72.838455
-71.92788
-296.81232
40.240013
212.31555
-93.48004
99.13844
-193.64607
-154.48885
72.68696
-466.32635
270.5808
-17.42528
62.28337
-174.9422
-156.09067
111.15467
-27.27686
-103.08353
-73.830055
-136.4058
21.981552
152.73666
-90.86179
131.8878
-95.060165
0.3728621
-49.259975
219.17915
-98.65072
78.48071
39.199066
-33.497883
45.0766
-37.172787
40.717728
-113.57391
-54.96184
101.18597
-259.81525
-34.27713
71.6955
10.560332
146.8251
21.372398
161.14731
2.8387904
-258.31866
-149.78482
-8.08929
225.27919
-91.009766
69.88156
-97.12663
-138.84828
-351.77832
-153.96735
183.88882
-115.46066
111.17042
-29.581964
165.02466
-27.539728
-16.633652
18.740992
-50.245472
7.1180005
143.89403
51.179974
85.964226
180.38928
161.02872
16.398138
80.38791
102.618706
41.427006
-229.73123
-119.16827
62.299118
204.3843
206.1672
-45.39503
-163.47041
13.397404
58.13422
46.38456
-71.30982
40.59467
7.6260242
-193.39157
76.76044
170.78322
128.98042
-6.2508607
84.64746
108.86328
63.669975
-194.17183
-12.057976
-62.01298
61.40967
-114.26198
-26.593334
-218.22404
-101.11302
136.886
-182.85246
28.030628
18.381266
9.49758
-143.75325
135.87549
47.202972
-325.14502
-7.5573416
172.08693
80.91064
-94.20773
172.85086
255.22049
1.6600262
2.0607104
153.96078
-192.81096
109.82366
-78.860115
-143.44539
108.40456
-26.293026
69.25727
-138.1384
-110.20204
8.553504
-134.86357
75.728615
-32.501057
46.45198
-43.11128
-243.72572
50.54096
-16.264515
-193.99017
-13.855927
119.17177
-156.52368
-143.69795
0.3732866
-76.04267
192.89253
182.3874
122.46907
55.894924
-105.18614
-59.16867
-138.61014
-20.967312
29.851696
204.15045
32.920982
-171.36816
48.42893
47.720707
-52.755646
132.5444
188.85472
-123.07534
27.50527
69.93454
34.172577
-35.76454
58.132534
101.55886
-102.709854
190.25427
166.26831
-151.73824
-224.60023
-45.44787
-38.07933
-58.10809
262.41913
-254.81967
46.058887
-2.8173113
-39.999004
-30.937298
-66.86022
-69.5615
-267.63742
116.84172
-298.82858
34.840298
86.81837
-105.06945
108.61199
-24.743414
36.814907
-68.47555
25.06825
40.30434
97.23324
-94.80525
23.199553
220.04536
20.991243
-100.71134
-85.44379
-79.123535
-191.16435
-73.91353
-13.391671
-10.604582
129.2791
4.782488
4.7545547
5.540104
227.68324
176.69478
-28.455006
68.52665
83.355675
6.3286304
196.3556
-209.19191
-30.352346
68.83963
93.12122
-311.15
-52.291058
135.91498
-179.96652
-156.08122
-81.95772
32.414326
-171.07454
-90.71174
-85.462395
144.3743
-70.26429
-169.45796
121.43984
228.27003
181.16663
11.381967
148.77742
-153.63734
298.54648
-40.784706
45.297104
-13.149635
215.67715
-21.012505
-126.71456
129.98009
-44.795628
-47.738396
129.55205
-276.4673
109.79264
-45.423473
78.83878
42.414806
-27.459007
104.62145
-8.983494
50.859592
16.793314
-34.100296
-8.325013
-255.45137
93.581665
-123.943214
104.543396
-102.05225
-41.568104
-86.526855
-144.44443
-7.0310416
-29.31676
38.341763
23.171974
-37.299065
33.97235
43.11832
146.67635
-93.794495
83.537674
-138.42229
-148.60297
89.4867
-57.28641
64.2137
0.41760328
-32.70777
-182.8317
184.14763
-222.10855
74.00273
-159.3487
-82.02159
-202.65033
-32.93449
-81.40308
-14.9152355
-10.349149
-304.5209
-152.2722
-135.64697
76.16628
24.186165
-38.96456
20.866243
49.460648
169.3995
115.959076
-17.984367
-6.9713697
70.92267
65.84518
92.879135
-33.700893
-164.60696
36.00241
-102.447525
-27.84242
160.56027
-54.677464
-41.52634
162.36227
53.89972
108.328606
-47.590668
-93.95722
-10.958708
164.14171
49.63976
99.88316
-31.80696
130.56445
-13.738986
37.196865
69.40713
-148.73654
47.409626
-30.293247
15.3965025
-110.68152
-247.97482
-137.53839
71.78382
-67.14351
-62.445557
232.97914
28.256092
200.4161
199.2059
331.03702
-132.01096
69.84551
-68.38346
121.750656
-14.306524
-252.83496
26.408918
64.74384
-93.96492
-63.671814
-133.53767
33.689293
-86.588905
18.201796
-240.99724
-0.7838359
-87.346115
43.967876
-115.9646
91.83054
-76.21119
-98.60994
115.158394
-58.485207
-34.088326
23.84349
-30.47953
60.69747
-73.53715
-207.04736
-83.131004
-101.761826
-59.221836
-10.585915
41.364895
-61.402287
130.25417
-106.64937
7.084481
-165.54478
-135.05444
77.4726
-8.915433
52.79074
97.95956
-23.510672
-117.58751
29.975637
-149.48792
-219.44377
-34.669838
176.95467
36.4685
42.14035
-19.046698
399.143
-55.694157
66.03713
27.592571
-125.82906
-118.89057
40.087265
6.0796356
31.67035
36.545914
-79.22824
-113.493095
-85.943344
-7.835293
-243.46571
-74.1026
-20.075787
-163.09198
-211.27866
-15.619607
48.00767
105.594025
-9.179851
125.185974
-123.24399
-151.23906
-41.12745
183.5601
-160.05618
-29.132923
-25.964176
5.1191397
10.112289
-82.980774
175.9
-42.027836
-186.57516
-43.633045
50.37175
-180.33763
9.396147
-156.75073
-23.804653
47.317646
-166.61069
49.944984
-82.67416
189.14265
72.804214
180.34602
146.97313
-50.371483
108.17646
-59.485867
-97.284904
18.689186
-79.702805
82.99128
-81.73775
135.84438
150.25887
43.457523
-153.98715
54.42189
93.40979
53.98829
-19.416685
-169.61983
100.833176
76.46145
-39.67133
44.691936
-157.49586
211.07388
5.488068
103.9523
-119.71015
-112.81579
39.337788
112.09118
-102.82021
81.26632
56.225113
104.07363
173.86499
111.32164
17.864826
-83.272766
-56.954594
-1.9938867
-40.501102
254.58781
-78.99652
-144.64755
-6.1937
42.483128
-95.30083
26.843
250.22337
-95.536766
132.19121
47.511448
110.99356
-167.93607
-116.2982
12.077047
-64.67861
197.25108
-73.6661
66.69189
-53.489998
12.991755
-79.83906
131.0246
112.86695
-158.54718
-164.1104
-161.72104
149.60065
-12.064054
14.628305
110.61405
98.57803
208.12495
48.881584
161.5875
-121.115746
85.45069
78.1229
-44.9907
-219.85437
-219.41565
-37.245255
55.900646
163.90504
111.2411
-224.17255
53.805363
-127.52582
76.585556
95.502846
56.550396
262.14377
-19.35409
-42.737904
-63.938736
-90.77635
-0.7524067
196.421
132.7811
9.504242
130.06564
-150.37622
123.960434
108.24963
50.96546
1.8224914
66.02746
42.961037
28.836517
-77.28905
114.88595
248.43379
-97.22448
184.66765
2.6321359
47.743946
-87.08407
128.63557
-40.18539
-167.40562
45.51198
12.691805
-16.364697
-131.7488
144.1883
273.79337
-13.063704
85.02286
119.04673
-154.6055
116.583534
-119.64389
58.554253
24.529512
35.59994
137.55923
11.122217
186.26315
-127.04322
-53.129135
-14.924721
250.26729
-3.4405737
-159.08733
200.99521
-71.33397
-0.17412186
-45.699547
-99.636536
-208.16322
-210.66277
-162.50642
55.743694
-189.38841
-6.2227793
-159.84703
-63.046154
-130.47995
185.28947
-12.116235
-3.925371
84.0929
39.34088
145.95801
275.34903
-52.236053
133.31302
-190.6015
-39.579056
2.6447234
38.018917
-162.32898
-6.155131
-84.21478
-140.3358
-98.66977
-58.63959
96.19541
63.554317
13.830569
-68.92872
71.49103
-18.165836
-177.24223
-122.49982
-35.13772
177.92752
-57.366844
17.554789
-193.72606
2.406322
28.876123
-12.224276
252.0264
-166.19064
146.632
-22.88009
3.4663591
-78.78275
-61.88498
61.87828
-95.61666
-253.08093
177.40071
56.277008
-96.54068
26.526596
-126.816
32.743492
-148.57452
101.45441
137.37549
-20.250984
119.797424
35.697197
154.72336
122.94277
-197.54593
78.547615
83.552795
101.71888
-20.052685
178.84052
71.8681
208.08781
-56.62758
137.38672
-167.71747
44.82732
-2.0680234
-186.15366
-111.60978
131.75107
23.23933
-12.05715
142.6776
-202.79323
200.98085
-102.63203
122.037094
37.230305
-59.524857
58.12043
-84.93138
-4.718925
-157.32912
14.852249
231.85071
33.370716
-70.17965
-15.946939
28.708132
-35.428146
122.20267
174.11919
-150.58435
81.59802
-65.24805
97.35586
30.910019
79.40526
-102.499176
-81.027245
94.13601
15.726367
240.72675
-34.713478
145.20511
-10.022469
248.19545
-97.84366
-231.2151
68.55371
-256.08206
-80.82624
-117.60767
69.91201
-19.33982
-259.1293
51.8524
54.04423
-58.20719
1.0286857
-267.09552
63.218227
-44.581482
55.933674
-22.260468
24.785923
-153.87575
30.090652
-35.657875
-13.979975
-146.35347
165.15744
-40.044044
220.42035
19.527456
41.109314
15.365709
21.778284
129.96895
150.82004
71.167854
44.882683
249.70645
-85.077805
-30.530216
69.609955
-68.77624
7.944625
74.34037
-26.365406
-128.57693
-197.81017
17.609028
-55.989292
-193.32932
3.3935392
140.39655
-101.764
159.08386
130.6891
16.368427
-112.17413
60.390564
-132.85518
202.86133
-110.17101
68.27821
-128.18105
244.52011
-213.45735
299.48657
5.8521886
75.86978
-69.77109
32.305634
248.83035
-59.879585
-11.020593
190.57262
46.26482
33.754635
-1.159323
-33.865814
-93.05269
-235.84375
-204.51465
-136.34335
-12.231408
-127.32428
-126.16425
21.418522
33.74101
9.833705
-121.90069
-4.2064157
126.105576
172.70445
202.86203
-332.13248
-54.371666
-43.063805
9.160556
20.282911
215.28093
16.245815
89.82048
-65.202095
86.71579
-230.9251
38.630127
-93.722244
130.37172
-9.707029
-169.87766
-156.14682
68.6454
-362.53363
-76.95206
-30.176243
60.387398
-44.93333
103.79217
-170.65833
231.95552
-31.552523
-53.054394
-189.0342
-12.010178
-104.6205
108.13367
-56.011578
-191.97227
-357.42477
43.488243
-192.64049
-134.40228
5.4184713
111.70955
267.16162
-127.56181
-34.744835
-13.391469
204.81322
14.602313
-109.23907
-238.48534
-74.59728
-36.721584
81.44995
5.8904495
-9.906881
-28.421106
-24.715256
164.01996
141.04962
17.77409
105.440605
-50.095676
70.04067
145.22643
99.392235
18.111277
50.985786
55.33168
247.9781
-56.409386
10.547
-140.75429
-26.211279
104.41995
-74.35875
81.72398
-28.540466
76.71088
-156.41273
3.8587205
6.4206347
-3.397296
-74.36685
93.33144
-158.2394
126.2329
84.15626
268.60095
204.1566
77.64531
23.19484
-34.09273
-95.96174
157.71107
93.164116
57.30263
68.22913
-89.45521
21.897512
139.90256
-84.82681
139.28986
-168.49649
121.223625
-100.89646
-7.467528
119.6095
25.168724
43.44108
72.05611
122.00456
-93.50045
-338.66208
-174.05875
169.54674
-13.855366
45.238697
115.13572
40.14586
-138.12149
-161.36732
-122.514305
153.75797
-32.736973
-54.47825
-43.199978
163.41321
12.248528
-150.33833
-93.62429
68.025024
-70.74797
82.64796
-40.36297
-70.87057
-175.42264
176.30084
-60.851
-27.724686
-90.922165
-301.85934
125.58864
113.95885
-216.49164
-375.49298
-39.458275
-58.5805
254.4009
-132.27444
-123.292496
-101.49917
156.46791
51.98548
139.93538
85.67836
-46.102375
-61.66451
7.979606
24.952728
95.480354
-21.732792
28.164621
-220.41335
-61.096844
145.32518
-291.88275
-100.4109
176.43292
58.8609
-66.2794
-101.83558
84.03293
-0.8069995
57.667213
42.982803
-36.515266
-115.83956
-266.75238
-38.40213
-2.0089006
29.94362
117.56234
-102.1945
230.01593
7.2891927
51.52122
19.23347
-169.43951
138.455
-124.72083
0.8248891
-31.649769
12.975957
49.43494
105.03146
-282.64368
9.670118
114.22772
-173.43208
-328.50143
-7.9299655
-24.016525
16.320107
93.442184
-123.07189
-28.884596
-142.50024
-34.132034
-63.714775
28.611496
1.2142514
-97.717735
18.559687
-24.723087
-178.12473
50.307343
-26.921465
202.71434
73.87394
238.18451
-14.570464
-44.627834
69.65269
75.85126
-61.68047
-21.302269
-152.29472
225.37967
-52.38674
-174.81943
195.26105
86.734276
-23.984585
184.73515
-49.337627
-179.75179
3.6600318
158.62775
120.16034
244.2334
-55.197174
-8.303481
-118.404144
98.82154
-12.251133
171.87871
-106.14194
-7.55963
-65.13418
-35.717392
6.295306
51.01536
16.69946
-2.7263045
80.05103
89.1732
36.916416
-224.96921
-158.21724
114.988335
-117.64558
-107.013435
-25.51646
-84.61795
88.77069
-11.78061
198.9878
-78.703186
-11.612101
1.1008235
-231.5716
-34.437176
54.63821
157.26402
13.50941
-30.816448
-80.48997
-10.707228
-160.46712
-64.48658
151.00829
-36.072132
149.84161
120.332695
14.725205
86.61158
-75.448364
-99.058716
139.15889
85.794395
-107.601875
20.619164
-51.545692
129.70554
2.9970887
-10.885578
-26.329996
129.03316
17.38011
-51.925472
183.52974
-55.20937
48.00517
7.316787
-67.434265
60.865032
-235.51445
57.07731
-54.611717
211.90373
-243.82442
148.78888
32.170525
-106.12067
30.002375
-19.982597
50.37795
-116.6804
-104.6454
-131.78831
144.69775
63.44516
282.1179
-152.49376
-42.342224
-196.20325
-32.78141
-114.48145
174.54218
211.00267
60.022076
202.9316
-78.136
-195.1565
184.3426
118.92756
-27.646736
63.294018
7.8326416
-180.94063
35.481476
-76.81544
15.87053
-204.49185
160.50192
-74.56203
-62.33268
53.9374
-81.449234
-136.55846
198.9711
212.9702
155.75735
108.46971
121.12748
190.13075
-58.803806
49.316242
-69.64285
57.193756
-24.696793
99.143814
-132.95508
35.629555
-26.470821
-63.13057
-177.41739
31.942629
-70.43419
201.75288
58.377705
-64.81314
74.26014
355.8328
-120.741646
-47.024208
-63.43685
50.479187
31.704058
24.609594
38.50175
111.81649
97.43947
-172.796
56.989735
-96.12517
-67.40479
146.0656
53.279236
179.98894
37.596634
45.760036
-104.49211
-272.93826
-182.79501
153.6039
-109.6806
162.50519
26.00019
96.06145
203.56741
53.26133
-7.3195376
27.977863
103.47403
-5.484587
54.82679
-84.90166
-8.418032
-157.66159
-132.48766
-174.19604
153.41116
78.839455
-185.82321
-39.17301
-138.96501
11.880577
-23.51939
148.58272
-108.79868
202.87929
-39.27167
-81.60183
76.68925
-18.888645
176.37897
-182.168
146.31076
153.41426
108.30778
60.927174
52.398407
54.720505
-130.66652
194.05518
175.57181
72.19417
-235.32288
60.18277
-167.52946
-50.927902
-48.77926
114.29117
-10.3329735
-139.84207
19.817518
183.49596
19.0131
-67.19864
-77.21475
-1.9282598
139.70435
-86.59131
144.73473
144.41718
-127.35969
111.1681
-55.17522
24.75116
-154.73048
136.64267
36.589443
-66.16626
-62.471413
22.426151
13.716388
41.865234
145.96817
-64.17394
-15.265445
-8.891249
17.856695
141.9434
-177.47194
-50.693905
-78.569984
-130.3648
90.97475
265.6187
-104.453804
201.242
89.87633
-69.640205
196.35057
-75.23714
162.94781
-208.25583
-181.91743
-120.47922
-135.43451
193.71674
63.33568
128.32173
-151.52524
-66.146706
-74.90475
-189.98784
-28.997091
-132.70227
-29.882027
197.59181
-263.79565
98.624825
32.27063
-26.104752
96.63342
-335.1157
30.023054
36.550495
25.43909
-43.309593
58.87492
118.15129
97.739075
65.7563
94.61354
36.497787
-161.09561
-74.55378
78.44928
160.00478
180.50479
-146.20018
-153.69655
-36.050735
141.14758
-70.169136
-15.770997
-161.84644
128.64001
62.038593
50.687225
-230.8496
-110.92524
-178.48581
118.895676
-95.58806
1.1328474
167.61598
144.8479
-85.6308
-160.94696
23.11388
-83.12992
143.73662
-132.51723
-115.97329
87.97638
43.22418
252.84068
181.9114
-2.7667234
62.889538
80.67694
29.683693
22.453213
-125.89211
17.362434
-5.733166
82.16579
62.92512
24.494781
286.55612
148.73965
210.95804
-66.05637
-33.142956
-147.98242
167.91809
-8.009461
-211.08083
57.32928
-47.232414
0.20073938
-107.32453
-68.832886
365.5924
106.08851
21.669464
76.93021
-52.78609
139.08284
240.74048
-194.68993
-141.63399
-2.7417583
109.45572
107.97644
-123.017494
7.538404
49.25765
16.800097
136.53276
-23.862972
-29.041546
159.51573
82.037025
358.49557
-44.90957
7.2882776
183.18555
-159.107
-2.306149
210.18445
-74.620636
27.95334
44.814568
95.64964
104.43222
131.80492
-22.088982
-144.39006
105.75973
26.088089
81.40945
-43.221664
-265.64462
300.67343
163.9233
-102.692894
-7.0227633
-49.288155
-97.42602
40.382854
288.65805
-229.13371
118.88114
60.60615
45.587048
-78.8967
10.410379
21.642536
62.84957
-59.188263
-154.37344
-106.02963
67.07177
33.487457
-5.6969485
-153.8927
-57.939
-161.32031
92.03933
-32.811817
99.119995
31.667856
187.1654
23.728752
20.511076
-83.17499
-15.6180315
88.22621
-288.08646
-82.62666
77.03189
-45.819073
-38.42863
73.20834
175.10011
10.368256
41.39247
-31.207829
-81.717865
-10.0508585
-179.5796
12.037885
-59.367905
-4.265192
-183.38683
88.32538
-49.10736
7.266894
78.29755
8.623976
-6.950938
69.85188
162.37549
-65.13059
130.26292
-125.167755
82.958984
138.2307
-87.155136
-181.69563
-79.949394
65.71217
-58.642036
-7.9405856
-134.48514
-41.605583
-225.12022
-126.98182
-65.67827
170.51193
84.76897
9.162985
-55.889187
115.50938
-83.8048
99.70202
48.52697
-63.529392
134.47575
-145.28207
302.92133
-143.37314
-88.511505
211.9837
-231.1008
224.05472
134.9923
179.25714
64.13095
150.7853
-119.05968
169.9113
-149.45366
-61.49217
-91.19053
33.37279
-74.43977
-55.230236
-124.16769
-37.557686
-36.417156
80.716545
-177.45114
-36.688488
109.50738
-160.61525
-1.6352322
-180.51466
45.805428
-78.882065
45.544575
78.98859
129.33774
-39.894573
130.15956
-65.18616
109.89269
-44.093155
85.28503
-102.31827
127.82549
-171.80527
369.65524
-31.152252
162.08624
96.41837
204.93983
-38.960793
95.45834
-47.175365
44.126297
51.938984
-198.56337
19.308834
37.16056
-3.9383903
70.19689
146.55273
136.17728
174.72049
71.54892
72.12282
108.58286
-117.79409
175.31145
12.494044
-5.519015
-51.213818
30.626755
-2.0013804
105.49231
-54.65019
-278.66812
198.32547
55.80404
157.74597
-3.4617682
89.57763
48.81162
224.78076
98.707695
151.62917
-117.35344
197.033
-79.75045
142.29482
88.124725
-122.8203
-55.507084
-16.090282
91.02209
-21.816628
-78.16819
148.69064
12.521009
105.95261
133.47894
-65.178604
28.156965
-113.165665
-235.37132
-196.57991
-130.7191
160.25821
-0.57023185
94.41461
-1.1833968
35.549576
59.613327
93.13901
-140.91461
-63.613197
55.03182
84.32935
-83.91485
-113.54793
-116.1455
-44.74019
-14.09403
64.29981
-150.26219
93.835144
8.959846
-12.494196
-50.094337
224.38846
-41.51252
-0.38369572
-54.820297
-6.7778106
185.47476
106.41511
295.7618
105.993515
-221.48877
-14.220428
142.86351
-92.65417
-2.1348937
17.617739
36.391895
60.27524
32.21205
-57.40555
140.90375
-262.67273
-14.496277
114.463844
59.88728
-19.86912
18.211529
119.96808
60.121544
-111.04307
35.595734
-64.81638
27.628183
131.19499
-31.293203
-50.027927
68.35029
44.737377
-48.179886
91.11143
4.2790422
62.227985
-46.65502
-62.357243
146.581
-74.35188
61.99142
-32.165375
-43.38926
-18.626009
230.08707
63.21563
119.55854
91.135704
-73.00632
227.68626
56.646797
31.446432
60.498707
127.687614
279.22763
104.77774
16.803774
-120.50445
-244.85367
-81.555725
71.519684
-19.860674
46.44031
26.496895
-30.369646
118.022224
-12.077595
-113.541275
-94.876335
-142.97165
172.02147
-77.27752
20.684263
187.55684
107.364716
-173.97003
203.25336
-125.84328
14.941054
-74.96684
56.51593
-17.147896
-109.820816
-162.37015
31.23396
20.033333
30.62177
-63.775513
-30.394241
167.23479
15.913943
51.41005
-83.06015
-90.72692
35.54075
-35.725266
-204.87506
209.21158
102.66003
49.658077
109.267876
-3.4184148
82.31116
104.4934
131.63446
-148.74187
-178.38486
-80.358795
50.49882
-173.32657
56.840866
26.092417
-139.43518
-157.32709
62.868298
-148.5206
176.84474
-17.282839
161.2608
-107.32629
-209.89034
-29.761576
-158.12459
52.168346
-163.86916
7.7593317
-29.052979
45.214657
-196.0235
113.29009
-22.832361
-111.18752
-105.52635
-170.3396
-2.0341926
-7.45846
-56.716366
-20.535938
-119.09224
-64.50713
92.586464
-143.40176
29.26692
43.173637
-231.66124
135.68356
94.94892
-4.9297857
105.49475
-37.063957
20.821941
222.22905
130.97758
-294.29828
102.53018
-74.62626
317.26096
-155.14218
-89.34948
32.27764
-216.89047
130.08571
108.13632
-69.76189
-80.827034
60.733982
107.91773
53.899452
-135.64426
159.95395
149.66998
-52.180637
16.374435
64.39918
-60.208675
-42.454678
91.51562
-20.592705
45.87961
-101.267105
-79.98367
29.362194
-72.235214
-99.46646
-53.426006
-61.521225
15.910864
-3.7128372
58.923542
-132.17567
8.610054
130.18082
94.98271
-119.151
87.53748
2.4048603
-158.59381
-78.56438
-27.80682
92.919014
10.589071
74.37884
25.674688
40.465374
144.4627
0.76765156
-46.457355
42.028324
4.561277
-92.79025
-31.108778
-105.44454
-32.51129
37.478226
-95.64557
144.44684
-67.01428
23.312767
-161.55586
25.991484
269.13013
90.50132
6.637505
-135.89923
-26.250208
-203.97443
44.03334
77.37639
274.9541
-22.812763
21.560524
63.224953
-89.19226
49.88173
-218.26779
-67.05817
66.895256
83.80588
-23.058626
-112.38965
96.65195
-49.153355
-87.84133
179.53122
-56.3112
-107.27743
142.70789
257.3665
-68.477875
137.34929
14.9757
14.27717
-63.389652
-93.74342
-132.27364
117.25432
98.95511
152.38635
83.186966
-33.131817
85.38139
-14.344044
-36.134235
-366.20105
-217.08345
35.640675
-32.47335
46.96911
-108.45909
101.01876
-55.62581
55.365414
-32.612095
-229.27338
112.682884
28.461535
-85.69386
-55.0758
118.92949
-63.321026
-10.199543
42.913376
-122.75556
-76.07592
128.01595
-73.90217
-31.34476
28.561804
43.321674
76.55926
-8.841022
-134.28447
-15.683813
-244.19823
-49.91092
145.66512
99.75546
22.756626
-143.38316
-37.88927
15.444245
-97.82161
135.10748
174.01534
-57.980873
26.09631
-43.9971
-69.1537
117.93881
-3.5640178
24.938805
-29.861877
-151.30316
-55.250122
176.77702
-55.064743
-92.41825
-77.34315
-36.364643
-9.446247
17.785414
43.53871
-176.69435
-12.879026
-45.03435
-4.9170957
-84.069374
-37.275818
-239.94313
-137.8847
45.829834
52.228176
-130.83765
-105.72924
-70.47438
-65.76394
-100.93137
126.29605
116.06064
8.263806
-35.12302
166.79837
77.26902
-81.73743
-116.363434
-151.68541
196.81871
-57.65234
32.64039
-126.73153
11.250745
101.56274
-270.77133
61.62667
-114.397224
16.356205
147.45792
22.018345
47.015854
92.1491
-110.10175
-23.122028
-100.80258
132.4559
4.352192
-70.910835
10.432227
110.27299
-33.500385
-32.35475
-2.8094761
107.6716
17.20533
90.549194
-27.364422
130.25029
-50.633812
-203.8942
16.366909
-25.015705
-193.42462
230.6128
-45.20505
178.26382
-3.5289862
-120.968254
-15.415678
-208.20139
51.43975
-123.98582
24.032948
49.462433
62.475647
-120.462006
-47.937267
-1.8835025
-107.44928
-17.461212
-138.0857
-223.47533
-99.803825
10.796862
89.042
-86.96231
-139.93347
-48.332043
-49.797596
220.51457
-80.14352
141.3183
-264.56873
127.757065
-165.0657
-90.423546
-205.76833
-61.846603
-188.16742
228.73004
-132.41635
84.77624
22.365107
92.442856
18.38466
83.2359
-306.702
-116.00981
96.880554
-43.56257
-186.06213
88.975586
