-99.13647
-3.0740833
-52.80507
5.3372307
-9.055094
-47.05352
-36.83993
-43.584686
-31.819008
-7.2359905
-51.833153
-77.157555
18.748255
-33.326935
26.200718
86.26044
-41.02358
26.787762
41.92223
78.449585
68.1992
83.32093
-10.791682
39.55439
34.36006
107.924225
107.846504
72.340324
80.69693
-39.888683
90.16456
19.376873
0.9629134
64.475655
-52.782352
29.714228
33.474167
-43.76493
-49.748287
-7.9066687
100.689964
74.7907
-47.053314
52.954308
-5.947795
-30.36489
-31.58974
-72.23557
137.09122
-0.32450676
-76.35105
24.379168
28.876358
39.017673
19.837744
-66.72404
20.917067
-48.029152
24.745813
63.718918
-4.9967976
-27.621548
6.9233685
-9.650786
58.900955
-99.59896
-30.216639
8.020161
-43.864166
33.8819
50.79007
0.343683
93.73886
76.72889
-6.050323
-54.920525
-4.611471
8.672279
38.503086
-5.8992906
38.542297
9.721712
-38.017296
14.797269
25.49214
46.514084
4.8422966
-3.0621388
-18.81104
13.5331
-12.990324
-37.87989
58.4588
-14.059172
-94.43862
1.0320303
54.81136
19.543793
7.335983
-42.61873
116.727684
-87.21894
-27.595192
-28.169529
19.014477
-8.137225
2.7491708
7.356012
17.741312
-21.790182
-31.311134
17.937607
40.63742
16.49633
1.2860925
-115.75085
19.601368
-20.175182
42.549034
-34.681396
57.705288
124.72645
33.4845
-36.625477
-6.956625
-5.030905
-25.347893
85.88428
8.762781
34.378994
-9.346933
-14.143301
42.99034
-53.72107
-70.149704
-25.764462
38.517178
31.286457
-26.773962
-61.361446
12.250363
-37.239296
-19.14076
-35.022697
-68.33136
45.300495
-24.622948
1.7703779
43.798008
-2.4739614
-40.45463
24.689453
-20.522133
58.17793
-56.745987
4.34614
11.7234955
3.3216405
43.767315
23.688385
-77.045425
-44.034286
-34.47923
-47.24922
31.132277
-23.107637
-38.047104
-8.837527
-0.9080627
-56.925686
58.776268
-68.224495
1.1881791
49.421833
-61.53016
-18.087915
-34.073513
52.20433
-4.3625736
11.014844
-28.352556
-75.273926
-3.0518353
45.61261
-113.38981
-16.130894
9.900429
-50.148785
60.28418
109.84501
39.79719
44.881027
-5.5576115
-75.140465
-25.463448
-17.51018
7.689436
-41.58176
-0.38971937
-30.30954
36.234356
-5.460108
-52.61156
-96.004486
74.34774
-35.89991
-124.87151
-41.947624
-50.738304
-72.82169
-78.36318
-28.279215
29.522768
-49.93466
58.306854
10.603692
-23.251026
11.698173
-19.295673
15.610267
4.013386
101.45464
5.116626
-43.424004
45.937717
20.271748
-6.846535
-8.908656
-21.666515
-33.00177
-31.285814
108.863106
-17.05447
-68.4133
-12.363817
23.446957
-11.498487
-11.020739
-33.6589
-28.253798
72.83818
-131.98767
-98.05964
-0.26213825
83.36208
81.875626
-43.85495
19.256191
35.862732
-58.360786
-7.369389
-33.412277
30.582737
-18.47441
-47.51489
41.093765
0.44735587
14.864765
25.38538
-80.67755
-73.392525
12.844164
-105.189674
-7.9924355
31.521324
16.68976
33.013077
30.488855
-6.446345
109.415054
-56.888317
-59.436794
18.014847
-10.723523
68.93067
-9.086912
-119.59628
-3.626065
-23.109112
44.63324
21.61699
25.354832
-40.04159
-2.7822206
41.5402
18.004505
78.65308
42.14589
-28.942457
105.56519
-104.85363
57.68656
12.53218
-40.41472
-23.404398
-11.847801
37.92946
-21.219946
52.037033
24.603916
-10.304974
-43.454414
58.07897
48.653683
-11.565961
-46.790413
13.092467
-34.407784
-36.07611
10.880568
-107.64316
58.50859
-49.207333
-48.426
28.26285
-23.479664
26.629139
15.687836
-39.91567
-26.978651
-0.70071477
-41.435886
20.07161
-36.161007
-70.59985
46.342995
-62.073586
27.359222
-9.764367
-7.62964
-10.0921335
-58.17263
-57.088383
-69.85476
32.38494
31.136353
-56.058575
-63.017036
-19.280706
-43.369
-34.95966
18.507526
4.7038345
-1.2353188
-58.228214
20.650595
35.766693
23.87387
27.789839
-26.274237
-34.84431
37.584396
-34.270058
-22.009027
4.870777
23.437654
-15.025633
28.701578
39.163734
44.02949
21.537907
164.21474
50.862526
-36.98942
-9.56221
-49.091652
43.807903
65.97962
-6.2024827
66.767075
-18.724508
-20.72834
-8.432319
39.73987
97.13345
-24.158148
-51.722305
0.05472052
-59.783485
-47.358837
50.654068
-33.90988
93.129166
-68.87581
28.69545
69.807304
65.68634
-41.186413
-4.55931
9.894027
79.21474
-35.193745
-63.852814
54.19535
32.91896
-24.048857
41.788124
19.812958
-17.907349
51.274174
-50.797997
-40.41564
61.458893
14.864413
65.16957
17.383505
86.63865
-40.099308
-35.95256
-18.935848
-40.768333
50.51203
-2.172308
2.4561195
49.850704
9.888156
20.55558
-10.023384
-14.977001
20.849926
34.296906
-48.04271
-36.098137
-16.062626
-1.0815728
34.9317
16.242325
-22.96921
-45.667538
-100.40595
-3.8200057
-65.1162
-22.493116
-72.61594
53.431965
19.176395
-57.651352
-25.577913
-43.001183
8.836014
-87.35521
28.281223
-45.944656
-1.4066846
15.580823
-49.403763
42.926895
-17.789381
-28.492113
-12.9767
2.5222898
-12.9979515
-67.214165
8.58461
-63.97113
-9.334133
38.51904
60.12216
-58.748013
-91.68666
4.34091
84.87606
44.738083
17.84524
62.693535
17.132545
10.088724
2.7604733
-95.633804
33.867477
-89.60999
80.12555
-4.668267
14.591924
-52.026237
43.60951
7.6967864
-69.45643
32.26455
-34.604218
-32.52489
-71.01247
-70.62068
-29.550262
-27.84286
27.730545
30.65622
27.203964
-16.164051
25.237556
-12.7935295
30.736607
40.830647
-60.402817
-15.794111
72.45513
-19.906595
50.37651
-17.023413
-38.841118
-22.078194
-84.81265
-16.592886
-17.132692
8.045176
69.480484
-4.0069675
20.702257
15.18172
90.17669
-65.109955
1.6008428
-9.70897
79.76166
59.02476
22.687311
-27.515907
-57.363705
66.69024
-36.747383
-45.39046
86.84188
27.214897
-43.60778
5.827464
-18.66722
44.453724
-28.915195
11.799982
30.32893
-39.78075
101.75321
2.4968011
58.62892
-62.355503
-33.736256
87.04325
-109.162834
55.699066
-32.124596
72.23312
-43.702324
-48.330334
35.46472
87.78249
23.66931
-94.57751
-34.985535
-40.06517
72.75564
-76.54077
52.31737
5.3993564
-21.758795
47.289093
-57.304386
-33.761925
27.373213
-48.22325
32.471367
71.83353
32.88618
-51.900684
36.67636
-31.86985
23.052242
-16.465923
57.200787
-39.585724
40.669296
-12.835206
-114.20733
18.314735
12.559599
7.169313
-62.32744
44.402237
-3.0360909
-25.382586
-39.87594
-35.059998
25.392284
-0.38208103
35.468613
94.38404
-30.41147
3.691735
-24.32544
-104.6689
28.915564
-35.04612
-0.99563
-1.7884662
-88.42769
3.731362
-5.4759183
20.032602
-41.057476
9.68855
-25.280626
37.184216
27.589096
-4.703624
43.604534
1.5143256
-35.135765
57.361103
-95.77346
-19.185442
34.66793
3.9271512
-34.551037
-8.768173
-74.959236
-20.51569
68.837265
82.361916
-27.881548
-13.199404
24.942467
78.125015
39.282074
109.12365
107.18912
153.79381
27.105526
44.406677
6.009002
-7.03627
-7.443267
70.17042
38.94813
-36.8456
-114.396736
-84.084435
114.081024
9.364433
26.839523
-48.04651
38.797203
19.639313
22.882704
-49.643406
-14.269199
-19.143858
95.002785
72.41484
37.048588
14.962367
65.67964
20.374393
-88.11494
-2.2378905
-35.9407
35.777897
35.32794
74.48189
50.228477
17.009232
-22.934086
-60.056427
-38.249718
61.519962
19.002207
-32.16462
29.110945
-8.294381
-40.48484
-43.580223
-35.971344
-54.304585
26.281826
1.8828938
28.16342
-44.1528
13.560495
24.323616
-7.093562
89.002174
-130.9533
4.9593406
62.22996
-13.540773
-38.97492
1.3045694
19.857267
-8.372812
122.39212
-41.31046
25.95997
-112.53106
22.6896
38.289112
-36.406643
78.03627
36.49556
49.457077
-87.74732
51.366703
-108.419716
-23.99101
7.842797
-89.34742
-24.208828
-12.205278
-52.624416
-40.335396
100.42796
-90.5963
-21.864647
43.004364
-63.399117
-125.76508
13.998394
127.953186
-70.582504
-11.057657
36.68866
14.902813
4.7312655
-43.374275
23.98555
4.1417613
-6.3399043
-16.075815
15.3558445
-18.41818
8.814512
-59.237698
35.134872
-14.480424
-41.442844
8.99085
46.074764
-12.998209
88.473595
40.668495
-5.221839
-58.256107
19.508644
20.728592
-64.5473
-9.079893
3.7994242
23.930408
9.710089
-74.64749
-54.17735
-78.379875
-33.089123
-16.50622
13.932834
-2.394551
33.59319
33.120045
-19.992796
17.10455
18.769989
-107.13015
27.765533
-26.748192
-73.51608
-20.365656
40.741478
-6.152858
10.904192
104.69559
-42.14886
-0.62782085
127.21999
7.2730865
-18.074133
-7.4067535
49.74931
-104.96521
-29.302845
9.622313
20.228268
-34.120804
38.63327
82.252884
-65.659615
44.202175
-52.42435
39.56348
34.781338
35.19146
-15.171216
-29.5548
-33.159763
59.475124
3.6965547
-30.294397
-30.50167
59.93499
-45.40478
-15.996277
-51.048897
57.334045
-15.232
7.5259447
69.03117
-54.043346
-7.235455
94.29874
123.11508
-20.430218
-33.91981
-22.06125
22.451385
46.818024
-34.08259
-1.2617989
11.571331
-41.4861
52.068565
57.425484
69.2118
2.5589616
-67.98095
5.838878
19.324802
61.26499
-12.992563
-83.9728
-44.719845
21.044586
48.28383
6.7634764
25.965687
40.686897
30.76027
-38.52751
31.603916
147.5129
40.754856
-19.104464
-5.9833136
50.009903
-31.089115
16.556236
8.730426
42.689247
-11.886397
33.088047
-34.60174
-41.322212
46.090744
-40.350048
119.44677
-19.979677
-12.317656
2.856461
-39.340206
26.417137
20.628897
-87.0344
-74.429855
-20.125391
-19.574127
-6.1043587
-3.3409364
58.771294
-69.29497
-18.856014
13.801604
-96.41913
3.3206487
-62.22364
-30.729584
-46.97883
35.103386
-100.71446
-55.085415
47.58722
48.749115
-0.92451835
-31.605965
-8.896352
-54.35202
43.906662
32.47302
-10.797471
-46.546494
33.596107
10.1643715
-15.518177
39.492558
-84.85866
27.805511
21.982935
-13.86425
4.765102
-13.114425
-45.266335
-102.346725
-42.521046
-6.8054686
36.962345
35.46269
16.196688
66.1549
102.78767
-41.005085
-64.07639
24.20337
30.71642
-15.282447
-43.074898
66.25647
88.72923
-22.696537
9.958897
13.7232065
-58.594906
-34.04211
-41.31656
-32.519997
0.51863456
-4.3428617
-2.236557
-61.45911
-34.528595
10.900206
-10.231171
-19.13543
-42.787277
-97.50847
76.16465
-64.05546
66.277596
-35.358074
-56.18921
6.8813586
-50.795406
-19.63187
-20.069313
44.60288
-32.83177
-62.504803
-11.922399
-10.4653845
-23.44976
68.94636
-19.118513
23.861187
-42.518658
-19.644072
-83.26423
60.37534
-38.7981
86.7228
-44.57597
-19.315588
-58.050377
20.910763
45.06637
14.043215
-19.729565
102.75185
14.437807
-72.13785
-23.579988
-47.15191
-9.92045
-13.132981
84.49003
-28.26832
31.383146
-98.03172
40.979618
-66.55867
88.280464
15.344711
-39.118713
65.7796
29.703974
-2.3156667
17.740322
-54.29567
30.097073
52.4211
-66.70653
-33.79513
71.024185
-36.098186
-13.5916815
14.195241
55.96442
33.06382
33.929905
-70.91712
20.877935
-29.962261
31.771002
9.128179
30.598267
-56.745728
-9.328084
-25.39684
1.4095485
-28.145754
-18.612782
6.6199617
-64.984436
-10.395595
64.46385
-25.83734
81.94089
-15.179645
-24.539577
-114.28784
-7.9707475
47.508907
124.46816
15.900137
-11.610559
13.030294
-22.374044
-71.792206
2.1416616
17.241648
-74.07614
58.032154
57.3908
7.2412086
-68.80698
-106.91066
89.29647
6.5188217
34.170063
-92.56128
73.90699
41.472206
-40.78197
44.206886
91.34966
-40.848087
9.943126
51.52806
94.994415
71.15411
88.07433
-39.542114
-26.541374
38.39146
-38.403294
20.577145
8.78467
-72.99724
-1.3085239
14.316212
-26.982538
-12.556144
-16.128716
-55.05967
-104.7182
28.26103
78.84248
-10.626751
68.74681
-28.152231
126.03894
-82.4428
-43.318604
-71.3563
17.461462
62.352985
-27.423183
20.309872
24.666483
33.424923
-168.96591
-63.18909
76.82218
-18.405071
43.633343
-37.659786
-2.8097303
-30.602783
20.082666
-93.937775
-49.550167
18.17812
36.157104
15.440341
15.1053295
29.554956
80.88146
-8.497934
12.137884
-13.027752
56.71554
13.468151
-50.077595
-2.5940096
1.1444999
-10.12954
-10.947348
-15.243596
-1.4700956
4.8789196
-16.561659
-35.73576
2.7302322
115.849045
-16.311644
85.5688
32.26678
5.69283
37.964417
-55.787865
-22.608528
95.38684
-30.470314
-37.701454
-82.9673
-8.137674
57.432568
60.681553
10.29873
-71.317635
17.755701
91.01075
-6.155678
-27.393839
42.64308
19.581404
5.306974
33.355167
-27.948833
-73.339714
35.379105
55.846596
-3.8064575
81.84794
5.7843857
-3.7734234
-14.873268
45.019375
-30.33017
27.376513
15.690452
3.6042945
0.4467709
57.431847
45.739105
112.06927
-8.137217
36.013264
68.54718
63.777145
-82.72408
-26.794806
-14.732232
-55.021313
59.74849
46.18425
-101.71498
-7.871806
-18.683163
-8.234718
33.14811
-12.316196
-74.19314
16.528269
30.96419
150.46584
66.746605
-25.598846
36.937336
-31.260605
48.72581
-14.3256035
82.35015
13.047884
-43.646427
-33.730984
-14.024597
-33.670696
88.72514
40.12888
0.59303415
128.16383
40.93291
69.028725
54.142544
6.722458
-5.8835263
-120.44343
12.074936
142.9667
-48.111855
-19.906773
-22.79865
57.664944
-13.561473
77.83001
-38.93935
45.303745
22.246277
48.416744
-72.87707
-26.00621
89.13384
-100.64079
-36.911278
-32.212276
-29.249132
22.586498
-102.37949
38.118153
-73.98329
45.46037
-8.103184
-56.556873
-3.5692122
90.526375
18.72745
-36.45116
22.882257
25.807995
-53.864418
-45.32576
47.811123
-51.05025
-59.164448
10.315854
-23.341816
52.156895
10.6905575
44.107903
14.928343
89.20299
-17.25852
-28.19579
42.738697
-10.574191
-10.224671
34.62336
-88.01097
-90.13386
-12.544114
5.92216
-49.934937
89.93626
34.884346
-19.113949
-8.851331
-22.80043
-34.018684
-118.40772
-44.48836
-82.49738
-17.106287
-1.7234579
-2.9046311
-3.3136687
17.894686
41.474834
-120.85555
99.68532
-42.536026
23.796558
73.20692
-28.941036
24.070114
8.145105
3.034501
-27.789736
-46.100613
2.2201483
-66.72462
55.088337
-117.55905
39.15868
23.20405
-17.233776
12.007666
15.546998
62.585354
22.231129
14.698562
49.07274
0.13389146
-18.897587
-66.64187
-48.238876
-1.776852
23.193707
-15.171769
42.87406
-12.827756
-3.2040184
47.85998
33.669563
54.381054
7.4391108
33.72209
56.80277
101.709206
-10.495498
-12.982134
14.861446
-69.32992
22.65922
-27.898502
24.453066
-21.079878
36.607437
-43.75083
-14.962533
33.988503
4.398558
-72.312675
-11.920942
-0.8127855
-29.775433
9.834347
-28.199167
4.3124895
63.03834
-18.146832
45.890293
-88.57094
-21.120882
-1.3484125
77.75169
15.529788
-15.195668
51.277454
96.696526
29.760798
108.13528
-21.133877
-10.747359
28.811125
-36.734886
66.05174
-64.60352
-17.715738
-34.676567
111.88454
2.5657713
-66.57873
-20.741138
49.97776
46.644775
-71.583374
-49.49556
-14.946025
75.46595
15.2136345
-28.258366
13.123529
4.152514
-38.145065
45.713085
-17.838085
-18.811436
-25.20111
-17.128666
1.8747735
84.324486
-64.53877
36.950375
-32.743015
28.551878
-42.405834
8.788084
23.729063
9.5668745
69.12882
-25.151209
-82.8356
94.03516
-8.120827
-11.335945
43.410896
-113.439384
67.70186
-10.707804
-19.49305
43.473106
-45.427666
31.84484
-34.423203
34.39069
-58.70257
34.22073
-1.7142419
-14.48094
-19.367455
36.437588
-15.642287
-76.665245
-47.473618
52.52558
-46.788685
48.5803
-53.99986
3.2768688
-36.72983
1.86806
-23.031199
-76.96485
13.639347
17.619637
-39.26645
-57.371887
29.094482
-25.17703
2.3571925
-71.5616
21.424742
79.643166
0.6432187
-30.341673
128.41464
21.984123
-27.8666
-27.24847
-74.10983
-51.81411
-14.250138
81.576385
70.6329
38.665813
-14.5367
-7.2175927
-80.07866
-31.913721
62.337704
-67.83537
40.372025
-4.376321
5.01394
-49.502396
106.253136
6.526968
-11.426434
-43.350765
-90.57276
-66.1188
103.24881
17.97397
-56.420288
-79.97459
-11.912757
-17.623129
56.133812
-16.494461
71.2523
-2.7779968
-73.41169
-9.322942
39.4566
-39.284187
-46.46238
-43.12249
67.15272
33.770065
8.220173
-26.077415
-65.98018
-77.43475
30.631313
54.580887
-18.554821
-92.489296
-59.738796
-76.71771
-34.819427
31.11443
55.329796
-15.833366
47.600567
-14.104345
-0.23813927
-4.754273
2.6489315
6.7820415
2.5181255
-30.614454
-59.5562
-12.202564
-37.977753
-3.9288075
35.79064
83.29257
0.46162367
25.505537
67.14219
21.474281
-36.643795
-0.19134235
57.13596
-12.622908
-23.617386
12.703577
23.55891
41.21441
44.277336
-29.195978
34.909607
6.3134685
-58.133472
58.901417
36.406734
2.9413357
-14.4021
-19.170458
55.583923
-7.767558
-41.46344
19.653074
-28.334719
5.6450195
-37.991356
23.865976
-0.17896569
-94.64352
-25.111662
55.725723
-12.127643
11.157589
-49.036255
100.15853
18.264578
88.02627
-17.51735
-23.27909
-92.38838
-66.86808
23.694122
-65.98568
96.934326
-93.377846
26.451742
-2.9463933
-1.7580738
-16.648447
65.16346
84.6627
-12.1782465
7.100388
-4.4006767
67.60534
-14.489294
-21.560108
30.558487
-11.295012
3.9213269
45.128223
1.8140702
-19.444946
101.604034
-34.98042
23.25625
2.4827628
10.343286
50.088776
6.9011283
-1.431602
-52.421677
-12.726101
-12.786892
-9.906681
27.40383
-40.950455
-37.75906
42.590942
-37.515427
-23.356411
48.826557
-14.88437
-26.728676
15.9621935
26.98483
46.714985
58.746304
-21.645214
46.82065
58.47095
-19.428305
36.711887
43.689243
-11.38633
12.688713
-44.176594
27.542622
32.82623
3.4579973
-7.8930626
29.963923
-4.7987514
-90.87537
-28.55389
37.358643
-20.104801
62.223976
-76.2385
31.62869
28.29313
3.179556
89.63607
-4.9126034
12.644452
51.411877
23.995613
93.23508
-7.5796275
-13.701939
-38.689957
17.145206
-50.402153
-26.831188
67.7115
-35.12937
-16.21115
66.991295
56.079403
-55.2885
-88.49268
-12.574415
-33.347878
10.404042
20.036661
-32.29811
-95.902695
-13.497674
-77.40033
13.353907
-122.76426
23.016226
-96.680016
-13.503552
-0.06732839
-1.7441865
-50.12306
1.2293133
-16.72103
-22.120096
26.123835
108.24988
-85.383675
13.865323
21.33083
-33.831123
-38.68811
-28.167751
41.341614
-5.8992395
-5.5632396
67.084175
-161.12096
-78.54273
20.064272
18.460506
-24.011196
-21.085775
7.786085
-3.4165864
-6.52269
-3.0080748
-23.201275
16.270588
-25.998405
31.413828
-68.99142
49.88247
44.124466
62.428127
-18.591034
-61.064304
11.301679
-73.42489
-51.776752
-45.55753
13.5916195
68.22054
-34.297607
-64.44694
50.57419
33.985054
-78.361725
38.934692
30.638052
11.585038
-120.99395
-60.83471
74.50202
17.491257
34.825233
-45.709095
4.874197
-46.99155
-21.554249
3.722414
82.84975
-45.17215
-26.136805
-89.04915
-99.19606
87.28565
58.330864
-29.198786
-12.885479
-49.894814
-16.014664
-26.250513
-25.0536
35.690342
26.141134
-38.963577
43.069588
-96.2349
72.71064
11.83292
-65.68988
105.237404
31.49327
30.796259
-74.23922
7.786726
-42.067898
24.107634
-29.330915
1.3439858
-18.695076
41.68783
7.236789
29.172863
-22.981033
57.42717
72.828995
6.122156
-9.388792
20.70302
42.528496
-12.60113
15.837331
2.9145136
-32.96937
-18.5838
-12.601654
-47.377575
-24.272333
-65.753525
50.26412
40.952213
-37.3373
-62.929363
-40.760025
93.79958
86.25584
-37.369232
-20.917204
-19.677725
3.5959468
10.41227
0.69779825
5.5190187
-97.67733
-27.948122
-47.70122
25.667103
-14.500728
77.30111
13.002478
48.164913
-14.305928
19.97843
-49.576305
10.404287
87.3809
16.58401
64.30607
49.47159
20.264761
-29.938688
-20.695913
5.9859076
6.947351
53.919605
97.92895
63.490864
-28.27872
93.82755
-11.74946
6.585767
50.560417
31.336586
38.375904
8.525117
21.148878
-30.007214
-58.20402
44.29271
62.924976
64.51905
32.276382
47.60562
12.678584
-11.129959
-52.224174
-63.062614
41.753376
-41.22085
35.401398
-18.001997
104.80887
-72.48356
105.569595
0.4790113
10.132713
15.133167
-27.796886
80.5802
-33.063522
-104.4662
67.1921
66.67232
-65.456795
31.485226
-24.24534
35.603912
-55.390457
29.602606
11.371003
-34.499245
12.189035
-43.884415
27.237839
67.875854
52.577858
-3.0380783
9.228012
2.1848536
-9.462793
32.11822
-43.592175
-76.601944
34.685814
-26.620985
-26.819798
16.652348
11.771828
-37.456596
-37.896687
-44.047188
-91.93795
58.09945
-120.69725
-11.978121
-33.320507
5.774161
-16.33306
-16.905287
-77.21312
79.37563
50.314354
62.12528
-61.889633
18.807673
-11.688885
77.122154
97.07547
-30.143915
14.880879
-30.352396
-58.118053
-9.994618
3.874994
-82.89981
-86.09895
-35.183388
-2.8848906
32.935486
-6.0506673
102.51684
-0.17659298
-50.74169
6.196697
-51.79741
-11.969842
-13.96442
-43.925144
-86.13928
41.37479
-108.192245
-0.30416882
50.23439
-74.50241
51.55664
-24.258121
93.91871
-8.676072
-45.81689
-43.600388
15.179459
57.92153
79.179665
-11.596337
-26.914814
6.4324627
-58.09298
122.39562
-63.387817
82.04921
-1.0123569
-0.33220503
69.8854
39.249355
22.979021
38.277946
63.89135
-16.237297
-45.236958
-16.609844
21.009184
21.355083
33.818275
-63.828568
64.62987
12.065014
55.49246
147.5716
3.9073212
2.4900205
32.91745
-91.972084
96.29847
-11.950676
37.207954
60.38652
44.222507
25.958792
116.980446
-4.1219387
20.492195
-66.26788
-9.761226
-67.22513
-15.075167
61.42557
32.605846
-8.567162
29.74868
34.036705
4.31042
-39.971043
-2.0084352
36.792656
91.00055
46.682594
41.617363
42.880424
19.40744
46.248283
-50.829613
46.13624
-15.45034
34.48283
39.33404
73.71556
31.209143
-67.36478
17.204084
86.31177
-100.84377
51.45304
17.435875
-15.149794
46.61338
80.5427
-19.336044
10.897254
-30.924274
-78.41915
82.44036
8.955488
-102.27358
-54.303074
94.210655
17.292063
38.449223
53.22085
-8.974955
40.223305
47.19882
-23.294199
27.456753
21.207672
14.510681
18.42853
10.364601
-15.987593
59.398937
29.725113
-10.381336
-60.831722
20.359632
72.40814
-22.982977
-65.01507
2.0642498
-33.396397
-13.283753
-24.835281
-41.261253
-36.124893
98.862854
6.2466545
69.8406
-98.48136
-25.435282
5.7049413
21.424038
-114.99114
79.40693
0.4707551
70.99861
77.31151
40.790432
-66.09213
19.807486
-59.50101
-57.31833
-33.919186
-28.691454
-31.623735
11.0755825
37.313965
-52.437157
13.58211
3.901029
-2.814262
-112.12313
-20.038887
-67.49105
74.5498
28.43394
54.204517
7.729602
-34.527035
54.282852
18.159872
-31.949451
12.423773
-59.004517
-31.921923
-19.350147
-66.20907
73.74822
-62.660603
37.82908
-16.08422
52.257492
10.540517
21.531834
29.63291
28.771786
-41.330875
-38.353146
-53.795216
113.938354
4.7216835
-44.430733
1.74825
54.572758
-27.943071
-80.44097
25.391762
-69.547874
-31.631285
-11.2841835
13.8005905
61.138683
0.10299778
41.04277
-30.127125
9.640876
-46.392056
-1.4176378
-18.190208
43.291336
63.165966
-26.87817
-47.24047
26.152407
39.38299
31.895718
27.788282
72.2206
14.158406
-33.01465
-39.075516
-57.20784
-75.62279
73.28701
37.416058
34.365643
69.65196
-59.583305
25.271307
29.335314
52.54546
7.825144
-4.182861
-46.507313
37.608112
111.45672
-11.913496
-0.8133981
-12.889768
82.44849
72.15014
-33.009586
23.67569
-31.345238
-26.960655
28.144802
-35.43487
6.66661
34.038567
7.258087
11.631861
3.7687855
-22.823418
12.238903
-52.71414
6.942179
-8.334103
9.269739
31.864313
65.0871
3.5945482
-9.547365
41.78213
-74.64164
74.42554
19.68368
-16.561941
-4.0782757
46.78363
16.907202
-73.26924
-39.806408
-58.9675
9.446062
-63.406162
6.3357506
22.0744
18.27397
27.293406
-2.114179
-22.676054
-39.037594
11.678068
-9.365143
101.886665
-175.1416
-36.58511
-47.234364
-27.23294
-53.14747
7.2574596
69.898094
30.84167
-31.173698
-4.1253114
-65.83154
33.547874
6.841526
8.694008
-57.380413
0.17679578
-65.098015
40.375595
21.284357
-12.802935
10.572896
13.911913
-58.21805
-11.27564
7.5592484
18.068218
54.798775
11.963998
70.78636
87.57008
96.16733
-7.5908213
106.72954
-113.790215
29.955193
-19.535688
99.68193
-38.975235
99.08168
-65.84567
78.45633
-42.60467
-7.782274
-69.98437
18.314148
-89.31512
4.2856107
83.119225
-139.22374
13.669761
35.399857
-39.89382
0.6583564
14.837696
14.854026
44.39248
24.315264
7.5637546
13.4412985
-12.488826
109.65756
-16.513391
36.388664
25.426222
44.562374
44.05739
-7.7657375
-12.268356
-51.804005
-5.3173213
-30.944105
-43.20801
-84.41564
42.07175
13.377332
-16.147997
5.120541
31.028416
22.864456
-42.61769
65.639854
-15.745959
57.21395
-54.129997
35.60687
-1.1209226
-0.14180744
-35.827343
5.8049
54.14934
-43.451664
-63.765774
3.4549475
-114.02905
19.648466
3.2815413
0.8841242
-59.54432
33.556396
-14.019133
-5.4473333
9.710001
-45.504112
6.160038
-37.26265
5.023342
80.99365
8.340261
-85.79596
-23.151829
-12.670409
-93.820366
15.45503
-33.49014
25.337284
-79.44921
16.167852
69.32686
-52.950012
-29.137548
80.112854
-38.407993
-81.00576
61.296566
-32.881832
0.335747
-65.02482
-30.994068
-13.506405
23.953259
104.94548
68.52643
10.85987
41.640728
127.78087
117.64736
15.353711
-57.660755
-13.613698
-17.413336
-36.178387
-131.09898
5.4769125
-66.47775
-65.32804
-3.88992
8.883844
-0.89268506
85.200294
-27.87524
-17.85208
-14.741092
-51.27709
-65.950226
-54.87954
53.220394
-17.471571
5.4791436
64.88221
-12.013575
6.245324
62.02392
27.247318
50.96773
-65.99278
30.783346
12.07622
-58.222393
87.09304
8.603287
31.044624
-46.167892
-39.92358
-6.607405
-114.99079
-23.056675
-16.879759
-3.984879
36.8249
-45.540985
-6.711659
1.9154494
22.340736
-17.372501
-54.669132
55.23893
-31.3863
66.53504
-38.679394
13.357558
-57.67917
-9.8895445
-2.814311
-8.491119
29.721817
-67.16144
-12.791901
8.784863
-47.43741
52.64371
-76.3368
24.835974
-19.518063
18.35223
30.97109
-49.24529
-93.130455
112.53115
-20.533592
-57.87092
-88.29314
1.0433114
-51.401634
-90.405106
-34.68033
-42.125954
-41.829357
-5.7187014
-64.33368
6.655731
-59.10469
-23.222782
35.20817
14.29687
-79.203094
12.519103
-8.335693
136.27657
28.498322
2.747244
13.966634
-11.620312
-21.19786
-0.51582193
4.258147
-111.99808
39.654778
35.181557
37.01333
38.97867
85.662
51.947895
91.08665
-6.38253
9.022792
-97.200005
-37.184258
-7.7566595
-61.21719
-23.624994
-27.824984
16.056398
102.95973
0.41839647
64.841225
25.748217
56.076385
-84.25373
62.998634
64.522026
65.769165
-117.083176
-44.908466
-27.659893
24.31037
88.006035
37.228382
49.74577
-51.187313
-15.16447
51.600098
-32.94361
14.327912
-0.6071759
-48.929413
70.71236
-3.098433
15.0509
65.634186
-38.898247
-30.015997
84.26985
-42.423676
34.708942
-44.340763
17.053598
-63.691933
59.351437
-45.099213
-10.955824
8.01513
6.885808
-50.83395
2.9403663
-89.846535
8.19816
-37.634785
-9.72536
45.74136
-42.07849
-64.3049
-5.0022793
56.58413
7.734146
56.53473
-19.932447
-57.99003
-79.25423
-74.21637
73.49942
13.687284
-11.03358
-12.296769
-97.20536
2.5310168
29.57116
47.974625
-65.237335
-53.985474
-35.0365
73.666916
17.219063
-0.5387002
65.12048
7.099907
47.92274
23.607733
-59.188255
-18.796837
16.289185
25.196457
-64.97883
75.73264
97.072716
12.504526
-68.46886
91.83248
19.154097
62.073513
42.52422
-15.719508
13.041415
86.26005
54.620876
23.459038
-14.349807
-64.822136
44.57672
32.077583
192.61983
20.661198
-63.928715
57.59275
70.54684
21.997492
-70.8922
-36.258663
-41.265377
18.053654
-25.505407
-38.126926
7.4120045
7.8369327
-48.258175
-60.90043
74.14505
-34.667187
-29.424025
-5.0800714
-51.862675
8.991711
6.3228636
-16.530033
-10.295527
-37.95961
15.208509
7.2621007
90.748795
60.464184
77.56239
-2.5865293
-16.481516
-20.484533
-69.09909
65.77871
115.22827
17.337019
48.44017
101.713066
-13.572136
4.611093
-2.2785091
-11.95652
169.19168
-122.399796
93.859764
-80.4264
-0.4196774
-24.53924
-3.0631244
-55.82269
-5.068374
39.655754
39.082798
-118.300995
-55.58543
35.79901
-26.526308
38.42601
-92.533745
-33.34275
-39.600475
-66.67972
18.649261
20.280243
-17.063293
84.85252
39.523243
5.9664
-35.109634
57.396736
-51.81417
-21.249813
-36.340263
140.42995
48.954803
56.692074
-16.879658
137.0133
-30.929827
43.937294
16.38652
-23.492062
24.961857
-27.824188
80.21474
16.169783
-19.70306
-57.92577
-15.893418
51.330563
89.57244
33.587547
57.30842
-7.7011437
-20.436863
10.038307
82.21449
27.962223
49.801598
-69.63011
65.35295
-17.443428
23.209679
-36.701977
31.374086
53.05036
37.887627
-13.536748
88.49328
-1.1701363
79.70769
93.55949
61.91726
-5.6263385
105.29283
55.368675
89.02626
-5.877545
1.6192099
14.218006
29.519268
51.754715
-6.182602
19.656504
-12.093235
-54.73007
7.8134985
31.942226
-4.4227805
-27.35754
-24.534603
-12.90595
-20.926283
-24.450457
-4.3157425
-22.222189
47.348293
6.6041
-23.128366
24.32771
18.426998
81.68734
27.251656
80.3065
-11.018427
69.12234
-29.055626
26.079954
0.07722336
47.328197
92.07084
38.848324
-8.828404
-16.20121
-123.7287
25.39703
39.794323
-8.951638
-1.7057747
-38.803535
-58.449913
20.925245
17.429861
62.26759
64.27527
-65.53575
29.422388
-40.60695
-15.379574
-25.498156
-26.410398
11.827234
6.7338214
-16.731907
-7.4952517
-11.61762
-134.81654
-38.137833
143.75531
-51.567673
-26.563564
33.28681
-9.847521
-1.3251128
21.370695
-45.220123
-65.3337
-30.388979
140.22662
-26.496185
-64.47558
-8.104258
-30.566248
15.956336
32.004543
22.933563
0.8760711
-75.19759
-39.86603
-50.967037
18.693079
18.961855
28.103506
6.938424
20.668379
-0.23525131
-19.5141
-12.709788
-28.11386
-45.399296
-46.743584
-36.70713
50.347874
35.98607
58.499893
46.98801
66.75442
-4.067197
-108.27722
-16.563004
-17.575397
-51.543736
-147.43195
51.117607
36.64476
47.277557
65.35004
44.204323
-61.466064
-57.95297
-6.9452405
6.699185
-32.705406
-6.089093
-35.976395
7.0950603
-31.869787
99.30056
55.691578
22.267551
-37.941788
32.821636
-58.402977
-13.915283
25.589523
8.975622
34.42929
10.528986
-6.7988887
-3.6289268
56.771103
-60.62242
-71.25993
0.793156
33.37381
38.94713
9.731155
57.449905
-46.609695
62.174866
12.5553255
-14.953601
-0.224074
-7.3128076
14.578889
44.85932
-4.029761
-44.13017
-43.523926
-35.375443
-17.781687
4.973796
29.689037
-96.28014
-46.593662
45.718777
40.045612
59.754753
-30.253185
16.25924
-63.527004
-28.198671
-23.38244
35.92738
19.360956
-14.419256
-50.665855
39.18206
41.336246
-55.630447
-15.205922
31.174906
-74.55664
-89.79559
11.142238
50.070343
48.07678
73.04133
11.48782
-38.7361
-75.302635
-24.088081
-29.684652
-41.2916
-0.7831044
-91.383286
3.1877553
43.859615
26.844784
8.525334
-66.26387
-71.44405
4.297562
43.310978
-85.81871
9.481405
-49.49317
39.725178
-36.134674
-22.128817
23.199717
-72.03994
39.256016
-41.072655
-21.085588
-30.5626
3.1885138
-0.56548786
40.005882
16.741428
87.96324
1.4597483
3.0375428
83.438896
78.2427
6.5871124
-20.196856
81.17249
-80.900894
26.668709
-41.32708
-74.53093
-129.0201
-12.079033
-43.19811
25.418268
-3.202561
-5.5406265
68.37621
44.837177
5.5159616
42.37943
36.63504
-10.958597
18.45985
-9.688181
34.758728
-96.92466
14.75757
-16.504002
45.271107
-17.570677
21.675
-5.063017
-2.5609484
8.999292
-75.89674
-57.821243
9.832758
-9.111893
-36.44017
5.8117533
-88.95387
33.83263
-43.80311
-19.441069
-4.4562573
-46.77675
8.71303
-14.257873
-17.370981
72.86711
27.03372
-16.610853
-57.190098
4.822172
-105.30608
37.504276
69.29756
49.2982
-74.98828
45.079487
-29.335974
-27.155222
57.55118
-26.640005
-72.00007
-50.183292
4.526166
-25.612335
30.910345
24.499107
-65.32012
1.2365705
41.300587
-41.047157
-26.477074
-3.8196235
120.16617
32.51498
14.923825
17.901558
-10.677603
43.495472
-42.519363
-113.19657
7.4753065
-2.4601395
60.062096
1.5554388
0.82634336
56.023373
8.835582
54.367424
-62.830708
-34.73794
104.646835
-54.50476
30.292467
-41.365948
52.265453
9.27118
65.80821
-53.354465
-106.31465
32.647152
36.064465
44.723072
32.35429
69.160675
44.579227
-31.949612
-13.161121
15.954773
-25.892807
6.304488
-79.82207
-96.8581
-1.980563
49.14042
2.441062
12.03087
-58.643364
9.591474
-91.0906
-21.606335
18.297768
18.48999
-14.624
-19.374334
-93.13823
35.784523
68.43447
-4.1886754
49.864937
-19.21545
-60.944363
101.47385
-79.52196
44.365982
-24.9602
41.9195
-54.255592
-12.240182
-53.948257
6.4172516
61.067287
29.289036
15.444359
-24.029135
-23.630972
30.732864
91.610985
1.9710956
-30.177084
-29.631083
-7.9724507
25.068682
-36.40194
-39.951786
-58.98988
-23.46848
-63.475525
-23.090805
-6.56259
17.027233
-1.188912
3.4282596
64.173355
-20.558641
36.97413
-8.686736
16.896845
60.106113
-18.534853
-28.658144
56.29537
33.095226
36.358303
108.744934
-66.02965
-36.65411
3.7889733
-27.310421
24.015818
-27.617655
17.478325
82.04726
-13.913577
88.73743
33.167515
-18.957857
-0.6955353
-15.077893
74.97325
-57.05114
7.177419
-2.4331083
111.488815
41.64203
-9.191425
21.357807
34.6578
7.7936587
25.27577
-30.303297
49.026775
-22.320688
-71.754456
-29.742065
14.166224
41.179462
-23.192804
-28.220299
19.88696
12.492399
-47.42294
2.7261667
-7.864997
3.2541196
-24.76831
108.35287
26.739632
-43.101875
-63.425083
109.205475
37.245
-61.110992
-45.15667
-76.24644
-23.127062
63.729446
46.635807
-12.936131
17.477783
-26.290894
-24.544226
13.590618
46.918476
-3.6229274
7.255289
-134.69104
50.13507
-48.62167
6.7554555
-53.563774
-6.948102
-38.45389
28.426851
-99.455246
40.151165
-7.4784045
7.255733
-30.362429
65.46068
-11.320178
-85.23301
79.34694
-77.68272
-35.175667
70.97855
