-207.16388
49.27538
-88.54687
-97.75576
50.449318
-71.79108
21.002932
-4.5835686
-68.19086
-60.696507
58.37435
-126.86089
104.77121
-121.209175
50.063698
8.499118
-109.115166
-113.38412
129.15048
194.15729
87.8977
137.12685
-21.891638
32.67268
18.618103
46.355816
122.117
88.19391
190.8033
-32.422745
115.028076
35.35003
75.32897
31.932365
-219.52867
-9.669563
-10.059797
-64.79025
-174.16698
18.591766
82.46223
154.47795
-76.85418
75.20876
-88.50145
-74.740204
-92.43257
19.297792
128.50974
44.77582
-3.8172474
27.468084
-49.85311
224.71544
80.2449
-151.7075
-45.385918
-134.00656
-87.43251
26.639688
-8.040984
-96.06269
-67.59427
-35.96892
-24.313568
-179.63872
-18.774643
52.932823
92.33718
-12.821051
-24.995708
-92.37613
88.60826
12.376343
98.45264
47.42864
-40.57846
56.28615
22.843967
-40.76575
7.213389
-34.784927
-7.9594846
-17.221785
-40.202747
72.99367
-93.82757
-38.284077
17.299593
7.4282913
35.068398
-46.46425
77.010124
-33.97464
-50.275414
49.006252
49.451775
-34.313313
-2.247693
-48.001152
130.47028
-102.61786
-81.78746
-44.685318
-44.718884
-22.054804
-4.6993113
45.798866
-87.80886
-134.14232
-117.464
1.6277158
55.152664
4.7593846
54.1808
-120.24824
-63.673645
-62.837044
52.77211
29.151327
7.8074303
181.94629
44.315838
-72.00781
-35.482006
-137.75604
53.93226
8.10705
-18.036015
-77.89346
1.6488471
15.00625
121.275215
20.624052
-88.303116
-70.18017
50.63616
-19.652977
-16.443615
2.8569605
57.844547
-42.841385
-89.41064
-43.865498
-72.207245
98.72035
-73.399704
-45.953747
83.47032
71.58694
-73.274536
111.56357
-40.799736
8.364839
-133.99431
16.759186
-125.99726
136.91751
64.716156
-85.910805
-44.868732
-100.13791
-105.4955
-201.04594
80.74334
-31.29395
-14.174706
3.3162556
108.0428
-90.66987
116.00766
-1.2731361
111.8408
-15.118415
-36.10018
46.10493
-57.93814
67.603455
-41.764286
111.142
-53.416256
-23.257088
16.202883
144.9395
-37.71965
104.64977
31.64441
-141.95496
22.04197
207.13008
-73.69689
167.38419
31.433151
-61.45302
-40.314484
-135.14188
-36.558273
-54.60792
-122.83143
-39.2127
104.43906
-21.908031
-110.475464
-88.09502
58.42416
19.093607
-42.875015
-97.40451
-119.26623
-42.436638
-122.42205
-103.47721
49.506683
72.9674
74.83296
-166.3214
-155.05449
-8.485405
60.79916
67.757034
-52.43926
100.26017
-60.091545
-40.527515
-67.62305
53.91165
-38.954647
-19.376863
-45.88095
37.809948
35.915096
81.58521
51.266827
-25.343018
-140.5903
34.58428
-67.32373
-47.37746
-60.76275
-94.731476
83.34905
-130.95255
-53.875847
-43.278435
13.796132
127.7772
59.63248
-9.757444
9.9394
-139.85982
-15.148642
-82.00025
-5.3770475
-50.75366
-36.66006
95.57596
47.98694
-36.350594
151.79173
-110.36863
-56.021355
-29.283453
-125.1688
-112.74185
-73.18981
59.888237
116.97443
-31.422846
107.14126
77.161644
-39.257835
-124.98721
-63.568752
7.8467665
25.802546
-34.626286
-34.82199
-6.454785
-75.006256
-23.82538
29.262545
-51.704407
0.04174173
-10.022439
48.991367
9.259315
16.091621
53.780983
-150.55014
108.77099
-89.68096
69.207985
71.21088
-120.634254
65.53745
28.045105
69.82882
-27.370693
29.391727
90.70923
37.64501
-104.64845
139.44075
63.383057
-0.75383276
-68.97927
-61.426014
33.995575
-47.19925
4.039487
-158.22769
92.19657
-25.093477
-107.918625
66.47118
51.708313
-33.02965
113.568375
-53.804844
-13.063328
-74.449554
-53.20891
50.63923
53.90753
23.134727
-35.73243
-76.64787
74.683014
40.109676
4.5102024
-41.708992
-4.999582
-84.41036
-44.708374
52.429684
128.13977
10.652515
-30.341291
-161.14075
20.197613
35.90104
90.59505
14.316983
-115.73785
-151.98373
75.21364
153.99026
-35.462208
130.55339
-44.396446
-19.106173
135.20305
-112.37325
-131.07454
-57.155216
-6.996448
-19.9594
133.22
31.603258
113.19574
49.159035
157.95299
36.030846
-13.241102
-68.398834
37.91286
-40.834396
154.59758
48.340294
128.79494
-43.38779
54.64855
-21.641895
36.30063
75.51401
-61.69269
-197.68144
164.9043
-77.68268
-49.90198
-49.064476
-93.827614
87.69082
48.523304
8.651016
-96.507835
123.99889
-133.22862
-30.887146
-19.299593
36.622665
-28.861748
-15.55397
114.10138
-24.397196
78.54853
-17.929897
16.720688
-27.661541
4.539712
-71.68212
26.620644
-3.6655025
21.000128
181.03604
46.111843
111.76026
30.778769
2.6756115
-37.350395
-40.970825
-31.156872
47.68696
-0.6079149
101.49859
-66.38047
56.881893
-49.031227
67.6828
27.880108
-29.076488
-99.50844
-85.77184
93.99636
26.194073
111.714355
99.361084
-13.86575
2.7179384
-241.1244
16.299963
-117.86424
-43.70396
105.86299
86.01257
115.71556
-144.65248
-95.2617
55.300396
-74.1934
-59.60818
63.52323
-45.113865
-16.421083
-0.43253195
-65.58354
43.547638
-26.108412
-79.99116
-40.81792
0.38683605
65.91341
-63.67121
-106.914345
-10.093391
-112.22287
23.046162
-6.3787045
-64.15059
-120.53502
18.799429
176.52411
-42.76594
113.646774
-105.42658
68.32569
-12.419959
50.95043
-74.18302
126.6492
-86.55963
111.98246
26.251299
21.613312
0.5970961
87.27852
-17.164213
-102.313805
-65.61957
-63.40956
-48.256104
-135.5464
-52.512722
-11.419765
-32.68697
-41.47205
60.33976
-46.205048
-67.99055
131.70189
-51.195923
12.428686
78.003365
-74.61203
1.050449
-12.288343
22.74615
40.77436
15.379699
2.402658
-140.54755
-138.70416
-24.80839
43.79902
34.10692
-3.8770266
-34.80713
52.196724
54.197914
152.13873
-65.2326
-88.58454
68.75683
184.8444
70.92541
105.65059
-22.440865
98.73786
-13.357851
-55.517387
-134.61172
149.59665
76.12356
-97.109215
-68.61088
43.78
92.295
-51.371883
144.6239
62.61647
-112.08167
54.86765
13.867913
27.11061
-72.867065
-8.912314
49.35799
-123.09564
110.0538
5.8237133
180.54646
-119.992455
-165.48131
-19.789968
-19.110104
74.18615
65.98603
4.414202
-10.794565
54.779404
-22.789389
165.5517
-54.96331
-156.89647
-13.590263
-87.36482
15.458439
121.70183
-95.48134
73.75331
176.1543
78.62353
-75.907616
0.62231374
-8.139841
-23.661558
12.007947
102.37158
-124.34966
135.62602
29.409124
28.300262
126.71529
140.3728
-54.804382
-37.63406
-96.65245
68.54965
41.910683
-140.1735
-72.989105
91.48332
-4.6634846
69.93018
258.25128
35.617023
-24.522959
-75.89151
-166.27287
24.427206
40.41703
-32.445107
-45.579918
-40.941032
20.035522
83.06213
87.762505
-151.87439
-2.1969388
-56.980198
38.063995
16.13005
-37.46512
10.215885
-16.823643
40.39596
-19.492983
-220.85498
-5.6232643
-24.259815
4.3461795
-47.878593
-63.170773
18.574959
-29.320702
74.552414
61.62282
-118.13611
54.885563
10.519904
129.46474
-2.6336522
187.75589
195.33607
191.10326
-28.218021
37.094788
60.333183
35.455334
-41.251995
67.317665
49.683224
106.51279
-161.53549
-49.292206
106.48348
51.304886
-0.16282392
-65.800804
-9.755748
-11.59227
-102.783554
-97.48962
-116.83312
-47.704273
180.8091
91.15344
24.528387
20.41678
20.521322
68.21117
12.621184
-107.4166
42.96561
-76.40212
61.15217
50.15234
133.89217
95.95768
35.929905
-55.980247
-70.54396
36.632393
11.485231
-115.96108
-24.13349
67.01886
27.574837
16.603298
37.460106
-50.832207
65.04611
12.667532
-1.2618005
-21.81001
-28.35839
-22.348711
13.551024
29.730692
-110.44511
-14.153278
84.27982
14.181193
91.76531
49.983036
123.503044
-71.61101
33.950893
-28.431538
-19.554663
-116.00827
3.908415
53.74235
-22.755007
53.061184
23.898838
79.69587
1.5444348
-39.47497
-99.99668
72.9281
-137.19061
-52.0365
64.44033
67.99541
-99.74594
18.144945
44.67462
34.19259
-22.585367
39.979473
-31.298244
-191.64958
-41.001232
188.9918
23.96559
75.606316
15.140159
24.11594
12.431088
-2.9726272
53.625454
-146.74014
-23.026897
-39.124573
-51.081657
17.999325
-67.50299
-18.021528
-25.044374
-83.55097
-6.450616
-100.67769
141.01256
29.155296
112.11318
52.856308
28.211817
-206.7104
48.593967
-22.458164
-10.679985
-92.63082
60.900223
77.42524
2.6184506
29.20989
-27.982904
-131.12071
18.270025
-21.092823
37.148067
26.66733
37.72165
45.01124
12.942771
48.69436
66.553406
-83.02727
-38.86918
-111.342125
-117.71223
12.900756
48.72795
39.73702
-30.030079
92.10901
-78.088005
-1.8978113
103.6049
-75.093704
20.342596
-54.934635
53.44072
-97.99294
-130.65085
-54.34572
138.65134
13.293879
93.519005
54.20933
-168.64864
16.295107
52.092163
17.976074
18.447947
30.186014
-90.27276
-162.48317
-28.13464
154.43578
73.1443
-81.11824
-80.62588
132.3798
-25.999043
-43.649868
-110.65762
-11.280119
120.72705
-121.870575
65.320946
-66.83273
-20.644634
124.86407
144.46889
-188.52367
-52.236507
-102.49789
-82.11603
-23.30602
-9.667536
-7.342786
55.9365
38.25337
5.263113
-15.321547
40.96713
24.668898
-67.613014
-114.46856
-50.11192
40.0217
-28.203138
-49.568157
-17.35935
71.053856
0.6299379
-32.135952
9.440659
57.088326
-29.980461
-30.616056
84.9499
52.62126
151.81055
-64.59734
-13.681204
70.029564
-17.361698
-68.8818
14.757837
-97.448166
21.589607
-38.215256
3.7299578
24.56492
18.975258
-20.444605
125.27071
4.2976336
37.5258
-23.47393
-20.212843
56.777134
59.94754
-59.136745
-82.87822
-23.755892
22.772568
9.941454
27.343193
98.29537
-109.4672
-16.511759
-12.959342
-60.73509
15.130432
-28.858637
26.716322
-35.142494
158.49857
-118.21078
-133.93747
173.95155
64.02812
61.09696
-100.882935
-97.68237
-9.534466
45.542625
77.67212
11.433776
-27.47936
-112.78581
6.7582006
85.31273
-32.11531
-83.00495
49.28323
30.658182
-123.99832
3.8265252
-118.51985
38.038734
-59.9623
-43.80137
-78.94241
27.443027
122.500755
5.58224
43.030655
96.38584
50.54835
-28.179165
70.57334
44.33976
32.38643
8.67905
81.91771
20.22929
-47.22401
17.931648
-30.870546
-68.601425
-92.83503
18.47144
-25.61178
-30.724983
-132.3545
-32.68549
26.669922
17.61058
38.714207
48.05302
-85.76442
-50.968254
-67.88647
19.340261
-114.84049
-19.803183
-4.1454916
-126.8452
63.30525
-81.92237
-2.519941
-44.102024
140.86432
-27.240433
12.998294
-70.221405
39.28335
-40.075737
-95.1507
-27.353031
-67.46106
-93.66075
25.069374
-68.84499
100.03993
28.407785
32.05465
-63.940968
-33.908943
32.042
32.046066
20.30993
41.818695
-130.87671
-8.132003
-67.98594
-101.803375
9.46901
-87.35497
-75.52171
-63.08987
170.40204
10.0388975
109.58264
-82.38375
54.922497
-96.23378
47.331432
-25.740675
-177.34726
-41.31624
-49.56273
52.18356
25.769176
-115.20222
2.986499
201.91174
-32.49033
-26.169752
61.872566
19.050007
-69.16331
-6.1931477
59.85492
42.639595
48.446857
-87.605125
49.328087
3.4091733
-12.738647
85.4801
85.250046
-92.859375
19.669432
-27.016615
76.37963
45.805893
-46.93451
-17.984749
-25.37436
-113.680534
69.56766
-26.418146
188.62903
-18.008358
15.236489
-107.82557
38.073483
74.662704
145.48492
9.417651
-42.02795
-60.420845
-11.76292
-154.4554
-37.017265
121.872665
-85.997665
16.017977
-66.63703
-86.5072
28.896494
-243.61513
111.89882
41.43365
88.00994
-203.55426
98.33969
-52.93231
-98.20123
3.343591
57.682373
-145.06952
-25.30867
19.975964
30.7967
139.89357
-11.517846
17.20397
4.572852
152.13927
-48.96971
63.052055
-44.22967
-144.81833
96.58243
32.19311
92.20168
-42.139683
-24.536058
-41.47057
-156.79724
73.60719
42.49216
37.533897
63.174786
-46.78716
141.59189
-22.950655
-85.886375
-144.98863
-21.204428
67.66646
-48.781956
-56.574913
-47.368916
62.297493
-124.767975
-90.96637
65.19527
-127.11006
106.784615
56.28044
-0.5606098
-17.627295
40.889004
11.090318
-115.56981
9.767072
-1.8803434
-32.375847
72.14072
51.293324
216.67665
-81.21388
28.514055
33.635952
186.4161
-40.117783
-178.81204
-98.98584
53.528427
73.24263
-21.549397
-77.54301
5.3243103
50.744198
19.285208
-152.31458
35.565136
91.61587
-160.81186
31.301222
92.21441
45.365417
76.9742
-1.3214711
-1.5978297
38.760864
-148.2041
-26.236938
-134.23163
46.18743
-52.646893
-2.4072924
-106.50632
-85.37751
233.29417
6.0867114
-41.601627
-17.873924
-5.191495
-86.5269
34.92846
-38.02049
-137.76375
-63.979786
-36.2982
238.47278
-53.098408
136.6149
98.17776
77.334526
0.15790868
80.77082
-149.99295
155.92334
-7.983793
-129.13838
91.25497
-22.574759
-49.84547
75.64648
-43.512768
14.976083
-48.980465
154.46169
-146.6226
-120.491135
-66.76796
-183.12909
24.942284
34.59197
-78.331116
-18.3258
-39.674187
-59.498005
-107.214645
37.748135
-98.54751
102.035484
127.79283
138.31624
70.94628
-83.2301
-12.972776
-111.25479
-25.564377
-98.13701
175.98267
102.41025
-134.33466
-51.912704
-50.99136
-33.82364
184.15329
48.156704
-63.589634
70.00174
105.254135
-33.130238
0.28315043
-11.94862
98.93217
-219.86075
26.683266
61.39135
-123.387695
-143.30943
31.183886
-6.116332
-65.40429
161.14197
-102.24234
32.282925
63.236897
-51.686775
-52.886383
-58.863216
15.217162
-222.78584
-18.47796
-170.74696
12.38802
-25.780014
-140.26808
44.736702
-75.942406
115.44339
57.071728
-61.921402
-23.377842
-23.935522
23.555347
-9.223963
117.844894
60.085495
-103.06006
-33.323986
-72.02015
-16.324675
-85.56847
39.298386
-34.83221
70.184906
52.045395
-26.064945
48.62779
139.7963
25.287973
-68.56072
73.37746
-8.208355
38.542843
91.33452
-118.29871
56.75993
-2.7861314
32.464302
-168.61449
63.84372
103.17838
-60.80696
-204.51793
83.747215
-11.332563
-49.843006
-232.20232
-137.98691
31.084154
-40.920887
-170.89891
48.290546
114.40182
218.92653
-136.7397
103.569214
-159.68974
146.6863
-12.672034
31.786531
46.201912
75.48677
-28.184832
-48.56688
-11.086054
-24.676327
-26.428646
-33.21633
16.17718
59.394173
81.201805
-38.194252
-35.448162
-116.571144
93.32127
-80.839905
-73.66137
6.1534476
-17.695414
-46.46158
-116.31231
80.908806
-15.0474615
93.397026
15.898291
5.3416967
53.239162
-63.005432
-24.71602
15.183767
74.66368
20.628883
-1.6033044
22.22569
58.411682
92.937836
-4.885772
98.45496
-147.63791
-7.254194
62.132977
85.04239
47.672493
-20.427917
19.883537
-13.694752
77.12772
-146.31027
-52.44948
-63.21956
29.630552
-199.78664
-105.35525
-78.23952
-128.39587
5.221779
-178.25613
-15.460077
-163.96323
46.053886
51.416637
66.12438
45.100143
-24.034721
159.94022
151.5709
-16.247047
64.545944
71.22685
122.92235
89.33437
-63.604843
66.93726
-76.63672
-1.3678646
-123.92011
180.39897
-28.775043
-92.69403
64.229294
20.842644
51.6601
-20.716507
-20.422092
6.3979335
116.924995
-33.11977
183.9664
-34.06975
168.5464
-78.82516
-44.501625
-55.20583
-106.188705
20.120808
-2.7125893
68.70527
-25.970798
-145.2316
-19.493011
-18.92539
10.91127
-3.0356522
109.63548
-17.555668
16.162745
157.00679
156.0306
-52.520725
112.94238
-9.478868
12.925232
-34.871334
-196.22598
35.875027
-41.984516
-60.86958
-16.787436
-26.238434
28.508183
-37.747757
53.35103
-82.30645
89.708244
-82.994026
-3.109994
-39.991158
162.81691
29.42431
-119.295105
41.23859
84.78381
-74.34606
-52.606926
-67.87035
114.36696
-41.559975
-245.22557
-62.7457
-82.260704
32.76624
-29.839289
7.3038454
63.831455
76.272064
-0.91402173
8.838478
-155.21242
-155.94228
61.522533
-41.76719
56.025387
198.57693
20.021267
-38.33287
8.302672
-70.743256
-165.45216
-40.483547
104.23481
50.226604
23.009872
-76.30331
181.69768
-51.74579
-25.031942
83.97685
-136.38416
12.365789
57.081093
31.912083
-75.23105
11.723626
-37.143944
-87.046715
-63.678738
-26.881859
-58.728977
62.090347
-1.04458
-159.3445
-217.84561
15.149221
4.1414604
53.43232
0.7268611
60.722916
-60.55961
-29.379084
-56.941463
73.095
-127.87508
-49.2852
-95.061554
18.897984
-55.006927
-60.67304
94.58478
-60.935524
-140.25204
28.17039
-29.47086
-38.20573
-47.07532
-135.84973
-47.48829
-157.52318
20.166397
75.62428
-22.990864
49.846813
40.458065
65.84704
-25.714533
-34.887848
-1.2038033
-19.097477
-165.15637
-70.59337
55.12909
-50.627956
-18.946018
117.2838
110.99158
-43.67347
-89.9216
102.483025
61.591362
14.700593
145.06403
97.07798
56.33326
51.29268
-42.55799
60.218903
-21.719942
159.1842
-96.99469
-24.821075
-80.26829
-56.230595
127.900894
93.10879
-38.246384
-104.95017
59.99096
46.39571
66.440674
-28.785978
-34.438892
-71.83512
54.94539
-30.339115
-86.62596
150.51683
-17.820814
-102.84843
119.06837
-55.29002
-7.973384
-38.615177
152.17775
17.994574
112.96386
-7.6156363
0.9888942
-158.85738
-178.88919
37.861443
-126.00416
170.51312
-147.6227
93.79973
66.210884
21.36579
-59.562958
106.70211
45.72895
-58.070843
-50.268936
-2.6533747
131.54971
2.5545828
-47.810093
91.01049
-18.439411
165.69153
100.36795
21.651094
-70.73463
164.76184
-79.09555
-12.049295
-46.043762
-115.18868
0.6276984
-4.4987793
11.547826
1.7383039
-5.155927
125.43817
-51.71625
-76.96757
22.363483
64.998695
206.76369
-108.80457
-100.45914
145.09941
46.23603
-18.969528
-11.083651
54.366074
60.36307
51.858196
-151.61086
103.10355
70.23519
-4.4294405
3.50429
10.089456
72.811005
-32.98853
-114.46285
-11.518067
55.049786
-9.786922
56.34427
-4.578133
5.1934676
-49.269646
-24.949467
13.377881
-250.26532
33.050472
-16.264313
-79.713486
-71.35184
104.49071
187.08066
-14.938551
139.84126
100.84867
0.28427237
152.84894
-71.86228
15.388458
-26.274895
16.489801
-118.29108
3.5575721
78.21103
-73.594765
-14.601013
7.234143
138.98447
51.307415
-72.29088
100.020386
-94.99684
29.155859
27.863707
14.621057
-146.21991
-123.25657
-118.80059
-20.0277
-106.83177
24.437855
-78.300125
45.389324
-132.67435
61.7122
42.162365
-60.43613
-5.7460184
-20.833427
41.202866
199.48508
-6.3653245
25.247581
-25.85346
37.31596
-59.0216
-16.817873
-41.99762
76.873985
46.80146
30.128557
-94.70688
35.02399
-30.888664
-66.28592
-88.14141
-12.298091
-7.0212445
12.299265
-128.38075
-1.6607633
-53.9462
27.28378
-18.322325
76.074814
-107.06061
59.471428
98.71482
-3.5464692
86.49154
-132.47902
112.02907
-118.540276
-65.55616
-4.6702867
78.73548
52.666843
-136.18906
-207.1886
94.82078
-40.06153
-125.897026
26.26367
-13.286621
-110.25214
-142.879
-43.739017
82.57056
11.368812
67.91695
55.734024
129.7088
65.722855
-52.223167
-9.052521
180.48773
34.699837
-4.5439854
50.106617
-48.492134
118.31951
21.346424
114.637665
-104.9051
9.837957
-22.434996
-148.80444
-76.88695
95.4698
72.94316
-66.07474
126.28231
-256.56122
188.28809
3.4323075
-48.95204
159.16708
-19.33159
142.73332
-47.188507
8.954058
-48.461613
-8.3920555
144.9996
122.90136
-80.879845
5.9949203
28.872303
-21.851343
45.680836
94.17374
-14.953121
54.143417
56.77309
-23.34775
114.9278
-7.4569874
-2.4572005
-48.698776
-23.177189
4.561288
125.63285
-13.162704
39.509815
-116.82478
131.4406
14.260954
-119.37202
80.148575
-105.600136
40.847694
5.8135033
35.334846
-6.850145
-90.32041
18.615522
16.244541
65.14685
39.854473
-128.84096
-115.85568
-134.76588
65.32659
-2.6305132
66.9906
32.56214
109.05655
-24.289013
-10.614107
-103.70128
131.72177
44.693943
106.49971
78.64397
138.95648
38.304268
7.4230037
11.238543
49.596554
-26.32362
-46.426567
78.23281
-31.36276
-40.052956
123.89122
-12.702294
25.781132
54.441364
28.418312
-1.0343764
1.4108183
37.148907
-141.92146
-98.77081
20.728724
84.54054
-24.921669
116.33417
29.369547
-3.1270204
-40.43401
11.702404
-80.929726
31.108837
-39.697445
121.893974
-23.894854
161.85715
-42.13375
125.00839
-3.8993428
158.24963
46.25962
-86.93969
144.63962
-66.56519
-108.0259
96.09728
86.02048
-64.725
-3.1252708
-64.1966
29.785694
-161.41699
4.3789597
-29.621313
99.805534
-19.24348
-15.116567
-21.617414
63.561653
81.86736
-126.378174
64.21194
145.64214
83.36496
-26.938305
-275.3411
-40.050003
-25.375141
-3.011887
-32.284237
133.62755
-78.03382
-35.84454
-88.24891
-61.020966
-150.51411
-21.74793
-113.85561
28.405163
0.66603327
-56.821484
-69.20279
13.869653
-172.27646
44.28353
9.328606
155.6186
-92.740746
15.028203
48.730347
243.09387
46.45753
-32.019585
65.43501
33.0905
-78.08041
2.6691897
-47.139053
-133.82837
-278.55646
-25.269264
-31.451096
-67.772896
59.012653
51.909817
162.10173
-118.26227
22.92998
-72.52055
105.54353
-38.036266
-75.486664
-124.552315
62.125538
-150.33453
1.1269214
-28.8296
-124.38425
36.559837
86.07567
136.32646
55.483143
-1.8035812
11.465635
61.332615
32.40226
133.86935
-60.165924
-23.35928
53.21864
44.129066
229.16237
-10.889297
27.094162
-26.950191
-32.53792
94.40932
9.928945
35.42393
-51.86051
154.94806
-35.992973
71.300224
-57.080322
-44.234634
-31.34324
208.01877
-188.52596
32.189983
78.81092
61.601955
92.5414
71.98869
37.033157
21.738039
-81.92807
169.197
51.94128
62.263626
1.6537861
67.51713
-27.697693
145.26497
2.856316
92.94096
-153.56314
53.788204
-52.351284
-37.461544
-8.088005
-7.8206077
-24.546701
-32.775925
24.399666
-66.750854
-155.80865
-64.111824
83.08216
118.05292
-65.82667
138.13342
20.697285
-19.591394
-73.25464
-49.640736
77.70144
22.166859
44.40368
-12.916056
122.71958
65.88873
-8.698609
30.068172
158.72603
-59.70134
126.12852
0.11897588
-70.33144
52.60001
159.39917
-11.674887
-35.504395
-59.679157
-157.48822
138.88051
77.30799
-237.93202
-251.46075
14.902391
-28.80838
119.09254
-33.03255
-36.626877
-33.42716
41.417778
80.57723
69.03194
-20.869457
-15.428434
-14.608401
-3.8028
25.903246
155.44023
96.906654
35.667435
-167.98738
-138.34561
189.58498
-145.16801
-111.9414
81.44635
-18.81052
-98.057365
21.640152
62.384457
-44.84622
59.1794
-1.1410415
-22.525286
-125.30158
-164.64886
58.0939
22.235643
-9.680634
54.656006
-18.057869
81.72089
173.70181
59.799828
-24.320644
69.93967
-23.816105
-79.6897
-85.65175
24.263865
8.835585
68.46018
86.001656
-117.485115
-53.12579
77.843735
-33.55522
-115.81565
-24.8487
17.366577
24.851473
75.27918
49.477524
36.34014
-143.74568
86.56286
-18.521725
6.449127
8.417611
38.47239
-6.285657
5.724556
-52.7417
31.799631
-34.947994
142.83635
35.19618
153.62512
-44.911224
1.1110386
65.71508
81.087906
-72.796135
9.27746
-71.23588
155.1482
-63.303585
-185.1897
73.41716
-29.956797
-37.743988
-65.31387
27.622202
-201.6386
-113.606445
18.453865
180.14256
205.6565
-47.461823
-14.273984
-51.353764
159.68674
-37.539375
12.226873
-53.074596
14.948324
-30.12228
-104.11296
-43.604755
26.266516
127.95623
61.717884
-0.46057582
179.60849
60.016296
-32.724888
-39.863907
18.089626
-115.61473
-34.913765
-12.490872
9.093204
128.86777
-86.93884
72.46017
36.949173
77.15326
56.229103
-149.53824
-36.778027
21.753857
173.86981
-76.277214
-112.760956
-13.990896
68.6193
-107.01541
8.160972
20.833286
-2.0644147
26.388458
34.27339
-12.966922
-46.199936
24.638273
-89.94761
42.17336
103.525085
-62.683266
123.386856
11.128859
50.179577
46.829716
-64.983696
114.32949
97.689415
-64.38998
-1.3367308
75.61844
-143.13382
36.436882
-89.06611
-81.69654
52.62795
-85.114525
56.5632
13.100336
4.604493
-71.68793
62.47077
-25.836372
-93.83957
31.590357
41.00315
48.239536
-17.60873
20.507967
-77.87275
33.670483
31.340412
125.48366
-153.94719
-13.610328
-51.93427
-108.1235
-40.176613
78.8552
40.93957
83.467964
74.63259
-100.694725
-31.978765
-30.72985
-12.690781
-0.34444696
-124.871155
-18.577612
-102.10258
-20.2068
79.39343
-59.85091
-78.781204
75.1532
-103.43316
-47.67655
44.583237
41.987152
-25.835163
84.72653
171.03537
69.46444
29.905375
41.967926
65.52693
-39.38347
74.28016
-98.40729
69.17158
85.26164
121.409454
-181.62337
35.14193
-34.676815
-13.521801
-112.11193
58.718918
-131.5691
116.8244
65.13169
-65.35493
68.589584
193.2876
-135.52356
-7.5696955
11.782393
56.44364
65.28959
0.4446932
101.72652
141.7339
11.70271
62.526325
72.629295
4.5550017
-52.169743
146.16458
-18.662842
-19.466805
-0.8796941
52.925465
-35.163208
-73.44925
-16.71714
23.6921
28.323833
51.41555
71.0994
117.87797
170.80315
49.963486
-11.058976
39.952225
1.5254326
77.59393
-26.75497
43.726273
22.29013
-82.39095
5.049315
-16.440123
78.30779
2.2684975
-136.90042
24.246944
-62.397686
10.707817
40.83483
14.76665
-89.714165
199.97195
49.128914
-16.04065
-13.109931
-89.73491
50.878754
-120.67076
29.383432
123.66946
-53.402386
11.745806
-24.821539
34.918552
-89.862854
129.50685
48.00379
94.71069
-175.9933
-58.8886
-18.882982
-57.76037
-49.442665
149.78699
-69.02438
-47.51432
-35.424355
57.559967
-16.32317
34.03378
-88.39382
-63.841293
87.01666
43.821968
186.94936
117.84978
52.7418
219.20905
54.458805
-17.016161
-109.57229
-7.8435693
-23.641472
-78.433235
-182.16113
18.91949
-30.500648
6.41267
-15.099344
-20.004566
-45.270485
87.42415
-76.779236
112.52116
-56.696526
46.539635
-142.23775
-128.35005
69.461975
94.77475
-107.73881
54.466305
26.514692
-18.576843
144.39441
-8.208987
117.90243
-77.68179
-5.8499584
62.857433
-101.129585
102.011406
56.360893
141.2274
-69.237976
-39.768196
-17.597086
-129.2237
19.737038
-36.77765
-24.557934
105.49544
-138.73637
-9.4592495
-68.536545
1.0507796
63.155994
-161.08629
37.9738
1.3774948
18.920778
-94.81673
49.85293
14.995363
-70.81288
2.4053779
72.826324
2.4460204
-10.334498
-70.26325
24.825651
69.1044
104.79575
-141.5723
-81.8378
-42.781013
67.89721
-3.390872
-60.883034
-9.202552
85.40062
-15.288542
-105.297775
-203.00667
-80.239845
-35.50394
63.61742
-145.13466
-99.24436
6.978567
88.89377
-104.73077
-74.232185
-56.043114
-1.0934819
17.092314
-51.776077
2.5949764
-16.479866
-4.0534825
196.41328
29.838161
-52.80173
-24.931673
40.255283
23.772139
22.979652
-124.052284
-64.51358
34.116005
44.734238
-5.4014406
29.868103
225.04413
142.78105
150.75491
-86.56437
-41.843376
-68.35068
55.091652
44.953823
-240.58342
88.94381
-137.36269
16.27566
-34.035137
-43.80905
160.29745
-10.647563
-56.982895
-52.739326
46.669548
117.31787
170.8112
-112.8429
-172.25624
7.905083
50.28566
172.3827
-68.00026
-22.208015
-82.01572
5.573779
108.37148
18.295006
31.589504
-4.567263
22.1459
194.8707
4.39705
29.126432
209.38217
12.31469
-42.097675
113.69076
-48.91838
86.18945
-88.06875
30.916037
-30.585543
145.4795
26.951416
-95.1655
141.39128
118.62885
-5.002082
-45.13817
-245.97342
134.13974
14.763874
-59.473766
-84.140594
-14.903139
-158.80011
108.75957
181.87852
-54.329285
30.933472
43.14576
-9.967205
-31.017864
14.664818
34.917645
20.626108
-52.485363
-62.2153
-145.49602
27.03874
-5.27603
22.502367
-198.21786
-85.05859
-23.924843
93.765144
-59.759094
28.924984
77.81886
70.445816
70.60924
-60.62814
-120.8264
-15.315744
83.520134
-122.85806
13.381516
64.19533
-30.072968
-83.1404
-34.079754
29.236786
144.9628
7.507257
-56.67701
-86.08104
63.508698
-79.16997
-0.92797124
101.32937
-36.93408
-201.15591
73.91244
-39.14725
135.25224
32.213722
-12.048002
35.402687
61.614506
35.714714
-118.86209
97.536415
-95.14191
-31.3743
65.46997
-51.192085
-40.613453
47.148685
-26.062803
-92.75966
75.667656
-78.27164
-6.775096
-54.012695
-140.11005
-80.81688
91.89631
30.40218
-35.40634
-43.82385
93.15295
55.28033
80.3935
-33.778618
1.7489452
-24.045038
-58.69631
104.36263
-68.15943
-21.846066
205.9978
-41.26482
113.5569
124.9381
77.71357
-27.144405
117.532646
6.417051
105.83903
-12.278203
41.077732
-114.401405
33.20356
-74.292015
22.169888
-45.279945
-93.46006
129.93275
141.10545
-184.69524
48.31404
48.770546
-158.92107
-58.997204
-187.08902
-81.85958
-119.18763
33.97556
43.939762
97.55987
-55.491074
58.357906
-58.448772
92.07473
20.10452
110.22034
-118.5722
53.481213
-1.0807168
178.83691
50.769657
60.878372
50.840694
181.86823
-27.989887
76.14097
-74.47253
46.48519
97.91188
-162.47693
68.62298
-14.243878
-38.934765
-104.85771
150.49771
57.882233
149.85286
-3.9938645
62.77902
92.67862
-196.127
25.13919
-2.7088962
23.365181
71.99266
-4.5288167
118.862144
114.91325
40.972588
-96.51062
36.184837
32.704494
90.057434
-23.81945
134.54587
-14.34809
140.55908
91.1227
186.31808
-158.18521
120.33145
9.071126
173.80156
-36.17466
-51.821926
30.1844
29.507952
149.81679
-62.2834
-45.925896
127.08971
-14.578794
35.9136
87.79311
-78.212166
-75.56651
-99.59668
-123.953766
-60.500862
-55.20866
10.111394
31.478981
54.609844
21.98195
-6.7167716
95.18146
55.88237
-76.385445
22.618526
144.07388
69.5855
-19.363686
4.874899
-55.93839
-7.715553
-19.905998
113.93802
-28.557415
56.54905
30.80451
-51.492428
-1.769218
110.18643
-36.952602
-33.842083
-46.090225
-43.23961
92.41684
-11.185382
130.18103
185.34834
-184.30261
-45.90095
15.91844
-69.63037
31.778072
8.82073
133.98764
38.80547
-130.38255
8.937092
67.43858
-205.46367
-46.95573
185.43527
57.70004
121.655205
85.47381
6.0605845
85.327034
-8.064268
-6.3733377
-98.70278
-89.81865
160.41469
-57.2914
-33.84352
-9.894249
-44.27501
-87.55337
131.20155
-52.61579
97.03192
-68.228584
-60.958126
-47.420708
-11.438254
16.124866
-20.556442
-66.65531
17.041485
35.31435
98.56089
28.9577
131.28981
-46.423798
50.809765
2.0214326
45.26933
46.51923
42.647255
167.68254
85.17414
143.10458
-38.220135
-14.520415
-20.243402
39.75557
65.508896
106.2654
-2.302229
29.903692
107.42059
31.893837
-104.941216
-55.11517
-66.71116
79.6417
-27.224049
-31.252117
65.034325
112.90165
-118.38769
102.20969
-63.910465
50.694225
-37.831966
79.9053
-21.687601
-107.89813
-3.7610054
4.4628096
-50.155876
91.950165
0.580871
48.793125
101.11229
-98.23355
-67.81335
-15.628223
20.83244
85.432785
25.946468
-113.11795
95.750206
74.229904
153.10721
8.342328
1.6919111
78.106155
95.26839
7.8390236
-74.97926
-109.47766
-18.873758
-110.87786
-86.68341
78.15955
-42.35413
-60.834003
-83.19461
68.76011
-116.16509
-40.62628
57.68453
117.64342
-124.25692
-90.00421
-51.852577
3.7581556
-14.054883
-128.94084
-23.431652
-1.0811299
-1.9066913
-151.91354
-71.5038
5.622289
-34.609406
-122.08278
-90.4267
-7.2324634
123.00667
18.930677
-100.796844
-93.83208
-72.90073
26.280066
-133.78581
16.006931
32.16835
-203.58476
-44.708984
60.566753
-1.7565604
56.373447
-71.94773
30.985935
102.1191
49.943314
-192.52783
162.56667
10.489925
168.99974
-147.8163
11.530208
0.3302232
-73.30097
143.02962
26.522816
9.357987
-99.68634
-19.525404
102.57843
13.122596
-4.903587
51.276115
52.34439
10.244995
39.209785
30.120697
-38.892532
-19.736738
20.051
-55.74278
-8.890293
-26.486462
-69.15157
-53.180172
-10.605662
-94.51007
-47.763992
-82.9092
57.68363
-4.3785696
81.00444
-41.85017
-53.14381
200.92545
34.964287
-92.24188
43.779205
-100.32294
-58.393505
-52.295513
-15.012799
-16.701454
3.5516758
111.49491
21.085814
-42.78479
198.17017
-101.38536
-91.166954
-40.66337
-16.292654
-85.212425
-61.497433
-149.78389
23.196125
-85.61852
-5.7276397
20.555635
-10.398899
-30.07553
-16.000927
42.211067
121.69828
57.056347
53.429634
-18.941893
69.39131
-52.69764
-22.990944
86.70785
77.13397
-63.715626
58.97342
21.451792
-105.101425
-27.73968
-150.46774
-81.33837
60.55531
142.44785
-21.50368
-34.645462
11.466945
-142.86829
-50.767532
107.05529
-54.02579
-59.482845
-71.55854
71.4976
6.5035267
95.361435
80.75848
-22.211866
82.37585
-110.62038
-92.53151
65.236374
107.026
104.41947
-9.609149
-64.6261
-21.829662
87.486755
47.13079
-171.34442
-187.43102
115.10275
-37.622578
20.541842
42.272957
124.49443
7.9005995
83.19138
-12.224144
-178.954
6.340646
-4.5057406
-10.292144
-13.0558405
55.933544
-24.317797
77.77323
23.616814
27.846354
-18.207163
-6.319835
-72.74163
-107.606
53.508213
47.65225
11.32592
7.893126
-119.785416
114.78218
-38.239212
-97.562515
14.398137
23.39326
6.823388
-28.521498
-21.111958
147.07637
2.11302
-12.983118
44.63202
-63.06796
-24.412663
44.59723
-145.48193
48.64741
-15.314717
9.903027
39.66676
-47.963398
-4.425757
41.01737
124.44974
-51.55487
-40.585968
-32.09839
38.979813
1.8946488
121.9637
-10.806193
10.290078
-53.985424
-23.139236
-20.186533
-35.480762
-148.86166
-140.39468
59.9869
-72.35792
-47.970844
-33.287796
-17.339384
-137.00377
-138.3134
85.56335
-9.942137
-16.003235
-63.227024
42.063614
69.65054
-82.75761
-40.537113
3.78369
86.64709
74.50659
184.41718
-42.45023
-34.05184
101.23675
-95.40721
0.7969972
-56.038773
19.844948
114.32295
-10.982054
124.68917
-14.5626
-21.928617
-19.303299
4.3043003
45.514725
-23.490637
-0.29004878
132.62524
102.73012
38.387497
-58.660698
-106.65228
47.487186
-27.47784
191.37517
21.555878
64.39107
-28.038715
-32.19452
83.510155
-28.192234
40.669888
50.166656
-54.83951
82.03982
-50.339962
-35.47352
16.329506
-193.25475
-53.11849
-115.44167
115.70189
56.330505
-31.542698
-89.58675
81.10663
9.22641
-106.61864
-94.083534
-55.200684
-15.118946
-46.55629
106.519
15.745657
-24.244396
-89.535065
-47.690895
22.133076
46.47841
-23.35912
-1.4755331
-209.38089
128.70168
-157.13016
0.008850336
-29.729002
3.7271302
-102.62691
153.20386
-114.3789
38.92114
-55.89567
3.47685
-61.547585
-22.762575
-161.43631
-124.42862
80.347435
-58.227592
-165.45045
59.709774
