-94.925186
15.2467375
-51.049114
3.3495212
-8.045182
-83.98271
-13.196346
-46.813187
-18.022667
-20.098312
-41.97381
-129.22128
74.32342
-48.395348
1.0119296
12.043848
-45.051777
-3.5641541
64.45184
107.42462
96.82821
85.05914
-4.3844814
25.813175
53.802788
63.252743
111.69305
74.2988
88.2731
-43.403427
73.899826
36.29008
29.560516
66.02267
-83.010956
35.227142
55.613087
-37.562096
-76.01108
-4.987916
110.02062
73.719185
-61.121227
9.709487
6.972698
21.712387
-21.039827
-78.84311
152.66313
-34.901173
-110.13075
15.15656
22.756134
63.826546
7.2034936
-53.086853
13.432041
-103.5097
1.1116315
40.1941
35.823452
-83.64478
7.131292
-37.787727
43.40112
-133.52176
-46.007145
24.543215
-41.76129
43.601807
49.39428
-20.384243
96.01565
55.75448
7.522342
-36.089737
-10.498232
50.977276
53.504086
25.434307
47.368626
43.13908
-73.40695
-12.693777
28.197002
110.17108
0.19534612
-24.473286
11.448021
-8.539221
-10.278198
-32.625546
10.094282
10.014131
-91.28592
23.695164
48.29107
-15.833341
11.320284
-38.486988
123.098366
-58.132362
-58.619785
4.327884
-15.520301
-10.878551
-62.815372
13.170095
34.880756
-50.53814
-40.66696
70.91174
71.97824
29.061562
20.754257
-120.42239
20.543232
-36.478592
32.221096
-6.454571
38.806988
116.14115
32.050537
-11.814783
20.698122
-25.77227
-17.845537
91.042114
19.93475
10.779977
-28.509905
-19.219273
80.252304
6.1801496
-89.72149
-36.9214
42.62861
64.69202
-13.677779
-73.24818
33.85725
-62.182735
17.744032
-34.483887
-82.42738
43.069355
-59.125854
-29.767672
110.664604
2.4209104
-41.800083
50.714542
-35.731564
62.900604
-103.7349
26.581797
30.23696
31.999548
24.778978
51.508163
-48.289146
-34.035526
-19.270102
-105.8266
47.313328
-32.096752
-51.264477
-27.687075
-3.6271996
-40.652798
76.76661
-99.51832
2.5823503
31.846428
-64.85486
-3.6364493
-21.249575
84.71463
-16.13445
41.78887
1.0940136
-80.531364
32.37574
71.151405
-122.48893
-12.548156
9.014896
-22.25959
70.503334
79.47213
21.370483
64.402985
-33.867794
-107.790924
-1.6145217
-9.827927
20.63573
-24.035149
-37.459347
-50.839745
47.889317
-28.395409
-56.52078
-68.90803
49.29877
-13.438872
-113.6539
-39.27855
-31.872778
-32.98203
-48.103493
-40.936386
17.142117
-13.832563
28.081388
-22.142643
-74.5284
-14.142709
-3.9255464
15.190347
-22.270592
123.72903
-19.457615
-0.45637274
43.533283
-18.959734
46.91551
-13.3326
-50.067272
-26.597208
-9.959678
117.22497
-43.21807
-29.793365
-12.955251
45.992336
-43.7305
-37.80641
-30.243063
-35.73564
33.00314
-126.69956
-89.37653
-5.9257693
82.56837
103.42582
10.212105
23.721785
24.878412
-68.40101
-21.11602
-34.047577
26.879042
-21.510845
-65.419174
56.68401
-39.887413
-49.52073
50.078133
-76.565796
-77.41287
-11.122883
-103.99532
-42.37554
-20.959578
-22.220493
118.26685
-7.018528
-12.174712
122.997795
-90.68269
-7.1144
14.9625025
2.0142608
115.026726
-35.328625
-97.34174
6.3696985
-17.923674
17.697987
65.25849
-6.1698956
-44.261314
-39.143963
58.010822
43.266724
61.692917
22.078585
-79.8357
131.11426
-70.325005
13.51963
24.565666
-40.483185
40.539017
1.274323
85.510895
-37.093113
59.18207
55.543697
-17.96267
-107.403206
77.61785
49.538395
-17.644789
-41.27647
-8.102785
-15.887093
-13.754761
12.683695
-126.96721
62.627384
-15.577183
-85.875595
40.673126
-12.352214
3.0359473
16.24107
-74.62118
13.29091
14.93336
-35.31585
58.55859
-53.48015
-75.79082
-7.8859506
-64.73398
25.694824
8.101264
66.68557
-10.328941
-40.138935
-62.589165
-137.38081
73.336655
22.014885
-10.454245
-65.194405
-18.096523
-50.1793
-23.242346
61.01379
1.0558054
10.130875
-69.33033
33.330902
4.849081
9.33243
28.489077
-28.986744
-24.045944
50.23075
-34.611023
-56.94191
10.912387
11.419859
-42.919987
63.479496
26.985538
35.05866
48.392094
158.09091
63.917255
-22.188538
-11.81069
-20.873207
38.27919
94.07692
50.39711
52.303005
-25.391413
3.8885546
34.704865
25.625885
47.88075
-9.333358
-110.62613
55.49422
-81.38094
-42.732475
51.945408
-24.998898
120.14508
-35.31916
30.47096
47.112957
63.06881
-35.28996
-30.959654
-13.978919
61.7916
25.228712
-58.126827
55.845192
28.49502
39.59026
56.05611
8.223142
-12.101282
50.584564
-52.15424
-3.166345
61.487514
7.528994
70.03276
9.269063
125.15561
25.44158
-27.112328
-24.303986
-41.586693
-5.3033113
27.347118
6.5526752
103.894745
-2.953693
26.473402
-31.053043
-23.614565
-17.33995
18.835678
-45.586143
-84.56487
-40.999844
-7.3565526
66.51071
22.923275
-6.1285796
-21.554237
-149.6163
-32.740402
-109.40882
-21.492472
-84.23959
38.17106
43.476055
-40.565987
-8.841186
-50.4493
-12.618223
-66.24064
70.940765
-29.876799
11.390261
22.079735
-42.586155
18.434721
16.543839
-80.80113
-17.282953
-29.236
64.6821
-81.856415
-52.694614
-25.870255
-90.40616
10.74626
49.26455
-42.249912
-120.224495
23.078451
99.8261
-2.2738464
10.60647
29.853539
32.6159
17.810143
2.823546
-67.24053
88.01808
-110.070625
108.77754
-15.407389
-3.0178282
-86.3587
26.62577
-9.619217
-77.48011
-12.214121
-9.84201
-36.37573
-36.111214
-74.24195
-18.338354
-26.114365
0.83041453
39.06922
42.197426
-60.10963
72.402596
2.6904497
8.801473
61.333656
-68.9647
8.793265
11.911297
-12.297777
7.1607985
-48.477295
-30.447573
-53.610115
-63.818317
-10.281277
-27.24796
2.459723
88.285645
-37.662956
11.809375
-20.976326
88.32253
-79.626335
44.10206
18.645582
93.76979
72.15203
66.16967
-6.500253
-39.830673
94.143295
-42.93662
-68.24209
69.90003
27.252151
-28.01771
-17.198553
20.644766
33.15011
-20.498207
14.783334
21.132288
-60.806114
43.53926
-19.377853
72.19911
-59.48245
-17.266798
26.599386
-76.504456
87.919426
-27.527508
68.90982
-100.73564
-106.66212
51.785473
56.320885
79.02769
-62.465015
-30.976704
-14.958757
83.2769
-54.119495
55.361507
10.497551
-82.72283
37.721455
-61.860657
-14.453874
19.409605
-83.49494
62.21136
85.8063
50.205597
-45.385777
34.2624
-2.6317573
30.316126
-14.131163
67.96968
-81.74145
58.41269
6.828396
-84.19247
15.915567
32.86132
-19.6668
-32.771782
49.464783
-26.039217
51.710213
-66.085915
-40.462
49.59349
-22.044273
43.833576
116.739
-13.258562
12.531438
-16.440594
-97.03655
21.697615
-68.58302
9.20686
-16.590395
-113.00088
-10.410125
0.8061833
-6.242795
-63.520676
-8.580737
-34.00917
52.434917
28.68833
-22.592918
22.572376
-4.5268517
-32.40764
72.275246
-154.04346
-39.55382
29.003458
28.671814
-49.175835
14.260936
-72.86438
-40.86112
58.40791
88.78949
-25.439358
-3.346784
21.400497
125.649536
20.125486
129.18994
116.22585
207.51419
55.951942
46.68504
34.94314
31.322845
1.6703827
82.00659
6.94737
4.3694324
-163.7379
-52.187447
149.78954
29.731108
28.607178
-57.77326
17.865622
12.607104
-12.803871
-72.2559
-59.85558
-19.1398
133.644
64.277374
13.7762165
35.400467
35.53121
19.651068
-65.96502
-39.40557
-43.925686
22.160145
4.6350327
66.49135
72.84812
16.527277
-22.372784
-73.73635
-33.820274
62.578167
-2.3753414
-61.378532
16.275988
44.263966
-52.189034
-49.850033
-64.35219
-59.49359
43.190117
34.95185
44.74162
-41.395893
-61.28819
9.303467
10.628291
50.68407
-127.092926
-21.373632
83.552
16.179773
-14.033671
0.9392968
48.218136
-13.208222
102.65326
-63.860176
1.4287782
-135.25818
-13.928986
104.27722
-39.70745
75.25017
40.44022
54.131
-55.443188
25.409874
-123.386246
9.72906
-31.643822
-65.36714
15.156512
-12.847511
-58.591457
-54.922234
93.94576
-72.05225
-22.154194
52.38103
-46.18271
-134.94319
-4.4655595
141.88562
-27.019386
29.35862
19.765186
18.337502
30.161581
-71.100296
26.532696
-22.228031
-14.386794
-63.24824
23.093681
-56.737473
-12.314756
-40.721478
35.979153
-27.235641
-28.615349
-27.117296
71.73814
10.7283325
91.70311
68.35741
44.36828
-103.52369
-5.088495
-3.5453103
-15.495577
-26.408382
12.233728
26.33406
1.6063247
-50.373306
-56.504395
-98.310265
-40.540565
-42.133335
5.1074934
20.337118
12.787905
71.65127
-5.1432114
35.587036
45.492554
-71.35879
15.271392
-69.4384
-65.48864
-12.439305
29.61953
-34.9668
-1.8143151
120.740654
-52.726944
16.165077
117.501625
-12.445444
-51.630093
9.0814
60.3964
-89.33517
-54.58353
-3.5124216
31.69291
-14.213283
80.01288
89.62706
-61.55581
49.097622
-42.683094
66.76671
62.783726
43.45475
-2.2649336
-95.45792
-80.6039
46.28397
-15.008651
-61.382217
-36.733585
39.478535
-91.868866
23.045774
-65.01527
80.78744
-1.6321623
-31.41852
60.85795
-76.39233
4.77028
85.61445
129.62198
-48.91358
-51.041782
-49.483574
36.23815
20.692343
1.3172002
-22.889202
27.180538
-17.11995
76.22663
28.40787
69.38995
9.059773
-59.87099
-0.6362586
-3.8834445
45.599083
30.258617
-77.12718
-26.49565
25.381983
15.888996
-30.768682
66.20462
85.291
41.700256
-57.689034
48.35455
148.76334
35.172676
-6.2532845
-6.943633
3.7787774
9.81705
-44.44952
35.112923
34.980244
6.619806
4.064155
-58.01055
-26.432665
42.745567
-1.2027873
69.881096
-23.443336
-11.560487
-35.98454
-29.043732
35.309326
30.117365
-90.839035
-103.40561
-43.990852
-9.739165
-49.124218
-42.601063
64.61754
-66.85547
-5.6326103
7.283513
-108.62125
-26.284805
-76.05564
4.9864244
-71.31168
64.03201
-62.275093
-83.22978
78.40798
63.28094
24.671673
-35.615295
-8.556811
-68.387764
19.28193
53.553547
-8.93099
-62.27162
29.861277
32.31529
-2.131731
79.733536
-93.46202
6.760461
13.171368
-15.935488
37.265522
-65.24177
-9.993387
-102.112465
-22.695744
-14.595268
43.61541
41.09327
0.06749439
61.833504
88.61783
-35.352005
-83.01698
37.892994
36.229607
-49.07023
-13.84237
39.894936
109.9639
-9.413448
27.26008
35.608704
-79.79116
-43.83481
-45.31139
14.642158
-25.799019
-51.307205
3.3140874
-48.83375
-55.08189
10.124473
-3.2194948
23.59797
-49.688206
-77.29983
87.52077
-58.31866
60.845825
-23.83735
-43.396824
16.274673
-60.35732
-63.17008
-40.103752
57.42013
-45.28926
-21.132406
-35.836967
-26.434187
-55.61558
24.561306
-18.27099
8.8124895
-12.974394
-31.192001
-71.23859
122.41739
-47.992916
118.65171
-74.71796
16.179985
-62.651146
29.091803
47.23739
14.504171
-11.57065
75.34808
-26.420416
-67.36746
-23.173424
-58.74985
-9.145712
-4.720218
89.343834
-36.525055
-3.6316972
-123.54256
76.99568
-53.909626
62.33753
12.187714
-63.902237
49.994095
44.68234
8.447678
-23.8768
-74.809425
49.257317
61.521763
2.1637673
-41.367954
32.047607
-37.798862
-6.9598293
-10.92617
55.1186
25.041193
11.866966
-62.987328
21.775513
-38.514877
-9.108032
30.486353
34.932663
-48.81249
0.15632701
-10.505469
-0.73579156
-30.04599
-24.763496
-3.710731
-23.265844
-33.495533
54.872627
-43.337593
112.666115
11.626611
-21.73042
-80.516304
-7.0703516
-4.565152
152.4362
-19.81891
-19.48336
19.862179
-9.547923
-11.834235
-29.91885
45.497505
-103.33578
64.610275
23.30207
-13.171775
-2.2706957
-176.16656
123.173256
11.631876
-5.111018
-124.510445
101.019455
29.26885
-61.577667
-7.2615266
86.31033
-58.065716
22.056313
75.4555
74.65903
65.501945
112.452225
-31.003332
19.13132
64.42974
-42.559788
25.751163
-27.99828
-121.863815
8.034384
15.864131
-46.503593
-16.396902
-46.45898
-39.332245
-46.314976
43.38708
63.433594
16.36338
29.583225
-48.126476
88.63609
-60.856895
-71.565605
-86.81284
35.826176
95.66819
-35.304893
9.630664
2.7868903
54.904972
-144.98991
-37.796883
49.727688
-22.220207
58.731117
6.1171994
-40.03494
-40.845814
32.21189
-63.89513
-59.505062
20.495716
34.895718
1.4048404
-2.182955
11.38204
130.8221
19.599478
30.62974
-28.535185
51.064774
-3.712565
-62.83649
-39.42907
1.1602854
14.688313
33.48538
-11.6915045
19.779615
33.791332
3.5670166
-63.65924
41.566807
109.683846
-2.5424538
69.58118
21.276268
-49.48741
49.626587
-78.69769
-5.1146393
39.230675
-44.10047
-53.797096
-74.09403
19.081184
56.085735
11.885012
-21.09965
-53.35128
93.83278
45.399426
-7.2704353
-29.79379
25.38233
-17.652752
15.738846
-37.633957
-28.293756
-84.54166
-22.403519
88.59744
-53.5345
80.97712
35.057312
61.107586
10.551426
-12.682518
-54.116627
117.12388
-2.430451
41.885677
41.033577
65.50016
-11.597059
70.36814
-8.474724
71.84805
-30.565374
90.104675
-95.216415
-1.1735859
-21.705408
-105.11275
105.26714
10.373209
-86.92373
-0.9571036
-28.786953
-20.58577
-11.022021
-28.65021
-80.21956
47.68644
72.31547
121.15039
85.979195
0.21523786
29.356974
-24.880136
24.863516
15.016389
99.428024
11.7725525
-61.105545
-89.97886
-31.17973
-50.44839
56.434372
51.209793
-24.683537
140.52725
46.211037
66.34802
23.969112
-1.6046773
75.36342
-147.83528
18.870213
103.74847
-29.098288
-54.368023
2.3679976
96.230804
-9.881046
82.31072
-46.94904
64.99003
77.5211
64.985146
-80.16644
-53.544666
85.19292
-124.08239
-27.065321
-35.43321
-37.619976
16.490595
-148.3868
47.71118
-95.680176
52.64219
-26.362043
-84.513664
12.380774
40.451214
13.032245
-6.132
34.388496
83.80758
-44.36686
-30.886711
53.146576
-27.83685
-64.63616
15.035311
-47.914936
30.798449
-25.033754
45.222424
41.99538
95.29059
5.7888803
-0.060038894
104.1864
-14.202708
5.795055
30.11861
-82.90477
-65.828926
-9.061938
-4.8046126
-79.18657
114.648186
54.702873
-7.9361963
-43.19032
-44.6374
-5.157879
-121.99827
-65.24818
-105.771355
16.703917
-22.163624
-76.69331
50.441856
17.248373
91.929375
-116.439644
84.332886
-81.075096
8.415956
38.822445
-22.57619
36.13517
-4.0878034
4.427979
-38.666664
1.5487803
12.28704
-39.10901
71.22169
-136.51529
15.187883
86.69065
-15.641797
20.15429
22.815823
89.279106
-10.465939
15.45117
42.107098
-30.041613
-8.201755
-60.206352
-29.428669
11.681509
28.632967
-13.814253
49.751095
2.4673827
-63.199852
13.376303
29.437225
22.70779
-8.280388
39.914696
91.18992
131.58626
-38.219967
-1.9726427
-4.9902363
-56.31102
-28.398369
-10.237244
43.709282
-30.938839
20.211615
-42.606644
-0.029418468
18.609425
0.37897834
-73.18969
-24.672903
23.769142
-79.198235
-35.388058
-38.371124
-16.545225
81.27415
-57.26102
42.886135
-147.0921
3.988419
-6.3839192
100.946884
52.998188
2.4186668
46.50508
117.35538
-18.854565
84.66793
-32.415447
26.91132
23.112514
-44.46479
70.205666
-100.57361
-25.959476
-12.678767
120.37295
17.906683
-34.267727
-10.947476
79.53709
32.922943
-75.92456
-72.48689
23.641895
86.311005
18.637196
3.493291
9.476169
36.83301
-66.0796
41.113125
-12.204157
-57.839138
-8.408492
-15.558325
27.828234
22.443525
-62.336487
25.70689
-46.265324
49.718586
-24.51892
23.190317
33.83126
-13.0160885
97.76949
-11.747358
-82.647484
119.04145
-21.884804
-34.262955
42.451847
-101.492004
56.29401
6.870506
-69.04909
-9.949939
-39.067585
30.943426
-50.034016
39.35981
-34.73168
69.71771
-7.8334146
17.64168
-53.86938
59.299747
-36.668713
-134.6022
-25.645731
34.616386
-30.839535
3.644064
-21.114767
18.334623
-70.261856
-71.666885
-60.081326
-116.10749
9.215093
35.205627
-14.662416
-38.196793
46.807934
-64.49924
10.506767
-78.86681
-9.104042
109.94652
-15.884102
-21.274323
126.476906
-1.3535804
-19.912268
26.12234
-46.502636
-99.44518
22.234829
45.508064
60.31374
57.59941
-8.990395
0.29772234
-51.412346
-37.56684
59.29473
-102.500114
40.80788
-11.785703
-29.243534
-45.11056
99.48053
-7.1574306
-24.155262
-80.61231
-92.27476
-80.305626
145.72485
43.6994
-83.09092
-98.12725
-17.916096
-12.485442
97.83726
-22.12717
95.64492
-49.887245
-24.939522
-4.9113727
32.893517
-43.709396
-47.569744
-40.28273
65.99805
26.553818
-14.967491
1.693017
-24.527607
-93.946945
71.97357
77.10239
-78.09397
-91.97548
-64.09535
-52.49967
-48.05485
49.089737
37.115555
-12.676189
42.47261
4.841977
-1.2315556
-58.303627
-26.476486
23.051601
-34.150307
-23.206667
-44.10471
-10.211551
-23.977167
-5.542048
27.60636
84.288475
1.0444733
25.014442
59.95963
63.271667
-30.69006
26.760475
97.9069
-4.747593
-44.78819
-23.100914
63.80595
54.700527
68.051476
-26.7337
62.693012
-34.499878
-8.802517
82.34407
76.957504
-31.491924
2.1846967
-48.032352
-1.653626
14.095114
-49.089024
39.289352
-32.058983
-12.2878
-49.563644
23.93964
-12.895375
-103.43238
-6.5279775
62.51356
-66.508705
-20.965864
-6.578498
120.66772
11.875497
81.90512
-10.323866
-35.161762
-143.06732
-96.125595
15.727747
-78.00106
119.898926
-76.20305
56.693184
-5.6857257
-23.328753
-16.438103
72.59957
99.73536
-10.713534
2.6142092
27.439623
103.47798
2.2506711
-45.981243
55.574398
-46.191406
20.80555
50.283485
-56.099827
-28.708986
63.766094
-38.17799
-26.409542
0.43367565
12.97794
34.0098
-7.8194532
22.831436
-52.008327
-12.258058
-9.478294
-25.582666
-18.975449
-4.8790727
7.909324
31.94252
-43.225765
-65.05264
57.603893
-25.876297
-22.096674
-18.779104
84.16012
71.44575
30.230274
-36.71545
58.72399
84.75299
-7.9414496
-2.347606
57.286522
-5.3294497
24.4165
-59.212967
65.03771
36.287933
-6.010631
22.26939
29.914186
-18.67003
-87.940254
-50.764923
44.326164
-28.35803
73.08983
-41.554787
-14.642239
6.937358
37.638752
110.35397
-57.156376
28.960323
106.08495
1.0089375
123.741776
18.109987
-4.9581122
-48.135994
-19.74266
-80.39116
3.4323409
61.605946
-88.56704
-46.438915
39.293648
85.27696
-38.77794
-84.7776
-21.720469
-91.91271
12.31821
-3.3554628
-14.716278
-158.93433
-58.413097
-111.971214
-20.540976
-122.60634
-29.94985
-131.81819
-3.6726353
-38.859085
-1.0785236
-67.759926
-2.4932642
-0.33077872
-22.680555
26.622723
92.37404
-73.92111
-18.752798
7.706041
-37.112446
-46.747677
-25.949602
-6.4463787
29.604967
-1.2025533
52.066017
-139.91785
-65.066154
26.295364
11.018577
-35.017708
-38.57996
9.886216
-7.534723
-56.050667
-21.954372
-90.27007
46.27307
-19.692905
54.38536
-84.84549
40.35384
36.475258
40.139896
-13.445735
-132.404
9.89572
-40.934986
-89.01547
11.329229
-32.882637
69.803986
-16.815002
-79.87053
60.713978
50.28248
-98.213165
31.995071
41.327938
-23.741962
-134.62437
-40.480076
106.70378
15.8874445
25.907381
-15.083916
58.989605
-36.488
-9.206126
-26.610865
84.95103
0.27579224
-50.827698
-22.14439
-111.79204
109.07495
23.609316
-11.698408
-33.289337
-56.75503
-28.30629
-57.909496
-56.181477
16.613243
25.458162
-38.30308
29.802446
-98.18483
77.49852
27.766436
-44.792076
103.89914
-15.159086
84.47951
-58.765293
21.260834
-42.036972
24.31404
0.7414322
24.428844
-17.91389
14.781255
42.796734
44.877026
7.1378865
39.498608
46.546062
41.2958
8.101138
12.048531
32.59151
-5.176777
17.094719
-5.4869633
-36.02231
-54.531227
3.7262359
-65.30052
-41.865868
-75.97236
38.6533
-2.3571677
-81.56338
-61.175186
-56.02512
67.20767
20.978884
-23.136354
22.80449
-29.16259
-13.808199
9.795869
-0.1202129
-5.959886
-108.39872
-33.082447
-36.61421
26.202948
-10.399533
109.1957
9.62079
76.35423
-21.055418
22.412622
-32.659237
-1.0770819
44.967518
19.425734
63.70398
92.224365
-0.70534265
-63.26916
-84.35736
27.389997
-31.03437
38.588184
124.032486
49.540443
-30.837357
97.970055
7.047035
14.678327
28.33676
36.569504
47.680206
13.86222
13.598298
-42.854923
-76.3574
40.32696
74.34067
26.740692
70.88875
60.420628
20.854952
-27.245478
-59.500576
-23.66706
63.463074
-19.602257
72.27869
-15.836175
99.85219
-17.66944
76.30209
25.14227
46.787086
2.1338737
-17.913153
58.752308
-55.432755
-110.578735
75.791145
73.12354
-83.91991
25.486261
15.947089
43.254005
-66.7587
43.901638
-40.082306
-13.889118
13.291626
-11.916166
2.3592262
70.26591
74.90673
-0.8282297
49.800083
16.86728
-18.271856
37.368305
-62.117767
-49.16263
44.71147
0.7917187
-37.22603
42.005028
-16.901844
-40.57275
-83.76244
-88.57199
-143.5043
50.080734
-156.09384
8.571888
-29.27221
40.58596
10.480235
-42.00138
-68.36524
78.69144
18.436102
58.999035
-64.83051
29.503736
-30.293037
144.21878
115.59934
-65.46832
3.784237
-52.009964
-93.74772
9.319692
-25.70933
-98.812164
-146.61215
-34.08539
-6.7686596
20.645529
-27.419628
117.25167
31.15793
-74.20247
-44.442757
-85.085365
-25.157196
-20.644829
-22.531511
-118.61697
83.91493
-174.00912
-36.65655
77.397766
-102.80084
64.09345
-5.3647532
108.737946
13.7545
-21.356762
-10.638991
22.398506
84.44605
88.621666
-18.605272
-63.744072
-5.039359
-34.333424
110.332375
-29.522
33.113567
-16.073805
-35.835716
85.69882
33.133266
43.96328
-10.908512
42.07675
3.6143572
-41.53513
-48.12923
20.365938
16.390726
103.36737
-114.95907
71.39177
-1.1418457
32.29458
174.24818
-14.3759575
3.9106374
54.391876
-62.299843
103.13393
26.189648
28.009033
33.456238
74.93651
45.169754
105.7333
-32.06616
39.575703
-45.29338
-26.728271
-89.869026
-10.922073
20.99632
36.081867
-19.266186
-7.3895555
5.067912
3.8987434
-76.78163
-13.947248
56.552273
112.29382
30.560732
55.45812
50.729477
2.724148
21.828901
-80.81545
90.08893
-37.12876
8.68411
-13.391064
79.578766
27.851078
-57.79869
6.386565
100.226395
-78.93501
88.07995
62.86344
-9.741207
30.588036
70.37065
-33.972748
-4.6211944
-20.634556
-61.498177
107.401794
10.1700945
-93.12548
-109.221565
67.02693
76.57109
76.44472
44.326694
-28.136124
21.414013
68.055664
-65.445854
19.24429
4.8819036
27.216423
21.0251
0.24133372
-22.848963
99.11665
-11.473185
1.3549898
-67.93255
4.970521
101.23646
-15.918567
-93.36498
5.0913515
-15.538395
-14.696022
-16.185596
-51.55361
-69.17937
119.89837
-44.819862
45.834213
-135.4019
-12.963053
13.069273
35.518856
-96.27482
79.44655
26.450132
80.53201
46.016205
27.185907
-102.84533
21.10871
-92.12403
-91.20337
-49.339977
-12.217308
-30.7377
-4.2075224
23.083471
-70.11401
-6.732935
38.564312
20.286755
-169.18575
-27.363682
-29.415602
27.56337
64.34988
41.620014
13.737967
-77.67333
32.811314
6.349503
-34.036118
45.10207
-78.31015
-8.872574
7.555302
-83.50217
74.49194
-78.73113
93.389534
-31.449404
26.227531
14.447443
1.6041836
43.46468
61.969
-47.282204
5.862717
-55.116467
116.74176
-26.144285
-78.26008
19.087072
1.7379789
-27.577824
-64.84602
36.130898
-49.498737
-15.453578
-4.594305
70.70837
107.22233
16.46172
24.752111
1.794353
53.10012
-58.581417
1.9704819
-44.229374
83.368805
69.60244
-0.95583916
-65.46857
56.774395
12.78286
44.082737
38.89211
109.040184
19.233313
-55.016914
-66.14751
-8.440764
-100.17111
30.306147
-22.809814
43.192654
111.68159
-51.379307
-16.985167
14.661376
46.08258
18.785107
-1.9353628
-21.644543
45.69796
160.69879
-57.67842
-3.0615394
-22.146887
88.54117
61.304058
-13.364947
9.805062
-44.373035
-5.0254254
17.297283
-17.501163
-18.501484
54.263367
-25.834803
-7.1431255
-21.914316
-42.161175
7.307177
-2.8105278
63.30712
18.5826
2.5402374
8.69434
86.82803
-29.820866
4.447822
56.524235
-68.16059
44.373688
-1.3492873
-39.83784
23.124836
29.52726
12.977745
-71.59073
-39.603233
-86.249176
15.996864
-26.34381
-39.058346
-0.09158182
15.667465
56.845894
58.5401
-30.132757
-89.83967
52.73691
2.598332
87.7627
-175.38474
-6.406587
-42.90045
-85.463
-41.617256
-22.811016
102.135506
-1.2121009
12.557164
-44.513294
-45.83067
50.933125
16.461021
-13.74812
-100.400826
19.947266
-71.86769
79.45826
41.14767
-51.074863
-33.183167
23.69582
-69.53805
4.2822576
49.16968
36.35451
38.75711
30.831268
29.161638
80.4162
80.75526
3.6470265
89.89549
-57.258774
56.758724
-16.21642
89.93256
-26.562487
96.603096
-79.14252
24.23567
-39.755074
3.261166
-90.63264
9.938898
-121.81181
85.584694
59.230015
-141.64563
-4.6127996
69.38086
-67.42535
-24.919764
23.931465
11.831805
56.350502
31.081491
-12.292811
49.384357
-13.973978
112.632965
-0.3607708
-6.4864345
36.14934
88.78798
31.977827
-25.46688
-52.925095
0.8570314
-34.89391
-75.34542
-10.0518055
-31.439823
34.86118
-22.713482
-0.5011848
44.908367
41.146606
5.779375
-43.420734
32.745903
2.0498927
26.5774
-18.884542
29.400637
15.129702
-46.280815
-19.313437
8.716802
5.386209
-75.057724
-69.79287
-30.353506
-83.87484
57.73519
37.674816
32.07413
-61.649353
71.75228
5.783667
17.631601
-0.36091915
-78.82341
24.804161
-74.3892
1.335269
68.43625
17.27137
-57.83929
-1.7501867
1.9618957
-89.20656
28.72331
-39.175724
10.827537
-74.1433
-0.023279935
94.261826
-67.208885
-52.72888
92.81398
-29.335339
-75.488754
38.093258
-38.785015
-0.39323664
-98.61777
-44.793648
-33.7257
74.6988
91.07901
132.98087
46.141018
47.207035
130.28526
101.00064
11.620019
-59.67361
27.252474
-44.07418
-36.623405
-174.85986
-40.849293
-96.59979
-69.14103
11.557253
-3.191091
-46.044224
63.12245
-79.860146
-1.3663185
-21.513592
-4.4463453
-89.68891
-64.104805
56.356236
-45.752132
-27.304695
34.771427
48.55541
-16.294117
72.66128
50.206444
-12.392872
-59.653667
23.575674
47.610065
-78.55864
85.9303
33.012737
32.336575
-24.326784
-37.24465
3.4112654
-150.63107
-4.3815484
-28.303698
-26.377708
34.064774
-27.543005
-8.1037035
20.147905
26.959482
13.478916
-39.84268
111.063385
-12.625295
34.658146
-56.724678
31.134968
-80.66985
-33.211643
17.290316
18.443527
16.856844
-60.44625
-46.159348
28.534044
-50.565376
65.91905
-128.71162
-22.670624
-60.257797
-20.269577
-14.930571
-79.76119
-66.014244
57.144085
-4.5614014
-58.90802
-109.45817
1.0432116
-63.010376
-138.62228
-45.469357
-24.22783
-51.228966
6.4806504
-83.0259
-13.884428
-67.85207
-15.85786
37.741665
-22.039202
-56.024685
-13.005841
-17.121416
163.34718
43.473118
28.627573
29.083935
27.83927
-9.809629
-15.654403
28.552174
-69.157326
36.919037
27.874865
-4.3775854
45.938324
183.69127
62.1471
171.88806
-36.2097
30.351244
-101.9458
-18.512959
-0.7531019
-79.45311
-12.319857
-0.89517653
10.182034
105.54057
-1.0053461
100.05786
-9.771567
55.309536
-92.09849
65.42754
112.10078
40.48372
-89.254364
-67.66384
-46.331665
4.4815183
87.22536
3.406735
48.863335
-32.285965
-22.643915
45.24795
-28.438501
15.527522
32.22735
-48.492065
115.856064
27.53371
59.730076
113.41043
4.9579544
-30.615429
61.85647
-10.746582
31.464895
-68.423454
16.596773
-82.94447
79.49791
-62.74443
6.228593
24.917696
84.89249
-29.291555
9.067597
-108.47939
-24.991255
-39.138634
-44.37994
24.621254
-36.318897
-71.642365
-3.7223501
85.308685
-35.80922
29.631594
-14.684381
-29.663397
-30.394386
-85.108284
56.334263
58.93437
5.882322
-25.421524
-100.639824
-8.745602
56.07955
32.21534
-100.01122
-52.774075
-22.289154
80.366486
42.745827
14.52753
37.705173
0.0856688
74.32695
10.332861
-88.34688
-65.56466
33.21674
-11.637148
-73.15358
67.119606
102.33068
19.820211
-50.28357
53.8589
-34.8007
83.415596
3.0551205
-7.0163183
14.80717
85.931435
35.27042
40.04893
-37.34892
-92.79268
25.3344
46.030243
147.97751
9.237762
-45.46705
10.779786
49.79906
29.980598
-86.94043
-26.10152
-29.961994
24.701197
-2.1574268
-74.600075
6.3758492
25.504251
-35.101925
-27.319324
85.62101
-63.427715
-7.705634
-10.81052
-96.47778
29.494204
51.85225
-16.498693
-35.68381
-48.877853
39.780888
37.875797
127.161674
47.566925
111.46619
1.0786315
0.8635527
-3.5518064
-58.304565
70.95902
147.93831
26.979563
76.143234
97.33311
-11.800213
4.7988253
58.110336
1.7563125
148.59773
-122.07907
56.633366
-73.68837
30.660004
-29.700495
42.965664
-91.113266
-39.158012
42.78199
73.556656
-140.4487
-22.057686
67.13346
-45.07761
20.396112
-83.81774
-78.16051
-73.26981
-50.17982
-6.5173087
22.446518
-44.149677
65.32255
25.262428
-9.892716
-20.249542
66.73068
-76.82097
-7.3520217
-44.817932
144.32944
35.651974
83.03862
19.281916
170.28734
-53.962887
44.20228
10.009735
33.697765
80.75933
-35.48811
74.3512
78.90725
-43.920574
-53.1093
41.437187
14.666585
142.74626
53.69077
56.382366
-1.7275895
-67.7787
-9.051831
58.029934
63.584885
68.04855
-79.55238
40.76237
16.905497
21.789694
-26.809917
47.84388
36.370346
31.791428
-23.816534
82.85068
-26.459349
86.69993
116.22519
69.56293
-32.369427
97.55063
12.799757
86.803535
2.9217176
-33.628418
9.535073
28.936718
48.520493
-38.566116
20.835749
11.469665
-30.64369
21.010506
-13.242793
-9.262518
-9.582863
-40.244698
-15.300645
-32.971252
-63.60663
49.823135
36.888725
33.435627
2.5422146
-55.024895
13.253496
8.092427
59.10505
7.879358
89.2399
-18.58436
86.55998
-13.152901
-34.310432
-9.902996
66.6626
132.439
35.339962
-32.78858
-2.310248
-82.23554
35.025497
7.261401
11.353859
-15.700159
-31.590466
-29.158014
-5.3521385
50.713295
89.19555
64.41003
-66.47447
36.06893
-4.0128236
2.3851507
-44.92074
-24.77309
54.907917
27.14852
-38.689312
-65.993004
1.777001
-151.30405
-47.214897
133.83278
12.901647
-7.164271
45.3948
-2.6393876
28.330994
-9.093492
-2.644435
-72.10638
-15.729486
149.00357
-33.401337
-23.992207
7.6064034
-31.968773
-13.584994
56.88833
16.658394
4.0993104
-112.348045
-2.8878434
-47.920166
32.56366
32.44211
48.62325
-72.361115
15.003077
23.454435
29.37585
-4.0437617
-5.446743
-22.296583
-18.705666
-54.443047
102.008575
29.746172
36.50755
85.634926
19.814575
-18.964882
-95.86407
-11.000864
-61.484417
-18.45195
-107.83065
72.441376
26.751581
50.011787
86.23109
43.885685
-83.00625
-31.17719
-29.665504
41.02992
-18.22897
5.3708467
-10.83832
9.177119
-28.902266
130.41191
13.782631
10.672063
-59.30815
56.768307
-47.100216
-5.2059703
16.83201
-11.937566
7.2361546
8.957944
4.0744886
-31.987484
33.4596
-44.223736
-58.16083
10.820166
17.451538
42.49685
2.354031
15.347917
-32.878998
50.31869
50.9638
-15.133047
-7.987008
-10.62571
-1.3173147
70.67859
-25.602102
-24.35123
16.744205
-47.95613
-37.696095
17.858152
27.31945
-79.65404
-57.618656
55.799385
34.112392
53.37339
2.7694597
34.09688
-47.205406
-16.244005
-29.054588
42.617
42.50025
-22.4714
-37.09606
13.799641
6.3103905
-76.61776
-39.091072
38.352577
-68.20126
-101.44646
1.8271902
20.722193
99.95159
27.170837
43.872513
-42.729652
-67.70648
-9.83283
-19.563017
-9.739281
11.770899
-102.262794
-16.668688
84.57557
48.00665
29.238138
-84.068054
-18.246616
-8.274715
20.10691
-124.09362
3.5372772
-17.015018
40.509674
-63.58839
-10.67077
3.3148928
-110.84669
57.891136
-31.781765
5.863435
-62.195435
34.14562
-6.8970327
-5.4722075
83.3203
76.627785
2.2383456
12.6937475
68.0922
99.16412
3.097594
-36.942722
80.84598
-84.814926
10.146056
-52.3705
-51.536488
-169.11238
-23.235352
-33.686096
17.055304
-26.304396
-7.3020444
25.136856
61.17127
8.463411
13.017011
72.03694
0.13014752
19.98181
-40.573322
49.757282
-73.87939
-10.815853
-7.1801763
23.853807
6.94342
17.149601
-6.4981437
-34.561752
13.263343
-104.54661
-26.704409
12.725698
11.776737
-59.78414
5.455605
-79.86163
45.111973
-64.27902
17.660183
-12.273313
-39.2105
11.240663
-15.565452
15.60336
74.73808
73.3943
31.025589
-39.431656
-12.169403
-82.31267
49.09968
86.76113
66.22319
-107.63389
32.38452
-88.70436
-52.335068
84.32865
-51.20979
-86.2899
-41.870632
17.909708
-3.1864276
10.555876
47.758156
-93.39123
11.018196
81.06535
-18.585472
-54.97033
-48.83446
124.6029
65.279884
33.132015
75.19034
36.883488
37.67797
-30.814198
-111.00328
20.075481
71.38744
117.63692
32.76507
-7.454729
85.10499
19.504158
60.413948
-88.578064
-101.16093
103.41802
-8.206367
24.603249
9.259348
67.89018
16.031586
67.936356
-39.55434
-108.936516
20.064337
-1.4113579
12.316403
38.83089
83.757675
40.114674
-32.675594
14.381686
7.955362
-45.784225
-19.010675
-104.430336
-112.97656
41.149723
31.073164
26.08547
13.516487
-106.385155
26.591963
-69.01408
-20.457434
58.859226
36.39104
-15.721498
18.052555
-78.16532
44.903877
47.762207
33.357063
48.30277
-46.457848
-34.487038
56.67182
-67.17034
38.626305
-74.60388
58.301804
-40.729904
-28.224125
-38.02334
4.061923
56.286396
-8.976118
-2.305995
1.3190949
-3.8762503
62.768707
45.3064
-3.662171
-36.050026
-46.812935
-11.143139
38.437878
-34.568275
-85.98606
-69.01008
-8.803742
-106.337814
-39.549713
6.3729606
-30.403265
-8.249718
-29.607727
77.1975
11.705884
63.83678
-32.22531
35.173378
68.1499
-28.388338
13.732834
73.101555
24.672222
5.436063
126.034004
-7.534096
-51.89683
68.475815
-44.493694
22.495749
-12.660459
32.7563
85.71965
-20.333559
69.03324
23.437653
0.6797571
-28.89746
3.5598505
25.238987
-62.766983
16.073383
25.952425
108.134895
59.133076
-38.419716
-0.5899093
86.31059
13.838716
35.836967
-6.3448143
8.031816
-42.74697
-67.027
17.807661
-2.954529
41.33406
-12.7216215
-94.73387
43.661045
32.35433
-71.563644
34.392242
-17.995296
3.834683
-12.936335
67.69839
17.910725
-8.853439
-81.53752
108.18557
39.05931
-52.316338
-75.93129
-18.44916
-20.542652
38.49332
43.195427
-27.828423
37.05336
14.319071
-5.2248826
15.190863
30.147333
-3.1189404
50.87574
-145.97098
49.421722
-51.69743
27.648975
-34.57488
59.09343
-63.12297
51.92021
-90.35925
62.174946
9.563728
-17.490013
-20.336023
24.852386
-34.479324
-105.03859
86.778114
-41.886616
-77.001915
33.96778
