-120.22258
7.4875402
-21.938278
-92.66884
15.146316
-12.99272
33.770725
43.666515
-75.41613
-137.03094
76.18996
-4.3992143
43.120243
-58.148384
184.32605
136.8155
-86.06889
-228.54996
123.15667
97.42007
143.18628
55.2558
16.282476
166.19713
-51.84195
190.17072
204.1452
13.026154
189.55533
-30.256985
128.92015
36.74042
71.65963
-35.142277
-287.2942
64.303055
-80.0536
-31.359106
-119.303566
77.19835
90.39408
106.87488
-32.30023
-11.827343
-141.39839
12.627225
-102.465775
83.22848
120.052734
169.42915
-11.522824
40.40283
-27.308609
360.4205
-13.919565
-120.39716
-126.526
-120.73457
-99.1393
22.419306
65.44464
-12.182507
-160.309
-43.648888
87.159035
-241.45952
-96.46289
139.64369
208.38373
88.4708
70.44818
-15.981609
71.15939
-82.64748
88.66369
52.38084
-18.845474
79.04707
128.92279
-96.00504
-59.3734
-16.976809
-8.695228
66.26345
-183.54002
216.85083
-165.90723
44.39297
135.5503
-91.252014
10.145172
-31.72651
198.0125
-53.50715
1.2135072
-12.582958
-27.868378
8.310821
-56.40356
-179.70326
83.4171
59.52453
-109.82422
-49.644474
13.689641
-66.069756
-100.96554
-22.500946
-45.50222
-131.85704
-128.86684
-4.199658
12.6771145
-31.100927
42.26108
-190.57112
-97.96162
0.42088842
94.49891
5.0885363
21.0831
155.59859
27.532543
-17.283037
-50.783184
-178.0757
190.1834
62.74711
-31.954609
-167.91353
14.218034
1.6292086
133.52313
144.32208
-25.721613
-24.520689
107.067474
12.565984
-52.107166
-60.36774
74.46977
20.918022
13.897491
-65.95427
41.20394
-12.686428
-123.06074
-14.5093355
146.9632
35.66664
15.280118
31.06337
-25.757994
-56.698406
-283.80585
34.36918
12.31935
85.6258
40.73193
-100.16645
13.974538
-60.210907
-101.75465
-239.49539
196.18028
-79.76689
129.4194
-107.66281
85.39077
-205.2439
-62.443108
-51.55498
157.16518
81.15917
-115.66647
91.2168
-47.980125
-11.337103
74.77955
123.49558
45.321407
-23.344
-51.76242
82.835014
-4.3349915
26.69073
-84.02011
-187.84482
-130.15623
292.41553
-148.78079
214.75989
94.89874
-152.16583
-200.5863
-72.03049
-151.88785
-73.41981
-122.649185
-167.5306
88.19343
-9.716005
-120.37622
-139.72134
26.65311
-64.046394
4.9968257
21.588799
-139.73083
125.531525
-37.224228
-118.097404
-202.36453
36.668297
109.94515
-211.5138
-180.16365
19.435747
95.581665
81.01733
-133.36777
114.18657
-77.28034
37.932404
25.250555
4.5196238
70.52253
72.115
-26.15373
-74.3413
-58.804035
60.50787
69.46553
-46.59333
-163.90671
176.61989
-28.727839
-15.757726
-119.728676
-81.709946
35.622833
-112.68847
-25.96548
-61.520706
71.377785
137.45232
103.246185
65.178696
-74.86711
-68.4952
-44.775925
-161.26143
-59.698864
-16.892763
-147.34602
113.46769
13.251705
-153.92694
236.28825
-125.96047
-25.424751
-46.8244
19.138447
-96.34424
-182.11945
-9.525173
58.612232
-92.43189
129.081
168.37332
-108.98129
-66.11108
-33.340603
101.67228
48.547943
6.0202284
-21.446495
-27.168077
53.6285
112.74606
-35.73158
-31.225725
-25.44164
83.26756
-35.699486
156.14676
-29.66989
69.82346
-58.79671
108.017075
-244.15198
-51.91601
256.90228
-238.87358
-93.192665
-0.032405615
168.09535
29.081774
28.948812
3.7209005
33.194763
-163.07335
267.21262
58.462925
-45.816624
-164.85759
-135.25435
-11.866184
14.215271
-56.184795
-156.65137
13.79227
-72.54166
-158.70789
72.023285
66.61872
-22.409397
33.922016
-103.51549
63.357628
-87.49291
-19.831251
-8.454721
53.74205
112.034164
-93.49352
19.868681
178.1853
11.092575
181.6207
-179.27895
51.658543
29.108706
-3.2881122
65.20925
32.979332
-40.795662
-53.093445
-189.11
-0.71591175
94.00009
36.093452
10.037043
19.117086
-154.62498
51.98083
104.68869
80.427826
196.09464
-151.20107
9.3276415
150.45602
-85.314674
-232.79156
-31.96173
-14.435142
42.39793
60.010265
79.16972
65.46942
56.589924
212.14651
204.02872
65.32585
-225.31491
-11.253147
-142.2895
281.4603
-7.889381
148.26384
-87.46056
85.79293
-93.187996
48.912632
39.014885
-44.186466
-231.43617
55.06043
-166.61565
-53.82463
24.17591
-209.88783
26.591139
43.98516
23.052702
-239.81664
15.740198
-52.10643
-28.380117
-69.38377
11.903086
-3.4229593
15.180376
154.23128
5.9160905
178.51204
-25.49989
82.7298
-143.0398
143.1896
9.113971
177.14218
-15.725434
17.842958
217.35916
56.743694
73.040886
122.26815
48.77332
-59.76924
73.26126
24.022724
76.69734
56.20354
27.514017
-161.1994
60.37742
3.4301891
-28.78885
-16.648998
14.602678
-197.02501
-13.801983
158.16675
101.17886
103.70734
69.70819
-48.152805
146.46263
-331.91806
151.2789
17.47474
-122.46247
50.689854
-16.57688
217.48454
-115.01764
-155.78047
108.53019
-112.48217
-13.168763
-63.504173
53.069565
-38.847195
-141.69019
-85.61039
64.075165
-2.475073
-82.32993
68.808014
-58.963997
-73.49672
-128.8374
-242.95795
-65.03866
-28.79603
-21.168333
2.4796739
-86.23995
-162.39636
-14.185803
173.06728
80.42176
144.79045
-50.19731
252.6744
-103.465836
13.551385
-48.714302
75.35362
-42.703472
230.82948
-74.17916
-46.958344
179.4729
144.74007
39.193417
-265.43268
-131.36855
-34.219925
-94.5335
26.240847
-119.18109
66.3303
-71.88719
45.760067
34.945522
-95.90015
-7.360899
134.12924
-81.6555
124.91254
46.36087
76.20759
-115.90485
-61.99155
55.1379
162.25879
35.520504
8.863809
-253.339
-127.58772
-14.0074625
56.412254
47.65881
11.288616
-98.75856
61.269276
-3.6379876
219.7736
-2.547035
-30.149885
-38.37009
211.29132
168.92538
161.39177
-34.47693
138.17683
-78.739586
2.5655494
-81.16918
197.24753
135.54552
47.35094
-29.79762
-20.131565
12.119948
67.62438
140.53053
15.30804
-203.86894
97.7442
39.62447
21.25274
-254.50684
11.194618
68.31143
-310.88254
149.88013
-43.985508
191.33089
-248.99033
-279.00778
-80.42965
-16.77453
136.62941
131.0805
82.65374
-50.497623
138.59068
-20.025345
70.1621
-115.65349
-198.28888
45.769054
-115.690315
-26.704107
-62.871563
-71.42076
120.9042
111.167564
109.87913
-133.30664
-173.91731
50.895096
28.169939
1.9347506
-57.792847
-189.87604
117.788704
34.16104
61.175804
267.67975
165.79228
-94.17489
18.23702
-59.25105
59.031532
17.022913
-198.26422
-120.73183
90.10471
70.16289
99.61379
347.68433
-31.458424
86.706055
-69.41675
-284.1613
-35.87248
123.17216
-15.463914
-119.31667
-115.761284
-122.92699
84.678856
93.92945
-233.79865
173.92363
-51.48628
-60.093334
26.467709
4.08594
3.618379
84.64156
118.399506
-66.27585
-153.85612
-122.207214
-132.82355
272.6902
25.003365
-119.94545
65.85351
-23.610767
-47.883213
-16.057903
24.764498
49.68851
-4.52094
290.8283
-31.078592
182.97073
284.1924
251.07986
-56.858894
69.78573
-5.319561
142.99995
-123.24982
-33.726803
65.325005
84.484085
-242.62302
-26.780102
186.79028
75.91665
69.720695
-135.86624
63.900444
39.887737
-160.3675
-143.10425
-175.08131
-81.00971
305.65552
5.2237353
-49.655968
40.235302
27.562742
176.58226
-19.501549
-34.32648
5.5946436
-26.721064
96.81184
102.660736
14.383587
280.45618
41.320507
21.40901
-149.62169
178.16264
30.88028
-227.69788
33.834038
111.63843
50.74702
70.55713
-59.455364
40.37261
14.781578
9.856831
-51.35086
-64.6323
73.029686
89.14681
64.8
97.13441
-139.79794
-39.95342
90.62105
-121.38712
44.633392
35.350792
7.4224963
26.982622
-53.701004
-34.78217
-119.515686
-220.1767
30.758615
-31.337574
-62.179512
212.74094
-13.858719
90.371826
123.14694
-101.196
-167.2322
-6.664942
-59.88805
10.71551
-14.140176
2.318018
15.460627
42.2846
108.58512
23.314968
28.089676
-32.955227
69.16402
-241.45789
-57.08819
84.04566
-48.333546
160.00684
83.32937
113.26476
158.88208
80.80833
-21.652203
-302.49194
-82.09203
-13.478596
-194.44798
-89.5651
52.801453
26.450722
148.76302
-225.85716
27.57774
-174.22794
107.47586
-133.90892
159.42587
21.373796
-44.900333
-264.00693
31.975554
-25.26073
14.125337
15.458577
-61.784626
-17.820623
-80.114494
-38.159325
-93.97555
-68.46141
67.52814
50.704468
-32.911934
118.31499
-6.6486692
27.103704
158.2735
-10.973214
51.554813
-95.405914
20.738485
-18.70179
-264.6519
-104.154594
13.550814
101.17167
-222.89693
261.1142
-68.0208
-63.253124
206.78514
-134.2082
-132.77284
-76.7507
223.99461
-137.20741
-131.13875
-53.858128
61.2464
-196.06108
97.27809
135.99673
-216.51538
-45.17292
220.16956
-71.67651
-61.487213
-0.6028243
-17.815071
-291.65445
25.73974
149.91753
86.0031
-9.868372
-138.67331
252.9146
-125.51502
14.046804
1.813555
-108.134224
92.21618
-208.74316
32.66754
-102.901566
-176.25012
91.17554
71.0374
-105.03887
-157.03691
-252.32405
-30.901442
-151.19142
-44.502308
-124.570015
46.63532
-91.8676
-30.718678
-3.7016695
32.282646
-71.31599
-26.057266
-87.93224
-172.8076
-116.77083
-71.82174
-148.51187
80.79202
112.308395
-76.57654
-163.27765
-60.11686
-40.041763
34.245266
-50.629898
144.83057
-60.785084
179.73645
-74.26388
-2.228089
-2.3249006
12.451579
-19.672726
-2.3226762
-167.35
-115.02192
72.182625
-177.012
142.66425
-68.18604
-146.53392
117.35007
-7.5381923
-17.789976
-62.857307
-97.168625
56.05649
81.38334
11.305435
-90.44189
48.377853
134.96307
5.1190615
-75.97845
89.248795
22.139997
80.08662
-17.82149
41.98573
-97.783104
-97.07957
126.20373
-14.651205
177.09744
-11.710125
-27.662098
130.20761
7.936791
43.110004
-132.22893
-75.34307
12.791931
92.247826
157.0591
-27.369675
-80.67818
-106.63734
-56.081196
32.271267
53.055187
-33.334583
0.8764303
-120.0126
-209.22523
7.8540797
-162.49998
98.74206
49.921696
-39.034832
0.7564521
36.732582
74.025986
-18.7393
136.44069
86.13501
96.407684
76.94354
162.62143
-5.479101
-4.456337
-105.49519
102.674446
-125.89597
-125.60568
181.52757
-97.31606
-80.32296
-114.355644
-59.646214
48.946327
-136.99931
-196.71907
-82.56475
111.98238
-128.90681
13.657544
9.764047
-138.74669
37.851982
-207.93823
48.80659
-121.22979
-25.106207
-89.494965
-163.86713
214.25307
22.524185
65.62618
-91.1451
195.29637
84.88977
108.37927
-15.257021
46.275646
-209.36308
-73.27481
61.59839
-86.81427
-177.16756
143.2694
-188.19124
6.7932324
139.53314
8.442357
-9.462926
-50.03659
-51.676876
83.26911
-51.516125
55.60554
-235.70468
64.1655
-8.11015
-97.07779
-35.916054
-36.532413
60.475452
43.879406
107.18075
68.493744
137.13118
-142.52763
61.331898
-210.18268
87.91477
-25.49272
-67.46951
121.26017
-127.89363
-1.8343103
-6.4401145
-67.45133
64.05876
306.031
-135.02365
-28.228848
14.876358
-65.76328
-31.951435
-57.77568
58.67417
72.4227
10.743772
-197.13426
-47.14712
50.674973
76.79123
0.0022166967
157.17711
-96.080666
-78.697174
210.26698
25.68132
-28.458683
58.971977
-112.508446
-49.123768
-264.34265
103.55275
-155.3485
41.07901
-190.96806
-89.54105
-58.364067
54.32741
154.43465
95.14656
153.53911
48.3298
-25.011652
-50.64168
-278.2672
37.607178
173.3263
-57.152496
95.11323
-162.95924
-164.22484
91.66317
-493.993
241.37537
34.936844
47.507263
-131.586
-97.56099
53.00762
-26.956347
-113.41371
-16.689636
-140.06255
24.721561
123.78968
-46.130474
174.48631
-91.016556
-56.082836
-63.064293
181.83096
-103.897705
57.83473
3.4627523
-37.538265
28.272234
-32.939384
56.365044
-135.4924
-21.775146
80.30259
-222.62312
-15.775518
71.47432
30.616428
202.12537
14.162012
170.89899
15.190238
-256.43036
-149.89665
-16.126495
214.29655
-64.69296
32.692245
-75.37477
-104.12776
-318.86133
-195.71045
175.3627
-166.05833
115.21119
-17.181995
158.74321
-41.841793
8.807391
43.172066
-38.88277
-22.851746
108.18784
49.020042
86.08017
153.86134
126.098145
-23.762735
76.93991
84.39956
58.29181
-239.51898
-127.33314
43.761272
212.15437
144.40558
-12.071569
-141.43275
15.558788
44.496475
31.001736
-127.66624
57.161022
13.833098
-161.58147
53.435207
176.98657
135.63211
-51.830547
59.663033
83.74832
93.805374
-172.42618
-69.69742
-73.80388
51.075684
-52.201176
5.787367
-195.47667
-72.76266
189.03816
-165.85048
-11.704281
39.892685
-16.746769
-97.421875
112.52671
41.713814
-293.29376
-8.919529
177.21611
90.625755
-69.267654
164.10588
260.2036
15.257637
17.720217
159.33023
-213.98294
114.15985
-121.72732
-166.3255
81.99437
-50.056767
65.47038
-100.675125
-173.70848
-6.616099
-106.9504
32.130756
-38.201263
21.617561
-31.667208
-198.4313
87.9678
-6.329896
-160.39157
-15.0813
49.013527
-173.76283
-176.44289
18.373917
-59.101017
231.1022
176.24092
158.76993
60.202072
-77.74969
-77.91765
-151.63681
-29.585318
-36.81707
240.20264
47.83409
-192.87823
35.36045
32.816868
-62.158333
131.08289
168.08252
-114.43692
21.879208
125.39489
62.286945
-33.304813
55.892326
94.51849
-89.116806
185.94012
151.15546
-92.86933
-267.08975
-21.487776
-42.679745
-39.004814
224.55412
-219.89682
4.5550747
19.23665
-53.235634
-15.323186
-51.049065
-79.72767
-308.2586
103.97077
-297.2084
28.221046
103.55588
-80.14153
96.3152
-10.579077
41.567436
-44.91757
27.675392
56.575603
111.69464
-94.60857
28.11631
216.44186
-13.36701
-132.69452
-29.155327
-56.026775
-187.44771
-96.8782
-21.140303
-30.952446
122.872925
-7.3990016
23.672897
9.947595
208.07521
165.48602
-52.5666
67.74311
78.931046
27.603956
181.79631
-180.84177
-5.9307065
40.491238
86.09717
-328.47375
-41.655445
140.5643
-192.36882
-243.28601
-66.82863
25.182629
-163.17159
-131.6497
-52.060963
92.6141
-45.90785
-181.32362
82.25664
252.5546
174.8096
17.064892
58.746082
-122.77821
265.96936
-49.039932
54.97349
-10.7458
229.3766
-66.62778
-84.2009
139.36305
8.435414
-54.647877
110.41418
-235.59503
146.2233
-16.155865
93.160194
40.53372
-0.24395245
140.51022
-57.191826
36.793373
25.447964
-26.909956
-36.96941
-261.48407
115.42345
-100.92419
164.39513
-62.90781
-41.8596
-108.309814
-138.01434
8.546443
17.673843
42.194183
36.125412
-39.37691
78.88254
42.031883
105.51687
-62.40981
123.58447
-108.62492
-159.23445
136.4235
0.57281876
52.57225
48.873936
-35.287003
-131.62207
115.98744
-207.25763
85.33395
-135.5301
-80.124374
-188.01015
-75.28615
-79.33671
-38.953186
-50.93101
-277.10226
-158.6247
-122.887924
70.28442
28.51962
-55.81782
43.35233
48.538067
180.72746
166.79729
-22.456207
-46.723385
66.40632
95.25302
132.45891
-65.96284
-131.72514
3.0294366
-71.64683
-64.433716
179.35135
-71.52554
-20.268488
156.17717
28.469406
103.87734
-41.34374
-83.207436
-2.3943717
114.75009
51.964287
193.40099
-29.717026
163.57274
-37.14511
32.48433
27.981083
-167.26003
45.220844
-16.873611
14.863924
-123.16867
-186.43488
-124.70595
51.798584
-22.451942
-65.30957
223.71733
37.077267
175.08049
205.60506
287.22006
-85.73023
71.64061
-54.467606
96.2112
-30.800829
-208.368
27.008497
35.34986
-80.85742
-46.334454
-97.82304
80.40131
-122.592865
-6.34613
-252.49677
8.826709
-127.9651
35.635468
-111.285706
76.2494
-72.28323
-86.52237
108.738594
-54.093044
-45.721
58.81247
-45.292686
68.75274
-99.06712
-220.10422
-100.37885
-105.02231
-20.359987
6.892777
61.707893
-5.6973457
94.18709
-97.7716
34.314194
-181.30829
-140.46556
120.58332
-25.819498
78.10503
100.17922
-34.574196
-140.67903
65.383385
-130.8247
-195.63731
-36.609917
172.94318
21.336288
-5.69221
-9.351377
316.13846
-19.878447
49.289993
-37.523445
-138.44429
-130.34431
24.836275
7.1669283
-8.876954
13.05773
-60.763195
-122.04682
-98.14336
-23.601849
-226.89505
-35.854958
-69.20784
-234.1535
-180.77173
-5.8841085
-8.126992
78.158936
22.588736
152.42894
-145.66809
-169.50937
12.628324
151.06007
-175.29428
-29.65151
-4.9259944
-26.868277
-6.0607944
-91.181725
194.40468
-6.60879
-177.83992
-40.050083
60.107544
-127.17633
-28.590996
-150.87935
-25.37886
34.38424
-117.83399
55.412907
-96.58474
181.51129
51.824394
144.03374
64.302795
-90.97324
100.283844
-79.435455
-76.264366
24.30996
-53.688194
135.7203
-43.915707
156.40588
172.86293
61.58957
-164.42004
53.35465
132.24031
-5.949161
-43.50227
-131.28395
79.1465
110.78327
-31.655354
22.608223
-85.44218
212.42303
8.089899
53.02317
-106.6933
-101.89467
54.741634
79.09956
-166.83542
52.550724
19.300127
131.42143
170.48929
113.961334
-64.030785
-102.453926
-79.0273
33.266056
-5.555815
248.17274
-106.08346
-106.54948
-11.530438
19.23921
-95.45891
39.898403
222.6169
-93.973145
156.30673
41.634094
67.73244
-188.44646
-144.89566
15.522081
-59.195183
214.20386
-67.63451
70.610794
-59.378014
21.482513
-85.9834
159.04639
103.12729
-145.00609
-134.8556
-113.61811
165.12401
8.463553
-6.81316
129.94655
77.007126
159.77016
20.671234
89.143326
-79.381966
80.02073
32.962677
-73.78955
-203.05945
-181.21422
12.732831
37.91924
143.50697
99.818634
-215.95538
74.211624
-101.4598
59.819153
81.96668
59.074993
240.28526
-27.724342
-45.916817
-45.621746
-80.148056
9.548711
143.7611
152.31056
15.584156
142.05064
-149.27847
146.40817
101.688286
40.71491
26.763994
6.056067
45.890495
14.174482
-92.24531
130.55807
213.90666
-100.62785
134.49107
-7.8289604
75.625755
-65.86064
167.9965
-52.171463
-157.26015
36.33889
8.76672
42.701782
-114.82965
166.02637
210.89418
-55.869324
142.92398
129.57617
-174.48865
99.548454
-123.810326
51.54859
37.855686
3.5181327
96.70343
-38.712723
139.50539
-166.36266
-73.87071
-28.353292
309.64478
-0.4683698
-158.34222
199.6399
-62.089043
32.200977
-36.401806
-78.2875
-206.52222
-211.79514
-100.269394
13.640837
-202.10727
1.3868849
-148.95071
-66.44349
-123.15801
120.48912
-30.694914
5.750476
72.88315
57.06767
106.7158
192.21793
-44.787666
150.45172
-142.67084
-21.190159
-48.545845
62.095345
-83.01307
-10.436093
-95.59553
-126.00637
-63.01444
-85.08648
22.100199
62.630173
-0.4702844
-55.685425
81.41042
-35.45313
-176.26851
-110.45036
-50.755047
161.58727
-114.138596
16.232904
-175.16457
6.8722267
65.90463
-48.60796
238.08095
-114.16416
88.64901
-11.224993
-12.385269
-96.1643
15.170689
44.00187
-98.7863
-294.3754
168.9377
7.8683786
-75.033165
9.356747
-115.67898
58.727432
-141.46355
87.10063
120.020874
-52.74937
69.24359
37.39914
149.0447
109.51014
-177.44368
108.20452
114.432625
73.310135
-36.032646
119.676895
68.57218
180.63066
-62.53235
128.5841
-210.58153
62.54206
-36.448425
-159.42224
-64.73044
128.84679
59.721527
-94.27438
131.72438
-155.36014
190.83455
-87.424095
122.65412
30.794092
-84.871895
28.054924
-40.06669
-62.348072
-169.5146
-5.7752175
219.8442
33.834156
-30.319948
32.028812
-26.908031
-32.084305
84.99909
170.34526
-104.094505
74.78542
-65.697876
50.321262
69.789604
76.09802
-63.082962
-74.18912
84.525085
6.388751
249.15622
-34.02272
140.62573
-14.282769
238.91945
-65.828514
-204.98264
42.427383
-228.50009
-45.470104
-100.56278
82.26322
19.705954
-255.13554
62.184574
-1.6701107
-83.09459
56.882057
-260.54626
37.916058
-65.66197
93.420876
-31.193613
38.04314
-131.23738
73.66899
-0.88372207
-50.31862
-113.1211
184.01755
-8.073135
206.14742
26.875538
65.0285
-46.96894
43.806297
121.04215
153.03642
68.6715
56.69588
260.67917
-140.01195
-57.86131
82.866035
-33.9305
34.072998
74.95935
-17.346704
-115.77677
-159.8893
34.59871
-36.623447
-182.06903
-1.9887018
180.68834
-79.29367
166.52243
148.2162
40.374023
-128.22093
48.053566
-132.98344
194.94295
-135.73296
29.651178
-85.348175
203.87682
-154.95306
221.92825
-25.3966
95.007454
-50.112133
12.735783
231.1525
-25.378967
-28.368744
146.73811
54.506004
13.917595
1.1943961
-93.159065
-111.77799
-218.28696
-203.26384
-153.31749
7.048971
-82.93144
-84.00912
18.637163
46.62325
-8.118681
-152.86533
-22.79139
102.603676
216.2544
129.00348
-294.05792
-51.930798
-52.576443
-22.010445
-37.823196
201.97108
-9.438004
6.4596357
-78.92941
70.201416
-196.27783
14.671326
-83.59028
125.41112
-44.264256
-173.62125
-116.22971
82.882576
-299.88577
11.798119
-64.86164
123.5581
-3.9554317
93.29261
-144.88293
215.25908
-39.850334
-8.683354
-193.68445
4.384041
-115.92589
77.31472
-36.059227
-177.52782
-379.53394
46.21273
-140.52716
-136.89264
13.877405
79.03013
262.97305
-122.38707
-21.43816
-53.938473
161.49333
50.3681
-98.64303
-225.66135
-49.74109
-20.35124
88.67631
21.486254
-72.21038
-51.2502
7.596964
151.19199
142.44023
25.726309
121.82416
5.0222983
124.008194
126.695114
107.56056
0.2743072
33.483196
28.131292
235.33253
-44.191296
13.008444
-154.23264
-26.26843
159.69423
-22.358978
164.77792
-40.19374
86.43594
-124.06632
-25.495003
-11.693474
10.288408
-34.09202
124.86696
-155.54797
143.1402
78.95604
233.47656
192.27896
49.330006
-5.494683
-34.135452
-58.691696
224.33125
72.06912
101.574135
43.32206
-35.216515
2.9869175
158.90253
-42.855236
133.59518
-127.384735
110.87382
-101.485725
-72.06854
148.03844
36.843952
71.305534
54.554966
92.624886
-112.47174
-344.09152
-175.58511
157.59183
-49.47926
87.33395
124.42463
4.470917
-122.06831
-174.70506
-94.3156
138.09885
-63.4881
-12.374931
-39.88768
140.11414
-0.65228856
-137.63226
-76.957375
76.88092
-49.015396
105.74745
-49.62444
-47.26429
-117.60519
183.11905
-27.39201
-1.1265115
-102.24365
-257.47562
73.609184
97.49806
-249.65639
-378.27377
-9.712521
-85.074425
294.40332
-113.2486
-81.12714
-43.644325
130.54991
24.572927
103.56704
53.15937
-77.10916
-39.75702
28.826067
37.29376
108.74501
-42.393734
0.18756747
-234.35223
-90.493515
127.70671
-252.58328
-140.91742
178.1764
46.902245
-50.349033
-98.78281
62.763336
-17.776741
32.57973
92.53915
-86.39607
-75.70552
-245.34886
-38.059044
6.745885
14.754196
146.27673
-139.69371
202.78293
85.75659
63.06362
22.948893
-125.18511
153.19052
-75.22398
-2.8698182
-42.626347
44.109413
-3.2998729
102.56625
-272.5952
-14.75365
36.287605
-137.57256
-280.1849
23.583736
-0.34794366
19.380308
121.19498
-138.37126
-23.030302
-161.09274
-24.771845
-65.70293
31.21646
-14.017767
-70.55458
38.8709
-14.000431
-165.15384
50.284416
-25.916542
228.55518
51.432396
206.65668
9.81275
-32.141174
113.555374
13.77458
-52.40601
-38.312996
-163.18607
226.98848
-8.063082
-177.49208
173.99202
107.93664
-36.10162
149.90283
-12.632624
-223.33926
-20.696522
141.96855
103.24146
249.84763
-24.9823
18.943052
-93.62307
80.71776
15.915675
155.68535
-120.093704
56.830833
-23.821585
14.311612
17.501488
65.71922
34.753536
24.35449
51.607662
62.484154
0.28030467
-206.83977
-170.76088
132.18758
-112.685486
-91.070656
49.58491
-73.853485
130.45572
-48.85077
153.43092
-119.852425
-26.54553
37.038036
-240.81577
-3.7894497
-5.610444
116.04992
30.871244
-61.51756
-116.10259
4.5797806
-144.11072
-75.25838
145.79283
-88.92283
117.37613
91.68169
-2.7802973
53.126225
-29.062967
-84.70511
131.43765
104.74758
-87.382866
48.533413
-40.479412
157.16765
-3.3864121
-36.341125
-57.271748
151.53049
24.3525
-48.680973
187.05714
-61.858032
12.710846
-14.3740015
-88.14276
90.67069
-241.73923
49.82913
-47.38842
155.4378
-218.09317
114.56054
52.068615
-128.67484
-13.424831
-46.820805
29.019087
-104.01892
-87.32982
-120.904045
57.781075
21.19016
269.52844
-113.56077
-14.485688
-175.44781
-58.927357
-114.312996
138.30666
177.47939
100.70846
146.84047
-75.03171
-159.52057
171.85025
98.41671
-26.669624
25.891024
-14.738701
-140.8623
54.762505
25.725084
3.03074
-220.57787
164.89108
-107.279945
-30.833727
52.32386
-50.77912
-105.96242
185.10014
221.16353
141.34413
76.301
82.38882
187.67346
-85.632576
47.442547
-71.56725
58.730366
24.114632
81.47692
-161.587
36.784462
-9.900003
-37.816288
-210.29607
33.811886
-78.59264
223.11806
33.43438
-86.22264
82.70951
329.87527
-136.85179
-92.6808
-27.691275
5.1297216
62.19015
25.575659
56.76901
69.89839
87.928406
-151.6716
72.947586
-49.300934
-90.35384
76.34936
53.2967
166.0753
63.461334
74.349594
-93.57165
-234.31963
-186.60121
167.6841
-67.65768
116.77099
-0.25180507
102.59574
203.52641
85.809944
3.3291264
60.983772
69.850876
-18.987648
108.19083
-49.73552
-28.031897
-96.26149
-143.38588
-140.32979
181.91771
50.796776
-165.13817
-54.32536
-96.94655
12.673872
10.461715
149.91034
-154.70793
189.70895
-43.018417
-86.70694
90.19184
-60.483807
151.01843
-173.32751
106.42981
132.67018
85.84288
34.158756
110.39515
63.460575
-179.48647
204.76321
188.2272
83.201706
-233.40111
67.46708
-173.53166
-93.02538
-31.3078
178.13992
-22.216959
-150.16762
14.916405
168.81116
58.12392
-65.261185
-62.21599
18.595842
128.41919
-27.790844
175.78033
134.57999
-121.46191
139.03252
-43.303474
4.4733043
-176.6354
118.414154
6.227822
-58.401226
-59.078568
62.673237
2.9372537
37.225834
126.00388
-111.92187
-99.27966
10.929286
-11.3502445
162.26315
-172.2191
-22.898306
-85.11577
-108.44959
47.886864
274.0785
-79.73274
154.83745
99.80097
-56.809494
189.14609
-93.11493
106.25825
-212.33713
-167.4493
-46.598305
-110.42693
218.22441
63.579937
129.2834
-113.94766
-1.1637573
-24.997519
-160.14131
-29.183939
-118.78632
-47.83407
166.31621
-275.25122
110.92899
11.665382
-36.234577
143.24239
-301.49042
43.985733
40.992416
45.7693
-36.411243
33.135983
120.48649
87.75785
61.62416
76.078896
16.119162
-145.09679
-102.40495
31.638163
168.28818
175.70602
-189.60919
-192.87814
-26.173449
105.144
-70.778656
-75.92543
-168.64087
165.51216
46.306286
66.56285
-247.90459
-106.47647
-169.6169
81.44846
-99.09337
-20.570963
163.5871
167.03242
-92.28427
-163.542
-12.3937
-98.181244
84.74895
-158.56834
-126.097046
64.475655
29.585526
249.18466
156.10435
-57.114254
10.975326
69.38526
71.54476
75.12516
-182.4655
-4.2823753
-0.4322142
80.099945
12.294329
24.764233
324.1819
123.26522
217.2177
-31.761253
-40.106205
-88.79242
147.78899
5.962251
-152.06903
67.79375
-14.51995
-10.993886
-82.375755
-84.74832
351.6546
51.868946
14.564432
61.984283
-22.208673
147.21231
247.48665
-202.1848
-123.61715
56.005146
161.78668
62.06238
-127.492096
59.09894
48.147026
3.9952903
98.48027
-29.78156
-47.09025
149.10536
40.01462
341.17172
1.6033188
5.2466555
225.90378
-113.47397
2.403522
270.95267
-86.08625
98.55862
3.243559
58.430706
125.80227
146.47073
-47.884373
-110.55229
105.22416
80.08943
3.68835
0.328241
-254.15738
315.52762
207.08322
-101.79164
-41.52302
-13.788646
-134.1707
11.81789
286.89743
-235.35455
73.62444
80.8572
-11.213392
-72.87324
65.57137
70.77158
58.97686
-36.102036
-114.80516
-106.056625
78.04131
26.015064
14.328984
-179.75403
-49.856762
-155.18535
75.36366
-23.495293
98.59739
38.53403
102.14772
30.621407
-5.09022
-86.5289
-8.286776
58.643368
-283.4981
-76.476395
62.069927
-43.134007
-72.39131
119.10895
139.38306
88.74757
89.42469
-57.79673
-107.846954
52.5299
-152.63925
-20.671326
-63.55043
27.279854
-169.09477
81.0124
-19.47288
29.260462
119.07198
38.3956
-44.358265
87.75556
167.42188
-90.23215
109.29582
-126.23376
97.30484
154.25334
-16.626045
-157.38936
-42.12012
30.795074
-73.47328
11.358343
-156.04787
-38.61206
-222.33232
-112.914894
-65.1993
139.01547
128.92912
29.795818
-40.24848
89.830444
-83.5337
114.484665
91.6745
-67.43677
142.5509
-91.88357
308.24963
-115.13157
-70.70291
186.3541
-210.10077
221.56654
161.98831
133.60239
67.7242
89.21998
-100.62597
158.80334
-105.70718
-96.6268
-140.50706
36.9819
-39.352398
-4.6093335
-129.3724
-23.783497
47.48215
32.00422
-136.2988
-50.964108
56.16113
-175.26904
-6.960583
-184.92157
13.539237
-56.643158
36.632626
55.964626
146.37506
-8.429751
150.54051
-55.183556
99.04927
-43.092373
70.25361
-99.9236
178.44423
-145.712
304.31012
60.32061
130.5939
116.49798
167.00516
1.6989577
76.99066
-65.09442
65.07153
94.64519
-166.47618
33.666107
59.976868
-33.68995
47.853386
150.15367
171.0268
119.282394
127.6551
70.10686
104.72571
-119.94091
175.15121
-15.244314
-4.809253
-5.3486505
39.551826
15.372819
130.39748
-54.77435
-263.3149
198.65878
82.931465
168.47032
52.319866
118.79173
25.558424
197.7313
117.68858
154.33943
-112.896454
178.21115
-52.788555
196.67577
68.74803
-139.64429
-40.09992
20.766953
88.78415
-40.17698
-99.470825
95.93938
11.384625
152.36504
99.65253
-47.047962
-4.4450827
-145.4027
-221.5437
-153.89783
-119.540924
154.39767
33.937325
99.466446
49.23657
3.7282758
56.028526
122.212654
-65.52754
-95.644035
50.26067
37.279804
-87.33127
-104.93572
-143.00006
-54.677544
-11.762691
83.91318
-65.295166
98.17379
-7.3610077
14.991762
-67.40757
164.51532
-79.547104
-37.535713
-64.06888
10.865502
205.12097
91.643105
281.06085
152.86536
-195.9375
-35.607597
134.23694
-125.35788
-25.849827
47.96226
35.462864
89.094086
-21.57255
-23.54271
101.505554
-349.90952
-63.265686
112.99665
33.1512
3.3065963
44.536472
99.16721
81.928604
-83.78955
31.422628
-42.107265
23.397299
130.86575
-54.61837
-61.04285
106.44767
43.6623
-41.576115
83.47945
30.235027
46.32009
-43.45951
-61.418976
165.37679
-44.560715
81.2446
-4.0086894
-71.214485
-45.00199
240.22685
92.50153
111.6832
60.299183
-82.784706
174.11568
19.633442
35.806957
51.093903
113.46387
253.59697
119.98211
64.66398
-116.80301
-228.89998
-43.723167
71.59406
5.5634785
20.643656
23.52241
21.940382
93.45641
-14.952754
-124.80935
-127.87808
-153.3145
161.90524
-107.66189
25.397615
157.94719
152.46854
-154.05772
171.43207
-106.71563
46.10703
-23.339102
49.90685
-51.993233
-122.90177
-128.62532
27.055899
17.749931
33.45279
-17.209911
12.775998
120.64975
18.617039
47.53307
-117.25963
-120.13074
-8.848072
-35.089848
-190.02824
185.98866
87.80269
-19.673311
124.78557
8.235459
89.42114
91.32695
147.29024
-143.59569
-137.78644
-45.441452
23.54052
-120.38057
63.538776
41.39092
-136.82889
-100.698204
8.779053
-177.70029
144.53967
43.984844
146.29868
-97.09686
-150.28313
0.8596921
-107.589096
30.128317
-183.05219
14.879829
-39.92129
30.549597
-226.0458
86.84345
8.915365
-84.12843
-117.83287
-197.81041
-1.8004997
-27.104708
-53.1048
-2.1650996
-130.80084
-19.708523
114.8723
-142.70955
16.942877
51.824677
-207.7492
130.2689
41.869606
30.624582
97.4019
-86.95104
11.3592615
183.55602
127.20094
-320.7032
130.28198
-3.546202
262.19388
-140.26534
-55.5614
58.83953
-236.58899
129.4934
101.21885
-14.9769125
-64.30386
56.83234
90.37296
77.125336
-118.545815
129.3375
134.33495
-35.954872
16.283228
45.137245
-41.36082
-72.88306
126.187584
-30.080952
6.792805
-85.52683
-52.694263
30.775095
-107.20788
-101.18722
-94.07841
-44.058422
9.694989
-31.63226
73.30742
-182.06178
12.0963125
107.41666
104.81818
-156.58632
113.199356
-12.270366
-156.45195
-82.57954
-18.453846
64.35989
11.821328
134.95883
39.77074
9.833614
134.9537
-10.15351
-65.8052
26.859196
-29.997921
-64.095276
-8.8212805
-108.42885
-3.6737964
12.949532
-52.765865
146.18393
-72.04176
11.773718
-137.99213
10.568037
249.49211
130.87909
0.9072763
-122.94884
-27.970814
-195.47505
49.65401
117.74475
285.3294
-25.740501
12.4507885
53.87234
-135.45113
10.945733
-142.93576
-16.367739
98.64073
94.1171
-29.301598
-109.08362
98.031075
-65.15227
-114.422005
184.57843
-76.48837
-83.0068
90.219925
255.38585
-74.749
145.24669
28.54626
-3.0299044
-53.44932
-89.07046
-170.65866
141.02599
109.8089
165.89818
65.97487
0.27907324
115.73776
-0.6872761
-30.781654
-334.8448
-243.81487
46.55864
-43.561115
70.81297
-118.875465
100.048775
-76.98179
48.87463
-27.338411
-227.67096
113.24651
-11.909367
-95.89055
-53.46593
79.68891
-52.244038
-7.4235325
56.22281
-57.152542
-6.6591024
162.14182
-66.19044
-19.184351
61.143166
18.29033
87.50817
-3.5648441
-166.82344
-0.64478886
-237.63693
-76.548
137.12595
79.86039
79.28015
-138.65536
-58.386917
17.80695
-134.3623
63.626656
142.35785
-61.653427
-17.638277
-9.784249
-107.138
78.455246
-16.748035
46.645344
-36.431507
-162.62509
-39.270844
139.98691
-96.53234
-103.160034
-60.168686
-31.453993
45.645397
55.324535
46.448677
-169.21777
20.443443
-43.294403
14.975106
-76.59347
-16.21409
-220.38112
-159.79443
47.589294
37.906155
-96.79433
-97.96896
-80.718094
-79.538795
-44.160942
171.81891
112.65491
-18.304462
-28.14863
145.73488
61.661823
-62.249935
-119.73433
-143.95045
176.61383
-44.099316
65.12002
-151.07042
-29.748186
139.26295
-255.59084
64.823425
-124.56584
32.035797
162.87029
8.4866705
28.486263
109.573235
-89.35202
-1.5140079
-43.29095
52.64737
-10.526602
-62.111958
43.377224
116.88352
-46.8081
-19.386686
-22.20281
177.67413
13.116759
133.22627
-10.14224
128.7708
-42.354973
-207.36633
-16.098398
-40.078617
-175.04433
169.4671
-61.163227
187.44798
-50.761208
-101.73167
0.789356
-222.39215
48.38639
-143.76889
31.735056
78.254036
22.139019
-129.308
-18.60771
-21.329563
-140.36879
-10.854274
-150.87094
-192.74536
-70.164986
22.812805
105.85834
-61.783703
-182.09618
-24.363997
-27.576073
239.19196
-52.390244
140.34857
-251.76265
107.125725
-144.28491
-124.18246
-155.63062
-45.03197
-214.45251
205.3502
-100.14348
59.5522
34.048775
83.00162
-8.943279
67.52717
-268.91797
-120.201454
70.42782
-21.68418
-163.1075
64.09963
