-115.237
44.38104
-73.923645
-54.519283
16.726252
-32.065132
5.009843
-33.101585
-55.208122
-23.317368
-44.619186
-155.98799
118.30188
-90.80947
25.719437
35.422714
-66.66792
-46.0801
52.793213
120.20195
61.52465
57.870174
-7.453541
30.835588
77.98078
52.933834
93.33847
124.95901
94.0911
-65.147
118.99364
68.7118
71.08427
56.92374
-116.77504
16.183132
-21.534546
-37.513573
-51.70895
15.166371
128.5832
70.086464
-55.374794
35.092354
-36.12913
-10.603462
-27.780552
-14.364391
135.83159
-43.619274
-80.88008
22.641764
10.131981
70.26241
42.06802
-117.921135
-18.534342
-114.29997
-13.999347
25.0828
13.296895
-92.902336
-21.825964
-42.301277
37.28682
-98.10029
-96.42648
20.94805
-12.570165
-10.359357
36.651905
-41.275684
95.76823
67.8327
41.362896
-20.556252
-12.217769
67.48557
43.090748
-30.705683
10.006008
82.50103
8.087587
-24.07621
20.281317
49.319267
-41.017017
-19.439987
61.342064
-5.0558243
-10.38742
-25.969055
58.857533
-23.939547
-98.277504
44.442375
34.220818
-54.829983
-49.998104
-40.954243
100.19274
-92.918365
-95.05205
38.9083
-45.308178
-12.997418
-37.55133
-20.211788
-20.951408
-74.60419
-66.381294
38.81335
82.734375
26.904722
-9.55708
-68.66803
-8.030789
-24.598557
25.475021
12.047258
53.51172
127.79696
30.68221
-0.8273588
30.78542
-58.172356
-19.095037
55.517326
-2.075527
-15.430612
20.435722
-51.47407
84.233025
4.88837
-42.168762
-4.4275265
66.29529
8.959242
-6.12814
-47.86535
28.02545
-16.594173
-24.557602
-37.73228
-104.63303
39.127136
-39.571312
-26.097042
119.33677
29.493284
-49.52385
63.38719
-44.338875
42.50249
-101.570595
45.458694
-18.084448
112.31626
6.067341
38.95612
0.90879405
-43.371727
-67.87933
-89.84805
30.060207
0.31313065
-94.27762
-10.8337345
11.20539
-11.500041
82.96151
-77.11594
31.00562
45.028416
-50.042
23.297077
-3.7753906
84.09038
-48.987957
95.09618
-32.287937
-30.840229
60.13076
70.81653
-81.86215
14.315327
7.9612412
-89.48326
100.6201
80.33084
-19.85542
115.40495
38.581875
-110.324135
-32.087006
-46.304543
-58.22688
-34.794785
-103.03213
-63.092278
69.21367
-47.252735
-100.36828
-59.22263
69.22713
-8.757501
-85.332565
-27.87437
-71.25571
-18.554071
-59.454803
-70.603264
15.70434
-1.2113312
54.00117
-89.26916
-117.50428
-10.345535
-23.66414
50.3793
-40.993828
122.20309
-43.96252
-33.146538
8.590253
-9.113631
30.022802
-7.5463347
-48.23358
-1.6514131
23.435942
136.22986
-6.6969213
0.6586418
-22.802032
63.981533
-88.22263
-94.07826
-37.78024
-55.66056
22.539913
-130.26657
-89.23518
-48.765396
49.35211
72.31231
1.6483471
13.14322
-9.39877
-65.2066
-51.124096
-65.87013
33.244335
-54.02781
-23.749207
75.31114
14.352508
-82.00405
63.670662
-86.77724
-96.090355
-25.526472
-183.12361
-61.75207
-20.250013
32.3212
88.75121
-5.7425365
52.442856
84.86081
-68.283485
-17.12315
-20.287743
43.17005
116.398026
-26.278952
-112.928116
-25.503937
-57.237835
26.579763
72.16603
-55.638283
-74.88568
-40.716095
44.822205
45.336548
83.55783
21.037188
-117.16199
135.6206
-75.56881
-21.644053
45.643074
-60.943714
34.31733
-28.995808
87.768005
-85.97478
63.39044
82.42198
9.546104
-80.72026
56.63235
45.8697
16.508047
-57.378628
-7.185568
-2.9629335
-37.91627
10.663445
-113.90416
51.922935
-41.558407
-101.26468
93.39947
-20.058788
7.9344096
37.141457
-37.148396
16.177896
0.35228178
-81.22109
70.95479
-5.574476
-54.590683
-26.209072
-89.24561
35.86566
-10.183649
57.389996
18.411932
-67.875
-73.63073
-126.50284
80.36452
79.003395
19.631977
-70.21883
-44.59591
-28.920471
-11.099039
28.069286
31.868832
-39.207737
-122.423904
90.36116
68.26364
-15.31863
85.829155
-42.1295
-3.3286247
54.042965
-13.68226
-51.052044
-14.719614
48.75786
-75.39298
107.5209
31.688374
48.116936
45.03896
182.85178
73.568184
-27.165152
-37.933296
-7.585275
-4.733099
129.35587
56.389
51.31357
7.105752
-23.32417
-0.6120704
29.645178
39.997562
-32.99341
-146.51793
109.295395
-78.5827
-51.725563
63.343876
-34.40038
127.711784
-52.20945
26.431206
4.610153
97.27661
-90.68867
1.9033705
-14.849133
83.98406
-12.437596
-62.514248
117.359406
11.631335
75.972466
58.342728
1.4790766
11.545976
12.955669
-19.233278
-39.79678
30.97457
19.888927
82.91828
5.3609266
113.60673
27.603912
-15.878659
-23.698444
-75.35246
-25.251833
49.933437
12.3633375
104.11767
7.1319513
2.976506
-4.719339
6.6744266
-8.375759
-11.035541
-30.60669
-123.651306
-17.164804
0.9835535
91.68153
18.974384
-21.234217
-14.85152
-147.17133
-57.001595
-82.2144
-28.049692
-23.480618
3.9772735
31.219866
-49.10527
-45.816006
-34.61277
-23.217062
-80.695595
95.77088
-58.3101
26.537125
18.139124
-37.319393
29.959774
-12.280759
-107.7071
-22.84809
4.4910293
91.93531
-42.955967
-58.589787
-40.577103
-74.85446
59.41779
62.022434
-43.29482
-121.27246
57.293777
101.042885
-5.4284573
15.620997
8.920738
55.992912
-20.931599
-18.552763
-60.557137
102.759315
-98.46331
115.90768
7.3396096
53.38781
-58.864162
25.50423
-32.47252
-42.445595
-25.685875
26.842949
-22.273098
-76.624146
-66.322266
-5.1324677
-30.10718
8.429721
57.680794
3.1783645
-76.724144
90.10048
-11.824234
25.033913
74.95831
-27.208105
-1.1884295
5.0297613
12.409636
22.916536
-8.787106
-11.657679
-53.797264
-64.43727
29.45068
-31.98388
-73.54813
81.40182
-66.31863
16.780584
-55.6266
121.165344
-61.17223
-0.20090818
45.952297
99.37488
77.76811
18.812883
10.056537
-32.903454
85.45637
-64.86221
-98.19863
77.072365
8.9674635
-51.29929
-50.235394
20.135208
3.0628586
-3.186146
15.254978
-0.31961936
-91.73706
25.724825
-10.180734
19.27351
-59.928608
5.745365
9.48436
-57.572178
58.83848
-31.528471
63.56101
-116.72103
-117.65939
38.591503
28.465555
25.168207
-47.60614
0.6492254
-2.2653017
99.521355
-49.36697
103.48329
-7.29721
-112.71822
48.765797
-70.57374
-4.409854
40.44039
-22.773483
88.78522
128.7017
3.7484264
-65.54206
-4.526142
-3.9169
84.21496
10.9003315
105.07191
-39.046017
38.60662
-12.044134
-35.081245
28.799002
31.424932
-38.758606
-65.24609
57.75971
40.565563
51.030357
-54.732925
-43.192852
70.31933
-18.329926
6.6941757
180.43297
-39.710827
-22.323307
-26.0866
-98.62526
14.4256525
-68.41401
-21.620937
-50.093273
-99.72972
-27.158987
51.81669
5.4803014
-112.459435
4.9570904
-17.89766
3.513256
41.629463
4.351608
12.45174
-50.828148
-6.113529
62.948933
-156.45941
12.838794
9.430012
37.17694
-41.605316
-1.29685
-38.134117
-61.12352
46.080334
108.867645
-14.805448
-12.679362
-2.0485926
149.56992
-28.761862
125.90553
140.43022
152.11067
26.509602
70.80477
33.97488
33.28838
-7.132581
84.42691
17.744053
37.38327
-151.34879
-69.3794
145.45518
78.3831
23.497303
-65.658
9.359715
21.965313
-66.923065
-95.90149
-60.699986
-74.67235
163.50897
78.70082
3.6282625
26.95078
46.774845
55.237568
-65.79863
-27.13382
-26.444305
29.569597
-17.336477
28.779305
100.37558
23.848602
-9.483827
-88.87747
-54.328915
63.422695
-39.63699
-35.174294
-10.865716
33.258556
-10.090281
-61.36909
0.118335485
7.8950853
40.881405
44.31824
5.2369165
-31.535978
-39.134945
-65.68883
24.566221
66.164505
-141.28911
-31.322672
96.285034
36.23683
40.59857
26.128056
114.94745
-6.1372643
66.94551
-63.11946
8.089978
-119.3316
-50.621895
75.07374
-59.121784
78.14651
37.64441
139.77847
-62.556435
-5.163489
-138.45229
11.054609
-98.31509
-103.21846
2.006587
8.930864
-66.364395
8.835787
82.34329
-48.778404
8.442449
61.66355
-70.0211
-141.32883
-27.677765
151.83887
-4.0543947
16.342257
50.52986
35.963093
14.438681
-91.56073
34.765533
-58.58811
-51.24343
-95.90003
24.997215
-19.246769
-46.594395
-59.49279
17.580809
-54.165707
-10.610261
-85.3636
97.55126
-39.554214
108.29171
45.521133
16.490788
-127.14466
71.14015
-58.254543
14.883879
-69.738266
-21.921574
24.16599
-4.5678196
-65.54472
-63.030807
-74.77292
-93.87377
-63.554382
-20.140903
31.312859
47.90988
87.86865
22.599745
54.403595
48.49182
-50.383312
-32.76976
-65.16408
-105.7154
-40.112236
45.123787
-18.848854
14.435803
136.36458
-26.559195
32.102444
108.65776
-17.595985
-38.515194
14.188614
68.86974
-97.59043
-69.39744
6.3093247
11.508495
53.413624
68.677414
115.65408
-71.42755
18.711002
5.4103765
16.241156
32.947697
52.624107
21.86479
-128.23965
-96.53785
76.42527
33.84444
-40.87572
-6.828345
15.627569
-68.62362
-27.024618
-82.93717
39.320793
27.21341
-39.745224
50.88595
-116.98224
-6.3423615
104.53324
114.92735
-113.964935
-66.5839
-58.581715
53.222538
18.485409
-20.605173
4.9280596
28.943535
32.509003
35.741505
-4.0427217
68.94556
5.6776743
-75.67716
9.269643
4.24994
11.488409
12.457676
-86.22743
14.496491
47.77138
53.543484
-24.618246
63.06274
44.031815
18.945057
-18.054413
26.305403
157.6245
55.533257
-26.075785
9.538359
55.470093
13.218649
-54.41688
25.317953
12.954909
33.319145
13.101125
-26.956564
6.651932
27.60077
18.290945
57.08116
-27.939787
-27.319838
-41.513077
-16.251104
46.04253
48.8871
-66.23664
-110.16115
-24.947657
16.567448
-20.067242
-42.758972
127.409134
-84.31833
-3.3016539
-5.698819
-98.35581
-17.022316
-40.284233
2.2910335
-53.05485
46.766544
-129.27795
-96.37674
94.53717
29.361988
28.634247
-70.850716
-40.104755
-32.787334
7.8820825
69.06751
-31.315773
-22.904966
-50.78573
41.536987
8.74471
-36.145714
-94.37497
20.001932
57.461296
-60.888397
9.286165
-147.62271
19.809961
-96.522285
-29.662697
-1.4198769
29.249884
61.643276
0.6447617
71.75686
132.8356
-52.97197
-71.797264
63.32571
45.222176
-40.38478
-11.305907
69.725136
104.75636
-15.318706
24.27528
67.5816
-94.07672
-56.28613
-13.900274
34.10858
8.79822
-40.52879
-47.493473
5.8785543
-48.779903
38.85553
-10.997238
17.906855
-51.901077
-68.25041
66.667015
-105.63466
53.571087
4.873076
-69.40851
45.50427
-71.80889
-53.378532
-37.69548
62.977837
-49.96981
13.452853
-19.759327
-20.428154
-94.863884
-33.233223
-29.56052
0.9416323
-19.735497
-36.39318
-78.51122
80.9191
-75.57687
86.588165
-55.3915
-12.49018
-31.73496
10.797225
24.94765
30.785437
-49.060722
63.088623
-69.00342
-55.76473
-29.230877
-42.281433
9.153354
19.35532
143.76164
-25.36364
16.541788
-64.69893
45.674747
-66.87254
50.40146
28.785732
-143.61147
1.0928876
-12.788982
-4.634539
-3.590622
-113.276794
7.4912515
48.793808
17.16736
-60.1933
40.974293
-78.48968
-28.524746
-32.73852
5.9808044
51.248028
8.319451
-88.685265
39.089436
-54.240566
29.514046
-0.9540849
40.809036
-111.158585
-28.548908
-17.29513
37.820187
-4.2631984
-10.4598055
66.867455
-72.65913
-71.34837
74.865555
-16.918741
159.89581
5.743869
41.244755
-23.739138
-9.294408
24.973892
163.55592
-16.276
-67.55256
-53.012527
-46.97075
-51.54283
-39.703545
40.826485
-102.76222
46.15101
-44.57387
-18.568506
-26.083412
-187.88855
94.78344
89.5554
-0.45280206
-154.14258
52.774094
10.126396
-102.84114
-7.697603
107.93393
-49.70957
7.7276535
52.15828
109.27914
81.216576
13.081885
17.405277
35.96188
100.7989
-94.31578
46.426846
-37.26045
-124.301895
-22.22509
5.036493
-20.024017
-2.7146897
-37.16624
-21.625862
-154.67824
72.498474
80.4163
-12.45573
57.47256
-55.087902
103.505295
-50.11106
-41.832726
-113.72529
-7.1624355
110.518135
-36.810646
0.91651094
-28.759108
44.363403
-145.01157
-57.968193
49.521175
8.5189
98.92493
47.751827
4.940463
-13.943773
74.5987
-77.848236
-107.84374
-34.025635
31.080462
23.325777
46.288662
21.13903
154.38748
-41.185566
60.909622
3.880989
76.36619
-22.995005
-128.32628
-96.22451
12.707686
44.37696
-32.148655
-24.873146
40.53791
24.688469
-11.619792
-93.80043
-1.6333079
105.57569
-39.47391
56.86322
16.488794
-30.453938
114.07316
-56.191097
27.635239
-4.7679443
-73.41706
-52.495556
-63.405994
-25.331833
23.24021
21.652193
-65.35113
-66.93449
169.51857
53.84799
-43.75081
-34.257996
-18.243015
-68.84571
33.497017
44.12809
-80.992874
-78.54302
-31.304855
69.41623
-68.303406
96.96965
77.02824
39.24948
-12.876816
9.327494
-99.37936
104.229866
-1.9832411
32.483353
7.4140854
6.9717574
-5.6187334
64.725586
-34.00745
9.965607
-41.928604
132.34354
-136.93121
8.607119
-3.3872857
-124.71096
92.79411
11.871516
-89.21423
11.420016
-4.268596
-22.052464
-25.302567
-16.535118
-76.99072
51.952843
103.38267
144.53464
117.72541
-11.679445
-9.175837
-33.382256
27.260353
-29.673834
88.8209
9.427664
-133.31317
-122.30551
-28.768744
-34.536205
111.9704
61.706837
-55.51494
137.95532
96.41908
54.277596
-4.343119
-21.036098
47.085526
-197.53221
57.860695
99.59971
-71.12321
-90.355804
-3.9501
101.13787
-0.35760173
63.09178
-106.97189
19.404823
45.607025
12.144429
-74.92123
-40.597656
66.18213
-151.46527
-74.311356
-78.939926
-45.94499
12.100401
-153.88292
54.031715
-117.12919
93.92719
-11.644477
-91.70198
-1.6304127
22.392262
-13.927428
-3.6826286
17.649502
86.39171
-75.481636
-29.45457
40.761524
-65.51232
-59.456184
9.722195
-44.324486
66.55393
-7.1821723
43.560013
108.24398
122.262115
-52.05955
11.9644575
125.34858
-3.5019617
-7.8227816
53.707443
-82.151634
-22.494324
-51.45404
4.2422323
-66.88155
74.066414
61.15651
-34.72846
-131.32495
34.996758
8.1259
-130.59958
-79.439
-90.70761
16.98341
-53.86881
-91.02572
36.47528
14.674874
184.0481
-106.91887
72.74224
-156.87393
30.29682
44.553204
-4.169142
54.062992
25.768227
-12.565675
-1.3766956
-20.489584
-12.435645
-47.235256
75.85934
-81.892456
1.4845173
104.429276
-9.510529
3.0807915
-21.638851
101.423805
-74.31218
-11.859946
26.71453
-0.3621528
-0.5833462
-90.923294
-11.500956
-67.9101
16.16634
-9.634042
21.757206
16.096819
-70.63941
14.654747
-31.087992
63.93067
19.218418
91.16674
102.00667
94.04173
4.4453044
-23.552788
2.1356735
-201.96211
-10.989624
9.795783
36.430153
32.125076
-27.20173
-13.418647
-24.770035
50.42059
-47.917503
-57.991222
-100.709
-37.838997
-104.37768
-91.5084
-110.48676
-64.2765
38.16922
-49.57735
78.4887
-147.34424
40.002876
-20.86719
124.44804
76.31019
-24.216562
24.887962
86.69865
-33.239304
103.15221
1.497901
16.35437
45.565727
-37.64607
53.16606
-68.177605
5.052525
-26.07471
127.9806
37.52204
-61.426678
24.790228
15.58783
55.206364
-90.649666
-22.170147
-35.2057
117.02921
35.648438
15.076276
-75.70818
61.07337
-30.260326
30.214592
-13.301145
-32.344734
-4.5349927
-22.017443
37.48814
-1.3082027
-66.53693
-2.6461306
-13.896426
29.11693
-7.4923315
67.99776
24.28737
-34.97833
102.51124
52.000454
-60.30353
89.97863
-20.526445
-26.237919
-9.867333
-93.2715
73.070496
-36.304825
-102.99484
-26.512934
-20.10654
49.870697
-83.51394
70.072136
-78.31232
75.90252
-51.694485
35.070457
-63.41704
88.49836
-25.070915
-107.17494
18.785194
9.723091
-79.48455
-16.132612
-65.649796
49.671707
-88.07003
-97.33112
-73.40437
-106.63809
-5.655784
24.918558
-62.87899
-18.35977
22.254648
-62.361107
-13.726507
-113.99617
-51.58605
122.31678
-70.34854
-35.021282
151.73422
0.4601406
6.0684023
39.593395
-50.05191
-120.626366
44.255898
61.007298
49.78882
83.3958
-38.38357
27.790152
-79.879395
-52.88087
60.02878
-148.3145
52.84855
18.679861
-54.882244
-26.51158
111.30693
-52.989994
-11.106601
-118.615845
-87.72089
-39.031452
140.17325
11.233964
-149.58766
-111.466934
27.756058
-5.6466646
74.4419
-28.569956
60.74084
-56.831127
4.6901927
-25.161793
87.08173
-52.29146
-29.912497
-61.54481
26.104078
38.378033
-86.62219
-0.9739835
-6.871291
-149.12967
19.785654
68.92575
-74.93007
-112.83003
-50.456165
-45.729843
-113.56683
48.043083
12.507846
-6.31383
59.397045
22.923473
22.6463
-51.557945
36.096443
20.805824
-26.124979
-9.773783
-91.661224
15.525273
-21.661076
10.923389
81.66872
110.71756
-7.7549963
-0.3876021
75.288445
73.25404
5.98005
43.62236
106.625206
48.22911
-25.70448
-32.893475
68.479866
81.78569
39.216137
-52.707237
29.141178
17.161158
-2.7297995
116.42781
67.6101
-40.642788
20.23132
8.6867075
-0.5993976
-27.942974
-30.115032
55.260433
-62.60598
11.556588
-38.197132
8.831056
50.237602
-124.79925
-35.52595
71.15955
-83.29072
-22.691057
11.892613
127.83988
13.306541
119.49405
-39.102352
-67.209305
-152.51727
-159.50055
53.001865
-72.68149
111.230194
-81.57282
52.470505
-17.768372
-21.677605
-68.572296
68.63563
79.78752
-13.746209
14.690864
-18.876299
129.99808
9.374836
-14.487446
50.99311
-4.4168797
38.80325
72.572495
-25.842918
-38.204514
91.326164
-20.507626
-20.091362
-11.861305
-5.2882295
19.373251
-14.327157
-18.428537
-92.49031
5.203122
52.50078
-9.252553
-20.299347
24.68346
58.16429
86.33109
-43.59466
-70.00681
103.620255
-1.355572
-23.431816
-23.101477
116.71404
68.87427
-15.325983
-93.11868
75.3391
26.894485
19.871466
1.0532464
63.55483
45.64784
-34.3344
-49.351654
63.5157
57.691765
30.674812
51.279533
11.004414
-12.034099
-46.860332
-30.421156
55.886078
-80.329025
76.659775
-46.86741
-59.915005
-18.621458
19.597845
114.570145
-42.020164
26.733614
119.40898
1.9074569
59.587994
-5.7183757
-14.11458
-70.3168
23.300825
-96.88326
44.321743
40.941372
-86.13593
-13.693841
20.857449
75.07892
-23.47518
-105.39044
-0.791658
-82.928276
21.552818
23.365046
34.30895
-187.07841
-51.723217
-72.54666
-31.198784
-130.95938
-53.706654
-123.35631
61.68863
-72.810356
41.221786
-53.395317
-11.240899
-5.96441
-39.931698
15.4121
65.81892
-58.410507
8.102009
-11.003761
-3.6403806
-57.46742
-28.283613
-9.792651
-17.934818
-21.162083
88.49661
-133.97935
9.825616
54.72183
-20.40573
-40.13971
-29.865297
-22.361637
35.89383
-45.95113
-64.32469
-97.00319
37.02651
-31.306736
146.00313
-104.61951
80.44982
36.282997
48.182507
26.637728
-148.00655
0.92350507
-84.46728
-77.2069
-20.375666
-8.373834
30.071054
-28.266693
-145.58566
49.000378
-10.638856
-103.63125
1.0795776
36.742157
-79.45071
-94.81149
-47.591633
112.41451
-0.8578232
38.54378
23.030516
77.85077
-12.7583275
-35.67497
-18.004787
151.33238
-9.389088
-66.52367
13.458532
-84.586975
128.11792
41.59942
2.6442006
-32.635204
-28.049986
-71.69161
-73.38057
-59.780403
53.125908
19.417337
-57.170643
34.348232
-115.105515
113.53617
7.4783483
-69.7184
103.98768
-10.115634
106.43968
-21.689363
21.131939
-9.02007
1.2290807
-3.8505754
57.053997
-48.581814
10.305994
-14.725336
51.544292
65.10405
5.0962543
22.136793
52.921627
29.989452
-47.22834
23.505863
-1.1083071
48.66499
-62.85027
-57.284946
-31.016806
6.792524
-75.4108
-25.590042
-115.74768
50.661648
22.07891
-95.290375
-36.251137
-74.053955
98.76662
23.161018
21.60024
3.584069
-56.63553
-10.540371
8.571971
32.88736
2.072664
-131.48767
-104.64318
-81.5409
-19.85229
10.975783
112.26759
16.257866
84.32387
-45.52918
32.524162
-26.71221
-11.730423
38.9867
40.549393
77.517204
116.759964
24.121302
-59.18286
-78.74049
60.166607
-56.549736
11.955253
122.68457
14.800656
-30.646656
95.01994
-44.04654
19.945091
33.22845
51.31792
33.333557
-7.6281676
14.699503
-105.04908
-81.02422
-0.4724059
51.384613
36.017128
116.293884
5.5268846
30.351593
-6.3812737
-79.865036
-50.52414
54.84127
-49.499092
102.02242
-6.622391
98.17039
-1.54829
119.93882
8.195356
45.759808
3.0507183
-50.881577
71.67886
-64.294426
-119.46422
65.21544
68.94631
-54.644505
-0.92670697
-15.257946
10.706005
-83.79407
33.585785
-19.527403
1.1006367
31.48733
-11.848886
-16.43929
39.403873
58.874733
-38.104546
-4.7802687
64.82588
-0.9403361
26.433987
-127.24385
-51.212097
27.170471
-15.472344
-12.263996
69.758385
-40.680546
-23.871674
-38.412987
-109.75509
-130.99286
9.180231
-114.684586
27.88507
-22.866209
-1.980921
-35.562737
-12.641874
-78.22527
63.489594
8.72325
95.13086
-79.16223
52.72354
-4.935972
190.99289
80.5967
-47.979603
2.5576558
-15.889109
-117.91298
19.109486
-36.169464
-82.62457
-192.2276
-25.03546
34.488533
9.827993
45.63198
102.774254
29.003756
-47.15318
-12.028457
-105.78173
10.255671
-44.62404
-21.40832
-114.202255
51.400795
-140.96458
-13.305763
64.31949
-149.1605
19.281052
39.82175
183.08575
49.579987
-31.223438
7.2303944
23.266602
113.74278
111.85975
-55.228374
-79.87636
28.220726
3.4816809
76.57293
-31.503067
14.234702
-7.6849313
-21.753307
73.26332
-28.120024
58.257687
-30.528585
55.58488
8.096853
25.04509
-66.0115
-8.935209
14.760225
121.95557
-168.65253
42.54028
1.4299096
35.236862
145.56778
-10.382301
3.7150278
10.767947
-83.8627
87.93706
6.3339977
5.5967646
5.682029
90.818634
37.680813
114.248344
-22.435097
52.88682
-88.46286
-58.40678
-69.107605
-73.14757
35.995113
4.094098
-8.462391
-46.844593
26.606682
-4.7360454
-78.767624
-27.039057
101.51204
157.08455
68.976585
92.34177
38.91798
-18.918596
40.09339
-72.65077
126.07305
-69.59116
77.57707
-13.930207
69.78624
31.290287
-12.337128
7.9010043
134.27473
-47.55005
68.54232
39.139313
15.318247
50.572453
114.54996
6.474419
-39.29966
-2.796523
-71.62501
124.449814
47.860897
-125.86789
-150.38095
29.224413
46.78921
87.00328
49.95884
-21.319515
16.106134
77.36989
-27.165007
59.714943
-1.6007053
-2.4821844
-12.413298
-21.91601
-30.796778
142.84843
24.16791
-18.503897
-72.48236
-37.586555
134.92827
-46.58817
-156.89668
66.12926
-39.38886
-27.807951
-19.142365
-42.706024
-42.032173
139.57394
-35.787277
28.496124
-120.571014
-67.737434
21.001293
2.3063772
-48.05239
36.276703
4.5091524
61.211952
78.377716
55.760593
-72.68829
3.9433804
-54.564377
-94.101456
-40.11061
36.651936
-33.039406
39.226475
-0.9936756
-79.6761
-20.547329
44.81533
-30.52555
-189.97842
-51.87622
-14.096541
28.433681
57.00519
49.64391
38.470806
-90.28424
76.49122
4.189138
-12.179727
-2.0888557
-47.116463
12.476148
-14.283574
-55.5642
88.2716
-63.908245
89.968285
-22.583542
48.819355
10.799176
18.880985
-7.883047
103.44003
-26.762032
54.92707
-101.12802
152.00096
-63.951656
-111.72524
38.01005
-28.807344
-25.781406
-54.97349
59.971184
-80.536255
-15.199349
14.626112
136.63605
178.38893
1.5946667
-0.629305
0.44066525
24.967907
-56.75158
-13.858068
-45.320568
77.555725
46.40277
-29.927523
-97.610825
-8.320788
34.380157
70.84539
56.900723
111.80427
-0.3045709
-52.940662
-74.294815
-15.953319
-104.10027
47.723984
-39.10684
28.092081
101.25705
-56.384735
-8.586705
7.6329303
-15.343751
3.4197555
-23.297388
-35.141075
19.281612
186.82861
-69.985115
-51.802456
-51.106064
120.72538
3.991684
-25.356787
40.67051
-51.975372
-2.221244
24.835463
-42.024895
-32.410706
65.0414
-2.630592
18.436186
21.285261
-96.9235
14.907145
53.92698
65.32086
-20.396307
-36.753727
7.8849406
79.02316
-43.06285
-4.154604
96.80266
-122.325195
51.216244
-11.884153
18.96951
61.125927
-3.885406
10.503204
-28.282154
-29.109816
-47.95569
1.0056932
-6.6528354
-39.06308
13.290789
14.912762
33.328465
41.424747
-13.439872
-87.27195
49.111713
29.11785
101.96686
-147.55019
-8.450359
-37.37585
-93.20331
-72.362175
-7.9068813
69.72524
54.605972
25.170542
-20.644173
0.84166443
3.0153165
-14.396947
5.5181932
-111.434135
35.888775
-70.609856
66.67699
52.968838
-56.686577
-80.22926
28.243492
-126.20672
56.78208
41.722374
1.934
-17.038269
56.0015
90.98579
77.56014
53.106792
27.00867
108.432236
-55.82585
25.865664
-3.0060139
83.32754
-16.754923
111.09079
-106.09083
74.016045
-48.97025
24.778532
-39.614838
-11.154879
-117.927475
63.959682
106.66221
-118.49165
18.90955
82.953705
-56.98827
-21.401787
30.102293
20.411076
31.575928
-42.04735
20.310274
61.301033
-14.542367
59.88099
12.360985
20.370861
-0.5560483
80.735016
-22.83097
6.5696673
-33.450035
29.300205
-34.261635
-68.96276
-3.9517517
21.763626
15.659412
18.920603
65.74787
96.671135
58.90919
-4.801231
-36.5766
44.605915
0.10701996
80.695816
-13.076895
33.634674
15.221252
-52.61821
-68.526886
-40.84358
32.97686
-73.80362
-108.48545
-2.9622269
-107.997246
30.919796
29.084183
42.094395
-41.080906
131.15344
-22.267494
-20.045448
15.373365
-96.82628
10.232861
-59.118065
25.997599
30.584845
-50.999233
-35.55875
-52.772423
34.921665
-96.59948
13.231119
14.692919
43.655754
-78.09841
-50.88076
50.77702
-29.646448
-13.110415
90.52987
-54.506535
-61.99937
-40.550217
-6.043708
-74.44466
-61.437393
-92.78693
12.755955
53.75159
113.104515
180.64203
83.41353
54.324173
161.661
113.807724
-4.269978
-87.70548
36.221233
-12.184321
-11.053401
-208.02637
-34.311966
-60.8589
-76.88935
3.7323291
9.734307
-49.334454
101.20793
-58.636936
-25.951973
-28.6016
-40.6916
-112.54398
-33.047577
90.757195
-5.3893127
-48.28508
38.011555
49.72045
25.652576
43.354965
2.4123075
22.619663
-88.274704
-15.965345
74.41636
-91.02225
98.12448
23.319565
67.59346
-52.210964
-3.1352925
-28.409739
-163.03296
-9.3226795
-54.057457
17.763117
3.8314981
-65.530754
-6.925206
7.652317
38.550797
11.632
-62.219696
92.00049
21.085674
45.490154
-31.78094
41.220203
-37.702297
-25.539944
54.806244
-10.502925
4.54784
-1.7231226
-38.166588
35.860508
-45.275578
74.36823
-112.85175
-4.8320847
-36.635876
32.366196
-14.439448
-49.695927
-92.089584
86.74391
-45.95041
-90.18067
-136.95453
33.673645
-89.44259
-123.74825
-55.050816
-45.19574
-16.605639
-4.061986
-100.700676
-48.68425
-61.733593
-54.183422
14.048875
-28.342934
-44.852947
-10.755021
9.971922
200.49031
25.364805
45.83017
-16.630198
21.24851
27.090109
1.0157951
28.17048
-83.06331
58.631702
64.23992
-10.333738
30.324345
155.40323
95.14131
156.36507
-22.222675
15.238054
-131.7649
-12.533375
56.4684
-85.35612
0.5029112
-3.3137155
46.580437
89.49003
-28.254389
120.16907
-0.49347335
35.495087
-27.357246
69.978806
124.07614
96.852936
-110.84902
-144.87848
-14.6335945
-7.0085835
144.23141
-23.677303
41.99458
-29.026731
-46.24855
59.988373
-17.366095
12.245066
23.621784
-3.0582185
116.15163
6.3073287
111.30915
136.0582
13.618857
-51.562454
80.137245
-64.03858
54.85322
-57.651455
-8.677741
-64.82299
124.38851
-69.88719
-18.060146
60.924255
118.18513
-19.322775
-17.023777
-152.72278
54.618073
-48.477116
-5.749614
-6.0433784
-57.238647
-100.28601
5.2229066
139.75357
-49.57905
31.46456
-11.5194645
-36.624084
-2.0947287
-79.76741
40.087612
29.608381
27.382858
-13.336297
-63.517162
-13.20924
24.46946
-11.191668
-135.13712
-82.8355
-25.805637
75.04957
-8.635049
-56.658646
25.125746
32.85585
90.38624
-38.47536
-49.255623
-83.03138
67.54274
-28.87107
-72.770386
52.041256
59.70856
-9.48077
-45.575085
25.244276
83.896866
74.17473
-14.869641
-50.729233
54.037857
64.58924
18.683453
75.261925
-84.96485
-117.348206
8.9319105
-0.41298884
135.74863
-3.3111975
-30.158962
15.715907
36.036934
46.95117
-98.12461
-44.060307
-65.63758
-14.934016
56.158325
-45.327984
-11.885425
26.42397
-56.06301
-54.611443
44.387268
-76.04757
5.5142183
17.831688
-82.86507
11.173081
103.14495
8.291321
-61.728252
-27.226622
-2.4730577
43.4014
134.4946
16.523098
99.79954
-19.710148
-30.08373
-20.680517
-16.682373
32.648968
195.26024
50.791504
125.4198
122.63756
-34.355392
-2.7285137
99.60882
-5.90119
95.34041
-111.730095
55.74087
-87.830154
3.0870738
-92.39251
30.459393
-67.97716
-126.614685
60.787395
65.014565
-126.5558
-30.912504
23.270466
-74.412865
8.890469
-60.80371
-87.2309
-96.77557
26.60273
37.377113
33.454857
-52.861702
58.5061
-22.81137
-11.249872
-27.429188
93.500046
-92.34179
-5.7597084
-61.399776
174.127
43.161205
89.47878
36.91618
164.67912
-74.13553
74.322395
-69.31264
24.117687
81.56865
-52.358948
78.84692
92.2638
-48.946774
-66.83377
95.68717
-9.817006
134.09566
44.340553
32.052883
-21.1569
-104.239716
-31.999313
18.221298
35.311047
61.515324
-54.841084
19.163622
27.096622
60.829353
-8.800031
3.117102
36.25108
68.4747
-26.864288
95.39635
3.866004
59.792046
85.46959
113.475044
-61.125698
74.66913
-0.4729005
83.988976
-3.2774777
-19.222637
12.105716
60.49397
73.85384
-35.551865
27.44553
-3.3328454
-7.7340264
10.599839
24.527246
9.538593
0.216753
-45.02675
-25.483418
-84.08886
-66.05251
30.350245
12.512684
-33.49263
24.54147
-56.32829
26.703783
-10.034159
28.60598
53.116917
124.88852
20.12073
58.272766
28.063541
0.8049475
36.820595
69.806305
135.65016
-37.610336
-19.790136
27.719763
-68.28822
32.36145
2.697689
9.932294
-24.212463
-7.2794957
-59.06809
53.252544
44.54888
87.042015
81.76636
-79.51713
-4.5120397
-25.812897
-62.40674
-52.636337
-24.47945
62.684628
46.30591
-50.66765
-26.086117
-15.246414
-186.11157
-105.33017
98.15104
43.08142
17.654085
49.691902
-17.111572
65.563324
-9.191265
35.548622
-56.567696
-42.015633
129.56755
-4.4254785
-81.72625
-16.439283
-79.9739
-59.80435
48.071274
-39.921803
2.9494681
-94.68958
4.4263263
-95.12323
-1.7038198
65.054985
31.695288
-58.320206
6.905068
18.956207
23.223753
-36.72438
37.846
-14.599341
-52.079575
4.921916
111.09121
79.31751
62.77901
129.64207
70.17425
-18.472954
-73.69051
-28.905884
-46.191387
-24.177898
-35.297726
87.09208
-26.63743
17.401634
83.08879
61.39959
-104.089355
-101.18827
-25.00066
57.79019
-20.43619
15.521176
34.869793
21.462313
-47.59361
69.589294
-45.053658
12.941104
-111.65156
63.46722
-19.001287
-19.452066
-11.538085
2.6785924
40.467827
29.623596
-93.41372
-22.421593
26.09467
-70.832344
-53.762234
16.871792
26.598085
29.9497
30.314312
-21.024818
-8.726472
26.881357
67.66845
54.580452
31.195164
-26.352425
74.67329
36.19045
-49.01914
-41.421238
-0.17840278
-76.4588
-43.319145
36.603813
30.74472
-55.55338
-66.61815
59.2002
11.323936
33.37819
-3.1271477
33.18161
-56.32379
-26.474033
-97.37749
38.410553
3.1792564
-55.212025
-74.7264
69.952354
-6.626184
-120.54098
-62.388874
61.583344
-53.4019
-122.4568
-28.246378
37.974865
88.86263
19.71485
51.418903
-77.33858
-90.73258
-40.97751
-2.9698362
-11.169655
6.5176616
-115.64435
-32.463047
59.066425
22.212324
40.350254
-70.727745
-30.390692
18.194996
-6.3020277
-156.60751
40.03799
39.836838
82.449814
-96.04585
-58.906834
-13.290995
-33.32754
88.887184
26.8056
31.843472
-98.36475
20.354053
37.81016
17.53557
86.05613
48.46986
18.09288
56.274864
98.42959
76.60813
-15.486993
-40.499622
71.06481
-132.82904
-10.591405
-78.57218
-68.78125
-117.45685
-62.59565
-3.9400568
-14.826923
-34.27066
23.905582
44.16378
64.934395
-16.534546
11.16036
120.57684
38.477234
20.92276
-19.164404
17.848263
-48.773426
12.787333
-0.3158037
-1.7027622
4.2021847
32.5644
-51.359707
-58.035797
18.048695
-104.584854
-102.551094
-61.44422
24.93483
-55.433685
-3.7300081
-67.21017
25.69475
-116.15722
71.09824
9.149016
-10.884036
32.490753
-18.681395
26.631626
110.085464
37.762592
15.7856245
-52.01058
7.7925353
-100.57934
8.533682
60.683617
41.99927
-71.8305
30.418905
-81.87703
-91.954994
72.22302
-103.891945
-52.775547
-11.622677
58.549767
10.780007
2.8781183
64.41644
-105.85371
0.8972343
97.42622
-7.970633
-62.07219
-82.52425
116.04554
43.022537
59.211586
17.815107
58.65646
73.91774
-53.36406
-154.26857
13.661539
92.89035
97.749626
27.154106
24.296494
54.715553
-13.618988
36.629066
-103.88235
-111.93565
139.89786
6.677884
36.39853
9.15431
68.68773
37.58502
80.419785
0.10545474
-128.9011
3.4229932
1.5231973
40.99757
34.08983
43.378654
9.848151
12.784814
60.149853
13.670985
11.414914
9.004037
-128.00475
-188.6068
57.64894
35.419678
1.2118042
13.119844
-89.61849
64.55933
-44.91629
-61.513027
80.70591
62.07688
-53.612103
-40.187893
-29.243582
73.67292
59.303635
25.84397
7.0791526
-21.644596
-57.15494
68.48112
-73.25354
27.311062
-48.066338
57.907104
20.628174
-47.869152
-21.475977
4.0115204
30.25879
-51.942257
-18.579676
-68.510345
-20.466364
77.10814
52.741703
-27.454838
-40.83718
-38.005882
-54.072117
17.368309
-2.215082
-66.741875
-96.46706
-26.470936
-97.446785
-21.325718
36.159176
-10.35178
-59.201374
-27.85395
83.369125
12.86376
15.838598
-42.959892
-7.290868
57.499275
-13.54886
2.5126762
74.90153
78.436104
41.560307
163.82426
18.787472
-21.96844
64.986984
-68.71714
-4.7356963
-34.18711
27.748356
113.06999
-34.411625
38.185787
6.788389
-14.858043
6.361648
-38.20963
49.267944
-31.566742
-9.054604
82.98259
57.62502
64.230736
-12.865456
-11.855074
69.53384
-18.410648
82.87807
38.154728
62.37515
-62.177784
-72.85789
57.84875
-36.054604
96.45787
21.54299
-81.025375
50.073555
-33.04351
-34.78583
71.47967
-81.47289
-19.66477
-42.311142
73.06643
27.77833
-14.276867
-68.61274
132.45915
43.038586
-87.73035
-67.58462
-75.889725
-23.602057
-18.866636
83.78115
-15.9463
29.294584
-30.330723
22.966284
5.307623
-5.508741
-15.85352
47.255814
-146.97408
79.280785
-122.67219
47.856075
-59.804985
78.85236
-54.910732
69.195305
-89.09184
28.860088
-37.975807
-51.77456
-7.4977546
49.460625
-16.316963
-117.083855
80.019066
-9.57427
-74.21842
44.705364
