-979.0161
602.78766
1150.8052
54.86654
1048.7004
1194.0605
-779.2515
642.17426
94.83909
465.86905
-691.00116
-1380.545
-917.3925
-791.1228
-2.7341485
-1853.1309
-1686.1409
396.85757
-771.12317
1650.8291
-811.1913
-941.58307
-327.962
-538.67084
-976.56134
-4.608898
-168.3304
-357.1009
-1768.037
198.48918
678.3349
297.89706
1418.4832
2158.5667
1473.2675
988.83496
-468.61356
-343.9714
-338.1747
-139.32652
-173.45206
-1714.2546
-384.3408
1612.2026
682.9448
-560.7467
-202.4081
-827.5167
-1378.1023
643.13324
837.3215
-77.39018
4.858141
-1122.2948
1923.4598
-912.2601
1774.1765
6.1524553
691.0003
-460.5853
-506.34067
354.49088
14.083414
-1569.2988
-134.3666
594.0671
-669.72034
162.7722
1863.5823
113.362854
-1103.6738
236.89209
271.7503
-281.66132
137.27536
-1192.7074
45.523872
-1032.1315
-724.90283
350.02484
-361.86874
-1068.3289
-584.5461
0.18970954
-720.4659
2344.4197
-1468.9614
867.2169
1745.6193
587.022
-1069.3867
46.540047
723.51587
1003.5011
-1029.6577
175.22606
1718.1753
564.4009
600.9588
689.0821
-985.12213
139.70796
-977.85895
-256.5991
-502.53375
32.95242
-353.0538
1386.4368
61.61322
-569.9137
-1298.6609
1511.985
-215.3661
-376.10544
1053.4576
31.646015
-971.58307
164.05504
-608.98517
-1523.7783
691.2824
121.01974
235.43533
174.98601
-646.3203
-39.612495
-588.74115
-1219.1129
590.37805
-628.72345
-745.42737
-124.442055
-661.58276
-640.9263
-239.99364
-1088.7185
-163.51303
1124.0557
202.2976
905.7934
-1137.8795
669.67633
-1629.5723
-1320.9282
-513.6379
417.95892
3.676779
1301.8821
-903.0298
-577.8628
1262.5754
1540.7245
-842.3497
94.22691
564.99915
-982.59076
-1019.0508
-911.00006
-2614.0159
147.40097
497.5713
-1677.554
-208.60497
728.4498
1821.25
1090.3468
147.62326
407.62448
1443.6642
-1810.9353
135.05391
-1234.082
-643.1933
1110.4332
926.2485
-50.170193
-312.00156
263.27887
664.5355
-1050.7721
-257.5282
717.5509
156.98123
-692.64636
-1104.685
-829.99994
860.42523
621.0962
-1192.6116
22.273422
136.97954
-1058.9553
-34.47976
903.1417
-447.78888
-871.57605
1487.6378
255.38826
583.5679
199.66772
-590.3718
1778.248
406.52228
1164.3674
-271.24948
517.9042
1460.0374
-315.06036
-1307.4651
-421.0536
94.34588
893.6178
-397.95566
-2168.4175
-32.358414
2915.5588
299.4293
1042.1848
-248.43541
-144.88358
-449.2869
564.8727
1172.6602
-23.320936
406.73184
818.13983
966.43243
488.99274
255.57614
-556.4537
-5.369731
956.78973
-82.89119
162.40445
927.2348
-1261.732
-2528.8247
1280.367
-880.26733
-844.6496
154.0262
901.88385
652.2301
-764.1509
1244.3351
-234.55972
-376.87537
-1163.0148
-2101.0413
-560.1036
-711.929
1903.0743
158.71246
1737.4454
-817.1149
314.04074
955.5952
95.56593
-382.74634
853.9841
885.7245
-1423.7739
90.25562
1066.6506
-206.42932
-492.45435
-253.49057
-120.08907
1130.7916
-1978.9326
418.9628
-1047.8043
-619.9203
-1823.5548
758.2861
4.5101833
-1169.426
1459.8489
1273.9543
1279.8281
-9.056693
-35.898403
604.90027
1047.8618
1147.5635
-1710.5144
-1770.6703
-945.53864
1513.731
-314.65903
-385.67798
-145.75014
-978.08966
40.001698
-1199.857
276.72516
749.5739
-751.618
-1607.6414
-982.03705
-1448.5902
-1628.6622
57.943375
-1395.97
-896.37115
-262.6189
749.6656
494.19232
-1444.5127
-56.358776
-410.92285
-1130.5951
-312.46844
892.77423
-1289.3322
2192.8545
-822.4993
-413.91013
-1114.9889
480.50803
-13.248989
-231.2163
-768.2321
-564.6499
-241.66113
610.37256
1046.6274
-746.0174
632.7875
265.5124
1169.3928
354.82388
-684.54376
764.8227
-1359.427
1147.2423
1423.2766
639.88275
662.35187
-42.47941
139.98248
1119.0156
-668.0696
-559.98956
-1207.734
-534.3458
-376.0349
1727.2141
-64.30734
347.0251
422.93665
128.50282
-1205.0463
1345.8625
10.789084
-1078.3712
200.70883
-425.27383
406.86584
107.41372
443.81476
445.4641
334.8714
-545.3383
-444.21637
130.31235
-1208.1692
-61.346466
-399.32043
1591.4292
1169.2701
-285.98337
385.73328
1041.6233
-761.47125
-880.2415
101.78126
474.2639
-163.16158
-858.2331
-666.0204
-463.70044
-963.6115
1257.7739
-798.00806
526.46924
790.6508
-1149.4077
879.94196
663.9495
-1259.5582
-1431.3188
-690.4798
222.29114
-117.575035
351.86325
118.45767
1404.3245
-409.5553
-453.16672
199.44963
-1753.3794
678.90784
1580.1346
-346.86728
-262.57593
-202.03204
-772.6834
-2704.6904
1731.7363
399.25903
-1156.7871
1021.869
764.5332
1240.3387
-482.72534
-479.011
1331.022
764.9807
-1224.3899
594.0029
1229.0363
-346.55652
-100.10755
117.838745
-188.57843
678.6333
74.58285
-1438.3269
-1061.3081
1430.8857
44.25046
613.4959
-412.9827
-252.46487
380.3981
-621.4083
139.57347
-1767.1033
-561.60657
-699.932
1243.0636
-249.4299
-461.6248
-1244.0193
-556.513
-1808.2494
177.7437
587.9602
-1524.5061
-716.7129
1142.1279
509.65918
205.78519
1306.5846
238.51268
70.09947
1084.8843
-974.7724
-305.60474
32.611744
-1173.4075
538.7758
-611.15607
1300.4274
269.6841
-2203.7822
1460.379
-655.6327
55.4183
343.09055
-112.86742
432.85788
791.34753
1151.8728
-140.43748
1164.398
2644.0454
-650.08105
-964.9915
406.45212
-20.163877
-1550.9535
144.53673
-671.4768
-444.81726
-704.00555
1085.5466
2027.4789
1636.9495
776.99884
1050.6294
-343.40552
-691.3758
89.42544
1091.1692
380.96213
75.67438
310.02362
30.852642
-198.74268
-155.51071
-215.31981
960.6626
115.225975
44.53861
-282.3066
-354.81787
-1084.004
1640.5771
-1226.2201
-1201.498
-144.70067
-437.10114
1399.0096
516.155
1085.7057
-576.53784
563.7972
592.1681
493.279
-231.70927
-360.21957
-433.70016
1307.1246
-629.7498
962.5113
1992.5723
1597.5948
1519.0258
-1584.1127
738.6774
2572.4243
238.89232
-420.38477
-651.4032
68.328514
429.1682
-1378.7073
1972.3677
1126.3434
-1182.5122
-535.502
-1876.4911
666.99945
1488.5908
-1363.062
-273.91928
-1156.004
118.38806
655.9987
12.288458
445.22723
-1330.0326
-667.4312
164.95479
212.80371
1319.6154
-144.87685
-1382.4458
1208.8387
-2047.1089
757.5689
1600.0177
-821.5499
663.7284
149.2488
315.88037
957.6589
-241.57237
-90.708046
584.47577
1478.0079
-397.11047
-1051.8358
-283.13702
805.0733
-429.2529
-676.1177
1620.0403
-79.839325
-832.461
1838.3898
-404.10666
-1594.3688
-333.4064
-1590.5349
-592.59515
-1695.0306
197.72484
432.97952
259.6966
-121.78388
-432.23227
-704.74066
1136.6119
-881.9652
-1035.4377
350.32196
-349.66693
797.3349
38.681187
-87.34336
696.9234
-552.9342
519.3448
229.2641
-970.47174
-220.05676
544.48206
334.06808
28.334398
124.57814
131.81277
-259.99997
-258.20184
75.49314
355.10742
847.35315
874.5377
-792.7817
-407.86954
693.2124
698.4688
-1227.5865
711.8247
-1265.2358
1069.1506
866.07153
-1581.4548
-213.50317
-2369.9546
-994.06433
416.2674
457.9847
-813.6305
22.470312
-1190.4265
807.011
-227.5323
-604.39386
193.47981
-1793.9894
454.19812
969.85016
-2779.0867
112.90988
399.55225
