-925.3679
420.0932
1464.0356
404.24045
1202.1605
1229.9083
-593.48413
818.5354
431.07928
365.67303
-674.5665
-1267.0471
-787.91516
-917.4833
-122.132256
-1986.7223
-1836.6823
175.17982
-439.09344
1820.4775
-1108.5942
-1061.0894
-333.88794
-478.5409
-1054.775
359.50858
-119.91939
-216.41528
-1974.4498
157.4023
634.83704
337.30215
1233.6315
2484.6814
1436.1031
1239.5793
-559.3597
-187.30296
-162.90065
-522.4323
68.33387
-1656.6132
-606.27057
1524.892
1031.9872
-654.90234
-287.2137
-525.9441
-1457.0214
650.51874
975.8403
117.56791
-89.05861
-975.85767
1922.2484
-955.5748
1772.8247
359.16776
437.99286
-165.15501
-153.96266
158.31259
-111.81635
-1604.898
-92.23624
931.90204
-1170.1375
169.07936
1750.49
130.78687
-1127.1614
293.4352
21.918928
-261.47473
381.81143
-1121.84
-155.90736
-940.24695
-702.52606
749.52545
-155.56725
-1247.2698
-512.749
-226.54706
-722.3483
2679.0476
-1700.2045
796.69037
2031.5409
660.8196
-1109.331
229.91798
786.72156
805.74854
-1005.25366
-23.930637
1729.2169
552.7708
752.3091
526.02155
-1220.1111
256.4218
-899.7447
-216.50183
-824.60077
30.061966
-266.08612
1239.2379
-101.4147
-672.78064
-1163.1825
1544.401
-449.46875
-246.54767
1322.4701
-89.02563
-902.0111
414.6528
-525.1711
-1693.0336
897.5504
380.64078
507.52625
254.90182
-583.8164
-40.01332
-849.6479
-1223.0454
465.27304
-779.0352
-1164.3424
-687.3282
-1083.8276
-439.3115
-257.40698
-1255.3947
-118.10003
1069.681
104.33753
1060.2737
-1077.8568
372.386
-1731.9274
-1102.671
-580.0193
366.72568
-184.29866
1530.8811
-659.86945
-601.7623
1437.6422
1722.7642
-597.3787
325.08295
417.77606
-1029.2067
-1043.6709
-949.4014
-2601.3645
218.86989
529.51154
-1933.3258
-290.9955
684.0159
2018.0164
1464.2177
344.7111
513.28735
1730.7644
-1528.5645
-1.8295305
-1631.146
-809.3973
1171.3627
848.8563
-175.78694
-332.0767
228.67949
838.79236
-765.10254
-189.68887
1022.48553
140.51035
-518.0581
-853.32605
-904.917
858.911
379.69153
-943.27734
-101.595795
34.52101
-860.5078
-112.406555
1040.3746
-214.49947
-995.3961
1302.6306
230.4836
443.09204
306.14645
-644.7659
1517.2965
634.04095
1026.3777
5.6936684
567.48944
1838.0613
-761.9044
-1590.7213
-141.53763
142.27473
843.8878
-828.66583
-2290.92
-0.65119815
2972.0732
552.81934
843.343
-123.04267
-377.9925
-569.85754
474.98074
1368.5457
-282.9779
526.96106
650.2366
953.9329
-98.67262
204.74126
-262.49594
147.5864
1082.3456
64.50601
-108.436516
693.177
-1105.7017
-2420.385
1533.0416
-662.02783
-477.32095
297.98065
855.36835
342.3151
-807.23663
1194.8608
-123.04243
-240.64636
-1179.81
-1998.727
-606.64954
-505.9117
1894.5217
186.14003
1754.7424
-677.07227
322.4723
1274.1718
474.67633
-627.902
857.3171
755.00275
-1887.5239
-76.02107
1126.1111
-308.28348
-371.04337
-220.7035
-233.96062
1416.1947
-1922.1819
564.69806
-1338.9984
-646.2223
-1953.9702
727.0327
73.159805
-961.7492
1483.6254
1322.1555
1141.8492
-198.79042
210.91142
791.921
1189.4515
1404.5353
-1905.2396
-1890.3927
-1108.426
1764.7198
-114.14509
-360.05002
-49.234123
-931.21716
262.80878
-1458.3246
-17.009083
542.0699
-642.02405
-1627.8933
-740.2117
-899.38495
-1605.1327
347.32312
-1241.9211
-859.2936
-66.59555
842.3293
593.24963
-1461.207
-187.48541
-267.69858
-782.6669
-120.38722
880.1827
-1565.1671
2380.2893
-760.6116
-360.24435
-1044.6172
255.03374
-183.54851
-451.14374
-635.7778
-528.7612
-8.956978
557.52844
688.13824
-858.426
631.09094
630.5968
1050.9685
95.34194
-735.71954
888.42456
-1353.2026
777.2665
1477.3457
348.49478
610.8843
-277.42508
282.6187
991.0366
-699.87555
-724.7571
-1250.8988
-661.4163
-189.86725
1781.4637
-121.323586
200.0749
187.2045
378.58328
-1428.2468
1497.2434
-224.29353
-924.50867
-43.837402
-547.30273
281.90796
-124.66959
234.64813
367.2348
491.7596
-655.08
-27.313011
-30.555862
-1227.2622
291.79935
-502.28247
1455.1962
1016.838
-86.7471
581.79614
1098.9413
-1040.9092
-904.0963
48.039707
363.66855
-217.10088
-654.00824
-951.3289
-411.90128
-925.5605
1799.0464
-335.39462
479.3113
936.23486
-1014.7752
551.9911
434.09106
-1151.191
-1131.6517
-600.82605
-250.30734
-56.961308
278.81982
381.64877
1673.897
-449.62146
-479.1133
370.53137
-1181.228
444.6473
1650.5183
-236.87184
-180.68481
62.729767
-562.16693
-2771.5334
1771.2781
457.28677
-1018.44403
890.59216
669.70197
1291.9021
-548.11774
-593.142
1493.5786
642.9888
-1114.3967
653.8794
1283.5231
-491.15506
30.115442
47.644356
-46.342133
757.4641
-144.71727
-1653.6642
-1067.2107
1631.8335
153.56046
974.85925
-755.1038
-215.445
371.67325
-742.2534
-72.14995
-1763.2766
-648.3728
-613.3545
1279.2174
-547.4754
-671.56213
-1224.3435
-681.8794
-1572.0043
-55.99788
675.8719
-1502.4009
-733.99084
1490.4056
452.97498
122.930984
1149.0242
346.5705
100.7496
1301.1599
-650.55853
-385.0113
380.2051
-884.4929
288.7599
-412.85202
1254.788
266.08795
-2457.901
999.6917
-398.03174
109.77611
193.84013
21.966429
318.23294
500.21967
1243.8973
354.28073
1220.2277
2723.39
-558.7847
-1039.4362
597.54
91.377716
-1638.7078
352.60684
-829.3935
-413.0388
-381.54132
801.38776
1804.9773
1651.0555
828.4619
1134.6625
-459.0891
-796.55817
187.80548
1129.0322
315.97644
-0.72995126
287.3295
-6.761737
26.124077
-143.53607
-119.3103
1040.7958
90.904686
419.28564
-141.84096
-245.52553
-868.05347
1654.3489
-1279.9823
-1566.848
-46.627205
-190.75845
1670.2513
581.02893
1292.0876
-767.2174
693.15894
616.938
404.19757
-40.76298
-403.03308
-582.0661
1450.1633
-828.9088
830.0227
1743.8818
1416.9348
1769.3008
-1626.6735
465.29016
2687.6545
148.97931
-854.9528
-637.2973
494.67905
762.30963
-1663.5034
1884.1603
1215.1974
-1350.4955
-694.5898
-1776.9049
491.78607
1141.6451
-1583.1471
-378.7113
-1063.296
26.177742
470.65237
60.669476
28.597258
-1212.3958
-640.0768
232.07227
226.17485
1096.549
-203.28722
-1387.3734
1224.9502
-1788.4498
1207.1776
1414.4874
-700.9542
804.8459
748.27484
417.68362
759.2775
-386.53995
-41.006195
421.8376
1907.0913
-438.6743
-916.31085
-128.88911
716.96967
-238.39864
-676.65485
1366.9537
49.546417
-1067.9844
2179.2825
-425.17783
-1518.1702
-633.97186
-1516.4408
-496.55167
-1745.3894
355.33533
383.9739
86.04332
19.913977
-651.4493
-887.02875
825.5832
-1040.7397
-1230.2902
333.3678
-406.0302
891.4099
-148.71338
-118.26727
678.2889
-690.01495
541.1612
160.02922
-647.555
-427.18527
456.88635
746.83636
310.6552
80.52699
147.86867
-288.72607
-32.63396
-81.18965
497.7508
867.30786
910.3435
-817.26166
-58.243935
473.99493
585.3876
-1121.561
1103.9888
-1116.7766
1298.6461
1056.3601
-1777.0803
-478.22125
-2145.0698
-870.7681
298.0414
480.4551
-827.6769
-271.32452
-1351.9713
958.72534
-616.1365
-643.7017
158.21774
-1926.1082
177.37047
924.3791
-2803.2192
307.28607
628.9897
