-568.9942
653.17145
810.6
310.4872
1314.2294
1082.4001
-708.36536
810.9566
-116.712456
390.85953
-625.9633
-1229.5396
-848.7505
-1231.777
-607.2335
-1823.4146
-1609.5729
424.53732
-432.10663
1815.3312
-448.50763
-661.24646
-208.68831
-160.29408
-1366.9692
-97.99738
-985.13086
-192.80347
-1120.0911
244.92488
729.5289
3.0010867
810.944
1888.8937
1657.5752
1298.9863
-120.27227
-857.67035
-104.40469
-350.90762
-809.31213
-1073.822
-487.11188
417.77203
763.068
-336.03668
-290.16254
-936.4949
-978.2109
451.35605
548.6971
52.51962
-275.46445
-1347.7999
1692.9371
-505.5776
2112.5146
78.46089
610.5212
-331.7338
-183.54541
5.326023
406.38898
-778.88837
91.70477
375.26657
-446.66055
515.8434
1945.4954
179.5666
-704.2604
-71.938934
224.99101
-122.47004
275.4062
-1469.6887
40.724907
-1258.146
-372.88617
849.22546
95.781075
-702.4362
-822.0957
-859.3234
-502.75085
2534.9758
-1178.7286
1183.2354
1492.1907
826.9038
-479.06976
241.41153
879.0219
704.3604
-590.6491
-1.2427623
1553.8818
833.18506
1126.6653
122.9992
-957.0497
662.99146
-1062.1553
-359.61118
-345.87302
-95.699104
-12.314116
1165.8923
39.21253
-527.76996
-1466.4335
1250.9943
244.32338
-472.66373
1053.9509
-174.91891
-588.7534
313.39264
-779.7336
-1853.4664
264.49216
788.1154
-10.902926
-48.314922
-157.8919
794.03436
-722.971
-880.3797
992.154
-637.302
-161.38564
-377.71606
-544.6653
-670.00275
-102.27858
-968.1759
-82.15431
829.1736
476.3306
1031.6984
-543.8588
379.48923
-1650.6414
-1184.359
-484.8046
1262.741
-123.10873
1528.7004
155.91139
-413.76334
873.29285
1289.2925
-273.156
-207.97554
191.7159
-1027.6975
-511.7095
-431.35165
-2416.7957
548.6265
705.4964
-1536.0791
127.13636
357.19464
1915.0876
1031.1388
156.98326
65.37212
842.14545
-1838.4752
-111.86123
-695.2332
-333.20187
838.15845
422.88193
231.82944
-70.09707
731.74146
576.96375
-1161.696
-160.69868
635.82886
-88.75148
-725.9889
-587.4472
-304.66718
1315.585
-174.59358
-911.70483
574.4337
7.6421385
-937.4385
-31.280228
951.1506
239.04102
-797.46814
921.33374
-273.98987
762.0849
552.5513
-93.31954
1718.5992
97.01419
868.2673
-71.72186
960.15515
620.9487
-460.35434
-1824.0073
-336.0582
-261.28125
421.41684
-496.0538
-1486.711
634.3441
2035.195
-167.70105
1248.0625
-106.60036
-207.49973
-553.1914
248.80615
556.81146
-552.2045
-44.261738
454.56046
741.79083
121.08821
633.9978
-570.7426
-622.17645
921.654
-111.35292
525.64044
834.0746
-1643.7096
-1797.5228
1508.5277
-661.4654
-492.55383
124.69417
788.7111
907.4544
-182.25912
1257.5743
13.510153
-648.8789
-894.30426
-1314.294
-1224.6624
-1118.2672
1694.7645
601.4283
993.29596
-556.4174
635.74664
1023.47424
-178.75037
-732.3034
632.4037
198.39404
-542.14996
418.3327
1096.9188
-318.04495
-1047.502
-104.390564
-83.263824
1052.1735
-1642.0876
335.76923
-1489.798
-525.78687
-1293.4746
283.62625
386.99207
-916.3383
1335.462
957.8556
1030.7552
-146.71474
-8.983044
471.48135
1036.1422
1255.8818
-1190.5573
-1337.363
-756.0194
1603.5879
-271.44724
-298.38577
124.50422
-852.4939
220.39314
-1055.0759
190.47005
333.62195
-368.4932
-839.154
-508.31888
-465.08728
-944.548
287.70438
-938.77185
-732.6428
-381.05386
594.12933
-304.55225
-1463.5125
285.29614
-300.63004
-1592.2694
-161.457
468.97943
-935.70996
1742.9182
-929.50726
-380.45575
-846.7348
684.5163
-169.23163
-146.77615
-1055.213
-513.99255
42.22784
608.73773
1602.958
-478.53943
654.2112
174.16779
655.25696
259.35803
-339.13303
372.81668
-1542.5492
882.19604
1125.3745
-251.74467
550.2154
105.24346
432.0423
640.5833
-188.06131
-696.1921
-793.5432
357.4567
-147.32053
2469.45
-216.53662
254.43408
167.13243
537.1149
-628.83264
990.8362
247.19943
-935.1177
562.91736
-19.536015
-115.37829
341.81967
887.5254
459.19315
378.3438
-926.2518
-606.72797
331.63275
-787.0573
218.98999
62.500507
1475.4957
822.47034
-898.20966
-20.8994
1119.8901
-189.55414
-666.2155
324.09106
1311.9631
122.79193
-1565.8893
-383.42474
-331.03287
-775.28564
1279.66
-1285.0216
326.96188
182.65076
-1333.6888
808.3221
565.0283
-1196.1415
-1333.2258
-782.11487
443.7484
-112.14815
461.69806
497.3566
877.6106
-459.77112
-59.24732
607.1641
-1183.1575
648.82916
1480.3944
-894.0007
-342.5193
-639.99146
-313.01968
-2624.6438
1752.782
837.2341
-926.1783
1384.1655
411.90533
597.5136
-646.0532
-660.90686
1048.2246
431.5515
-706.57495
573.5386
1261.5353
337.76083
288.77423
264.3034
-272.18896
338.68884
-144.90926
-812.31256
-1368.0638
1243.3394
-426.08383
602.00836
-621.97156
-630.28503
434.51746
118.22028
-387.08304
-1543.0575
110.02499
-462.84323
1383.8822
-77.21179
-98.9122
-824.02844
-1032.6396
-1685.8193
477.84708
628.7308
-1169.8665
-1193.6396
1186.0867
697.07367
200.70482
1350.0106
224.33305
139.03317
1226.4625
-864.94824
88.2243
-417.3442
-954.023
551.78754
262.6702
1626.8595
-154.74689
-1858.3562
1517.6671
-283.92163
-64.997505
-196.0648
349.67172
361.0935
55.964603
1766.5258
-602.8653
452.97006
2108.82
-1243.3143
-746.3226
840.03284
597.41095
-1192.5814
348.89288
-620.7476
-545.21063
-747.09906
1295.6047
1814.4711
1186.3514
424.76514
1688.4893
108.41507
-24.623558
682.7238
1051.6799
-102.92183
-468.40314
382.24466
166.34853
-128.72954
-696.03467
-543.5141
791.21844
-135.09584
160.64856
86.04839
-633.94226
-1246.1431
1863.8396
-930.9027
-967.0644
-544.3574
-294.37326
1505.3043
507.82306
814.3769
-5.8416376
517.5969
701.9713
655.8431
1029.8419
-126.384
-619.2269
352.44644
-355.26492
153.09795
1569.8162
1306.4901
1652.5115
-1359.8575
991.3654
2198.5117
284.4566
-614.62665
-272.32062
483.05875
842.7068
-798.9486
1908.8665
563.0228
-1095.4109
-295.28992
-1829.6483
1075.908
1676.0297
-1001.9691
175.31738
-1237.4219
-520.83655
218.00642
-100.55935
261.61456
-1042.9822
-666.1955
-112.83544
-20.548496
813.9354
-868.25507
-950.69293
1476.1686
-2285.1975
903.16547
1088.2019
-302.76126
499.38867
3.459858
-412.2674
711.4958
-167.65034
-195.44058
1080.1265
1142.477
-308.5542
1.7428805
-179.8184
704.8631
-347.47626
-581.4107
1236.4237
59.780186
-239.90292
1733.4862
-367.32242
-1447.6781
-540.9238
-1543.4341
-674.31714
-1294.242
262.90927
89.8199
497.29645
283.4529
-779.9189
-1062.4807
1295.8124
-1078.7866
-2128.9712
-575.60046
-249.63676
1255.4292
377.85233
-286.6474
560.4901
-584.4297
663.8647
-120.86314
-944.54
-65.28779
-61.442932
654.38
-237.22778
655.8074
240.77722
-568.65955
-276.70493
-33.570244
532.0974
881.6093
765.94244
-464.09183
-338.42664
365.41077
402.19934
-808.76807
754.5802
-1185.6619
460.91757
791.69116
-1271.6853
-304.06897
-2071.4893
-582.5125
402.1095
1152.0499
-1134.5834
191.85701
-743.98816
1343.2738
136.8684
-698.9567
383.3839
-1115.3081
-31.625067
914.4413
-2536.0654
744.5472
157.25552
