-122.79384
188.60802
77.02806
-45.828938
-73.93497
-63.0637
-14.276104
97.849014
-38.480984
50.96197
98.13388
-116.42031
-52.532032
20.677105
-104.35345
186.7265
-104.18169
-3.5327854
-13.765272
93.72253
37.174816
-60.723866
-77.28736
4.2472563
13.97006
-46.509
156.44843
-84.18308
-257.64316
-109.40955
17.409805
-226.47264
38.946125
79.95672
77.15186
-146.39885
-102.626305
-119.62863
-217.14038
-1.0805482
-290.29007
-107.659164
222.86508
-69.87539
29.643524
20.785374
-96.3423
54.148693
6.935131
-154.84346
-75.122375
-3.135209
48.122917
45.53077
61.82659
-41.73256
104.664055
-32.879944
35.05267
137.10234
115.50763
80.39829
-14.767908
61.21993
-37.63886
-199.16476
9.462729
78.160965
194.12035
251.83699
119.59358
153.73387
190.13658
57.981808
-32.066303
-126.20255
28.997736
106.28542
155.61841
100.58559
-133.06537
297.1139
125.07753
-47.056816
36.137436
-60.30065
46.20048
-78.79962
69.5042
-44.97989
-103.4309
225.97653
120.84939
-58.33836
73.4395
50.970154
17.630608
-69.702415
-56.55601
-93.86192
-250.52827
38.05538
-122.80402
43.85275
-150.8067
14.4002495
75.68637
32.100067
-68.43131
140.184
-231.02411
46.393917
129.32957
159.32501
-102.31457
195.05415
-71.29172
-120.33918
-37.30075
123.674095
-62.20216
107.5379
34.207657
94.11944
-91.273636
158.78735
-112.14577
23.637152
35.247562
-27.027925
-113.143555
177.5716
-27.480265
-40.85739
-78.768936
46.275616
89.078224
256.46646
-96.63595
161.22523
10.10565
129.61244
127.759735
-13.3669615
-165.27992
94.57899
101.99317
-83.845184
68.95536
-123.27049
30.470371
-2.4349494
177.36896
147.20529
134.31752
25.368803
-10.364986
148.9671
16.046331
230.4832
-33.63623
-33.62482
112.987656
13.673273
112.71938
43.905975
30.744484
-81.271164
33.391483
-141.01288
-155.93326
134.92346
-124.28339
22.939285
46.98179
69.52069
-167.04039
281.54184
60.40129
-86.66207
-118.45098
57.3822
224.39395
-32.30611
-37.058556
-81.10976
147.2336
33.186935
-0.43642306
341.06808
-42.387638
-73.043945
-47.470154
205.5514
167.41191
-58.732513
-1.1338128
-88.16434
-158.37997
25.42552
-78.59183
-24.835901
-70.533
25.062155
71.71556
18.88113
-104.92407
71.46055
-98.32342
70.112114
43.038246
166.71356
-224.82378
37.55509
69.02449
24.500776
-27.498796
1.8546772
-45.991978
-201.91592
167.31499
-30.42083
152.76248
-187.74142
-61.460236
-6.8506336
-88.56242
-190.83575
-96.831345
79.37285
-2.5283678
-114.42351
-92.08773
-84.24095
2.4445148
110.39814
-174.8999
171.92413
40.85144
87.8016
-30.214804
-188.0443
-13.526154
-2.4509125
86.2511
-82.52309
14.0828495
-92.06006
-60.096504
36.224743
7.9897275
-1.5922179
-112.30384
171.64542
40.04433
145.62357
2.2169733
-178.5672
-51.54468
86.66994
-78.17771
-89.33878
177.80077
207.36008
157.22023
-109.23869
-58.575344
-126.78453
46.874943
-96.357704
-19.726967
-92.849686
-162.62236
147.48517
103.76279
-22.77861
-95.33935
75.91413
20.360636
-12.560509
78.59817
-61.15727
-155.77148
45.259506
30.401001
-22.567825
-66.00118
-81.04097
-121.335884
83.29942
77.51547
-61.234966
180.55902
-128.19856
-25.892097
0.69834423
58.368855
-223.07681
-31.629984
33.45543
-30.880083
-25.014103
-94.99252
-109.89697
-98.674995
-128.20694
-62.574173
-64.71413
37.156956
43.16951
-178.80359
-61.31647
120.26725
141.30215
-179.56981
100.249535
51.471058
-36.414303
-4.0563536
-7.5424333
-41.49507
-99.1271
-118.53426
23.71923
33.256203
37.8517
27.865322
140.74332
-60.479694
-30.293211
-152.9971
-31.909966
-142.91582
83.47779
34.318413
149.80956
-31.133299
-35.974472
60.628006
98.02535
-245.7086
-0.07417878
-167.76926
70.97458
-79.9822
-72.573494
-30.948431
-16.90855
51.615227
72.89019
104.17792
-22.655966
4.829799
129.04224
-63.261135
126.68891
-66.34136
52.463837
-187.28427
-138.17336
42.951214
9.831831
-51.028244
61.49781
-185.30179
135.42914
-77.90634
-36.92398
-34.33867
-82.44288
129.95448
-121.88426
181.97556
140.51184
152.56285
-7.5380526
87.71694
223.11334
-181.79242
-95.78186
-65.481705
-292.7008
-148.06122
-29.755375
-94.69017
164.32301
-120.445305
-182.93533
-46.698143
-118.16681
242.91583
-77.99484
-256.64008
-66.75334
57.296158
65.36612
71.44981
5.950981
76.28836
-84.72931
-14.421328
165.73137
-35.326057
-123.00596
-31.422539
-92.71958
155.40329
19.225666
-4.5483737
66.136765
191.29436
27.166069
-10.587244
253.95964
-3.5771687
50.574444
93.937195
-151.20189
-61.61136
33.827435
-53.763786
31.372467
-126.87782
-118.961365
-163.39177
-37.374348
26.376732
-46.233963
176.2476
4.2437344
63.12977
11.708883
1.4599285
31.418913
9.918045
75.40361
25.613369
-282.28287
80.7332
-39.16908
91.1219
157.69763
67.9961
-206.11798
-80.77216
-33.209652
106.5928
-51.646057
-102.55893
68.90863
38.267372
24.732754
36.059242
-77.031845
-47.536827
54.82604
12.659004
176.40408
-136.06235
-149.86473
-28.29339
-121.272125
114.129684
19.753569
-276.37976
-250.78027
-126.14989
158.33136
-240.24753
91.519646
-64.532234
70.27727
82.121414
102.74234
-38.614346
-177.18991
-65.85843
55.670155
83.06097
-104.141594
-19.38714
-268.61026
-114.95909
53.337334
-123.030594
-46.129364
98.18913
134.53725
120.34082
-98.5599
-102.933205
121.94436
-99.724655
35.25141
76.68707
132.58678
59.53833
-106.494576
32.268227
-67.408554
-70.024155
-81.65648
-7.364856
16.782507
-129.39464
-2.8869548
-38.822002
184.60959
-15.389571
-29.871466
-36.956165
-75.11658
45.139584
-56.93242
31.652552
-252.1766
76.58853
-18.307438
-78.898346
140.54147
205.57582
168.76857
-96.13365
158.0148
104.60589
13.027282
-89.59657
-62.183147
-158.82248
-42.66703
-23.378002
-34.69295
-18.127716
195.46056
-131.13501
-142.64685
-14.311817
-92.08935
-131.2285
-114.2473
14.446829
57.98225
44.02112
0.51283884
159.13766
-145.79153
-58.91906
84.58119
95.04259
88.618904
-60.00702
-40.888504
-59.771263
1.2231941
-51.410904
111.72715
14.598503
-61.773502
-96.53998
-214.298
-69.47149
-141.06903
79.8336
-41.144333
56.978443
15.981831
13.002865
33.079357
-111.79395
239.86588
83.6517
-67.76972
80.336555
22.286655
165.28888
8.844432
90.538086
124.22608
-89.05891
-158.98775
9.018922
-156.46431
90.86267
-33.278625
77.929955
99.07634
-59.138042
163.5718
-83.154854
-117.42511
-16.594553
-32.301723
-225.23183
-30.466213
19.526272
-110.2353
66.766556
-39.424637
0.18518889
217.9663
-108.41302
-43.634853
100.386795
-99.36984
181.34338
-35.09382
-217.98276
61.75565
-171.17073
-220.45688
-47.75081
-79.96184
42.9689
126.64569
-4.408563
-16.195143
-4.589335
84.45984
118.285126
152.76492
18.915737
-28.82293
-64.34266
59.449547
234.64491
26.327204
111.57168
-64.190216
76.90388
127.846985
-18.556984
-47.233727
-10.006344
-127.67256
-77.2629
-31.170275
112.43848
-48.75944
142.83653
-86.82009
6.101489
-98.29091
48.811707
58.8841
169.27278
-222.63576
1.8205483
-7.201337
