-343.88354
872.5412
-26.114635
481.37695
426.33444
306.51797
-87.59144
420.3625
-20.425186
-84.22413
152.4887
-1569.7122
-27.621187
-371.0695
-138.35275
-882.9092
-116.55524
782.9576
229.54935
980.9582
-29.388311
-1372.4623
64.57356
-85.224945
-295.0651
-169.10739
-237.76794
-233.02817
-483.60504
69.450066
-313.3063
-157.2525
-46.634514
1209.8258
734.1406
1106.0919
521.55804
-34.756046
-4.431736
-350.06955
-669.99005
-417.10953
-315.205
-2.623541
489.4528
257.44565
164.18648
-654.12665
-618.0624
239.73459
-360.05624
366.72314
-198.97041
-468.7266
643.95404
322.67114
1849.8666
-635.92914
-90.82278
-158.77756
-176.21411
481.02505
231.36612
-235.04532
-174.4725
-177.6681
-297.38275
35.543137
1638.4363
431.68802
-505.07065
271.27924
-200.42337
334.2872
52.61993
-638.691
-434.64294
-428.37982
-0.9908852
323.5417
-424.0513
-270.19913
-906.1128
-413.39276
-874.5768
795.0865
-1070.9083
1211.5702
1064.7686
423.9204
-457.46616
221.72786
1064.9618
-617.4209
-14.92781
151.85228
562.27124
641.48846
645.2167
431.5328
-873.48987
-143.3243
-415.93643
-397.03775
-1187.9048
135.59322
1036.819
1270.4683
93.31108
-221.50725
-773.21027
207.07483
470.39438
75.738655
763.0724
302.4095
748.38904
199.31174
175.5573
-1174.4362
1158.0237
79.60245
336.30493
-421.18903
218.76208
327.22324
-762.7698
-367.90903
883.00146
-244.54092
-186.0967
674.15924
-861.08405
31.351345
-424.74722
119.865326
-356.46387
82.664474
415.62012
-52.678596
-202.46553
-105.19447
-1804.354
-1016.85583
-795.21387
1233.541
494.60684
748.55505
83.00208
-228.2443
818.65717
839.89325
86.43826
-349.24612
54.21578
4.6749945
-749.5361
238.6614
-1455.7582
-129.22609
787.3058
-1066.0369
207.59065
-279.82175
765.8827
874.6377
-623.556
388.138
543.1017
-1074.9014
-505.8387
-98.54466
140.82855
600.3705
314.06705
252.69426
28.544313
1237.7843
344.05823
-837.9786
-148.51616
252.08759
-707.41675
-194.05017
172.9726
-1079.0157
682.6356
-680.27374
-898.07684
1446.6194
143.86465
-777.417
260.04654
1342.5035
425.73843
-481.83737
120.51112
-323.58072
-8.182793
-590.1539
-326.22415
1367.8661
113.51045
420.8997
-383.37494
-168.98659
72.71811
-81.18301
-980.8434
-643.73254
243.6782
166.78398
-923.482
-221.74495
1059.1996
1741.2227
-447.2864
1125.7224
-237.94664
-195.95024
58.118496
54.796055
423.72147
-1309.7881
-773.1825
909.01874
-624.0336
338.54532
905.82263
-480.78085
-223.44499
1077.376
-529.14984
-394.7072
221.05812
-682.3107
-242.8611
430.89664
-1015.1427
-0.8637643
-482.8315
313.47147
360.7859
-513.20593
791.09515
-679.15894
-211.9013
4.342314
-1580.4933
40.993404
-569.74255
1204.3704
10.804601
698.8602
383.048
-97.58507
472.4537
-114.42455
-343.8327
648.105
308.31873
-269.66827
-158.49211
-0.37738705
-341.4609
-234.25648
-570.0602
-61.03275
-341.515
-503.97144
38.307037
-1123.653
817.14435
-374.2151
-55.991398
-270.40613
-456.4998
625.8322
1085.8595
586.48834
-317.76215
156.08609
480.46277
288.4026
687.8802
-241.86737
-1143.8445
-986.8059
423.4421
2.3469682
558.0149
-50.13663
-183.97491
474.8826
-532.7708
236.46695
741.6264
-564.40265
124.75453
-102.8653
4.1729813
381.70963
-746.32526
-1189.5206
-852.32117
-71.42746
687.8003
-415.59872
-757.8828
-395.7542
-206.55702
-483.4882
-146.86949
235.24136
-621.1817
229.86526
-594.715
-1066.2979
-793.87366
7.325242
-497.2593
220.59964
-806.48535
182.16878
-292.5975
1349.0016
754.151
-220.16772
-61.687634
512.5426
-557.706
335.55768
-193.42862
1068.5066
-864.80273
645.96387
529.26587
-7.3012705
376.84677
1153.9293
290.3081
-288.46997
-1329.7062
285.0829
-1154.4365
603.16644
-6.4105864
1367.7349
304.32098
885.7596
100.93556
706.5982
120.272255
-419.1501
311.14713
-313.28928
200.6896
-63.1238
-899.1176
135.71779
275.27536
-254.70093
479.2214
-586.2198
-898.35895
223.90573
-916.6222
408.53568
-84.543205
1021.8433
41.33879
-418.4318
535.2886
368.85538
1147.9886
-404.09433
-10.258984
1112.631
-125.32733
-984.5327
158.8491
-441.42728
-549.1032
-148.51729
-926.71216
127.20772
10.46819
-900.7315
150.09921
454.13974
-186.72458
-16.13064
-176.96043
56.001392
149.06467
-529.46655
-134.29236
726.32104
-1069.6908
593.6689
325.02582
-382.74982
679.5812
798.33624
-330.1272
-130.93633
-467.4415
-360.54138
-2250.6455
964.9892
572.2495
2.0763505
508.7214
747.34705
544.73926
-806.1715
41.982952
-36.18953
-141.17235
-864.3966
512.8771
353.7132
479.0588
310.38998
571.8849
186.93483
-160.27144
-438.67862
-728.0237
-526.8388
906.24347
-546.76416
198.91133
-754.4903
191.6817
574.63025
-713.56134
9.887704
-524.8525
-368.6482
-285.5758
699.8346
486.09406
-155.09879
-251.70198
-576.9398
-316.94165
-162.26657
510.56982
-413.88324
-394.21777
531.3706
-23.18557
272.94867
614.6807
314.24454
-896.38477
96.2497
68.00922
-675.14844
263.4677
-61.779633
-31.50334
995.2325
681.1488
-509.26123
-1610.7458
604.0616
-88.75859
-95.29653
-509.17496
-515.9968
167.90518
365.85974
887.6206
-688.6418
468.40536
1066.2678
-412.96204
-497.3848
716.8291
200.44061
-1041.0737
-308.32388
293.53156
-860.58295
-911.44885
794.80237
1340.472
317.55737
-238.06865
780.333
618.53827
137.10497
-67.52085
-117.2084
-46.213024
-89.82823
239.15172
-41.712086
821.4318
-415.1669
-1384.8279
505.8353
-286.9859
146.31494
-489.3396
-51.480526
-556.5236
262.7438
-349.6543
-148.55646
-179.75337
-680.46576
642.4665
-577.4795
120.21808
-49.793495
863.934
2.170762
1055.5927
576.67413
-286.08112
-467.45816
287.95645
-629.89996
-631.7759
943.78
692.85913
632.6246
-890.1296
328.0615
1353.7667
160.34099
-130.39569
259.48514
-67.00652
512.0982
-1009.32336
1120.7565
-372.72562
-506.9526
-237.06075
-0.85651064
444.4349
1191.0035
-303.5983
-511.62698
-758.56885
466.87906
372.64368
591.3826
-31.497353
-9.072371
-1174.4281
29.587029
-14.705205
389.09744
-377.89627
-201.0215
1343.8787
-1210.6941
805.7983
882.12756
-970.6682
182.3113
473.23837
-751.9292
505.6065
-498.27295
-335.90857
477.19955
522.3947
891.89636
138.50278
786.2868
415.85107
14.420669
-289.0404
429.57678
711.5657
8.780514
991.76447
13.670717
-1458.3867
-278.21884
-1380.9053
-637.6757
-1598.8104
243.73802
48.72981
185.39703
588.38226
-390.37793
-705.78094
558.8219
-218.56688
-1388.1421
-238.46875
427.2958
-132.96243
228.10854
-320.3219
1002.21906
-804.30347
-201.7361
788.3116
-835.9921
-111.42499
-467.33127
794.9737
112.176025
515.8085
346.54916
-84.92676
-418.92902
-11.734489
539.1754
1025.3585
1121.5297
-163.16832
-776.57166
429.40564
28.669586
-1083.9904
309.69437
-759.4665
979.09625
-568.4245
-395.6465
-597.9526
-896.8605
-418.94473
620.23083
967.857
-602.41766
383.82315
-919.4825
845.201
205.31123
280.5999
48.5572
-361.2011
-237.93903
597.81195
-1601.0372
159.28302
34.93504
