-1044.6948
590.84344
1222.9747
115.58408
1303.4805
1245.5205
-843.8468
721.37054
171.5802
486.38162
-667.3841
-1458.119
-764.60693
-712.78406
-79.12517
-1866.4995
-1650.3513
399.6919
-593.3734
1757.345
-786.5028
-936.39264
-378.46695
-579.5209
-1065.3357
176.50493
-93.90205
-289.5888
-1855.5009
279.25476
663.40936
155.61606
1440.3066
2240.4124
1474.2858
1168.5409
-408.35468
-406.4294
-311.8047
-252.79462
-150.3797
-1544.9883
-314.0534
1591.584
617.47003
-443.1814
-210.42094
-757.9331
-1513.4218
728.8752
877.71594
-125.05882
-64.728355
-1132.9557
2021.6406
-878.03284
1844.1804
30.276167
708.0767
-382.64764
-525.7374
296.32028
-142.50012
-1541.4939
-232.17798
673.0035
-724.2159
141.26369
1882.6288
167.64844
-1270.6548
274.53915
273.0374
-248.82263
157.14809
-1138.3807
-134.11613
-1012.01196
-780.55286
571.064
-390.2699
-1065.2362
-674.8802
-196.08028
-648.2118
2371.8
-1387.9241
802.3765
1751.3882
525.70874
-1002.20746
8.025039
729.78577
806.1838
-1064.5065
33.740414
1864.0602
533.33545
689.97736
753.13965
-957.00543
104.19265
-1131.8508
-244.29419
-556.25214
68.05158
-389.7632
1374.1454
-143.1104
-664.63525
-1273.7491
1539.5707
-357.58923
-279.9907
1046.7804
21.755453
-915.6672
231.08093
-611.172
-1693.7565
680.7741
218.33847
438.15613
222.19243
-444.2528
-116.6378
-636.931
-1229.8162
484.46637
-611.1163
-745.17645
-220.02596
-804.4948
-600.23157
-256.586
-1090.2552
-105.12039
1171.6345
151.76897
852.1569
-1088.5867
459.10944
-1634.0487
-1307.2256
-560.16064
462.27615
-224.43369
1385.4998
-850.74347
-551.42
1278.8802
1426.8375
-733.155
92.72242
489.25342
-1081.5746
-917.6274
-991.4075
-2496.2375
295.41187
334.11664
-1775.2435
-153.43332
843.879
1838.2054
1223.2451
129.85129
430.1169
1563.9487
-1808.896
257.55237
-1381.795
-706.68146
1046.788
1012.96576
-168.35
-246.02522
205.69359
755.20685
-1078.4294
-148.79883
951.085
295.15598
-784.3552
-1134.692
-813.17285
874.08685
509.04114
-1206.1018
-112.06418
61.577488
-1060.0051
-63.395557
982.7726
-436.2808
-909.505
1438.3512
432.92947
457.46524
42.38806
-532.8113
1711.586
504.17712
1175.0734
-349.75797
520.09924
1575.0604
-348.64584
-1269.1309
-216.72565
6.345876
860.8735
-543.9373
-2206.743
-19.469254
2965.7488
292.0365
922.5188
-214.70308
-179.70123
-552.9424
454.35492
1304.9412
-142.9327
513.7689
802.83453
871.7388
383.0209
279.48492
-521.7364
150.61742
945.4987
-68.662926
-72.831856
853.37524
-1248.576
-2331.2288
1415.3707
-844.86017
-720.40186
325.55658
916.343
669.6234
-855.7236
1200.271
-165.89854
-290.49188
-1127.7798
-2101.2402
-526.6382
-706.4367
1840.6385
285.57187
1723.5647
-741.0269
243.47372
922.5453
278.6951
-464.4794
730.17255
883.35236
-1530.2677
69.2088
1049.5187
-268.12347
-320.34982
-130.76035
-180.3435
1247.6437
-1893.7682
470.48914
-1145.944
-602.91437
-1851.701
858.6787
-164.80157
-1217.734
1368.781
1291.3262
1156.5096
-21.112022
59.902927
643.60876
1064.1641
1288.2977
-1765.1747
-1625.5557
-988.0278
1557.928
-336.4822
-283.05276
-184.07759
-975.78265
58.802948
-1118.5297
176.63203
617.3245
-757.3216
-1513.421
-938.47345
-1355.3491
-1686.2283
95.09207
-1311.2162
-801.65857
-237.18898
813.9909
648.16113
-1436.527
-62.029793
-291.30884
-1018.9853
-369.72986
942.4341
-1415.5431
2136.4688
-834.39685
-364.57114
-1297.7223
340.82803
34.021645
-335.54248
-628.55396
-451.57422
-105.13744
557.8832
955.0867
-804.75494
682.7712
307.69644
1088.0759
462.6727
-624.7154
838.8411
-1445.2944
951.545
1430.8126
619.8019
508.56143
-130.0179
361.79913
1004.20654
-736.3235
-532.1114
-1097.5507
-572.2535
-361.73874
1574.9991
-27.279356
371.76727
306.0849
213.73299
-1165.5938
1414.4596
77.9264
-1087.0497
182.33481
-409.95395
442.78342
138.4498
492.01642
396.1994
430.62445
-621.75195
-371.6951
140.4734
-1194.0502
-88.93982
-366.64465
1572.8369
1066.0753
-203.72032
547.55804
1119.6718
-987.30554
-786.7954
155.51112
501.69815
-73.41211
-975.98615
-757.51965
-386.43732
-1011.21533
1426.5631
-851.57214
558.6812
880.1108
-986.27155
712.22266
497.84485
-1459.3928
-1401.7959
-704.4952
81.04708
-146.71497
295.2112
322.784
1405.0862
-544.1357
-540.26086
240.74814
-1543.3536
596.0405
1676.409
-180.42128
-322.9733
-144.84752
-627.5342
-2845.738
1851.6392
463.54807
-1225.8588
1063.6609
828.2062
1104.0741
-664.73376
-531.5423
1264.5486
695.54663
-1212.2048
423.2792
1157.9006
-390.34
-142.15796
152.40034
-250.62753
693.57684
92.55113
-1514.3202
-998.13354
1414.7823
-45.2999
684.10205
-546.0358
-226.44896
495.77197
-603.09106
156.4527
-1727.1082
-463.37933
-663.5874
1237.2039
-342.76663
-555.2335
-1245.1963
-530.3152
-1748.7147
69.3212
657.93555
-1660.3837
-736.91296
1230.7645
569.16077
298.41995
1115.0936
351.57913
-30.280685
1239.3593
-935.02344
-482.61096
153.921
-1147.8127
500.91406
-586.08154
1277.4344
196.4152
-2281.5051
1389.0153
-615.9078
147.2565
342.21887
-167.03767
463.487
746.22504
1168.3424
102.8811
1127.6606
2565.348
-753.6816
-881.5296
566.5372
-26.755936
-1597.6636
207.16249
-598.77905
-478.86758
-775.47003
925.89166
1975.8219
1682.2638
986.545
1092.401
-442.6234
-678.3035
165.96211
1131.384
191.62155
-2.675099
257.9878
99.77413
-169.38487
-140.3547
-208.84973
1080.8181
117.5567
183.166
-392.5334
-333.16245
-1083.0385
1627.3066
-1179.1504
-1115.0416
-237.57542
-253.84875
1366.6077
537.0361
1098.6271
-478.89026
647.99805
715.37805
444.45886
-176.20125
-388.54642
-412.2053
1360.3356
-759.3297
983.1978
2010.4768
1613.497
1587.4596
-1675.757
662.7828
2493.3757
221.27377
-391.49124
-671.13135
34.493767
600.39215
-1396.638
1939.097
1166.3064
-1161.7134
-313.95886
-1836.0936
596.9517
1339.2806
-1522.1774
-329.55646
-1147.6552
37.525753
745.3998
59.702114
432.99728
-1158.9867
-580.2562
118.857635
233.09216
1307.5372
-64.86806
-1425.176
1264.1521
-1969.7953
781.0542
1376.0322
-794.63293
624.325
196.28229
314.44827
803.21344
-300.87863
-36.24829
539.0053
1574.9669
-296.90012
-1101.4973
-269.33475
799.2636
-367.58524
-638.3696
1684.4427
-181.74023
-907.30164
1896.657
-399.65326
-1654.7906
-454.15164
-1622.5482
-569.9074
-1666.264
329.04807
429.83493
203.57433
-106.44915
-474.07004
-859.70306
1100.7848
-902.29584
-1137.3059
357.09702
-363.03058
920.4704
82.854355
-251.87268
540.6268
-628.5729
486.34338
181.144
-803.27814
-128.63249
521.93396
392.8224
25.888796
67.68312
35.615147
-237.53362
-141.88802
61.258198
378.33444
776.7622
758.62335
-787.05853
-423.0559
685.33453
639.717
-1187.9512
892.5181
-1138.7563
1032.7286
989.50867
-1654.7574
-382.55136
-2190.0315
-842.0201
328.02292
417.79843
-831.2035
-65.49222
-1176.719
885.4131
-358.14706
-622.16473
102.16356
-1863.5237
454.7404
917.178
-2738.125
149.10469
554.54803
