-416.1515
320.3625
748.365
301.72705
1264.6066
976.10394
-701.71106
807.1974
-193.26187
19.51459
-572.34436
-1519.5822
-942.29175
-768.786
-674.63806
-1298.9889
-1126.1389
773.8582
-137.02148
1792.7495
-267.24554
-1066.2384
-188.0685
-89.30551
-894.2296
-47.28476
-987.20636
-147.4996
-791.2967
220.84329
476.60727
-159.89888
674.4312
1586.1892
1683.9763
946.16406
-180.22844
-365.7013
153.61964
-478.68176
-856.09265
-714.9125
-315.71405
402.63614
659.4224
-383.99493
-292.0733
-1087.3947
-703.49316
254.93494
456.2073
-20.789627
-5.7706413
-1334.9391
1390.0045
-297.0755
2088.4937
-166.08937
537.5099
-250.34274
-292.40515
-182.41243
519.36993
-762.43176
-259.37024
191.36057
-298.52036
336.57068
1865.7122
75.42286
-392.2387
60.435562
3.7507017
-496.96054
425.81482
-1548.6407
-189.23181
-1410.0939
-184.1686
768.7199
68.33818
-748.9945
-779.914
-1112.3472
-669.69025
2379.8184
-1163.7362
1156.4246
1374.244
1029.4504
-531.90845
321.1858
1199.6284
359.01132
-549.1541
277.10315
1430.6948
1133.5835
1083.7354
-128.93701
-1064.1517
658.1832
-977.9616
-378.56445
-329.99313
16.484705
-86.78274
1573.7814
15.093712
-806.7607
-1426.2798
1133.4059
311.0407
-444.85522
1122.7207
-143.40709
-529.5399
506.83374
-620.14557
-1947.0067
259.93765
799.3268
295.38553
3.0812125
19.648832
1015.493
-776.61835
-801.9387
1019.3378
-709.849
-102.17734
-215.285
-664.0572
-861.7974
-324.63382
-510.11145
-510.1871
656.5072
298.19446
664.2051
-466.13788
517.0194
-1787.747
-1400.4725
-326.61374
1267.9352
127.41784
1491.8055
11.565059
-578.4616
1039.6937
1284.4315
-270.8605
-189.20276
416.071
-344.357
-319.72235
-367.57797
-2313.0237
812.2305
685.88947
-1166.628
145.38962
251.5038
2155.6301
924.2895
372.42932
-117.45036
832.0836
-1572.6681
-358.09924
-391.4576
-88.217354
964.869
382.7122
597.8485
-141.36977
534.2371
477.55896
-1353.649
-105.4714
419.0493
157.69792
-595.09357
-573.0517
7.162727
1113.9623
-460.96643
-1040.7404
393.9725
68.837204
-713.36206
-172.87285
931.48926
566.4342
-676.8632
1034.1005
-344.5943
800.01685
249.98633
-174.63104
1546.034
71.71299
950.2125
132.31969
874.4858
381.35086
-605.3044
-1475.7666
-488.21863
-415.41504
271.7508
-803.12726
-1673.3241
618.685
1906.942
-347.31564
1201.6586
-361.2967
-577.2968
-116.32133
151.64987
154.16357
-590.0389
-119.79279
598.1479
653.6354
84.57873
990.369
-845.5954
-517.38965
641.9517
-108.83159
288.5832
782.1966
-1328.9845
-1405.4353
986.6475
-196.66237
-324.70007
446.63248
736.3417
605.7378
-303.14926
1317.9143
41.665974
-459.12787
-682.1526
-1336.5566
-1063.5085
-937.25116
1409.6365
559.7957
727.4148
-474.81192
834.13416
1056.9991
116.915825
-655.76154
648.8902
136.4891
-411.68005
575.3453
829.45593
-529.94055
-829.0768
-250.84537
19.11322
705.9818
-1297.6036
495.67188
-1473.9062
-470.6223
-1373.8986
275.88715
406.20834
-962.13525
1287.3602
1090.4473
859.1952
-23.418938
87.66538
574.28253
618.3244
1314.976
-1378.4353
-1501.6769
-1043.324
1341.3477
-429.5303
-258.391
161.78053
-554.8773
402.43478
-779.6098
226.1538
-43.72879
-53.21996
-1019.95355
-557.37463
-625.5665
-956.87866
124.11558
-501.31805
-398.77966
-482.93942
681.3946
-623.15955
-1483.2612
-2.6831234
-435.26746
-1671.3717
-327.9772
444.25195
-750.12787
1338.1459
-803.9526
-685.1261
-868.4224
555.4816
-317.25238
-69.706215
-849.47284
-466.2544
163.02269
339.58875
1167.6376
-461.97556
655.30237
-396.0476
423.83246
128.13701
-577.2523
216.51018
-1478.7169
732.5181
640.7451
-122.59239
433.876
394.8988
692.95374
426.50635
-625.55725
-569.62964
-795.65875
749.55634
-27.309792
2219.782
-136.00029
436.1864
262.8642
456.37082
-419.16394
749.92755
255.17691
-818.406
218.32634
-7.000199
-373.88327
-76.00015
927.7121
629.17847
160.55588
-861.8458
-670.775
374.92944
-603.902
425.11212
-42.906315
1655.0911
775.76495
-1259.5463
231.84825
992.39417
-253.37022
-508.97345
434.72815
1201.6224
-70.001305
-1554.9342
-175.8908
-276.5329
-678.0702
1289.4655
-1127.0667
424.18512
-5.0649834
-989.71783
426.20938
354.44556
-1131.9941
-1495.7085
-821.2167
383.0457
-66.91621
540.0206
443.06958
624.841
-210.52412
-6.0005407
711.6721
-1318.7449
790.066
1223.4226
-910.4957
-85.72804
-930.77704
-2.5140386
-2887.5608
1709.1238
869.6438
-764.7218
1438.5068
72.81062
547.6866
-403.64572
-898.71124
927.6717
539.9163
-634.5819
403.19287
1085.6398
639.64453
119.14706
216.24895
3.4953775
371.75058
-266.17236
-875.57605
-1235.3889
1270.5844
-416.61905
869.6953
-519.27185
-723.18317
251.85493
-137.4561
-259.33572
-1634.901
91.71254
-361.443
1342.4598
-203.71832
-156.8415
-628.79944
-1092.8757
-1397.0282
334.10498
808.0209
-1020.64545
-802.90594
1197.2449
776.82007
518.46106
1691.987
-222.45953
210.92903
1054.853
-720.0985
-268.5658
11.488669
-632.08234
451.11035
514.94684
1293.7595
-143.57915
-2133.652
1241.9745
-567.73364
-66.76865
-590.1957
640.8544
426.85443
-2.9814887
1481.0339
-863.4021
542.0813
1865.632
-1141.4061
-783.5019
569.7545
797.29517
-1072.3008
276.4405
-83.642136
-865.83356
-784.47974
1257.823
1706.2943
1154.544
185.25252
1634.8529
-67.72851
-86.81687
638.1262
855.9705
-2.1478653
-538.72516
367.40598
237.71834
130.87701
-648.3544
-576.3789
540.8965
-674.1932
250.77628
-110.899445
-90.760796
-1315.0852
1831.8005
-827.09717
-856.5416
-535.74115
-744.1258
1409.4781
-39.60834
575.8807
-297.1064
600.4856
545.8949
1045.1522
888.065
78.65521
-447.79877
402.7754
-541.8708
211.16414
1516.6984
1313.729
1348.7058
-1363.2999
630.5011
2094.7505
292.19583
-347.67926
-310.18036
679.5456
782.31824
-950.497
2050.2424
408.83508
-1001.70734
-25.10384
-1643.6752
988.1187
1461.1567
-890.6758
136.88206
-1228.3982
-276.14578
148.41241
132.28632
347.85168
-421.11353
-694.6525
-349.15384
12.158657
842.5741
-893.95483
-568.17676
1440.2897
-2198.13
741.10095
1197.6906
-381.2031
354.7869
181.33809
-476.6127
865.5797
150.53406
-62.46098
1468.366
1070.8119
164.24821
-67.12426
-180.28935
720.7908
-483.51462
-93.812065
1239.5137
201.96625
222.28084
1751.2166
-407.20502
-1555.622
-794.26404
-1571.7509
-796.1276
-1167.6393
377.6665
428.02515
288.22064
44.11714
-641.9592
-670.70056
1407.8666
-1105.3754
-1678.235
-658.4407
108.19074
983.2525
231.95901
-378.05847
831.57153
-478.59976
522.5445
-6.416851
-452.36066
21.349524
-411.66968
965.0029
92.23411
858.149
541.1038
-585.0935
-137.66689
-84.64873
556.97107
997.0955
1122.7986
-774.77167
-457.49866
431.07483
472.31128
-771.2383
859.94403
-1033.7971
361.76144
601.41705
-1203.7865
-438.7663
-2037.5566
-889.06616
664.8844
799.3936
-1070.0997
215.595
-507.96616
1308.3922
183.62785
-735.60486
401.87894
-1135.3129
-304.8656
829.26514
-2460.832
257.18567
27.492575
