-976.52094
606.1272
1216.5627
98.25315
1272.4
995.34283
-581.4452
935.20715
54.291454
577.1203
-834.93
-1343.758
-1009.7739
-905.3753
-125.200676
-1752.676
-1691.1752
284.18964
-499.49924
1606.344
-607.5714
-736.2733
-74.11432
-456.61853
-1143.8862
359.45236
-608.9844
-408.19934
-1638.6177
194.83882
654.34094
289.13458
1257.2129
2190.491
1793.242
1365.4873
-492.396
-369.72916
-209.58679
-347.70197
-419.44055
-1476.1746
-807.177
1316.1895
638.13873
-551.04395
-84.65151
-1092.6477
-1294.6002
799.1272
752.6771
-173.17842
-192.56776
-1509.5043
2010.9773
-753.191
1706.8478
13.762924
769.4558
-427.09317
-380.94934
130.69656
127.84057
-1136.2488
-179.60919
684.2018
-786.21735
631.3989
1649.4009
141.56168
-1193.3785
-350.70285
194.7339
-205.6632
522.574
-1296.6493
-26.191841
-1244.506
-434.6422
675.19476
-269.50464
-475.3371
-318.049
-461.06772
-323.89627
2326.9275
-1452.906
748.9281
2072.9922
373.6565
-755.4084
258.72836
839.6337
676.25684
-947.8473
30.020311
1713.7855
630.7281
625.0404
463.40378
-1072.8636
229.1194
-932.37524
-356.61227
-887.5129
-108.05431
-303.9045
1012.12506
-8.029061
-839.0827
-1228.5548
1331.3667
7.4271884
-406.5133
1160.3619
-200.33917
-784.61694
454.66925
-430.83417
-1537.1375
769.70953
568.6194
275.3881
39.322544
-674.4468
312.06775
-622.86523
-1136.8665
703.3981
-599.8415
-593.1717
152.04942
-658.3471
-780.45795
-294.5411
-1253.8966
20.524868
1107.6167
250.52036
852.21497
-746.95184
435.2179
-1313.1147
-1278.8097
-297.8592
493.17166
-56.455994
1471.097
-438.83344
-388.40628
1057.7397
1415.6699
-708.57104
82.08134
900.1902
-772.84454
-1051.0616
-852.1239
-2422.6702
261.24158
787.45184
-1732.8334
235.50052
771.0869
1672.3748
787.6553
44.82183
348.99988
1389.8821
-1859.5052
54.28316
-934.5085
-399.71786
1078.308
860.2532
99.41018
-427.28638
466.074
482.17902
-1368.4628
-148.63899
695.18286
-242.45708
-481.6499
-668.30273
-632.7889
1226.2644
530.65985
-1051.4423
365.23737
388.10147
-1242.3534
175.52588
879.1483
-457.23074
-823.02625
1402.5111
-23.241282
376.97946
245.45656
-504.3443
1466.7123
209.25726
1246.639
-257.65
719.4078
1188.3784
-599.90735
-1080.6106
-568.9076
207.06032
689.2582
-453.02737
-1929.9077
151.49829
2610.1174
113.47795
1107.191
-200.54272
-58.386093
-432.8095
347.99524
744.1028
-285.5172
-16.730473
470.29376
1017.2727
444.68173
561.99854
-616.54565
-51.01541
1068.8254
-291.90384
172.9071
694.9209
-1445.8607
-2373.6016
1302.9568
-764.6534
-872.097
-152.67148
636.6142
840.38513
-491.03143
1184.3633
241.78581
-101.32971
-1227.1714
-1661.535
-922.83466
-967.12354
1777.1746
205.90344
1578.8988
-609.4531
422.26425
974.3429
70.732864
-355.69897
895.2472
299.82324
-989.7668
337.83563
829.32104
-150.19354
-274.88052
-341.34232
-6.6231427
1105.6068
-1594.9697
63.65494
-888.06586
-676.1667
-1374.353
425.5913
-54.280983
-1082.8248
1309.3691
1131.8315
1269.4943
-191.80846
101.87189
378.4462
1035.8433
1155.4612
-1651.1406
-1613.9297
-837.03546
1302.3796
-523.8747
-378.4967
289.1815
-883.69684
166.9208
-1272.9766
379.54807
597.1711
-656.3066
-1316.7283
-655.97845
-795.42944
-1645.9078
236.304
-1181.4225
-806.4817
-254.12943
632.4607
267.6298
-1357.3922
2.2472293
-488.61627
-1212.5138
-336.45978
923.2685
-1458.7709
2359.1719
-981.60156
-706.00024
-948.1762
871.2839
109.08786
-89.13887
-964.8458
-839.60455
-360.37085
476.09842
1129.9261
-602.08417
412.10553
339.9827
1265.1055
226.01906
-506.25278
765.20776
-1567.4462
783.986
1052.0067
404.61206
885.4318
307.3381
85.78293
577.40137
-884.8086
-698.0509
-869.20404
-229.55551
-197.29451
2257.9963
-353.89655
396.3896
277.4634
-66.48034
-1029.4075
1061.8357
417.60944
-1049.0615
29.80731
-651.52875
423.2807
318.92996
773.59283
567.7386
400.42004
-437.70224
-453.48203
261.55563
-1067.2891
177.81213
-235.32613
1001.85474
924.94543
-429.23422
431.78717
1110.1987
-494.30264
-1026.2306
139.35522
607.4722
-400.81454
-1263.9294
-436.4789
-92.91289
-841.39105
1061.2235
-838.6323
509.50317
601.46576
-1400.1403
887.37964
657.6713
-1148.9352
-1373.528
-918.31165
216.74898
-216.37212
285.3333
200.52222
1144.626
-502.20953
-61.713486
265.27606
-1695.0044
436.9069
1482.7577
-535.68286
-325.0561
-77.53791
-599.80035
-2709.4614
1450.0739
628.7942
-1057.299
1254.7046
482.47397
1032.3893
-838.32654
-532.6379
1362.5939
953.421
-909.32
746.4822
1126.3154
-175.16855
-151.6855
444.06992
-423.4146
675.68634
-151.59663
-1297.9901
-1463.2777
1537.5238
-223.37366
747.0282
-791.16626
-519.14557
543.2194
-518.09283
200.73584
-2152.8406
-665.276
-959.992
1205.6489
-38.9704
-637.0623
-1301.2771
-836.31433
-1907.5557
120.41822
537.1866
-1457.0146
-961.0072
1235.6177
587.0326
148.55405
1653.3982
231.7373
9.545506
995.96375
-932.7213
-387.3003
-53.89993
-1194.5945
577.99805
-419.15704
1361.0071
117.406456
-2105.4946
1580.7273
-490.16174
-241.30643
430.94046
298.2367
508.99545
593.0667
1442.905
-385.90747
1065.3849
2714.8042
-980.42194
-1222.3691
382.85974
201.99577
-1356.4375
40.55772
-499.57346
-460.68323
-473.80722
1424.5896
1878.3463
1559.8875
762.3282
992.0661
-205.04234
-362.86646
257.90884
909.07043
281.7257
-184.6015
488.94147
106.198395
-437.78192
-124.91133
-596.8017
768.2276
-12.761961
-84.29605
-85.870895
-289.09113
-1220.456
1795.2542
-1248.0975
-1137.8768
-343.15488
-407.15082
1588.5902
593.7703
928.7822
-535.391
574.14923
1009.59265
730.85474
191.60797
-155.55696
-555.5969
873.40173
-689.1963
815.16437
1657.9608
1666.2806
1804.4259
-1525.5295
432.16803
2214.3132
652.7315
-516.9355
-516.63135
241.98993
414.60828
-889.3044
1796.9513
905.87695
-1247.8838
-501.1477
-1683.5042
507.05606
1603.8341
-1317.8802
-110.48917
-1171.2054
-144.90143
589.1266
-124.89136
215.76213
-1238.8518
-742.17346
113.8051
235.12827
1312.9237
-451.28546
-1150.4398
929.1284
-1802.052
995.344
1657.1874
-830.20044
397.05054
230.5623
-4.635789
981.5578
-35.204018
94.323265
1109.7147
1511.7488
-202.78058
-623.1634
-298.52005
825.21246
-330.1775
-656.3833
1425.5508
28.565292
-511.17468
1818.5789
-405.18503
-1683.8524
-576.1615
-1518.0394
-510.3719
-1848.3054
318.5764
357.8472
520.37823
15.099493
-287.76038
-1056.6992
1155.0728
-949.2199
-1412.6385
-198.39957
-477.14905
1071.7892
125.371994
133.8583
878.5789
-808.2587
690.00635
199.66872
-892.7697
-180.36272
284.27963
312.03522
21.598267
461.12878
662.7734
-489.02182
-611.58527
324.1628
250.51501
783.7049
815.70703
-559.9417
-172.38174
402.00323
620.1317
-1159.1642
966.7634
-984.76385
954.4001
980.17914
-1282.6228
-212.65553
-2249.3809
-664.49023
555.10236
828.83295
-797.9957
149.58087
-970.89856
1035.9093
-203.2723
-791.9292
278.3065
-1339.7261
422.60187
1198.8457
-2803.248
353.10388
372.4788
