-719.35077
493.9003
940.1938
213.02745
1294.5404
1118.7072
-936.6673
881.0214
-177.19214
445.42322
-863.03284
-1153.6321
-1183.6871
-1223.249
-592.0228
-1859.0251
-1596.2338
510.04016
-104.48239
2272.4944
-481.69525
-836.5384
-363.6301
-122.60906
-1311.4386
-177.67921
-980.95734
-504.3987
-1449.2136
95.45896
627.38873
449.5064
986.8451
2102.2507
1913.5441
1160.0623
-347.0413
-523.8758
-122.167366
-489.22583
-644.9975
-984.23706
-552.0784
458.49368
875.78796
-337.57983
-5.799736
-789.07104
-857.71313
725.6832
380.19678
79.77251
-240.66096
-1417.8215
1809.09
-696.91425
2192.473
-135.60045
820.0842
-510.07098
-128.29915
11.536036
261.2699
-978.0254
-11.787978
717.23096
-328.12357
478.98322
1630.2646
326.4015
-1213.205
-215.30495
321.37714
171.75337
432.4918
-1305.6158
19.059536
-1199.2485
-133.635
732.6204
-195.30913
-795.2304
-713.5484
-692.4493
-295.3024
2382.229
-1184.8358
1148.4922
1380.6956
540.3324
-149.10039
387.40118
965.8224
691.3336
-709.97156
135.82072
1696.119
903.39703
726.12634
465.4537
-982.8072
581.5956
-934.1012
-283.89545
-645.76086
59.287205
-113.71861
1353.1003
-86.653854
-996.3797
-1111.2361
1310.389
160.10175
-617.7476
1133.5161
-135.01183
-349.66928
343.96964
-640.18835
-1828.9397
311.55478
627.6225
-269.21936
17.3301
-417.51102
678.09186
-646.5424
-718.2995
832.8774
-984.2763
-178.36339
-157.14145
-248.72511
-641.1276
-369.85913
-989.0715
-90.63236
802.3915
645.1238
838.35803
-597.53577
129.84798
-1594.9668
-1488.4231
-287.27808
878.4047
-230.66782
1426.5697
-120.87852
-397.49783
769.89264
1408.6703
-220.74553
114.721565
170.46722
-782.3864
-760.4281
-566.6036
-2493.3887
558.6319
619.5121
-1533.448
200.44347
514.1068
1570.7384
946.41693
126.580765
50.331997
1072.172
-1883.6001
-97.94376
-876.28503
-341.94168
926.0595
601.43585
213.929
72.571236
553.7855
497.8123
-1276.3789
-220.26709
779.92975
-390.37064
-949.51117
-470.64026
-249.05716
1266.8124
96.076355
-1080.3573
186.47041
214.6516
-868.0819
-52.199764
730.245
-96.92979
-938.5146
1166.1348
-290.96585
455.84702
560.31354
-429.3436
1901.5715
285.80594
1185.9601
-127.08825
556.0694
912.8052
-325.83658
-1604.9569
-324.53607
-245.46211
511.16498
-333.41086
-2011.2922
565.5687
2397.5576
-437.48718
1200.1572
-176.1639
-71.7005
-547.07495
359.3601
898.85065
-578.6046
-186.15347
239.85806
620.5077
168.43414
488.5879
-628.2875
-381.34778
837.9204
3.603046
316.78195
841.6902
-1570.9465
-1863.4431
1502.943
-525.0913
-642.50305
-22.380823
541.023
821.56104
-381.3215
1380.8848
-240.92506
-382.35953
-1001.7402
-1678.9963
-1333.1892
-1084.8688
1624.4574
-14.043482
929.2399
-582.55817
461.96115
921.1477
188.6254
-436.297
462.1671
254.16121
-472.82294
510.36957
981.91223
-228.27068
-800.23206
-147.32121
33.86354
1111.1755
-1651.4738
314.93384
-1447.8131
-579.28033
-1378.8912
288.7501
96.63863
-1196.7706
1178.4064
1020.2267
1090.1211
-249.40411
162.35962
477.89053
878.58826
1249.9391
-1606.3069
-1311.6464
-748.8101
1688.222
-394.91046
-288.73285
331.84
-941.9852
84.684875
-1028.3905
261.75293
492.27057
-452.96313
-947.84076
-324.11224
-609.91644
-1144.2296
531.03705
-989.44794
-642.8692
-279.00784
510.0132
-160.01373
-1331.008
361.10767
-314.90802
-1500.944
-6.3377347
403.27432
-1033.6517
1873.342
-1060.367
-459.01376
-754.6811
1014.7431
-84.94384
79.27949
-1237.0001
-831.7848
102.59871
891.3199
1406.4954
-631.5054
584.39844
-37.86259
860.4836
189.26427
-545.03564
659.1291
-1685.8066
822.3741
1225.9275
-22.3832
869.7019
-7.1351953
195.00504
710.2036
-374.56647
-432.73682
-789.66003
90.61777
-119.09228
2496.075
-279.62772
121.96267
362.988
346.3253
-859.57263
961.9295
27.32636
-1064.6898
565.42865
-192.29611
33.218227
490.40707
1078.8446
612.29645
529.2889
-759.33167
-519.33527
298.0454
-1013.0834
-95.02138
318.48477
1541.9667
898.934
-1029.0988
-162.85115
935.25134
-520.59515
-402.91803
463.63632
1197.7754
-342.28198
-1554.2743
-356.915
-521.55566
-944.2383
1393.3455
-1029.784
225.95425
184.68842
-1651.4808
1076.7072
589.608
-1268.6914
-1286.0448
-854.79016
285.29947
-35.36102
331.19757
466.82056
1058.7382
-669.3938
-104.14104
560.34143
-1376.8611
857.8052
1748.0138
-586.78876
-315.4049
-591.7817
-41.44989
-2866.806
1719.6716
687.702
-963.35114
1490.5272
279.03424
916.3795
-767.9473
-568.1019
1314.4121
532.0422
-773.10706
526.74115
1289.0743
218.5248
147.57335
214.02179
-441.5705
342.2918
-120.449165
-1300.2261
-1412.1112
1608.4911
-47.739914
635.0036
-494.80014
-686.9151
239.3725
-85.69519
-64.615906
-1807.6354
-100.08458
-501.92685
1314.5374
-37.677128
-531.9175
-975.4009
-1130.8663
-1888.2094
310.4201
516.2584
-1291.298
-1321.2451
1274.4358
500.18686
362.6418
1468.9612
379.9559
239.76823
1091.2812
-835.1608
38.877773
-305.9556
-914.2365
454.7721
116.946945
1546.8684
-94.37859
-1835.2561
1504.1151
-408.58203
-39.16775
102.528496
241.31235
652.5589
238.41327
1528.6368
-722.7191
737.4729
2146.4438
-1168.262
-642.36694
566.0577
512.0254
-1311.7234
175.86656
-379.50244
-664.98755
-697.3606
1352.373
1814.2472
1119.587
478.78854
1602.5951
-51.83176
-462.79916
726.074
1076.3447
84.109276
-191.11229
452.99915
145.78545
-68.22916
-631.288
-448.66406
932.83746
-124.8387
-13.103479
157.20543
-446.7011
-1214.9615
1756.3114
-990.6992
-1045.206
-415.91055
-373.0966
1656.7556
669.1895
873.9653
-127.33397
790.1737
642.7515
643.76215
1016.6319
-398.69717
-442.12512
321.33078
-546.27924
80.30363
1467.0189
1241.5841
1781.2129
-1488.2101
820.2084
2279.527
443.0993
-697.92896
-635.4306
292.3762
770.36145
-927.9387
1786.0864
655.7211
-1264.1685
-46.809692
-1800.4752
1173.7112
1763.6329
-1424.2434
154.4361
-1197.4274
-554.2337
580.7253
-162.17572
54.71027
-782.72815
-777.07996
192.96674
222.3404
985.2717
-1065.0735
-1011.1351
1129.3881
-2163.9338
867.4416
1228.8845
-527.5796
588.6093
169.45157
-358.04266
931.16364
-205.75417
-111.64986
1094.3934
1406.6056
-436.75714
-290.10373
-189.46515
702.74835
-404.11972
-721.1422
1153.8463
25.311699
-381.0547
1476.8353
-189.99142
-1271.8016
-693.2789
-1573.7588
-736.40594
-1603.2802
361.55832
235.85184
367.85645
324.7099
-645.5889
-1196.6245
1205.7742
-798.52
-2000.4622
-94.82397
-421.6185
1211.1133
591.35443
-169.85571
774.8604
-683.9084
472.7242
133.74174
-938.28925
-85.29362
226.83961
466.53833
-103.97473
552.2019
605.29694
-352.2045
-346.5182
-27.94095
246.93674
861.7173
844.88684
-561.5246
-597.26056
582.0672
759.14417
-806.2901
778.7687
-1109.1484
453.15198
759.32654
-1088.4023
-126.32197
-2049.5178
-749.2832
604.12537
1041.1755
-1197.8883
151.6074
-810.9771
1410.3037
-31.61466
-725.16516
540.84827
-979.43976
292.89514
1204.9619
-2765.9724
791.34735
436.43533
