-340.44492
417.52655
279.88217
448.11758
1033.5442
1093.5906
-557.5921
885.0825
-32.73899
7.910109
-758.1135
-1580.5874
-934.5985
-773.42053
-705.6093
-1481.588
-1054.0605
481.63797
-92.195854
1691.9989
-135.1419
-1298.0408
-303.1047
-85.9841
-713.079
-21.30363
-851.7609
-136.46458
-709.98956
364.25232
303.04825
-191.03198
415.5471
1580.3923
1552.8674
993.77637
-57.410004
-558.9894
174.51027
-537.2086
-633.3816
-635.117
-372.28107
490.55896
475.8419
-550.70844
-409.0051
-1233.0128
-667.74603
218.82181
203.2595
65.71715
0.64692575
-1497.8087
1240.17
-63.89512
2124.095
21.279985
534.35754
-200.78745
-459.1833
-213.79352
579.91876
-743.0777
-382.1995
239.8904
-287.38086
454.9419
1835.5311
193.15843
-453.59055
183.18446
103.24708
-440.16266
250.9529
-1687.2189
-174.01495
-1333.1307
-336.33432
814.64374
101.57936
-811.1682
-987.86456
-1090.5347
-587.85364
2320.8928
-1275.1731
1082.4537
1467.606
783.14764
-771.1788
160.91106
1016.6262
493.22525
-446.76114
370.43152
1368.7141
1188.0267
985.6272
-284.9483
-1155.4298
618.481
-938.9954
-478.85898
-752.0278
-51.585712
-91.15867
1407.3087
-385.21457
-881.5809
-1355.5115
800.87695
54.549488
-413.88388
1098.6313
-9.492623
-660.89606
762.2065
-533.3909
-1903.6411
265.02475
821.2438
309.40912
-190.82643
29.783396
987.74414
-597.20905
-811.327
842.2409
-699.10144
-289.13126
-134.1865
-620.11395
-884.2385
-113.23863
-593.2413
-386.9457
444.10843
409.2661
704.3832
-601.0613
413.18564
-1629.1906
-1281.0411
-534.37335
1225.9446
-47.568554
1597.8948
-10.1829405
-539.3648
900.2215
1361.4154
-232.5081
2.5412817
233.56177
-170.6428
-170.52821
-159.71756
-2314.3682
746.51776
357.3233
-1205.5631
0.7214606
190.97842
1876.631
881.5233
361.12433
-49.693035
756.3557
-1508.536
-554.29205
-98.634254
-116.32554
719.3412
557.35767
636.62085
-159.31606
514.38934
304.06735
-1269.2649
-171.54747
309.62253
-146.44646
-662.8402
-354.38498
-19.102848
1095.2628
-715.24664
-981.01587
262.66815
195.31902
-595.8195
108.39369
753.961
595.5748
-699.76184
904.0448
-344.83084
683.5871
148.87195
-375.2721
1405.1154
111.083244
838.13934
43.543385
874.1546
257.8862
-488.86005
-1542.8976
-589.7836
-520.303
331.4819
-905.7897
-1715.899
747.4535
1627.9727
-422.66956
1131.7241
-183.12112
-684.91656
-92.54862
296.00174
22.030832
-626.7048
-288.16693
392.9321
436.46793
126.036934
1031.4025
-813.50616
-374.94482
681.6673
51.79017
371.79437
726.15576
-1185.8337
-1329.2035
1094.4451
-577.1911
-537.5205
375.2868
948.7496
637.15875
-253.14781
1454.526
-65.88296
-200.29964
-898.92615
-1411.2147
-1074.0453
-1162.3334
1230.7504
517.769
735.2255
-320.86865
679.726
1040.7023
83.72474
-958.1885
915.7723
32.316586
-356.33777
774.3771
783.0058
-297.39325
-835.8528
-338.2594
47.908657
432.54346
-1168.8788
268.29083
-1698.9899
-379.2183
-1247.5372
424.9357
332.9333
-855.8885
1210.8707
1204.6182
1184.9445
15.391494
170.83391
540.425
992.9724
1270.5653
-1238.5753
-1578.1151
-1056.8064
1375.9497
-479.13373
-55.917694
50.02409
-627.1106
643.3757
-810.1225
153.71019
44.96
-187.10323
-953.55914
-454.60147
-863.8647
-894.54517
208.2206
-446.40668
-575.34015
-122.17294
511.2555
-525.62994
-1442.5667
-59.88831
-444.2161
-1640.1277
-399.655
282.2373
-564.8286
1159.8677
-832.7524
-830.59326
-774.52954
691.4705
-341.93768
34.66474
-724.71844
-303.921
217.42616
419.3424
1030.4408
-466.62558
627.149
-403.35083
497.37683
-235.22205
-388.0722
361.8485
-1285.8812
708.5194
655.2621
-82.208885
446.1311
255.63152
807.4955
570.6949
-540.6598
-455.55295
-593.7657
751.9417
41.134857
2113.869
7.74745
271.03452
153.8199
500.63354
-382.88535
681.6684
307.28723
-572.769
236.09692
-128.77759
-322.92453
65.87186
1041.3013
526.8398
170.86461
-720.307
-733.8987
144.58124
-664.97437
177.83705
-3.5158339
1652.1293
691.43384
-1230.8647
207.14407
744.05646
-135.90866
-584.6545
399.95667
1218.3997
110.23542
-1549.2183
-137.14085
-214.3185
-676.8659
1180.0354
-967.1172
368.93588
-147.81686
-1128.0704
687.6011
548.57043
-1006.828
-1489.2822
-836.09924
475.15414
-41.10684
594.10785
253.59787
566.21594
-493.3315
-134.80003
799.96716
-1289.2219
719.92804
1310.7968
-892.51697
-254.47101
-949.1932
-86.43507
-2857.478
1454.9274
674.4612
-856.2732
1613.436
32.759186
679.43665
-441.84012
-793.5047
902.10114
588.72705
-746.35205
322.26898
1391.4578
582.2132
-9.074493
248.56235
-192.98485
410.02368
-313.12787
-963.51764
-1016.92413
1233.4535
-231.91515
798.57605
-304.04605
-658.2314
391.5888
-15.963002
-118.20669
-1466.7189
98.605385
-346.09937
1334.6194
33.80504
-201.59753
-763.27747
-1085.2075
-1259.5789
276.69937
815.28485
-799.1971
-807.0251
1157.1925
773.68896
381.11072
1645.7036
-220.68869
249.86954
944.5402
-801.4171
-245.52536
152.76607
-442.06088
254.96713
534.52997
1156.527
52.66973
-1965.4548
1137.2188
-538.9935
-7.6878047
-537.30927
504.0737
411.45087
-44.427326
1484.6654
-567.45044
557.3562
1886.5513
-1316.5044
-909.2296
339.8238
732.6801
-964.11035
188.36137
-184.34514
-948.9208
-977.2654
1328.6791
1682.6729
1257.4858
-224.99988
1458.7911
133.79344
110.445854
558.1711
895.6722
-91.52219
-384.74213
301.2517
92.10217
18.467405
-811.458
-623.2041
649.6156
-899.7147
253.05737
-31.347021
-211.83661
-1325.9216
1405.8915
-843.1441
-1018.2708
-504.63245
-757.36584
1376.5693
-14.304773
677.70856
-328.77692
569.79047
535.90796
943.6249
948.33813
-382.75128
-445.33792
454.59537
-387.29495
337.5976
1560.1868
1511.9072
1507.719
-1293.0226
618.5896
2052.9707
316.3773
16.251265
-370.63272
644.24945
753.13794
-867.1532
1926.704
309.9994
-1186.3131
-21.350744
-1487.4196
1000.1217
1261.5435
-792.4791
168.21654
-1077.1008
-342.67932
381.7695
370.70078
259.7546
-317.60144
-701.009
-346.1116
204.76111
811.72296
-1020.24963
-486.93613
1419.618
-1960.6677
940.4162
1250.343
-479.83023
162.3706
183.5741
-491.89697
727.14075
123.1294
63.005234
1529.3524
1127.6116
103.710175
-116.46797
-395.1968
629.62415
-708.16296
103.49606
1323.9048
282.3451
290.96722
1843.9384
-394.01242
-1288.2383
-811.9908
-1482.462
-756.66345
-1288.9137
558.5243
558.4333
444.6876
59.654285
-669.1597
-548.6422
1342.8549
-1016.2103
-1999.708
-536.94794
120.75466
966.5686
388.05496
-579.35834
974.36395
-442.585
473.0536
48.97593
-779.2308
-31.261509
-357.28452
1177.7245
201.48491
805.27795
547.95624
-447.8715
-73.593056
-7.922986
509.647
926.881
947.30536
-530.5108
-235.91104
202.65353
496.5796
-696.6582
1011.078
-895.0179
506.43146
552.2967
-1163.8894
-473.833
-2097.2068
-766.7952
628.093
788.12994
-946.8357
335.55325
-622.5081
1236.5831
504.42676
-637.5032
308.3726
-1203.0817
-186.82025
684.9126
-2420.4207
300.9667
50.19134
