-466.81296
923.2326
51.00849
573.44116
416.65936
304.50992
204.91832
219.38033
-54.7335
-173.9591
296.58908
-1474.9347
23.559387
-136.1762
-189.58601
-1081.022
18.221449
760.535
152.43753
662.99866
26.542414
-1294.1947
-0.9381102
-46.191505
-448.00436
-347.6719
-36.019135
-12.413148
-699.245
20.943478
-470.98102
-518.44775
-172.35196
1031.3187
578.80334
818.3202
594.7607
-125.45756
65.93305
-662.7013
-619.9586
-795.5561
-139.9044
-3.8763127
469.48816
371.37454
73.09818
-356.22748
-372.32166
357.86942
-158.7473
546.2962
-388.62787
-223.43755
541.01135
368.9445
1722.64
-605.30554
-271.07407
-32.718964
-243.1795
568.94824
361.1599
-331.19186
163.87633
-150.3451
29.985397
-13.251081
1380.772
309.935
-65.82942
277.57022
-233.77574
374.62042
-23.95987
-369.31555
-427.16202
-179.39499
-135.67384
209.9409
-645.4304
-95.669525
-606.6885
-440.8379
-605.0327
732.3585
-939.92
1259.661
902.917
271.5245
-347.9295
194.16331
910.5511
-846.58716
-225.73059
480.31415
650.82336
684.7102
571.2991
368.81104
-919.2894
-372.7915
-230.89064
-338.8699
-1112.5635
83.42476
1498.6226
1144.727
-136.06909
-171.9699
-792.11896
186.19518
424.26212
79.20993
730.6593
84.193924
439.6634
409.45105
233.00247
-1079.204
961.01495
54.878033
306.30438
-589.1203
28.945215
481.28314
-824.09485
-455.7564
829.6461
-101.28063
65.05279
430.09265
-868.6162
-90.64527
-526.4347
505.80228
-353.03793
-104.52422
281.26773
-113.83444
55.588184
-127.16558
-1796.0194
-1058.882
-731.0882
1040.0785
565.7972
801.7103
204.18549
-410.9555
752.17584
1055.9513
200.52097
-313.18475
-55.561115
401.22168
-722.756
131.77614
-1661.4614
166.39795
629.763
-1062.8577
411.8136
-119.862175
603.27155
751.6811
-666.2033
606.77783
638.15533
-1214.8882
-309.96085
-206.75279
472.55856
366.19455
249.19568
311.2271
-38.231396
1153.2048
201.28133
-819.7802
-62.964066
160.47963
-330.36197
-14.590916
268.04517
-1036.9338
794.9414
-728.6561
-757.29486
1605.6799
282.55246
-539.05164
-41.528152
1289.069
480.96518
-523.72626
324.11893
-366.46454
-262.8727
-444.94803
-74.522804
1260.7163
273.6141
311.48502
-205.03755
-99.3186
-13.735568
-268.0486
-877.63824
-621.82446
622.36145
435.4698
-944.40625
-532.63666
872.50464
1331.0386
-202.95503
1075.3698
-115.3583
-133.6933
102.74376
154.50937
797.80505
-1252.1992
-1123.9279
499.49692
-793.78046
29.944233
552.85614
-399.9145
-145.59387
887.8761
-222.80327
-663.5591
100.37065
-730.9595
-52.019165
365.3206
-640.43085
-166.4024
-452.80298
562.13104
-20.749243
-489.54773
790.36707
-681.137
-604.6154
232.56406
-1582.5348
76.66233
-634.51825
1365.9807
262.07895
482.63837
480.31488
-238.80734
340.51547
121.37715
-541.9037
740.6995
251.26207
-456.81833
-217.48582
-247.8332
-120.65311
-380.5522
-476.1039
2.1229374
-399.4787
-326.58493
153.48178
-1386.7322
696.22534
-198.02968
-80.87275
-311.1301
-355.42523
557.55225
1201.1965
421.75806
-168.6789
88.73972
422.25632
-19.32056
698.90405
-456.84363
-828.81665
-734.0317
551.7862
-6.115194
541.41797
45.188812
-96.6807
719.1806
-431.40576
232.6027
625.4999
-700.21545
-104.50178
-88.61865
52.18883
356.53894
-685.3318
-1021.4554
-578.7299
-176.88527
405.4419
-354.15698
-459.1056
-360.2016
18.449163
-116.733345
132.03992
161.57973
-518.7705
168.96043
-362.9867
-836.173
-551.68445
16.985533
-452.60532
166.95345
-491.41782
419.51474
-603.42456
1264.8523
737.95636
-233.18137
-43.025
517.48395
-827.5461
127.53098
-168.50757
1081.0667
-788.87317
779.3964
482.36545
331.8608
257.2723
1257.7527
202.46252
-409.40857
-1140.7454
358.45163
-981.7984
278.47156
37.268288
1282.7416
311.84048
633.69653
-16.834688
358.7065
167.40262
-130.71487
337.19983
-123.13654
-139.66577
-105.55985
-587.5549
169.88838
-0.45884204
-109.47753
539.7212
-553.7726
-757.20624
158.7341
-616.1701
193.02124
-196.64458
730.7998
269.20193
-537.1394
471.55524
326.26346
1140.3264
-439.90897
-10.095025
830.1044
-262.01324
-1049.691
117.03284
-335.06415
-630.5341
-230.66383
-919.6779
105.333984
12.0028305
-721.1612
247.44948
388.20367
-86.28182
68.63648
-12.906249
-97.27288
-139.25635
-285.78738
221.95699
891.6298
-886.3453
534.6406
461.65555
-449.45734
812.2506
940.45636
-578.6158
88.96357
-343.77457
-280.93832
-1982.992
1087.4205
488.07242
-123.14126
314.6028
630.2912
249.13861
-648.9365
45.189903
9.661537
-116.48909
-825.74615
231.9576
115.50052
213.64954
18.413239
549.9222
202.7032
-266.13477
-315.99884
-849.058
-363.06332
842.96826
-566.14233
453.09262
-699.13574
17.104813
291.12173
-721.62146
-50.363853
-277.17563
-460.68124
-402.96664
825.2099
557.0313
-263.5916
-163.84618
-843.9064
-293.0175
-61.29727
422.90454
-523.1677
-289.2611
361.10764
-225.3778
264.54962
547.52545
305.18835
-844.76385
230.85205
-9.069612
-786.7862
267.39264
3.1654155
-104.17273
1312.5414
537.03546
-584.16284
-1546.0359
702.0206
-87.91886
35.664165
-467.29617
-399.73743
-32.049328
412.87927
775.5624
-759.80054
619.25806
1117.8088
-344.06613
-416.25266
458.09436
77.14469
-991.1522
-420.6267
-28.886509
-835.4924
-844.7787
671.7313
1286.8514
407.3629
-63.16551
959.78577
246.06873
-271.39667
112.87812
-218.92249
-145.76993
28.675303
259.68658
64.990105
726.46295
-549.2027
-1412.8584
581.47217
-322.01358
42.87207
-431.14258
-140.12624
-434.2838
107.280594
-306.48996
-204.4803
-141.3664
-1036.313
443.78625
-570.5222
-58.276466
254.25516
794.4893
-2.8589706
949.34796
511.4706
-221.65938
-361.85593
167.28941
-576.0057
-707.05005
696.44147
746.717
637.1099
-739.0877
220.82922
1296.2852
-32.412907
-404.70474
250.7447
-196.83409
531.9135
-1084.909
923.16785
-386.23514
-480.67523
-337.51587
-61.06211
389.32764
1041.7446
-350.72626
-662.2871
-774.47015
247.22893
304.0981
701.18317
76.52965
3.514355
-1185.1664
167.83643
126.89218
362.5353
-251.63017
-186.63365
939.5986
-1174.1106
791.85565
751.9731
-855.8496
-324.0741
361.77475
-961.0282
404.63068
-247.30374
-391.07013
237.11197
310.77792
924.07324
235.96236
820.733
286.9314
295.28973
-176.35355
416.79523
821.13104
-71.288345
1103.009
-393.2562
-1242.418
116.32713
-1349.396
-657.47107
-1537.664
469.21597
-154.54536
-77.42951
722.2867
-201.72813
-1063.0907
554.9483
-277.70996
-1158.1039
-242.06609
635.2097
-267.62103
270.61365
-169.53448
1062.9435
-944.8891
-255.8121
840.3497
-762.33594
-48.653408
-308.50504
728.2855
411.3921
653.37445
210.18402
-158.52379
-413.167
73.81151
588.0483
1011.6046
1052.9486
-326.1017
-622.0692
369.26086
-62.015892
-822.27185
477.2173
-610.93256
1271.5985
-302.266
-394.39536
-129.11012
-834.0781
-124.56561
623.2931
690.25836
-687.2895
226.95233
-706.13214
764.34424
249.78304
-86.047264
181.90244
-286.1426
-347.5389
427.56284
-1323.1066
200.98262
303.28372
