33.87544
347.16226
21.320433
420.2764
139.60097
-186.10382
41.133595
-202.51883
19.425457
604.3167
-95.16329
-293.53293
-164.70421
-72.26272
7.8463955
-237.71962
-347.33597
318.60013
-95.87568
322.38394
57.985703
-79.080795
-240.88641
-50.376244
-514.3781
-25.459908
22.40242
53.126114
-98.053734
-51.531296
97.52118
-16.507519
-88.866776
495.72263
487.89343
104.53506
117.17213
6.411235
-364.21075
-398.35583
-35.27112
222.60567
164.27228
108.07248
69.1755
107.685646
-19.302166
-262.82092
105.25307
-297.62894
229.12762
196.55449
-21.61574
271.218
-56.08394
-168.7605
227.17033
12.381664
160.91492
213.394
8.179145
406.021
184.43082
-93.65705
359.7172
81.92743
19.152733
292.7575
164.09763
15.410123
-88.02897
290.77048
215.38712
104.125824
-220.01328
-390.34714
-46.48595
38.624073
-65.518295
65.7045
-461.5482
372.95087
242.04948
-106.86755
-39.336025
-25.093925
67.01918
217.94473
322.04663
99.11495
-90.46122
83.00778
490.66373
-422.43942
64.221466
193.37997
-321.28564
-280.8153
80.71762
-14.953644
-226.30273
-167.054
-10.779095
-65.893715
-439.15277
218.52602
188.752
-48.10949
-2.5746176
340.93277
-276.91736
-140.2435
416.3396
-115.52437
-29.148182
-52.96594
-101.296524
155.25974
156.9784
-21.376112
272.3036
444.71732
-6.195819
-114.77624
-229.06523
-35.01837
-308.24753
-54.312065
240.28168
303.13684
-154.84909
100.48667
-104.58454
124.23311
-271.70197
300.16962
213.52054
-253.32591
-76.028755
-167.03865
-179.28381
164.71942
3.5960197
-333.84595
150.82088
-54.177116
151.0571
-439.29846
128.2833
-171.50793
-151.36833
-319.07358
353.7827
78.00144
195.80226
20.951294
249.075
-15.092208
-575.4035
85.95276
77.35248
78.127655
95.881065
338.20697
-41.07566
9.26644
133.7353
-119.855835
-51.00036
-151.08148
-36.267292
253.10579
-172.84752
88.78357
20.024357
-10.847163
134.38434
441.32986
251.93599
-139.22852
-154.60374
87.50881
-149.77864
-295.67728
-390.17862
-4.42424
-94.328445
-71.57226
-45.568577
502.37854
-275.9206
69.26324
-159.08714
594.4497
293.18454
-414.9814
20.84483
-65.84861
-391.23605
264.5786
177.7223
227.63998
40.137943
145.85495
-95.921394
-32.15451
-495.56677
227.78532
-136.91411
-12.316942
281.79254
158.44571
-503.8148
-253.85492
-151.32887
-39.70838
141.54459
94.2635
-168.01596
-93.65631
93.30326
219.32918
264.21603
-296.30807
206.2384
87.361534
-269.73853
-268.98663
-57.58516
-20.05592
-18.971102
-39.695168
-215.02719
13.600838
186.19693
64.04777
-37.305775
318.10004
195.51663
-253.23602
244.89664
-152.25417
-17.576622
-268.77673
120.505844
20.790657
221.2842
-3.3471284
-48.217728
148.95886
-273.03122
-98.79361
13.569832
241.90826
260.16794
172.04713
59.503464
-367.47107
-282.33118
-42.061058
201.1121
126.00456
-192.07791
450.25058
143.95256
-474.46298
-33.32892
181.15692
66.422905
-424.85214
-96.55616
-326.82135
56.825306
242.96712
-32.655254
-55.081104
-28.05221
-74.80947
77.35146
-1.7615583
-7.02641
80.84747
-79.51713
-202.67673
-61.38742
95.01883
-20.522985
-282.18005
-170.80841
-0.49909794
-34.240383
-86.13878
400.6153
217.62889
-74.51442
-124.128586
227.54073
-367.59802
132.2726
27.737606
-19.379688
313.58072
-345.2841
-466.36465
136.49942
23.468906
153.08727
-223.47531
82.73454
-105.29811
-215.00798
86.172455
317.5115
136.885
-357.3114
-6.0783787
197.10165
99.802475
150.40816
-242.35771
187.51637
-166.51416
-628.09265
-319.3262
242.8491
42.87459
22.29014
157.73662
-61.85386
265.52194
-405.5601
137.93402
-186.845
228.7021
-106.67187
20.972597
-142.05615
-298.0963
-145.2981
310.02982
-33.113083
-43.86834
-344.9167
-217.03667
-204.17503
100.57743
89.419075
229.08261
-21.280636
457.61264
417.1677
170.99461
59.09031
212.24345
301.96457
18.299707
-284.13718
211.16954
-511.45798
-3.5834634
-146.71059
-106.13297
-216.58034
-84.447105
-340.16992
326.1199
-409.98413
196.68509
-487.64917
153.24469
168.54128
-103.732635
247.20384
480.91544
485.15088
-251.66904
-140.58774
169.39906
-78.45812
-50.6482
92.967705
14.952551
-215.76642
57.459034
-368.40204
-37.044044
8.372387
-129.73486
89.22236
-22.902847
385.57858
-109.001526
-99.15947
-166.27992
-64.53278
-62.174625
204.80086
381.26712
-324.9368
28.454994
18.182634
339.99588
-111.97822
-23.709007
-164.54303
-328.88644
-54.49664
-167.84933
43.50313
-27.306564
208.85905
-93.55581
9.20833
612.9164
106.838974
355.4916
20.057903
38.663616
-25.268513
206.01846
-140.50655
-216.33383
-183.69016
-118.486595
-276.13052
14.626974
-280.72272
-132.0462
-272.68057
-37.316463
-81.81191
-138.75548
10.850403
-93.87157
280.0104
-28.532957
230.18413
-104.48177
128.08643
-195.65868
-261.8332
221.9004
211.99147
-444.88855
131.10335
-300.92795
334.8937
-280.58438
-151.5436
29.140995
213.8991
294.39932
-131.59845
39.75263
223.44069
232.95953
-311.42224
562.42
-284.49078
-271.05902
67.5063
-13.558058
320.96274
-182.3607
-567.79456
-372.02313
-189.66173
476.94507
-127.52846
-226.28319
-231.43875
39.72386
-10.147703
131.64879
-94.24848
-547.83875
54.68172
404.36652
-116.75729
44.173687
-241.33246
-114.295135
-319.76462
-48.71312
-268.86536
267.26624
-180.63048
-8.8055
-50.757576
180.13821
-182.16376
184.47038
-153.08733
89.925385
264.74887
99.969444
-0.9549303
-22.090994
214.45593
-740.02765
310.03198
-161.72185
184.848
-58.801716
280.6534
-230.04514
-313.88818
-143.53519
-106.988815
50.766983
265.4479
121.97546
31.713638
107.3237
186.09927
40.612522
-120.8385
10.135008
-98.88508
256.14816
340.71042
-128.07664
-244.54822
-71.4965
257.33966
-27.139574
-4.381022
36.877666
251.8563
83.232956
-148.07864
-233.16458
35.8421
92.632614
-65.19835
-61.384968
192.7151
366.7493
26.192385
200.83699
72.53735
28.240568
589.833
-113.783936
-56.963417
64.95153
-305.9456
288.62186
62.61711
333.9251
-7.493747
-175.9006
-124.086296
-323.6526
-90.284874
242.68198
54.22922
226.05057
-129.60556
119.16148
-103.50944
-645.28955
86.127556
369.96045
-152.04312
-155.5985
239.40308
244.615
176.08331
371.3374
-65.47856
-30.955927
155.0197
-210.0273
422.83917
176.47209
20.218904
320.55994
11.163137
158.83327
198.98671
43.43491
75.84395
-112.8286
70.62679
53.578053
-70.12791
-69.55695
-61.410786
-187.43929
218.11884
75.36673
257.73706
-251.75064
-55.548588
196.38579
127.7572
46.798725
156.11884
496.4314
-229.29617
-189.51872
-29.986198
368.74197
481.5426
25.859901
-264.27863
-32.44092
71.48466
20.535707
-72.26403
-236.80275
534.18225
122.5419
51.97581
-216.89885
47.139965
155.62839
251.47127
288.27316
20.733858
-251.13985
-155.39769
-178.74203
470.48187
-80.81304
82.5132
-201.63773
-231.0735
54.85968
170.48471
-129.95842
-56.3398
-338.7955
113.974396
-152.63123
-55.971916
-434.67438
96.66006
-95.96131
49.373093
-113.48586
29.78942
68.693306
262.0801
-396.96082
90.892494
123.21879
