-123.03365
652.81964
214.29825
658.1507
1010.0294
1044.1794
-753.98584
788.44476
-263.55255
-184.3799
-696.6917
-1738.0471
-686.98926
-743.3433
-396.13626
-1142.606
-1027.8956
522.5366
-46.17105
1551.5533
-361.59128
-1367.7585
-516.99084
-145.341
-591.48834
-22.699375
-924.9851
-7.471593
-614.43475
705.3422
423.8272
-321.23795
396.61334
1473.3645
1354.7917
1093.8292
-64.37666
-642.08044
-15.897742
-169.64384
-666.6294
-435.76038
-278.86063
442.91623
716.28
-452.46848
-17.325869
-1267.5703
-740.2791
425.13242
6.3530893
84.69804
13.735666
-1416.9191
970.0867
-60.631607
2276.749
-111.324
652.44147
-8.579901
-192.74043
-250.07697
543.3969
-582.7942
-487.96478
361.08115
-239.35788
123.13097
1887.6953
-74.87028
-525.9773
341.50372
112.34396
-99.789856
402.8799
-1831.7377
-347.42844
-1408.5002
-33.376488
736.75336
5.9257565
-742.6069
-1066.1124
-1057.1718
-620.78033
2222.291
-1317.4929
921.1157
1296.6073
727.624
-648.55914
412.45297
1024.1686
398.45038
-520.484
223.90257
1349.161
1368.0165
848.7249
-192.49539
-1309.289
651.9572
-906.78394
-405.1609
-677.192
-49.019527
-21.09801
1112.5751
-519.226
-699.4003
-1203.7738
899.89777
9.085033
-282.84335
1177.2468
-11.8005905
-547.2803
894.2369
-317.03558
-1509.7043
238.62689
842.7561
444.29456
-180.58186
370.1005
896.648
-734.57446
-629.953
917.7712
-656.6438
-335.24893
-56.40356
-712.9623
-1054.6246
-3.4898086
-823.6369
-400.24908
468.16034
168.5055
842.7485
-594.9751
508.0616
-1909.2424
-1229.4939
-581.1467
1266.1116
115.51237
1471.6901
-218.42616
-415.45645
727.95807
1382.773
-138.35385
-256.648
138.38974
-262.1524
-226.58838
-349.58926
-2085.0908
728.9662
470.4392
-1429.1155
-16.520079
14.384339
1680.275
810.54315
-268.6297
-127.23416
575.2452
-1391.6295
-600.1271
-154.69145
-346.67065
753.24414
396.47235
658.6655
-187.53062
555.2714
272.00394
-956.9514
231.61893
603.1925
109.87051
-432.39456
-174.68956
-356.16336
1254.5555
-560.733
-1107.709
323.54718
143.35138
-645.8103
348.64258
695.8584
712.29175
-668.36993
1029.2153
-439.192
642.5845
190.90074
-276.5299
1278.8213
108.53466
592.43365
151.6843
757.6736
300.6372
-818.3616
-1535.9435
-905.9417
-502.95862
9.048501
-1200.1327
-1622.9673
666.7186
1568.5786
-545.97766
1359.1455
-129.45038
-610.5837
59.94976
166.83142
45.374275
-604.39044
-384.10083
556.99133
556.0055
329.57956
1253.8049
-442.967
-326.914
1072.6758
118.08611
542.0639
669.3145
-1144.5675
-1529.4867
1323.2479
-649.2916
-222.60619
256.11224
1035.1971
837.7437
-420.84412
1421.1465
-108.13838
-389.779
-952.9201
-1590.5365
-922.0778
-1195.1494
1422.691
387.89642
880.5483
-241.53136
448.3417
1084.1362
166.99786
-1061.016
1081.0557
198.63632
-424.69513
542.17676
801.92017
-398.21133
-876.5877
-59.75615
95.669586
413.44644
-1293.1216
539.16486
-1425.9772
-180.374
-1420.6295
328.26306
392.89178
-938.95276
1002.82263
1256.5096
967.9567
189.31921
127.669044
543.87537
975.65137
1481.8954
-1171.9064
-1627.3696
-1286.7108
1263.7635
-397.88602
93.54939
-124.88198
-454.58054
770.6262
-774.0916
136.79099
-180.1558
-207.00768
-817.0088
-573.7341
-798.4435
-1017.9387
88.39856
-587.0145
-847.50446
68.59865
384.03995
-298.24768
-1511.0104
-85.06306
-458.6206
-1561.5468
-474.82275
272.32413
-593.46063
1013.0523
-823.8898
-920.2911
-978.3058
346.3296
-660.50024
28.181736
-493.27026
-136.33762
-24.110737
458.82184
754.0066
-580.3554
586.0923
-494.0418
212.42395
59.8713
-323.76044
444.1117
-1002.90375
814.07385
845.7666
-171.70506
306.9052
619.62103
679.8785
664.9592
-363.43912
-604.8495
-398.2551
761.51794
192.03978
2065.8667
451.85574
420.19034
-4.426073
308.26758
-484.41522
453.0202
157.0628
-637.91046
75.911865
-89.68222
-321.48016
72.46042
1001.38477
323.44342
246.80614
-697.73865
-406.56927
251.88448
-832.0756
322.65366
-96.20642
1773.629
504.40103
-1116.8491
-123.1024
360.0379
-60.67347
-461.05142
362.62033
1396.6766
17.340958
-1601.6241
-122.49716
-200.82845
-526.17456
971.7503
-783.8783
566.4184
-290.69052
-782.7812
616.3437
369.25272
-928.1824
-1452.8701
-697.8089
522.06305
-8.922232
610.7359
257.8549
555.74835
-792.3452
-134.09158
688.23004
-1463.8394
671.0595
1453.8011
-871.1466
-71.36253
-1182.0618
-21.61692
-2632.6782
1427.9915
785.7902
-867.7129
1531.1631
85.415
538.8143
-447.08786
-760.22833
892.4798
628.7902
-692.2252
216.22607
1253.7583
833.2078
-81.18029
331.2618
-277.25482
647.0238
-396.38895
-948.4925
-1188.9698
989.0383
-203.4805
572.7696
-244.29521
-461.83902
409.14386
-107.67642
-122.57874
-1211.6667
272.02017
-489.99994
1384.3789
179.15396
-51.079845
-496.73383
-1047.7367
-1339.6025
120.522865
615.3175
-578.8161
-854.7065
1081.4442
532.4882
474.0526
1700.2255
-468.41736
198.59636
789.49274
-677.5642
-77.571266
45.32605
-343.94113
295.20697
624.5654
969.8999
31.572315
-1752.085
1081.4529
-318.58435
83.31758
-533.6646
658.0488
375.94556
67.82309
1538.9897
-482.78754
554.45984
1831.4276
-1300.2048
-880.5605
225.04591
738.21906
-1090.0837
160.90834
175.25554
-797.74194
-854.0417
1494.9539
1820.908
1267.7543
-156.94696
1389.928
126.24195
154.148
451.87827
824.1026
67.19681
-600.72186
269.21735
-30.956902
-136.15881
-611.7711
-815.94434
629.59845
-848.36584
177.14542
-38.384094
-200.6631
-1271.7611
1494.4156
-861.3968
-1045.7047
-598.79755
-809.1162
1199.5719
-62.37408
456.73898
-268.07114
431.17493
338.1984
913.2073
828.54443
-691.1372
-541.53595
353.71442
-544.06506
430.13577
1448.4149
1677.2887
1503.2109
-1094.1123
515.1702
1906.2534
531.34424
143.60536
-307.35043
537.2101
748.88324
-830.5129
1742.3011
418.60352
-947.90594
130.28581
-1473.3623
1053.2542
1476.3331
-840.855
52.927475
-959.5407
-197.4097
660.9762
121.62724
388.33334
-27.696762
-1066.2068
-208.46806
251.14113
863.5974
-1166.79
-171.74562
1218.0403
-1932.5072
1000.47614
1314.7299
-395.07495
192.83983
251.0606
-619.70233
716.02124
-67.125725
27.041077
1399.9962
1186.6589
10.714145
-54.782173
-413.81857
458.5402
-625.1707
90.74261
1332.9478
280.7169
148.84337
1641.3237
57.193714
-1238.0663
-844.3905
-1545.8284
-747.3908
-1458.0695
785.20416
416.8777
333.85034
46.15258
-579.2816
-546.28564
1169.6782
-834.79083
-1742.788
-493.82602
142.64473
679.0439
371.00784
-441.9256
1147.4012
-556.06024
317.4323
111.2473
-836.83014
-124.57191
-311.65854
1200.1321
300.49585
943.23517
491.9298
-366.9791
-420.67102
-95.80867
513.5661
925.9677
960.52924
-607.5419
-415.7891
318.82928
468.99487
-558.96954
1117.0592
-1130.2584
465.06506
366.7426
-1375.3121
-719.8486
-2045.1625
-843.2701
613.4181
832.1814
-1040.5315
199.22217
-586.5247
1425.3651
433.4163
-782.2506
269.07776
-1222.9128
-330.76355
601.3945
-2288.328
244.66817
-45.099022
