-418.3569
855.80524
-42.69523
534.4135
473.74435
377.75552
182.58018
309.04816
-162.74629
-242.9722
375.20258
-1522.3826
78.055504
-211.29007
-27.534983
-1056.0303
53.469673
748.83594
277.04144
780.15247
25.587667
-1199.498
41.64456
-123.8981
-356.02777
-341.21857
8.8594675
-108.155266
-676.3369
84.9784
-425.31912
-418.107
-62.460888
1142.8489
528.28534
938.5922
717.1473
59.99967
143.94727
-545.30853
-500.20633
-631.8572
-196.64339
53.75924
440.5874
368.31488
182.06003
-555.509
-437.06577
256.93713
-236.80827
453.9939
-373.18292
-252.42021
518.9411
322.43622
1684.6567
-505.60336
-220.8003
-0.0034206212
-277.50845
536.84393
264.18207
-311.18475
62.756588
-145.99734
-127.75802
-58.488976
1403.0356
354.39954
-250.36357
413.95963
-185.17105
286.1156
43.60374
-513.66754
-331.60767
-309.36536
-54.497166
252.14708
-597.4373
-297.1525
-715.7664
-512.798
-763.0914
856.37964
-1018.5356
1236.3563
826.7081
389.20212
-508.0085
201.2415
835.9613
-774.97363
-41.45378
384.01126
569.658
643.58014
752.9385
361.61398
-782.81476
-283.13455
-283.17053
-497.73416
-1030.3583
240.78804
1365.6091
1189.8856
-24.924498
-146.39172
-622.1253
349.02835
390.14572
121.99123
835.41046
228.06422
552.5605
291.20264
290.1748
-1168.9233
1062.1742
99.95812
257.2012
-495.26794
314.6687
432.89862
-784.2257
-413.54855
803.94507
-197.5029
-134.17184
539.0775
-979.97394
-50.34469
-326.11655
402.3167
-370.66348
-183.56094
286.71875
-175.59006
-74.60346
-67.444374
-1747.8436
-1119.89
-668.23566
1123.5848
503.3196
724.7512
66.12527
-244.91808
774.40466
940.08966
96.25034
-427.67285
83.61128
460.34647
-737.4188
172.03075
-1590.3138
-17.63526
605.6138
-1011.35236
303.81122
-256.58902
810.78217
833.9426
-549.3514
629.5556
577.198
-1033.1642
-402.0805
-236.26724
318.20786
521.223
329.9332
379.27493
-92.4492
1402.9797
231.4469
-859.97003
-96.678925
223.90953
-616.3999
-122.97295
357.46716
-1091.742
908.8717
-725.3878
-918.9434
1804.794
85.86159
-722.642
212.92102
1231.4008
462.86862
-434.722
266.2501
-371.9149
-114.09735
-523.2025
-115.79624
1340.3214
257.3419
187.23683
-210.65697
-66.70935
4.1604967
-183.87668
-817.57544
-605.96216
497.40414
399.5063
-907.7291
-506.40027
1090.0598
1357.2476
-161.17998
1185.0221
-244.34294
-97.07487
8.429073
144.42838
635.37726
-1246.5786
-935.43304
682.96405
-633.5279
309.17566
861.6238
-393.3047
-162.92287
998.033
-410.40387
-664.45135
93.21554
-790.5226
-46.43611
450.44543
-590.252
-80.81481
-543.2027
509.12482
121.83164
-448.92648
752.0783
-715.7267
-418.3947
251.82741
-1788.8607
60.664497
-637.67914
1244.5278
133.43503
626.78766
532.3344
-175.78833
390.22556
44.284973
-523.28613
648.5804
251.96184
-272.0342
-356.31796
-111.394745
-174.30815
-480.03085
-389.37067
59.573174
-289.12054
-469.4771
229.8647
-1371.8185
517.1821
-382.45792
-32.042507
-311.44904
-247.30328
611.493
1197.899
552.5364
-310.70673
41.332573
451.65704
78.914444
767.22565
-224.10014
-915.18414
-921.9834
491.84818
-3.004502
548.7736
14.347669
-110.71878
583.22784
-396.22757
104.69055
542.36755
-708.0585
-213.13799
-39.044815
-22.359554
198.85417
-731.9489
-1112.9491
-693.51764
-151.64012
651.59686
-504.59866
-644.9628
-275.58755
-188.51924
-262.33395
16.725834
105.60889
-592.34656
196.07033
-540.02606
-975.703
-555.8655
4.9756317
-519.92865
234.36198
-578.28784
396.9777
-421.12457
1431.1982
623.66486
-310.08737
-154.73611
505.58798
-709.26807
251.38638
-161.71716
1164.1812
-804.65906
776.3523
530.35114
233.69038
359.49066
1094.9584
245.56485
-405.09528
-1229.4502
402.40363
-1110.2428
368.40683
5.655575
1274.3801
169.8277
826.0552
-4.32936
519.8579
140.29713
-292.32812
352.75665
-252.61761
-43.023582
-163.09181
-619.1241
198.07954
153.35278
-212.2407
491.23596
-646.75006
-837.5138
313.1648
-714.1841
200.27823
-116.2218
1008.5294
235.125
-473.45096
352.957
270.8746
1188.885
-456.60144
75.72726
1104.8176
-116.913704
-979.64294
183.50612
-396.98077
-683.1447
-145.95714
-949.61475
186.0668
170.15752
-823.1093
305.18414
350.0077
-145.54837
61.598812
-49.676964
22.333567
54.033394
-416.1739
104.9772
910.0621
-828.4302
667.77545
448.62827
-375.28574
788.128
905.8766
-511.6588
3.6141713
-346.73694
-496.8802
-2004.0682
1057.2826
653.06256
-8.750082
446.62576
677.6428
303.21054
-797.3264
102.95831
-14.757603
0.3168559
-765.51685
220.73091
12.3885975
428.16364
95.54917
439.47928
246.97324
-212.45169
-415.87317
-706.9821
-526.18585
822.6098
-676.9326
380.91104
-490.0869
-57.597687
457.1407
-667.5663
-73.35097
-374.52066
-443.61432
-409.09122
703.10706
578.53125
-291.86533
-315.2489
-810.3556
-318.83026
-147.75409
346.9516
-488.3615
-344.74304
507.0197
-196.69691
273.46143
490.6712
97.896835
-1014.9752
259.5315
61.893368
-748.323
227.88042
-55.67902
-67.70584
1283.145
701.1011
-488.6921
-1519.8082
847.81647
62.127583
-26.112774
-486.5197
-430.92624
177.72252
535.20844
754.0835
-765.4805
746.9942
1167.1382
-359.75513
-398.6379
509.13724
200.43488
-1045.6239
-329.384
64.434074
-917.26117
-868.70276
632.31213
1446.6268
333.7957
-70.64342
789.9203
431.8745
-70.76742
-75.15196
-166.8659
-120.224464
-16.066818
281.5598
201.4077
796.0099
-502.4288
-1378.5581
733.6767
-304.4546
227.5561
-452.79303
-205.4803
-564.6867
297.85687
-419.4526
-189.21164
-57.234676
-784.1093
585.3997
-507.2775
-113.77561
-62.9335
969.97736
-20.55952
985.92737
497.19254
-291.15128
-345.3468
120.529236
-605.1641
-729.2121
790.0189
821.613
543.17566
-876.92267
181.97401
1370.6276
79.56949
-256.0796
273.90735
-121.39543
456.6498
-991.41455
946.7138
-427.73343
-542.6417
-424.02515
5.3267355
333.29382
970.6679
-352.25482
-516.4831
-865.8551
366.6833
333.74188
627.2177
64.76684
-6.087648
-1190.0471
109.82834
42.61251
334.41702
-269.3764
-261.99252
1127.3969
-1278.0306
893.6733
775.5819
-972.54767
-41.085915
389.93198
-813.63165
482.23355
-204.16078
-424.68912
351.61752
430.65775
874.1593
215.01181
803.12177
378.64825
232.1441
30.356485
480.58368
847.12555
-136.2129
1061.4413
-224.17566
-1298.2655
-115.49431
-1499.6599
-665.89435
-1595.4341
400.81726
23.747368
108.91417
745.30225
-339.558
-973.9262
418.58517
-231.08235
-1233.2823
-196.90941
514.17615
-194.06429
308.32355
-200.20807
996.5164
-818.7744
-155.944
789.18427
-718.5066
-90.21122
-385.7333
844.0664
276.38004
629.49896
222.86722
-201.69757
-500.05408
51.81169
693.29865
951.89905
1080.1261
-234.34119
-679.0296
410.3089
-48.78951
-934.8902
448.3977
-700.8949
999.0982
-338.5912
-383.42236
-373.4098
-694.5378
-208.83063
646.90753
745.2802
-687.48914
328.81998
-762.4524
898.5954
143.13664
24.68547
221.43784
-354.9495
-157.03856
551.8034
-1381.4332
382.84045
154.69016
