-339.80444
747.43933
-88.64029
341.17078
856.8919
378.19006
-239.48764
504.58307
-89.51265
-153.34943
-32.68448
-1329.0833
-66.11294
-555.7056
-352.495
-984.7278
-238.13257
908.1369
-195.18536
1172.7727
-166.3217
-1431.2169
-13.417116
-83.990486
-262.12198
-310.47125
-78.95321
-185.7009
-743.9377
366.48978
-223.42772
-466.98163
-63.17911
1289.0109
680.89404
856.8618
423.0287
-14.366987
-286.33746
-115.97637
-609.88086
-491.40042
-213.69841
-11.471201
536.69684
-79.870094
384.14008
-641.181
-644.1764
347.0527
-98.82972
576.0369
-158.27919
-121.618805
850.29065
85.97339
1838.4579
-748.8527
24.477354
-287.61407
-388.14505
159.58182
244.04106
-196.27733
-291.32153
67.79412
-371.5659
-89.939354
1565.4133
-67.53407
-374.93454
29.432951
-304.60193
292.35397
417.40735
-836.725
-514.485
-656.7787
65.80062
391.28055
173.87785
-317.32834
-911.93463
-864.59515
-882.11255
970.99835
-1086.145
1092.6775
1190.9921
549.83887
-558.72577
736.90674
1133.7971
-311.21277
166.86678
-36.434437
525.2523
914.5768
686.4119
463.3384
-942.3707
-335.57513
-819.8759
-480.80908
-1283.8828
75.071724
984.5242
1227.8906
-247.30893
-444.54407
-765.53827
124.242195
430.2624
126.71169
887.9084
153.74922
661.819
201.26646
120.1955
-1197.9918
1025.6733
-2.3052554
70.02399
-302.16327
101.32667
413.50842
-738.81757
-477.52402
833.8693
-278.6148
-31.493595
557.4411
-738.77625
28.65738
-363.6801
21.87541
-307.28098
226.52036
478.92532
-159.59885
-122.79846
34.78419
-1708.0482
-1148.6151
-749.8835
1144.1327
-29.40349
851.4895
247.80139
-550.7481
757.39185
526.26355
-307.59464
-405.0913
258.36462
77.83283
-607.29126
453.73087
-1744.7952
295.16144
889.2603
-1111.8296
116.82544
-338.1895
820.73517
510.2953
-627.15985
242.51668
507.02972
-1307.5775
-370.6589
106.568306
-90.48644
544.2625
562.45215
229.44293
-192.77477
1015.43164
124.811806
-851.2517
319.62625
547.6878
-442.2648
-497.6107
10.580958
-1007.63153
1020.2514
-368.46738
-934.69104
1370.1088
-76.283356
-1216.5492
288.56223
1298.9895
414.24274
-530.65424
418.2699
-357.81293
-58.379135
-568.651
-87.26829
1397.0015
236.91602
418.67264
-86.191505
147.56674
56.23751
-356.06284
-1368.6703
-571.14685
219.98999
-309.25342
-976.022
-399.73373
1139.0525
1746.7936
-450.57147
1254.2089
-93.30679
-18.288782
-211.28961
40.58789
509.1965
-1120.3555
-822.2322
1041.6997
-387.93262
349.5483
1243.5975
-306.55695
-311.98218
1071.5084
-422.361
119.721985
227.40637
-878.6304
-311.03052
330.66803
-873.60547
-187.66595
-254.22844
539.0915
784.2422
-495.7558
845.5348
-728.9588
-631.4785
-62.648766
-1479.3702
96.305885
-645.5078
1276.5205
286.71774
797.5482
62.95826
102.60623
649.7221
-320.9997
-406.56723
548.40326
493.80728
-535.594
144.15965
187.87665
-919.0983
-471.72382
-243.5123
49.566147
-546.058
-738.5583
-80.61705
-949.1444
300.9905
-944.606
1.090661
-199.75388
-414.0905
634.281
1107.899
477.3976
20.35084
505.44083
690.0237
106.56977
754.8664
-332.5923
-1436.8466
-1020.56995
699.3548
-127.52137
692.75006
30.184614
-96.373924
522.8275
-437.41406
-194.45544
506.16147
-477.99805
118.49091
-310.36893
44.577053
-68.94422
-382.64914
-1480.5382
-858.1113
-162.10315
602.5224
-434.93723
-738.93097
-394.67657
-645.7505
-513.64044
-362.25632
240.30725
-775.45654
337.23734
-831.7777
-916.3266
-544.84204
283.6555
-468.99454
223.35883
-607.6145
278.2434
-55.957222
903.3935
734.82477
-785.9697
-204.87036
220.76585
-464.97144
246.21835
38.801594
917.3271
-989.07355
764.7001
731.408
-281.67584
800.55414
1231.9862
255.30644
-134.28413
-1243.3938
158.34937
-1165.8757
703.6661
81.6463
1245.0701
353.735
1046.8081
188.93321
819.9882
82.45704
-681.1956
59.05783
-324.47446
147.65358
-76.92577
-547.33105
229.42357
310.0995
-204.0796
204.32733
-613.54266
-711.73724
90.67007
-1072.2485
203.31128
-243.00407
1104.83
-6.373933
-530.9351
496.96042
296.7811
1191.3004
-788.8561
509.18256
1361.2372
-61.58321
-1077.4908
342.06805
-683.84015
-315.8231
-265.60803
-942.454
366.2413
-111.702736
-1071.4282
287.50412
623.08984
-307.62985
-452.40503
-440.6387
301.00894
305.47586
-203.1377
168.68652
475.23914
-1231.8922
474.56448
374.90854
-585.46423
632.48865
856.47107
-19.725426
118.96483
-725.1331
-217.52321
-2546.9343
927.53217
423.07877
-316.25687
411.01526
596.68335
562.0191
-651.3476
-48.81813
105.95285
-139.21638
-744.44037
210.27396
212.83842
303.22595
106.192955
1037.9445
21.077541
-176.61003
-534.41455
-813.634
-704.3457
976.68915
-672.0186
-34.431637
-782.41
221.5252
715.8951
-785.3721
-202.61621
-504.92157
-95.87703
-347.64252
608.8697
638.93854
-403.3214
-74.97476
-689.9652
-690.71674
67.8287
641.00183
-323.71292
-128.66914
719.5495
-266.38226
386.68582
635.51196
69.82016
-771.0954
231.86198
56.667313
-371.00113
701.1657
-212.62321
-57.2493
858.4162
720.0964
-164.70549
-1658.6304
516.0315
-167.19066
134.91818
-750.47144
-257.51492
133.26833
434.92105
755.58765
-884.2614
542.5651
1156.2823
-875.2295
-824.88
729.44775
829.9348
-980.8716
-167.75197
75.46857
-918.0706
-882.8068
862.0516
1363.6903
591.8744
-329.09845
1105.159
427.02145
-21.956772
-47.169495
-253.88467
81.367
-203.935
336.6466
147.75804
532.56165
-827.13965
-1131.2524
568.3943
-408.1568
387.28796
-429.9726
-187.83398
-789.5557
197.87308
-516.5434
-400.9616
-413.89627
-967.44556
668.2821
-752.4835
278.2469
-93.93371
760.78876
503.6548
1254.7964
558.62854
-529.2456
-234.9979
122.4568
-830.6235
-567.5933
787.5494
1056.0917
482.2916
-963.1016
495.38016
1695.7893
323.04315
-113.317535
276.5152
97.940414
903.89746
-860.2783
1346.3756
-235.76434
-583.83673
85.48265
-216.71469
462.81427
1461.8763
-362.3341
-410.8374
-1175.8405
547.03204
355.75272
688.60236
121.933815
94.53127
-1005.75323
-147.67268
303.34317
467.33987
-554.8187
-373.4681
1520.0293
-1493.1091
577.7065
693.6615
-935.2795
471.2482
250.0174
-812.4585
353.2089
-307.07257
-331.74863
779.5519
550.0504
971.906
-82.905754
635.3733
305.58823
-245.21617
-141.94354
486.71136
367.28326
3.5316496
877.8937
7.581025
-1567.0723
-406.30356
-1179.4714
-325.19727
-1858.9407
198.6746
60.584568
410.04388
687.2251
-105.93296
-637.69763
635.2629
-434.0011
-1486.2219
-70.199554
390.8095
50.63911
-27.669445
-639.8541
874.9471
-881.8392
-234.22505
1123.7654
-991.6142
-343.11203
-355.7145
1049.8894
-45.629475
512.40186
380.51422
-561.8998
-392.24533
396.00238
584.66785
839.0935
945.53534
-220.01567
-431.74738
766.7558
33.838596
-950.2981
-14.52787
-545.4338
748.52026
-158.99693
-911.8481
-653.2635
-950.1344
-475.68152
1057.4268
671.08954
-392.636
244.56699
-800.0894
936.90186
333.67914
-31.3605
-98.07248
-487.70236
108.417656
803.4413
-1765.3373
236.77824
53.044674
