-381.60455
385.09924
783.3171
349.2366
1222.7357
1029.4692
-714.2755
792.5985
-177.81145
12.492289
-525.67175
-1532.7809
-897.378
-831.40643
-667.33264
-1286.343
-1074.2871
842.61584
-110.0878
1782.1967
-202.31224
-1037.2329
-211.98169
-122.27881
-875.10895
-111.60697
-931.7987
-158.43488
-787.4345
217.11761
468.85956
-162.91356
663.13
1688.6189
1659.5771
881.8255
-185.04997
-453.0356
114.06012
-477.43167
-824.1936
-705.2938
-308.2024
391.75772
661.9385
-406.45633
-299.34714
-1045.49
-614.5039
288.65967
435.91165
33.36651
-7.0433183
-1297.8297
1486.5598
-293.1393
2092.3071
-169.97234
504.31546
-219.88782
-296.45636
-230.7754
497.59235
-760.57776
-201.84326
194.76868
-333.37222
272.42157
1886.6835
104.47089
-407.1375
77.155205
-18.9668
-546.69336
468.10898
-1600.9437
-239.24048
-1392.6272
-155.90665
802.51483
106.725105
-751.16364
-783.4629
-1118.6609
-707.1506
2443.192
-1176.6521
1195.3617
1462.4264
1005.21436
-524.62555
299.1119
1252.334
380.52118
-579.1292
234.74675
1414.1516
1134.4956
1086.3542
-189.60323
-1084.576
657.55334
-1008.7276
-371.03348
-302.84207
60.950848
-125.366325
1549.354
102.35234
-822.3051
-1421.5181
1108.4869
305.84882
-426.06818
1128.5211
-192.63321
-508.91815
473.71872
-649.2115
-1905.0376
222.4877
729.647
253.45345
75.2879
88.86129
1059.752
-858.1271
-762.12213
1029.4701
-651.79626
-69.41122
-221.38918
-620.3359
-855.0841
-331.51907
-540.0904
-443.11832
602.9766
275.66306
731.82385
-458.9531
489.54868
-1821.6445
-1440.1764
-267.6189
1210.1163
119.13886
1483.7905
-14.968856
-600.3023
1070.7592
1290.026
-235.23926
-234.24837
442.32236
-327.4602
-358.55215
-422.61438
-2331.0923
855.96075
696.26996
-1167.2246
173.73306
222.89468
2078.836
1021.2103
358.9475
-125.382225
882.99854
-1629.607
-398.56717
-349.4487
-45.854153
1011.94073
342.20963
599.0688
-198.60132
545.222
496.52063
-1331.5927
-192.85103
460.69965
158.53583
-534.7872
-621.10266
-8.020471
1139.3165
-540.63544
-1079.6893
419.09476
70.57589
-753.71735
-183.19502
923.44543
635.4456
-658.328
999.36096
-342.9549
811.147
181.59029
-246.01884
1570.9114
106.9366
905.2161
154.34996
885.04645
419.9128
-614.92474
-1538.2865
-477.50946
-329.1624
244.16557
-861.5017
-1613.1864
636.8987
1889.3549
-290.77063
1215.2047
-314.83392
-495.03583
-142.01549
111.43928
184.85818
-551.4715
-75.12864
582.9771
591.2968
86.40003
962.8029
-910.9975
-518.4797
649.1186
-161.34413
332.24484
788.8029
-1364.1132
-1459.676
969.2815
-194.8941
-334.19897
428.1448
789.7017
625.7931
-306.3571
1293.4373
47.3678
-504.3705
-695.3684
-1338.504
-1062.1644
-1033.2947
1486.2689
546.3293
711.368
-409.34943
789.5989
1100.2515
56.168488
-682.86145
657.3122
139.8112
-442.38742
619.82263
866.7955
-511.912
-817.9105
-231.72198
3.4529805
781.78674
-1322.6139
542.17206
-1453.4453
-512.2022
-1418.7198
236.70282
410.71213
-959.084
1287.8003
1107.4943
852.3087
29.529919
29.159824
587.8456
630.6715
1282.2258
-1395.32
-1541.3345
-1060.5557
1367.8491
-486.72284
-234.03694
176.92528
-503.30435
404.373
-710.32336
142.05515
-42.963005
-99.869705
-1023.3926
-610.9684
-651.26263
-1061.0907
128.79234
-528.8664
-369.69968
-518.1652
727.70087
-659.7655
-1428.9292
-30.356976
-466.92883
-1720.303
-422.05884
413.49133
-763.2024
1335.3907
-810.0271
-734.149
-827.5998
594.6342
-282.92175
-70.93289
-811.88306
-449.76495
179.31944
362.30396
1189.0216
-504.44977
693.39056
-477.06512
388.2257
137.30693
-572.1054
190.243
-1523.1554
764.6227
675.80066
-153.05772
422.67807
331.59036
705.04376
414.6442
-569.7562
-596.6272
-792.653
745.6885
-18.859974
2229.7656
-193.1648
425.03854
287.47375
500.66617
-453.4002
704.4932
250.96613
-827.80444
196.01468
78.61764
-347.6964
-90.64143
909.4877
533.7685
62.07747
-858.95154
-655.67914
359.98608
-574.5548
376.04944
-40.47521
1672.0011
692.8491
-1257.2096
241.69753
1054.2686
-260.40692
-561.90515
435.95874
1206.3413
-79.59182
-1634.5852
-188.72449
-326.3235
-698.3332
1300.3744
-1207.6217
379.62387
48.08248
-921.87286
405.47818
351.3008
-1091.5602
-1502.7601
-756.3187
422.43124
-150.55733
577.41614
423.03195
625.769
-201.2578
-9.252639
735.6377
-1299.4216
748.6033
1237.512
-981.2171
-124.433846
-877.23267
-51.463547
-2886.7275
1688.3451
922.255
-694.2112
1415.524
156.02829
600.0602
-371.9152
-912.6985
979.89166
517.82446
-662.7606
367.14133
1095.9672
569.1271
145.42796
220.30702
-25.448345
334.08353
-269.64133
-832.8154
-1319.6453
1246.3843
-383.2509
938.8359
-463.02817
-713.68396
312.06348
-119.41764
-243.14415
-1635.788
180.90257
-360.48618
1309.3519
-199.26103
-103.78563
-643.70044
-1121.986
-1406.4287
251.69672
803.09143
-1032.2424
-792.1133
1191.1658
783.3867
493.5714
1651.2909
-230.82103
238.73262
1073.4996
-647.7689
-164.83366
-61.97789
-653.21063
486.5069
475.0563
1355.0833
-153.04747
-2156.9023
1212.8038
-544.00256
-121.87016
-556.1635
610.5452
353.75482
-20.595263
1563.8676
-819.78436
516.9721
1823.815
-1145.2988
-817.1873
450.54254
796.18506
-1050.0709
312.63617
-179.82748
-842.2428
-770.6682
1280.3668
1713.3062
1161.4281
153.4234
1607.9158
-73.89373
-15.434866
669.85474
871.83417
-21.84991
-493.4838
400.4119
214.58217
141.27542
-679.7365
-568.82086
526.6294
-706.058
196.6629
-35.18366
-143.4691
-1224.646
1778.3376
-872.12604
-925.3312
-544.5292
-708.4594
1391.0442
-0.82575476
521.4116
-224.08784
586.8258
513.7518
935.7211
847.4895
68.251175
-449.11688
312.84946
-574.4546
236.5673
1528.2845
1233.4763
1352.3861
-1348.5165
589.93243
2200.8462
305.0368
-369.42838
-304.87958
684.6148
834.731
-957.89545
2082.4133
360.0537
-1054.3022
20.621626
-1704.6179
1004.98206
1499.2543
-803.6916
116.21021
-1243.8575
-326.4707
183.7741
148.66508
304.1612
-530.3045
-669.6567
-336.8869
11.788558
831.02673
-916.8059
-610.56836
1465.1631
-2147.7886
791.6428
1245.6084
-339.0249
293.76056
131.83002
-418.4656
911.9144
144.09192
-78.02266
1505.4464
1017.24725
109.689804
-65.1481
-195.28163
700.32855
-439.4846
-71.26288
1251.5953
180.48273
222.11725
1736.3384
-288.53748
-1617.217
-752.2468
-1596.6533
-796.5608
-1180.8812
430.82263
477.01926
248.46025
58.333817
-664.9233
-700.2237
1364.4946
-1184.3025
-1620.8118
-616.3143
100.90131
959.86725
207.14471
-392.02292
840.04535
-514.3022
532.58923
-45.82623
-429.83472
13.712486
-375.01697
946.5287
97.78386
854.2265
555.9979
-565.8793
-170.00664
-155.3445
503.82477
982.22815
1036.8912
-815.95276
-451.08044
452.2133
487.88275
-729.12634
817.9609
-1050.7908
420.31696
644.2323
-1262.4316
-506.38553
-2115.8335
-827.0754
601.53937
817.565
-1124.1434
274.5731
-543.67395
1286.3466
197.7643
-708.2373
374.51102
-1216.3439
-254.41383
831.9167
-2477.993
287.3472
78.098495
