-1125.209
579.2799
1367.5337
329.70422
1337.1434
1136.5583
-807.43646
812.8842
246.02338
454.6056
-809.6083
-1567.829
-787.49664
-805.9465
-41.956177
-1998.5723
-1670.176
298.10614
-528.6064
1827.1707
-984.26605
-971.37213
-458.9329
-503.1397
-1091.3993
177.44049
-106.37531
-359.3203
-1974.9219
259.2516
785.0467
91.6836
1416.3004
2393.9216
1372.0734
1097.2754
-679.3707
-219.66061
-279.64755
-353.12466
-204.42168
-1616.45
-431.8959
1557.5557
717.84814
-619.2284
-245.87715
-618.8862
-1513.6046
799.9512
917.46405
-105.447205
-8.288048
-1030.3031
1923.8912
-857.5306
1810.2695
174.05081
691.314
-234.2306
-442.1974
174.60982
-2.3590248
-1529.6962
-250.02345
732.6333
-836.9661
141.71541
1924.7245
304.2039
-1308.5348
253.05977
155.29625
-314.09308
229.43655
-1067.725
-169.54039
-1044.4513
-708.01776
559.67664
-329.94138
-1088.7075
-614.02924
-252.98802
-763.1497
2560.5032
-1534.0742
826.63367
1932.4613
700.043
-908.65314
73.61837
861.6563
838.7181
-1088.3936
60.08876
1776.8483
505.4632
554.3469
885.9036
-893.2712
66.9287
-1064.3528
-219.2056
-733.8994
56.99396
-325.2518
1285.3148
-140.1431
-722.66125
-1155.0997
1600.4017
-386.28497
-299.25812
1179.5759
44.499393
-982.9293
261.2432
-581.22534
-1621.2877
638.4471
393.33243
382.31778
135.11844
-451.37073
20.245478
-764.9308
-1248.054
409.5412
-656.3349
-850.86523
-352.91156
-765.7248
-458.0776
-424.12225
-1114.8767
-79.67668
1090.6317
157.91782
747.946
-1196.3944
599.43823
-1623.6449
-1307.7498
-544.96204
351.7609
-109.460106
1465.056
-865.27704
-653.97314
1260.4069
1613.1501
-567.0638
110.113785
407.99335
-1099.9619
-988.5866
-1024.7723
-2628.835
315.18417
474.57132
-1902.3698
-204.44746
842.40234
1933.4435
1189.6272
343.068
668.9403
1752.0098
-1792.1228
305.86008
-1592.3153
-653.8287
1029.1996
924.9118
-134.08441
-338.88486
336.50842
675.9519
-778.91907
-117.13838
1020.01843
398.46085
-738.75867
-984.1978
-724.9919
886.64264
450.54868
-1147.6837
-211.02263
-69.09724
-1019.4634
-220.19846
914.8617
-349.52936
-991.94885
1368.1064
369.45303
480.4826
164.6158
-595.5771
1836.2751
560.10803
1150.1023
-182.79517
499.3809
1738.3971
-543.42236
-1357.5189
-227.7805
32.122105
862.4018
-647.6292
-2300.9106
-179.67351
2853.6934
381.6961
906.69745
-258.90652
-165.85997
-603.9906
437.5893
1315.7565
-237.64539
483.41168
712.7064
868.5311
50.61051
275.44244
-342.0129
221.3474
982.4322
47.70244
-48.961006
753.06323
-1242.8988
-2320.0342
1483.9834
-786.7341
-566.8224
206.98105
919.344
490.69504
-881.9308
1182.1136
-185.26416
-215.23663
-1138.4191
-2045.114
-430.38467
-699.98065
1838.7958
297.35867
1841.3196
-827.38086
262.07385
1076.9739
294.96686
-467.10437
822.7949
1005.1008
-1618.429
7.701293
1080.7375
-255.44922
-346.98727
-63.6405
-202.70735
1392.7982
-1770.0294
376.59036
-1270.0441
-573.4611
-1977.713
826.3086
-109.663315
-1330.6975
1393.3625
1293.9138
1238.0446
-75.37943
209.14917
756.3278
1145.9883
1428.205
-1971.7986
-1812.6932
-978.0002
1746.6108
-265.9683
-375.37894
-168.29459
-1059.8069
223.3655
-1074.3766
213.17737
531.27344
-591.8948
-1354.2422
-979.47296
-1169.4163
-1574.7668
133.3243
-1461.816
-680.06213
-137.65956
847.9038
568.9121
-1458.513
-60.006832
-258.1478
-769.2808
-291.69144
960.341
-1544.1638
2254.27
-863.9493
-288.94415
-1250.5001
196.15315
14.959884
-405.52728
-692.4168
-445.99884
-186.1262
672.5071
890.34375
-829.39
690.83765
386.75702
1102.4423
477.3937
-824.1393
904.98975
-1445.1375
945.1366
1506.4725
601.08545
485.45288
-122.3277
279.00143
1042.67
-722.33594
-483.075
-1145.0221
-652.4631
-321.43985
1627.449
61.39784
236.7823
414.9121
192.98386
-1217.279
1387.6074
9.271782
-1145.6779
122.48648
-290.331
600.38245
-118.40272
445.982
492.89172
570.6591
-737.862
-148.09857
220.9986
-1177.8035
-62.780643
-339.43588
1602.584
1237.6561
-171.39523
687.2914
1097.7656
-941.9248
-874.0274
173.5501
453.47116
-97.799446
-851.4583
-781.03033
-426.9753
-906.16327
1524.4231
-786.0622
513.10114
992.17334
-1065.6436
614.67053
454.1205
-1478.3717
-1320.1917
-650.1533
-78.65693
-30.91919
245.96106
330.2532
1435.7822
-574.0379
-614.3354
250.92418
-1385.6887
554.03784
1780.678
-151.81133
-249.18297
-38.987568
-670.5033
-2746.6077
1914.816
504.8541
-1040.4946
971.3394
788.7192
1192.7737
-687.67596
-593.8388
1380.4244
788.47186
-1231.6577
512.4099
1207.6846
-436.0991
-39.66023
42.096012
-131.08237
647.95416
-11.4577465
-1563.9677
-1089.5216
1527.9622
5.7344413
816.7805
-750.0783
-127.73155
531.50433
-697.9425
140.91748
-1736.1367
-485.37686
-642.5662
1346.3987
-451.76663
-483.8993
-1245.0015
-489.14032
-1685.9563
20.522532
610.91876
-1676.0615
-629.7012
1410.3763
648.7718
328.98315
1112.6986
381.03323
-86.79091
1329.8419
-777.0111
-498.98535
129.69237
-1164.0969
417.8179
-596.7253
1336.7848
161.92825
-2366.3894
1267.2048
-516.77435
64.37783
303.07404
-240.14874
325.8514
610.6976
1163.8198
49.528698
1208.373
2554.068
-828.28076
-843.20654
644.7461
105.391235
-1574.2217
103.21456
-634.90326
-327.42917
-633.6434
910.42615
1818.7792
1650.6812
1100.7638
1023.3787
-387.36533
-807.5326
79.876045
1005.91016
245.9384
78.78066
166.73294
78.67631
59.535297
-107.409424
-142.26999
979.94135
107.17854
429.27417
-140.16508
-332.02197
-960.25696
1602.4026
-1215.3743
-1109.878
-131.67108
-409.243
1404.6389
424.75467
1328.1744
-452.9628
668.5611
700.8856
356.9332
-141.89728
-397.53864
-396.22678
1397.9786
-807.78735
1039.9297
1982.274
1478.0925
1729.4225
-1565.1105
571.4982
2597.4565
264.08865
-418.81317
-593.37585
236.14426
650.1161
-1436.0841
1924.1869
1115.8633
-1267.9241
-445.46103
-1851.1133
575.77844
1267.0281
-1478.652
-239.76424
-1096.7507
41.059353
667.277
-64.888664
173.8328
-1181.8188
-742.3866
206.80846
129.424
1268.4117
-101.172714
-1407.9003
1285.1277
-1906.018
865.0991
1441.1881
-839.83984
731.6651
377.61954
302.52878
700.98987
-319.79483
18.690893
374.5923
1744.6884
-424.41348
-1101.6176
-175.26103
742.39734
-279.5017
-629.7277
1559.4496
-169.16055
-889.64667
1906.5869
-645.4881
-1675.85
-523.4957
-1597.168
-467.9597
-1694.8187
387.546
456.03775
126.17886
-94.30254
-476.38272
-800.46906
1096.8519
-1118.5592
-1256.061
253.64783
-367.284
852.4373
91.722244
-229.81557
553.7823
-468.42395
321.5238
332.5688
-708.2568
-87.89151
509.8373
575.7082
29.166342
46.14002
140.32324
-371.57855
-218.29031
65.721695
330.06815
967.2236
902.29755
-805.30695
-163.0767
707.2775
637.1696
-1156.7848
890.26825
-1233.047
1135.8333
1048.7047
-1691.8795
-229.57054
-2248.0503
-795.19714
258.75818
469.23785
-858.28015
-152.51741
-1244.3846
808.4927
-410.20477
-688.9165
159.17741
-1965.9155
375.67352
836.9998
-2679.6138
221.35316
611.37134
