-433.52716
912.1795
41.531452
614.0611
335.66
313.07242
175.63557
268.88663
-53.100933
-201.91997
350.14212
-1564.1478
-18.946253
-94.51384
-278.0542
-1096.1436
88.22203
724.25964
146.48369
644.55304
-20.410997
-1227.4249
42.266506
-21.729519
-414.38217
-326.41025
-70.89281
-33.84835
-597.1489
1.6853272
-385.64954
-642.8321
-206.47713
1067.7466
680.2811
850.8424
545.24744
-27.799393
168.90764
-601.7875
-618.8569
-850.4565
-64.282326
-6.9427795
481.87543
276.46414
94.50602
-301.41693
-295.53043
268.81195
-224.06088
473.99808
-445.2445
-227.76764
489.49863
317.76846
1647.0819
-652.9952
-316.52966
-77.25635
-187.7531
495.54083
424.7164
-294.13474
197.47984
-115.48578
60.334682
93.07787
1319.8119
314.68637
-136.58858
218.89609
-215.64642
349.8961
-25.920774
-464.64957
-324.10193
-143.5917
-115.67776
134.85791
-623.39636
-87.55726
-597.4614
-507.9065
-563.66895
689.7821
-880.1222
1179.6112
951.0202
225.02322
-330.10257
256.04993
891.5494
-830.7774
-251.84906
542.20197
639.8679
723.91583
529.20276
369.35797
-875.81226
-343.134
-306.8556
-345.75876
-1241.3827
66.03562
1501.3329
1165.6504
-155.1158
-70.514404
-778.67224
148.51436
464.08496
58.56685
660.55273
-0.3172422
370.35925
467.58783
242.82593
-1111.8092
931.5718
3.4690173
292.66132
-537.09375
-73.90992
477.51144
-836.6366
-474.31488
890.37854
-54.401012
136.25793
415.59485
-813.1447
-139.4468
-609.63586
457.56064
-346.90695
-61.004974
188.01357
-185.53346
24.54698
-210.37175
-1691.3019
-1075.1259
-633.3857
1012.1261
595.37964
938.0075
217.64296
-390.79666
678.1589
1026.0824
310.10333
-320.70758
-96.734055
495.46393
-653.7585
88.15841
-1589.5867
225.71376
540.63116
-996.4833
358.30087
-58.03729
540.82874
770.663
-771.4505
522.4396
622.69617
-1202.0187
-328.5118
-207.73221
458.74353
376.6379
222.51297
357.06635
44.55794
1107.96
124.55388
-765.8602
-83.916084
166.78769
-251.06763
10.886019
219.71921
-900.2031
843.5854
-762.27466
-800.0942
1604.7513
215.90317
-498.33853
-53.047886
1190.766
594.9158
-468.93063
236.45827
-332.6008
-175.46408
-459.34543
-64.83573
1303.2676
252.15047
326.0235
-209.9086
-93.770164
4.623229
-233.93024
-830.8496
-577.81854
598.3373
380.05707
-864.9824
-489.45673
979.56885
1380.8652
-124.403366
1087.8279
-86.02875
-114.91102
130.12465
264.1548
734.1592
-1223.2524
-1166.7596
528.1599
-764.6691
119.03944
551.3143
-439.2822
-135.18213
796.0043
-202.65764
-639.68726
90.5257
-708.129
-61.561012
334.5394
-699.12915
-191.04633
-483.33035
512.25226
55.020004
-461.55344
802.8623
-699.42267
-644.87665
211.89499
-1484.7883
132.41736
-603.4883
1466.7429
135.15991
437.88922
457.7131
-165.45668
289.60675
67.60729
-560.1724
783.1876
235.18474
-399.26276
-210.94363
-386.491
-109.75374
-253.70605
-458.45227
42.03079
-411.845
-290.68204
64.9643
-1180.5234
693.47955
-240.03539
-55.03412
-381.3436
-259.20633
502.8693
1240.6051
349.2691
-53.004856
116.58703
392.9113
51.975025
743.3682
-483.3878
-865.0966
-715.858
509.43503
19.47341
490.03024
33.24367
58.27771
810.16766
-442.6885
259.91708
649.3423
-638.18036
-58.928623
-26.345808
4.8725286
347.00497
-666.9565
-1039.3926
-581.1186
-212.1826
434.03568
-432.4635
-436.7646
-293.2369
0.062989116
-85.26229
56.692616
48.6659
-524.8923
65.897766
-304.9313
-752.08636
-503.84344
41.120663
-405.4927
109.127495
-519.49445
367.27133
-608.80646
1339.2328
702.60175
-238.86887
-10.284951
544.09406
-878.5628
145.93954
-187.27599
1091.741
-854.6866
849.13617
518.05273
244.28824
350.77057
1195.5255
231.6653
-231.4025
-1076.8174
307.82742
-1036.3245
272.8116
24.711555
1257.889
340.66556
659.01636
-40.663723
373.88678
172.56166
-193.4504
299.44833
-136.00804
-62.964977
-166.62149
-633.4975
149.92479
3.847413
-214.81601
571.03235
-562.31525
-887.09106
256.32568
-701.72565
179.46373
-96.5523
679.1172
271.13388
-510.4435
381.20694
218.62738
1175.5559
-357.55368
2.1645927
800.9317
-240.51422
-974.53
48.39527
-408.20786
-577.88007
-222.938
-808.42926
82.59037
124.26785
-724.16095
303.45264
484.44458
-98.85236
71.81653
30.095934
-192.0088
-146.89343
-314.45328
207.73788
944.9997
-882.27985
546.0424
502.94778
-464.52145
865.9068
921.3603
-587.2836
128.89246
-287.82874
-290.32578
-2055.2122
1013.365
492.32855
-97.356255
369.74997
582.726
191.1866
-586.62036
95.075714
-173.7735
-79.24726
-818.97504
250.73196
92.842896
189.86371
33.833435
455.58276
116.99553
-393.61557
-304.04758
-826.86707
-327.92075
829.8984
-548.59406
485.7661
-755.72833
27.086182
198.17586
-699.95844
-57.35094
-252.00505
-415.37598
-518.9366
742.8254
476.62476
-248.2445
-55.993
-762.28467
-273.9635
-51.35749
478.5184
-512.3271
-225.88997
341.8046
-264.1024
419.7208
587.98
368.28397
-909.0148
245.62396
3.6630518
-731.2273
214.97157
-36.403522
-146.27766
1163.1293
436.02814
-529.4709
-1455.3218
736.1588
-30.632807
-40.793297
-500.71582
-290.37384
-125.257996
353.3088
882.29626
-641.1234
665.8647
1111.984
-373.607
-433.98026
445.59213
35.97496
-974.1778
-413.3145
21.923971
-920.8415
-903.2711
626.65137
1286.92
371.45758
-34.7102
1043.5565
246.61566
-144.90355
50.667923
-232.47893
-107.4296
33.941425
254.32465
-9.613244
666.3288
-627.1683
-1440.5034
479.64597
-311.7016
64.27755
-496.41617
-93.95518
-398.5443
92.42716
-327.95023
-104.28333
-144.80595
-1083.547
340.29254
-536.0387
-177.7897
324.7488
791.4902
76.84149
949.16437
492.5702
-196.32083
-370.57285
149.18779
-594.2793
-621.1651
758.0274
679.3276
651.5443
-765.57367
286.72354
1199.6686
78.04217
-376.65863
217.2585
-177.66434
495.80515
-1051.547
858.0791
-391.48074
-445.65372
-328.5966
-21.946558
419.31296
999.63544
-233.75674
-604.82336
-751.26044
144.24982
277.24106
697.6903
70.06901
55.901276
-1170.6394
208.71762
70.88261
365.22638
-134.46005
-163.3775
982.42084
-1153.38
848.399
754.3671
-841.9769
-410.67184
377.1422
-862.768
333.76263
-293.0842
-425.99323
332.7313
352.0705
888.84467
178.27104
682.91876
117.6529
466.69754
-172.38774
304.54987
814.3182
30.446587
1171.4019
-340.90863
-1281.3284
17.214497
-1391.5798
-730.21124
-1506.2803
470.7517
-208.47708
-130.15628
720.1007
-282.4432
-1082.6222
471.8004
-329.28543
-1130.596
-198.96132
619.0739
-261.41827
169.04282
-170.7378
1156.1722
-903.05347
-201.14569
815.7638
-534.178
-45.437572
-330.72998
693.2132
346.1011
613.65497
190.15678
-171.32555
-349.91757
32.70365
598.3196
967.3651
1116.2148
-386.5746
-664.1942
401.78064
-58.95982
-690.33356
516.7886
-555.0919
1284.8103
-374.03375
-421.36853
-111.74946
-760.5961
-141.76515
537.51654
632.5815
-685.6322
270.8251
-725.1876
736.6507
181.3637
-204.61247
335.1338
-279.15338
-371.26505
441.0917
-1288.0869
152.48494
292.32388
