-707.51337
481.754
958.76355
161.36183
1354.5656
1055.1171
-929.6621
874.57355
-161.66772
428.8886
-879.9336
-1190.1439
-1168.9011
-1258.3978
-575.51733
-1901.8328
-1603.3867
500.3094
-123.98878
2262.736
-442.5881
-852.7115
-388.32977
-145.99063
-1325.7659
-171.4772
-917.20856
-462.24585
-1523.4471
122.50998
626.1413
386.50067
962.34863
2121.556
1930.1049
1137.839
-357.80685
-502.99136
-148.66339
-457.42755
-630.02106
-970.2431
-545.2072
502.09598
871.43805
-347.96576
-21.806957
-771.46924
-817.9836
687.26733
453.94498
46.572315
-264.86975
-1486.4967
1783.3046
-704.68365
2214.738
-193.7349
842.54266
-505.88046
-104.28022
18.446695
284.48267
-1009.6243
14.773134
678.35846
-317.76605
456.13318
1648.3188
298.95096
-1188.0853
-234.8373
352.87384
138.09369
400.16428
-1305.1451
22.696077
-1223.7616
-82.146164
726.55444
-180.06198
-823.8961
-689.3461
-763.28265
-255.27582
2402.1973
-1167.528
1082.181
1442.5299
554.19794
-130.82152
406.71005
932.4847
696.9068
-665.94696
65.54077
1680.7603
915.303
742.7726
463.01306
-965.6354
629.89716
-920.56915
-259.49072
-618.38916
37.19617
-104.345764
1320.2017
-41.84179
-987.0274
-1084.8425
1336.2363
171.1486
-629.77216
1116.1472
-124.00668
-316.39102
323.41287
-635.8327
-1792.3402
318.8731
640.14276
-308.73248
5.644748
-478.63547
648.8847
-593.98584
-719.84827
824.5938
-973.02625
-214.53787
-151.83003
-232.4207
-639.0398
-345.53928
-963.09906
-114.42275
844.46063
602.05634
851.09076
-604.6534
153.06041
-1592.8954
-1514.6884
-255.55684
980.6285
-229.26588
1415.9354
-138.46466
-395.9942
805.41644
1410.1129
-214.61066
84.83747
129.47218
-790.63495
-797.2871
-589.7046
-2447.6533
553.8197
619.4031
-1527.7559
190.88583
520.20746
1605.573
930.1128
82.296776
52.353046
1057.307
-1884.0718
-135.16006
-904.6964
-375.51678
916.9051
582.142
275.30084
41.16902
530.1114
510.7315
-1318.2618
-225.43492
786.7281
-356.10858
-1009.9694
-405.3878
-218.67981
1205.405
65.4571
-1058.5305
201.13147
219.10606
-817.3929
-74.817566
727.57275
-56.91872
-975.8507
1134.4639
-348.77496
481.2447
567.69836
-423.56943
1914.4071
287.53464
1171.2109
-139.2317
613.32074
917.9407
-338.72906
-1596.0151
-342.18237
-261.19205
488.8719
-380.58698
-1999.2397
648.6546
2386.48
-424.2694
1140.626
-195.6557
-61.654945
-529.7043
389.9578
942.0892
-599.28314
-171.35582
299.76636
606.3622
181.65677
453.3616
-668.2958
-339.3739
816.21533
20.987803
309.3301
841.46234
-1552.3646
-1829.6155
1522.9994
-503.05594
-590.75507
-62.568195
544.2263
821.8448
-418.0126
1294.8126
-244.7445
-345.41147
-1001.539
-1654.509
-1275.8181
-1064.336
1595.7615
64.34699
886.80756
-570.92084
513.4873
895.7961
203.0632
-395.40942
490.24646
278.552
-404.33838
549.15326
949.0182
-220.80443
-782.16284
-112.56038
-50.423264
1064.5842
-1613.3278
285.183
-1502.1075
-566.0435
-1391.2538
319.2264
110.95768
-1148.0782
1178.9688
1040.0902
1106.6892
-199.91388
182.77908
461.5869
897.9251
1217.9746
-1630.3981
-1306.2026
-737.7164
1672.5021
-351.61526
-339.4915
294.64172
-925.1298
33.880653
-1022.6042
247.09207
445.69205
-408.5842
-933.74133
-330.2547
-647.2152
-1141.5354
512.77246
-970.81006
-615.9028
-225.96825
512.9502
-167.02498
-1349.5924
348.05322
-332.5519
-1534.4354
-77.379196
514.63873
-1049.5005
1851.2245
-999.02795
-421.34488
-726.5883
1017.06866
-85.317535
112.07242
-1254.0419
-832.0166
108.85372
844.4119
1499.3334
-611.2052
554.7541
-48.807396
837.23895
217.77794
-538.53546
587.2877
-1707.279
818.5163
1240.1346
-71.9514
819.2467
9.09609
202.10837
729.6679
-356.15692
-460.9533
-838.3672
134.37502
-60.163586
2472.0544
-314.8906
125.000336
345.95175
417.63477
-859.48114
918.4987
51.59919
-1039.0156
556.924
-181.14558
68.51611
483.71677
1064.7987
563.7412
552.64777
-717.95355
-532.88367
318.8731
-994.30597
-69.946396
251.76761
1506.532
897.359
-1048.864
-191.35785
970.1602
-509.31137
-408.55313
379.0917
1232.4971
-333.58453
-1604.4283
-322.32324
-515.7707
-949.7087
1424.0029
-1085.2217
248.32108
173.48029
-1644.4803
1075.1802
552.5374
-1235.4747
-1259.8009
-815.07574
259.62784
-21.131508
373.5567
479.22073
1101.323
-625.10986
-80.136696
592.5387
-1360.1672
890.0633
1718.6825
-600.0351
-314.6787
-600.1465
-77.71089
-2855.768
1752.1927
717.20416
-918.523
1464.9001
235.66908
938.1977
-786.90265
-609.368
1269.3596
560.46545
-760.9935
505.84164
1250.0284
201.68541
166.0491
226.15688
-401.79507
362.88885
-118.5473
-1290.5414
-1440.5322
1604.0386
15.751111
647.8026
-521.82574
-655.1603
260.018
-113.60869
-108.86592
-1772.5717
-109.34458
-543.55286
1312.0906
21.506884
-560.201
-1010.97943
-1087.4285
-1928.9113
302.59396
500.34158
-1284.5079
-1365.5173
1306.0945
508.59534
379.86774
1440.4261
374.7387
206.8591
1082.902
-838.09906
35.9174
-256.86588
-901.9728
455.6226
145.47098
1542.7451
-64.19835
-1820.3976
1523.4865
-402.51245
-61.52832
124.62625
281.51056
631.20654
208.27617
1540.295
-707.08075
735.45184
2133.124
-1112.5884
-718.3248
612.88055
572.1565
-1306.0306
177.8814
-391.09027
-741.8283
-691.41675
1380.4122
1781.9683
1082.8887
495.79016
1591.7736
27.512478
-429.89746
676.0726
1079.8013
-8.35354
-189.41583
541.3919
156.63359
-61.152737
-618.2075
-449.09348
935.8815
-120.68582
-45.981724
212.42125
-483.19574
-1227.6404
1734.4944
-958.60156
-1048.9846
-414.26285
-393.0115
1700.7615
674.6795
827.7937
-141.6863
743.6347
608.13855
610.39526
980.3456
-338.95593
-452.43283
350.95062
-519.298
72.158424
1489.7183
1234.5597
1818.9952
-1532.2355
831.784
2282.8843
422.73605
-676.43665
-590.3369
260.0016
728.31824
-907.07666
1817.1501
591.4298
-1228.5159
-66.759254
-1804.8726
1177.2291
1778.4554
-1396.2722
144.04921
-1155.5116
-599.89996
530.6663
-195.85304
15.653005
-802.5295
-795.40955
189.04681
278.88303
986.85583
-998.7182
-991.3116
1121.1272
-2184.1196
876.2867
1241.9656
-451.14142
528.9915
191.71632
-333.14914
920.44696
-203.82556
-126.13337
1112.8296
1389.1675
-468.94183
-225.10794
-184.06317
763.87427
-448.43027
-745.0134
1172.4274
1.0542774
-343.41708
1502.426
-200.93599
-1267.7926
-687.1983
-1554.0624
-728.78046
-1608.5725
373.15778
220.78467
391.64307
348.63348
-700.46814
-1218.4172
1194.8007
-814.1172
-1996.4753
-106.35426
-453.5134
1198.4965
534.5888
-142.50554
778.59143
-682.8287
431.4264
184.2108
-955.7272
-44.651997
230.29918
449.49493
-89.76307
561.6032
608.4593
-394.03018
-299.601
9.305477
200.18793
864.6024
827.0513
-498.9526
-591.82465
608.7499
756.5127
-853.2507
751.7173
-1094.6013
491.73895
720.88904
-1082.4177
-70.83054
-2033.3644
-731.8029
629.4003
1041.2604
-1169.7548
133.69136
-819.659
1363.997
1.7192706
-696.66565
594.6716
-985.76166
319.8651
1160.0985
-2750.362
794.7598
405.15475
