-433.1168
837.55695
-120.23911
481.63748
408.89413
436.6187
155.95062
197.98064
-28.676762
-165.75095
429.4424
-1593.0166
8.441207
-228.60464
-66.9982
-1086.8029
-21.999134
780.8392
219.02238
723.71564
14.653339
-1207.1914
30.686316
2.1961007
-367.1678
-380.04276
-19.874882
-30.999237
-722.5722
-24.239462
-432.85104
-507.59314
-85.38746
1043.9412
588.7426
853.01465
719.4299
-44.63115
117.47564
-653.091
-584.971
-797.9229
-119.3628
97.7544
390.07022
343.3256
94.29003
-354.6219
-337.0475
425.03018
-149.4022
480.2284
-374.12064
-153.7141
499.98154
308.2484
1684.423
-668.014
-199.72835
-0.33411384
-238.46114
606.9474
464.73602
-357.80795
147.15176
-112.616806
-39.03472
-14.17196
1421.6702
335.7436
-70.55123
392.32605
-186.28812
235.39343
30.956963
-512.9476
-461.90372
-250.06857
-169.98466
274.40836
-647.3813
-169.71432
-679.6864
-365.8325
-744.97095
726.41785
-958.0857
1283.2095
905.0937
281.74484
-552.5579
235.88985
857.5071
-868.7414
-203.39575
433.98044
643.62476
721.69977
629.06384
418.18555
-847.21844
-375.91315
-219.46837
-416.8891
-1026.0042
139.97922
1378.0782
1204.2831
-91.15234
-131.99065
-700.9091
195.8124
430.03482
77.67934
804.6604
180.50888
497.0197
311.61035
193.87268
-1041.2633
955.8457
83.6585
320.35876
-508.58377
190.03581
496.33762
-902.6371
-401.92566
772.15607
-215.60638
-105.38721
413.38736
-829.19135
-72.68622
-423.15503
384.84613
-343.41385
-145.6606
315.41968
-85.35167
70.517265
-109.44633
-1737.1572
-1110.4125
-754.9001
1073.8778
517.67566
726.2622
111.551315
-365.75583
701.0697
958.46625
147.85126
-287.00095
31.650997
443.24658
-723.9386
118.20803
-1576.4824
76.60448
568.0763
-1115.382
305.94156
-54.533813
692.13275
708.93396
-619.2951
558.6204
512.9306
-1212.7563
-319.02246
-238.04617
455.73785
447.40387
301.67908
323.9144
6.9165087
1212.3893
172.24661
-893.75366
-64.22439
196.71425
-472.09125
-140.56168
209.47774
-1075.9219
801.6958
-855.38214
-783.7649
1660.0323
220.54489
-504.75778
223.97966
1261.1509
477.76105
-475.79434
272.0093
-369.5448
-124.791336
-366.29837
-59.38642
1308.5955
289.46997
168.17165
-228.33821
-214.40605
-84.67299
-237.46446
-764.33844
-683.5508
482.84488
353.68008
-870.8004
-547.6236
977.1064
1403.9524
-233.43658
1086.496
-196.76761
-233.99213
62.815002
180.18987
733.3669
-1209.8604
-1046.812
594.2096
-758.86743
86.846664
620.7185
-390.5407
-153.72379
1071.6676
-248.34853
-687.91956
123.906975
-719.62555
-57.14047
392.6385
-724.9173
-71.002525
-497.19507
581.03455
43.342846
-386.94794
789.95154
-654.7038
-443.43674
217.93582
-1679.2278
150.16083
-561.6639
1243.2375
182.27986
546.1456
470.28043
-203.71304
370.06433
161.74722
-544.56305
652.1971
299.81033
-441.64426
-231.98364
-142.71004
-50.274834
-442.21423
-336.31186
38.081936
-464.87183
-356.1016
235.94559
-1392.3396
700.7186
-299.51538
-84.91093
-266.55292
-284.19568
563.10925
1193.1204
475.17075
-332.4938
-10.514203
422.9884
112.3767
742.6216
-413.7706
-831.2084
-777.49115
519.33295
49.888687
589.0547
38.66132
-156.4402
621.4822
-424.5541
157.31941
655.72034
-768.3119
-48.267338
-66.06871
65.10017
328.39102
-689.3407
-1000.74725
-706.47906
-181.34587
550.0046
-347.79474
-494.9602
-318.26218
-108.94399
-117.88539
-1.8478007
112.53011
-513.2382
172.46017
-407.1833
-801.29126
-484.2999
-23.616322
-520.6842
150.5869
-577.655
359.75314
-630.75934
1419.5688
598.7819
-309.48914
-68.82451
506.2762
-814.7262
103.62081
-178.70425
1166.2673
-787.88885
826.7198
460.467
258.84595
354.92346
1148.0406
194.52605
-495.98376
-1172.389
422.1071
-1114.7018
375.28506
-5.020108
1163.6111
272.4635
797.22894
-81.877045
376.7724
172.60223
-235.71025
334.66153
-250.61769
-51.608376
-94.04461
-567.28406
153.35484
46.030495
-173.63739
515.3398
-595.6143
-867.3832
222.29689
-671.11053
154.44412
-157.22945
869.759
134.82051
-514.9644
413.55417
278.8437
1208.6998
-382.586
-11.575364
1068.0647
-292.11496
-1001.2496
215.22815
-334.30045
-579.48
-196.00398
-968.9417
91.20891
-16.69874
-722.16705
275.21762
282.43057
-77.55468
42.95449
15.852422
-85.590744
-132.05263
-348.36963
168.73817
972.17615
-845.5598
676.79565
541.20575
-461.82504
891.6329
956.26807
-504.46918
-2.5222297
-417.63623
-330.92078
-2056.1865
1066.9897
466.7284
-59.482384
436.72678
613.35284
333.71005
-703.83246
55.81427
-122.82915
-109.695915
-822.73596
268.29205
-16.774862
311.24243
-17.946154
503.82382
192.2418
-125.814095
-336.9074
-806.6689
-376.93463
760.0556
-694.4253
419.0163
-700.13666
-75.5191
309.4819
-693.5063
-5.8507485
-285.6776
-512.3372
-353.74335
820.737
632.4504
-219.5698
-194.45963
-798.09247
-300.76883
-164.49977
271.4253
-604.78613
-328.67773
483.3209
-283.42325
245.58844
409.75107
127.323975
-1007.84784
263.9476
-2.2409668
-736.6645
139.76183
-15.482245
-65.77821
1372.8032
565.1508
-509.4415
-1519.6892
810.9736
-90.52333
-61.727386
-469.56265
-444.7559
94.94586
515.63165
707.4658
-755.128
689.9947
1215.2001
-309.19537
-337.21814
417.07562
159.45882
-1042.9364
-335.90457
9.558288
-884.3671
-820.73346
662.9815
1380.2356
357.3013
-117.28552
824.1713
269.6415
-162.0797
51.592625
-146.68965
-130.00575
89.95202
244.71524
44.835987
680.6797
-482.3401
-1367.6549
630.9182
-320.81122
119.332954
-466.98712
-324.0581
-443.93292
264.2873
-347.74384
-124.29272
-147.5792
-940.9384
418.08517
-479.155
-124.895775
98.88304
863.3432
-92.47022
973.0473
551.3701
-246.96468
-383.56982
176.36267
-638.91003
-717.11896
823.01697
813.3444
617.5524
-743.87866
147.92142
1343.0118
-69.23968
-359.50302
230.26146
-199.47365
528.9014
-997.191
941.8321
-274.25073
-589.5483
-318.8083
-38.54656
397.587
882.6103
-317.661
-602.7565
-810.69836
275.7149
337.8215
614.95306
20.00454
118.14991
-1231.1376
143.53001
90.04552
298.91354
-267.57974
-219.23424
1086.0272
-1167.876
822.51697
790.2816
-898.6689
-207.47884
442.75772
-952.8441
321.90176
-265.49133
-414.17825
320.77832
280.1165
923.5115
206.08989
901.43274
328.0689
235.99298
-78.64998
401.19748
746.758
-163.39934
1110.7424
-244.94806
-1275.4159
1.6853707
-1451.9109
-699.68335
-1659.8123
509.37454
-37.185654
0.9134159
732.7882
-238.55583
-1053.4182
592.97186
-204.20892
-1124.752
-284.21365
585.4714
-192.6335
279.5895
-189.00078
1027.6996
-790.75275
-231.54773
804.99585
-776.063
-142.96988
-328.23367
734.58075
273.4068
704.44867
241.69635
-222.90033
-404.84537
132.05774
680.85443
868.9715
998.4992
-406.32355
-678.19464
410.79062
-37.822304
-850.9271
459.30646
-732.37665
1147.8701
-335.43472
-388.7119
-125.38024
-764.8973
-115.98195
614.7773
725.6146
-723.3979
256.43835
-794.30273
768.6884
172.9138
-10.153965
239.39034
-285.1956
-298.84354
406.76224
-1437.7368
256.0453
257.95126
