-175.48915
90.579865
181.55733
-28.740017
39.044346
-44.44668
-2.9384665
25.55345
112.15836
358.5051
223.2452
-77.69999
-161.67654
-131.99727
-256.08847
-114.09975
-285.48798
170.56178
-107.99716
20.68344
-4.8011723
45.890068
-170.01364
-43.86112
-288.01584
-34.15395
17.69797
-144.04369
-215.20221
-101.356415
106.85406
-152.5102
-23.359049
271.508
77.129906
-14.396823
20.79774
128.33234
-232.80829
-276.13492
-247.12318
13.770553
157.8657
73.641045
244.56131
22.44795
-87.31491
-292.3472
187.60378
-233.8452
-153.60385
250.15012
15.014524
57.216244
-76.942955
-271.99396
239.67342
-27.831516
-28.883764
8.840556
117.54005
307.63672
164.22882
146.26332
170.1285
117.63866
-21.603456
1.2206936
45.353497
145.98288
57.380066
284.47742
203.01068
75.454575
-28.56497
-313.523
-3.6992788
165.7938
-48.298557
191.73988
-187.91707
308.0145
22.068682
5.0528784
173.08131
31.325022
-119.05307
37.65625
69.27651
-152.56445
-129.56891
181.8868
350.15088
-347.52487
227.4624
73.50375
-110.15353
-90.838745
115.20004
-107.73731
-408.0382
-72.62368
-49.232174
55.448364
-318.99567
41.966003
180.0539
-54.098667
-158.8945
231.14746
-281.19363
117.25196
242.68849
65.82784
-58.941013
79.06079
-153.33632
-68.366234
84.935524
-139.49167
-5.4656677
179.74126
-184.80527
-19.229786
-160.38393
42.022163
-256.0595
3.5909472
1.0278764
221.66414
-221.81474
293.10968
-74.37693
161.6825
-155.76256
195.88892
261.44287
56.12743
-56.9757
-9.089695
-83.14374
166.21259
187.59334
-52.083557
40.897717
111.93473
212.14606
-125.433525
20.617476
-396.32925
102.49738
-241.64568
486.70035
50.503803
296.05225
23.174482
131.42564
-98.69974
-111.96034
213.06749
93.281166
82.84179
63.153866
244.47118
75.94795
-72.576836
122.14568
-90.151
63.55674
144.91025
-264.09003
140.57446
-27.002874
214.75487
-56.991024
52.82035
-220.06361
456.3473
106.85029
-20.668728
-252.0377
221.70793
140.36342
-46.14672
-220.8449
-140.95395
116.54265
143.22737
-49.708843
333.2325
-86.528336
-224.26842
-103.22123
379.36526
108.38968
-80.35578
-107.835
54.448494
-270.74496
182.90007
-16.440653
-82.865685
157.06566
-17.146404
63.788597
63.57996
-289.39587
133.04903
-53.421295
-149.68983
82.21603
44.351265
-306.8368
-68.87252
13.259245
-102.88707
40.850105
-29.195105
-252.62714
13.695762
313.99286
65.573814
82.419815
-206.70164
170.28355
-66.749054
-404.50928
-297.04703
-143.55261
10.961572
-41.002285
-151.82155
-102.32729
-32.003746
53.4517
77.10004
17.655394
132.30486
56.857906
-47.154377
152.09851
-63.76008
-65.723495
-12.708963
14.288292
-216.87944
133.30643
-79.74781
-110.82193
-39.404224
-27.854727
-51.365005
-13.399528
284.98157
144.19849
68.8951
128.74342
-378.85132
-216.32397
210.61938
-49.352123
-34.003384
41.625523
278.86905
82.73936
-216.81223
-172.9525
14.544612
17.824419
-236.19003
-33.75609
-243.17926
-233.92331
227.05927
29.067165
-159.5326
-163.9826
42.744175
143.40553
-43.98627
127.73872
-93.44206
-121.78281
-120.17586
141.08464
-43.315914
3.9192057
-228.02797
-196.67786
62.426414
140.76143
-294.17563
122.33358
-58.94714
41.926144
-123.864655
225.64178
-210.49615
156.40842
5.398817
-246.86897
135.40936
-147.24738
-321.28494
-75.69441
-256.74887
146.34235
9.601574
-196.94592
-48.461258
-314.94098
82.496254
330.8463
195.13362
-206.4733
339.29126
71.91457
63.62165
23.215858
-63.630054
18.543686
-33.881042
-316.0047
-151.13687
75.685005
108.852806
-103.60115
165.29549
-125.97256
119.02001
-329.78696
-89.14262
-172.69766
-7.2290783
-21.112886
23.55741
-110.3066
-263.58273
100.72711
156.58629
-59.482285
93.22274
-293.62
-107.7212
-217.64099
-35.431427
-23.816887
211.52318
-174.49202
75.99092
314.61084
-59.882282
2.0687773
151.93245
92.37364
-20.29578
-97.17498
50.710274
-163.1744
-203.94714
-246.29199
164.33784
-114.25053
-46.17784
-171.70032
82.24227
-122.00714
-61.238575
-237.75899
-20.792536
193.20448
-271.92188
254.53845
304.3038
480.34933
-183.84933
-84.75881
133.02945
-2.678434
-80.861435
38.37868
-137.09251
-165.8165
-104.48389
-218.20287
173.9044
88.981094
-126.47852
-192.44763
49.194027
244.97427
2.4417775
-122.19258
-54.55473
-144.00276
152.43158
-15.265781
496.51007
-199.65533
-85.48643
-59.1881
328.7679
-59.941452
-83.6286
-20.12845
-178.17715
35.48517
-17.327852
-10.579709
87.917625
244.5641
-70.300705
-15.828669
441.68857
72.20935
171.13629
50.059032
-84.92086
-74.110596
-20.409239
-112.81637
21.800156
-128.62447
-182.45668
-391.8571
245.6027
22.951277
94.46002
70.22276
112.078064
118.05046
-31.19495
74.24583
32.910812
251.37447
173.36162
144.5376
-284.55722
22.570564
-199.41673
-203.23354
242.97786
197.44016
-107.66592
-163.86221
-102.65259
153.17487
-308.68997
-5.353371
19.155657
76.51829
340.42664
-117.52493
-121.1518
215.32062
77.93385
-232.48376
421.9259
-218.72139
-112.80933
120.493286
26.483068
108.418655
-161.4385
-307.34335
-371.58466
32.33759
274.40802
-365.5741
-16.612951
-102.98896
-5.7976866
120.575424
41.197407
27.657045
-36.972553
-112.99154
243.79497
75.65988
-36.866806
50.61157
-269.4935
-201.0475
-61.92762
-295.42783
36.583313
-5.8294945
148.96132
194.5648
-53.35305
-238.37758
35.18363
20.085114
-71.647484
163.57913
206.47842
189.71947
-16.258259
296.03653
-519.0263
163.4964
-230.37779
48.504597
-117.07358
221.69162
-61.25343
-81.71418
134.83319
-77.08541
67.21127
266.2397
-129.60042
-71.45833
29.30833
47.792465
-220.4734
-174.97609
-111.03925
-99.81153
380.66418
293.75665
-28.915102
-197.38763
4.026613
6.1982613
81.2885
157.42436
16.088932
-113.26719
-44.838413
-116.5365
0.38090575
60.221275
-113.28026
-14.766205
-142.68054
90.93294
-117.921936
92.03147
61.076412
-61.627323
257.3235
245.19112
-155.56876
-87.10644
15.340519
-128.18916
367.47073
136.67238
225.37851
-57.78609
-109.04018
-79.11554
-35.25718
42.497704
-78.84937
-66.06246
105.35144
-86.535545
146.32433
-135.31636
-237.65727
-27.920109
229.18958
0.31034863
-146.61748
90.97735
143.38264
6.8324156
181.8958
69.97506
-25.615294
303.4225
-231.37268
225.69516
-7.3657913
50.829803
78.307556
61.909008
-47.34661
-62.89334
14.789627
76.851845
-201.7015
-47.69808
-89.963585
-213.2854
82.507225
41.78752
-155.7048
123.9514
-50.07479
-103.289635
-331.79056
55.243572
-118.22929
197.56439
-9.002203
-41.135605
424.44418
-89.51078
-250.85643
179.79713
108.63544
221.19159
-18.874859
-343.20285
0.89978886
-159.33
-88.30734
48.495415
-255.09358
437.12943
212.19499
-18.931656
-318.1653
-53.379364
188.64491
266.8412
296.4728
95.73719
-153.64069
-40.592903
-131.43004
277.5273
-114.34579
50.84685
-71.18047
30.078455
246.7516
19.66627
-77.46223
-117.59827
-223.23795
-68.63236
-43.87994
92.91997
-151.3978
153.39336
-63.98227
82.18804
-55.71324
38.696846
157.83849
71.830666
-311.61264
-27.371126
99.47739
