275.72772
1052.7393
96.64756
588.69574
1122.2876
1013.6828
-295.6882
793.44684
100.70758
-103.99986
-115.335655
-1540.3203
-363.76016
-849.4444
-209.757
-1139.8568
-114.92548
818.8156
-30.463442
1353.9478
-38.498188
-1685.7512
-276.0834
218.83913
-417.0482
-648.2608
-441.24652
592.4057
-312.50473
620.37274
52.789677
-353.92136
47.94203
1374.6172
619.76825
430.46146
205.99689
-393.24765
45.809914
-237.28114
-693.7809
-831.85394
-339.54742
963.68024
142.76785
-508.30017
275.48996
-763.46643
-1120.3499
275.18134
-65.50434
764.00446
-72.10505
-553.70764
1332.1998
463.36862
1812.6086
-809.506
122.66318
271.77353
-170.45366
152.02365
658.29126
-357.9866
-426.59406
260.49817
-691.527
182.54822
1951.9768
-265.2998
-519.5201
551.2798
20.835703
-100.21162
88.857285
-1755.9956
-588.37836
-1148.8446
-69.42806
256.51877
-21.19889
-813.7801
-861.10693
-1061.8633
-567.0371
1506.0138
-826.8327
1051.4431
1293.645
604.86206
-704.09186
599.67017
1087.1923
-397.19467
274.22873
-263.69858
881.08435
1315.7684
840.25586
161.6437
-823.71484
-462.65997
-1167.8198
-791.7324
-1446.538
-121.02237
219.5757
939.6409
35.40703
-856.4298
-874.5436
273.08936
420.46387
34.58227
1243.6569
98.259285
-178.12079
721.97095
-248.35452
-1521.7051
541.6373
492.25497
200.86151
-23.453886
360.39667
549.4977
-379.85892
-624.7211
818.23975
-220.98239
-152.77913
201.47392
-642.9838
-943.34143
-70.00001
-216.61401
-577.27386
424.7006
355.7845
51.844494
-424.5857
331.42548
-1845.3162
-1399.4545
-626.81555
1101.1781
232.2658
1258.1042
-11.334046
-574.13336
578.2629
796.43604
8.253878
-526.1515
358.58847
-246.16512
-434.20944
177.25456
-2429.6025
659.37897
958.581
-1082.3734
-6.9627895
-453.7821
1674.0607
503.89105
-706.66534
50.284695
239.41486
-1341.656
-680.8749
195.93289
-168.80905
673.4347
439.18164
459.71075
-48.029354
953.1849
649.8898
-1064.1166
96.93807
495.19513
125.51856
-536.7623
-347.99283
-688.90405
1261.732
-284.87735
-1170.5883
984.74066
6.0857897
-1450.4805
263.6119
1536.2458
636.1017
-600.258
729.14276
-630.45544
382.24628
18.418503
-136.63942
1129.4266
225.49593
707.10864
-455.53162
110.0223
322.24228
-647.43756
-1781.1624
-885.29626
-84.49757
-495.70334
-911.91724
-1055.8801
1013.1419
1965.8456
-485.9048
1457.8846
-57.066784
-184.2358
-84.00984
203.41902
172.29872
-587.9743
-672.1672
1153.3162
-302.4263
206.54814
1101.3254
-299.07764
-208.2891
918.9999
-120.89133
215.5501
735.9284
-1049.4792
-945.82983
997.90265
-1259.6129
-229.28955
239.89258
290.57028
1040.0896
-317.1952
931.1016
22.30175
-410.7705
-543.02057
-1235.3119
-200.7866
-857.03217
1280.992
780.7819
1233.8566
149.69836
446.7338
938.1349
-381.6319
-734.17017
1002.2614
259.61218
-530.743
321.35327
325.78635
-644.1865
-641.5625
-267.6229
-58.89863
-297.9074
-975.9291
-38.726315
-744.7541
415.32404
-1130.1064
384.6388
-552.2632
-436.13516
641.01306
1268.9424
921.1521
65.08664
-37.877373
439.9935
777.55975
1606.041
-486.13174
-1072.566
-878.95245
699.38007
-33.09726
603.3325
-125.81099
-3.0168345
596.93805
-802.50964
-250.43886
103.38649
-1075.8945
364.36105
-580.8722
-336.7037
-255.99821
-72.65075
-1057.4458
-484.1509
-331.47247
479.45938
-648.7773
-756.79443
-308.75177
-849.14026
-987.6091
-366.69058
159.2543
-932.7678
568.16833
-848.2153
-997.2648
-764.07965
452.7848
-537.69885
221.70648
-397.86737
-284.1049
-253.56142
1023.18994
876.83276
-842.5458
-0.91772354
-377.50626
-389.37463
31.961496
54.928745
642.10864
-868.719
781.47406
1047.889
-472.41492
570.75494
821.7685
279.89737
101.68565
-984.10504
215.00046
-694.47217
702.44617
18.629528
1440.9148
343.0739
1140.558
-362.75607
634.76776
277.9857
30.668318
161.4707
-903.9921
351.34982
211.81938
-690.3258
60.622612
747.9982
-301.78992
265.2039
-789.9359
-930.95276
369.28406
-801.6054
-242.71254
-159.8462
1258.0674
363.46994
-828.30493
-135.25735
275.4708
762.7621
-419.10138
945.42865
1241.6198
279.99817
-1008.6167
-51.5402
-607.1588
-753.7206
349.40338
-1088.2913
278.38248
-90.526405
-1154.9365
657.1507
426.42575
-331.30585
-732.2129
-553.6751
376.7894
432.1613
112.067444
288.78592
356.43442
-907.99567
255.09546
852.4325
-1183.3718
405.7215
962.2107
-246.4556
-254.06207
-434.41034
-396.9472
-2645.3884
1170.2146
912.3828
-92.73587
689.10706
361.4205
797.8312
-1112.3589
-588.02094
164.64104
278.30402
-715.2147
431.06436
700.3615
800.4686
310.637
856.3691
110.60096
167.36115
-206.04912
-970.90753
-536.1319
1068.3479
-555.2554
5.0697765
-386.8133
111.91218
553.22375
-597.87964
44.789143
-716.3578
375.92685
-407.33783
800.8827
299.34793
-180.6973
229.00218
-617.69556
-1401.0354
-8.345135
317.3455
-323.71646
-673.56036
1023.2221
114.03512
194.28847
1047.5532
74.56685
-473.3915
611.4455
17.551891
5.845928
173.03386
29.11799
244.21577
367.45798
772.85504
173.5541
-1864.5914
666.6252
-271.18704
539.6691
-455.1644
112.88001
185.69548
122.28651
1258.4946
-1022.0161
435.76086
1269.0272
-927.2215
-1107.901
985.3976
919.69403
-1097.3207
-347.25943
-39.491787
-1076.7544
-932.5136
1181.8094
1905.2157
890.37134
-11.575575
963.24927
165.83398
501.71414
536.9571
714.9133
278.60376
-327.5084
421.07233
489.3044
158.82515
-828.8911
-932.1842
389.88333
-589.24994
194.3066
209.78395
-85.23461
-1200.5823
832.6066
-492.01907
-424.5714
-65.66333
-1165.5803
819.86615
-388.27078
573.36975
-248.06088
927.9069
420.50925
809.9035
206.7788
-910.4004
-249.40417
283.1779
-820.95325
19.119781
1085.043
1432.9938
748.45795
-913.3518
610.86896
1628.6115
407.79456
274.11218
-219.24458
602.5628
462.54544
-427.9277
1229.3342
-64.53899
-905.03796
300.927
-924.2394
543.4208
1371.557
-420.80927
-468.01642
-958.36145
259.7401
496.17966
383.98535
-67.77375
-163.45253
-1187.7205
-355.9172
355.79028
668.8419
-506.59927
-315.84448
1204.0583
-1279.0326
982.2663
1115.5542
-623.2168
619.6935
465.26685
-935.9597
482.15845
-296.8087
22.288897
1540.3606
553.65753
548.76196
79.87828
124.65684
756.68823
-352.8251
-282.37216
751.2641
419.6568
-227.5193
1180.4432
-255.43103
-1514.7799
-646.9153
-1537.3313
-842.6604
-2087.048
468.40546
445.3456
279.04346
147.76955
5.805711
-589.3473
1143.6958
-660.47174
-1747.4829
-144.14217
-8.449221
258.6696
-249.40121
-836.90356
922.9724
-556.9294
113.122185
989.3605
-1134.4607
-718.0594
-548.7648
1061.129
169.86629
779.6916
116.5754
-194.5396
-271.593
99.578606
468.40503
1018.95483
1134.6039
-96.272415
-348.8528
504.8419
-227.76498
-1313.836
783.0961
-836.1171
608.02765
235.85886
-1327.0883
-1246.4889
-1457.9645
-263.40933
664.71497
1039.5869
-519.92816
144.62361
-717.50256
1016.14246
233.2231
-370.01212
79.99347
-805.5581
568.43256
799.36053
-1682.2766
609.82965
-114.34899
