-209.82181
478.95023
70.74375
304.74377
-29.321121
-80.444565
1.0709038
719.3776
342.96298
268.98923
323.36908
-990.08826
-154.42535
-370.8772
-82.26783
-650.0008
-317.25137
515.5286
-99.17304
649.9659
82.775604
-1057.9742
-298.8837
546.5465
-517.23865
-242.91957
-237.4388
-550.9317
-541.849
91.04886
37.33606
-190.18147
-240.73088
1153.314
413.19983
349.3812
509.25952
-38.75915
-47.40151
-581.2115
-578.4172
-520.8928
-20.694061
-442.46695
142.72794
241.87032
317.90942
-79.253494
-198.08499
139.29178
-481.65195
224.7645
-347.60736
252.91833
347.25677
85.93625
1299.1323
-601.19836
-961.61975
140.3559
-376.64566
10.902733
611.9517
-162.4098
95.44798
457.53214
241.69748
-391.1048
865.60114
350.18546
-121.226585
273.86368
189.98108
266.62912
-107.99308
-220.23691
-292.41873
-6.9703283
347.82104
335.1975
-149.37247
-305.41238
-467.71686
-188.5243
-852.0536
1122.3955
-529.3368
716.3369
993.5981
241.00406
-94.41742
386.6816
851.12604
-1083.7454
-656.5441
704.787
305.3059
349.43356
423.5261
-72.077484
-487.02618
-680.24365
-382.50522
-66.10485
-697.3979
-46.137573
1197.6945
566.9822
-270.13034
101.38997
-584.23413
90.447296
263.7967
-103.00805
417.65686
-9.292762
-110.6578
341.86404
270.31232
-1184.0668
1313.7655
404.05807
495.15536
-415.2466
-101.35105
306.35266
-560.36035
-782.4093
593.5448
-305.3578
-189.08467
284.31757
-711.0335
-213.2381
-568.90436
422.86313
-46.7126
-32.341408
162.94566
-201.26514
-57.39884
-28.025824
-1016.2502
-882.8112
-234.37753
529.08057
712.7312
674.66174
199.38892
-316.9059
407.84778
750.162
33.851894
-524.14056
-73.81493
5.1691103
-653.29425
-398.33118
-1250.1133
353.44235
347.7921
-820.97217
224.29094
94.26269
128.08223
520.52954
-430.70804
391.8379
280.76462
-600.63525
-528.71484
271.83997
177.66405
458.93546
-196.27022
93.86928
435.36823
628.22284
496.77176
-881.7769
-30.83133
-4.979584
-139.59152
-157.82835
-297.38443
-316.08234
631.13904
-395.1886
-518.5813
1158.013
392.4431
-587.70544
-49.923508
1058.4058
399.0906
-262.66415
181.07254
108.16473
-216.301
-23.848434
-463.94708
1072.2054
489.38382
224.76183
-117.75224
317.80603
-217.49307
-157.88817
-935.6866
-227.24243
451.51102
-14.124255
-393.24594
-429.52286
357.42957
1045.5012
-506.6265
890.0282
-289.5153
-274.78464
-53.79766
447.3317
867.0212
-1034.5686
-413.2637
247.91362
-507.44785
161.07745
193.48448
-850.2044
111.32326
500.79147
157.84952
-612.28174
296.66046
-312.4107
-15.355341
216.52014
-481.65436
-276.2269
-542.0803
430.86575
-118.28061
-163.6252
790.57007
-350.63535
-398.2561
415.59323
-1150.9816
160.16388
-799.63074
946.8874
-343.20364
344.99655
521.00507
19.184961
134.86406
70.60652
-431.17334
397.4263
-168.45561
-592.4443
-507.23196
-260.38068
42.595062
-857.72723
-302.67438
-254.03322
-130.55305
-317.09354
-136.76527
-1233.5996
346.6324
137.61794
-23.175451
-389.9839
-362.1477
482.30313
846.86926
48.89563
187.94472
55.77975
-193.22844
416.51025
522.95435
-264.9619
-905.9397
-535.91296
21.642315
80.80532
379.77408
-302.52884
671.6772
574.84784
-255.92906
410.82556
446.80655
-504.97897
98.136765
-485.756
-88.35787
355.22665
-669.4742
-779.6314
172.91872
112.9858
439.077
-130.04816
-71.99808
-82.23823
-239.4613
126.15588
-122.37452
148.02397
-836.6175
144.16234
116.732025
-333.98734
-760.58057
-190.62209
136.46008
173.76283
-1060.5894
282.2126
-255.6478
877.41016
541.27136
-175.06491
-415.0194
687.79755
-1095.0925
99.241646
-174.41809
1077.5311
-653.48254
690.53534
1014.3888
-50.228592
135.76552
1110.8718
10.652127
234.53577
-963.12585
266.23056
-545.9619
234.84067
-350.88904
957.382
80.65729
708.91693
477.63
173.58774
326.32962
-34.524315
120.36667
-89.5684
-136.11732
7.780191
-588.5365
-267.38782
-193.57
-122.57617
204.74268
-325.3335
-1297.9186
363.14288
-810.09064
331.88275
88.713165
731.6834
258.42133
-300.68582
500.15402
314.43436
924.35443
-465.12335
-396.78888
282.04294
-340.79163
-831.2352
-38.16803
-202.98671
-661.2424
-285.56555
-876.8635
226.82646
-303.3199
-523.63885
380.11392
724.63
-209.08401
44.69745
-287.0036
187.65515
-1.5500987
20.641392
40.837807
812.14233
-586.6205
642.41876
621.1593
-674.11816
634.63416
1138.2147
-560.65796
264.09454
-647.15643
-282.76877
-1257.8735
943.6269
-135.40074
64.814674
460.00137
400.54636
-89.72053
-272.16232
-53.170536
184.81795
-678.7151
-566.0428
98.650055
31.976545
647.30927
-52.230587
335.94617
57.086555
-350.60046
-238.41992
-802.77936
-500.68292
740.6981
-515.5965
196.30167
-679.648
513.3953
-50.17923
-120.94125
-2.8641567
-320.43658
-219.27135
-14.8121395
24.52542
835.68384
-51.562046
17.321594
-539.64
-165.43135
-28.363354
666.7891
-208.9121
199.59633
529.8282
-222.46286
374.68463
343.2627
382.42953
-417.72766
593.1583
-368.49002
-398.82175
-113.38411
289.68576
272.10617
789.0687
-124.49495
-449.8922
-1030.712
779.7099
344.80008
153.00732
-487.06033
-434.8598
153.9698
366.27768
532.4364
-561.7859
212.34116
1093.3085
-423.23596
-176.31905
363.1418
212.489
-749.43365
-42.52865
105.58123
-656.226
-495.22314
468.8922
918.4604
148.64592
-168.8496
917.31177
-25.248749
-377.08435
-117.053246
-604.05786
-119.465675
-110.40813
595.9362
59.431896
384.1234
-338.77466
-869.43744
222.44308
-84.949814
229.53679
-288.52573
-55.39315
-301.1848
75.36675
-220.64967
196.64372
-55.276646
-778.43317
157.25726
-214.7357
360.71585
291.24353
368.66876
598.26056
879.2338
310.59293
-296.42252
131.07735
793.0285
-235.44272
-222.97633
374.9031
925.4218
148.2966
-724.3115
-238.02716
1210.3862
495.77725
-48.678513
-24.575525
83.57048
685.6078
-712.7191
610.3366
-148.83786
-304.26163
-429.64145
-311.77667
-13.322285
580.2539
4.8746195
-326.98676
-679.6783
241.89598
443.34555
528.22217
-118.84796
70.86929
-851.5717
79.869865
5.0566254
-290.48737
-298.77795
-410.59024
755.48285
-1463.5397
729.9813
629.4503
-263.05093
-4.5249977
358.74246
-180.12497
641.17554
-107.85969
-365.85217
18.332642
701.89294
594.4055
516.4546
418.46323
-320.64465
336.53046
106.39736
756.7526
610.6426
-433.2727
1324.4106
18.260212
-1035.6208
10.629279
-685.6748
-495.81705
-1208.6243
485.88718
-439.0707
35.77785
586.0879
-211.12094
-933.4854
498.13226
-326.40814
-847.4774
73.40679
498.12027
-376.26852
-47.74878
32.988667
913.54474
-981.32965
131.17188
493.23114
-58.326958
-144.88644
-298.72824
308.20328
322.2815
847.51184
85.77735
-175.25851
-150.54034
-21.955
360.39325
1208.713
1247.6843
-323.28867
-538.7934
-76.87843
-33.639194
-733.23016
125.978096
-648.35767
862.88324
-311.20337
-585.6937
144.71912
-352.7026
-485.2034
649.09735
688.5949
-406.62988
197.23743
-492.37796
671.4931
215.94728
-94.35143
141.88486
-728.572
-188.3855
346.92297
-1304.49
446.86865
347.78946
