51.41757
974.0317
81.92762
296.34497
1030.5149
679.3193
-126.13892
691.0747
-68.29486
-260.74155
-69.55212
-1428.2178
-313.30133
-677.7169
-275.30536
-1176.8215
-220.82341
1252.0295
-97.50965
1319.487
-286.0786
-1547.1826
20.708607
377.8354
-352.8565
-531.1036
-408.9479
127.360176
-392.2256
102.48998
49.09721
-534.4132
8.116913
1411.0372
873.80304
676.4148
267.01782
-45.09647
-204.67758
8.430658
-590.05457
-730.2453
-84.31547
669.4818
219.17723
-466.92957
203.45007
-815.3816
-799.5075
111.65677
-120.60261
496.9505
20.562122
-306.94907
1394.6748
422.25082
1988.8782
-855.2705
0.21012878
67.58445
-192.60356
92.203476
316.5971
-350.85306
-602.33984
374.65787
-588.42474
222.5657
1588.7552
-181.69572
-503.31546
319.25754
-274.61218
112.74581
-111.19944
-1259.0197
-676.85156
-939.42346
64.006386
166.40791
-122.66846
-888.33514
-995.1616
-1047.3531
-591.57605
1320.8066
-986.11206
1012.00555
1506.4636
715.31866
-694.1719
630.58673
1198.3556
-310.6772
181.97131
-292.10913
627.3988
1241.4462
935.64966
50.13034
-863.6002
-160.21564
-1183.4666
-680.674
-1419.1006
-52.09643
339.80453
970.0919
-21.474054
-598.9746
-791.8871
443.19638
338.91003
302.91992
995.56165
-64.036224
278.26877
526.2634
-118.98394
-1242.0171
701.3865
189.34431
39.053066
-247.84654
452.95297
540.7264
-531.39233
-551.12286
877.3676
-147.11923
40.815483
306.2087
-921.9279
-440.36624
-65.763084
-38.087425
-347.22455
305.5697
549.997
-239.13875
-23.976107
297.07544
-1952.9163
-1244.1652
-445.33844
1081.63
108.430435
1103.2272
-76.27847
-600.9037
576.7548
538.41504
-181.4484
-469.35153
159.08044
-118.739746
-459.2068
267.38083
-2362.5637
562.71906
1072.6454
-1275.691
139.35674
-225.54639
1620.6595
442.63132
-678.0995
3.0403414
405.883
-1332.7921
-696.4976
-10.627895
-77.46152
734.49677
620.0319
475.623
-38.44925
1122.6605
415.61676
-972.055
-149.88051
565.80493
-26.678919
-554.4355
-163.13846
-735.8117
1275.3262
-532.9005
-923.88513
1178.327
109.71883
-1399.7957
214.05556
1314.9418
595.68506
-569.7588
647.4377
-432.08087
-80.96241
-187.9588
-252.18274
1551.7667
236.7329
612.1402
-387.18866
85.57265
141.82497
-547.9058
-1814.7451
-1070.7965
223.06306
-559.6901
-983.12994
-867.8411
963.9714
2188.5652
-461.02216
1518.939
-191.59967
-91.05334
-241.78564
237.44931
449.57562
-828.5353
-656.02875
1136.5752
-200.01935
126.058914
1003.9218
-353.7805
-388.51706
702.1616
-314.56363
219.52924
509.30328
-1120.5167
-810.0739
775.3906
-1293.3761
-429.95148
-13.279817
474.25427
1051.4956
-421.9823
827.9687
-178.8545
-353.48788
-226.96225
-1244.0142
35.559402
-583.31506
1364.5311
408.73785
895.1081
585.2722
259.1198
955.7868
-621.1846
-616.85266
827.47974
328.36536
-765.37494
58.400677
325.14706
-901.2208
-831.2657
-236.72188
-107.58261
-317.74393
-920.74725
-94.64097
-560.228
151.18346
-1082.1128
402.57275
-332.84753
-490.01993
254.79697
1274.5675
895.8687
107.98545
147.86316
502.7933
640.68066
1273.6715
-626.20966
-1269.1443
-760.2147
791.2472
81.17462
680.01654
34.447094
-110.93969
625.8235
-594.3092
-115.18611
172.1665
-447.6523
185.25336
-360.5423
-189.63559
-103.18779
41.30545
-1014.25635
-442.0226
-463.72272
447.78607
-301.7512
-788.009
-160.92534
-702.05035
-905.1323
-173.15315
19.929012
-795.70184
384.97925
-882.5069
-977.9646
-760.87274
221.19142
-666.51685
130.8895
-304.26254
113.85003
15.03236
777.60187
990.13666
-818.2665
-118.94603
-115.922295
-384.182
49.39002
47.325756
644.9892
-951.45575
1039.5885
914.11816
-432.25702
801.8838
768.9688
481.53784
-33.938404
-968.3273
119.98834
-859.63336
502.49506
50.264355
1196.2532
299.27713
1028.8563
-295.96072
586.469
258.9118
-189.18033
169.71591
-781.79956
233.80779
-167.80055
-612.4379
80.17182
752.62866
-547.0127
81.416954
-653.88715
-939.33856
388.34445
-536.93243
-51.14801
-266.5669
928.9809
178.5453
-541.55646
309.79266
248.48114
755.35956
-751.4255
670.2915
1400.2153
96.5663
-1109.5319
-67.56878
-781.7029
-575.60583
178.0422
-1099.4563
496.3397
-54.511192
-1002.90625
441.9238
272.282
-245.17816
-693.74445
-657.4135
247.19257
459.90192
-34.55317
453.3666
330.3624
-932.6006
568.9262
693.91815
-1203.0647
425.38266
554.1151
-243.67844
-274.6706
-452.6229
-274.87717
-2617.7234
1380.683
682.1614
-346.56384
459.74347
449.0963
641.1907
-845.8102
-477.7573
231.24
37.473366
-793.81714
311.38333
295.55807
876.96155
358.837
1012.2916
90.32608
-35.766335
-330.4125
-842.30554
-823.5381
991.11993
-675.44946
-88.713135
-665.1767
162.82967
545.6216
-687.14484
-22.593815
-756.48883
61.9972
-264.83627
666.61505
299.0212
-195.633
130.69644
-379.3178
-1178.3516
105.11017
373.2031
-332.33606
-386.40637
1129.2781
132.94304
68.984726
992.8508
-84.05994
-604.3958
396.0931
87.63851
-251.99982
452.3969
185.28592
178.31462
490.73462
742.4294
106.42734
-1751.1907
701.8823
-305.73962
275.6372
-622.51526
131.26987
136.31184
143.3243
945.5519
-804.6404
541.16516
1067.9662
-967.2366
-942.8715
804.29205
763.6325
-1146.0731
-41.689354
152.64833
-710.3919
-1033.2828
984.8876
1878.1187
721.1945
-73.721924
888.37006
33.593227
250.55838
266.41797
373.91888
350.66742
-401.81433
569.8453
386.46793
528.32837
-835.3706
-1125.427
472.6158
-519.98755
307.44974
-177.57198
-194.55287
-868.00946
322.39908
-623.4394
-382.44107
-373.73828
-1298.8901
670.4598
-769.33856
443.2646
-53.358006
766.16833
205.32266
887.3844
397.78305
-686.9394
-115.81512
273.7014
-793.3264
-53.180275
1058.1201
1271.5176
445.89508
-1089.2169
709.46326
1734.3575
308.568
126.82585
-18.368368
345.31113
514.10596
-546.66797
1263.1235
-213.50621
-701.73395
543.279
-820.2422
589.3609
1484.4686
-495.73096
-604.84564
-1005.0255
357.62982
478.344
381.24924
153.12021
-313.4922
-1177.014
-429.65237
354.94586
584.30524
-415.92032
-61.2755
1197.5525
-1297.5426
498.95114
861.07825
-903.2738
542.34796
480.97427
-903.03406
227.70903
-399.80557
25.81347
1255.8956
593.9523
660.1367
160.28148
318.53943
531.89136
-135.44496
-226.38371
764.01355
635.04504
-193.91072
1173.1211
63.571533
-1502.6898
-707.1185
-1554.7035
-726.6199
-2260.4385
446.31116
382.5523
62.62121
441.05603
-40.243923
-492.9237
973.7729
-706.7552
-1647.2345
-155.35216
173.95198
321.30585
77.688995
-834.0677
807.29004
-739.82007
44.314342
929.03455
-1116.0287
-304.61636
-453.56262
992.5895
-3.4237323
607.41943
271.79703
-425.83594
-403.39926
86.22129
459.87253
1024.2174
1003.4793
12.143708
-274.19907
570.58966
-109.17951
-1326.857
376.80838
-778.9716
499.30856
112.508835
-1001.2102
-1078.7737
-1426.1482
-216.38744
876.09314
1048.2279
-519.0652
296.2
-672.36505
1054.5645
232.77876
4.1660123
-147.11792
-631.82574
368.26608
1019.3657
-1769.1534
660.3268
63.272068
