-722.27264
592.03326
1148.078
55.733097
1446.0863
909.88367
-623.36206
895.92957
25.5094
386.47763
-629.75525
-1304.8873
-1069.0101
-727.0733
-505.86444
-1716.0924
-1775.0054
382.70352
-229.90295
1968.3455
-544.59143
-711.46326
-453.8969
-499.86807
-1080.0082
205.21194
-584.7722
-546.21356
-1632.4888
-12.849536
584.1411
100.597855
966.8275
2098.0596
1921.4209
1278.1104
-410.33798
-571.1736
-148.2959
-573.39825
-459.46545
-1003.59607
-719.4751
958.43646
762.5364
-543.1205
-231.05643
-1016.1006
-1335.3163
691.6878
433.65314
193.1787
-233.86795
-1474.2362
2253.439
-734.3732
1934.0079
-290.24646
888.9147
-346.8133
-103.23512
194.93175
313.91455
-946.8638
57.10663
776.07654
-557.19275
501.10074
1613.0397
-37.939648
-1113.723
-383.40405
362.19672
-107.89132
600.5632
-1414.918
-201.53662
-1295.627
-424.50378
651.8881
-257.1013
-637.02997
-458.54825
-639.0627
-145.98851
2423.315
-1474.9182
746.9663
1811.2322
317.96774
-440.844
185.95265
844.0432
484.748
-811.9031
149.51883
1521.6997
751.4482
731.6805
496.02826
-1063.0033
424.42178
-926.48663
-314.22327
-713.8938
112.50848
-237.6922
1010.3312
-149.49742
-688.5609
-1183.5083
1171.3743
55.15401
-694.3861
1136.9011
19.84406
-618.4589
488.7607
-366.61722
-1754.0309
517.8672
582.2138
182.20755
48.044308
-496.67606
409.68393
-819.8811
-1213.3699
883.35565
-715.0983
-454.428
-90.76101
-558.58264
-738.3962
-324.66995
-1108.6742
-109.27568
934.04346
289.2727
938.25543
-575.55035
297.0019
-1540.0662
-1298.9132
-207.29167
722.48755
-96.968346
1693.2332
-397.30087
-508.52954
774.44324
1231.9047
-578.95514
129.56699
630.2405
-910.1249
-1031.4801
-834.64
-2308.1636
533.5703
938.8344
-1641.841
230.12106
706.5697
1685.7429
769.34515
107.93413
420.17877
1140.6995
-1803.3828
85.360054
-962.8441
-247.45207
896.54626
782.47034
56.76546
-253.5433
435.66357
445.348
-1239.894
-272.0498
813.365
-336.5442
-732.3112
-588.69006
-440.66602
1280.7883
475.1314
-1291.452
410.63916
305.89072
-1093.8148
136.51004
772.3979
-233.77545
-907.2248
1292.8029
-81.23265
364.24332
627.2853
-287.99762
1820.1155
499.25626
1267.4557
-347.36905
633.89514
890.2656
-500.29514
-1112.011
-380.43536
123.02204
547.4119
-392.95502
-1981.3584
467.982
2664.7378
-48.337357
1019.61475
-47.23897
-318.1939
-397.69345
196.54543
699.48267
-612.9875
-20.564852
339.97717
1135.1522
160.193
668.407
-695.39374
-323.39642
981.2876
-205.26076
276.29102
627.4628
-1683.6001
-2255.685
1330.3883
-501.35312
-850.3584
-290.8223
651.1296
947.59656
-699.40436
1164.0425
262.448
-82.55922
-1199.3899
-1789.0677
-902.3828
-873.17194
1543.0533
127.643295
1355.7948
-336.43527
410.27
1000.41785
40.918434
-523.3846
795.3805
131.22458
-794.42804
299.11356
767.5223
-211.61285
-368.87076
-432.23718
97.54004
991.7517
-1677.1234
-40.531723
-1156.2465
-601.5088
-1233.7119
370.93243
66.45487
-839.86835
1200.6697
941.86053
1322.5098
-225.71498
8.593696
595.1769
974.7007
1154.4045
-1745.7528
-1514.1525
-622.44275
1498.5402
-640.3521
-397.9576
223.33119
-774.539
159.09438
-1004.0254
417.1825
647.49396
-620.36676
-1240.7037
-793.1953
-741.5163
-1570.3497
228.29639
-1209.9366
-782.85144
-164.44263
643.69885
194.76297
-1419.933
5.865427
-462.8904
-1377.7594
-262.8011
834.6501
-1202.1592
2088.1885
-960.29126
-752.95874
-907.0272
746.80286
81.82008
-280.0076
-802.0686
-552.8613
-92.988594
515.6665
1265.7301
-893.28906
321.90732
75.497925
1080.2871
408.22247
-478.75183
888.59045
-1649.4485
654.95874
1195.9004
30.70959
1070.8237
346.7397
174.83739
527.62305
-823.56915
-451.41534
-1064.3713
-210.03026
-207.17088
2349.1182
-338.48666
-13.144465
237.46516
50.152756
-1274.5703
1150.7119
238.25577
-1014.43506
384.17206
-411.35455
385.4817
391.6016
874.6302
567.74854
480.74445
-595.1209
-642.6975
181.62975
-1113.2771
239.11852
-116.64733
1245.6553
940.0361
-742.58984
328.82843
989.8715
-369.4964
-873.4287
253.31255
834.2915
-207.30754
-1280.267
-606.20703
-56.578102
-814.75586
955.2369
-733.1872
508.64664
516.9333
-1583.2722
1074.0912
598.79535
-1307.8647
-1316.2322
-947.26685
253.72023
-52.00146
417.16138
126.570076
1194.4005
-614.96594
-125.28532
592.5173
-1536.9001
451.78333
1547.8931
-653.01587
-386.69482
-361.74295
-272.9584
-2765.1702
1607.3909
535.1376
-1098.1007
1497.9177
262.3336
967.24646
-780.74176
-565.6699
1142.1288
895.8636
-793.3305
690.29877
1246.572
-184.74916
-258.60532
70.00104
-639.3231
495.39166
-72.93676
-1367.358
-1362.3145
1685.5996
-103.32711
672.9364
-847.00903
-657.3343
289.59558
-334.49756
-67.84819
-1790.0566
-460.62894
-902.3483
1244.0898
-95.64095
-513.62335
-983.43396
-1027.2218
-2021.9686
164.04211
531.01263
-1358.9524
-1231.3633
1255.0906
469.16486
366.81915
1696.7443
323.71768
126.74809
857.51776
-936.43317
-181.60298
-111.92086
-894.40686
532.5887
-366.16827
1303.7054
224.1985
-2044.8206
1638.5513
-453.4585
-189.81401
228.78073
140.21448
533.59796
568.17224
1504.9576
-671.36884
922.7487
2748.8054
-1075.0624
-923.6398
576.5682
307.02222
-1261.5142
86.53345
-592.2812
-310.81726
-538.60516
1512.7284
1847.7649
1321.8271
473.86707
1409.9216
-247.7444
-474.2069
403.0738
883.44025
71.47607
-84.24502
331.7424
234.60376
-316.91943
-466.01596
-371.80438
894.145
-175.71036
-72.80736
118.019615
-297.16833
-1173.0087
1732.3844
-1306.9545
-1107.1891
-154.87476
-449.9446
1565.7339
698.0912
912.8598
-486.10342
625.9511
704.79285
664.73816
447.41974
-89.11479
-520.4259
667.0654
-716.7482
530.63226
1649.3066
1676.3811
1892.422
-1632.4473
439.01547
2079.834
421.30762
-345.8579
-392.54822
182.52606
507.9342
-877.9552
1880.2311
861.125
-1302.7725
-147.8691
-1770.5525
539.84644
1557.4274
-1581.3119
-2.8546424
-1420.0182
-260.49945
629.06323
-7.5865464
132.08266
-1065.5542
-548.08624
-59.369644
412.29944
1186.7682
-653.81683
-1247.3615
1032.6835
-2028.8402
1060.0028
1435.6873
-1006.3301
147.77347
75.19912
-221.27536
1018.6114
-90.00181
-109.4453
1096.9733
1418.3083
-395.2592
-629.3814
-361.2132
752.8616
-187.30312
-818.9445
1190.2141
-46.456062
-449.80908
1785.5703
-90.87302
-1590.828
-533.8468
-1460.77
-583.3798
-1765.694
334.3804
538.8607
592.0872
384.06277
-414.90918
-943.11554
1393.9446
-714.62866
-1667.111
-88.179405
-671.5463
1064.0438
392.7162
97.8528
860.47906
-645.4953
514.17163
219.35574
-944.45074
-262.858
202.95435
502.53464
-44.01488
229.73544
671.72974
-269.3678
-593.42883
38.749527
92.20261
721.06726
773.9227
-682.96497
-460.10123
284.2438
478.96906
-751.1741
720.9702
-1019.5993
914.5988
636.41907
-1254.9922
-214.58122
-2095.1826
-610.1569
685.1275
880.5865
-718.8739
229.16425
-1013.83514
1241.954
125.077576
-769.7039
666.74945
-1403.8066
786.28986
1163.3519
-2934.089
315.99017
460.83752
