307.3589
1166.7522
233.6246
654.1662
1087.1868
963.8417
-401.38995
662.5823
177.61523
-23.826134
-191.04532
-1571.1396
-421.72983
-872.03094
-316.9494
-1104.3246
-177.99257
834.0697
125.3902
1428.7876
-97.83093
-1472.9048
-253.60858
221.2054
-428.1153
-607.37836
-606.9318
607.6654
-329.68152
638.47986
36.615475
-405.2264
83.90202
1625.1125
682.8316
508.6406
115.50111
-335.90665
68.95883
-210.4426
-713.05316
-654.0311
-472.2899
958.0109
232.6869
-301.99207
200.5988
-725.0645
-1008.62274
450.65582
-16.759583
567.9228
-3.3013265
-542.85236
1282.6906
360.81613
2007.9781
-711.3225
211.79485
132.57808
-69.08707
23.293198
520.85065
-391.1161
-507.2242
141.56104
-595.4099
252.69475
1860.2311
-440.9975
-657.7093
638.5612
56.19168
-245.9709
80.94732
-1791.4825
-608.42163
-1204.802
135.78197
420.919
-36.951286
-718.43286
-680.56177
-1079.3549
-365.97925
1561.0164
-1056.1467
983.7717
1276.4355
628.45337
-810.01184
465.2731
1006.6375
-241.59879
120.80353
-277.60785
875.37286
1286.6775
826.92883
171.23358
-849.70905
-509.9983
-1113.5615
-758.19934
-1494.519
-239.82892
143.14256
910.27155
20.229736
-960.916
-787.03796
382.97678
451.7671
127.06794
1253.4418
-14.057695
-152.47234
713.6266
-125.651085
-1419.9031
513.69385
418.5978
173.42253
162.31052
329.35315
689.64685
-394.55154
-579.28406
1068.5759
-178.84502
-159.6965
127.20059
-418.82858
-1059.6752
-183.17738
-176.49414
-535.48566
486.9814
411.79202
112.27236
-638.6246
227.7638
-1716.1696
-1393.5465
-768.3359
1116.3965
320.73917
1403.7246
91.2634
-465.6631
465.036
804.92303
-26.26477
-471.7535
428.50522
-191.39807
-476.19257
-18.01134
-2323.5774
478.166
885.34143
-1216.5432
-120.37696
-446.86218
1710.074
713.4795
-650.0148
-44.190258
466.05682
-1239.8096
-668.34625
129.27885
-138.78387
761.5368
442.1802
375.73788
-92.15971
830.103
551.69684
-841.2385
89.75509
357.37738
199.04144
-382.8918
-237.90826
-694.9157
1198.1943
-312.19427
-1375.9629
974.9462
-146.8695
-1236.5822
498.42874
1379.8569
620.52246
-627.58374
875.0889
-526.24506
484.51215
-144.10948
-193.13472
1117.5906
186.84596
735.99976
-405.24417
248.09148
211.813
-705.3817
-1742.8975
-886.09924
-70.99272
-594.04517
-992.6862
-1054.2288
1067.81
1907.0186
-426.65207
1562.7876
-186.2482
-310.03748
-37.424595
49.235397
53.966625
-740.9083
-546.3362
1129.0939
-288.7619
564.18805
1131.4851
-120.82394
-465.1722
900.29626
-98.139595
308.48264
692.74
-958.41766
-1082.0887
954.54285
-1057.8333
-264.38245
257.6175
372.8755
881.60236
-366.33377
992.22534
110.666306
-600.29736
-451.5269
-1155.2605
-315.97394
-845.425
1413.3892
763.5576
1300.7845
111.70423
383.55966
874.8745
-260.615
-729.5705
1047.9861
412.23004
-547.4225
341.3458
436.47992
-697.481
-687.6069
-268.41086
-50.80307
-358.68274
-1041.3029
8.270708
-915.1405
272.61252
-1168.3624
496.2366
-463.41986
-402.9652
769.283
1163.7662
802.90894
-18.919186
11.856771
524.15027
887.73083
1626.7245
-547.6827
-1161.0309
-838.3113
745.16895
199.7675
643.06854
-129.27588
-43.61786
660.7164
-705.4358
-290.99323
134.19467
-894.4217
136.82085
-601.721
-359.963
-250.57536
-68.92884
-882.5658
-566.70276
-434.8352
386.96545
-586.81793
-905.59216
-185.64677
-951.89825
-1033.5609
-515.357
200.78484
-1025.9587
607.55975
-921.1561
-1026.6005
-696.54254
389.87717
-810.371
-36.527485
-554.4933
-369.73502
-189.85654
963.29877
825.0036
-1077.4731
123.59402
-207.29498
-292.28085
88.220245
33.772144
648.48456
-790.5437
688.5151
938.11206
-397.52835
545.66034
820.0257
132.77257
134.18805
-949.38196
86.791756
-524.63855
933.4457
70.5954
1448.0566
484.8535
1133.1204
-305.57364
688.7646
312.48105
-31.53495
301.7301
-804.3725
403.699
54.892216
-642.555
5.4100075
770.7071
-92.915306
150.92294
-863.4424
-942.6683
382.38593
-776.81903
-218.83235
-134.59921
1414.6239
307.0735
-948.89453
-158.18079
270.4173
706.8097
-562.45264
1044.0487
1315.7205
310.17053
-943.403
171.19044
-540.3184
-718.1909
282.14362
-965.46564
272.58142
-208.38391
-1150.185
613.4873
631.9584
-427.62943
-750.38556
-729.5555
354.7394
416.69473
235.70602
232.16318
528.0748
-916.1615
245.2565
976.059
-1215.6747
369.3097
981.04254
-339.00455
-477.30014
-425.86465
-327.32236
-2680.816
1106.9642
982.01855
-98.39995
899.02606
416.53876
662.16315
-1060.6378
-548.1599
13.464746
204.20288
-756.83496
489.29276
694.74414
760.3799
243.63083
870.73834
125.260704
322.17313
-124.9847
-1018.8786
-516.9008
1022.60034
-608.5516
119.05084
-309.28503
47.557278
527.7126
-514.63983
-47.75106
-780.4645
371.4798
-470.30484
847.47107
365.80896
-177.70021
167.7745
-577.0393
-1301.1661
14.11219
407.44177
-364.3808
-684.60095
934.14594
201.25693
184.86679
902.0864
256.95352
-488.40854
564.6832
-3.7362165
96.93067
252.43094
13.268362
238.24974
370.83365
895.6176
176.90091
-1896.1107
719.0886
-287.77673
467.02725
-423.4393
41.96918
226.32724
58.99503
1128.1545
-1023.079
427.32562
1295.8643
-987.44507
-1172.2656
647.14374
884.4254
-1139.5825
-397.69632
-194.65262
-1024.3783
-866.354
1324.393
2066.5627
776.8789
-77.242325
1060.7004
200.10628
504.359
546.10254
640.1218
338.84634
-471.6451
248.75708
380.76492
114.9181
-940.03296
-1034.4447
297.6651
-493.36188
127.764435
279.66684
-126.36791
-1283.1877
962.51917
-391.56833
-615.95074
-86.64281
-1117.5404
801.04614
-449.2708
669.0654
-377.686
1073.7893
327.03055
734.13086
169.95259
-974.7889
-247.93033
57.047695
-822.98413
-5.318554
1107.0057
1586.0511
917.24176
-1075.1206
556.11615
1870.7208
663.1068
461.30316
-204.35062
550.7468
437.54187
-478.69495
1200.8461
-2.9269514
-861.1695
289.5307
-967.4723
592.4237
1242.0497
-520.8558
-334.54623
-1109.5104
432.4193
552.5642
309.541
-43.3075
-96.3143
-1214.5225
-425.33246
360.5573
650.6825
-535.2499
-359.875
1111.0295
-1454.5569
922.7461
1069.642
-570.92847
541.00134
329.6804
-1156.7385
556.60034
-283.5837
-136.52562
1591.9279
617.6728
515.17236
130.23636
-126.93661
679.341
-504.58655
-368.59406
832.8037
314.43335
-136.7027
1258.1792
-217.04796
-1551.3772
-613.0483
-1463.5931
-808.5849
-2046.8217
486.45428
420.99664
308.53937
72.10876
-126.00641
-772.01917
1074.6434
-745.2349
-1846.5038
-142.74847
90.003525
190.39445
-118.424065
-921.3982
924.54297
-653.18494
223.0736
886.73505
-888.58606
-377.22287
-551.7807
936.6826
178.35718
913.21606
85.373566
-234.97035
-165.38333
21.707321
514.85626
838.39026
1164.8015
-201.9841
-221.09697
445.39948
-35.2942
-1316.7023
924.6811
-698.39624
535.97327
65.69981
-1192.6814
-1137.9999
-1510.9135
-279.37292
465.17352
856.8369
-729.8349
-7.2785664
-625.5358
980.6835
212.16751
-450.22482
264.65662
-885.4114
550.1428
708.8215
-1782.099
559.0818
2.9498007
