422.72977
1223.8911
75.6185
833.64825
1229.6536
1056.456
-470.44095
413.0294
167.97281
-202.72878
-142.19695
-1837.5822
-882.9325
-818.1191
-388.70752
-967.04846
-6.975874
872.3716
110.026726
1513.8307
-63.717438
-1553.0459
-312.7676
-95.376625
-536.9489
-532.8244
-637.94543
268.47888
-323.1991
583.8186
108.564575
-319.27985
421.6795
1883.4691
684.1954
598.6462
155.87666
-327.61612
6.889344
-151.16405
-873.0868
-735.9379
-530.5471
877.04846
285.72485
-194.82399
168.40314
-885.2328
-938.3938
367.5919
-9.642115
392.01413
-136.99261
-828.9874
1017.10266
278.44647
1946.8816
-635.8078
456.64056
110.356674
136.53952
-24.058445
663.81586
-389.88065
-237.2812
118.22955
-245.72633
202.31537
1839.3248
-294.01443
-486.24533
754.9541
10.096539
-315.4215
213.9745
-1669.5443
-542.667
-1498.8513
2.2428074
586.41486
-176.0814
-494.6095
-657.4646
-1133.778
-393.60812
1663.109
-1136.7375
825.1142
1320.4412
557.73413
-848.88275
357.87326
757.7391
-206.60481
226.1715
-326.4695
946.26117
1248.9197
779.0581
183.69147
-965.35394
-387.6271
-1214.9587
-446.4112
-1566.0605
-266.97998
160.01233
860.1197
-28.019192
-833.30817
-584.5483
657.148
476.48785
-104.42848
1480.4156
-44.92338
-200.39604
595.29156
-9.9374895
-1433.0836
533.40265
436.42676
11.601538
-15.845334
414.97665
745.70337
-439.11096
-577.3558
925.29114
-208.57562
-313.95282
-13.294018
-393.2561
-1079.0109
7.6752043
-479.39188
-280.09912
386.2988
428.46637
124.62376
-711.16
213.52165
-1847.8208
-1450.5314
-746.66046
1422.2449
353.8275
1402.058
84.21357
-320.52603
310.09082
827.2654
171.13608
-481.68378
275.77643
-59.900394
-566.57556
-54.577564
-2187.8787
478.43994
621.7265
-1290.611
-210.99547
-323.26596
1797.1519
438.38177
-615.8305
-37.822437
479.15314
-1061.0753
-536.046
-64.73277
-70.18855
706.0684
366.61987
585.5266
-244.94173
709.79083
555.71985
-866.8665
148.76866
484.85257
80.134476
-349.5257
-330.6207
-609.63885
1247.6466
-237.37517
-1176.3531
794.46216
-395.16592
-922.0238
507.0025
1487.496
710.69073
-707.6846
951.29315
-445.14005
615.62634
30.267859
-444.37723
908.5164
194.74771
728.3409
-373.43182
311.72855
204.76302
-704.2735
-1888.6346
-629.613
-1.6744177
-488.7665
-1042.8734
-1161.4541
868.7303
1974.3663
-502.8528
1696.2917
-235.09023
-340.2992
41.865063
76.11042
150.03285
-947.38715
-544.2478
931.38654
46.96634
590.9553
1136.1971
-243.08775
-460.9216
988.08887
-14.572998
295.14355
711.27716
-933.60333
-1091.3569
941.56726
-999.12665
-261.9455
447.3337
504.57196
1139.598
-249.52962
850.5012
67.862854
-382.36673
-395.61832
-1181.2617
-490.8313
-898.8774
1520.6307
636.786
1342.5343
293.41675
358.80957
798.5422
-106.70168
-789.7601
925.78375
428.58807
-333.79446
505.07254
577.77484
-783.21
-658.4655
-391.21893
109.71916
-252.14925
-1003.6974
8.374533
-826.048
244.97057
-1341.2941
488.44733
-414.81653
-478.25903
673.4964
1269.3671
810.2824
11.189256
-71.66837
541.8506
928.33716
1669.4222
-407.53146
-1097
-889.5515
868.04193
-20.47181
701.4881
-129.35057
-366.01324
622.5768
-746.26764
-238.01141
-3.9573987
-817.9616
-34.86527
-726.93365
-398.84253
-508.6481
-241.46297
-754.15533
-565.8421
-364.9304
419.89597
-748.02124
-925.22296
106.21248
-907.0606
-1116.3934
-231.36884
13.207336
-817.24664
621.45294
-844.7179
-898.67004
-662.6356
426.55298
-661.91736
-57.00221
-555.47174
-294.6673
14.26074
928.72986
922.2519
-1071.7759
289.73575
-260.7456
-248.32362
126.58543
-109.22083
384.8093
-1012.44495
644.1294
860.53973
-408.38165
584.8009
884.9751
147.87796
39.33851
-857.38806
-168.05257
-374.16046
939.9149
264.3512
1585.9425
349.7344
853.7078
-262.6003
406.46118
252.12004
261.41638
297.19565
-684.9297
505.87695
11.291669
-505.0509
74.45447
805.59
-149.4947
234.68607
-848.6194
-905.8703
513.3272
-666.20465
-71.09659
41.376507
1657.1765
555.74506
-942.82086
-127.71832
198.62802
482.53076
-466.55032
876.9129
1113.9056
121.26562
-1101.4899
358.09515
-595.44836
-706.5778
257.47702
-915.9241
79.86287
-217.48734
-1075.1237
590.3228
384.86713
-422.30856
-612.7322
-928.56305
274.19333
419.94308
369.0305
289.0783
775.87897
-779.30664
250.48274
953.21594
-1472.9696
273.33987
1078.5596
-446.7197
-344.02924
-736.32904
-240.7725
-2716.6558
971.13495
1031.7816
-185.15163
1095.4978
208.52402
630.0514
-911.6818
-547.8527
158.75722
265.19797
-749.4316
648.2016
677.34955
652.2987
250.46638
755.2226
39.011356
339.49506
-199.24864
-935.98083
-573.5231
977.54736
-640.27185
259.4586
-332.45212
-5.7107296
620.51917
-310.79156
-66.600174
-867.44574
626.3164
-660.7129
966.31964
354.55786
-41.322964
-84.00438
-582.45746
-1587.0386
117.1578
624.58325
-366.7458
-681.1862
1144.7617
206.05016
283.21185
849.7576
321.11017
-448.87155
407.8667
-112.41005
296.21884
88.405655
-27.939388
302.3041
438.14487
683.905
146.18222
-2162.7385
843.0346
-152.00174
320.52728
-426.99005
153.2101
250.335
16.614656
1143.8066
-817.05676
357.8391
1334.6251
-917.56726
-926.8354
799.6128
844.7297
-1054.8956
-336.55765
23.12268
-1044.8146
-636.74884
1322.6162
2029.8033
1041.2854
-128.39178
1101.2119
212.63382
122.025734
488.11923
635.3633
228.21999
-338.3761
399.4652
386.14905
196.75749
-1064.4996
-1242.7091
208.9409
-536.3797
218.4276
271.24902
-255.75864
-1181.3643
1117.6619
-620.45544
-896.641
-213.74715
-1022.1787
988.4651
-469.54047
611.14166
-389.6774
1029.6841
189.209
808.7405
339.7333
-961.02924
-242.59908
92.48561
-695.1562
-39.569305
1261.4309
1539.0056
962.02765
-1300.6119
369.87042
1877.4193
592.15625
477.41837
-307.03674
620.6573
552.2261
-458.25647
1068.966
12.689079
-784.4548
204.0677
-1088.8142
761.87555
1319.5784
-491.33826
-239.92593
-1237.0771
292.7331
746.7477
277.23422
-26.931576
-392.55368
-1261.2217
-682.5698
375.68167
689.83545
-807.48193
-391.8461
1207.8367
-1550.8986
978.7083
1184.9999
-581.57526
606.33594
490.69226
-1179.449
592.1635
-173.91203
-424.03632
1574.1338
792.4482
227.44225
-40.034184
-201.54918
760.0514
-501.24475
-445.42505
944.40924
302.5762
-254.7667
1251.5482
-172.69966
-1532.1514
-503.2784
-1434.0961
-876.0165
-1901.0392
666.33466
457.77127
472.27722
-76.85586
-220.40501
-574.76776
1243.0771
-1052.3265
-1701.0881
-284.73456
163.69351
46.195183
-305.0749
-1022.44305
836.9037
-870.1866
172.69865
748.4026
-765.9366
-326.33472
-393.35046
882.50397
474.36182
1050.063
140.42093
-215.66446
-101.12066
-35.351673
616.36176
958.1027
1305.8676
-254.64687
-521.18054
451.02072
58.13203
-1078.3258
1121.4525
-719.9027
666.29376
-57.565166
-1103.4476
-1102.3088
-1587.7732
-212.76035
547.35535
849.9239
-1099.3369
77.52622
-805.18787
1072.4569
273.8116
-487.16937
126.90034
-942.9488
544.49255
679.381
-1884.6022
393.1758
-107.720634
