-872.3097
609.3927
1156.4058
182.61731
1393.7983
1048.203
-668.871
930.7942
73.77648
622.4819
-858.8533
-1466.17
-1089.0975
-1004.3222
-230.27863
-1709.6165
-1586.2473
242.90422
-410.76193
1673.557
-596.2639
-798.14886
-172.5131
-398.29468
-1177.1715
400.81168
-692.59485
-417.95154
-1667.1132
53.599895
640.3334
285.2373
1190.493
2138.4236
1635.8123
1498.2854
-536.9781
-496.02045
-196.60228
-264.3669
-403.19376
-1396.5941
-783.48987
1297.8889
674.5679
-554.4544
-93.65578
-1105.5874
-1346.8491
608.2816
501.4164
-145.18192
-93.77043
-1424.7734
2252.0212
-797.121
1908.9252
-101.75611
901.60614
-454.0437
-385.71518
225.28564
264.5013
-1164.1329
-254.42487
734.19385
-787.8668
588.7097
1621.164
52.54882
-1236.4972
-349.1003
142.91624
-120.65173
500.53253
-1389.3281
-128.32005
-1296.6337
-404.6295
542.63635
-253.95882
-589.5927
-387.14737
-536.33655
-191.27016
2329.799
-1299.7633
620.3074
2040.9965
308.55737
-732.4704
77.10099
885.5692
599.7335
-1055.305
31.542727
1718.611
669.4128
702.08484
381.25128
-1072.2445
276.39786
-913.1389
-237.68047
-784.8897
-165.40489
-224.19743
841.7785
43.072994
-716.9949
-1317.277
1306.6577
-41.858234
-500.53998
1211.6261
-167.67636
-786.2691
404.96692
-346.66653
-1691.6724
763.2735
566.3681
349.25903
4.5704393
-696.1138
446.0622
-689.12384
-1192.9666
816.6718
-577.32025
-453.21048
133.5257
-644.81934
-716.55255
-289.91245
-1224.91
76.91271
945.3461
338.97595
983.9859
-705.277
469.3434
-1376.3441
-1242.6747
-317.36365
544.5207
-106.786026
1477.5624
-522.99536
-358.7984
987.4613
1398.2526
-584.2711
-9.800994
698.7033
-849.18414
-1065.0911
-857.5369
-2402.4097
453.83795
961.8137
-1650.4382
302.28125
724.0688
1680.1241
782.6636
160.2602
339.20517
1272.2335
-1847.175
79.32774
-1025.0011
-407.44867
1073.9684
674.92957
71.28305
-332.87988
316.98514
371.1441
-1380.3383
-263.32437
734.2883
-194.16147
-465.79968
-629.1519
-528.7635
1152.277
447.86572
-1092.9515
336.2429
191.5805
-1241.6515
257.43112
833.38184
-277.12006
-715.1384
1432.4133
-59.99433
370.78052
342.0926
-515.3132
1548.4985
249.64111
1239.5159
-143.21085
510.97992
1081.3406
-399.74518
-1039.9454
-489.2697
68.859505
692.4321
-577.79364
-2077.6807
181.46043
2741.1135
-25.05506
1082.9847
-219.34862
-201.54553
-573.20044
297.76974
753.3013
-398.05444
102.96664
468.45605
957.6904
361.86365
605.8963
-619.8911
-218.12352
1111.661
-328.57147
238.22977
677.7513
-1536.3955
-2347.6104
1301.2649
-656.64404
-902.40564
-78.58153
644.0405
771.7985
-560.1503
1143.1522
289.5615
-40.52957
-1223.176
-1642.3517
-941.5611
-914.49744
1668.9216
276.42072
1605.4583
-605.3861
351.3718
890.4522
32.12175
-541.7075
868.5129
183.62454
-870.4144
343.03128
834.0367
-118.22868
-235.18602
-336.1481
51.954994
980.93005
-1790.1305
48.73633
-1020.5109
-726.91077
-1366.6898
471.70166
-74.36194
-976.00903
1399.7869
1075.1539
1261.9526
-260.18338
32.7586
346.1691
979.2102
1263.5524
-1649.8315
-1608.1921
-740.7166
1255.3927
-559.59875
-312.40298
335.48312
-882.1614
243.65227
-1200.9636
488.12427
551.0902
-615.07336
-1239.43
-727.05566
-730.8573
-1556.2931
211.50093
-1192.7721
-815.08954
-228.94434
633.8449
217.02524
-1322.8516
-59.699127
-525.6511
-1350.9471
-285.67853
911.6138
-1370.2125
2233.1553
-954.378
-732.465
-1004.0503
743.47845
17.438353
-116.339066
-865.5201
-808.012
-294.90363
528.46594
1139.2109
-570.1222
412.11304
282.4108
1203.1132
261.43298
-479.41806
689.2341
-1575.7191
759.5232
965.55914
276.35303
847.45197
438.86353
178.60495
679.99976
-724.0245
-584.87885
-870.4348
-241.23343
-213.31961
2405.451
-469.26013
284.777
304.71542
21.4254
-1171.9926
972.9058
224.75717
-987.5937
130.26624
-733.2456
448.20493
419.78455
787.1868
583.28284
498.68808
-580.4567
-478.1986
173.81198
-1058.9076
177.67966
-404.12833
982.628
891.0632
-544.04785
259.41635
1242.2009
-534.8853
-1098.0618
186.63481
685.0147
-370.31003
-1336.2177
-542.1474
-182.17215
-900.3573
1054.9717
-729.35724
551.9197
490.57956
-1501.4509
1070.0973
668.71655
-1123.0999
-1531.2866
-854.4538
251.34352
-66.09348
188.18414
187.71588
1083.2737
-531.11804
36.36988
317.74707
-1657.82
454.40936
1481.0215
-703.9669
-356.0367
-105.45895
-446.40662
-2778.1494
1555.4862
478.5355
-1133.476
1367.7809
387.49088
1087.293
-777.3452
-542.8694
1417.8235
870.31824
-860.50995
705.0354
1198.8275
-167.89058
-185.43738
237.59673
-422.02774
831.1802
-17.10482
-1255.9584
-1451.8259
1652.7992
-195.4376
639.15924
-715.60065
-632.3894
513.1688
-477.6727
270.65787
-2103.2366
-596.64844
-833.5632
1200.9714
-7.4228506
-622.471
-1085.4946
-813.7757
-1865.948
168.10532
542.9836
-1465.6313
-1047.8838
1181.4393
527.0827
242.79956
1791.4432
347.68387
173.30731
977.99493
-946.54535
-325.32117
-142.71353
-1153.9865
480.91962
-307.54718
1307.5764
181.90422
-2116.681
1647.2689
-375.54272
-221.78105
321.0633
141.24677
432.1539
569.2881
1394.1478
-471.87796
1008.22516
2625.148
-994.4523
-1085.7598
488.11496
211.92694
-1286.0449
-12.2821665
-422.9965
-461.51996
-580.93353
1420.5619
1915.3552
1450.297
730.1546
1102.0419
-181.66725
-291.78577
157.19798
884.58813
88.83723
-320.16003
438.57693
163.21623
-373.26575
-262.1221
-475.40454
813.0206
-216.81558
-153.40154
-103.53876
-297.06427
-1176.393
1816.4517
-1323.8176
-1228.7412
-261.72815
-425.639
1661.3932
561.2131
1025.4111
-621.93134
570.49316
983.42975
704.1685
196.98375
-234.32443
-612.2707
919.6606
-800.762
693.9296
1599.8851
1669.2566
1887.8984
-1658.2296
458.1308
2110.8494
520.3212
-421.63892
-414.50635
213.52245
419.934
-887.8731
1866.2083
955.3843
-1241.1931
-342.55542
-1856.6921
546.3738
1517.0522
-1393.5586
-82.875946
-1300.1808
-160.8984
572.1094
-147.104
225.60213
-1105.8328
-597.9901
126.55499
358.31018
1341.8302
-548.601
-1177.8279
1140.984
-1963.2902
923.5355
1584.4095
-935.0712
489.0813
324.99124
-47.072094
1061.1675
-209.42094
0.67260516
1156.0552
1443.0884
-348.0205
-637.173
-392.44827
751.9477
-145.54991
-732.0692
1260.6023
-188.05907
-533.79236
1896.4678
-282.96915
-1725.3864
-554.311
-1585.3643
-591.3312
-1882.377
275.9749
493.51434
515.00323
207.07672
-305.28998
-1108.0061
1144.7793
-925.4152
-1576.9254
-167.91138
-531.61914
1118.0284
210.43454
89.30347
825.2436
-602.1557
633.9432
187.18633
-858.61096
-291.88937
166.92374
292.24133
96.65097
484.64792
642.1089
-444.73212
-656.0795
176.49495
158.9036
798.4015
774.4841
-628.9086
-406.9382
321.16928
616.7738
-1097.1475
862.924
-1058.4618
880.78326
892.85657
-1215.2069
-272.31824
-2231.6821
-612.74023
529.60736
718.89624
-854.80396
76.21791
-1011.8626
1075.1118
-185.3086
-787.2497
450.87958
-1379.7264
558.12573
1084.1882
-2948.8604
306.763
538.405
