-809.5937
370.42786
815.8363
199.4498
1372.5132
1088.2272
-831.33624
729.0122
-137.11775
452.56876
-904.2799
-1117.8705
-1148.819
-1026.3281
-483.0686
-1620.2439
-1521.7612
445.95047
-96.05103
2175.9448
-423.28757
-780.35284
-340.7574
-272.0809
-1444.4197
27.359354
-735.96875
-380.1398
-1416.458
-60.772465
669.16046
249.7055
1089.7698
2038.4971
1819.5859
1258.9752
-459.5568
-507.13287
-156.95001
-573.0444
-591.3745
-973.7768
-680.57745
733.76465
774.4228
-424.7292
-246.73474
-968.19385
-1100.7252
638.5343
512.327
-56.88308
-340.67493
-1454.5219
1984.8948
-673.2533
2038.4111
-332.8498
966.29346
-482.84915
-196.80893
362.9602
335.8052
-1165.9208
-0.73342156
662.92365
-575.4079
291.68173
1630.9138
246.16907
-1206.0477
-241.67825
382.90866
55.12774
543.0069
-1596.4751
-160.92993
-1156.4384
-273.82538
673.1899
-233.35646
-751.9584
-657.00793
-702.98364
-118.68521
2387.3162
-1334.4973
969.2911
1341.8148
437.46484
-140.09091
205.16246
917.2197
547.4701
-716.3737
172.93788
1608.2754
999.9071
724.5103
400.45004
-1078.3375
631.9806
-897.4276
-250.04057
-526.44916
53.10862
-54.00245
1082.696
30.65321
-754.4886
-1138.8612
1262.5055
148.96121
-551.94495
1101.8754
-101.12614
-248.40025
489.04028
-511.77905
-1814.3293
199.37369
599.021
-169.59335
93.85231
-258.64505
617.01654
-807.9504
-944.5557
779.3156
-716.7365
-413.77734
-117.30229
-411.38168
-555.44775
-278.47397
-1121.9043
-103.00612
837.6859
452.36676
858.65375
-438.23987
244.64534
-1567.7166
-1456.9502
-264.8927
764.3691
-0.42554903
1548.8628
-208.25052
-382.52856
788.5933
1214.9827
-386.1695
151.75093
448.8822
-805.7947
-925.93964
-485.427
-2591.3958
504.09796
665.07904
-1613.6407
188.36493
524.55536
1612.8892
879.772
68.30549
205.52278
1132.3181
-2011.3143
-105.53536
-839.6057
-221.47118
992.65924
663.198
110.155525
36.983192
479.12347
407.4863
-1208.2413
-174.11458
895.63153
-310.94016
-1059.5825
-405.62546
-347.12582
1184.028
145.77795
-1235.7026
147.48898
162.82304
-949.5871
-82.23073
687.61584
-335.81287
-810.1662
1077.4639
-125.58729
383.09583
740.04724
-469.47696
1924.8905
167.77223
1207.748
-23.645742
436.60254
840.7103
-529.9542
-1416.0536
-420.9504
-172.47438
686.27075
-341.5838
-2026.5182
567.811
2531.6938
-218.38138
1296.3757
39.202374
-177.6823
-506.15543
154.24509
743.80426
-544.4144
-267.8026
304.25507
763.1888
190.55429
536.2582
-523.8562
-260.5945
897.74805
-142.20851
358.91974
843.5391
-1698.6
-1934.3948
1488.9751
-489.64053
-869.833
-144.81224
581.0919
869.3742
-475.88943
1227.6068
-14.372158
-133.31226
-1123.0371
-1713.4833
-1021.41034
-979.5884
1451.4535
44.53205
1234.7954
-489.7208
313.39987
849.3257
152.50012
-441.3277
429.02698
181.74683
-510.1732
470.9301
779.7642
-268.9219
-767.58673
-217.73009
91.09522
888.2137
-1787.2441
97.790794
-1283.8865
-510.51398
-1341.7444
297.15454
-25.375877
-1054.962
1221.5931
1101.4915
1139.8696
-195.1765
183.8399
701.187
1086.4238
1221.9421
-1568.753
-1546.8639
-495.73145
1572.7599
-425.0993
-461.1266
184.62877
-882.71967
144.74762
-934.46924
299.26965
652.7558
-535.9074
-1067.6553
-511.83548
-514.0699
-1311.7854
313.75873
-951.9155
-514.5965
-288.86078
451.66275
109.99605
-1547.3358
185.08374
-402.51303
-1446.506
-74.68208
512.95685
-1083.2015
1889.9895
-920.609
-558.1154
-982.83167
887.8142
10.385863
-114.72011
-1094.5282
-685.27374
-4.186109
784.37866
1427.3378
-776.2009
545.3684
6.9462495
914.8194
337.7896
-691.55426
806.14294
-1780.0123
779.12384
1289.258
-0.5939338
766.9729
110.24189
191.79927
707.6906
-446.78778
-439.96082
-767.40454
-160.79071
-93.64384
2446.8918
-476.71365
-154.29118
475.43286
293.00702
-1067.301
1048.5231
-35.502678
-943.22015
424.08856
-442.91208
252.56363
545.76324
923.47906
620.83765
671.52844
-608.33716
-640.76624
358.933
-1024.53
110.70104
207.86821
1228.0222
962.9726
-952.5434
82.08791
770.1598
-447.612
-650.6603
520.0086
1138.2097
-322.40543
-1334.1025
-509.72662
-433.07895
-810.9459
1212.099
-815.2793
333.86407
287.06778
-1615.3359
1104.4575
731.9214
-1323.534
-1301.3784
-807.38336
334.10245
-84.38154
408.00748
315.57986
1126.2618
-865.37036
-12.591799
716.4873
-1366.9388
791.33746
1496.8295
-668.49536
-555.75525
-532.07745
-216.65463
-2774.42
1596.2654
546.6039
-993.99866
1569.9124
224.31488
945.1225
-860.38354
-622.8916
1179.1665
677.1524
-678.8304
545.97156
1176.4458
78.180725
-11.941322
209.89586
-482.91022
439.46143
100.04214
-1340.2192
-1489.3071
1538.5223
-17.57854
701.80237
-719.70776
-737.9797
143.11845
-264.40417
-7.903903
-1733.337
-333.9461
-533.40906
1266.5809
-155.31601
-474.02676
-923.27075
-1260.8877
-1854.5728
135.36053
550.8054
-1259.4591
-1279.9066
1410.1112
552.98114
247.2334
1600.2538
322.55615
-40.667847
802.08624
-805.1282
-147.81042
-178.13023
-821.5064
356.60648
-21.084766
1529.9237
-126.9153
-2161.2324
1522.7057
-450.3368
-90.117935
86.875946
364.90137
663.80707
458.70667
1554.9136
-691.8561
774.7987
2346.3062
-1131.4122
-907.97345
527.29126
581.34863
-1368.4181
212.9913
-391.5036
-725.65137
-600.5455
1338.4883
1894.653
1121.2233
259.4335
1480.83
142.05391
-585.2398
618.17224
1080.5507
92.474594
-264.89548
473.1226
106.425934
-65.03095
-442.74158
-451.39505
904.36273
-123.75866
-89.96632
123.34047
-511.49225
-1121.1403
1789.7667
-1092.086
-1008.129
-225.90979
-282.73013
1548.7987
513.8007
926.6419
-321.52637
678.5697
585.4156
471.6624
840.1434
-379.35406
-461.57785
597.8239
-712.3202
266.23883
1454.3126
1317.3701
1956.7786
-1523.9513
711.5624
2233.257
414.7884
-429.91983
-503.62994
393.48502
652.6848
-911.1644
1747.1016
678.64355
-1224.8169
-23.669298
-1711.359
989.704
1631.1095
-1321.077
80.82804
-1175.9922
-430.3571
403.9001
-71.179535
165.44011
-974.1296
-692.9743
60.245056
217.51422
1042.5952
-1030.1726
-1187.5781
1055.3673
-2157.0928
867.9435
1253.7008
-799.1539
311.44553
315.8832
-311.13235
868.2665
-176.40329
-25.041975
1066.4999
1481.1522
-385.69162
-333.4693
-91.09723
865.1404
-343.10184
-695.10126
989.82324
63.155304
-433.2099
1625.5339
-100.92874
-1415.917
-701.3981
-1336.974
-703.9283
-1660.5096
455.39398
356.45483
356.36206
114.63305
-501.09967
-1251.1582
1280.3835
-724.7722
-1827.1947
-154.89546
-351.81625
1304.1248
639.7056
-184.63844
650.83105
-597.98645
427.9543
205.38176
-924.2101
-170.89046
318.0779
499.55063
-41.618946
288.17374
601.3745
-320.7777
-644.50555
76.010925
227.21204
788.67584
813.65466
-614.5173
-523.56854
412.26843
668.62964
-892.75507
684.67395
-1173.367
699.4727
681.68896
-1181.0044
-230.01042
-2361.2356
-616.72394
539.8467
880.68353
-1107.8434
168.79031
-893.07947
1486.7325
-108.012
-705.5369
550.5077
-956.3548
637.9811
1295.986
-2962.4263
412.41812
519.5581
