387.26666
867.77124
51.886524
389.50778
903.368
785.52234
-241.7562
830.9202
259.58514
-130.38106
-75.29238
-1508.0815
-482.32513
-900.6104
-403.42316
-1269.4828
-212.51804
1076.6163
-158.18622
1430.1956
-74.152084
-1677.1982
26.226538
368.37836
-472.2305
-552.9992
-354.42297
65.410194
-424.6015
278.32632
61.025436
-393.49283
-112.3635
1429.3492
730.0915
605.99896
201.92444
18.88329
-72.87182
-12.069029
-732.3957
-744.51526
-200.48502
764.82214
182.1367
-506.38928
349.90146
-741.3536
-1079.9348
315.18817
8.06925
561.0016
71.92664
-413.51843
1323.3829
403.93427
1922.7559
-854.5989
137.00693
-37.330944
-258.75793
72.64508
433.50165
-439.3101
-516.07654
316.26547
-809.5152
254.58643
1646.049
-290.86374
-502.737
377.91656
-62.96368
14.387766
1.1828083
-1465.8456
-638.59033
-1118.9513
-127.296646
277.2864
-167.83229
-692.87555
-983.6839
-1149.7697
-525.292
1310.5243
-884.12054
1147.4509
1391.7174
789.68933
-764.6966
543.38007
1044.9955
-373.18365
193.25925
-263.20428
949.47925
1217.9387
930.10266
115.45015
-902.46655
-296.2099
-1247.1902
-818.0743
-1420.3425
-83.569275
218.74265
988.38055
-113.48852
-639.33026
-816.78906
246.48816
378.12222
275.89993
1036.6222
1.4556913
60.03584
515.267
-245.05241
-1518.1913
674.3444
249.34563
123.685646
-133.60748
361.6673
613.9181
-395.17258
-572.365
956.98065
-98.4124
59.51566
255.86464
-783.1274
-611.4986
-107.2317
-202.21898
-553.37854
320.14487
504.71924
-125.25868
-44.762215
325.08072
-2008.2573
-1402.3451
-432.15942
1094.7466
44.636974
1199.8508
93.32048
-520.38416
503.96265
709.57874
-79.50704
-422.3916
251.51549
17.234804
-543.231
238.42159
-2558.5796
718.07874
1005.3783
-1178.5103
83.14252
-270.97433
1563.3998
407.80258
-691.3439
106.27242
186.59955
-1303.088
-645.0433
59.00716
52.255527
832.7295
596.0806
364.4588
-49.082615
1028.0464
535.9198
-1238.2452
63.93461
445.2827
46.411736
-550.49713
-224.66573
-675.95276
1302.3859
-575.8457
-1047.4023
1020.6263
161.84506
-1458.2227
317.12497
1183.3368
606.4652
-417.02316
821.5309
-589.7727
83.68272
-77.10574
-349.129
1303.6083
353.60724
847.9379
-175.98625
50.32364
330.50888
-522.0945
-1922.6001
-864.5806
-7.663911
-548.084
-829.91315
-960.52454
892.24335
2089.7832
-440.5564
1466.5522
-168.39955
-226.9541
-354.96854
32.585476
445.98532
-828.45807
-676.7331
1247.7742
-141.23294
214.5974
889.2506
-355.05457
-276.21112
844.8427
-218.50542
324.40564
523.5135
-1087.9061
-692.3089
897.0261
-1195.5487
-450.32654
128.86131
491.19113
1040.4857
-353.79788
903.83185
-94.69062
-367.84216
-418.54538
-1240.3568
19.406918
-730.72943
1407.9146
633.0595
1152.6964
516.3236
375.5972
1005.5413
-501.91788
-778.7241
964.9111
374.56763
-612.3432
224.14087
398.1192
-846.40216
-768.76587
-191.00702
74.34283
-535.06213
-835.3467
-121.46296
-629.2739
240.50089
-1234.8414
389.33557
-468.7918
-493.30066
267.4577
1194.3469
846.3861
-9.426959
176.40895
538.8587
789.4902
1291.5056
-553.2891
-1312.138
-843.6998
756.7452
38.741005
561.4615
21.550646
-4.8693676
515.725
-747.02545
-213.42555
192.4891
-716.2797
254.13246
-457.4106
-286.88538
-147.9334
-136.43156
-940.01526
-381.7617
-738.10785
434.32745
-413.22665
-773.01807
-211.55759
-628.05457
-1007.53784
-210.02512
194.52393
-789.32263
423.3967
-808.6274
-977.6644
-531.81744
269.66577
-604.2988
228.62794
-185.43446
-124.95366
-253.90515
774.9186
1068.6177
-751.69366
-138.57655
-250.01215
-355.85907
48.728317
37.936573
519.265
-883.5958
902.95953
1016.2852
-584.2021
747.2214
721.8343
522.1195
-20.074308
-964.66327
107.87286
-873.16846
609.3521
58.302128
1339.3466
227.46501
1083.6356
-414.7553
763.6155
301.6887
-125.049934
81.628845
-661.1705
335.0041
-116.80033
-705.04535
63.546078
765.592
-362.27667
255.97862
-653.73096
-816.567
344.6474
-665.0296
-149.34883
-267.84515
936.00214
337.43756
-718.82477
7.9758997
243.92633
762.3505
-730.9317
713.112
1302.019
110.49782
-1073.9102
-132.46617
-701.1967
-689.5769
256.30334
-995.4778
550.55096
-76.011955
-915.04767
591.8406
202.67659
-295.50293
-810.8874
-484.28903
228.50981
480.98257
28.93423
270.25616
410.06998
-860.9511
593.45166
738.5086
-1237.7637
354.88037
760.61475
-181.95099
-230.13481
-354.4959
-440.03802
-2653.443
1203.3336
593.8676
-182.52705
608.7242
450.41425
725.816
-929.9447
-450.54767
201.98055
88.764305
-618.7679
209.15547
392.67355
918.2852
474.21115
841.8691
94.96528
168.78922
-341.9941
-969.795
-637.7413
1143.5946
-455.5308
48.629257
-579.5193
187.68579
604.8331
-636.9056
-66.50746
-675.52356
213.64014
-384.29315
753.5557
282.70898
-291.47366
194.56516
-545.59924
-1295.788
73.211464
392.91498
-456.15262
-499.39233
1011.2468
266.24707
173.8878
1050.7852
10.986586
-690.3895
376.74295
77.75032
-119.54137
444.53983
14.770695
78.54661
368.2157
837.0463
232.52087
-1756.4354
761.8575
-272.2155
229.5062
-578.2978
85.59604
160.8689
233.91423
1028.2393
-847.69495
444.70374
1221.0157
-1015.9036
-1085.353
920.13635
814.4449
-1082.3378
-193.27977
33.01032
-806.1719
-1088.6256
1147.1007
1876.9364
628.65466
-120.34818
939.2655
174.96582
393.8341
285.2194
632.1571
400.2525
-335.09726
594.70575
388.47852
450.5249
-872.3046
-1116.8972
66.585106
-730.62897
274.6659
-32.257835
-31.043095
-868.5475
601.3309
-537.791
-522.9334
-350.7523
-1191.9661
692.1909
-580.9775
387.55722
-98.6476
773.8535
418.10458
838.06537
381.08673
-794.975
-27.337887
260.3403
-860.5342
68.79161
1061.8666
1322.6344
565.81586
-1208.6663
626.1837
1717.7728
316.9767
116.16893
-268.7175
460.73666
626.2159
-582.7337
1218.1674
-198.42616
-829.9895
666.4455
-847.90765
636.45483
1313.2067
-423.04944
-492.69467
-971.251
273.3322
517.1778
494.74185
217.10095
-122.00409
-1078.9211
-448.12552
596.48926
441.95325
-439.72128
-73.15832
1171.4445
-1217.4009
679.3077
1001.9675
-845.2494
634.2385
331.00146
-877.2102
246.09933
-396.66205
-28.83173
1298.5752
519.5614
719.68585
119.26994
201.01436
716.6207
-121.34218
-96.472725
809.3036
514.4002
-214.75574
1140.8253
54.873966
-1604.0405
-637.9759
-1439.954
-791.23846
-2335.9502
493.84653
283.33963
79.86045
315.71512
-17.29893
-575.0801
1071.1139
-728.57715
-1643.4679
-171.16843
291.5546
216.34007
-142.7056
-847.0537
1018.6817
-648.84094
177.13763
921.5204
-1103.0543
-345.9395
-547.44305
968.5983
45.0012
716.6618
308.2113
-151.52348
-488.42056
186.8879
603.78485
964.77405
1127.1718
22.623608
-341.90192
592.35156
-130.84883
-1204.506
635.1841
-811.5364
514.0607
79.92775
-1085.7792
-1105.109
-1330.1208
-277.76535
780.7397
1060.3324
-416.80127
301.6292
-785.54675
1167.3226
323.547
-35.050076
-160.02298
-727.6583
493.4175
1004.7272
-1841.016
455.10803
22.742863
