-395.95572
804.17786
-107.92385
354.4014
714.1292
294.5937
-226.17801
489.92517
-106.22284
-164.93124
74.22998
-1422.8269
-48.240566
-537.8156
-383.1299
-971.8052
-169.78267
984.35583
-145.40367
1159.7699
-211.97629
-1417.9592
-2.960102
-66.50422
-326.23703
-260.93768
-3.22811
-135.24326
-664.4525
344.12646
-231.07379
-473.5409
92.51456
1340.2458
645.6828
854.67426
485.85388
-40.922295
-242.44545
-76.7686
-552.5468
-602.69354
-187.7947
-165.96513
513.49414
-10.823942
419.83914
-616.70874
-707.27936
289.00906
-195.22699
559.74567
-51.514694
-150.28539
826.51227
175.75073
1863.4039
-829.8191
-77.906555
-285.65497
-237.75427
216.59438
208.86583
-138.40994
-229.53532
33.21972
-458.97244
-84.07543
1556.115
-46.75132
-319.8938
118.15557
-256.75476
276.79242
330.72824
-776.07153
-470.59726
-619.0223
65.36087
341.95273
165.82062
-336.94864
-885.5845
-820.43384
-858.7559
975.3887
-1071.1261
1016.90186
1110.456
567.38574
-543.4364
658.25555
1231.138
-335.6781
235.49625
-79.52833
535.45404
900.3721
622.40594
475.5267
-841.6852
-346.08542
-782.5242
-410.64362
-1318.8932
87.73605
1029.7242
1239.7662
-91.41257
-347.98138
-819.6675
167.72842
335.62167
187.45424
841.33905
249.16609
625.24725
312.72226
142.19456
-1267.9824
1024.7914
-59.70518
24.45029
-303.55896
158.97087
424.54965
-829.2457
-389.1844
826.62805
-274.73883
-18.266861
450.82483
-814.3199
90.945145
-377.31546
-23.288834
-340.99084
189.00041
407.44257
-156.15048
-123.43829
83.60582
-1643.6293
-1047.3837
-603.5739
1129.1803
145.12248
761.1376
275.0665
-543.44214
770.3206
552.48096
-239.93681
-471.4227
209.71126
121.38991
-656.59314
416.33588
-1758.5764
340.8858
924.2132
-1121.9341
106.91089
-297.64072
791.9211
525.14935
-642.6611
175.8632
524.9665
-1316.2959
-429.21576
80.79693
-120.98521
513.8775
534.69806
195.7678
-167.89838
1052.0149
163.42007
-872.5581
342.58722
506.31586
-531.606
-506.60883
22.416027
-1062.9567
925.70233
-386.58438
-993.789
1358.8457
78.2524
-1232.7524
268.71313
1351.0131
462.2474
-533.3356
376.13156
-357.0665
-132.20084
-578.0683
-77.426125
1333.7428
260.76944
300.47205
-15.465883
110.58963
149.06543
-404.68484
-1351.8844
-661.56964
206.29051
-232.47762
-963.87494
-411.72897
1157.4735
1803.0563
-465.9306
1301.0829
-108.06105
-40.10779
-151.64839
19.27134
487.64703
-1084.32
-756.38214
1057.9576
-491.9356
248.19766
1229.9552
-310.44513
-475.92606
1066.3755
-439.40347
-20.741072
218.66019
-698.41364
-203.71355
333.25064
-920.07513
-178.32855
-319.25314
587.8326
684.6118
-513.6924
1010.823
-735.0015
-634.10443
-60.98829
-1349.3541
25.284447
-611.9441
1289.2477
229.14502
686.35834
179.53204
-26.395933
565.89954
-193.06639
-368.36453
504.98126
485.0818
-533.65094
27.48555
113.87096
-741.3086
-432.93445
-286.35635
-2.2067466
-414.44592
-814.2819
-97.45442
-934.81055
348.86737
-866.9496
36.504738
-145.63876
-410.74533
658.09485
1058.0061
485.14536
73.90901
484.61945
768.6509
217.90044
839.9623
-339.49704
-1354.7738
-976.5281
640.61
-199.81909
727.9642
36.588455
-217.92836
461.00174
-479.43344
-206.58577
410.3996
-498.5033
114.89006
-257.64987
45.84704
-30.572956
-370.39392
-1502.6418
-795.776
-116.46516
624.3651
-527.6774
-746.8727
-295.28513
-598.1077
-541.87
-345.5404
369.50726
-756.0447
386.22195
-759.0425
-934.6166
-600.0878
266.0613
-489.67474
272.27625
-579.1423
312.29245
-100.21031
885.1428
712.6793
-679.50024
-183.89764
366.53934
-569.05585
245.65938
-8.002762
937.30054
-987.4396
773.72784
820.8539
-377.1318
703.26807
1200.8002
183.98878
-153.74036
-1232.0975
187.73636
-1162.2992
683.49445
137.45177
1287.0593
302.52377
1044.9856
114.42845
746.5318
104.304756
-540.3356
103.058304
-316.038
105.330696
16.45503
-518.87726
180.27061
284.34323
-127.760506
203.76022
-559.78754
-732.81525
85.92049
-1009.9055
237.89963
-311.10907
1152.6162
-28.20533
-574.80133
456.09177
269.0205
1223.1746
-746.40405
481.40994
1329.5079
-27.18785
-1148.4502
276.75934
-698.62524
-444.61438
-214.95842
-882.92
342.52002
-165.36888
-1123.7971
298.7626
633.3983
-292.08292
-379.21652
-376.07468
315.5277
283.97202
-245.651
236.20789
451.12537
-1174.1858
471.30423
456.15793
-568.2967
628.8739
876.1621
-8.904141
0.5739033
-707.61475
-190.64171
-2552.2473
1054.258
433.0957
-265.98434
438.24582
726.45856
571.3636
-750.0927
-60.891773
65.65063
-86.20016
-886.6869
128.80298
235.873
273.54282
115.94266
1074.4794
-60.908012
-140.74113
-590.8422
-899.432
-741.95593
961.39795
-672.6189
-17.76125
-811.8172
185.86626
746.6905
-761.89703
-140.68698
-523.2777
-82.27635
-288.05356
621.6773
671.99396
-504.3426
-116.907425
-631.53955
-692.36426
-13.837805
582.1963
-306.17807
-173.74158
758.46735
-299.85687
413.33258
679.3328
31.296171
-697.889
232.27682
14.23525
-429.59775
669.61584
-142.14435
-60.46371
923.47473
640.6736
-135.16817
-1538.4506
464.00238
-155.46355
66.25859
-756.2179
-234.5215
101.92585
443.21857
744.07874
-817.9022
455.37292
1165.0289
-794.12
-865.8776
663.2047
812.6861
-1014.37476
-60.25067
42.587856
-911.33
-822.0076
685.3082
1308.8219
478.77905
-389.23907
1120.4885
421.22354
-133.99075
4.911517
-282.0435
59.57587
-223.99037
265.59802
119.57337
574.89886
-753.20306
-1097.3433
637.82416
-349.07477
314.95404
-355.97516
-220.47157
-796.42883
214.1784
-504.38516
-431.1728
-451.7328
-920.32263
727.3309
-727.6529
253.73515
-239.03587
834.06866
534.64856
1249.1895
529.7639
-531.84485
-327.57263
218.78539
-831.8635
-656.4189
832.73254
1040.0787
639.45245
-968.1366
433.30905
1664.934
292.76913
-26.00565
248.28201
93.62258
844.2769
-907.77954
1264.693
-260.92633
-650.79755
-39.22936
-223.08249
448.90463
1401.0059
-299.32712
-349.0482
-1057.3656
457.90088
343.80157
753.91406
58.861145
66.79216
-1048.2189
-111.81
333.53473
406.4362
-468.9775
-368.29453
1365.4716
-1510.5983
562.5372
776.67175
-993.50146
502.19012
321.0287
-774.151
414.4271
-415.34286
-305.29333
730.7532
508.17633
969.28644
-122.715454
592.97565
370.19824
-210.70238
-176.50493
457.05066
408.12234
-4.594531
803.0388
21.332975
-1511.7643
-424.56555
-1199.2711
-378.18323
-1822.1902
237.30829
38.832302
316.05988
528.75946
-102.378296
-601.3202
688.5644
-490.9558
-1378.5192
-66.99681
410.6182
19.070017
16.714186
-628.9322
878.2995
-878.8978
-224.21997
1153.8972
-991.79944
-282.0311
-296.7156
1107.9935
-1.2329534
508.1587
317.1702
-564.4361
-460.28555
371.20505
569.0629
938.9355
861.1688
-245.16492
-467.08823
751.63525
73.61169
-969.64984
17.604357
-705.7738
771.7002
-176.97525
-894.14386
-644.42755
-918.04144
-502.32184
900.5415
653.2231
-405.5671
349.35303
-782.9238
924.3432
365.95062
-84.68099
-12.204473
-525.6086
162.01538
652.5896
-1707.0704
245.84718
4.2546263
