-269.15088
217.10028
225.14265
-67.64299
-33.539364
-60.268997
-17.029768
-49.92882
-107.32248
277.2927
251.21342
-49.986668
-138.11583
-202.63815
-250.2938
76.97688
-105.10932
208.43604
-22.011234
-56.85187
33.645897
-44.25577
-114.48681
51.14716
-102.01921
-50.882122
-18.061577
-116.044716
-252.7267
-78.27213
164.06723
-241.32056
67.77265
190.73239
154.28027
-48.661247
-90.70157
33.770107
-172.82382
-86.00314
-143.46294
-210.08325
115.03776
60.148438
132.72362
39.574955
59.001415
-189.23712
120.24789
-259.3628
-155.60399
68.16363
35.586956
91.19261
-85.84123
-147.75397
162.74405
-50.658123
24.711012
80.5999
177.8262
366.75714
122.417114
159.59477
65.69325
-113.48625
-67.98689
56.745888
-25.329039
214.74294
54.47778
100.48929
129.51909
91.00111
35.435406
-279.7404
-26.066223
144.93152
158.2161
154.30554
-145.73148
318.05246
30.336864
-87.49232
129.5919
-62.806828
60.06755
111.465485
44.55689
-54.187176
-182.16888
295.49567
349.90253
-280.38483
223.51723
152.94989
-132.01509
-147.0303
72.862885
-132.12764
-310.5777
-120.59587
-115.13503
53.31323
-336.24542
-21.783829
216.37457
-85.40379
-132.70943
105.595406
-297.63422
60.534496
186.83267
201.96495
-95.48113
138.65515
-170.95558
-91.47286
-125.38961
115.54948
-194.94746
141.47968
13.23967
-75.59203
-53.216072
76.84228
-236.83087
-132.31105
73.07824
173.4134
-163.4137
207.91049
-46.937668
27.279469
-158.36247
165.0856
283.7278
79.07024
-45.429813
70.721825
-189.78127
125.841324
124.58416
27.075977
-32.642097
228.94293
115.8274
-131.9371
15.652445
-366.59122
202.7743
-221.13753
383.87823
73.08319
306.1282
-4.349843
46.39701
24.215984
-140.26334
325.27246
55.36652
-7.0437775
98.61641
265.80966
182.17737
-105.59808
68.21852
-42.67767
123.53468
-20.882559
-292.79517
14.674475
-205.7697
167.44098
35.625847
32.372734
-258.79572
398.01425
155.39673
-41.775066
-224.11644
94.37151
293.55023
-58.171185
-131.9869
-163.24693
287.9687
143.55724
27.24332
321.10614
-25.846533
-181.34206
-37.531616
270.23535
81.70763
-21.88486
-31.818104
90.83361
-336.4259
116.41311
33.991634
-162.53447
32.162003
-7.4992666
193.45593
-32.42756
-152.00368
-37.50948
-290.83066
-114.69253
36.346687
3.5653644
-200.38765
-7.3846893
25.662281
44.856815
-8.090145
-35.540176
-181.64288
-167.40631
162.27296
2.2102804
158.35336
-281.7852
8.087066
-152.23857
-246.65831
-277.95355
-50.487087
1.4397483
83.57417
-138.79437
-44.53335
-112.943756
67.964775
91.02308
-92.49886
225.97247
98.59844
48.256016
52.144245
-210.59772
-62.100872
55.92836
36.61112
-148.55034
67.22698
-235.99677
-72.23964
26.247326
-79.51965
-21.54233
-65.96222
357.10788
156.81859
193.38866
40.9157
-255.26169
40.28048
223.02287
-34.14356
-31.602245
190.21352
161.548
117.67328
-242.751
-155.96587
-37.648636
9.272514
-175.83598
-18.299618
-176.64723
-151.8145
198.33655
66.56818
-150.57083
-81.07146
-39.451088
64.78613
-53.844154
173.08138
-35.227753
-134.62785
46.84341
60.02549
-5.6133704
-38.0206
-284.2558
-142.07587
48.740795
285.41003
-177.52606
82.0738
-49.810917
24.372715
-203.80055
221.18965
-100.66035
100.9729
82.192055
-207.4558
37.328857
-155.99263
-301.54916
-89.70042
-334.57248
17.28451
40.612007
-79.570526
33.116528
-201.82597
36.360992
249.56845
164.06166
-225.42676
153.03897
90.34799
14.3197365
0.16887307
18.288013
-22.515995
-128.97087
-123.257935
25.698496
72.51285
-11.380923
-164.0372
226.77473
-70.6732
-58.879333
-296.77103
-198.27214
-142.32709
-34.811077
-8.460116
57.35518
-30.95194
-138.30692
120.82693
242.63834
-123.03347
-51.737534
-300.39297
-82.78598
-176.03064
30.103275
-39.27643
118.8766
-125.40974
31.41697
194.0019
-0.9516275
-5.2372446
98.111534
-54.60388
74.5312
-204.30821
4.8642387
-47.740482
-316.94263
-9.960047
162.48944
-105.70657
9.40402
-234.51105
183.64442
-115.32484
-55.411335
-150.60536
-125.57281
109.11403
-293.00162
221.23085
136.052
336.79
35.75041
-132.76251
168.177
-54.052555
-94.98829
-42.04302
-270.3575
-295.2453
-90.51268
-77.88287
150.06267
1.5142806
-249.35654
-188.18016
-17.3963
388.3936
-0.7172549
-141.89583
-81.9445
74.22209
117.950874
44.862495
375.43192
36.997078
-105.89267
-4.7222543
144.2558
-108.38888
-110.76361
49.20263
-174.37218
55.46656
-54.383244
5.8909535
165.73466
236.02075
-93.726395
-25.809855
344.89282
62.66205
94.972336
42.25286
-101.01608
27.075134
-30.124792
-203.1047
101.76463
-102.31815
-203.94604
-259.56876
138.24399
-56.673187
5.03084
160.53297
-29.63244
-3.3987312
-129.34534
31.279058
75.14456
219.12836
124.21976
105.03198
-293.5481
94.319824
-134.53586
-70.15041
209.37614
148.61104
-167.56999
-41.84464
-68.332245
54.86339
-306.56998
15.8008
-26.10022
160.87746
241.75612
-16.552895
-104.78398
72.50844
50.71639
-73.12027
338.3028
-199.52525
-94.1068
89.187614
-127.73351
148.96594
-73.16567
-305.27588
-241.45667
53.899235
355.84512
-320.1389
64.55481
-110.63958
78.52724
89.04265
216.06998
36.114246
-200.4581
-56.2608
92.91405
-15.240903
-134.90479
107.02864
-296.22253
-123.80937
99.83942
-166.28821
29.377966
166.85085
184.92752
183.24931
-141.58101
-167.62148
38.62589
55.40804
81.61625
101.65613
200.93852
87.64448
52.16911
223.35144
-342.3107
32.668205
-133.12079
7.136692
-57.32446
28.420029
-77.52665
3.0364969
291.34674
16.450832
99.55801
-79.42759
-101.41139
35.355885
-32.462482
142.03708
-214.92172
-78.73674
-73.69404
-33.028496
265.4689
186.16486
49.9787
-89.80489
76.80586
53.9158
63.15016
-9.714842
39.60492
-8.648934
-76.21883
-87.0389
-29.809086
51.60914
151.32368
-121.69078
-78.00194
-47.304405
-99.327614
-76.426796
-33.69858
-95.09472
247.72263
192.74149
-136.09406
0.36885798
-68.68949
-30.013578
324.51932
-21.468195
145.73853
-157.68141
-62.452263
-124.2925
35.51138
-11.054291
33.12938
-65.78392
28.632273
-0.011294365
-70.75161
-9.608358
-246.00092
-82.90053
140.40427
55.04706
-140.31512
39.980404
180.50038
19.847343
177.24797
95.239075
-153.70854
204.19643
-190.5532
16.358831
99.14182
-15.391159
125.29684
116.43317
-79.22889
21.116207
-14.273044
55.481544
-199.63585
171.98167
16.339573
-83.71694
189.57648
45.64294
-110.439964
25.638458
-108.29951
-68.33451
-132.51244
84.20121
-88.51965
181.57246
-56.19213
-91.74224
255.44475
3.7531447
-90.46726
82.49031
18.12519
229.33322
1.3358598
-226.20851
34.79055
-248.44868
-242.57025
-29.464544
-206.76764
279.23755
237.74547
12.200527
-281.00613
-18.186626
114.53023
251.69237
256.1604
63.019596
-81.57095
41.3413
33.806866
246.05666
-50.091408
97.266014
-67.03561
37.32213
284.23584
-132.82228
-67.693306
-63.05342
-147.1025
65.39771
-74.63468
101.97549
5.725713
162.04056
-67.99381
-12.734362
-83.4527
-39.64011
86.55276
91.71284
-333.38736
25.074205
30.412838
