-377.33902
689.8591
32.338245
251.71115
725.84534
211.98796
-323.60605
404.79495
-73.232574
-34.579967
64.51572
-1502.2826
-199.07028
-496.30377
-188.6868
-993.3189
-79.95184
867.7085
10.26661
1025.635
-85.07979
-1403.2749
-133.60573
-41.52948
-336.94827
-234.13544
54.706585
-226.81389
-569.57135
242.24068
-174.21153
-284.90604
26.541641
1177.8608
692.5772
818.1155
626.0228
-0.6322324
-347.1976
-305.82535
-659.4499
-552.028
-156.56488
-277.3043
484.9131
91.62743
341.65213
-609.91003
-641.6602
477.69376
-190.26144
442.68777
121.647514
-346.86322
870.1027
354.49188
1744.5977
-805.29816
-229.40701
-278.4271
-121.160225
323.1415
34.287457
-31.745441
-360.87677
-68.33109
-506.76456
51.399273
1612.4008
41.828526
-226.35777
58.318317
-361.12003
190.99922
372.6334
-607.0097
-465.26486
-592.904
34.76401
384.32043
-11.568811
-288.9776
-879.28894
-816.20105
-909.9414
887.2922
-1015.4869
1009.7208
1166.1053
639.78467
-450.1111
439.56226
1223.3468
-525.47815
191.68614
55.79166
651.2988
848.22437
585.0226
570.6441
-807.3143
-326.31927
-767.95935
-412.76755
-1324.5673
87.38923
1184.4373
1172.8309
-34.32809
-368.30853
-849.08435
103.86582
270.70294
56.825596
810.0582
164.26128
629.3124
334.62814
281.07288
-1355.2043
961.4345
115.00336
132.49852
-298.43433
197.53548
329.89023
-671.86194
-480.5528
801.23975
-200.30035
-57.20412
551.95087
-965.1876
96.949104
-424.64557
90.13813
-371.76135
150.34827
460.5828
-9.419727
-47.00992
-151.28976
-1767.5736
-1137.839
-790.7887
1103.843
220.79031
590.1594
199.42259
-365.15915
933.47876
699.4504
-305.96112
-313.60315
-48.001022
60.818695
-617.5863
295.50906
-1684.2214
269.78195
865.0349
-1054.9742
103.27579
-334.1573
752.97375
752.72925
-601.4866
375.92526
477.81238
-1278.8312
-334.70782
-65.10051
-80.96039
519.17017
602.55774
353.66055
-110.05062
1105.1614
266.70743
-897.65314
306.8846
246.76712
-556.2735
-272.3482
66.779175
-1263.738
994.476
-484.1041
-1005.77826
1315.4412
276.082
-1133.7781
196.20993
1369.0768
480.1326
-348.43588
228.93549
-368.0973
-98.26918
-657.01276
-145.214
1324.8586
272.7706
297.76752
-251.26373
52.28894
-11.875198
-318.19913
-954.26636
-495.25623
203.1039
-96.736465
-1030.8827
-386.29596
1137.5325
1611.6095
-630.223
1261.7094
-88.81803
-190.09079
-74.6174
95.08704
437.42175
-1168.2924
-859.7862
1116.4026
-423.20462
410.4196
1133.6057
-449.80127
-415.0372
974.66205
-498.82193
-107.17549
175.77084
-756.62756
-196.73079
329.20624
-951.7157
-165.09073
-429.91684
414.79184
637.91376
-449.735
977.641
-775.9329
-410.79828
-107.02836
-1333.6783
20.208939
-629.15186
1156.6407
274.66403
735.9221
192.37936
12.923979
384.10095
-203.32098
-253.46356
596.62354
436.2764
-440.88907
-87.82975
231.93785
-660.5288
-419.62985
-323.48892
-109.0726
-373.5467
-776.40564
-125.01299
-1104.0247
579.2393
-467.59775
-27.03575
-147.37358
-353.24744
561.31226
931.49097
471.35553
-83.3936
463.01385
805.0141
201.0545
782.08105
-336.60345
-1271.4529
-976.78564
664.8129
-310.05557
546.60016
-32.833054
-342.67322
486.52158
-571.7208
-196.1982
596.4532
-514.41064
151.49922
-221.06056
98.62769
257.65802
-479.98785
-1333.8528
-702.7898
31.437714
769.98566
-719.36066
-923.3316
-413.83334
-562.3773
-477.66565
-241.85583
405.42474
-843.5453
341.41473
-612.93445
-971.6866
-628.093
77.807106
-469.54294
160.94498
-557.6452
425.15466
-189.26698
837.0331
717.14905
-568.4256
-42.345512
519.85614
-583.1243
185.95619
-221.62395
1057.8365
-1080.5833
535.42725
646.89343
-274.10843
544.5201
1372.5073
229.81653
-173.89479
-1294.9111
184.7795
-1153.2887
673.8209
32.883244
1396.1594
214.42393
935.2896
44.140488
764.26825
11.551585
-482.8873
295.9464
-405.3294
-24.183718
43.89
-711.3839
214.73193
293.4993
-378.8694
227.6075
-499.4487
-814.8124
130.60155
-950.0518
361.7844
-262.7891
1219.8398
186.3532
-348.69162
464.4245
316.42215
1309.9802
-729.5032
267.92194
1188.3303
59.473812
-1152.0878
437.38885
-571.7124
-492.60522
-145.95418
-951.0301
261.7172
-191.14183
-1079.6434
347.0005
741.1706
-184.20955
-177.8501
-434.2635
473.4012
444.23325
-296.1461
91.628746
661.04865
-1192.9884
516.3113
329.49908
-475.0784
577.50214
804.6895
-232.15973
101.197426
-682.4607
-232.1553
-2566.0942
1004.29877
409.64313
-209.5355
246.30397
706.3575
679.5957
-684.7375
120.32406
200.72954
-129.3544
-772.1421
105.544304
207.17752
381.63007
102.440575
823.7016
184.35815
38.779877
-513.9838
-886.01434
-681.656
808.4984
-736.264
56.354076
-716.9437
192.01447
706.36206
-814.14105
11.891992
-556.6645
-264.63315
-313.72025
473.8648
625.0201
-490.38168
-206.67693
-637.13684
-648.73566
71.16916
822.7989
-362.76202
-385.77444
746.6103
-275.47424
407.70502
778.6856
124.37955
-833.64307
278.42236
202.88675
-366.94086
572.593
-249.95285
-105.16811
1099.0748
564.06165
-88.58494
-1569.2434
510.48907
-177.95786
-111.67082
-727.06964
-269.3696
165.6424
542.8174
859.8597
-710.8149
267.7682
1097.4841
-646.9302
-780.0758
591.159
598.0094
-934.36426
-152.1707
181.71904
-821.7204
-985.3368
697.7638
1278.4369
469.6875
-374.45837
960.1695
526.9841
-52.011368
-186.62776
-364.6317
37.228325
-159.23036
211.95692
47.725567
684.1404
-514.97656
-1104.9565
581.81036
-436.57956
152.25064
-322.7626
-71.476166
-654.90894
168.30771
-624.9145
-259.91476
-405.99457
-845.2395
754.06323
-696.42865
236.02605
-114.978676
831.7251
254.12355
1086.8932
515.72266
-475.79453
-491.41077
266.65375
-712.4612
-742.26636
1014.24945
1047.9763
641.5832
-1000.2445
500.89734
1501.4485
271.0225
-31.554272
224.24796
-14.361629
690.4553
-910.7638
1428.8154
-407.91736
-596.54144
-315.7749
-2.0152032
288.2846
1210.5839
-400.6839
-361.1011
-898.8845
324.47998
350.90323
668.21674
100.70751
33.145695
-1050.2457
-118.24034
274.10886
450.014
-435.13474
-105.61006
1486.1713
-1495.4509
737.66956
846.26447
-954.8094
421.95544
433.40433
-727.68915
508.9819
-469.7771
-531.6694
808.7988
438.44797
1012.1513
77.43567
682.54517
485.42813
-208.80211
-122.68201
294.0031
419.17773
-2.1471565
879.57043
-27.11568
-1557.0295
-399.07266
-1186.0189
-496.61508
-1804.6016
194.40005
-111.7627
370.06522
530.7018
-366.8195
-621.2186
697.08136
-347.00995
-1557.5011
-228.4462
408.63507
-32.467262
-61.392426
-562.51697
987.0071
-772.15967
-184.56104
1029.5884
-952.328
-170.61519
-518.1076
1113.5554
-142.39725
477.7183
438.403
-341.3056
-519.5364
258.0253
520.6372
1001.6563
1022.62555
-221.01253
-474.11597
560.4953
57.07996
-865.7075
78.708275
-703.67017
647.2545
-423.97467
-448.22333
-591.4581
-836.837
-588.59644
826.29285
676.8862
-570.2477
346.27393
-803.1875
1042.383
330.213
77.296074
25.086523
-398.83105
209.79805
656.1037
-1703.9929
303.9418
-121.47525
