58.862644
848.10144
-96.49427
658.1187
970.34906
1283.9536
-774.21606
641.6274
-139.96217
-181.07149
-590.3924
-1732.8187
-653.01495
-667.4356
-331.0332
-1016.156
-879.9414
488.82986
36.899662
1316.4856
-371.9497
-1328.524
-530.35815
-271.119
-504.86526
-68.7568
-1030.4011
84.85328
-729.58356
727.82574
596.0074
-328.05334
401.0851
1610.956
1222.7384
1055.9847
-293.05267
-661.2959
5.0255003
-42.4445
-959.13257
-392.1929
-700.4267
714.1259
326.3628
-547.05164
-55.604485
-1129.4048
-956.7128
381.55518
157.56232
84.48629
122.97785
-1442.5798
766.54236
291.4409
2174.9558
-350.33704
711.52075
61.265068
-221.90207
-404.54236
556.5459
-524.51715
-271.53214
288.9122
-244.81413
211.27274
1849.958
-121.361664
-660.6781
274.4381
-104.83265
-370.50125
416.662
-1773.8699
-546.5333
-1502.6277
-52.999672
620.9799
56.04886
-744.5156
-899.43536
-1187.5492
-477.02655
2027.0453
-1288.9993
948.6985
1370.6335
547.9793
-668.65576
124.395485
872.9383
217.85925
-297.7954
130.49406
1326.0591
1271.6677
1088.1299
-61.870697
-1274.1583
521.9747
-832.3296
-514.54987
-757.33246
96.75384
-16.437164
1055.7847
-146.65247
-570.88086
-1219.627
986.54767
55.6449
-209.80736
1355.2974
-113.952614
-440.81213
846.48395
-147.4968
-1643.1504
291.64987
692.34937
407.63486
-53.242096
365.78928
745.58624
-888.6088
-545.9169
859.3993
-580.66144
151.34839
25.449844
-668.9926
-986.2396
-15.163361
-821.51434
-576.1727
539.99
257.75854
689.92395
-282.8867
423.61127
-1988.2247
-1439.6321
-564.7844
1193.5713
-32.57449
1466.7758
-20.373526
-480.4705
684.7889
1242.5558
-112.8446
-116.11752
-177.18584
-186.42761
-220.34259
-99.03248
-2183.9402
735.4432
616.3815
-1357.1036
-138.78583
-115.97515
1710.6783
762.6697
-274.26715
-195.63524
643.2714
-1118.0645
-474.6409
-290.57516
-168.49844
713.71326
459.82138
432.69858
-219.40508
629.24365
360.59735
-741.4081
182.50017
600.7843
260.91003
-283.06866
-163.4373
-430.97812
994.9211
-652.6194
-1070.0336
293.04413
73.85461
-711.65686
276.24905
522.9012
628.85876
-692.05945
1055.7628
-283.18158
660.8864
13.738983
-220.20044
1186.8591
88.963295
721.01935
13.951394
621.1128
418.43143
-976.6037
-1650.4785
-889.14233
-347.48276
-57.557217
-991.2844
-1692.9989
629.4174
1821.2482
-452.15945
1549.32
-267.29947
-647.66235
39.216293
283.5963
282.3692
-617.52496
-485.79895
849.9615
589.3103
565.90643
1171.1409
-409.1538
-266.62967
1038.2704
83.84261
440.2334
691.14386
-1395.8489
-1612.2118
1081.5046
-852.09924
-98.34931
350.9654
1118.132
751.58954
-191.90033
1489.6243
-54.221313
-360.072
-866.0957
-1842.2657
-981.2766
-1375.4839
1474.7512
408.4997
1054.27
-140.74854
554.12494
1123.7804
35.025978
-907.94275
1066.126
84.150665
-310.2042
771.54785
880.9468
-378.22134
-675.7528
47.46332
-46.303062
530.3636
-1516.1423
612.0714
-1417.3569
-119.53146
-1389.1957
402.63855
74.64156
-836.43555
841.3403
1429.7279
1097.0548
174.44012
180.53256
519.22345
829.8565
1676.0659
-1178.8121
-1541.3827
-1340.6561
1318.0925
-69.09856
318.00537
-230.92793
-245.47221
769.0149
-849.46246
114.58709
-306.8706
-282.87537
-740.9188
-647.29675
-767.96686
-828.1217
-21.463213
-725.7134
-589.3217
-0.84444714
438.85428
-578.91296
-1335.4559
-133.91217
-470.88824
-1730.4155
-340.59576
364.6904
-634.4262
738.66046
-1174.3774
-877.38745
-1310.2113
488.833
-542.85004
75.94551
-453.21744
-159.22676
-153.82137
503.53442
857.63837
-770.4152
445.02948
-380.0186
15.093139
59.93866
-479.69925
493.1499
-1009.894
988.6409
936.31305
-324.08704
217.29944
437.3124
515.86646
603.9977
-440.63757
-703.23895
-368.32144
821.84644
57.45151
2184.1187
549.1172
649.7125
-177.55307
365.292
-277.223
264.14105
347.90173
-594.99634
287.15515
28.835997
-259.73505
17.219917
949.53436
212.52518
-20.174131
-737.39575
-604.656
230.25644
-695.8942
489.16226
-341.78394
1593.1667
321.1364
-1226.5732
-178.08026
200.55476
236.44762
-490.70584
397.93747
1569.606
224.53542
-1269.9607
-0.49441618
-312.54254
-661.32623
1105.5237
-689.72394
428.03238
-424.739
-1114.2363
597.3313
303.83395
-1023.39233
-1378.1362
-841.97485
417.31702
-27.064512
563.56714
450.76877
656.9261
-785.8966
-137.02211
669.5864
-1247.322
727.454
1367.331
-871.0185
-112.41654
-1112.5825
-316.6743
-2869.717
1128.9634
800.60565
-750.66266
1394.0228
-83.56767
370.48267
-235.30794
-618.1847
677.7865
746.2194
-825.42145
481.50964
1227.1353
846.7367
-70.58203
324.8404
-317.82544
634.0777
-310.70267
-904.31683
-1130.3728
878.44763
-375.74963
422.85452
-492.00348
-340.6813
591.3141
-197.00418
-48.185844
-977.6495
342.771
-490.12262
1395.1465
190.4539
-7.017708
-366.83716
-963.0902
-1268.291
220.38646
853.7642
-672.051
-801.56244
1176.2985
603.1046
691.8425
1754.4692
-229.62225
230.00531
707.20886
-562.5999
11.208044
-202.11775
-340.32516
300.43784
650.269
1121.7117
-39.894245
-1753.3335
1025.4767
-201.98154
243.79518
-498.5619
850.53845
292.5029
30.185362
1520.934
-531.92035
808.60614
1713.9656
-1127.5673
-1384.2821
109.42943
772.95703
-1049.351
79.40793
95.51782
-803.2018
-972.2999
1475.4059
1994.1953
1248.5723
-273.28174
1296.7191
44.144897
77.35972
702.0857
954.7388
10.48829
-694.6851
232.25912
-58.825775
-56.083843
-814.9744
-737.1635
481.85632
-839.7067
309.73404
-148.59695
-121.25897
-1189.6327
1617.9309
-908.8729
-974.3859
-497.20978
-962.82874
1007.37427
-40.20439
393.4997
-134.6375
366.52768
445.017
851.72565
693.81433
-804.4659
-341.19574
86.548225
-488.9893
337.06784
1408.0975
1705.2952
1212.1371
-1180.727
419.3548
2008.7615
370.0657
212.59564
-508.0232
495.91245
735.72644
-675.14606
1875.0878
385.72986
-946.1027
86.70334
-1538.5077
1045.5803
1588.1826
-630.4724
103.39707
-1034.7008
-108.3432
646.74207
-11.23148
530.0875
11.247343
-1121.26
-79.69522
89.8194
695.75214
-1061.1982
-316.19632
1162.087
-1904.5958
755.4935
1298.9908
-323.73862
512.5221
359.2986
-634.69354
617.8066
-187.27206
-213.06667
1236.2838
1038.4001
-171.74232
198.53653
-466.2639
539.2026
-585.20886
-4.972468
1183.3981
392.35922
18.638794
1660.0544
158.06593
-1435.0784
-745.94824
-1502.427
-630.2143
-1621.1038
455.50772
397.55435
462.7166
57.929855
-374.40512
-747.89777
1332.2476
-705.5743
-1631.3927
-543.287
202.25243
626.6851
231.01926
-552.97217
1205.5575
-532.95355
421.3562
249.91672
-882.2555
-131.99286
-318.04922
1126.9862
417.52814
1012.99884
434.22058
-320.5001
-512.49414
-85.42662
570.32007
736.16174
679.7059
-533.5404
-525.0546
390.09833
217.87924
-655.89276
1271.3767
-857.9751
424.07126
95.11841
-1386.3286
-514.4435
-1945.8163
-608.01984
739.8445
691.19824
-921.10205
255.99622
-577.8772
1432.6357
580.5228
-652.81116
184.19841
-1019.53485
-210.50034
505.65912
-2227.5142
462.9983
-200.96233
