59.341072
403.00995
78.54094
430.7042
88.17674
-176.69183
123.380714
-254.51079
15.695795
611.83307
-120.71093
-309.96832
-217.82797
3.2422636
48.85087
-219.85748
-354.72162
317.03586
-48.737484
277.64096
119.10445
-129.04315
-258.62646
-56.00462
-421.84256
-47.785614
88.6533
80.30493
-92.35303
-32.819527
70.67768
-34.609306
-106.30208
487.59415
536.21545
167.91367
55.678204
-21.396488
-399.1519
-394.47104
-106.4933
195.44612
213.87096
141.14241
186.15973
90.87466
66.730774
-264.3308
134.29059
-245.19319
110.07518
212.13164
-27.06831
362.60315
-87.60887
-151.12523
263.88876
0.012884855
156.00534
202.03093
-41.13051
271.38452
185.29303
-72.02709
358.73187
63.100212
-57.06073
296.39417
185.69424
41.63476
-100.244774
317.6912
219.93065
107.5508
-265.98346
-316.02127
52.324474
28.847029
-58.322758
68.91234
-434.46274
392.50116
274.29163
-81.86466
-96.52221
-0.70094764
67.77664
222.83676
333.5607
52.58499
-45.663452
12.483039
488.0134
-490.09122
88.23997
215.35759
-265.69217
-273.288
110.94033
53.76663
-240.18365
-134.3645
42.589603
-33.06891
-471.43155
256.7054
193.6608
-18.390724
90.88694
252.03027
-306.7113
-231.03534
438.99463
-115.78681
-12.120306
-37.576298
-121.55846
185.81497
172.83298
15.99334
366.4982
423.96368
-18.735788
-153.01144
-153.94835
-2.323358
-415.8461
-96.586365
218.46255
254.90027
-172.01639
98.86336
-93.9538
103.711266
-209.93134
355.80038
174.565
-312.7914
-88.99588
-123.841805
-117.03261
192.51814
-22.465483
-487.7642
74.46264
-23.484268
261.9815
-509.62787
107.249596
-86.99354
-115.93584
-348.43784
354.71802
18.730824
193.96808
-25.533634
155.54585
2.823025
-596.8289
121.712814
54.15968
126.307594
175.49072
342.58087
-97.72881
-24.431095
115.64987
-77.89531
-23.426025
-118.15119
62.204617
249.69812
-136.95424
110.72052
3.806498
7.5517993
100.09797
313.0358
253.52202
-208.2428
-147.95703
84.04189
-195.56857
-333.12027
-436.94675
103.35379
-3.2756667
-23.01807
-1.0619202
386.995
-242.43698
75.535126
-171.88696
638.3662
248.75464
-515.3533
-80.03103
-116.60604
-395.21188
241.2686
200.85446
153.56339
60.79553
116.07856
-39.633923
91.60982
-430.38345
192.55238
-102.14224
-34.041367
293.26593
181.8056
-561.22296
-309.66302
-103.26987
-37.007015
59.057583
167.06544
-122.33581
-119.95813
176.00984
187.99533
220.59909
-322.31653
189.0695
99.36763
-269.27917
-212.92313
-50.441692
-144.0325
-18.468729
48.459717
-221.96419
-47.246555
212.35855
-47.219646
-5.8341665
309.0396
254.32779
-252.16705
238.76584
-205.04903
-34.921207
-293.0521
184.07684
31.870756
222.4878
-33.67347
-125.854485
95.35494
-223.93234
-87.48889
48.039734
246.73587
288.2841
142.49243
-5.0341673
-438.98608
-284.0603
-152.68158
268.80695
59.462284
-106.57975
409.3078
126.43037
-564.96246
120.05293
164.26744
123.99028
-412.2802
-133.06631
-400.97568
69.06531
184.49661
18.975115
31.702547
38.806183
-107.46809
96.069374
95.241844
-49.196545
96.65891
-14.07126
-277.5135
-32.817493
97.21258
-51.06576
-245.04315
-180.15164
-10.394931
-32.342194
-43.65482
420.86243
200.26611
-71.06001
-159.86272
222.27498
-341.89288
168.89131
-12.4705715
-2.9723132
297.02466
-356.85983
-465.31595
132.78755
-17.154432
163.58046
-319.66333
25.163904
-163.20116
-254.33322
81.90198
310.40265
102.707245
-449.83115
-31.690273
104.651855
15.599822
107.344696
-244.38933
202.79713
-42.125404
-621.40674
-354.66882
187.95113
33.012234
24.383827
103.36467
-67.13244
245.18779
-389.55194
190.39108
-211.58365
250.79286
-95.4942
-54.459473
-166.43124
-261.469
-144.81201
341.96634
1.239434
-97.9987
-338.4665
-235.27063
-175.77081
88.51254
79.06743
280.1362
-41.681767
426.49377
407.97006
188.07999
142.8599
168.39384
262.2756
-90.27066
-289.57437
274.83487
-513.2631
-17.666523
-131.9495
-149.45898
-249.66449
-86.43224
-351.94662
338.44217
-457.72885
281.60965
-487.94073
111.92621
205.54956
-89.21011
210.15373
539.7449
444.2735
-272.53192
-256.6633
34.31999
-135.72954
-128.78218
81.806946
35.542267
-279.64056
150.0103
-445.16125
-85.25499
40.729893
-130.71356
141.73106
-14.562028
381.5123
-95.03681
-82.65834
-140.07964
-87.59716
8.591761
134.27728
349.25418
-316.72525
-14.312363
-8.443016
339.79803
-157.25473
34.007782
-126.79997
-292.65314
-73.3144
-298.09555
1.2111812
-20.157322
289.22318
-59.18831
27.882563
683.6013
63.14467
330.16626
55.061157
59.78785
-104.969574
238.53934
-163.25818
-163.86163
-120.34835
-158.34795
-314.27167
45.470978
-321.34973
-138.30968
-303.97452
-60.19182
-55.787197
-251.83464
122.32079
-74.034195
267.16342
36.615784
230.82361
-87.803215
62.48285
-191.779
-243.85243
154.6367
240.78366
-490.77844
54.77814
-315.9488
332.68066
-241.90836
-149.09396
103.74063
231.91356
190.73184
-187.38406
45.74239
217.86868
266.993
-313.4745
682.24756
-299.31485
-190.57378
11.196452
-96.47512
259.5759
-121.05112
-525.016
-404.32834
-175.15604
546.3758
-40.5029
-148.97734
-207.90701
-15.100936
22.193148
157.07547
-11.545844
-459.3006
24.55966
452.43896
-101.53359
86.09832
-309.866
-88.62351
-284.21753
-7.3105984
-228.23903
273.77567
-137.76361
-52.133003
-62.47261
216.37076
-138.25671
263.1196
-197.05095
67.26966
237.1667
46.841694
-86.758224
-103.110085
255.40158
-702.58325
319.43082
-122.46325
169.88281
-49.386353
287.38998
-215.51468
-307.49542
-222.42015
-152.81421
84.559654
213.79582
60.234478
-1.0744693
143.97107
177.73175
143.48581
-133.12941
66.86944
-53.023357
288.33783
367.5988
-149.25208
-78.62041
-18.642143
143.11697
-34.594196
25.871187
157.05275
253.82515
58.284897
-286.10568
-135.75731
141.1961
37.772198
3.1469414
32.396683
242.44092
347.45438
-8.024045
170.24187
34.963905
-21.807007
583.7462
-132.71686
-1.8313627
44.60654
-282.27798
353.1622
27.205639
334.31448
2.155272
-173.06528
-85.09737
-340.62512
-100.32823
213.59315
-47.49683
162.56291
-91.03015
92.63409
-126.090225
-665.4613
217.75423
291.58453
-171.22711
-213.23688
200.10564
253.43481
81.554535
327.52786
-92.53836
-97.26131
132.6249
-216.9451
308.86545
138.15186
44.878563
269.11545
-12.629891
223.06671
215.56868
72.780266
55.764835
-107.19978
85.500175
5.8165617
3.0791
-21.98604
63.97652
-178.3928
175.73352
39.672283
342.33188
-242.0592
-95.5713
182.12712
117.5222
10.767907
102.61248
433.83215
-202.92348
-102.40158
-97.15916
511.66663
402.61584
-43.836117
-145.9315
-28.614943
1.2772977
26.20888
5.9415655
-272.1814
453.9355
126.78458
14.668471
-162.27203
86.14293
221.96945
273.88504
300.06256
83.99697
-211.3471
-172.18985
-140.60764
504.32645
10.467509
123.390854
-226.54765
-188.57057
-36.13911
136.01096
-56.715023
-68.64408
-341.1473
94.99445
-96.29913
-28.70437
-487.7457
86.637764
-84.59923
23.13408
-184.3949
64.56612
-3.0557525
221.87039
-301.13327
168.26138
4.030162
