-376.5336
518.5206
841.42084
314.01883
1117.8757
1027.6228
-811.7441
825.255
-91.517975
195.59659
-556.26404
-1427.7217
-754.15405
-965.73206
-628.03876
-1357.3652
-1230.3254
737.915
-190.7195
1786.5627
-83.23868
-1069.4904
-129.38208
-56.221436
-968.76434
-6.592601
-912.4392
-98.99019
-938.32025
144.79428
620.5392
52.27943
775.0977
1839.6692
1657.4604
1001.6443
-173.37514
-533.376
48.890053
-461.14133
-792.5974
-700.3783
-457.16608
410.37814
844.5632
-470.11066
-285.8831
-1048.202
-859.56824
306.22437
484.34366
19.321192
-189.9086
-1386.209
1554.8031
-343.5094
2078.315
-85.29368
594.87463
-77.4557
-202.74417
-103.0787
421.13748
-647.97015
-142.57207
156.98827
-199.53217
379.09012
1759.3234
59.944534
-470.33133
-75.87542
-4.1665363
-436.2629
462.90482
-1493.3596
7.1218033
-1479.0355
-227.67012
698.5213
94.030235
-826.9651
-854.0122
-1107.3491
-618.73224
2228.534
-1139.0497
1304.4365
1413.4036
1023.94653
-550.9232
332.57117
1002.89105
432.89505
-512.15796
135.54001
1274.9175
997.4034
908.563
-59.060326
-1084.164
664.4773
-1121.0684
-288.20425
-274.27264
3.686803
-66.235565
1462.8962
-10.0627165
-855.9134
-1689.5968
1200.3992
225.40666
-476.85718
1041.5658
-65.99708
-604.9315
500.37668
-618.137
-1850.4094
104.01045
739.2361
196.91667
82.18628
90.4908
987.2984
-740.9048
-843.34375
1007.95154
-611.2202
-161.50818
-80.551575
-683.28766
-669.05347
-332.82635
-587.6349
-336.42047
663.1698
390.97348
853.94135
-495.22406
484.06067
-1779.2784
-1406.541
-296.63043
1125.3588
160.75679
1399.294
-17.600554
-718.4915
891.552
1274.4923
-228.32384
-325.79694
376.78293
-430.04306
-382.68088
-398.34192
-2428.177
780.3234
677.06934
-1066.9092
170.87877
28.661112
2074.2537
1011.4891
322.64456
-10.483984
909.6861
-1595.6133
-354.67078
-349.03278
-155.20193
1046.0836
326.46753
484.80008
-179.23402
676.72296
487.84558
-1184.5187
-236.20319
587.8307
284.32098
-459.89316
-603.22095
-69.65755
1132.5728
-417.46262
-1054.374
527.41376
117.43825
-756.8494
-167.045
853.79846
605.5277
-575.2246
919.6498
-408.60376
889.0253
317.6614
-83.32379
1416.5933
189.86253
896.11414
48.55752
883.7827
459.1623
-604.0712
-1614.0552
-519.9245
-322.50986
256.21616
-579.31525
-1608.9602
757.9215
1870.9403
-287.97897
1190.7441
-315.35162
-629.04596
-166.05785
60.407986
262.14078
-406.64996
-2.5653656
701.36304
698.6404
4.5142245
794.309
-868.1419
-490.17166
670.691
-105.456085
381.42557
762.1388
-1260.8241
-1332.9166
1092.1328
-288.22937
-336.6478
405.68863
773.6405
742.9894
-189.77335
1270.5931
130.3731
-581.25964
-699.80634
-1269.6405
-1141.3217
-977.6302
1503.0376
715.20105
733.3981
-594.222
747.96014
1105.1729
-17.826338
-741.8681
627.6418
202.17632
-466.57663
636.625
924.6269
-521.8151
-796.0025
-73.44369
4.0013123
939.36945
-1350.9323
433.54428
-1405.4088
-635.83966
-1399.5249
302.81216
435.4788
-1055.2916
1225.2704
1136.9115
833.953
-30.141197
7.6655755
679.0453
826.73663
1297.9039
-1408.9081
-1665.6537
-898.08875
1296.5415
-360.11176
-254.60185
63.551205
-529.59174
410.13916
-779.0875
55.990818
50.750305
-117.73108
-960.2093
-661.5293
-693.8181
-994.10516
90.64105
-564.0709
-397.4926
-443.9519
740.35547
-603.87415
-1523.4526
-94.69139
-364.64307
-1796.3652
-527.14465
409.28946
-764.4232
1431.6908
-787.332
-672.75287
-943.01514
566.41113
-187.71852
-164.22505
-818.78503
-643.6873
88.658485
358.39365
1253.9913
-420.69464
657.8814
-381.10938
528.4897
112.256714
-441.8017
197.53711
-1576.5112
803.6432
628.48114
-217.82092
405.59857
285.3978
616.774
479.79224
-378.54785
-672.145
-784.6897
644.8711
24.262949
2170.5383
-279.0181
281.96643
174.57463
571.9157
-463.9512
671.392
165.16109
-765.69006
295.90112
85.66947
-279.17685
-57.492706
922.5444
599.12726
91.05012
-729.6754
-783.9197
419.3493
-652.07574
352.3199
-71.11792
1714.1396
794.72473
-1247.5295
225.81973
1019.3782
-127.26126
-563.26184
302.77597
1139.3182
135.70256
-1477.2043
-290.65573
-315.6485
-701.7982
1120.5847
-1285.6782
363.21713
84.648445
-1054.7914
523.77734
268.4791
-1092.1906
-1599.4628
-714.2759
444.71875
-92.67818
517.14014
515.144
468.0413
-299.81256
59.5412
627.8807
-1254.786
730.15344
1216.2333
-926.2966
-113.92514
-893.0001
-190.40123
-2626.91
1772.786
875.6852
-883.5221
1324.0847
124.09107
601.9187
-471.08557
-861.9242
1175.8573
654.9717
-697.32983
360.89752
1218.2871
426.4196
171.54857
244.08328
-74.56283
302.07382
-78.6955
-783.4576
-1330.7753
1223.7665
-367.47437
988.9946
-444.70737
-671.6779
231.50269
-261.04074
-140.8827
-1659.484
170.87245
-381.83826
1334.0222
-183.6789
-175.81511
-685.58527
-1138.9984
-1482.3386
342.04095
804.4158
-963.79297
-886.7813
1057.9045
671.29706
392.2884
1505.3302
-111.966995
136.10272
934.6138
-712.2236
-55.148094
-66.84847
-624.123
462.28607
491.74942
1338.554
-128.67383
-2103.7783
1280.6063
-618.19824
-59.946907
-471.72263
517.69507
387.66122
-66.34138
1538.6414
-781.20416
411.0761
1945.9237
-1284.0546
-671.4369
529.4023
785.4364
-1051.2594
43.24795
-185.45497
-775.7415
-828.4022
1369.7926
1644.0759
1216.5273
213.5226
1540.9642
33.853943
-119.86366
545.2705
979.85034
38.899586
-493.55566
350.73434
155.09987
196.52583
-771.7887
-719.18414
495.74112
-482.3526
170.57867
-113.326324
-166.02776
-1263.0172
1605.957
-854.2651
-897.10583
-555.38324
-691.3789
1446.147
-5.315573
559.7205
-257.21527
642.9634
474.61945
813.54474
1048.3846
-2.1935709
-415.91916
395.02908
-677.0879
258.06528
1402.3284
1276.681
1335.9006
-1235.1271
619.7185
2403.5352
151.66154
-508.88748
-166.79898
687.52014
1012.767
-987.5984
2124.6736
542.10187
-1040.8553
-89.66995
-1747.4619
895.4543
1404.4004
-820.07605
130.99152
-1142.9678
-562.9733
83.83296
161.47742
358.2525
-716.26825
-679.58405
-295.08755
139.20726
894.2679
-918.6375
-578.67444
1583.3088
-2197.0227
839.52545
1280.7942
-134.03014
264.6603
24.669056
-506.77084
886.1572
115.885864
-99.11991
1475.0095
1112.3606
99.55188
-24.618328
-222.32695
694.6347
-250.12091
-49.508244
1190.6361
106.24963
-51.880642
1862.0729
-239.09637
-1537.9861
-722.84845
-1555.3911
-858.72205
-1239.8739
355.19565
233.94136
311.5295
167.44278
-609.4505
-910.2417
1479.678
-1186.7517
-1696.1587
-597.8615
142.96048
1058.7819
85.47975
-329.6576
842.85095
-637.3741
515.55994
-36.903126
-672.6137
108.62747
-291.09207
886.40424
27.24026
841.18604
428.70883
-624.5944
-216.37979
-124.177124
494.36893
997.3986
934.47955
-781.6169
-361.6928
318.91495
433.53226
-843.79767
891.36304
-1094.4922
459.86194
544.8441
-1262.428
-597.5568
-2058.1912
-741.73474
494.205
694.72894
-1023.23895
85.55914
-390.1013
1247.8224
118.53933
-497.20868
409.56628
-1124.2699
-226.84438
875.5318
-2457.688
367.80966
-20.377218
