-78.52851
572.0272
219.91594
604.7236
936.8814
1159.1517
-747.8758
681.9414
-243.23715
-157.24654
-572.4136
-1691.5298
-761.3887
-714.8468
-344.8601
-1088.1946
-990.1582
544.11584
-119.26488
1415.8398
-295.4933
-1416.5168
-631.901
-235.5483
-590.4707
-38.26391
-1018.2628
174.0562
-594.44415
557.1866
510.80557
-357.25443
476.16144
1633.5044
1291.3516
976.715
-159.18513
-702.8803
-29.401707
-175.89214
-878.9106
-379.06454
-237.1852
639.6316
582.3331
-468.33484
-107.79222
-1176.3898
-845.63416
547.2364
151.05048
117.642685
134.70271
-1513.4104
827.83704
-21.69204
2189.4727
-241.44
757.72845
8.015713
-277.90933
-287.09872
549.6138
-492.69342
-346.03592
359.48254
-303.98447
162.69025
1888.4036
-95.31638
-632.93524
329.04083
-77.32151
-279.82687
523.1177
-1755.0962
-441.21313
-1516.5214
56.481556
762.0429
-2.8336666
-787.01416
-1041.9792
-1156.0178
-520.8588
2119.572
-1250.3611
927.6899
1337.7183
704.0309
-702.9822
375.216
885.8938
273.57516
-302.05862
148.33482
1357.2261
1372.0276
798.9346
-128.81403
-1332.898
577.114
-896.49316
-474.2176
-825.243
-73.5632
33.033985
991.9848
-288.76886
-679.15607
-1072.8481
900.10895
-47.311275
-332.77173
1146.875
32.130074
-517.82086
935.4666
-342.2459
-1637.4117
291.49933
737.1408
465.35727
-173.48083
356.8605
873.6811
-860.0369
-636.70215
959.0103
-498.9297
-45.88793
-148.09158
-664.54846
-1027.039
-25.105663
-681.3778
-415.02036
432.9093
138.81244
897.526
-481.13525
520.012
-1960.376
-1358.6356
-542.2416
1125.9136
-34.433758
1522.3917
-210.5788
-411.7277
783.4634
1395.5896
-249.26451
-65.05099
-31.956728
-164.50748
-127.135765
-209.89003
-2231.6543
787.4614
518.2984
-1514.8398
23.686382
-96.35331
1742.8993
757.87506
-241.32759
-146.3963
771.3921
-1281.4974
-496.16357
-309.51202
-317.03833
691.61536
397.64447
509.1019
-189.3528
575.5328
281.07645
-905.82416
229.93463
527.5555
238.56046
-401.58517
-47.835266
-463.31866
1070.3324
-555.13043
-1043.578
258.6978
107.01776
-711.4251
315.28442
752.3247
615.5414
-640.9334
1044.545
-264.26962
566.6736
30.532595
-260.6003
1127.7783
225.51683
771.6775
4.9084983
649.1268
453.92624
-813.37714
-1514.5311
-896.96985
-455.57034
-62.659275
-1179.3977
-1713.4922
602.6212
1623.6427
-542.0399
1397.4302
-185.53357
-677.01764
65.24811
252.53883
254.77237
-711.0136
-394.35602
748.48395
579.97723
412.4922
1259.5298
-500.77573
-405.68823
1068.8718
82.24512
420.14084
737.6778
-1216.7914
-1618.5173
1237.9725
-643.89374
-184.59575
243.75208
1032.3376
767.0619
-380.376
1417.4896
-48.36336
-394.79276
-852.69293
-1664.344
-955.6697
-1159.2257
1328.6713
415.05447
889.3885
-106.47035
464.17133
981.64667
122.28032
-945.03143
1149.1688
133.77394
-503.51886
667.5532
828.50146
-395.28946
-845.02734
46.31818
51.473957
548.01825
-1330.6926
613.38763
-1448.2001
-323.36652
-1452.6014
396.1672
241.21848
-912.32263
895.0809
1272.3981
974.5248
203.57162
186.3428
538.0019
927.6317
1635.5249
-1104.8055
-1489.8085
-1366.8085
1295.3173
-232.60353
158.02998
-168.93068
-355.05103
861.4776
-797.22644
108.12033
-176.57019
-348.68332
-712.7314
-666.1525
-714.82886
-812.58777
64.86191
-690.55176
-730.43036
24.005781
403.29373
-415.38898
-1314.6328
-54.235756
-498.17606
-1569.5935
-406.58307
271.2153
-612.35583
847.93353
-966.57935
-862.7392
-1126.2467
290.7467
-648.44366
10.38423
-472.4738
-193.57603
-126.29311
429.08517
791.8068
-589.9301
576.9683
-601.1357
7.4801383
121.10042
-515.2319
448.34036
-999.61633
912.80865
869.57666
-218.75146
339.85138
598.9126
592.0573
704.6852
-359.26218
-733.2671
-362.79123
780.04816
89.68261
2018.0559
389.45718
546.43604
47.089195
312.4265
-326.05252
253.07959
214.39047
-699.1915
157.04588
-47.701843
-253.32872
131.9714
1090.9207
348.1928
81.45001
-742.9336
-437.95416
361.63913
-781.8168
339.3923
-307.65897
1671.5345
351.1848
-1147.7341
-19.40546
250.12378
-48.28322
-441.00308
348.54584
1469.4634
131.5513
-1374.3403
-101.58696
-283.76367
-494.2071
1099.6064
-732.87714
560.7184
-298.037
-1028.4648
547.6764
430.86188
-1037.6244
-1391.9962
-790.10425
464.40985
-51.660797
613.93555
370.92917
581.26794
-802.9928
-297.09857
684.9617
-1289.6493
739.1932
1523.0483
-825.5758
-46.409515
-1250.5074
-171.14528
-2719.5479
1251.2502
851.97003
-818.95514
1444.303
32.193195
531.8709
-290.1674
-608.4801
787.1169
546.6557
-689.20526
239.06906
1343.2603
798.0782
-48.06622
279.27142
-235.0924
636.85516
-412.68085
-883.7655
-1283.0786
854.00134
-244.33113
457.3608
-313.49216
-437.37933
396.87946
-306.7624
-72.59451
-1105.1503
254.3622
-609.69965
1401.2505
135.28844
-138.24454
-369.04257
-936.7628
-1284.3867
188.73317
702.8579
-592.5582
-746.5318
1092.6401
527.611
531.581
1626.4108
-441.50906
188.38441
835.04474
-689.7675
-40.023518
-128.6569
-349.86115
175.90622
692.794
985.95636
-57.221146
-1708.9235
1066.6937
-323.22714
137.80128
-564.0166
740.1821
332.81665
-0.7520585
1602.5392
-400.62054
589.7723
1616.0874
-1196.8693
-1029.2404
292.5436
811.671
-1046.4208
188.0676
94.86763
-892.7671
-887.44415
1643.3461
1796.0276
1258.9446
-216.3625
1330.4362
263.38177
62.99514
393.62573
1051.9559
21.469688
-617.8666
208.11974
-3.201642
-112.51146
-683.4804
-719.4266
535.76166
-849.2077
184.04501
-95.91393
-137.51819
-1232.888
1558.6588
-975.24677
-1045.1847
-636.01044
-1046.8123
1132.2983
-130.12369
376.6382
-206.18697
435.2086
440.55026
875.70465
764.0405
-910.288
-417.27432
267.937
-571.8613
424.78427
1371.8348
1606.765
1461.3774
-1045.7145
544.3736
1979.2466
446.2207
38.924545
-599.45825
595.89923
707.8378
-745.3392
1857.4135
439.58572
-998.695
160.7569
-1481.4149
1120.4854
1505.5607
-652.9375
-1.6291649
-993.7892
-105.09108
677.1252
65.98769
438.49255
-66.36863
-1064.2542
-179.14487
272.7815
608.8287
-1063.2618
-139.32692
1270.5336
-1895.5585
808.00323
1320.917
-419.48703
222.48633
355.03076
-500.5351
705.3238
-228.14421
-101.2559
1246.8158
1052.8494
-59.21038
44.617413
-490.2801
559.59436
-661.9727
-9.47538
1378.091
373.3915
137.70198
1618.243
91.99287
-1300.5475
-843.072
-1468.916
-734.9629
-1460.577
680.18475
356.96277
451.82977
78.52336
-450.38943
-553.37805
1333.4735
-855.7432
-1854.7484
-469.06787
141.73041
500.88797
286.82755
-560.7674
1210.6306
-474.59033
438.264
213.90332
-879.164
-148.81831
-236.77911
1113.8877
414.81793
1046.7734
490.76627
-288.5346
-545.93933
-119.89436
550.3505
745.9877
788.9543
-466.3066
-390.658
423.25827
334.15808
-542.6773
1175.5156
-970.9011
378.9361
295.22247
-1320.1257
-717.47614
-1995.1338
-678.8463
823.41473
637.97455
-986.1928
178.94684
-704.5862
1468.961
513.81683
-787.1552
178.37572
-1207.1255
-307.90848
575.2142
-2241.9414
347.01648
-161.89491
