-36.234356
600.33673
-21.004011
396.72403
-82.03705
-25.614246
17.83186
695.5557
424.08426
267.45822
331.9834
-1012.2525
-85.56789
-300.01944
-9.594157
-678.1391
-246.92688
447.07147
31.921621
587.2461
64.44105
-960.8702
-187.5979
526.2165
-615.54803
-279.80493
-163.23497
-527.0083
-600.30835
155.92555
129.88863
-196.12352
-198.36755
1100.5803
496.0497
348.37402
439.9195
-124.829414
3.6495287
-508.7898
-601.37885
-537.22424
-135.70575
-248.1798
70.397545
353.2285
392.8873
-111.29009
-291.74435
106.960846
-402.55545
250.2917
-304.70187
88.75784
343.4632
142.31926
1163.8273
-525.2198
-976.59106
101.811935
-345.5239
-29.020947
505.9982
-164.98714
163.25752
400.16638
219.71777
-252.27956
791.8794
307.4024
-89.83147
389.50156
268.61523
203.22957
-107.64288
-274.07834
-282.08008
-29.639963
249.08789
288.3288
-116.95363
-358.11877
-533.1847
-183.12909
-839.89795
1149.211
-546.5381
833.3508
984.948
236.09976
-84.359924
442.74405
870.98566
-965.9063
-516.6226
633.34937
255.13068
338.17584
329.576
-84.027916
-440.2212
-686.7581
-298.10065
-21.914167
-731.89996
86.0938
1177.9365
670.87836
-237.48384
65.25336
-590.5193
80.14327
264.56406
-156.01363
376.07956
23.616575
8.287825
309.0711
204.72144
-1256.4963
1265.794
346.23508
446.83893
-355.62854
-117.23213
275.30304
-548.9185
-822.6591
490.42966
-182.31343
-283.1088
189.58623
-724.8823
-267.5263
-529.61005
331.6549
-168.38518
-53.422623
72.27372
-249.60515
-174.19193
-45.314255
-1016.9588
-749.8881
-312.26355
641.9042
667.25073
753.285
209.79219
-378.86377
502.80728
722.05896
142.36772
-449.7546
-22.459898
2.8152776
-536.33093
-451.4885
-1259.8969
410.242
406.72827
-825.53705
122.93317
49.77121
168.09174
488.66614
-615.88934
443.75104
255.47786
-688.33636
-417.3033
196.20587
272.47955
466.92426
-256.19022
222.89192
434.76678
717.92126
502.6366
-892.2801
-39.35609
33.695107
-277.2153
-73.19996
-205.48651
-374.67084
612.6665
-280.7789
-563.7666
1074.4856
364.86996
-606.28735
-94.43821
893.21844
377.16693
-366.08618
282.6532
33.359
-153.58043
-179.18208
-414.49982
1098.7262
517.6688
299.34274
-46.444687
280.80585
-131.22755
-166.15276
-898.3404
-369.24335
428.0019
20.61788
-458.72836
-484.83322
317.63138
1138.3821
-450.10956
1026.5172
-204.44948
-429.96378
14.050385
421.6042
792.4365
-1116.0952
-448.05557
275.7147
-579.8126
46.08075
129.72165
-925.5193
97.12471
596.07874
256.15103
-515.5745
355.82904
-272.8523
-99.57457
333.40845
-520.1763
-298.75146
-544.8248
481.1762
-138.38078
-101.950424
822.8088
-404.33835
-513.1943
463.29364
-1151.7212
94.98154
-816.42944
980.4878
-364.7904
339.12076
435.4317
-58.200016
271.38068
45.20929
-477.27628
427.13586
-194.77254
-555.8628
-440.5125
-333.02893
6.104795
-973.70197
-475.2023
-213.33615
-87.269264
-311.08173
-161.98096
-1285.2158
418.19904
-105.01256
-64.180115
-422.41315
-372.41425
431.6737
889.7693
46.15868
187.72551
105.64381
-313.4641
517.6074
558.8047
-290.8824
-847.68634
-570.404
85.623474
131.01181
373.23956
-334.5016
706.2286
519.5799
-261.571
483.05444
433.28473
-448.72293
109.81121
-548.98004
-88.698555
302.58463
-686.0847
-746.9082
108.030106
30.815922
430.8432
-19.022251
-10.988149
-170.85976
-171.28952
-50.18244
-134.35742
91.15324
-692.92645
106.27984
-26.113012
-323.7046
-605.59204
-271.06967
208.74603
83.72387
-1079.5704
250.24724
-269.4239
907.0676
562.7842
-72.485146
-463.94406
541.6038
-1251.3574
74.38656
-194.89688
1089.5614
-636.00055
676.2048
960.9122
-60.684036
150.66544
1099.2461
-1.1302706
196.65504
-938.7508
312.26505
-679.13434
188.31744
-334.94046
1020.7669
133.07135
797.32355
442.3953
281.07083
304.7612
-126.92305
186.21762
-40.106228
-112.26408
123.0585
-527.4876
-194.38957
-67.89461
-93.30473
229.03151
-407.92133
-1263.201
344.73007
-727.0363
428.47754
123.56597
731.41144
170.36536
-310.96365
412.90292
185.76894
945.1275
-518.4932
-310.94266
298.76938
-326.97122
-873.1131
40.527454
-293.02426
-639.141
-376.154
-875.0434
300.82205
-301.0083
-510.0704
352.31464
806.748
-109.73592
-1.7639537
-290.5743
207.98732
137.18907
5.7587223
58.692547
777.8807
-552.21643
709.2521
584.93427
-708.43445
707.9415
1102.8882
-627.1095
276.20453
-558.31006
-324.49954
-1307.7465
890.80273
-36.16335
-33.940556
472.64743
369.20682
-187.27925
-286.61688
88.036674
98.73537
-573.388
-482.58835
-59.700607
-49.385757
546.40717
-9.406893
294.97488
123.87184
-272.93506
-271.3809
-810.47504
-398.21628
733.22974
-518.3683
229.75948
-793.9808
383.598
-31.103413
-104.89112
8.9672365
-460.58417
-244.46692
18.114717
-22.11832
805.3239
-258.20877
-13.628773
-557.6167
-177.90355
-18.47354
598.50464
-114.1061
134.02208
518.377
-273.12122
331.90906
237.57129
449.50314
-480.90527
577.7363
-321.8259
-458.89703
-82.30878
279.54474
94.39875
805.74396
7.9345837
-362.42365
-1064.3854
914.4726
255.99738
181.41435
-506.064
-342.7947
227.67232
230.42122
481.45984
-604.75555
222.88412
1041.9121
-583.7369
-171.45633
392.7898
237.24489
-831.5571
-98.23331
184.77226
-751.27216
-526.65155
579.5809
979.43933
121.38575
-129.88501
869.6531
48.284866
-446.9965
-134.80107
-601.70325
-92.85038
-40.90948
598.5505
126.506905
323.77362
-312.8099
-825.2021
328.37054
-134.30916
164.97215
-445.4228
-83.990166
-358.57672
61.24513
-241.15182
242.58617
44.753075
-954.48346
212.16579
-254.42305
254.51291
271.46527
358.58762
463.2385
932.3922
322.07187
-294.90088
-107.19691
775.2078
-141.86877
-383.99646
513.26746
807.24713
187.94629
-748.6698
-355.5106
1122.458
457.674
71.32923
-5.157851
41.67008
784.69055
-650.7737
777.37103
-160.35153
-295.65198
-392.9207
-384.00293
29.961535
595.77167
-56.65476
-387.69522
-699.18164
340.48264
458.64594
607.28107
-95.87815
16.626982
-920.2688
86.68407
-32.017902
-218.60625
-325.3163
-288.60495
740.3202
-1455.0443
760.14935
634.01514
-356.38922
19.461092
525.5788
-207.3568
468.6228
-130.59311
-271.23624
-36.31731
694.79474
543.5492
439.47952
452.02625
-230.24574
417.0996
-9.854493
744.6277
506.78943
-465.20435
1398.1345
-14.254678
-1120.342
-30.2703
-784.5364
-516.06604
-1214.5118
427.767
-388.72177
-47.98629
500.5125
-136.74962
-940.81744
542.15234
-357.23282
-954.05475
22.560446
595.5512
-487.79285
107.83809
9.765245
965.7248
-1027.0652
195.55373
546.029
-68.26144
-124.80893
-405.28394
391.04752
306.05264
870.5974
39.757736
-140.96994
-54.34741
-52.14333
341.0482
1122.74
1166.8633
-415.4814
-656.61615
-47.98784
-161.30907
-790.57446
57.787407
-684.92505
925.89575
-235.75381
-605.0093
2.8918483
-397.45346
-402.6904
552.33655
743.2652
-410.77856
133.84694
-512.3688
684.76074
102.532196
-73.81319
102.705475
-682.1291
-157.72548
412.3426
-1279.755
457.099
323.68494
