-777.5727
557.875
1050.974
82.21715
1418.7218
946.39087
-598.4912
854.6075
81.04987
425.25684
-703.81354
-1268.218
-1033.6836
-766.67737
-481.4816
-1811.5658
-1792.5773
423.26233
-231.67564
1915.5261
-613.84894
-660.7077
-390.33887
-440.13788
-1181.3937
274.5858
-601.9766
-601.48193
-1738.5692
-46.075222
563.14496
197.34178
1015.62476
2133.2178
1863.5013
1352.0602
-361.78787
-613.3605
-116.05044
-536.3811
-488.66855
-1205.0272
-773.2027
976.8345
629.7633
-620.454
-96.555626
-930.96906
-1299.1287
749.13153
552.1009
88.13935
-191.14673
-1460.9849
2304.5093
-778.8007
1916.5798
-203.70331
803.5853
-261.9532
-235.88693
253.10889
358.1477
-928.88574
11.921579
736.5875
-534.6205
537.74646
1597.2108
-13.670101
-1038.0452
-382.0849
378.5024
-123.15547
579.8144
-1376.6625
-203.62128
-1309.4464
-398.18835
674.0802
-300.85263
-557.0526
-439.23334
-677.8621
-53.230465
2407.524
-1467.9347
735.56836
1821.7955
305.65204
-535.8655
146.66183
865.0948
560.74194
-888.41266
134.22575
1466.2272
716.1483
673.05914
484.68112
-1015.2039
279.02194
-924.8243
-268.6902
-663.84625
-7.2093062
-207.60918
977.967
-107.924446
-713.81335
-1098.193
1188.2839
45.420372
-648.51263
1223.3147
34.699245
-665.3967
529.4756
-324.0066
-1790.3984
490.25635
619.09436
251.29234
20.575005
-520.81354
482.55087
-743.15424
-1115.2198
892.6156
-710.64276
-528.28424
-56.732937
-507.41522
-655.4371
-334.18353
-1061.529
-148.0179
996.0223
222.29967
957.753
-580.0638
351.6497
-1480.8851
-1329.6981
-184.1217
655.1506
-28.39845
1720.1279
-367.67126
-536.7603
657.89594
1247.5618
-497.20087
103.10684
587.96515
-966.7794
-1085.7482
-841.1198
-2285.737
401.93967
935.81775
-1636.4464
265.07275
761.7566
1694.8582
800.0078
146.79312
410.3185
1140.7815
-1845.99
162.5089
-1047.9695
-243.394
972.04144
859.44977
89.725044
-282.2819
474.27527
484.86484
-1280.2761
-201.59784
865.83594
-427.2702
-697.9989
-526.1049
-547.3969
1269.6572
506.7777
-1274.6189
362.40796
193.34654
-1192.8888
69.73563
716.98883
-154.32556
-835.13855
1309.8369
-75.0055
353.82635
531.8623
-350.7343
1750.6838
428.71405
1282.8207
-349.39984
587.31
908.8226
-513.32355
-1121.0094
-343.24994
11.705107
637.49634
-334.66965
-2030.5543
419.37292
2672.4636
-87.839836
970.33295
-95.14694
-337.66556
-387.54367
172.6989
680.81335
-659.0915
4.4118624
377.70682
1075.7817
169.72337
639.5105
-608.46967
-285.81595
1046.6207
-244.4283
259.12695
764.0886
-1708.4434
-2361.0232
1274.1115
-552.55927
-897.0625
-216.2043
601.7513
942.3302
-664.05914
1144.8628
237.15617
-26.552757
-1345.8656
-1706.1624
-922.3686
-748.97064
1614.8208
149.72473
1382.246
-353.43866
338.8143
950.0156
-75.50134
-536.219
696.2135
138.56296
-803.7092
292.96677
702.47577
-159.15881
-452.93033
-355.4363
69.33649
1004.8458
-1704.7686
-117.49423
-1050.6638
-576.16833
-1256.2926
419.71033
19.07231
-847.40814
1265.8717
927.4154
1215.97
-237.19315
92.37502
551.24554
938.49304
1187.6694
-1707.0948
-1556.5012
-655.4008
1488.0054
-769.1389
-388.95966
287.55707
-836.0889
214.8031
-1151.2312
403.77213
641.6994
-609.12036
-1249.0675
-758.53546
-799.6855
-1499.6526
161.57512
-1216.5266
-751.38025
-203.37659
624.93225
228.90897
-1299.8633
7.931967
-590.3221
-1348.9817
-298.03943
859.92334
-1209.6986
2177.51
-967.00494
-756.6351
-965.1767
760.27704
39.520916
-295.87106
-677.3849
-564.3747
-193.54602
463.3445
1097.9121
-846.11115
419.1549
94.18155
1165.5482
477.29596
-412.33698
925.91583
-1675.173
632.91565
1206.5498
135.24277
974.83844
350.9529
167.24678
557.41174
-835.4475
-415.70374
-1032.1042
-197.29317
-224.1301
2388.157
-343.25522
38.869415
273.53156
63.034355
-1270.3431
1065.2684
189.03915
-972.4008
388.42398
-413.10635
383.86993
396.14136
879.83307
486.59848
556.44464
-594.24536
-589.39374
119.0291
-1070.8551
180.5379
-188.22137
1211.0858
836.1879
-778.886
291.81992
1122.6923
-425.38156
-989.82263
233.83318
820.26154
-158.57886
-1291.1465
-554.0782
-26.141853
-875.20374
906.76996
-736.7451
582.3427
505.2121
-1598.0956
1035.9678
616.8528
-1288.7303
-1306.471
-850.2128
309.67245
-93.80109
359.8659
105.76303
1238.1793
-547.06464
-154.1319
641.00574
-1638.6681
405.7268
1469.0282
-680.8699
-355.59332
-328.4699
-287.39505
-2720.1064
1633.1263
529.2174
-1058.8444
1469.2527
334.926
979.44214
-751.25415
-480.9852
1192.1252
843.8196
-860.33624
766.03864
1219.9801
-187.70506
-261.3822
134.94023
-565.0912
585.441
-75.98559
-1328.8015
-1396.3319
1778.8171
-110.8407
657.48157
-831.67346
-617.0742
292.27713
-347.80798
-27.22573
-1915.0623
-469.9856
-831.2305
1197.5494
-60.645576
-515.70245
-887.873
-920.9821
-1917.1357
226.56131
498.33105
-1414.4912
-1251.8081
1309.2374
435.17084
298.3897
1690.8115
318.3479
213.6848
937.1718
-864.2768
-161.06006
-183.78531
-927.2314
636.54095
-389.9091
1373.0076
224.8873
-2113.9727
1658.489
-462.90216
-180.97937
286.42206
61.819214
532.49786
568.83826
1443.6488
-602.36365
952.16125
2689.0896
-1087.2045
-945.70544
525.4256
232.3964
-1348.0144
82.73387
-574.4496
-429.2785
-574.74493
1461.4268
1883.7189
1282.3645
514.34143
1400.3309
-124.58434
-385.2366
319.1323
892.96045
97.72336
-102.89754
393.54062
137.27798
-276.81992
-483.3061
-396.8411
900.51666
-155.1068
-2.563301
28.294397
-353.06107
-1141.8176
1816.1442
-1344.0907
-1091.0482
-157.76624
-422.8416
1483.9407
571.1446
924.7822
-511.36032
613.82715
727.4602
708.5133
340.37888
-84.01886
-565.53876
753.2953
-774.105
521.1682
1681.4802
1734.5883
1892.5715
-1635.3116
522.606
2080.5938
301.12442
-472.39435
-353.36084
120.00462
464.60522
-919.71765
1976.0344
1043.0325
-1249.6442
-241.56172
-1840.8367
585.5903
1557.2883
-1570.4027
92.90014
-1441.6732
-247.28586
760.22894
-51.06847
42.636425
-1055.7997
-596.0737
6.4099503
560.4125
1189.5518
-660.70807
-1176.9398
1056.6724
-2040.3435
1078.119
1493.4004
-923.86774
200.02557
53.47657
-215.4983
1028.6237
-145.90117
-108.785774
1017.05396
1498.1837
-421.44147
-742.9217
-369.8483
812.239
-157.61034
-702.1515
1267.3964
-13.482693
-554.99677
1867.839
-102.39447
-1620.0735
-586.75244
-1435.7882
-589.53534
-1806.0608
320.50677
532.81555
574.4537
292.35574
-300.16904
-973.6941
1294.5089
-815.10803
-1598.8702
-52.82999
-645.2124
971.50305
363.16547
150.67593
876.0863
-696.3107
527.3271
283.18024
-909.8346
-284.8367
48.480923
471.16617
-39.649975
274.40192
650.9067
-282.9471
-611.1076
12.29087
74.91512
730.23816
770.9701
-648.3318
-573.41797
261.33682
487.96976
-865.97253
756.4023
-1013.82465
912.7589
693.96747
-1223.2638
-214.52654
-2035.3131
-606.8731
636.1706
889.43854
-850.1613
204.6028
-907.5482
1218.6022
95.86223
-828.8972
662.8574
-1309.1748
641.34076
1205.5646
-2910.8464
315.0438
408.45462
