98.31337
364.56052
51.249565
533.3486
58.04957
-180.5855
45.25335
118.02584
181.2751
698.7933
41.233353
-469.79846
-354.7024
-27.167109
488.85577
-224.97946
-20.77877
278.55038
182.80486
227.69395
295.433
199.837
-80.245964
266.93762
-473.4499
-183.82951
30.738512
126.08843
154.98361
-38.401886
-24.44603
152.95027
-238.55704
429.68936
533.34863
201.89642
67.76302
-1.8859755
-474.3578
-364.3952
-110.491974
24.142986
428.55334
239.66574
425.17026
107.07807
338.18268
-213.1735
-84.27892
-40.046135
-259.38763
155.53952
-10.642039
147.68958
-148.44696
-52.41024
722.1657
42.189514
3.920457
98.85326
-324.05283
-184.64262
483.05695
-162.06027
229.40033
473.67734
51.278034
376.27484
250.79175
82.017715
-239.96828
64.54771
-72.29613
190.45909
-129.12558
-100.30302
-157.76895
-20.947292
-39.87419
378.94962
-475.97424
520.2109
25.512657
-54.96075
-237.8545
436.32825
-69.5187
241.8623
364.83734
209.20203
446.57587
-132.73872
928.0197
-602.2563
-464.15988
386.7549
-487.72827
-397.16266
182.77191
-216.24875
-472.1079
-112.890175
279.40622
-104.65062
-736.10504
-40.79914
135.01544
242.69513
-410.50867
278.08997
-423.51672
-152.45204
467.35703
-459.69516
214.87703
-3.0667222
47.711376
394.50067
207.36852
-15.207464
772.31256
444.56757
125.61902
-348.83118
-443.6466
128.30258
-549.7506
-252.46056
542.42993
122.981155
306.25223
340.07895
-343.8331
-265.96744
-249.57634
175.97762
468.8682
-396.99173
-191.36967
-232.27603
-307.67294
378.73923
-230.11226
-613.05457
151.95056
-56.791954
427.76154
-213.46213
-67.24106
-131.28554
-64.68535
0.6975436
295.47
112.588455
-146.36156
-70.195656
-16.267086
49.673016
-374.42862
172.87228
-109.34691
-202.69746
69.035645
582.4348
108.7034
9.041798
-36.956146
-109.99453
73.41385
-144.21324
22.093994
123.36461
-34.88568
374.7799
66.07253
148.54678
198.48503
399.04688
341.92517
-286.7573
-222.43185
31.844858
-44.687016
-371.56158
-541.56824
140.42126
402.33295
-29.341337
-51.216484
522.8254
-90.07094
-155.63382
-89.898674
641.2563
447.9139
-432.2126
-3.2957978
100.1931
-861.8125
138.71085
51.2972
188.71698
254.38756
-50.780952
-65.69964
239.56049
-352.56815
627.9272
-623.6228
19.318445
689.3525
67.5485
-836.5187
-75.11551
3.7180614
296.42822
-242.52719
352.04404
-233.50711
-149.18867
-19.796307
164.77126
103.669975
-781.81885
-151.99796
160.28088
-127.429665
51.523098
-10.709658
-328.6503
409.88687
316.0542
-28.631857
-65.37731
424.39185
-308.80667
17.169712
49.597282
28.78101
-286.34033
-25.115683
-151.80605
-198.96916
-298.73633
377.1833
-231.76721
59.259373
-71.68616
105.64455
-40.67308
-752.3266
73.69784
-55.54473
301.6093
178.642
7.068129
281.9622
-284.02722
-459.70493
-174.47581
300.48428
117.99424
-77.955154
310.2228
115.969864
-492.49304
-342.30612
-160.94325
287.30957
-594.67114
-206.19702
-256.7186
272.14532
294.589
-174.14685
-275.00604
69.98341
12.728179
360.7536
-0.0031599998
133.2758
-76.96096
-6.5634604
-246.27542
133.14499
210.5731
-369.41962
-345.99954
41.44733
-76.27491
53.331326
-289.16904
412.32202
577.73315
-20.72384
90.59732
188.55157
-212.56117
110.00843
-21.460115
-245.90617
462.40106
-431.03165
-464.81842
207.87088
68.83547
510.00815
-60.18019
-194.87486
-44.875553
-29.20817
192.91478
-24.832464
321.2864
-585.66656
346.24878
-204.07556
157.97643
-8.089781
-349.91013
39.047985
72.00631
-1064.9895
-571.02704
-313.26892
54.595695
30.088259
-157.37918
-126.32326
323.16663
-1061.9934
374.47873
-253.9274
620.96313
-187.09113
296.80777
-328.57642
-344.57446
-333.61798
325.33112
234.14127
-37.782097
-525.12787
-83.93762
-265.10675
129.78395
240.72017
430.0291
-309.63602
182.20929
559.3117
39.84692
336.69855
-99.59475
253.20757
-331.70615
-177.96931
234.55751
-394.08032
-47.684696
2.6304357
-278.0716
-468.68002
-40.016212
-203.65787
190.98137
-386.2214
252.82397
-69.613396
399.5747
170.61058
-474.77118
129.16925
515.7261
173.41139
-347.56537
-595.3475
-64.9437
-200.56337
-394.96423
106.75653
-29.052105
-428.34085
-26.680483
-469.39368
150.40205
66.40371
-71.19172
264.8537
292.3815
285.4772
-78.40704
16.324837
-44.901802
211.13979
-2.7795599
193.61382
794.81244
-286.70834
202.40141
-160.33485
209.31654
-43.489235
532.2586
-91.63434
-97.11702
-68.91257
-576.175
-366.8607
-69.89459
316.6947
169.90935
279.51138
783.64496
-270.95163
179.66385
358.2002
-11.601607
-149.37425
-25.272287
79.20305
70.40961
86.60533
137.919
16.211964
179.0846
-405.41754
170.28706
-404.98166
-57.846405
206.615
-157.32141
182.03738
-99.18004
244.49135
84.71492
136.33234
-102.01667
4.035844
-76.44056
-155.99461
52.325397
361.17163
-336.86096
194.89862
-563.43365
139.57625
12.858454
531.7945
-151.32217
276.353
-110.403244
4.8605995
234.62181
-88.22187
376.00427
-203.73892
764.98663
-185.18889
-57.940765
-288.28036
13.802876
161.2894
117.776955
-610.2435
-571.74054
-130.81816
671.48846
-287.6528
-447.05215
-463.18338
-230.27066
176.03812
311.0182
-323.85535
-421.66586
318.7941
557.33295
-261.08798
407.52856
6.15253
230.36856
-304.50677
148.91975
-576.9545
17.055151
0.6813848
-245.86261
500.10962
222.8436
-323.75803
79.29799
26.82118
152.69934
323.8942
-106.26009
-111.56646
-454.01343
-100.71731
-548.4293
292.19638
-169.42238
-216.90446
366.0743
-330.98474
15.679686
-207.88487
-619.6106
274.9532
-44.09448
1.2554101
253.82855
14.074769
-143.48566
318.99335
212.3441
-263.3575
1.8039293
113.26923
343.81714
517.7452
-164.8636
-85.043655
1.722966
88.36194
-144.54637
-213.10168
339.50012
608.9339
101.37797
-228.83003
-113.41154
211.5791
92.1008
-322.14236
-506.02588
277.6357
366.78516
-215.64223
630.53876
139.24448
-499.50812
589.26227
-110.456665
-110.27765
-77.30114
-524.9218
340.12384
-301.48605
309.86642
187.1367
-329.72195
-234.69998
-374.0726
-462.02182
88.75393
59.740513
152.55878
108.89825
-285.7477
-137.94264
-667.0309
375.2679
403.05252
2.407763
12.101405
536.48285
12.103058
200.43259
207.03159
23.972363
-146.73297
499.3581
-395.23978
636.568
-4.7414436
-214.01268
-135.31021
102.21905
424.85257
216.34918
207.97662
213.96404
-91.14516
-129.37862
149.09908
-228.26163
-2.003578
-251.46901
182.60101
413.28506
141.81519
675.0091
-341.54318
-152.98831
102.712036
-101.34335
-47.70944
35.77244
369.79263
-563.261
-1.4489654
-300.81335
314.10968
155.46228
-297.30875
-76.49642
-127.03047
66.86028
-45.298912
288.43677
-262.99515
399.76605
-177.92665
205.74696
-30.581228
-73.72357
349.23422
628.4419
654.5292
-348.39056
-122.836235
-181.89389
169.46501
331.52237
73.0528
30.680061
215.40097
-579.247
-150.27173
191.7963
3.767306
-235.13945
-108.144745
385.77914
205.5386
140.88324
-477.5649
313.03586
105.31546
154.03372
-389.21854
-273.15335
-467.01654
262.7382
-510.60367
180.92542
14.580001
