-177.59862
674.40894
-31.10387
284.92465
-58.06859
64.899376
123.72278
664.09393
332.18405
339.66046
381.8637
-1112.1068
-92.51163
-298.80548
-104.84806
-803.0465
-249.8677
385.9672
54.27372
504.1091
54.28614
-1025.7048
-242.38008
527.8993
-453.79776
-203.16678
-142.56989
-570.7376
-628.8619
56.9271
10.315481
-128.54538
-210.1838
1092.7266
475.38016
420.9177
333.05545
-82.65445
67.93967
-345.95142
-534.5282
-464.35748
-148.27917
-281.5417
224.6033
341.00967
334.92422
-72.92763
-251.49782
273.23398
-466.74844
287.77414
-263.71503
119.710686
387.1625
96.88511
1023.21643
-621.81366
-889.573
90.62909
-232.6657
36.495407
472.24487
-318.91376
197.88985
322.23917
290.8811
-234.66577
836.1821
200.26205
-175.68716
347.21356
225.08266
238.25684
-70.34862
-236.18166
-356.724
-121.250496
186.80127
334.9942
-130.9515
-447.48624
-585.6971
-234.48524
-890.18256
1102.9066
-658.5639
875.6257
1020.74756
166.87326
-245.49667
441.19995
820.5035
-1029.4066
-526.37036
701.0794
330.10345
339.43073
418.25958
-116.11648
-506.10284
-636.19946
-423.8363
-4.876298
-801.618
215.43163
1276.1238
592.4936
-203.22147
36.807922
-542.0319
107.16917
176.7331
-94.781395
440.49387
-12.4389305
66.44811
369.14108
363.73248
-1236.7882
1198.2273
418.2206
451.35748
-374.31595
-166.55362
324.45142
-686.078
-788.3474
525.03503
-211.38629
-378.9289
294.28323
-694.64294
-318.80286
-708.8623
316.70932
-274.82877
-79.48626
18.286463
-145.39491
-191.60564
-21.02522
-1017.19904
-816.7888
-379.09317
666.62024
711.3852
710.9019
160.96263
-327.7463
477.86356
818.8669
64.320854
-503.00198
-53.937607
-14.699791
-580.3394
-465.6136
-1273.7698
331.25488
351.25797
-822.9757
211.84084
126.98079
97.34028
615.5523
-738.8065
475.92377
312.89108
-803.64246
-313.626
206.85344
172.3295
450.05597
-157.38509
200.66539
327.29605
820.2998
574.183
-932.4808
22.32501
13.853129
-115.230774
96.24801
-212.34021
-492.3221
636.043
-289.9989
-692.23486
1186.3107
357.30194
-512.53625
-30.091993
853.46136
319.13434
-447.64233
187.6784
-128.32707
-121.43243
-282.9474
-491.4622
935.0758
424.59854
207.93202
24.783634
140.58388
-115.667534
-217.65665
-938.1449
-428.525
597.08453
52.536186
-571.4211
-501.60684
420.29977
1155.9165
-390.13345
927.326
-125.57693
-572.25183
161.26416
381.5603
793.80707
-1134.7882
-415.2179
223.4012
-675.3894
181.53859
98.73902
-909.3867
52.322536
571.4472
181.86548
-533.8082
387.2661
-216.50311
-122.59623
343.9074
-612.72644
-137.80916
-496.64734
493.16876
-101.9017
-120.14396
850.83417
-340.18497
-555.17017
500.21204
-1108.1993
-4.5030603
-819.5026
1080.7733
-377.11966
433.8884
437.1242
-24.202093
244.96584
102.03086
-435.77994
629.6291
-171.24048
-507.9135
-624.3976
-363.19882
29.238165
-903.895
-474.95505
-289.22763
-103.147255
-252.17639
-151.63678
-1343.3154
441.12943
2.3665872
-98.66728
-347.06555
-297.7134
414.64087
939.54193
160.06992
225.04832
70.6905
-231.41518
544.3668
542.39844
-354.96985
-879.1646
-520.4115
151.3644
6.293587
368.40262
-300.24295
669.07904
554.04004
-284.48087
467.75873
462.41672
-537.8109
103.92943
-635.7868
-168.26227
233.49792
-770.524
-803.525
6.119093
-27.733065
450.3139
-70.75265
-66.54074
-30.771639
-113.03535
-194.32605
-53.4339
-17.543629
-752.30133
9.762007
36.40973
-492.19073
-697.65155
-377.7841
-42.408142
93.477745
-1222.9241
183.94553
-255.43828
914.92834
629.62885
-23.300112
-535.2276
487.96805
-1175.636
21.563396
-148.48828
1032.7397
-637.4707
448.23325
816.8726
-40.60369
204.02235
1149.0513
85.09847
134.35472
-1067.6907
294.90952
-644.2282
201.93712
-265.79422
1088.5361
78.265175
812.0642
340.76544
233.79016
289.02744
-211.53583
149.76883
-87.52798
-104.1861
165.50948
-463.7793
-259.7063
-44.787315
-46.24216
145.80658
-396.93723
-1200.0875
310.80026
-755.65375
377.425
161.84418
847.9773
103.346725
-210.98895
384.66443
78.4695
1071.2515
-441.25494
-369.61478
406.90463
-181.47702
-1024.023
12.43167
-442.98856
-536.85516
-323.99155
-948.0719
217.86504
-285.6623
-485.7037
344.1186
912.3456
-113.39551
37.10086
-326.6944
198.18494
15.800664
128.0676
105.82556
691.2879
-710.3235
700.55615
577.4017
-578.55316
659.22974
973.9046
-605.45435
248.89868
-613.68335
-315.82495
-1371.2001
943.4386
-32.372505
-19.777029
520.3535
384.85663
-85.5654
-248.81023
119.54116
180.24838
-681.9329
-551.3906
-63.024
-56.913597
645.6088
95.67808
119.841255
196.85727
-305.97675
-155.56537
-740.3838
-440.10175
771.63477
-571.191
46.862144
-842.91547
450.3923
52.13519
-157.1912
83.09983
-274.92383
-215.37453
32.50109
67.93587
763.84937
-327.00494
-25.482681
-551.7107
-215.99683
-139.69278
577.05725
-210.49785
141.88452
507.8196
-245.54005
409.3437
324.15024
419.15338
-457.3367
541.7459
-283.59836
-404.0696
-7.596671
345.58575
-43.722107
836.0693
53.62174
-425.82422
-1100.7411
955.2118
235.91045
299.13553
-554.41174
-378.0896
216.6772
180.51237
513.39233
-660.14404
314.93036
1111.8572
-541.991
-233.55258
338.7793
186.3828
-850.6901
-208.46701
118.402306
-833.80304
-555.47833
635.14276
963.92114
81.91653
-206.35518
854.2782
-4.2988815
-508.47653
-120.72847
-640.73206
-234.06206
-171.63052
526.87463
135.7296
389.43585
-342.40787
-830.0387
335.50937
-115.03162
113.03532
-375.19525
-126.78961
-458.15292
28.964487
-315.07883
207.77628
23.982029
-995.22797
264.3953
-380.46167
129.18694
175.74261
438.64886
459.47067
853.2708
359.21204
-292.74164
-102.78135
726.8447
-241.69844
-372.20667
506.97574
787.53625
225.4016
-727.08044
-259.097
1200.0912
431.3792
-32.81546
-47.185143
12.970753
715.10114
-625.35736
802.9546
-69.66846
-225.57188
-335.5981
-353.76868
6.7432985
657.8752
-90.157166
-364.08533
-722.85095
277.1031
412.7552
678.97473
-117.14251
81.69476
-834.50226
153.47963
-140.16368
-170.63934
-299.62585
-309.13025
683.6529
-1410.7784
766.821
716.75665
-314.89307
37.636295
422.47488
-212.01573
421.24222
-202.7682
-249.89062
-77.36851
633.47485
493.696
383.83722
446.14804
-179.80582
423.61288
39.06447
733.0193
510.07907
-389.89832
1410.311
-25.180807
-1208.904
-93.04519
-836.9246
-612.4135
-1260.9114
412.68344
-360.67947
-70.05271
490.30862
-88.85787
-1013.4298
508.26334
-384.80792
-955.9211
-67.28392
456.08887
-471.2679
48.21665
-55.597454
1127.2697
-1055.5337
151.16934
441.12152
-150.64517
-191.93307
-410.06277
550.2505
243.50752
945.0678
33.597538
-157.2724
-138.95654
-28.627106
410.3315
1141.2427
1177.7957
-336.80087
-617.72626
-11.920914
-167.06143
-837.68195
140.28857
-618.35547
1028.2156
-181.35085
-717.10675
-34.2792
-450.1064
-316.12283
491.79767
716.34985
-372.68436
60.786537
-412.3461
717.1445
128.02658
-163.3921
-15.292339
-674.4901
-173.58391
446.1041
-1248.6548
374.53656
297.58
