-223.86679
443.49332
98.6171
152.27815
-48.27344
-133.2271
-23.700056
614.11536
352.8271
261.45123
333.0888
-1065.9979
-125.87116
-364.02206
-105.334885
-639.20056
-260.35934
474.17596
-32.78482
636.48663
83.17174
-1117.2377
-387.13004
498.03766
-591.824
-139.1622
-208.64572
-574.3738
-544.86505
113.51415
-76.22557
-152.81406
-253.62779
1130.3372
464.90723
247.52872
386.9906
-113.99913
-83.14681
-656.1037
-509.66196
-439.48822
-45.733692
-488.2036
182.79208
201.35242
255.90047
-117.6707
-89.18571
26.445435
-492.146
287.73013
-390.75742
281.95654
292.51877
90.14034
1327.7576
-605.4369
-937.9005
130.10187
-455.68277
-65.83854
595.08563
-139.45169
104.746254
519.0626
258.26904
-326.17224
901.4369
354.5134
-183.43645
223.22577
198.22493
270.2398
-22.53967
-181.985
-259.5547
-17.461702
348.17426
329.66763
-202.0872
-333.13962
-411.84637
-103.51873
-882.2316
1164.7058
-520.96735
763.5962
901.3047
134.91438
-129.3258
376.9494
755.5238
-966.78
-648.289
709.3193
352.55136
355.41068
419.44482
-155.80722
-458.6059
-675.33124
-397.51196
-98.88321
-741.07935
13.197232
1135.0061
601.9651
-167.23067
23.529509
-533.5602
71.697395
299.93454
-136.07605
239.82997
-24.106962
-53.639275
325.13104
265.384
-1146.378
1295.1708
371.94934
427.25064
-397.8703
-149.50684
271.478
-594.19116
-794.7774
515.54224
-261.02414
-196.58655
272.53494
-739.9907
-147.67549
-598.91504
407.59064
-43.219254
-74.62452
180.08969
-367.3371
-89.49981
-53.94797
-838.4332
-839.27167
-262.5141
489.76886
727.81006
647.8686
201.21204
-500.20013
416.24457
857.60767
27.409882
-491.34308
-81.59374
-36.464344
-534.31445
-432.18195
-1269.1135
312.20612
324.08273
-855.14966
171.28236
167.63914
13.38262
560.94666
-423.99417
386.1867
155.41652
-645.09186
-407.0196
350.09824
183.82799
566.8599
-248.46043
55.236336
397.46994
589.67163
446.92734
-787.1882
-9.117787
102.28056
-184.00409
-171.73477
-229.3883
-353.78125
653.4878
-412.39197
-461.3917
1101.5752
339.61786
-597.8747
-88.470955
1033.9045
404.20108
-286.38635
214.5532
49.774857
-168.20879
-43.923927
-338.89517
996.0091
451.19223
184.87703
-181.09427
258.81128
-182.76656
-301.85797
-920.112
-336.57578
507.35782
59.434708
-415.16034
-407.20596
286.24203
1019.4109
-497.40884
949.0177
-323.87164
-293.07184
6.054333
400.39456
776.15326
-1067.051
-390.53134
287.93515
-548.4406
162.83795
193.87317
-772.1421
158.64297
461.97498
129.63914
-640.6511
406.14917
-295.34393
8.317476
193.00948
-488.24524
-254.45505
-518.59674
451.3771
-92.28655
-223.14812
760.8969
-307.21475
-358.44244
325.7711
-1079.9525
122.85608
-761.68524
930.0217
-309.18295
346.88925
461.2111
0.54056764
86.88313
-46.977104
-453.31924
433.48618
-49.760956
-639.0942
-451.78937
-227.36539
135.54831
-732.82153
-286.59924
-298.96558
-131.98004
-279.01794
-130.02849
-1200.4318
443.96036
116.29205
-101.85573
-254.51802
-336.26794
360.20398
779.3098
129.20775
284.12698
-3.6769204
-241.2775
352.7806
492.5428
-297.51254
-902.1751
-520.4916
-63.442963
77.388916
344.18335
-433.50504
667.0801
548.4398
-50.248596
456.81256
458.86096
-541.1459
153.2147
-464.38922
-110.89152
410.7809
-668.3778
-687.9754
172.06078
140.0078
425.41034
-172.45135
-60.25406
-173.77084
-186.2779
100.15143
-167.13779
85.037766
-900.5062
168.31284
147.52429
-325.20142
-771.9076
-156.47421
120.76477
148.41829
-1029.1503
255.41301
-254.37146
951.6173
518.1953
-136.05171
-364.0007
772.428
-1069.2769
119.29271
-218.1523
1069.1436
-671.5452
572.4339
938.8824
-138.17085
125.07888
1136.6444
14.213917
174.5497
-866.8146
185.62112
-629.65894
155.47829
-376.27423
878.4038
62.261925
687.4363
522.6095
152.01192
225.51657
-1.0051512
128.06592
-194.71982
-143.60321
29.846106
-543.39465
-297.34604
-198.08554
-113.43457
164.31804
-245.86041
-1260.0153
322.2724
-758.4421
360.0183
59.07125
758.1755
219.31696
-288.75693
441.70346
434.68063
994.8491
-434.30838
-428.29562
254.03885
-333.4895
-874.06824
0.852785
-215.4437
-697.3629
-312.5431
-906.6319
229.71371
-255.79948
-520.653
310.0173
727.89417
-114.33995
-40.82928
-390.65167
301.1443
-10.38735
-48.847786
93.142555
862.7189
-524.96027
627.7936
751.1865
-605.42316
713.06494
1115.8616
-598.379
296.28992
-739.54474
-301.3481
-1289.4814
874.6845
-43.39528
137.64406
400.4168
461.45975
-52.978954
-350.72333
-60.72944
201.53455
-590.21
-561.9608
119.01921
101.19389
676.9211
-48.043617
357.634
104.437744
-376.543
-183.95775
-857.0651
-503.53052
787.137
-508.35306
69.38972
-736.80725
471.50647
-66.506096
-190.36961
-26.65722
-439.06235
-252.76529
-34.88646
9.693918
766.0349
-112.11826
-9.487256
-559.51117
-136.48692
-41.776924
625.61
-208.49297
256.01083
549.0003
-232.6362
364.84302
386.1352
361.97473
-411.53677
662.05786
-443.98468
-428.83456
-124.78568
275.81024
313.52087
780.1843
-141.30339
-392.2953
-1053.182
769.94806
224.68965
173.8983
-518.1168
-420.3677
135.3882
370.36862
421.54706
-490.38675
235.72493
1125.3364
-451.41788
-160.2338
420.70068
181.20631
-725.1786
-31.459675
27.839233
-720.9337
-517.18756
497.7378
962.26385
190.55008
-109.54409
980.10736
-11.913312
-402.78113
-75.48945
-635.89514
-112.46814
-25.885025
647.8811
138.9447
392.7817
-396.83636
-874.083
186.95918
-85.231094
180.94658
-270.6902
-56.612457
-293.745
90.677055
-276.95435
317.86536
-66.53772
-896.71985
122.73363
-227.00487
374.22815
308.17102
370.16925
576.6615
855.2213
347.13693
-278.1139
144.68605
755.38446
-151.77737
-131.60751
447.12726
962.58466
31.216305
-713.12634
-212.77863
1206.5712
573.9381
-106.27694
-33.474117
28.929373
721.17896
-707.26434
576.484
-208.05658
-351.52676
-450.13177
-398.07135
45.7209
533.85376
-11.454493
-221.66086
-672.90625
274.61777
414.29855
524.01404
10.346645
17.195057
-870.2031
43.186516
-95.14056
-363.2035
-332.9922
-314.4349
650.1825
-1368.4448
813.41406
634.92426
-263.0867
26.958307
445.36957
-196.37927
596.49854
26.700634
-295.38135
0.5781288
780.23816
656.3026
537.3355
381.95633
-316.9547
310.2
107.943565
802.45984
498.4784
-488.45465
1218.554
20.372213
-928.38403
-3.3795083
-700.80206
-469.13168
-1230.1646
517.2215
-375.14133
24.627884
641.4859
-97.50988
-1037.6083
489.61057
-284.59894
-769.6091
78.17398
510.12515
-349.63025
-28.64078
29.273167
950.20715
-944.76935
151.4299
469.0683
-211.35715
-150.54459
-334.896
328.86438
357.03683
895.2686
149.46083
-137.32896
-66.26804
-67.70543
336.45282
1123.0073
1173.0239
-372.0126
-441.74667
-36.367527
89.42236
-738.4538
49.380833
-700.88605
870.06915
-273.307
-556.03705
98.29563
-340.4676
-470.88586
669.3055
668.392
-432.19275
220.40115
-512.7749
759.6679
207.5506
4.178152
109.28209
-780.4184
-82.82108
336.27606
-1253.7286
406.4393
344.03174
