291.10498
1031.8082
62.882042
563.76526
1077.3627
1001.3271
-399.71893
775.9603
101.051056
-69.76995
-114.408195
-1514.7588
-393.16415
-812.75916
-193.59683
-1117.9441
-141.21127
813.561
-69.41982
1288.6696
-52.29547
-1700.5564
-314.76624
224.76082
-435.60083
-660.61395
-409.1516
559.4616
-299.6266
600.9751
55.364258
-353.20172
-17.585375
1388.1278
649.0688
487.42758
193.80219
-383.04556
-37.977955
-253.82953
-721.12427
-824.64813
-305.551
941.1952
168.45795
-496.87418
253.09471
-796.124
-1117.0712
293.73166
-24.284771
748.6716
-62.036972
-538.8425
1285.6318
420.42627
1842.1317
-850.2785
192.7732
233.46173
-180.58453
180.49525
650.8363
-377.5185
-442.62167
256.15427
-703.5777
139.76901
1890.6885
-272.63547
-523.2416
568.4812
-20.013912
-89.84217
110.18989
-1784.3608
-562.6718
-1117.2513
-49.516956
307.05072
-114.4696
-777.6489
-822.2666
-1044.8658
-585.5932
1495.4136
-830.40906
1069.157
1271.3281
629.75244
-711.6247
533.37805
1064.4551
-402.181
274.99243
-240.42245
877.52295
1310.5435
873.94995
167.878
-825.5364
-492.7016
-1191.363
-774.83813
-1465.572
-81.141045
197.63315
963.7963
26.630909
-817.1798
-849.47516
300.40195
411.44205
28.956684
1270.9246
86.842354
-193.56065
718.6049
-231.0881
-1517.0891
532.80316
491.81445
187.10786
-0.08724007
384.67932
531.27686
-345.6733
-594.30646
785.7551
-199.21666
-153.2617
183.03964
-591.7092
-931.0808
-71.658615
-199.00293
-533.4495
439.19913
328.39337
33.466785
-436.99606
317.59348
-1810.5936
-1374.1914
-570.1007
1098.5365
205.78981
1217.8663
-50.113205
-517.5324
622.8326
863.9681
-31.370396
-562.50323
385.83975
-289.4898
-383.2492
161.91705
-2474.427
668.6004
983.3704
-1106.6604
24.949238
-488.7136
1633.8843
483.70883
-662.80994
40.111885
198.40338
-1274.9899
-682.74603
218.96255
-113.320206
726.3494
383.5234
447.09192
6.926363
970.81683
624.4116
-1092.6195
75.17056
434.89008
136.17374
-520.00494
-330.9663
-691.6883
1212.8956
-315.1122
-1153.8796
1004.7809
55.421608
-1421.0731
274.8595
1481.8126
610.6401
-576.13513
738.51025
-587.8485
463.57172
17.137037
-151.12614
1146.4487
248.74832
654.3712
-439.22687
140.11272
330.77225
-606.19904
-1792.192
-810.3855
-14.845248
-519.7054
-930.72345
-1115.4343
999.7945
1948.8644
-500.2112
1395.9884
-61.461617
-186.0256
-89.25457
181.94011
209.0999
-613.41473
-653.9658
1097.7118
-284.60016
240.55188
1060.599
-336.0053
-222.76213
896.74146
-154.13597
221.182
735.162
-1056.1359
-917.18353
985.2978
-1260.2303
-298.50656
253.54684
314.9286
1059.2261
-296.65665
994.10223
30.370213
-400.6116
-508.2812
-1201.4746
-228.49564
-841.29266
1318.8678
729.22485
1226.636
159.63217
428.24548
959.45874
-352.8224
-727.6422
1051.7491
291.26584
-548.294
274.28915
338.37167
-667.26416
-747.0785
-309.35822
-25.777437
-304.91382
-953.49664
-30.726543
-723.3616
345.10684
-1121.9482
431.666
-601.30927
-464.92535
579.3807
1224.9966
901.0167
-2.0949059
-21.18397
480.1188
847.71643
1577.7532
-503.89444
-1079.4944
-911.2326
668.1018
-9.353396
691.4428
-125.97491
17.610237
594.4878
-764.9331
-279.8806
68.71664
-1067.4354
315.15082
-548.6253
-325.25256
-299.38043
-65.821884
-1068.7709
-490.5516
-367.89206
466.0535
-548.1105
-777.83844
-260.36023
-862.8711
-979.5745
-318.379
239.39062
-933.8852
522.55457
-862.59564
-1006.66486
-777.6531
386.0998
-492.11993
265.6301
-385.65582
-331.94998
-222.38254
1057.3193
838.8269
-812.3962
-19.13907
-391.93997
-406.61987
11.815001
48.916733
641.38055
-843.3461
784.76154
1019.05725
-456.78876
548.6786
786.2011
328.094
109.78095
-976.469
198.00452
-651.6263
683.80347
35.960777
1471.8198
304.37296
1142.5958
-346.59857
591.6974
258.53745
46.064938
162.49556
-833.32074
356.5066
223.7542
-680.3064
30.353
815.0154
-286.82162
252.99391
-847.2226
-939.2906
373.09616
-743.444
-206.13892
-152.71547
1282.7769
385.10654
-817.13043
-130.98033
232.68997
747.80865
-462.5654
901.06256
1246.6937
245.8721
-979.35126
-69.9796
-667.01764
-735.52655
344.76477
-1108.2866
325.19403
-97.514206
-1175.1335
645.61597
419.73178
-342.9759
-710.5845
-528.96545
396.69824
439.46805
69.47306
295.74765
324.5126
-940.2408
234.72697
831.3921
-1181.2013
384.86523
899.9899
-257.10034
-251.35251
-459.38947
-345.79984
-2627.7664
1185.418
845.95886
-145.55911
700.6337
379.24176
805.4088
-1124.6074
-579.5536
189.77322
247.852
-702.4132
424.6611
690.6198
807.99255
322.28055
890.42664
84.10527
139.69693
-249.64336
-974.34015
-538.20807
1028.3674
-535.6524
40.044277
-384.56503
134.53574
479.92816
-577.661
11.931269
-698.59375
350.54773
-411.6926
801.299
333.07822
-182.86757
221.93956
-586.2812
-1372.4691
-49.157486
325.42728
-316.6106
-662.94617
1019.61304
134.9857
159.37663
1033.6492
18.926365
-534.56586
623.65186
-15.7202635
-11.779495
190.6685
-24.99984
233.35901
354.7774
801.3646
179.19727
-1860.7603
659.50183
-325.17432
522.0262
-460.87604
97.764015
194.18275
110.42377
1267.4834
-1071.3035
442.0494
1298.1614
-880.83655
-1068.0287
940.16187
889.6499
-1085.5692
-340.4361
-58.148975
-1105.2003
-953.02057
1190.0475
1871.9033
867.8528
-4.19001
959.7124
165.28815
506.36694
555.91943
706.9908
349.40128
-324.72217
466.78394
504.93002
127.1853
-834.60376
-938.1459
376.62897
-624.1653
181.10829
218.07108
-106.585335
-1203.5319
860.49634
-527.1281
-413.6724
-99.64321
-1158.289
847.5324
-397.6525
578.66473
-224.46255
885.9171
463.29974
840.615
195.54492
-901.53644
-274.83
242.70076
-794.67847
28.589388
1112.2275
1426.4685
726.7416
-953.95667
607.47876
1572.855
398.3966
250.66872
-212.95525
643.54706
478.67538
-481.09415
1210.0319
-105.09185
-887.5281
295.5487
-884.403
582.9841
1391.5345
-450.645
-457.40936
-963.0621
288.5393
475.96692
378.678
-16.411968
-112.36547
-1139.2422
-354.48196
339.67627
693.2911
-480.42493
-338.3566
1221.2758
-1250.3073
940.50024
1108.9518
-626.2488
604.0789
465.0669
-915.2025
470.66495
-246.47324
0.9395305
1498.6848
542.7518
532.2686
93.12103
124.97435
780.314
-334.24588
-286.73364
697.4235
491.19162
-240.15279
1211.9271
-164.35475
-1552.9817
-659.74493
-1528.7576
-802.4696
-2094.525
475.80197
407.1295
207.80577
186.65549
-73.25919
-619.2467
1189.1948
-685.55115
-1750.8774
-100.787224
51.036083
295.976
-272.64105
-813.6756
916.2635
-559.2936
125.880844
982.5644
-1185.8724
-694.7491
-565.2041
956.10706
154.86949
752.6896
93.44151
-220.27908
-285.24954
109.474014
458.89694
1071.2792
1155.0328
-24.910946
-372.84253
506.06464
-245.04166
-1290.5585
824.6622
-818.27386
616.6678
208.83737
-1325.8667
-1249.4822
-1393.0225
-287.56183
651.58386
1083.2493
-524.9004
196.88568
-737.1968
1067.2979
262.68417
-322.13565
138.55972
-780.3422
546.62805
769.53534
-1704.4568
519.01373
-81.02859
