443.65143
1205.4043
100.000694
832.5961
1274.729
1071.6198
-493.4152
446.14365
192.57768
-105.84268
-109.507614
-1816.6285
-794.9551
-841.95074
-346.3752
-972.74274
-1.3960594
936.5457
130.42415
1459.3833
-93.55758
-1507.5665
-360.44278
-95.42111
-561.6285
-461.75916
-616.1023
316.4035
-349.4632
688.8072
83.76946
-319.30835
369.68692
1835.7842
687.6185
600.85913
160.02402
-343.14447
10.289114
-202.71394
-783.9084
-704.799
-617.4926
797.18494
218.1599
-244.26752
268.25253
-873.9258
-1051.0305
312.081
-46.978516
371.95963
-108.204765
-791.73456
1065.3901
249.60007
1946.7922
-629.8632
431.87097
179.29237
145.55544
-22.409504
674.0961
-376.06778
-270.6422
113.751076
-386.31885
228.63522
1793.349
-296.1833
-478.32346
751.94244
-18.700518
-326.95874
260.11707
-1720.4177
-517.3259
-1480.9421
-44.801823
534.2244
-158.0563
-452.444
-639.6407
-1069.3906
-366.28198
1611.4468
-1103.8204
910.35675
1338.9327
613.0343
-863.5393
420.21783
725.603
-249.40132
233.89052
-345.69495
881.1143
1344.2788
806.3063
182.53116
-972.3738
-370.82224
-1210.9028
-584.97327
-1592.2571
-260.1854
216.92006
845.43195
-19.975515
-879.2913
-575.0053
576.2785
463.56476
-55.050373
1459.663
5.29233
-220.25487
610.88885
-63.25913
-1459.5364
605.16144
463.87653
45.04973
47.37758
441.49048
742.2723
-440.96982
-604.81024
954.81445
-146.27211
-363.0583
11.7992
-353.66495
-1044.356
-63.62847
-446.8902
-257.43796
435.6239
440.5632
110.211525
-656.6257
201.0873
-1815.5164
-1359.2908
-876.6146
1380.3339
393.04202
1481.9099
96.07619
-385.9298
391.14435
818.8619
155.7616
-524.5087
345.97308
-125.156555
-519.2573
29.337763
-2167.985
448.67133
661.54926
-1291.1146
-202.87962
-314.95633
1853.6683
498.4081
-645.3843
-4.675019
483.44144
-1078.637
-542.3541
21.072592
-48.628998
653.974
428.849
554.70294
-155.7427
670.82446
523.87164
-884.2358
174.17627
385.0426
77.001785
-325.74347
-351.41458
-605.5742
1235.3613
-220.30623
-1182.5835
769.1834
-312.73975
-897.02576
426.35214
1482.3888
659.276
-668.40375
919.12494
-495.8446
597.8571
29.14374
-504.5314
964.0525
209.72336
766.96857
-360.8433
313.2222
264.35257
-594.1344
-1854.3239
-612.51794
18.297554
-474.00568
-970.14
-1109.9142
878.9214
2004.6747
-497.4017
1678.3215
-273.30927
-352.83838
-56.594803
98.30389
121.15685
-939.9403
-514.31885
952.6452
68.19366
549.29675
1123.864
-236.74718
-458.34167
1048.6825
-56.286495
359.3339
635.08014
-938.3849
-1188.6477
938.3176
-986.26636
-352.42792
438.86777
482.22214
1080.7855
-253.54367
866.6599
93.30748
-394.16635
-395.07367
-1143.1384
-435.52695
-907.4771
1418.9583
560.46027
1339.1696
278.6598
290.46487
799.20544
-153.63663
-856.44916
998.2128
462.47693
-382.48248
460.65668
475.95343
-812.36334
-695.1271
-542.5671
29.189362
-227.5302
-1062.3586
-10.455515
-816.6941
271.85678
-1233.4142
514.0192
-381.7305
-430.3545
684.995
1277.7567
886.22705
65.065895
-63.017155
513.1743
899.9478
1703.6686
-452.2069
-1153.5397
-897.42926
837.80725
-20.536026
699.26917
-95.52081
-354.2373
633.797
-804.73846
-240.87227
1.4509585
-818.4859
-1.6167599
-799.613
-297.62598
-429.60178
-154.71007
-777.35144
-633.50977
-364.4636
484.3607
-787.657
-962.4709
128.11134
-910.1158
-1054.9071
-209.94328
1.45343
-866.8918
661.1257
-879.2572
-973.3196
-688.9789
408.51605
-647.5848
-54.404408
-598.28894
-348.9259
1.7921805
895.6273
922.97766
-1107.5338
262.38666
-224.41656
-244.27345
93.052345
-124.45172
384.17444
-972.9953
686.4713
991.44275
-352.39963
578.23706
861.409
111.05325
-6.6442976
-894.3528
-115.09346
-401.22833
924.7799
276.7855
1609.2789
379.26636
886.52826
-287.193
482.2815
234.87773
240.95486
261.57404
-655.539
503.05893
25.811028
-562.839
30.324837
807.80023
-138.48877
259.48917
-842.44293
-862.65485
507.47104
-605.1482
-130.29611
65.69113
1687.3744
517.3657
-887.4532
-139.02065
150.15213
543.4839
-510.5344
919.99524
1135.996
169.38843
-1177.9792
339.116
-642.15344
-693.4352
226.61113
-948.5395
83.08288
-287.6537
-999.2505
620.0085
415.76328
-362.12155
-641.6559
-950.7318
303.603
442.73004
400.88705
277.52982
763.0515
-711.39215
277.43146
981.28705
-1453.1053
249.99509
1145.5608
-384.17178
-342.1408
-706.74414
-309.16293
-2627.6978
1044.2701
1004.3635
-133.4987
1111.7012
194.96124
589.1351
-835.04724
-586.58545
186.12251
276.8623
-764.59564
652.6096
688.5858
623.94226
317.52426
796.3904
78.72319
316.83356
-237.74425
-881.1184
-590.6987
999.94885
-706.7731
210.2494
-309.551
-44.52072
654.4337
-291.96594
-42.521683
-919.23083
584.4505
-683.0549
1002.31244
344.65103
-55.919407
-54.7168
-575.0575
-1533.9626
148.52167
594.81116
-415.55853
-659.8236
1159.3159
255.27472
280.31854
811.9875
323.40265
-437.50592
377.55426
-154.3509
301.0805
72.890274
-47.365326
378.73264
403.12137
700.1299
187.54953
-2179.2173
878.00696
-137.70421
271.74774
-422.97888
109.95025
285.9929
-61.38253
1087.9149
-783.8057
322.6138
1354.0863
-906.3595
-965.21936
776.97064
832.014
-1112.9088
-347.33337
7.519974
-1035.3295
-714.13184
1344.5796
2052.1245
1090.1167
-102.99437
1102.9349
199.67612
123.07664
494.42426
603.2424
305.78262
-387.51562
297.45975
387.1875
203.12794
-1060.2633
-1205.6309
143.4754
-538.1124
218.3933
247.93298
-208.59782
-1237.2358
1142.2832
-599.2965
-816.775
-194.63258
-1036.803
1025.1472
-513.59973
507.39194
-361.3477
1115.0192
111.61875
774.9264
292.73856
-955.16766
-260.5686
92.61293
-647.0145
-2.4846485
1255.3173
1441.3126
956.2196
-1274.0323
386.23645
1830.782
618.8843
434.4052
-287.81192
680.7877
580.75793
-493.51443
1113.6948
21.492365
-789.3072
187.31589
-1103.5508
717.42053
1304.2388
-458.29886
-215.38231
-1262.1208
315.89447
772.96185
297.41364
-3.2899585
-409.5389
-1188.8835
-708.0426
366.25983
662.28107
-869.4781
-385.54855
1175.4076
-1507.3792
979.92065
1145.3606
-529.63666
597.2525
510.74335
-1133.079
514.3009
-221.81895
-440.59225
1553.6416
715.83435
298.51025
-17.330536
-111.84108
736.6258
-449.2499
-363.86353
988.76917
249.58769
-199.98856
1172.8359
-112.51029
-1496.0455
-484.86252
-1454.5674
-864.95496
-1887.7628
654.0702
496.13403
465.28595
-25.897482
-241.57698
-528.86444
1219.8195
-1054.5319
-1696.3684
-285.99393
95.29681
-3.6028814
-280.83316
-995.94324
841.2332
-844.2559
171.41107
752.5234
-786.2484
-368.2495
-384.02917
877.6299
406.04816
1014.5941
163.74007
-245.19818
-72.83098
-43.674484
621.49414
966.9145
1252.4291
-213.38913
-535.02496
416.54395
89.96872
-1153.5626
1124.5525
-617.12683
712.86285
-115.114845
-1132.6956
-1124.9548
-1572.266
-193.61974
552.62933
855.3804
-1084.3433
48.51747
-757.0967
1057.2122
226.42686
-541.14294
54.852425
-913.6735
487.74475
703.315
-1798.5405
388.98022
-108.12343
