-282.30597
1080.6603
-204.31914
336.05084
811.94116
601.6507
-149.33072
546.0805
117.78233
-307.48578
186.73483
-1281.5785
-202.65143
-624.9728
-346.95023
-1093.1711
-163.87357
1164.5436
-42.681328
1260.8938
-164.72859
-1630.0892
122.018234
196.83363
-342.56934
-625.5427
-220.45114
-188.22781
-636.8892
270.88962
-111.78708
-611.51373
-109.41651
1386.1104
927.24585
811.16003
294.53006
-83.30755
-384.75174
165.38191
-584.90985
-677.4009
-202.20595
294.7018
323.78146
-542.3418
117.14195
-723.1137
-601.75555
246.18317
-163.45834
469.35248
-261.49854
-181.9236
1178.5326
216.61357
1826.007
-673.0901
-19.196007
-3.9307313
-168.41998
4.5206656
227.42664
-102.1105
-481.29276
424.1578
-447.02057
-189.29326
1597.6146
-95.41323
-551.37823
316.68277
-187.63037
129.84879
258.19592
-1152.4967
-741.28754
-564.5925
74.47887
202.2849
220.21887
-742.8985
-765.0219
-978.2987
-507.88443
1028.2578
-1186.7352
1258.1427
1501.7474
666.36194
-519.5198
876.1001
1094.9469
-399.33548
255.22894
-165.73349
562.53143
984.0717
847.82684
326.90128
-902.62146
-431.55768
-1115.262
-753.7899
-1436.9685
-168.13272
497.677
1275.9984
-153.29755
-422.43213
-700.8253
223.33112
198.65433
197.73097
1064.2081
7.7176957
669.1089
248.08359
204.96507
-1032.3674
799.33307
145.1313
91.992935
-456.37378
462.5201
484.93405
-758.71063
-336.14722
833.59827
-338.19443
124.238655
394.33267
-996.1029
-286.33948
-53.575542
-69.887276
-337.7306
368.14188
518.9128
-301.7557
-279.19342
251.538
-1804.8447
-1268.861
-514.5109
1169.6288
-10.623589
847.02655
100.828026
-550.58246
746.6008
644.8555
-55.97669
-432.63696
368.37222
54.6735
-611.3692
406.2955
-2082.2466
485.36234
1225.4749
-1049.0146
-42.359764
-357.69028
1275.288
680.39795
-695.8213
348.3856
418.7042
-1234.882
-401.34702
185.23726
-210.3564
533.95374
621.6501
319.7275
165.93379
1176.4307
150.09015
-699.9106
-59.60596
503.96844
-314.47818
-326.33472
85.04596
-762.08295
1150.1456
-456.40784
-1048.9335
1301.1006
-38.46032
-1207.4783
405.10175
1505.3983
532.8793
-581.2441
617.568
-247.64594
76.84046
-257.98474
-175.4381
1664.5889
225.66328
677.72314
-433.93802
189.28433
129.93752
-392.83832
-1551.0936
-833.2176
259.85358
-339.9197
-875.30164
-769.5286
1112.0304
1941.348
-560.43445
1195.486
-271.82562
-34.981743
-250.15405
121.67089
487.08957
-963.6301
-720.17145
1110.1532
-274.1156
29.72293
908.6138
-231.14357
-478.26617
1040.5725
-556.52527
196.48347
442.11478
-838.0654
-695.0836
461.42682
-1110.9556
-328.94492
-253.54091
495.59805
978.33984
-588.0225
846.0714
-509.8957
-450.49094
-78.70001
-1220.0265
-4.5304117
-486.3936
1311.3217
272.24927
884.71295
329.48407
-39.769188
791.0818
-319.8559
-547.92163
622.6902
459.8569
-901.07336
-82.22081
445.29855
-947.3432
-805.43896
41.00435
-68.22563
-239.83344
-846.9641
-95.23166
-715.38525
171.97249
-917.5478
50.42828
-461.51892
-706.9531
446.61417
1101.51
544.6115
-25.17964
368.33008
773.2816
352.49323
1067.069
-520.41644
-1187.0502
-957.8297
751.82385
-77.665276
720.69116
184.67607
-41.08438
425.3815
-477.45676
-19.504185
247.01714
-518.1588
87.30615
-332.78015
6.879894
-193.89433
-230.94574
-1139.4447
-627.92413
-352.4537
528.1445
-371.30664
-683.7548
-110.38934
-478.00647
-907.1997
-129.201
100.655495
-714.6176
324.12808
-680.99255
-968.5007
-780.3523
160.06386
-531.64453
67.821434
-297.8132
290.07996
-10.179792
773.8671
822.85547
-797.92926
-122.98072
214.6816
-469.69214
239.01743
118.47482
646.68384
-805.4401
1133.5244
708.62775
-540.0024
759.452
832.80554
511.5061
23.333103
-1289.4421
175.91556
-1074.9558
329.67743
182.95047
1156.7559
323.66946
1043.8762
111.69563
774.9303
212.71516
-510.8477
87.055176
-462.31787
12.6861
-271.69095
-684.5421
-12.351399
532.84955
-354.76663
15.91216
-355.6318
-778.94617
-18.144218
-713.153
9.672951
-220.94669
891.52765
94.66145
-556.62366
587.29865
334.41037
944.8544
-845.75574
535.28625
1372.9653
81.70771
-1048.4559
121.852135
-530.5254
-377.71088
19.641363
-965.8145
426.77118
-218.2652
-983.5787
586.35657
494.79416
-138.34917
-576.3135
-603.5241
348.12534
453.86826
-176.15544
178.68939
388.14343
-1221.8702
573.46814
473.83035
-1158.3306
604.8072
438.91183
-125.179756
-23.39667
-653.3754
-362.32242
-2644.1184
1127.6405
673.53735
-336.27118
480.28403
411.37338
739.44653
-873.6843
-388.04852
55.816265
44.8493
-790.2423
411.74445
250.05789
470.47903
325.61676
1159.4086
-128.82484
-102.38311
-500.70468
-886.1056
-549.95056
1154.0309
-688.9905
41.497395
-606.0429
227.97021
755.0326
-933.66
34.548447
-570.6796
102.04569
-327.40417
828.3366
332.73343
-250.7774
-207.3092
-621.7682
-986.84564
-65.13472
467.61823
-373.0312
-496.5452
981.96906
-120.80165
223.52835
888.5992
-130.72215
-744.74805
340.73712
272.9105
-336.6102
677.5499
23.679436
44.194565
818.0825
689.081
46.729504
-1673.0089
678.7313
-272.2031
72.54087
-742.8995
28.604452
310.1014
130.27011
639.9236
-898.6005
543.5102
946.2599
-1055.1759
-743.4727
702.55804
833.5124
-834.1523
-145.31116
77.64768
-658.0664
-818.1605
742.3906
1535.9187
497.47855
-242.63808
651.5905
268.36652
69.43861
177.40302
116.39954
215.73381
-301.03717
333.99005
174.54924
529.21313
-724.03406
-1032.651
402.68802
-434.57587
-101.88106
-355.60907
-421.3807
-883.02783
346.92236
-880.577
-600.0951
-476.37558
-1186.3788
841.9595
-630.1868
453.7789
-12.305355
935.1811
361.3119
1086.3044
425.5789
-851.3392
-133.67674
134.92111
-879.0615
-589.48236
993.46796
1237.5754
213.81354
-951.4012
648.4104
1721.475
442.24487
-76.67581
66.84187
83.324005
441.501
-580.8375
1161.0903
-274.70203
-607.3831
320.0134
-581.10724
507.26697
1468.8202
-569.1371
-302.07053
-1116.7726
292.76382
453.88873
598.32684
290.51358
5.2804556
-1191.6226
-499.83414
42.144566
446.40012
-437.67703
-241.0705
1364.9249
-1163.1841
756.7221
557.5867
-921.99005
646.8683
319.8966
-828.46063
220.67363
-430.28458
-63.75889
1168.3486
496.05466
925.1625
-236.81471
493.28488
450.81702
-74.1275
-233.46373
648.78827
629.44946
-47.933567
976.87726
166.69429
-1589.7137
-794.173
-1430.0511
-778.93353
-2125.8027
545.12964
329.9486
380.6929
583.126
-284.84073
-686.89307
1086.3483
-674.9261
-1270.8667
91.49164
180.99297
178.01234
174.90741
-687.215
736.4574
-986.77765
-193.6988
972.12823
-1160.3303
-170.11757
-256.681
938.8352
103.11348
633.2866
229.41084
-476.8815
-266.57486
338.19946
500.65836
914.34094
961.39185
-57.089546
-426.97467
787.2331
-19.357862
-1290.5077
282.01953
-687.66534
648.1498
46.61054
-933.27136
-940.9946
-1210.4532
50.77689
1225.6368
957.7731
-422.35028
439.30023
-588.2313
959.41266
255.8032
-55.657326
-75.315445
-307.2705
80.44982
927.96783
-1735.5475
603.16437
269.51154
