181.65662
923.099
-60.12747
849.81226
905.2664
1227.4049
-803.56396
734.9379
11.146717
-204.67365
-451.75546
-1717.7327
-668.9033
-658.23254
-166.69228
-1028.2365
-665.4665
470.90344
-145.15944
1325.1558
-344.73917
-1452.6511
-582.8706
-235.591
-463.88574
-128.39703
-960.8931
87.61262
-827.7061
680.7646
392.03088
-376.04523
370.44495
1676.1115
1170.2539
1143.8846
-70.787445
-691.7811
67.60721
-128.31989
-1003.2718
-333.8461
-807.3846
620.668
332.8382
-639.138
-150.43155
-1058.0858
-867.95496
389.74002
225.1216
114.872086
19.050667
-1376.4476
835.74164
355.16757
2197.987
-383.3799
591.2118
130.35515
-162.70482
-283.8732
464.061
-588.5596
-298.93106
154.54024
-317.3195
160.01845
1741.5648
-15.828739
-578.49817
320.87585
-101.547516
-332.66083
246.51051
-1708.1548
-599.04224
-1536.1812
-119.51908
704.8872
180.46762
-658.64966
-962.67474
-1231.7346
-532.9739
2020.8967
-1437.087
833.48016
1237.4214
533.8579
-704.2006
38.36166
802.80133
209.80031
-247.72772
7.9952903
1155.3246
1224.547
839.95
-61.33748
-1081.184
416.57294
-834.2417
-431.82034
-714.3363
-41.540253
-27.577467
1116.6798
-200.0418
-455.1579
-1079.7643
946.9497
242.62132
-164.19078
1388.2087
-180.47653
-504.9375
929.20996
20.618986
-1733.4878
190.73532
783.3528
481.4569
-263.81357
288.76047
522.9387
-993.1276
-718.3691
767.5912
-526.9505
131.38899
60.754124
-611.91956
-820.8609
-77.29472
-721.0279
-643.3174
489.00494
141.2674
732.022
-300.18982
385.73434
-1959.6871
-1407.5616
-607.7209
1154.519
-55.824406
1399.7911
-89.24099
-333.53204
576.5733
1196.203
-85.747025
-120.944626
-122.75394
-290.63455
-326.43982
-59.860527
-2153.168
814.8117
786.35394
-1335.6688
-148.38467
-215.30717
1694.8573
911.86804
-387.0586
-86.04624
693.89844
-1057.0254
-431.91202
-192.56636
-215.41425
825.5081
384.53775
493.17142
-222.76212
607.6024
406.05017
-869.8233
270.656
500.68668
288.81934
-422.06622
8.907759
-441.77545
914.48883
-609.7193
-1146.4578
222.2371
26.46439
-713.2167
304.85007
690.5369
639.49854
-692.62665
1122.9951
-366.90146
593.3092
-56.650036
-283.9167
1049.2919
80.516525
790.50116
55.588165
514.3986
471.36765
-906.4853
-1721.6371
-955.7058
-430.94797
-191.44571
-972.6635
-1900.4727
597.64685
1869.5249
-442.43585
1568.4485
-355.1977
-609.0494
71.11083
154.24529
227.62257
-652.38025
-378.72733
729.7016
508.47974
442.59598
1230.4543
-371.56696
-372.87064
1101.0475
-40.980812
345.96072
649.4361
-1411.8951
-1709.8994
1009.51447
-836.21173
-187.49345
377.79428
1194.7738
772.81055
-397.73965
1436.2329
54.154667
-343.06985
-840.3056
-1794.4852
-804.8591
-1510.2936
1572.6068
294.8513
989.89545
-414.60867
492.75333
1127.2798
-24.182419
-934.00684
1125.6799
77.10654
-238.04718
597.4714
694.7908
-430.47333
-706.9859
114.674065
-45.04165
535.94446
-1438.9388
574.92114
-1446.6221
-76.16211
-1297.0458
395.55075
179.70131
-787.1369
872.5586
1411.3767
984.7887
133.97733
79.29763
442.7847
854.2269
1752.4866
-1015.9462
-1426.716
-1244.3456
1097.3904
-70.32156
346.40414
-308.64062
-170.53424
654.1321
-860.0341
143.00154
-182.7241
-242.90607
-597.02405
-627.70276
-812.34717
-750.1782
-141.76297
-877.2387
-497.5523
143.09995
469.8868
-537.15753
-1333.3502
-3.949445
-642.02386
-1796.0823
-417.409
352.14774
-672.85205
786.42944
-1119.0184
-962.536
-1241.5469
501.15488
-422.9519
-47.20865
-413.6278
-180.12254
-76.8659
535.6952
772.9525
-851.1481
437.3684
-330.87744
-45.165207
60.408195
-558.7718
333.43945
-1037.6598
1033.2856
830.0475
-213.99202
280.42383
533.8228
489.70663
394.89474
-397.3241
-708.98694
-388.13385
1035.077
88.71328
2156.473
506.7074
688.63666
-292.18082
315.71808
-256.04892
366.531
438.8809
-677.6578
256.2344
-108.03634
-305.5571
71.181046
803.47943
134.77274
32.108273
-862.90753
-619.7741
284.49823
-722.13605
419.76868
-208.62343
1676.176
376.5345
-1280.2786
-251.79626
205.44449
230.76181
-499.46985
381.92856
1447.3444
263.69073
-1254.142
106.45049
-398.6983
-564.24225
894.54114
-652.1
374.27557
-325.13586
-1056.232
573.91895
362.628
-947.66956
-1229.9905
-809.0277
389.5768
90.68724
522.6616
516.37665
806.3528
-683.4132
48.15628
650.75146
-1400.9822
755.276
1289.503
-842.87506
-180.2894
-1070.1497
-270.71918
-2840.874
1087.3622
923.5179
-741.96643
1371.2906
-28.672794
433.38336
-317.72192
-554.239
805.61395
739.5216
-991.2994
547.5838
1345.4443
892.12897
48.696793
439.0658
-187.8958
669.4884
-172.06093
-921.50446
-1246.0957
805.2737
-470.9128
420.61237
-603.25696
-334.0816
592.26166
-277.60864
-196.49652
-860.14984
425.92758
-573.4255
1240.7941
186.29808
-156.86575
-405.5179
-950.0256
-1253.906
6.9955387
887.6925
-937.47046
-727.27625
1222.8809
608.85956
683.92975
1611.7927
-323.4021
-3.9605725
780.0635
-483.43634
64.113785
12.755636
-311.38235
301.28348
581.3
1081.7578
56.436413
-1741.195
982.98413
-177.9966
172.06021
-557.0774
786.9566
311.59296
33.792435
1529.6058
-585.3204
732.8792
1679.518
-1097.5154
-1361.0045
354.7295
875.42834
-950.81067
60.321625
21.846603
-743.9836
-1130.2909
1533.4154
1986.9727
1210.4536
-274.0742
1401.6171
129.9195
284.07443
687.81085
943.1372
7.138397
-468.88165
165.45087
-50.328514
-130.05704
-698.6935
-534.42194
270.0013
-790.9774
395.92123
49.395473
-12.3324795
-1160.7908
1613.7338
-803.86224
-1020.388
-531.5894
-838.8841
968.8051
222.54254
345.50873
-96.59953
456.69714
323.95078
775.21155
640.9414
-817.4085
-308.70654
-91.58554
-464.07755
231.94475
1266.6646
1613.7009
1042.5029
-1195.0908
382.4037
2009.3339
345.43375
210.8205
-640.9561
483.36087
675.4713
-747.61334
1839.4283
102.23808
-997.6423
14.257272
-1482.1371
1205.3962
1548.1705
-604.18585
88.49036
-1134.3508
-59.42558
696.84375
157.23766
604.60236
-171.8859
-1148.6506
-35.702316
120.157326
680.93286
-931.24286
-448.45053
1255.9447
-2024.4408
667.3179
1193.1083
-436.87686
512.79016
267.02655
-609.1129
499.01794
-330.58582
-218.64198
1377.7485
919.8098
-60.451557
-85.50016
-435.92902
711.64453
-628.6457
-88.6442
1306.9133
304.0631
41.87836
1699.5686
90.20058
-1507.9553
-756.1113
-1377.9172
-655.2818
-1513.5306
552.39886
455.83963
316.4204
-33.68584
-405.91556
-838.56104
1453.0792
-874.9189
-1615.669
-514.8274
198.60089
684.4232
132.55081
-398.06134
1133.2361
-430.98343
427.51968
210.66446
-915.2959
-103.5965
-260.72147
1075.7042
392.83572
1053.2631
408.7061
-263.91187
-496.56638
-59.162636
498.27966
601.99524
672.91296
-619.6988
-535.84344
279.142
211.06918
-681.46173
1402.5623
-745.1052
511.0987
-5.871702
-1377.2411
-581.37994
-1974.3889
-493.91898
754.5918
807.7593
-961.90424
279.97992
-712.79553
1343.07
671.6433
-675.66034
243.49692
-965.22144
84.06039
456.01532
-2230.4512
480.45688
-247.34018
