5.95395
331.73447
-8.848975
493.23038
56.52937
-173.7742
-4.172573
-6.631159
201.72255
699.0542
120.77429
-522.70184
-374.23837
20.891273
492.8426
-273.0006
-251.43796
244.86282
134.07921
326.55563
123.40519
258.76724
-184.93181
196.18074
-655.00397
-240.68657
94.48114
147.37321
52.121162
15.274493
-4.462454
396.53995
-175.62167
350.0996
549.6503
213.38753
-69.603775
18.336454
-538.48975
-421.68918
24.826813
1.8579472
404.55746
218.35757
443.60733
195.32603
370.4642
-220.75093
20.445126
-298.6854
-259.56696
252.38376
-48.39684
263.23737
-204.3945
-75.38168
612.5318
96.54241
34.01476
88.29849
-392.0285
-150.8131
598.32477
-200.31267
215.73558
423.29834
-10.111396
211.46622
351.81375
150.51561
-327.4127
28.503633
-116.236916
215.24663
-243.93475
-151.80635
-135.0264
40.711475
-104.44263
282.7633
-508.88544
525.6898
164.5108
10.027473
-202.24171
375.56064
-24.355318
400.71774
398.5516
189.12376
392.70016
14.323184
737.15796
-604.0477
-466.713
555.747
-350.0502
-337.53113
120.833855
-163.63075
-463.7645
-171.1751
152.9152
-140.53387
-713.5026
-112.18146
175.96541
252.30812
-374.021
413.58658
-424.3974
-185.43524
469.43338
-342.39444
187.84727
-24.49133
27.112415
309.90854
163.72519
22.115435
779.8631
431.45407
40.42191
-299.6255
-286.46387
82.08778
-498.8412
-140.34592
451.98422
-13.99468
200.62854
207.77571
-397.82394
-247.04976
-188.74602
240.3059
431.1879
-393.5398
-87.44192
-180.24168
-222.07797
391.04138
-233.42209
-689.8327
161.87012
-31.945782
430.30542
-323.98392
-101.09727
-145.41043
-77.79182
46.9523
286.66177
33.925606
-177.43074
-83.32383
-66.78257
30.934553
-411.65067
76.96123
-96.37848
-165.77374
69.63922
510.81415
32.62681
-22.559242
-46.354313
-156.10657
-56.753807
-354.46005
129.12724
114.142654
-203.81892
308.04617
-13.530103
38.39604
149.2423
395.65347
244.23471
-190.95155
-231.00461
-73.6351
-80.14416
-398.28647
-499.75928
-29.68065
315.1214
67.94077
-141.6937
403.3369
-258.84467
-25.944666
-174.87535
519.5666
418.45966
-392.6585
-3.8434486
15.988531
-680.90247
207.34607
86.678246
17.914352
183.6978
70.435234
-100.29143
102.155876
-368.35577
616.8664
-633.0104
-78.389984
707.30164
-16.044415
-632.2569
-153.67714
-128.61113
263.06284
-275.7161
388.2444
-243.34486
38.858204
63.80254
189.89917
135.21153
-800.7836
-210.77309
126.04776
-186.03984
70.55612
127.17589
-334.74316
470.16562
366.19687
-40.45023
-75.30698
381.829
-217.55977
-98.06466
156.68369
-37.559456
-381.2736
62.806084
-183.45453
-211.90437
-364.24258
361.22336
-145.1786
164.9064
-208.07043
37.401634
25.589735
-611.1273
216.20316
12.173719
382.49585
144.01572
-52.67276
156.93544
-336.91608
-446.34363
-250.48769
396.87518
136.99895
-130.82791
320.45276
185.35175
-508.8191
-330.32413
-242.17717
271.91098
-531.29346
-115.80579
-256.4117
221.51604
405.54834
-158.4556
-204.2197
-91.28681
174.31157
483.22958
-53.52944
126.48827
-16.94502
-8.794073
-237.43066
151.65752
182.18965
-359.2619
-390.77374
-47.11272
-112.8746
98.353836
-257.17322
271.52478
525.98315
1.4989291
75.56396
319.36435
-281.93414
55.883625
-160.85278
-216.27394
374.65253
-514.9845
-416.16415
359.21664
3.9029522
420.2663
-73.553505
-130.54543
-28.113674
-128.57185
352.04022
28.76089
257.9767
-644.2531
174.0771
-161.97328
85.485016
66.25122
-396.4834
81.28593
198.25652
-1045.6085
-506.11737
-359.46384
29.514679
-3.2150116
-91.0562
-203.82782
466.55527
-945.45886
414.0665
-197.28075
566.4262
-341.65106
272.22424
-400.06305
-491.9123
-329.949
352.85205
108.58737
50.958828
-497.98178
-165.27238
-297.37592
225.09325
316.39154
422.24475
-294.1746
190.41248
468.7727
-26.458
480.0808
-23.784264
229.94049
-270.59122
-272.27298
181.5716
-470.0948
-131.87848
-74.625206
-284.5423
-418.42688
165.41002
-215.47014
178.1722
-578.7091
205.16011
-88.544464
328.65158
182.50516
-402.93045
132.6246
573.2308
103.486145
-339.0714
-692.0348
41.02074
-185.8695
-398.92834
94.12644
-143.92899
-426.2862
81.25362
-412.9122
-10.482131
31.707296
-146.31505
256.85327
293.13977
232.97057
46.521816
-44.174866
14.910917
268.2211
-24.613907
159.93712
584.4903
-335.13898
170.56001
-82.43335
112.50277
-119.27892
539.6324
-133.51866
-113.38046
67.3034
-438.5752
-341.22955
-46.515343
284.21246
43.17946
222.87245
744.2162
-361.70807
173.95508
322.7872
115.11904
-42.907387
-30.618393
76.51002
108.15614
36.08499
117.096695
-94.503174
82.53736
-432.23306
149.70503
-467.2442
9.032952
221.80702
-246.45848
200.85283
-33.4419
250.44652
29.437052
126.350716
-125.8585
-6.1887236
-118.10499
-261.24057
76.69646
325.3044
-409.70172
174.89745
-523.31995
212.45833
-49.420982
521.71924
-43.937717
206.75616
-126.78925
15.723071
220.17023
9.074059
291.60446
-183.44029
749.4793
-231.61368
-149.4069
-248.61528
-5.7726116
143.33943
47.81033
-649.52167
-605.0711
-96.14563
688.8019
-185.9223
-303.85
-567.84094
-219.70663
134.25198
130.24944
-286.20245
-421.11517
337.7387
537.7321
-241.4413
393.1272
-40.26458
216.37643
-346.1482
130.1379
-534.3436
174.06427
-70.12693
-177.50233
473.814
220.10852
-280.52423
220.44469
28.313248
78.873
391.52292
-191.34427
-132.29297
-402.58615
-43.681595
-592.009
380.0691
-225.05977
-122.41341
353.01788
-208.39716
-72.32538
-109.00587
-573.1832
93.39691
-93.13983
33.563545
368.0499
14.931816
-19.732626
359.82913
141.6764
-311.907
136.92728
124.39636
451.6747
443.00873
-106.24052
-58.99824
70.29739
62.947144
6.239737
-214.30194
343.03885
493.21194
259.41595
-189.4829
-93.78659
176.49309
28.67666
-365.42432
-500.41345
107.88485
304.93008
-192.66774
592.16895
110.143234
-559.5248
580.5258
-128.24625
-149.93983
-48.480915
-561.3267
303.84476
-247.03957
349.54724
27.853636
-199.48022
-198.43317
-469.86914
-469.292
138.28925
187.04814
144.29445
100.328835
-238.64668
-81.79286
-681.33154
262.24725
386.4577
166.30643
-3.3444557
432.6072
31.183977
352.2595
192.36772
88.20817
-113.41664
398.45023
-283.42688
657.1411
8.326038
-209.89772
-82.34694
126.99235
493.83545
165.92128
268.89407
176.45578
-154.58969
-108.30741
269.1408
-159.38885
-52.320244
-235.38702
183.40561
415.97913
51.125008
686.79724
-283.3662
-121.39144
6.1488028
-174.84729
0.33724833
-18.702627
222.04604
-444.50354
85.32135
-239.79688
451.3249
276.80502
-188.8389
-210.63239
-94.66479
-15.521032
113.70528
263.82175
-278.05505
380.61255
-70.81833
244.57744
-96.67966
-149.03664
413.6121
484.81555
557.04114
-141.58786
-40.52379
-176.14842
135.04245
460.54663
-24.356613
139.77391
170.78822
-442.29
-118.704384
250.10146
-105.17969
-278.05637
-134.43468
342.29086
231.93987
232.49405
-489.0736
398.12332
2.1878011
49.516335
-302.2121
-149.95209
-539.1764
254.75131
-475.13058
122.26829
15.56756
