-970.25946
463.35327
1375.0303
337.23163
1365.3702
1190.0889
-725.7042
734.1099
434.04987
377.8707
-678.8071
-1549.7996
-845.38043
-806.82153
-175.9516
-1917.0902
-1783.6909
205.89949
-543.9083
1826.3004
-1029.7917
-1034.7194
-407.30005
-453.34836
-1049.5205
234.15225
-62.60537
-292.01785
-1937.4216
278.4481
659.4543
278.76614
1303.2288
2446.1572
1364.8818
1217.9474
-582.06903
-174.91891
-251.12119
-466.68146
-44.204643
-1754.5913
-503.8594
1574.5731
941.9892
-683.0446
-286.6045
-608.7308
-1371.7274
779.11523
888.0257
105.950035
-36.411194
-1057.7173
2004.9398
-892.0568
1778.0082
327.02353
565.3558
-171.34172
-270.1907
100.69929
0.4430071
-1670.9026
-284.2061
834.23505
-910.58417
209.26978
1860.4858
242.52101
-1275.4287
423.99103
-52.53504
-284.5538
428.64157
-1089.6255
-151.75247
-915.3335
-780.76154
618.526
-189.19899
-1083.142
-594.00574
-390.4435
-795.4158
2579.2258
-1630.9628
879.097
2070.529
775.4437
-989.92804
122.40741
756.4759
851.2105
-940.1258
50.45103
1709.7167
344.3603
737.43384
708.81976
-1097.0012
68.5419
-908.4225
-253.63556
-846.0214
31.51144
-135.58893
1375.4741
-164.26285
-790.89667
-1061.7931
1584.092
-467.1448
-255.97478
1130.732
-135.94588
-897.73157
260.8219
-614.1131
-1635.8551
737.7036
274.50894
433.50784
268.95734
-509.8469
50.29237
-670.301
-1191.6206
381.8751
-622.92737
-1119.6727
-637.0972
-955.7415
-419.20364
-369.59747
-1367.8673
-4.630782
1073.6042
57.133156
960.26666
-1131.2888
466.9016
-1760.0115
-1066.9705
-446.5454
576.85815
-205.82869
1532.3198
-766.54877
-567.7997
1379.7024
1691.8875
-545.94073
249.28836
390.567
-1019.37146
-1028.6769
-1008.46
-2558.7256
231.56361
473.95566
-1969.216
-159.64212
765.49335
2185.6045
1265.6145
406.33084
616.1588
1786.9141
-1683.5626
139.16183
-1606.9304
-820.1816
1005.64026
856.9734
-184.30164
-230.39085
267.3242
776.3835
-863.18176
-170.58553
973.0786
237.9121
-619.0998
-977.0029
-782.09906
945.1505
436.13843
-955.56177
-95.44934
-41.616806
-864.81903
-98.15051
912.668
-179.98312
-1090.1421
1305.727
206.65224
382.53342
220.50674
-657.9657
1733.9592
594.1447
1225.1917
-20.796665
588.28125
1655.4576
-725.6692
-1613.4635
-204.3171
164.62724
804.62787
-788.4663
-2295.4648
-79.552536
2864.5967
447.32166
819.64404
-82.13037
-342.27795
-676.8954
404.58984
1357.7341
-245.14853
528.12103
640.8855
974.60724
-5.4695377
206.68953
-237.1193
178.11555
1120.9705
-6.799659
-127.23794
615.5883
-1245.0048
-2342.7625
1479.2028
-804.2419
-693.4219
164.86171
929.32495
323.13663
-811.6416
1209.9397
-81.494415
-289.00046
-1228.853
-1973.3481
-598.2369
-606.5155
1836.888
300.0234
1902.6195
-762.45276
238.11919
1260.283
319.90564
-471.44635
813.57086
750.5955
-1773.064
-46.304848
1027.5358
-260.0815
-348.15958
-82.36367
-232.67502
1587.0394
-1892.743
494.7148
-1334.4049
-615.553
-1963.8711
781.5879
86.90397
-1208.1719
1545.53
1419.1108
1306.662
-147.65984
225.6264
773.0739
1191.0482
1409.8159
-2013.2946
-1897.0593
-1126.7595
1792.4492
-132.75385
-288.0894
-190.3206
-975.5214
315.3284
-1394.5072
166.9712
495.14722
-600.482
-1601.2258
-821.14844
-999.4387
-1640.9554
214.88239
-1371.1772
-802.2626
15.366182
789.99786
509.84836
-1542.6877
-189.79272
-210.57678
-829.71313
-182.23044
885.32983
-1491.3065
2248.8662
-884.311
-397.1606
-1191.9462
264.85748
-164.7394
-514.4886
-529.2575
-546.2716
-25.561375
671.04785
874.3589
-953.1141
624.67175
487.7377
1144.1587
357.57568
-853.0698
950.70197
-1381.4364
879.6522
1511.9651
562.0234
468.91772
-208.50668
224.95093
1116.6652
-807.4292
-688.7982
-1307.9551
-635.1447
-295.37823
1680.9456
-50.189613
168.48299
319.63766
279.36716
-1343.599
1544.5004
-189.62265
-934.92773
-42.580242
-339.04425
402.59064
-184.73616
183.66742
481.1918
583.0616
-653.91974
-135.20433
29.25801
-1282.8925
243.89886
-401.84793
1585.2192
1070.4967
-17.207539
560.11053
1122.0902
-981.50775
-884.3129
88.995224
451.77133
-84.90415
-727.5145
-698.9908
-387.55875
-975.27814
1861.5776
-563.5526
444.60867
939.3097
-1000.32697
537.7399
537.15643
-1308.2115
-1242.9132
-638.44855
-385.26767
-45.410927
298.91272
458.4477
1564.8373
-514.47174
-469.31335
328.3958
-1263.0731
489.55966
1768.5391
-137.94632
-190.64403
-53.916306
-638.842
-2663.904
1786.4044
494.00543
-1045.9149
990.68665
735.0992
1263.4084
-734.30164
-625.937
1471.6044
724.12915
-1215.0424
578.4092
1358.1189
-439.586
44.253033
217.36566
-78.8447
674.51196
57.95833
-1687.7612
-978.56305
1658.361
183.09966
927.9421
-874.8673
-258.33737
393.5297
-621.4428
124.46954
-1713.5216
-497.6106
-628.31116
1298.8757
-472.97354
-737.7286
-1342.0669
-548.61334
-1726.508
-12.278757
691.7
-1549.9341
-614.8763
1324.3
517.7341
223.70876
1163.4542
429.89285
-32.05632
1294.4537
-758.17804
-518.85486
302.32404
-953.7782
384.71948
-571.81305
1219.4341
179.50879
-2284.4834
1102.1288
-533.89996
57.355686
177.67148
-113.123566
335.7058
566.59656
1233.8417
210.99315
1181.1349
2648.567
-739.9606
-939.91766
569.7244
-10.659768
-1539.36
190.25877
-686.9543
-404.32153
-603.32074
765.10614
1914.0387
1655.7489
942.1072
994.53625
-345.42792
-790.3199
155.23192
1089.0967
313.7797
-11.191617
237.41077
55.4358
51.324974
-181.89702
-28.007828
993.81946
83.73001
455.46204
-175.18748
-182.57965
-911.7516
1615.83
-1224.5571
-1442.2655
-62.31697
-215.07126
1422.4244
544.02594
1288.1075
-587.14526
738.31744
611.20715
563.2884
-138.44147
-439.53696
-479.9864
1435.1694
-930.6614
852.98413
1987.8691
1532.1309
1775.373
-1671.0314
477.6775
2688.7476
116.69931
-624.47955
-486.37192
323.97437
718.5119
-1577.5266
1867.795
1117.0369
-1282.2538
-481.58905
-1820.75
493.4724
1239.1989
-1554.954
-313.28586
-984.9199
30.427938
578.1096
-17.223133
197.78845
-1178.1445
-705.9188
196.23186
240.61093
1209.1407
-210.32932
-1346.2977
1218.744
-1790.6868
1210.7104
1357.7997
-766.81665
756.4987
457.13727
405.15314
706.52167
-447.15527
82.71107
298.81018
1839.862
-515.10657
-1110.8861
-115.47368
772.32385
-176.36603
-570.9586
1425.832
-104.92992
-1051.0731
2093.269
-554.80194
-1575.1289
-542.8852
-1582.323
-535.85
-1739.7277
270.5626
530.5155
85.41375
-93.97833
-528.01733
-936.37177
1042.0964
-1073.6985
-1288.8427
290.2493
-288.88632
938.1596
-168.01726
-72.387764
581.1349
-714.48505
448.98007
287.36224
-622.3003
-172.72412
380.6415
770.5836
232.48103
80.02394
173.25786
-477.68787
-220.42763
52.442772
412.82126
857.0782
877.4371
-773.1887
-285.02493
526.0714
677.8549
-1204.7698
995.22974
-1176.822
1224.3711
961.62036
-1696.6483
-405.08878
-2216.251
-839.4574
462.642
489.8487
-911.07434
-25.9095
-1305.081
828.47614
-513.67456
-777.07117
90.27426
-1913.7119
228.27383
816.80634
-2764.2437
267.10028
677.47644
