-516.2723
574.4971
976.16266
190.07983
1528.2262
927.50006
-777.7311
664.48175
-140.85718
417.66998
-798.28503
-1297.6309
-1198.8573
-929.046
-457.55902
-1741.9868
-1612.5007
263.53546
-257.1863
2065.5564
-333.1726
-831.17584
-406.81824
-397.58163
-1304.7081
-83.67144
-668.92395
-632.0086
-1537.5898
-41.024055
650.15735
238.83931
1011.26324
2159.2454
1895.0082
1335.151
-575.19165
-472.33884
-215.01353
-526.0082
-411.745
-895.6222
-891.02747
855.10175
829.20074
-420.03378
-49.792088
-971.1132
-1113.4069
665.6349
378.3059
86.5496
-193.10037
-1339.0922
2016.475
-588.60583
2024.0314
-147.82608
904.71295
-452.61108
-216.24365
317.02182
427.30276
-1147.7274
64.227425
712.85974
-578.60974
387.65738
1733.3026
132.32896
-1153.1887
-374.27017
250.67606
-43.65791
453.76187
-1580.7063
-215.04941
-1020.96436
-262.46237
605.995
-201.09277
-760.45374
-547.95483
-712.74066
-43.98353
2497.586
-1401.8151
854.21564
1411.3763
311.88617
-137.55588
117.86023
868.82916
571.80743
-814.93494
268.9245
1443.4751
908.8276
771.9686
408.7248
-1006.77124
526.89856
-1045.3248
-382.07352
-691.40106
97.89836
-206.61398
1117.4644
-242.19173
-637.6093
-1173.5692
1245.5806
213.77032
-655.5106
1199.6719
-88.32288
-448.7937
355.50348
-543.35834
-1712.3136
314.8502
694.73346
19.04899
56.819107
-439.0738
503.84924
-829.3361
-1072.9172
816.848
-768.8364
-321.7489
36.402695
-634.9686
-696.563
-326.40347
-1066.7477
31.681803
899.54626
424.21466
941.66077
-499.64954
270.34625
-1556.3628
-1516.1492
-249.68272
715.2249
114.212204
1645.9294
-318.07828
-723.3549
711.71515
1155.9349
-372.39233
58.703934
412.8409
-923.9217
-1005.45404
-637.938
-2408.7456
465.18362
746.1181
-1549.4949
352.69626
647.6166
1677.8218
732.87103
288.44275
470.08734
1151.4536
-1974.8735
-13.606348
-900.44794
-277.98938
945.74097
742.4639
121.0106
-239.54504
434.22134
440.54428
-1327.7031
-291.87402
801.6515
-253.88885
-829.4816
-544.29736
-347.38193
1242.0868
364.21533
-1406.8986
378.63013
248.0644
-1066.1213
-15.187848
681.4502
-245.11739
-936.06903
1106.2704
-162.65845
346.42197
622.2077
-389.30133
1926.9689
348.51904
1225.7183
-315.00104
517.70514
753.99994
-598.4391
-1171.3042
-423.39362
10.199516
677.63336
-303.1335
-2044.8668
636.75494
2738.3667
-237.60889
1247.4443
-96.97818
-258.38855
-347.3346
179.07368
903.106
-543.75433
-234.10783
270.87277
781.2528
331.23752
563.42834
-638.515
-340.08966
883.4339
-241.72084
447.72745
696.3735
-1844.2611
-2124.8164
1475.7148
-565.60046
-791.3671
-250.40344
554.3387
900.9466
-528.51025
1291.023
132.48608
-170.43785
-1144.9822
-1718
-1095.5363
-1096.5402
1484.3809
5.3963337
1391.1075
-416.50778
514.77435
902.0718
5.0222387
-475.1869
627.9018
235.09464
-673.67285
332.01483
852.23206
-322.4288
-524.54846
-243.00421
165.94972
985.3822
-1765.4419
-21.533482
-1363.0817
-582.69434
-1287.4312
388.60834
97.73788
-970.2481
1215.9406
1099.6525
1165.1451
-281.63516
-21.431105
522.6206
1037.0786
1138.7993
-1714.744
-1474.2687
-473.31296
1624.5435
-564.17334
-360.97546
190.79697
-972.9794
126.24203
-945.26587
442.65414
509.26556
-560.94836
-1064.5631
-643.1611
-606.54974
-1355.7704
131.5489
-1029.2039
-660.3984
-283.60672
604.5437
173.12674
-1533.2382
90.79292
-267.57532
-1395.6364
-240.89354
411.05963
-1295.3954
1953.0636
-834.6671
-587.3171
-971.809
742.171
126.129486
-243.0182
-1030.7002
-798.395
-91.47931
642.0395
1431.787
-933.2578
415.88525
82.44158
970.11066
379.52356
-711.59344
822.00867
-1713.8763
769.24054
1101.7761
-9.417264
977.5679
199.12584
60.741856
556.30676
-648.5071
-434.6124
-976.9354
-224.10759
-164.20625
2325.756
-376.4021
-87.68542
381.2502
326.1356
-1207.9001
1176.152
-70.839676
-906.455
428.81012
-369.56372
320.8815
489.31522
842.3814
508.10126
581.6532
-551.2193
-539.4184
311.18668
-1046.9028
238.95201
141.74724
1289.7239
833.50775
-895.68195
161.90063
789.6373
-502.56314
-792.4689
374.3673
977.0459
-244.01337
-1305.5333
-639.33466
-166.19397
-788.4764
1125.621
-804.92914
482.01407
429.9534
-1431.1194
892.42346
552.151
-1171.0627
-1278.2543
-949.0965
137.6198
-109.72074
460.27338
347.29938
1186.391
-771.9953
80.98692
651.10077
-1535.7643
835.05414
1478.4681
-627.0776
-412.08643
-341.04355
-71.3861
-2765.7788
1637.6412
538.1913
-1150.538
1597.3387
313.52936
1039.645
-925.17505
-679.3952
1201.6423
804.5029
-723.05133
445.55368
1356.2657
-19.57412
-176.66093
13.797155
-646.5867
429.82767
174.30936
-1349.1552
-1372.5165
1558.1952
-44.60165
671.8505
-797.38184
-800.6107
268.32263
-261.4175
-92.70696
-1770.5209
-357.10797
-795.9697
1256.8309
-37.96493
-373.88083
-923.08276
-1220.1194
-1888.3557
228.95493
570.33374
-1226.8135
-1215.9598
1356.9808
534.6714
376.9815
1628.4042
345.2853
120.87922
846.3806
-970.9063
-106.30655
-203.02013
-759.0959
484.7745
-44.231567
1454.809
39.31642
-1943.6993
1620.8945
-435.52966
-230.12195
224.17616
256.35178
501.05103
471.2319
1530.5076
-628.07806
835.75214
2574.8896
-1015.3893
-996.8752
457.17776
520.47253
-1163.0142
63.272488
-472.06796
-493.39993
-565.56415
1313.425
1650.9762
1313.6213
484.74048
1610.6549
-93.6563
-585.31854
454.90323
961.4722
100.13709
-168.46046
363.49857
205.38243
-134.99812
-425.3074
-400.49933
834.4145
-2.572671
11.532325
183.35004
-474.9296
-1024.772
1634.1833
-1156.5204
-1019.5242
-178.14641
-301.0835
1604.0798
682.3613
977.8425
-338.9757
714.0285
566.4764
587.4391
546.5072
-249.73402
-508.05026
719.9015
-776.2973
459.49454
1529.99
1479.1062
1942.0829
-1565.0212
685.4752
2046.0895
418.64636
-281.63635
-590.7296
298.30164
592.6509
-910.31854
2133.0105
902.0486
-1256.5902
-131.32906
-1728.3057
783.15845
1468.5282
-1394.7677
101.14604
-1220.3868
-378.45465
334.14487
-26.922659
226.79584
-1027.6348
-654.5368
23.305
234.94934
1200.7755
-901.8859
-1137.4564
1082.3752
-2079.1672
896.72076
1408.3503
-784.37146
296.79895
250.0518
-312.57767
1062.4873
-124.6831
-109.1726
1105.052
1479.3308
-392.09302
-442.54062
-179.7899
818.3231
-337.00983
-895.3015
1206.6385
-9.636958
-616.62823
1663.407
38.768253
-1406.3828
-686.2933
-1356.6873
-738.88525
-1800.8323
523.91125
331.8651
265.99332
127.575264
-327.50974
-1082.6779
1262.9203
-716.77814
-1796.9697
-120.94142
-490.24695
1227.7716
661.73737
-102.57997
769.15137
-613.32367
648.4613
107.2043
-950.2326
-225.71138
321.89236
551.42584
18.572968
174.5168
760.8005
-299.95905
-625.2272
97.13114
52.433853
705.0769
777.8866
-713.53516
-537.8324
200.97426
562.70984
-784.6133
689.937
-1059.6416
816.0796
789.36597
-1283.2535
-32.42613
-2343.8071
-623.5807
695.313
803.1482
-932.62994
255.23672
-1006.21344
1400.8213
-69.73286
-662.5735
535.3113
-1036.1572
677.26416
1228.5447
-3058.6191
307.30807
427.02026
