-218.96559
445.5891
243.30803
495.0177
963.73315
900.4158
-615.1637
889.995
-97.25971
1.2293143
-715.4959
-1648.0944
-922.62683
-770.6924
-704.0694
-1379.2437
-998.15857
439.56317
-81.50187
1656.6287
-217.72835
-1324.1841
-321.73468
-55.457287
-718.5929
-46.434353
-803.7036
-100.43081
-724.49414
277.74142
254.81528
-179.3493
444.88995
1485.878
1452.569
948.6233
12.7000065
-574.2017
39.642147
-399.1618
-584.52924
-641.71295
-346.2573
485.14795
479.36197
-588.9643
-283.82782
-1267.2849
-857.3299
305.12582
123.151855
-33.051662
-58.9254
-1518.9315
1248.5107
-71.340065
2218.0547
-120.459404
458.62115
-101.2914
-449.82086
-207.44458
487.0027
-689.68176
-316.1089
380.15186
-218.8403
398.16385
2017.7311
88.33937
-434.13022
240.03703
33.97358
-276.9662
351.41812
-1879.3077
-174.20924
-1250.1394
-233.23431
790.1229
148.04823
-889.45544
-1145.3698
-1034.1818
-449.04886
2296.5518
-1358.1093
1034.675
1408.3788
859.59863
-710.23126
287.41953
985.90424
449.866
-377.66046
187.79747
1462.0579
1256.9072
1033.8936
-240.75441
-1227.4338
615.68195
-1016.7296
-456.77997
-706.7225
-57.73866
-70.53954
1387.3684
-438.72235
-833.94684
-1383.6088
862.26874
35.15441
-403.25455
1092.7157
26.675575
-667.1369
652.91473
-538.91516
-1773.4015
285.52188
787.81995
361.7371
-185.69841
23.36875
916.54346
-577.27655
-773.9999
920.42444
-554.4674
-352.435
-109.85777
-662.5811
-951.4411
-170.52988
-580.8012
-328.70462
404.66525
308.79605
694.5816
-528.3152
454.1327
-1751.5277
-1238.464
-558.01373
1214.6685
-3.7708917
1523.0549
-52.269833
-475.897
794.0894
1380.2828
-167.61519
-116.982666
406.88522
-225.15012
-187.65366
-121.70858
-2266.834
729.36804
461.21313
-1263.5875
19.611233
61.249176
1853.5828
867.54785
249.50406
-82.22426
739.6651
-1372.973
-674.3525
-108.654144
-128.4605
676.6348
551.8744
581.1105
-109.66417
348.95255
241.80928
-1140.9381
-74.047844
457.97913
-115.71082
-697.7764
-340.13037
-49.668015
994.78253
-676.6643
-1005.4442
302.89175
188.62938
-661.4407
208.4341
815.1542
610.352
-696.3066
964.3186
-376.73492
619.0335
272.51834
-344.30045
1414.7854
168.60448
687.46674
66.011894
925.13293
327.7999
-654.3074
-1577.4492
-676.18976
-528.07733
368.56458
-877.4843
-1721.2566
737.84064
1602.9288
-407.96588
1186.1199
-136.42896
-672.46295
-54.31809
307.95483
-4.0795827
-701.26935
-213.94011
520.1008
457.4926
256.50488
1136.9327
-803.2084
-384.9764
735.7174
22.731165
399.47235
697.76355
-1157.9149
-1356.5192
1197.7384
-564.8006
-493.04645
415.53122
1047.7256
736.47974
-362.4314
1561.6917
-116.812195
-161.29326
-995.6991
-1445.8584
-1083.5376
-1222.8468
1292.5214
471.92233
741.4018
-227.09506
727.08344
1078.5607
25.027958
-1053.0334
1062.2593
-15.852199
-333.24194
778.9424
802.93475
-430.25705
-725.29846
-324.92853
27.52664
456.69983
-1157.6907
224.46346
-1674.6145
-300.89532
-1355.851
322.3304
350.45554
-825.466
1202.456
1209.3666
1164.7106
78.92233
77.90359
457.3062
1079.494
1346.6951
-1183.9249
-1504.8302
-1139.1893
1395.4938
-447.30798
-10.845717
8.185211
-585.2423
743.8563
-779.9845
156.09578
9.238428
-244.51518
-961.4164
-369.23337
-945.11426
-849.9233
112.8727
-478.30954
-627.52844
8.902243
627.5282
-478.98993
-1405.0585
-1.3968581
-474.70587
-1593.4031
-425.40054
243.35938
-529.62054
1107.4979
-857.8215
-882.5759
-882.45044
628.84247
-371.81323
-51.69883
-657.853
-132.15771
288.1203
393.42123
931.309
-562.88586
491.42828
-446.65814
622.7283
-183.40858
-316.24637
489.50848
-1137.2916
654.00977
767.08856
-101.06139
414.95566
427.6575
884.33093
495.66556
-521.4808
-478.0052
-512.1013
823.30194
67.23305
2128.9468
68.84165
296.8669
248.21075
462.48666
-324.1364
658.5078
192.75522
-652.09296
106.480156
-98.841095
-342.75754
73.3059
1064.6904
435.9437
227.34398
-757.46967
-714.0449
105.82154
-818.383
278.46042
-67.22509
1730.3451
710.37933
-1155.1305
98.565475
701.6027
-79.99572
-596.6025
360.439
1380.6301
74.25334
-1600.6129
-137.28746
-274.2539
-748.08185
1183.2126
-1015.82184
396.6155
-191.86829
-1104.2965
781.06146
428.09518
-1042.6929
-1377.5193
-854.9546
537.56354
-17.951141
680.183
282.56354
551.4931
-651.3883
-97.34747
728.5994
-1359.1401
828.0441
1320.7866
-904.64075
-168.09373
-1010.30334
-22.418558
-2742.892
1384.2769
620.6623
-899.22705
1651.6615
18.367374
639.60004
-501.97818
-760.7807
832.7769
607.28314
-808.74805
326.29013
1319.0038
605.50323
-54.573883
156.74875
-258.7852
420.36075
-276.01202
-966.0448
-1111.5322
1152.5662
-178.2852
767.4032
-335.30145
-627.8468
418.8192
-83.737785
-64.02777
-1385.9033
118.4439
-355.2137
1349.2222
114.699486
-117.69915
-671.16345
-1134.6234
-1423.058
311.97083
785.09485
-828.9731
-933.33246
1211.4708
745.945
456.97223
1670.4999
-385.25824
314.92416
872.8348
-733.3865
-186.52222
194.80714
-463.39093
237.4636
619.29944
1144.8662
78.06613
-1820.2307
1067.0143
-541.19446
67.2657
-545.4454
576.89886
412.06342
71.3157
1485.8942
-522.03094
540.6134
1918.8993
-1393.5237
-934.6757
339.01373
808.378
-1004.6381
161.70538
-148.04631
-905.8983
-896.494
1369.1406
1792.902
1346.0686
-159.76378
1618.2822
150.12668
139.62422
621.5746
906.5962
-2.1865056
-417.2497
296.0996
105.25161
-111.34478
-734.57886
-657.2015
678.7916
-949.9345
170.75348
0.016115189
-219.54053
-1269.8715
1378.1182
-909.81903
-1019.1955
-562.11896
-689.72455
1361.6372
-150.99553
649.4716
-298.3803
612.2784
420.65198
912.87067
849.537
-517.1603
-521.2933
342.75635
-394.8241
280.03992
1604.3756
1523.9731
1509.924
-1213.5013
480.96567
1958.7639
407.66064
-25.203938
-325.6634
521.4808
774.1637
-924.10785
1945.4966
336.76086
-1230.1538
10.805847
-1499.2029
1049.2532
1329.2571
-926.40344
132.36845
-1078.3066
-289.92734
494.01703
358.96042
374.20123
-226.81792
-754.2288
-366.1406
314.93497
764.8672
-979.7698
-333.60562
1376.7444
-1819.3491
990.9646
1241.0669
-444.26923
177.86691
298.56326
-501.01996
653.42596
115.55452
114.051544
1476.613
1157.7881
109.37183
-141.28381
-410.26163
751.2103
-585.9131
6.082084
1339.4071
147.36223
306.73788
1779.6515
-405.23636
-1253.2871
-815.43665
-1433.7047
-749.6767
-1326.5583
620.08636
531.341
458.66672
93.98416
-582.4387
-487.834
1452.9124
-901.0291
-1959.7795
-488.17285
156.08713
903.3987
328.14966
-533.06836
1028.5492
-479.0282
401.77194
102.84462
-825.42053
-22.102215
-364.95303
1199.8816
108.97307
896.1682
487.08508
-440.29892
-206.27621
-26.945343
497.543
950.7797
1118.5212
-572.8286
-260.6207
159.2905
526.8628
-719.8425
996.34454
-1067.46
404.36407
481.78696
-1151.8962
-515.4857
-2070.1458
-744.4287
675.4802
869.6458
-924.4679
303.45908
-705.7456
1196.1161
561.4328
-575.2905
245.27917
-1177.1136
-270.9224
662.65063
-2459.794
186.5148
127.10075
