-72.59951
209.46825
94.43188
-80.827774
-99.955605
-15.88562
-72.51188
61.152237
-102.717354
252.285
175.03207
-94.709236
-39.321514
-64.06547
-87.54208
134.15717
-66.3506
72.100716
-29.628635
19.977901
60.11254
-105.78836
-130.43355
59.6439
-24.438932
-147.6736
31.360332
-187.39902
-231.95555
6.7956624
114.6022
-291.56323
126.73154
127.16892
118.93713
-123.442345
-73.965065
-23.495987
-114.28895
-109.282295
-162.13258
-93.637314
172.17445
-55.821976
59.990696
-21.098236
-13.774224
60.360607
51.091076
-225.14046
-113.64626
77.681885
84.9211
80.74653
-69.036415
-114.538
65.19944
-83.97769
38.52327
111.867065
146.44293
182.86209
42.783615
110.79978
47.613953
-235.3576
-71.91378
119.25639
144.40225
203.44319
95.00695
142.93936
136.67151
67.90639
68.9394
-162.09692
55.86815
10.507332
301.89374
79.55882
-158.43591
275.54395
84.43705
-58.745876
45.628254
-109.77363
67.71151
-38.446236
33.357357
2.8585808
-58.539333
295.88544
219.124
-146.75337
149.55507
69.2922
-43.932423
-91.48068
-5.0382237
-46.534363
-320.77332
-55.05873
-69.05204
33.484947
-264.578
31.653822
223.84636
45.85435
-149.841
98.175934
-305.0783
59.291866
144.6555
142.96596
-101.20888
200.78365
-161.74463
-61.66596
-0.7777469
143.29276
-157.8833
127.94893
116.69724
52.6476
-99.09864
138.19698
-96.331314
-95.30397
122.79287
69.66002
-111.71632
272.37292
33.7686
71.248276
-86.829796
96.86381
152.52238
136.64476
-22.189362
149.82149
-49.230873
157.95
48.7255
13.620748
-165.87054
137.01283
220.39424
-176.69048
92.60098
-180.18715
96.39149
-109.61738
358.47357
104.74332
222.86284
85.36594
65.62378
40.244595
-64.03897
211.16881
55.251377
80.95554
35.85279
113.092316
128.97804
-68.86487
58.010063
-112.96676
77.67632
-129.98004
-242.95218
38.168625
-176.39418
119.26578
-17.818895
74.316635
-161.5899
384.33917
165.35408
51.578953
-160.3014
73.715034
374.37268
-23.647451
-19.456417
8.046252
279.75378
72.61332
-36.167164
358.5789
-85.838715
-69.74673
-63.523758
225.86493
140.68515
45.845566
-33.02986
7.7742615
-286.93207
112.20551
-30.422441
-113.427826
-75.62128
87.58867
174.27654
-38.349365
-125.66484
-5.603034
-103.527794
-21.141222
26.672077
45.52047
-209.52922
45.768997
29.639853
-55.767853
-108.01824
-34.755047
-124.37741
-185.27948
238.76321
-69.30399
221.16246
-320.20425
-52.281147
-139.06512
-139.50224
-185.3398
-48.296955
62.18858
5.527782
-78.681496
-64.809326
-103.069885
22.645092
143.95494
-70.977905
189.16972
42.481766
97.04994
29.377783
-203.0779
-93.87811
-90.30287
72.35107
-68.812706
85.8236
-177.28409
-74.32421
63.646046
22.876501
-57.586597
-109.724236
238.77126
24.58217
121.54878
20.040157
-245.93521
-45.676662
150.41862
-34.824997
-105.762436
230.76205
201.03323
194.67055
-138.34984
-90.37855
-94.78859
58.002003
-128.18222
5.2559934
-44.2613
-106.68354
181.71577
66.509285
-38.622375
-48.963223
24.521723
2.2009435
-13.691657
88.49949
-35.42747
-57.754505
52.88182
-12.162742
47.764732
2.2881227
-163.48659
-72.53723
144.45845
139.1443
-147.29076
168.573
-109.70936
8.988283
-92.34584
44.635662
-117.04684
-2.5053
-1.7811408
-58.802864
7.5228624
-78.481384
-277.92444
-125.4395
-255.07137
-1.1034174
-36.102604
25.91528
30.210688
-119.51833
-56.183372
79.52693
145.09941
-199.743
128.52597
92.4892
-44.3693
-49.073658
-55.633286
-60.428055
-152.21463
-163.54497
21.137388
87.43262
12.935717
-81.74456
205.94753
-38.94616
-6.4809594
-211.88443
-141.1026
-110.75766
-67.25264
13.088832
96.76847
-65.688995
-115.77487
46.556225
170.68811
-253.70522
-5.058814
-150.34999
86.690994
-99.87073
10.6457
-98.51295
-14.532068
-47.171036
27.696276
55.123974
-97.47501
12.238384
72.58746
-144.5903
138.36629
-120.293755
2.4810424
-86.0806
-131.20187
27.33622
19.556955
-118.587585
-54.815228
-127.27554
133.18729
62.98693
-49.11165
-98.05077
-66.98079
105.2679
-113.499535
254.58844
52.88987
265.22046
14.846448
-41.21713
197.27785
-74.45432
-92.77351
-107.39271
-309.7316
-298.70746
-30.468712
-119.74785
176.86351
-41.50695
-220.90019
-154.43213
-74.363174
346.98102
-11.241717
-209.14233
-96.24738
66.164925
71.43354
66.543724
167.44
62.88807
-104.57646
-19.616755
165.58554
-97.46695
-86.27091
-25.908552
-126.37161
104.596825
-27.194462
19.05836
76.28527
177.57191
-69.77649
-33.002106
249.57701
63.753456
126.814156
71.19254
-84.39509
-43.905964
63.436684
-67.403564
99.740906
-94.29435
-173.85602
-251.42407
24.01064
-35.10439
37.61127
49.989754
17.145285
66.009995
-53.90224
97.3524
59.59323
187.78928
83.641594
78.26808
-239.70221
119.80924
-3.218516
5.8623714
243.36995
67.95787
-176.35689
-152.18015
6.315723
91.722694
-175.53986
-76.47884
94.10475
62.079838
136.53926
-2.99517
0.017447472
23.90327
3.815763
-29.883507
298.30765
-152.34866
-98.65522
9.653254
-100.621284
92.60861
-36.206684
-348.73224
-203.19572
-83.969765
341.5741
-230.30312
148.77078
-130.49469
88.18558
26.627306
131.15501
-5.7548084
-131.95705
-35.888035
-9.096429
11.493521
-106.71118
78.456276
-263.0933
-128.94792
23.080751
-44.63395
27.05623
169.56042
156.89247
75.89134
-138.14882
-144.22061
80.85743
-43.747204
112.445114
90.448944
168.9132
94.87146
-67.0621
138.64911
-162.28043
-80.13695
-83.85016
33.330547
-39.768944
-96.64682
-83.5747
-60.40038
267.98273
61.45914
-30.800968
-32.323734
-67.565315
55.543514
3.272835
-5.3052835
-277.2537
112.04139
-57.421337
20.151262
243.32487
227.19449
54.58495
-146.06621
117.07597
9.533185
40.048286
-16.756691
-28.257252
-150.4595
-10.748604
-57.32868
-35.02529
67.14093
270.117
-94.80049
-84.196495
-21.486143
-24.428354
-141.31671
-97.54305
-50.682266
165.87915
151.54543
-53.2314
119.512146
-25.938204
100.566154
171.80753
16.454836
41.963226
-120.81554
-31.905731
-111.610275
-16.138905
5.8981156
-3.8754156
-83.3722
-34.30356
-63.040764
-20.836197
-15.860167
-205.98111
59.042805
-4.0494337
-6.179595
-107.344666
118.49557
162.44458
-29.503191
309.0218
88.994194
-57.44527
106.698845
-125.86822
40.80158
66.13149
65.64119
164.0477
-76.28256
-120.95274
-11.526657
-131.94582
161.00233
-105.69589
97.66989
-13.949404
-74.97098
181.0962
-85.78173
-156.57011
66.44065
-110.7536
-103.56939
-51.999943
42.424797
8.955749
59.40063
-36.640606
25.226408
199.09723
-63.11346
-54.45356
79.838615
-83.77764
192.31175
-43.687164
-164.52655
-4.1944222
-211.17914
-241.99066
-95.01124
-149.08331
100.29971
96.25044
24.107214
-159.13051
17.020323
93.387535
234.04396
233.11049
65.15684
-33.00502
18.168657
106.51194
194.00336
-123.77209
70.76375
-10.331724
24.758537
216.50183
-78.81855
-127.10716
-28.712944
-194.5959
58.631527
-17.708431
91.088394
-90.37864
133.10837
-26.67564
-16.173435
-82.04004
59.29551
67.209465
132.94063
-326.3003
17.722763
13.826504
