488.04877
1193.7332
140.50137
710.9981
1345.5956
1108.505
-367.35934
448.99054
184.43498
-112.65751
-73.19659
-1811.1681
-889.2377
-782.39087
-400.2112
-924.3886
41.757896
919.99524
238.30533
1447.546
-13.007145
-1565.68
-494.44678
-141.46516
-437.90167
-497.68497
-666.4537
235.76614
-466.23453
701.8582
154.00137
-293.2903
409.7987
1896.0239
668.1858
631.9488
26.597946
-390.22296
-49.54629
-323.96036
-846.27875
-712.30365
-610.9394
880.67505
175.15207
-178.65619
166.54666
-903.21783
-989.001
376.88525
-20.64105
384.74744
-76.560234
-851.94885
959.549
303.2511
1880.6301
-675.2741
365.5334
84.77979
38.48502
3.2303417
487.78693
-254.41325
-390.36465
131.71436
-90.84478
249.59717
1853.3259
-272.798
-557.01373
771.92633
-57.73606
-405.25415
48.99108
-1816.473
-637.6645
-1456.3864
73.75924
501.29358
-144.39496
-470.0956
-608.71625
-1192.0496
-404.4109
1832.766
-995.7851
914.11224
1364.2195
561.0699
-851.08014
311.82852
831.57684
-136.1556
88.3536
-303.80988
1012.3877
1264.5018
755.93286
112.92385
-830.2471
-442.12634
-1037.308
-474.3331
-1430.0323
-357.4177
220.4668
978.4608
16.397394
-810.42914
-637.7958
674.82904
495.75128
-95.5559
1496.7206
-51.669697
-202.50488
686.0184
56.62207
-1526.3843
486.9227
452.1932
-156.72444
103.568016
329.76974
820.4682
-468.81464
-618.7368
827.89886
-192.29407
-271.74255
-82.60973
-411.76987
-1091.242
-36.429943
-369.4905
-199.19798
389.6228
568.3073
203.4673
-782.8561
135.78003
-1935.1105
-1469.3539
-753.8775
1414.187
259.97107
1382.8837
-46.786716
-297.76974
355.09225
1000.9966
192.08412
-458.0019
212.53781
-34.76485
-730.0725
-40.989162
-2284.177
511.08798
754.4297
-1249.6918
-117.72212
-357.9014
1839.867
363.39572
-469.79898
-142.9868
518.00775
-1032.1064
-601.8219
-166.15326
-128.23418
811.0451
374.73987
698.86206
-212.37404
509.1244
540.232
-1061.6724
180.25043
570.1094
184.17825
-154.86288
-258.98544
-666.23315
1227.079
-261.1103
-1169.4033
801.2387
-345.35373
-985.5853
509.81284
1434.8723
707.1104
-741.00415
821.1879
-366.0465
521.9317
82.58068
-459.31522
854.718
186.3101
887.8525
-245.31615
237.43076
247.81665
-662.2426
-1959.1229
-687.9313
48.105717
-452.33145
-906.8439
-1198.8337
859.96185
2032.9719
-514.83496
1621.6742
-225.5882
-404.77896
23.491179
181.69827
255.70428
-981.452
-555.9076
954.9868
72.437904
628.77576
1133.5198
-140.97865
-458.37466
916.4789
43.330757
336.0883
649.479
-981.2635
-1005.2046
850.6373
-1082.2172
-286.77298
634.61206
633.7081
1190.8119
-313.52902
969.33466
42.39452
-418.31476
-516.4951
-1245.9728
-556.6144
-940.62256
1517.1194
718.7634
1378.8591
205.93556
427.97232
649.93207
-153.67192
-838.1481
914.56775
427.51727
-411.55884
556.66956
512.85065
-711.919
-740.3059
-401.49387
190.22453
-227.86972
-1058.6829
68.48959
-782.1429
75.605194
-1164.2013
492.31503
-394.21265
-450.4967
695.0958
1239.5797
781.0927
25.61045
-22.473888
452.00314
887.98254
1616.0748
-484.58264
-1161.2751
-930.75195
950.2248
81.9608
623.79535
-127.338104
-339.05698
564.25305
-660.18384
-230.37743
-40.557953
-844.7349
-21.856516
-713.2899
-463.60428
-548.56757
-259.82614
-818.2334
-685.5817
-316.19623
220.11446
-878.46326
-862.86914
237.1319
-793.05664
-1245.8352
-264.65326
33.95804
-867.31586
532.7773
-856.53284
-1004.1233
-644.1345
406.03766
-694.92914
-92.044495
-555.40045
-301.43185
-12.70568
782.07556
1028.3466
-1008.5362
323.9878
-151.17435
-171.09778
71.64172
-28.261127
419.93976
-898.73785
690.5857
718.5639
-414.54236
603.7046
887.84784
306.49823
-52.069893
-760.07837
-192.08139
-378.28134
825.15497
125.35177
1567.963
475.86682
723.6536
-217.30101
231.38858
226.5089
287.50046
311.50775
-674.47125
484.1319
-35.9516
-501.63998
82.077095
795.46234
-166.75633
308.30743
-819.0987
-936.2656
426.9132
-655.9095
-113.459206
-50.79334
1640.512
627.80756
-958.0963
-17.399649
231.02979
376.6314
-495.71915
868.1255
1239.357
99.03492
-1055.4397
201.27498
-535.6509
-590.29333
300.92126
-999.49713
179.81464
-312.5919
-1035.7067
608.27985
379.54785
-507.52435
-541.43726
-1000.57684
238.5187
509.56436
414.13388
402.7374
774.6566
-751.8833
265.87784
919.5945
-1562.0347
407.84875
1185.7505
-398.12024
-254.06468
-875.23157
-187.37216
-2642.488
906.0581
1023.31067
-315.52844
1084.4092
203.19534
533.3486
-862.698
-598.1874
196.25629
246.07062
-754.1319
665.62335
923.84814
691.98914
185.06418
699.5667
77.07394
354.90112
-160.83867
-853.09973
-648.16144
1003.9348
-589.1163
242.88092
-359.15155
39.274426
630.8606
-257.73492
23.679182
-1016.7311
654.00525
-568.92126
848.919
289.1072
-98.00957
-118.478
-645.9756
-1449.1675
42.45207
707.70807
-308.9127
-639.4854
1099.9604
261.22937
249.8588
1120.5957
270.98682
-405.4702
350.83286
-235.93939
367.81238
137.06679
-95.433556
390.38824
328.1462
597.3987
168.23474
-2180.2217
761.9717
-155.0933
459.4959
-677.82623
213.03482
309.76035
-4.8175507
1249.8506
-846.30316
358.41452
1376.5118
-887.47424
-952.6684
703.8408
781.26086
-1098.6155
-154.08014
40.24234
-946.5069
-612.25946
1403.2135
2089.2937
1051.7173
-134.1774
1082.2809
233.84265
122.49269
555.27203
641.2299
217.47063
-359.68146
434.76483
382.71942
198.8004
-1097.5677
-1173.3451
309.83978
-524.2877
108.10085
39.108658
-229.14244
-1344.7903
1186.6415
-665.2105
-883.9668
-300.00677
-1057.1891
1141.146
-367.29187
584.88855
-287.91635
875.21014
299.05063
750.77844
403.69177
-952.0386
-270.44986
-16.647993
-682.98883
54.34961
1282.3169
1634.3589
997.7394
-1188.8085
409.76074
1951.5996
481.37607
498.1588
-241.44473
691.0435
468.97705
-574.6722
1085.9977
-64.32736
-872.6788
147.85841
-1039.7777
699.4676
1387.795
-676.42114
-309.35715
-1324.6908
278.7133
668.9528
242.23611
104.58108
-434.4803
-1104.2009
-591.2333
287.46512
771.88226
-683.87354
-315.61234
1312.6309
-1512.523
1045.9955
1183.7104
-611.4252
631.2334
537.1365
-1248.6422
608.4173
-196.26064
-414.4848
1577.3552
838.5191
165.3558
-50.210686
-118.71412
837.164
-552.833
-477.08127
956.14984
298.35007
-228.3457
1232.1454
-229.05768
-1484.993
-563.1752
-1447.3877
-868.4077
-1852.983
715.03546
400.5389
421.78665
-109.38464
-344.97363
-642.7265
1323.5302
-1046.7074
-1830.1958
-329.8848
226.0526
30.643
-186.67638
-1038.3735
892.25903
-775.75037
60.4953
736.10156
-781.99255
-353.36298
-282.61
942.3309
577.7913
1003.2536
153.34886
-249.34486
-4.7067323
-161.8498
672.11053
803.0701
1266.6725
-238.07504
-561.49475
552.9516
128.52596
-1027.8533
1112.3512
-758.8
474.07602
-116.66308
-1003.50305
-1009.55554
-1594.6295
-302.98288
559.821
888.5192
-1092.3639
111.06678
-785.43964
1106.46
302.09848
-522.00867
117.5378
-912.81354
514.68604
610.25995
-1944.8595
463.41357
-161.8008
