-219.64731
740.86
-37.625465
422.46436
-255.98958
296.69974
52.324387
566.23987
371.0192
-7.8152313
285.95108
-1123.4175
-83.397964
11.461641
-105.06381
-877.7508
-377.84808
330.10748
-135.8459
513.53204
-61.139668
-879.97675
-190.91362
141.05055
-554.2447
-293.42154
197.9414
-236.96927
-551.19037
50.504444
-174.2216
-326.81992
-220.24565
960.34235
713.19977
510.20938
506.04584
20.311216
107.789734
-395.25894
-611.64124
-679.48016
-30.859709
105.5296
251.03467
349.79382
124.77174
-350.13504
-286.80826
373.0979
-369.88235
333.88336
-367.40448
91.41516
504.29105
353.2281
1306.4675
-750.98566
-721.73376
-66.89846
-340.21573
213.6002
512.8419
-502.21353
259.41208
149.70845
-96.039375
-398.35156
928.5507
488.90134
-190.57301
286.52792
57.28782
79.325226
44.952675
-227.89511
-358.87885
62.502003
-197.9488
128.86061
-282.00748
-238.52487
-638.25464
-354.09686
-949.3291
995.19794
-916.0757
1037.0013
893.1144
140.54105
-433.57254
475.84995
903.26227
-1128.789
-467.7298
221.97034
551.52954
461.3105
390.64374
-85.33037
-769.9048
-459.28476
-485.60733
-17.253145
-1108.1404
254.96039
1470.7279
674.91986
-323.97104
-29.54515
-796.83453
120.70594
384.82455
6.44486
482.4322
-176.35031
94.19549
453.00604
394.50418
-1042.103
1156.9203
267.01077
452.54736
-550.0483
28.464127
374.54807
-742.5534
-715.1618
761.14044
112.25068
-273.7048
468.5212
-775.74835
-257.47104
-682.6825
345.03366
-324.2446
-44.54653
275.17453
-253.98013
52.003357
-240.17899
-1243.0703
-1100.1353
-465.9757
747.13196
657.9504
912.76843
232.79637
-445.23132
395.6791
794.65234
43.681637
-439.38632
-101.51006
152.71565
-567.06494
-191.01163
-1209.3658
383.1606
566.2267
-845.044
314.101
-27.206646
309.7994
305.67203
-925.51117
522.4512
437.07535
-807.2973
-362.4428
75.246666
392.04858
415.1186
-177.23328
343.90717
124.20441
923.14813
679.28186
-922.76715
-30.304482
24.369226
-221.75296
12.412596
121.587975
-439.77484
618.2053
-480.09903
-603.7924
972.96716
166.13469
-645.0618
-25.265541
791.6896
406.38574
-241.41176
413.77655
-276.11298
122.1526
-315.4357
-407.61523
974.5018
204.07892
455.00598
-88.64998
-83.814644
-290.40323
10.060248
-659.6266
-555.3505
725.09045
124.71396
-749.08
-570.9945
848.6994
1374.182
-577.41327
1056.2721
31.11467
-314.76254
144.26402
418.80695
678.23413
-1044.2369
-829.10956
355.03146
-621.27783
106.75578
204.23074
-747.1286
-206.2308
773.7924
2.448339
-421.2891
395.4078
-403.08316
61.212475
606.74664
-500.1493
25.175755
-461.14993
581.8652
-50.930397
-348.9436
860.7273
-394.64734
-577.85583
379.42154
-1182.9946
-80.01549
-708.1279
913.94556
-180.32443
351.16425
463.82227
131.61488
192.01215
141.5071
-523.0464
490.66595
-53.903374
-464.9189
-468.25125
-262.87073
-0.4109524
-1020.9086
-478.65985
-81.44041
-172.16997
-473.65164
-158.1165
-1226.0164
573.4976
-94.716064
-63.50111
-590.13007
-374.47894
534.97015
781.2162
142.01184
183.88635
78.70416
16.61577
435.47757
740.79895
-297.10184
-978.57153
-675.17084
336.18918
-56.74488
510.3558
-143.60301
402.9823
528.33
-222.68042
233.90839
598.7424
-471.62128
163.693
-387.10358
-318.09097
303.22455
-783.5295
-715.8109
-98.836334
-80.37258
364.56976
-140.40416
-103.06149
-9.497352
43.38761
-160.76854
91.046776
-70.846085
-711.9716
-122.97604
-161.90079
-537.2722
-645.06604
-262.04004
-252.6717
46.228947
-1029.2845
247.82195
-324.6992
1130.8036
526.6946
-132.03517
-255.9659
425.6215
-937.8384
228.4851
-105.676384
1056.0295
-841.5804
671.57043
820.4878
119.68012
266.29794
1158.1926
336.48993
68.90274
-1152.1478
123.63135
-690.5231
350.79434
-128.54004
1326.5842
-69.67532
903.6109
53.447956
257.4082
-25.118431
-123.465996
306.42938
-127.86583
-120.40207
129.37079
-516.01355
-88.45227
62.86119
-30.328587
534.0582
-287.38602
-933.6116
330.2682
-800.8528
318.83936
-40.810387
857.6174
207.12103
-385.41675
356.25046
139.21042
1061.7922
-429.60257
-284.4639
279.1242
-240.1557
-1025.7152
229.73183
-360.79895
-388.9625
-320.0334
-895.94507
159.72638
-87.46428
-581.23627
148.06148
979.108
174.73257
141.25247
-319.17087
-66.53621
-254.52182
-205.81908
138.04672
844.5859
-873.56146
545.1394
759.9634
-369.67953
842.74786
984.9865
-458.62253
190.8522
-480.51013
-379.404
-1623.6217
910.64514
66.032036
109.29016
481.356
320.24042
11.951467
-561.05194
-69.74997
91.57787
-668.5728
-638.574
93.13402
-141.35295
191.75943
199.61813
314.22516
178.39584
-263.19016
-384.75864
-541.54846
-311.19366
847.13776
-596.54755
-7.4383154
-636.47107
423.146
186.40439
-159.24524
-16.307392
-223.82797
-198.54628
68.30922
145.0902
469.57465
-191.20111
-200.27052
-529.15686
-123.33898
-213.70076
365.14
-483.40594
-41.006493
326.8419
-265.61786
528.47797
444.6899
387.3382
-745.3201
253.15942
-330.21158
-463.84985
-16.576542
311.01202
-200.23756
929.38776
273.98843
-349.77292
-1159.1017
948.6898
305.00357
207.27731
-430.44196
-451.58514
21.40177
280.1959
682.49005
-587.37634
372.3259
963.35443
-571.80133
-335.51117
288.41818
218.60799
-900.19
-94.22164
114.43932
-1108.6864
-758.078
671.8488
824.29047
143.04466
40.668205
834.5896
224.87468
-433.7318
0.09305519
-618.0841
-267.99298
-94.417336
338.51114
353.30304
367.24954
-236.0542
-963.5464
481.86932
-298.38425
228.23949
-535.533
-12.283807
-467.10406
-267.3127
-215.12543
86.23675
-20.325817
-951.93774
339.8644
-493.3964
33.8332
191.58945
422.0042
153.79349
923.8324
553.3709
-397.38477
-271.01358
549.7071
-40.856117
-440.1758
726.70483
818.29114
382.6035
-841.8354
60.20691
1296.9835
489.42627
-43.62935
193.24963
-75.43176
648.82184
-604.80994
788.84564
-208.9632
-233.51447
-352.05746
-189.40195
-23.066961
513.88965
9.026147
-321.5598
-1013.25037
220.74815
233.73073
769.5993
48.24545
337.14774
-996.60034
205.52821
11.824973
-18.29317
37.41883
-243.57553
566.3626
-1284.317
734.3782
801.2304
-317.60767
-144.88586
325.43085
-423.19296
247.63446
-72.57471
-224.93077
58.68839
475.11584
630.1456
399.0124
362.0438
-23.3684
443.1389
-37.60711
504.74564
614.5629
-189.60275
1295.0404
-139.5436
-1212.726
18.54049
-987.26465
-389.39523
-1224.6465
593.86444
-300.25705
-25.264406
763.48236
-57.858788
-1040.0533
466.28122
-235.87524
-921.6585
-53.415665
530.8073
-431.59073
-50.881413
-63.547546
1249.046
-1171.9823
-4.256701
311.19992
-183.142
-191.37402
-501.78583
484.3092
429.34732
1025.4432
284.42413
-142.83809
-492.1478
65.80798
604.6177
1063.9272
1017.8455
-540.84973
-630.10144
106.073586
134.86081
-633.34296
285.4538
-616.447
1280.7404
-205.98273
-775.5014
-133.56985
-441.54648
-213.77823
389.06754
687.25543
-553.8658
132.71225
-562.413
595.5103
132.64186
-134.07616
145.30452
-654.0696
15.988976
555.43555
-1478.797
318.03952
319.16217
