-708.1087
569.6483
915.5898
285.85452
1338.2131
1361.3325
-781.32605
911.8507
-99.96386
352.089
-691.52075
-1243.9962
-1267.6602
-1294.9479
-715.6456
-1781.3002
-1683.1243
464.13654
-259.77167
1963.072
-486.92523
-745.7304
-257.76486
-129.98572
-1468.9198
-207.50078
-904.9202
-85.7781
-1111.0375
103.97708
499.02206
393.0988
729.17004
2211.2014
1687.9567
1238.1663
-134.27122
-727.9683
-100.07945
-398.742
-590.8406
-938.9984
-389.91885
346.94913
667.9763
-300.02484
-96.943474
-801.5414
-981.7957
611.1666
629.1806
131.74504
-159.34944
-1347.3466
1641.5873
-555.65674
2121.7834
-124.39439
720.2639
-381.16
-57.132652
100.01525
292.99472
-1086.835
-73.94041
593.0464
-586.41925
581.86053
1673.7246
143.579
-1002.01605
-128.6643
375.21527
85.7857
527.17285
-1329.5919
79.95486
-1237.4744
-266.3771
749.78687
-153.13676
-735.50226
-681.513
-730.80634
-129.22896
2531.6565
-1319.0262
1055.2709
1451.6877
668.80615
-118.25359
417.52365
953.33234
847.3388
-545.392
-5.5261307
1670.5673
920.3985
755.2024
348.9074
-877.5333
792.815
-1041.764
-264.26947
-555.6106
-76.04273
-64.11441
1415.161
-231.1882
-944.3399
-1177.3043
1280.1252
78.47923
-706.18317
1035.0338
-182.817
-465.47543
280.97354
-694.6081
-1856.163
248.89844
606.38275
-83.24961
49.030872
-294.08786
666.7604
-628.35944
-818.22864
831.11237
-848.68304
-227.51486
-274.1651
-431.93448
-686.59753
-266.7974
-1007.01025
16.489405
812.73895
569.7708
945.6024
-589.5337
290.66687
-1522.8676
-1509.716
-227.95432
1094.4799
-241.84035
1539.3964
52.546055
-417.4685
886.8562
1349.1526
-151.41608
13.086454
307.6659
-917.12146
-618.2126
-665.01843
-2438.6914
534.1127
536.68414
-1438.4475
176.54082
567.34406
1733.3987
1103.5063
162.47464
99.19956
963.74615
-1935.1572
-162.18777
-993.9498
-446.8003
1000.8131
517.111
244.04999
-71.40035
563.7702
421.56226
-1434.3207
-112.893295
700.77594
-276.92715
-849.8831
-484.24225
-192.42789
1194.2058
-129.9216
-923.6186
329.11868
121.21109
-785.2149
-155.40462
766.2233
48.767326
-1019.6621
1030.9985
-442.00388
544.20795
578.5045
-29.5493
1723.2826
108.70829
1107.1605
-63.513412
664.91766
757.77356
-545.00574
-1680.202
-203.39203
-207.54146
614.7958
-433.9982
-1928.0065
653.78876
2245.4233
-216.92802
1174.3529
-251.47812
-240.92915
-523.91016
322.5296
786.5332
-528.69684
-67.99265
507.68973
681.0939
101.53011
535.0755
-609.917
-413.87772
854.5588
-147.67305
447.18884
948.70215
-1630.578
-1786.0826
1347.81
-609.4663
-434.17877
163.96582
719.8985
780.204
-227.03053
1323.5566
-321.86243
-340.53976
-882.0929
-1473.8177
-1154.4609
-1074.5554
1783.844
406.3422
933.83795
-497.3087
580.3487
961.79193
36.016308
-471.07608
504.25296
255.51555
-586.02606
542.42096
1045.2622
-331.2318
-1084.4702
-94.723495
-31.125172
1025.0422
-1574.1123
323.6525
-1476.1432
-503.53192
-1379.0583
250.25711
202.88765
-1186.9315
1127.1215
1110.6543
1105.1345
-329.97095
228.91003
466.8309
1006.72797
1061.7844
-1309.6692
-1478.7435
-865.85645
1580.1747
-130.18994
-416.67
355.86298
-954.0844
160.36371
-942.3083
110.67332
383.87994
-323.60953
-842.7459
-426.26477
-620.804
-968.4675
353.44223
-924.4566
-552.3886
-186.29071
472.69714
-210.20572
-1362.0879
254.50726
-381.47964
-1594.1621
-34.419853
552.7748
-978.57715
1787.8804
-818.667
-462.15396
-890.2929
898.1631
-181.60799
-66.8651
-1102.4658
-731.1549
66.468414
717.2037
1658.4243
-430.7134
550.6301
-49.174156
719.2873
214.62523
-426.17984
411.15375
-1686.9825
943.41565
1254.2426
-169.26424
654.10767
-107.17597
279.72073
749.3336
-209.56033
-604.22577
-794.618
161.7952
-67.16667
2742.923
-337.23886
234.3024
428.22458
520.88153
-794.1803
843.51404
24.060303
-857.05963
518.2652
59.79412
-197.5733
272.39206
1064.754
554.80273
563.7112
-809.31537
-575.76953
375.3521
-990.32153
-20.343258
3.5311763
1603.1573
682.15515
-995.927
-129.80087
1087.6614
-385.27567
-426.0433
216.5542
1241.5149
-113.2346
-1623.5847
-311.93808
-469.1715
-884.4108
1240.1423
-1111.7239
341.68787
121.16399
-1383.3218
949.1764
571.6283
-1333.4938
-1346.7366
-673.10065
399.30496
45.730293
353.28305
580.1531
1033.45
-474.19556
-200.03148
470.81537
-1235.3824
576.32416
1634.8416
-744.99786
-510.47787
-576.93475
-234.18307
-2766.2947
1840.4528
872.08984
-923.1796
1468.4912
288.25854
991.3626
-650.5495
-723.22485
1101.0281
510.60873
-715.16235
423.1672
1076.4373
133.95201
256.83386
179.81505
-312.93573
166.41605
-167.1747
-1075.1089
-1411.1035
1534.3281
-274.56335
680.4811
-385.8351
-810.28705
385.05096
-56.419884
-252.05391
-1642.7859
-68.4415
-281.02844
1285.2622
-178.60037
-315.28275
-859.6428
-1091.7107
-1704.5432
273.32574
552.1805
-1268.5077
-1315.4597
1308.3931
647.10516
233.44244
1443.0693
322.29172
215.9871
998.37604
-785.4777
-63.507504
-260.71115
-952.6361
348.0314
187.69565
1551.6512
9.500888
-1729.9198
1428.9604
-376.76816
17.123453
-122.52188
370.205
492.35406
100.66945
1646.7429
-706.37036
643.91815
2170.7375
-925.1377
-732.0011
725.88025
654.89984
-1213.2866
146.99019
-391.17517
-457.82034
-699.7339
1414.126
1829.1576
1155.9893
391.82904
1603.2687
13.750351
-268.26425
776.7185
1191.9004
-94.0587
-340.0392
425.03006
104.73631
-111.01482
-747.8439
-420.26108
838.8541
-133.63484
242.23941
238.68198
-617.1513
-985.3974
1821.8584
-928.7997
-1098.0676
-453.35843
-268.29013
1684.1669
744.3367
804.5907
-113.71259
766.99603
742.48627
552.9231
1134.8337
-162.90192
-374.69516
201.28343
-362.967
43.762516
1626.4551
1126.1969
1765.9991
-1467.5114
818.73444
2271.4958
203.48976
-683.7785
-430.9956
299.1478
835.7409
-849.79193
1983.1915
557.9168
-1196.1171
-86.910515
-1902.6134
1102.6035
1474.2848
-1201.8594
281.58554
-1320.5222
-635.3587
506.4849
-118.83353
73.48309
-905.1017
-807.1915
-109.26259
275.45175
910.44415
-1098.6417
-985.97034
1264.5961
-2259.539
807.63605
1248.4083
-451.13406
456.1014
222.09866
-262.6842
687.9345
-224.59343
-255.72188
1094.4712
1129.5459
-311.484
83.46772
-344.11734
619.75055
-423.12488
-692.4092
1098.7762
-102.01519
-201.83572
1435.6241
-427.12354
-1357.8408
-475.5401
-1482.9398
-776.4339
-1603.7032
396.59857
134.45284
473.85474
293.44922
-560.4081
-944.8074
1174.5863
-926.073
-2024.2269
-349.41626
-373.51334
1302.2242
577.30865
-210.89969
753.85364
-642.71027
546.15753
45.780354
-807.7997
-58.152836
6.347977
689.0725
-112.80805
605.26166
539.28125
-497.69296
-221.8908
-62.68438
487.69073
899.48816
916.35803
-616.37726
-477.79993
527.19574
607.283
-882.26447
785.3419
-1186.0913
344.83725
764.79407
-1358.3644
-126.18972
-2038.0791
-507.79724
552.3536
1087.1346
-1054.4255
308.63205
-827.6397
1401.8965
111.63687
-557.1328
506.41998
-1080.3405
194.24248
896.6397
-2709.4458
835.93646
188.62613
