-990.8747
525.39044
1098.6854
135.6977
1211.4088
1009.8645
-571.81964
867.56445
-78.92167
479.21936
-790.60297
-1210.5609
-922.9621
-813.71027
-160.51628
-1793.4291
-1600.2262
244.50221
-642.91455
1456.5938
-576.52795
-751.9376
-116.73708
-477.83383
-1226.3639
344.8156
-557.1745
-408.44455
-1536.5615
281.58832
725.2133
179.86467
1368.9863
2049.4553
1816.3265
1341.9203
-395.9132
-445.61688
-154.05257
-421.2784
-379.7852
-1532.4432
-808.0344
1334.8522
723.25244
-565.18036
7.5091553
-1050.785
-1248.935
818.50977
648.24756
-179.5245
-151.48518
-1501.3094
1979.4854
-637.95404
1812.2489
51.942226
730.2976
-424.1422
-263.81546
266.06403
-8.627863
-1172.3451
-145.48848
736.7713
-735.17914
581.63165
1826.852
11.812512
-1288.4872
-151.32169
200.12813
-105.863785
430.36877
-1175.148
-77.16644
-1374.7834
-561.6889
678.0686
-304.8286
-563.8367
-334.27557
-339.9084
-289.4926
2476.5593
-1522.0759
728.33014
2004.0836
352.7551
-831.0656
236.4413
791.99976
759.9128
-884.8843
-41.259373
1709.9675
651.1681
675.7492
469.4716
-905.0552
179.1307
-959.5067
-382.05222
-815.0564
66.11824
-352.04843
1125.5964
-68.062744
-836.302
-1337.7831
1404.4479
-64.87137
-332.48062
1158.8533
-180.30862
-1003.7642
487.79422
-337.02728
-1603.2125
721.5583
494.3952
200.76299
11.822298
-710.1107
384.145
-603.23047
-1151.858
687.2996
-561.6323
-535.8099
54.136322
-668.0889
-844.33795
-379.96375
-1337.7855
160.18134
1135.4137
148.99832
879.95636
-747.2191
509.15158
-1328.7952
-1302.5334
-463.80075
480.96524
29.322535
1501.0449
-545.0954
-628.24994
1136.8556
1445.0062
-811.26794
-57.716537
821.27344
-778.9613
-1030.5775
-767.51373
-2322.6182
355.9639
881.8239
-1842.5028
100.42955
712.7814
1807.424
870.75195
49.82024
343.4543
1311.3947
-1855.1802
35.207775
-1094.8223
-333.9083
1116.457
848.8876
51.98949
-487.53552
365.26834
497.82263
-1259.4408
-278.76343
753.8325
-230.37357
-464.9291
-670.6159
-574.17316
1140.0105
654.05963
-1016.6586
354.18762
311.60345
-1261.6519
168.78302
729.21063
-448.50177
-814.1411
1389.595
-53.443737
326.54404
206.16272
-576.8836
1419.9479
159.7234
1179.3916
-253.28642
661.27765
1261.9181
-611.846
-1130.0829
-513.8724
311.68298
812.3963
-487.12335
-1901.7837
-8.832072
2721.5544
212.31325
1210.0438
-264.91196
-134.65709
-415.43326
352.36542
769.12006
-329.58154
-11.196604
487.1881
1033.1147
524.99713
673.1242
-545.3133
-118.85019
1116.5542
-352.12073
37.13215
576.72675
-1461.2781
-2448.2136
1306.9028
-725.1557
-802.5731
-327.09384
632.4727
697.38043
-537.3341
1267.1794
211.6409
-70.33696
-1132.4958
-1753.7803
-763.65796
-985.22455
1876.0709
219.3655
1609.0225
-650.79425
444.84955
979.18176
60.999863
-299.01202
990.8556
527.9932
-1174.3121
205.43202
867.8709
-138.49065
-238.06264
-403.81638
101.87313
1144.9877
-1658.3357
-21.74978
-905.21387
-575.4529
-1489.9229
430.43506
-19.201181
-1144.4313
1344.2644
1209.7069
1186.0216
-94.91273
157.4509
513.5231
1137.3202
1076.8523
-1666.4023
-1554.5116
-845.7942
1319.1122
-567.5694
-332.57474
165.49872
-790.98083
227.77658
-1229.274
513.7476
514.83673
-754.2911
-1268.0092
-777.0141
-997.14734
-1594.904
336.5164
-1291.6703
-875.35333
-228.13165
763.4532
331.28714
-1434.4097
-57.229843
-441.504
-1197.2153
-453.71524
887.49506
-1419.2899
2347.2056
-951.9877
-605.1652
-889.55896
690.8442
57.783108
-226.87798
-939.47754
-863.4679
-306.88126
517.7798
1122.1318
-644.45435
456.19073
378.6555
1449.9154
339.83722
-560.1587
710.58875
-1483.9254
878.8085
1158.8534
392.9948
796.6944
43.120377
48.148335
616.3339
-945.3939
-652.3077
-902.8583
-258.07996
-164.78003
2122.2803
-363.24158
389.25156
252.7342
-6.8479905
-1073.4386
980.2032
325.85852
-969.2442
79.42232
-472.90173
441.19122
253.5968
687.616
620.6229
453.9143
-378.46
-455.68802
219.69365
-1113.0863
84.10838
-295.2098
1087.3615
972.8018
-336.60135
357.90073
1141.7145
-525.08936
-1067.6202
147.04378
630.2262
-285.5914
-1286.0571
-490.8425
-137.51581
-825.1281
1077.2896
-677.3018
412.72507
554.936
-1467.5289
883.97284
622.5503
-1251.4867
-1413.4366
-1020.59424
224.04776
-256.01346
321.28354
194.89828
1189.5597
-601.0826
-153.26726
366.5888
-1596.4675
523.3058
1474.8989
-520.3217
-290.79834
-165.14368
-539.4854
-2742.2722
1529.5884
538.4323
-1001.1591
1214.8998
493.4066
1044.6252
-755.26074
-479.34744
1436.1338
940.6497
-1022.73456
739.2879
1084.3431
-176.77626
-185.81425
434.16754
-453.97418
557.5567
-125.13389
-1355.6124
-1371.5609
1488.5938
-232.99055
688.3686
-780.9845
-413.92404
649.999
-477.92303
115.13485
-2159.7402
-610.2571
-1019.5277
1162.542
-30.09164
-651.19794
-1205.7234
-1012.48364
-1935.4163
56.564278
471.80652
-1605.7473
-936.79944
1346.2098
530.1787
185.42981
1589.4801
105.12491
111.968994
973.8183
-855.4424
-473.6242
61.742245
-1153.3446
457.984
-501.49405
1456.6096
179.81471
-2184.712
1395.4475
-419.09094
-157.4309
431.64886
300.06186
417.84808
696.51544
1399.195
-309.65616
1087.238
2728.2126
-992.08575
-1146.9001
419.8581
158.72342
-1297.5833
19.903189
-606.7893
-437.4728
-477.6294
1423.5938
1931.9309
1510.765
856.2919
1033.8158
-140.34682
-353.1608
201.91252
928.1083
305.59766
-202.12773
409.49698
207.52643
-357.41278
-60.294037
-384.70697
844.13226
20.70258
-98.84279
14.998904
-242.34825
-1316.4495
1854.9496
-1184.8854
-1079.0621
-337.5018
-482.9612
1508.3518
596.27704
872.72766
-588.8698
521.9281
926.6517
840.152
206.51114
-165.98636
-473.57254
812.0606
-806.6424
750.86273
1664.3046
1685.6212
1863.0277
-1548.3763
543.334
2336.7817
555.5061
-463.7825
-478.93817
297.76578
394.03735
-853.148
1801.0122
813.83325
-1209.7612
-543.4877
-1654.2661
589.561
1694.6938
-1357.855
-77.5591
-1148.4133
-75.207924
547.1721
-40.30774
221.376
-1207.0406
-800.6275
215.07285
341.15262
1213.9603
-400.37344
-1104.2828
958.95056
-1938.0894
957.41046
1576.0323
-819.117
458.97723
162.62727
74.70192
989.16943
35.516384
114.92836
1099.4504
1463.1707
-230.20912
-572.225
-345.13354
780.8482
-343.1173
-727.5086
1385.6512
22.940924
-351.2753
1829.5903
-519.36444
-1580.5319
-607.7892
-1657.267
-508.86026
-1764.3545
288.55765
405.8309
484.37036
-42.120464
-288.88336
-876.5097
1068.5094
-870.015
-1480.0215
-108.94863
-384.68445
896.0916
143.84312
219.75104
923.5696
-818.6209
692.5942
234.48401
-872.5958
-91.99671
453.91995
398.2561
25.854687
391.00223
540.47406
-445.89084
-559.21954
261.04877
258.67673
742.2873
851.7598
-502.48517
-270.77744
404.44714
617.8311
-1196.2797
988.93024
-1089.2659
855.2194
951.9874
-1367.1517
-213.31279
-2168.4688
-634.0689
634.2355
697.83374
-806.72675
33.87986
-862.08374
899.7623
-197.9362
-845.502
302.36795
-1429.9755
447.40915
1151.9193
-2827.824
354.47867
538.54443
