-387.05887
971.7151
-116.4662
323.26236
673.8843
506.07953
-138.23796
561.5505
-52.798317
-154.71935
-10.349828
-1442.5623
-73.445885
-575.24603
-285.02084
-1078.5665
-286.96448
1040.4601
-241.85042
1146.3259
-7.3775563
-1481.0094
-149.4877
-25.848343
-264.80624
-390.73544
-98.279175
-328.9843
-746.26227
349.01382
-174.50275
-392.79282
-61.153637
1174.9752
639.7269
818.7492
248.97618
-45.57821
-405.33527
21.525877
-596.8525
-600.0445
-63.914867
85.06903
517.1532
-158.19736
352.91208
-661.387
-649.0134
175.97035
-187.10577
401.62088
-194.63127
-158.73683
901.3327
148.2585
1822.5991
-901.0119
96.04475
-144.64105
-275.7532
151.34416
198.50226
-326.76852
-344.69214
196.66795
-372.14865
43.721146
1453.7882
5.501262
-584.3366
66.502525
-265.87393
216.48177
336.1723
-862.3123
-660.76416
-716.1631
88.487595
230.06805
189.94714
-524.11304
-700.5158
-738.17316
-576.47974
861.9961
-1089.2064
1265.4615
1256.917
706.4239
-595.26843
756.53937
999.24176
-483.79636
127.083565
-46.20615
324.94205
1153.3167
631.03534
340.50214
-1019.76996
-442.50003
-875.75793
-619.1421
-1288.5266
-62.591534
801.9931
1284.8098
-104.54386
-449.7633
-615.89856
197.295
434.58188
161.14156
1014.00995
149.60168
499.9057
335.874
210.22925
-1151.3993
1080.6909
54.092205
95.797356
-552.52625
41.953697
359.53534
-830.8465
-419.15897
756.40015
-216.92574
-20.256296
500.40778
-785.0629
18.704374
-136.01936
142.56952
-420.39996
396.3312
384.25415
-180.88318
-56.786007
185.27022
-1812.8114
-1130.0499
-739.1107
1095.2656
26.621618
785.8918
56.72856
-532.71436
876.1264
357.52698
-203.78517
-403.14374
470.93115
141.99843
-688.1143
451.165
-1735.0446
193.2452
1173.4601
-841.54254
92.993454
-367.36914
813.01306
638.80237
-700.30005
207.10797
530.3526
-1185.3597
-410.7799
78.11323
3.217292
429.33316
439.1275
248.4758
-88.45405
960.1464
116.98873
-775.1631
155.83551
480.1404
-459.69778
-331.63214
156.54628
-799.0625
1184.0643
-409.547
-986.5658
1264.6813
-91.04004
-1150.5447
373.9518
1295.3347
407.44293
-592.73315
578.20544
-383.35745
-29.571672
-514.5408
-106.98085
1575.1844
292.92105
445.0868
-107.70477
184.8061
33.452976
-394.14322
-1474.4264
-594.07104
244.22104
-217.34512
-941.4008
-463.87042
985.11194
1775.128
-528.9661
1218.0123
-171.68912
-6.035594
-37.19477
57.19407
711.52374
-888.27185
-880.5559
1164.9589
-388.8731
132.79846
1035.8102
-277.82144
-244.38184
966.8374
-509.0805
41.605644
164.61116
-808.327
-474.75433
434.09283
-952.6425
-269.54852
-260.63425
628.8871
709.7589
-456.46558
962.7166
-521.8572
-502.18707
-212.87474
-1313.5245
28.824541
-572.9484
1132.9625
220.96376
828.3197
205.24408
18.09561
590.49603
-242.58028
-464.32138
567.5486
556.8777
-691.7683
-4.1517544
224.58478
-974.4573
-666.4355
-196.07382
-51.25116
-545.8716
-901.8401
-174.87117
-814.5872
306.79584
-839.7523
-114.05314
-259.19125
-483.76328
461.5843
1098.8778
370.77863
20.557423
374.27588
672.9379
207.20769
838.7493
-439.0866
-1325.9122
-937.5078
690.7212
-111.0747
739.8597
10.8027725
-118.93605
374.93793
-443.08032
-177.17165
449.95023
-479.74567
23.888054
-429.72507
20.565395
-143.92886
-307.69333
-1299.9122
-762.7017
-237.76907
537.8006
-320.22345
-723.1912
-241.1246
-553.8985
-594.54407
-349.7499
235.85338
-641.341
455.2595
-716.70447
-901.5824
-631.75525
269.3262
-568.8056
222.71698
-523.861
274.48407
33.73317
807.15424
643.261
-824.66675
-296.6595
224.22087
-458.5661
336.10925
-21.227089
921.1092
-1099.1613
754.7989
720.9942
-291.379
814.74695
1150.7585
203.32607
-102.69382
-1208.2646
193.68698
-1270.8746
534.05975
-39.03229
1305.0496
284.75806
1084.9282
168.20987
783.06744
104.29297
-420.1836
164.14806
-431.4789
-31.36967
-163.34923
-577.0305
174.15921
350.06842
-54.61199
58.11888
-554.61005
-641.84607
-81.01169
-849.2923
95.9512
-247.11023
972.7094
75.09812
-360.75198
499.21268
289.526
1074.392
-745.99506
501.14078
1461.9128
-92.933136
-915.081
228.49084
-488.16623
-248.53014
-96.44679
-985.04407
341.42105
-124.97895
-1036.1785
487.9985
614.3492
-105.43247
-453.81494
-506.9655
355.30466
298.28348
-165.60721
235.34343
548.97546
-1385.5793
535.5792
485.10553
-866.2802
631.05286
720.49915
-26.740557
27.397337
-707.62665
-154.6409
-2455.4856
1049.2904
432.68854
-283.4337
352.62073
475.4504
530.1785
-728.11523
-177.90302
29.56221
-12.415653
-722.1521
189.27814
172.91869
391.1958
175.47928
1195.2202
-48.3062
-128.87625
-622.6515
-921.3281
-663.636
980.75415
-670.4101
43.48609
-840.2379
352.8992
677.00635
-743.8621
-193.54565
-596.15564
2.7070818
-285.8013
857.1696
463.51358
-365.60248
-97.50666
-708.0778
-979.9902
37.530773
579.80176
-260.9766
-212.35161
807.03186
-222.09436
256.89752
604.26025
4.067708
-764.17706
140.81992
126.0894
-405.39548
701.74414
-193.57188
46.514553
833.40826
655.1637
-93.02039
-1720.9979
555.97815
-316.95288
128.78732
-894.3135
-207.40999
48.84651
337.29346
661.9098
-988.89795
490.6307
1066.372
-1154.6971
-716.40533
578.6241
770.0936
-859.8943
-68.953156
91.43968
-757.6659
-835.1886
710.47876
1411.6753
444.30823
-407.16132
983.4961
298.80212
-124.86297
-118.92034
-102.19413
343.71756
-126.20907
355.7715
134.8062
679.03296
-764.3769
-1231.5211
435.08994
-475.8957
230.02367
-542.3602
-255.70555
-789.4569
229.20314
-560.91693
-461.09103
-459.16528
-1172.7781
903.87225
-761.08636
372.4579
-5.980034
880.1326
533.1987
1189.3844
463.98557
-563.59143
-245.55191
78.83363
-866.2278
-613.71783
898.7263
1171.4668
317.132
-862.30145
628.8217
1626.5431
363.31577
-137.30968
268.31577
42.794205
846.0528
-574.50397
1149.5503
-210.24922
-540.4476
335.8022
-411.97137
332.35693
1416.1239
-377.6498
-544.05676
-1055.7205
464.29202
466.3648
616.4258
166.52832
65.60625
-1050.9005
-259.11395
269.3591
347.95593
-534.0994
-355.16266
1276.9093
-1383.0435
388.87628
668.9606
-979.10114
614.3266
367.34622
-860.0485
418.9594
-350.5668
-264.84262
936.20294
397.99908
971.16815
-48.17451
461.1386
355.69232
-114.689224
-110.469864
613.81696
474.38577
-82.09575
902.1845
-7.4533024
-1667.8257
-535.0583
-1338.7802
-533.61694
-1835.3734
439.87958
83.9665
420.66116
640.30756
-238.50262
-729.19977
648.18115
-561.0788
-1332.2325
-28.655159
455.01834
98.03028
27.651333
-662.1153
876.18225
-1080.9795
-208.73953
1160.8827
-992.8811
-248.37566
-179.83984
873.66754
49.980103
604.38727
263.05734
-485.88715
-294.46625
291.6226
663.2403
864.00195
938.0345
23.504848
-556.2317
885.8793
-78.01202
-1130.7172
185.60234
-683.52594
774.2239
-129.32431
-863.66376
-637.05975
-927.51636
-338.13477
1135.6569
836.1574
-315.75897
184.507
-800.90314
1044.7749
192.10213
-153.25064
-36.897667
-402.32043
98.94986
918.3368
-1650.0597
341.01172
227.25243
