-167.08955
626.40717
248.10547
641.3387
1013.35645
1070.2954
-823.9289
817.2419
-205.879
-171.923
-656.7999
-1700.1066
-675.0503
-712.0439
-394.26804
-1145.298
-1052.0104
457.2491
-29.30498
1548.6036
-281.1636
-1354.4276
-506.466
-152.75362
-580.94653
-47.65187
-997.73126
10.839162
-539.67084
664.7154
449.50623
-368.54492
479.37576
1508.368
1377.623
1067.6217
-48.952923
-659.584
7.9322834
-139.57295
-676.2323
-460.9687
-277.37973
408.6949
722.6439
-491.21957
-23.803675
-1267.2501
-813.5901
416.25912
17.336176
34.246662
88.925896
-1420.9266
932.80414
-63.86599
2245.2295
-91.23617
634.1653
-29.545815
-181.97527
-306.21408
631.625
-519.6215
-446.5269
349.86664
-223.11525
153.13864
1887.7152
-93.62458
-546.1162
341.83948
71.14592
-130.671
461.3
-1758.9424
-440.69266
-1429.9371
-10.4986515
745.70013
15.818844
-776.51843
-1106.1836
-1066.1105
-695.19293
2210.012
-1318.0984
954.34393
1303.3992
737.4386
-635.137
397.005
1038.8921
313.04193
-486.04996
193.90942
1339.1686
1286.3372
841.6969
-173.51953
-1297.2968
585.86975
-931.4562
-408.1212
-677.3791
-20.121416
-21.572071
1144.5148
-466.84882
-684.75305
-1133.1995
925.7768
20.580618
-227.33421
1195.632
-19.283075
-526.41406
891.83936
-295.46674
-1539.8192
260.545
857.6788
452.2082
-177.98991
330.00586
903.9209
-753.7712
-643.67065
906.2854
-597.1226
-285.7071
-58.220577
-647.5453
-1050.2338
14.485834
-754.6709
-371.53586
470.33765
180.39874
873.8003
-612.27026
542.5259
-1885.4037
-1267.1498
-560.31995
1243.5188
88.14834
1487.5034
-245.86008
-454.25082
705.7748
1329.917
-187.52333
-257.83194
76.976074
-202.3099
-198.4974
-320.87778
-2108.901
755.2606
491.5936
-1402.225
-19.775364
4.796873
1699.6573
841.01794
-293.4186
-101.77279
589.721
-1339.1163
-568.2607
-167.6985
-315.22968
717.82544
459.33893
606.9787
-164.42865
538.2326
300.83496
-959.3122
282.1265
603.5239
133.29953
-398.04443
-117.03784
-314.8405
1186.9469
-549.84503
-1081.5303
334.3599
160.88806
-633.22986
328.36368
733.8406
777.8095
-665.5309
1021.28754
-413.9835
641.188
158.68222
-269.56168
1302.3236
103.4993
625.70605
151.49391
719.1791
321.4801
-839.3067
-1562.8401
-883.75085
-528.50146
-12.023379
-1219.03
-1661.1028
626.0639
1559.2301
-550.5734
1395.1329
-169.18932
-618.4614
78.255005
198.76108
31.663261
-635.53125
-397.67725
569.27655
539.3409
369.46667
1213.5994
-437.93198
-331.62698
1098.2361
79.86334
557.5828
667.29675
-1170.4369
-1550.7166
1321.7523
-646.0213
-175.07353
280.90607
995.0386
838.3314
-410.29782
1435.6501
-92.87903
-393.225
-906.33997
-1643.2203
-890.9922
-1167.9393
1491.6473
366.76645
860.0554
-260.03314
483.64752
1059.6967
147.13097
-1053.8345
1093.5118
215.18901
-442.16602
549.9355
795.8542
-422.5472
-850.7795
-64.17279
103.45966
433.92117
-1280.317
553.9183
-1426.7184
-253.21
-1398.4926
348.72897
357.2522
-946.0992
1000.3262
1252.7079
982.14716
172.03728
88.69859
538.451
913.48676
1479.1382
-1129.7908
-1605.0869
-1311.7178
1275.6525
-373.86844
26.673908
-140.47484
-445.4205
788.0637
-750.09784
83.11533
-201.77116
-198.70656
-810.0142
-589.1976
-779.38434
-1005.91705
66.92525
-607.4097
-839.2778
111.51427
374.93195
-293.68344
-1441.7529
-80.73322
-469.00583
-1580.4535
-480.1808
219.35764
-609.9169
1016.46704
-888.88184
-903.4496
-1014.5643
350.79187
-617.3387
22.387024
-465.41608
-169.69255
-21.394556
431.4071
763.974
-620.7794
532.69147
-466.41034
155.24406
72.48057
-339.8842
430.76144
-989.8419
805.60004
854.0111
-149.39938
317.63336
647.4603
664.5838
661.4186
-401.2036
-582.0759
-361.91895
778.1167
189.58719
2065.1995
528.6942
435.89276
-16.036646
307.4439
-481.86597
458.5557
159.94264
-630.7191
112.86629
-77.97973
-346.57132
69.31604
942.1334
395.2556
261.7975
-754.7581
-389.42084
232.89311
-822.63257
330.70294
-114.78613
1746.3518
458.4009
-1125.4618
-95.358246
340.17624
-32.07818
-467.5192
340.8619
1439.5836
51.127277
-1592.4877
-143.19852
-170.23505
-505.05704
981.4413
-777.6262
588.5076
-312.37143
-772.28326
580.4183
349.56238
-967.4188
-1470.9153
-711.72833
512.203
3.0378282
574.1209
299.7266
537.98145
-804.0457
-171.888
737.86505
-1489.3792
623.4177
1453.7004
-862.99225
-55.659523
-1212.3998
-46.894245
-2626.471
1378.9481
778.8648
-844.9848
1591.1354
66.443825
486.89557
-463.9703
-778.6131
876.4852
607.25433
-655.0745
207.68929
1270.2711
836.82605
-109.846176
343.0772
-222.30453
654.0059
-412.614
-967.4452
-1178.6724
1012.09326
-194.34378
554.67975
-271.6046
-475.7067
415.44592
-138.9712
-124.22374
-1163.6658
282.0294
-523.0382
1345.4474
184.42766
-69.890114
-492.40366
-1035.9617
-1349.1108
108.1008
605.378
-542.42267
-824.4047
1044.7335
520.2181
436.23154
1668.3584
-445.95587
168.30568
764.7442
-716.17993
-61.00526
47.621925
-343.8238
250.67682
596.72266
973.1075
35.092216
-1731.49
1027.0645
-372.76752
95.42811
-530.9191
662.3746
365.188
104.611824
1563.214
-507.1938
538.9541
1793.6462
-1214.8943
-886.06525
225.92143
745.94275
-1118.6436
120.806244
150.21507
-819.1278
-877.42993
1509.4088
1835.4131
1275.0447
-115.7074
1406.2563
187.9712
171.45065
464.2253
863.2581
62.304596
-578.1213
286.40967
-25.099884
-138.63014
-686.502
-852.7364
591.9525
-874.30066
183.534
-72.353836
-184.62769
-1272.4164
1533.2235
-930.46564
-1028.8054
-552.2268
-857.52826
1235.2745
-51.95129
426.0974
-231.47296
350.14133
329.49496
926.2719
796.8705
-728.3312
-554.836
421.30927
-513.3581
367.8513
1452.4714
1662.8805
1481.8405
-1072.3593
526.85645
1908.1492
561.10583
152.67754
-323.8171
554.13257
754.20105
-771.81116
1764.2463
413.5898
-934.6499
143.92659
-1488.2982
1024.8884
1462.4287
-848.2597
123.53138
-980.1197
-185.74097
636.42834
39.547825
363.49167
-45.956985
-1078.6646
-190.72955
256.03604
842.15125
-1123.346
-211.14096
1208.0092
-1930.0884
973.3659
1284.8378
-395.31223
190.3085
281.2548
-601.0605
773.8148
-62.064285
-14.790706
1445.5732
1152.4683
-44.595676
18.651432
-411.8236
430.55243
-634.2611
71.11529
1372.801
297.34503
137.2864
1607.4673
-6.233854
-1164.8303
-827.1369
-1550.0856
-788.94165
-1456.9244
760.1461
425.4413
372.9087
19.881224
-530.35876
-489.41104
1172.0687
-810.6415
-1722.255
-454.9552
122.11289
667.8404
360.52216
-490.5464
1180.1187
-605.49866
337.35843
71.4404
-841.51013
-154.60066
-273.94238
1196.692
304.62106
968.27997
456.4591
-350.98035
-409.06927
-111.0266
555.3274
912.51117
981.6451
-538.18604
-415.8334
325.35745
455.50177
-502.28967
1152.1707
-1118.3237
457.5386
381.1414
-1371.1476
-691.2181
-2029.1028
-836.658
640.493
802.44904
-1040.7389
165.51062
-612.09015
1481.7292
455.6531
-816.3103
297.35013
-1217.9485
-376.01694
581.91833
-2273.1882
238.2533
-73.291855
