-771.4047
480.29272
934.50226
161.0837
1396.8156
1075.6018
-910.29407
886.1217
-175.14317
423.2569
-794.2584
-1256.0424
-1195.5762
-1114.074
-486.45758
-1927.581
-1542.8239
465.78674
-160.07478
2324.6768
-520.70685
-903.4968
-351.29514
-95.41968
-1380.6252
-127.8206
-919.8116
-381.9923
-1473.5631
38.51659
597.0848
332.08237
1093.3776
2173.7725
1914.7975
1117.7091
-445.88693
-426.21408
-198.04555
-572.92773
-617.83606
-1096.8915
-546.72986
554.9072
840.29144
-258.24167
-7.108718
-837.8274
-1043.5864
729.53687
449.41315
9.305981
-202.18672
-1453.3108
1746.691
-664.60864
2073.3386
-158.64304
888.611
-509.3979
-155.38443
165.36366
299.4739
-932.80524
-33.424763
791.6943
-433.75568
370.5097
1612.1805
200.2508
-1167.4288
-361.81375
346.28235
181.02745
493.7882
-1445.6306
-105.30107
-1121.2797
-198.5391
803.36926
-202.76149
-722.4692
-741.89386
-715.65155
-286.68405
2481.0273
-1208.6923
1103.0704
1345.8704
543.6848
-60.41659
348.51392
1094.4011
662.91406
-726.94806
76.06264
1656.0681
930.70056
684.9461
412.38733
-994.8267
532.96643
-886.8359
-225.95963
-566.7779
-23.905153
-27.70643
1363.2844
-81.77992
-916.48224
-1148.8771
1330.4113
132.80978
-533.4922
1101.2715
-56.003178
-336.4621
428.20306
-595.99084
-1824.2776
264.1183
676.5552
-321.54208
102.59671
-315.12494
603.4623
-585.53625
-867.40454
802.0105
-842.6273
-304.474
-139.53877
-304.62726
-628.79596
-267.13364
-1065.1152
-101.74181
794.72156
590.2955
891.54614
-520.7666
113.722374
-1478.3539
-1444.5599
-248.86243
810.04504
-108.374504
1489.4291
-148.73395
-295.68155
846.0983
1359.7797
-285.43002
127.474846
395.39795
-905.1158
-820.322
-540.1451
-2553.104
523.98926
606.7287
-1553.6642
181.07175
459.88995
1565.4226
1001.8807
134.25461
81.9742
1152.3633
-1949.933
-84.99578
-880.9712
-312.4674
908.8826
695.30023
104.70447
23.321838
595.8301
463.884
-1314.1934
-130.91078
816.33057
-315.56125
-829.47327
-452.72653
-263.35486
1271.9568
99.916
-1181.5306
211.73947
183.16393
-953.4846
-5.74953
625.97235
-198.46646
-911.0996
1063.153
-210.3763
486.82187
601.3578
-306.41843
2004.0665
262.85986
1258.9147
-60.44446
538.70447
889.13947
-396.76846
-1442.811
-412.37384
-197.97287
564.37933
-398.99805
-1933.4595
557.65137
2609.9495
-327.81723
1288.4932
-128.16139
-171.63689
-478.18604
401.59854
926.14325
-543.2006
-306.19333
329.06277
618.5185
182.55304
512.34357
-630.55817
-410.676
797.95844
-66.96942
413.4835
881.1065
-1608.9537
-1942.1707
1535.1135
-505.55292
-712.9682
-66.62658
514.62616
788.6387
-365.2579
1390.9071
-212.96869
-277.04892
-1091.4908
-1633.6334
-1256.5673
-1094.1438
1689.1652
-37.48056
1033.265
-598.72034
333.89008
839.08716
185.0702
-355.99664
397.36084
248.98337
-468.06284
431.0037
936.4051
-181.81271
-838.4899
-183.10915
69.95468
1008.23816
-1588.3857
230.22575
-1403.7156
-547.9199
-1352.6733
317.48236
78.83944
-1128.5284
1225.6735
1069.816
1131.3418
-209.13234
191.23737
413.9479
898.4528
1250.2765
-1674.8177
-1355.0117
-705.3269
1669.4154
-377.5119
-391.382
262.73254
-919.13184
135.23819
-1030.8805
230.30656
594.5318
-465.78516
-1049.7281
-471.86792
-436.87668
-1203.0422
449.54678
-958.1956
-651.29675
-272.23718
522.6641
-81.31839
-1494.3093
274.9968
-304.99905
-1502.606
-36.65717
363.83197
-1100.9421
1854.0181
-1092.782
-418.78497
-972.4208
936.0221
66.63229
-6.3686967
-1340.997
-753.8692
91.55657
956.0482
1408.5636
-738.6229
601.44696
-30.534496
879.4997
240.11868
-515.5124
709.31384
-1683.815
767.8579
1189.5598
-61.569912
1021.0125
22.944384
258.27896
717.5966
-486.35306
-412.6959
-870.12823
74.059944
-158.23653
2501.8694
-314.25928
-30.34141
440.53772
249.2619
-903.1103
990.3861
30.88782
-1105.3589
407.5888
-283.78232
37.995872
583.6438
1014.9334
608.31415
578.4131
-808.1605
-637.77734
273.3039
-1054.9844
2.69703
315.4673
1474.1619
881.2878
-996.0441
-168.52875
871.7247
-555.7776
-449.45956
521.69586
1155.5094
-325.32724
-1504.9592
-396.7253
-411.44608
-880.07935
1346.1188
-922.87
233.37265
226.00826
-1746.91
1099.3191
619.33246
-1332.2745
-1281.2736
-848.33594
229.05447
-84.69889
423.3901
336.5368
1058.092
-760.7203
9.021269
653.4605
-1386.478
761.074
1631.1276
-533.0739
-304.45285
-509.9727
-78.33416
-2863.594
1594.1918
632.3829
-944.70044
1537.4644
295.75555
923.9162
-726.49994
-562.5938
1259.8065
692.43976
-830.6838
529.99005
1267.5437
112.34306
12.806289
290.90848
-535.39764
371.32974
-55.139786
-1317.8779
-1506.0648
1599.7336
32.283077
668.75006
-573.3343
-622.2782
204.51024
-181.14085
-43.57145
-1809.3741
-231.4169
-553.69446
1320.4738
-43.8164
-518.40717
-950.27875
-1239.2831
-1804.7235
247.26707
631.51044
-1315.0066
-1315.3098
1232.3672
428.94562
404.41492
1443.2018
389.90607
201.19032
1030.7245
-811.70654
6.661146
-278.3831
-892.3123
378.35175
82.63232
1572.2179
-105.61497
-1837.62
1600.599
-367.273
-59.923103
-87.59291
384.0901
705.18176
322.49643
1496.6871
-700.37177
743.87946
2150.0356
-1107.5188
-665.7508
531.9359
531.2094
-1337.7185
220.13264
-323.27924
-659.061
-731.63513
1337.0383
1910.1826
1113.3011
430.25818
1665.3862
-2.5847554
-468.39606
638.718
1067.4142
106.55826
-226.67958
517.06604
189.7617
-171.3655
-654.3612
-347.80942
894.5482
7.911295
2.9510581
24.733772
-404.00253
-1228.5917
1791.9736
-975.8606
-943.93286
-463.42712
-321.79605
1561.0084
590.02234
884.5728
-202.0743
822.95245
613.42267
547.7189
956.6521
-396.08105
-535.0672
567.4195
-586.684
143.64932
1420.3237
1167.7833
1849.661
-1490.9681
749.6146
2383.9211
464.7048
-550.29144
-600.4364
337.47476
787.4663
-891.5565
1858.6451
698.1396
-1313.9948
-13.494369
-1836.4943
1017.1794
1627.8146
-1386.6495
177.73389
-1174.6589
-430.6114
507.0832
-182.19295
-68.57332
-814.61505
-849.1624
122.61771
164.5629
1077.6708
-1015.9428
-1174.7269
1103.4551
-2184.4854
871.502
1226.3148
-672.4469
504.02435
277.98627
-354.28384
936.1738
-184.05914
-116.84067
923.90576
1442.2319
-460.67105
-345.38196
-145.7014
757.8606
-388.95535
-664.5408
1168.341
41.1928
-504.4853
1491.633
-76.940094
-1274.401
-827.68286
-1574.0518
-759.60486
-1650.0056
380.5174
293.66483
404.93048
244.09834
-540.4701
-1228.0626
1257.7345
-783.6812
-1895.4303
-196.36801
-299.13272
1263.2411
594.33234
-174.38751
770.39233
-646.4569
422.16025
185.13939
-848.22864
-115.009636
259.76056
531.3811
-46.92762
384.62534
623.3936
-312.02896
-456.87625
5.7367916
297.12717
759.3484
850.0391
-632.08844
-545.46094
535.3207
737.4598
-882.84985
712.274
-1042.1232
542.24615
902.58453
-1025.7754
-81.656044
-2142.287
-694.28595
670.28174
927.87964
-1171.5421
107.75895
-786.1502
1500.5857
15.1281185
-824.58154
490.73987
-941.9397
455.35175
1213.6642
-2877.9248
719.35657
484.05576
