213.63724
962.6736
8.608922
715.191
1011.3736
1106.33
-747.45905
757.17615
6.485569
-228.23631
-357.44006
-1742.0337
-506.26434
-839.88885
-198.62679
-1120.957
-566.9491
402.82327
-101.362144
1459.9424
-241.30219
-1536.106
-457.73376
-251.92363
-338.54587
-198.94225
-904.0835
183.9638
-744.58594
812.7293
359.53232
-426.16034
345.9681
1618.35
1135.9486
1003.00977
-69.76581
-686.677
-68.364136
-80.992195
-889.8981
-424.92114
-796.802
614.2533
434.866
-590.5077
-89.84732
-1090.528
-1164.7037
367.1398
99.74348
152.69562
-3.087254
-1171.7734
881.67596
462.55542
2049.4075
-522.7937
651.61163
157.1338
-157.12343
-311.87112
561.06195
-459.0052
-255.7138
166.25362
-313.66632
156.5302
1689.8264
80.14696
-608.532
449.62445
-189.06674
-239.79825
280.26532
-1884.1372
-688.7229
-1692.0509
-109.65042
621.1002
165.29016
-674.6001
-944.89154
-1218.323
-720.7889
1958.1046
-1369.7316
901.43036
1122.2285
482.16165
-695.2402
65.768616
778.4921
223.55074
42.358448
-159.40361
1136.7003
1303.4872
609.5864
51.87709
-1220.7826
246.53517
-907.7655
-430.8276
-876.9501
-133.60048
92.51346
1054.1597
-150.30193
-400.4588
-1013.3297
1073.1343
337.123
-278.39062
1455.8306
-241.50473
-308.10742
896.1054
-99.58051
-1903.8301
277.94397
610.66187
589.55316
-173.23463
315.50043
577.2637
-982.48224
-954.38086
702.4215
-511.99103
-57.983738
-84.03465
-536.43555
-696.2654
-93.09924
-615.6396
-420.13544
655.28186
118.70299
545.4584
-405.01077
377.69766
-1823.5183
-1498.6418
-626.48114
1228.1212
22.985668
1504.1544
-38.303314
-416.88605
555.45807
1164.3219
-52.086395
-68.00471
37.081356
-317.09436
-389.13452
-26.239388
-2190.8486
890.6508
712.99713
-1340.2081
-150.1972
-211.5371
1789.1555
930.7041
-175.34653
-46.606907
732.0748
-1183.7906
-438.27933
-248.40898
-243.85547
867.3633
500.18982
594.4295
-43.066048
630.0924
386.33066
-869.6713
229.11026
559.3053
417.75403
-248.49104
-0.5198667
-510.0131
863.2114
-629.7458
-1081.9073
345.02835
-127.26765
-713.4903
221.3637
727.6297
583.6139
-702.80023
969.8151
-319.4681
609.36505
-64.58648
-304.75153
1071.4244
-6.743111
754.1223
1.4509571
379.0324
474.17807
-1018.2294
-1724.3888
-874.81793
-175.81769
-232.53825
-877.3566
-1823.5522
679.4868
1939.6235
-458.59476
1595.2573
-430.75626
-679.1338
-102.367256
159.90337
231.57416
-717.8098
-356.99228
819.5453
420.9188
440.90265
1342.3799
-307.00677
-458.54175
1158.5349
54.25367
217.95691
553.79584
-1358.9348
-1648.8381
1129.3241
-800.087
-186.75352
283.098
1253.6656
747.3894
-399.26215
1315.4323
-41.777782
-366.9854
-708.40515
-1611.6654
-877.1527
-1443.499
1613.2396
240.76468
799.33057
-295.34042
506.21808
1051.5227
-42.854656
-1083.8386
1131.4456
119.3588
-330.79956
532.9532
703.53827
-516.6005
-646.5519
81.33159
124.39636
528.435
-1297.1385
396.37735
-1416.1139
40.417446
-1192.0542
459.82697
160.2826
-659.90936
835.57916
1295.2095
878.9953
41.57905
3.1515992
654.48627
953.4191
1916.2386
-778.2829
-1286.619
-1271.3992
1201.6562
32.98111
340.91132
-389.687
-287.9974
638.08716
-859.01166
-56.332424
-55.477192
-284.72614
-447.58096
-628.8384
-817.09204
-687.872
-222.26407
-722.34155
-470.40265
59.119045
600.22015
-551.968
-1102.7234
-49.930874
-496.325
-1751.1149
-429.8659
306.96167
-897.3053
625.7491
-862.06964
-1036.8011
-1139.0017
552.7817
-558.2418
-88.023254
-531.01465
-92.165276
153.6118
586.1558
766.87714
-1028.1038
370.70035
-478.1675
-28.788818
141.31352
-493.5162
429.51956
-952.8419
1097.1005
910.8476
-270.87134
186.84396
724.9032
455.39432
169.90167
-285.06534
-830.44934
-554.42523
974.9748
176.56625
2099.6816
581.9886
823.64764
-173.6384
304.89716
-50.718575
338.18893
634.7231
-813.5931
218.82162
-122.71171
-388.22784
-115.72635
659.06525
42.443863
130.47148
-743.55133
-546.82605
403.4254
-721.58716
229.05455
-246.2224
1630.2114
573.7007
-1167.9475
-269.2247
159.66309
230.99765
-571.7103
421.7622
1408.8186
202.62822
-1209.0311
171.18591
-373.57062
-499.22446
642.3129
-613.97284
414.7073
-376.56808
-1069.4539
466.4689
282.43515
-874.89294
-1326.7494
-703.0079
450.88538
24.638313
660.872
543.3468
847.07733
-667.09314
30.838116
591.09076
-1591.951
580.3843
1361.5398
-832.1627
-190.85445
-1135.6371
-203.22455
-2635.83
1055.2605
956.13446
-660.3638
1267.5487
-137.20445
521.8811
-294.84415
-703.0973
805.70325
538.7141
-811.669
494.3822
1153.8308
725.73114
24.043516
486.4012
-182.69606
808.15295
-212.8293
-904.4629
-1278.884
890.798
-402.47446
525.08936
-787.6703
-235.62666
648.16705
-439.0755
-228.83228
-842.49316
540.4058
-601.38055
1093.1593
317.21814
-56.82684
-361.37683
-804.94354
-1323.5376
-68.98108
644.7785
-934.72156
-508.51883
1179.2489
516.5841
597.64703
1646.4521
-335.83282
-4.250862
737.40704
-372.34705
185.04839
-67.79507
-223.34776
316.17224
587.06775
1112.9424
50.271317
-1782.7916
936.8771
-150.978
285.32925
-545.99084
679.8144
218.3478
99.09809
1521.8132
-555.6479
695.3558
1726.3788
-1105.5492
-1409.4824
350.92715
910.4303
-833.7839
-153.3162
41.459236
-702.2988
-1058.7561
1589.6675
2021.503
1192.1588
-198.37515
1435.2651
222.26074
296.7137
540.9199
846.15656
97.440994
-553.2096
265.61832
63.475567
-145.62996
-815.41254
-496.9536
246.31636
-729.32666
287.26508
5.9614463
-59.800385
-1187.9585
1548.8682
-741.3097
-1000.4095
-529.90717
-693.0549
1051.138
254.9135
325.10275
-134.66573
361.14062
310.63776
683.9543
489.5311
-859.04407
-194.26286
-162.0282
-508.48776
335.95383
1213.8452
1644.2129
1021.6807
-1041.5481
327.8471
2072.863
350.25665
359.75967
-582.29785
635.5276
540.8791
-705.2392
1617.313
62.777073
-788.02203
145.38347
-1425.4087
994.73285
1555.2687
-656.1157
-11.755584
-1219.4893
-20.723303
625.59174
95.6443
312.32632
-17.390646
-1222.4111
-88.10501
246.69315
809.5145
-899.28973
-385.2053
1315.1766
-2178.3206
603.413
1192.1316
-396.3615
491.40958
346.28732
-525.33325
580.8563
-182.98013
-317.35263
1398.9153
1033.7708
0.5136759
-228.57414
-364.20767
802.32745
-545.37604
-74.56612
1118.3811
148.84518
275.91797
1694.0677
71.188995
-1639.9299
-653.42413
-1260.4573
-685.0721
-1609.8254
657.15137
377.0605
297.44617
42.73291
-339.7341
-568.3701
1488.931
-995.5103
-1816.7955
-604.94885
133.75969
572.6565
86.96112
-433.6547
1138.3514
-589.98285
312.99832
362.88126
-862.2678
18.984457
-356.09433
1068.6677
437.68356
997.3629
229.18355
-324.10278
-283.02026
-269.04993
519.5739
627.5504
819.0113
-545.3198
-587.6497
246.55858
121.83087
-802.6511
1463.0299
-760.1915
493.2853
-41.397346
-1226.7026
-584.62775
-1934.3984
-639.77295
847.3935
772.90564
-1056.1543
402.75476
-642.22736
1211.5444
477.88
-646.78766
297.20212
-1021.68286
85.77969
462.14493
-1907.8423
423.67075
-218.37128
