-25.484102
358.15732
131.9316
183.02396
7.7021685
-33.587017
-71.53529
-175.6829
-4.0245123
464.54135
22.578085
-312.52594
-158.46295
-76.70982
-129.86246
-287.95255
-199.20155
112.96166
-121.56132
223.4155
-71.464035
-29.047773
-246.79749
71.89134
-387.1269
-59.528954
-2.6239667
1.8296988
-242.45581
-92.1035
124.88558
-157.47505
21.464514
316.30222
141.01825
-42.639744
51.328156
-92.68578
-357.90897
-327.6501
-213.8321
42.40782
60.939682
-7.886504
250.94218
117.39956
141.328
-215.89673
72.14975
-209.34952
30.214024
195.87564
-54.689568
242.77242
57.901447
-228.62628
221.11714
243.47893
138.59103
56.73503
4.2639236
434.3962
209.94319
70.03682
392.81012
39.00669
-0.50081795
241.27672
202.01535
99.46732
-123.87837
240.7005
134.7359
74.00894
-118.02127
-315.79303
-246.40984
99.7978
-140.89738
110.70643
-162.68654
297.51163
322.69125
46.58387
71.122536
-17.405434
-44.996742
153.08525
38.872562
-187.37363
-172.30049
166.42711
454.37094
-307.14407
118.56473
134.30792
-86.69762
-104.183304
101.427155
-115.93121
-410.76935
-204.14047
1.9948015
21.522022
-356.4672
168.1147
195.43723
2.9956193
-23.56833
347.1333
-417.29565
-28.653994
234.3515
-31.228905
-177.35658
37.471107
5.0528126
-134.53394
252.7935
95.499275
284.39853
460.14325
-117.99864
47.587593
-180.52481
65.50002
-184.5072
-80.51196
78.45662
68.48125
-257.89658
236.73334
-77.306564
177.76627
-278.06055
374.66623
282.25314
-107.99726
-26.519997
-126.226814
-88.3783
175.32434
64.24164
-121.146355
23.03876
-22.28022
183.45628
-175.23518
146.54768
-319.96738
-26.410158
-280.0941
394.81946
107.27328
200.45984
187.2472
121.50541
29.389183
-312.53735
121.18545
108.70857
81.80153
133.14084
223.97043
-32.00774
-30.582825
153.04814
-102.26196
-175.92403
8.70281
-227.29272
264.34793
-142.62857
109.065384
-81.49753
13.956123
-19.340895
486.71826
257.52072
4.886591
-84.40041
160.26886
125.81542
-109.600525
-314.21695
-26.552698
-48.62193
71.73752
-173.77701
410.50076
-232.1277
15.790119
-146.98277
403.028
268.62744
-326.05667
-106.45044
22.572598
-447.09564
438.70035
38.67033
74.27101
65.15689
50.327396
222.92448
37.32652
-345.88605
126.16706
-69.8411
-251.53873
211.56569
-3.534331
-299.08124
-91.95441
-102.097084
-114.7412
-12.309516
174.5059
-182.06625
-14.449123
213.2647
229.57826
145.6028
-353.15778
135.9547
-125.721886
-377.96143
-336.2427
-55.643337
-27.1483
-23.537674
-130.0128
-139.53117
-128.53342
-1.9954902
21.336151
3.4560196
164.75105
111.57673
-190.22531
196.86966
-258.97702
-44.415592
-139.13954
30.71002
-111.529015
217.20345
-152.16803
-59.610287
-15.84514
-156.5004
-125.089905
77.90538
217.2311
336.5336
145.88878
28.200876
-361.53928
-287.4614
-2.5711267
39.739395
111.99227
-25.378181
265.1177
86.33638
-460.7109
-80.220345
227.02473
98.94177
-263.11975
-253.04625
-372.10953
-8.282168
289.25613
-13.792789
-143.30142
-68.79897
120.85498
114.843475
-72.78993
74.3073
-70.79986
-64.30145
-325.0811
168.44862
-121.87206
75.12705
-160.46126
-70.4347
88.087395
211.4803
-234.68506
303.31793
104.56761
-88.88304
-10.8815975
292.26868
-160.74228
170.10013
45.555824
-256.5241
40.360138
-297.29785
-380.0178
-41.39306
-46.15631
300.49298
-144.86082
-177.96706
-15.8097725
-267.2039
67.299164
337.82062
208.06354
-185.2343
89.04796
281.40186
42.33556
192.40976
-237.31606
56.22501
-108.88522
-471.52274
-355.93494
250.09055
-9.614296
-135.76428
262.0993
-113.436485
194.39828
-376.22064
33.83865
-153.37122
191.13112
-6.6605396
-101.10278
-6.6861115
-253.78362
-48.913795
203.94978
-68.2648
65.29126
-281.43457
-156.13957
-248.68704
-10.312836
69.43465
197.54475
-101.39564
224.47908
254.77425
96.97375
55.627586
72.88656
290.7008
-17.941746
-271.4619
100.30097
-425.88928
-197.17914
-336.68356
-70.4493
-138.18831
-169.66913
-253.24733
241.72717
-258.94147
-23.706152
-450.45935
150.99971
282.58035
-166.16196
220.71841
394.0915
487.32486
-229.87318
57.685596
124.64783
-78.562096
-113.28456
-173.70964
-68.399506
-227.59291
37.11571
-430.3238
117.71635
-42.393524
-218.71754
-116.45711
107.15869
457.4419
100.583626
-173.78778
-187.93967
-82.660866
17.09441
130.19698
361.86032
-233.76434
62.016247
178.56209
343.88983
-155.08542
67.21137
-3.0307646
-296.4701
-52.882446
-27.026562
-74.109085
81.40418
322.92834
-50.073326
19.305393
531.1398
57.458
285.8909
67.24141
16.893091
-88.014626
154.2144
-188.44484
-88.304016
-144.68109
-191.97127
-405.35464
12.1693
-231.2666
-231.25606
-70.85701
48.979195
112.3617
34.330166
33.62785
71.79519
215.46138
214.35449
130.60979
-184.74803
-27.4273
-269.24915
-385.984
297.40613
299.75266
-249.78732
-218.5663
-38.30006
151.00015
-358.54
-17.097553
22.984745
123.17337
338.1595
-130.1501
-11.166471
191.2922
170.70221
-342.08755
603.28735
-263.748
-259.14667
139.17194
-0.33108497
180.94685
-7.113317
-352.87454
-432.76892
-142.99825
361.50082
-288.1397
-25.442991
-97.00238
-74.897644
53.94739
151.65416
25.87555
-324.05438
-75.20814
395.32404
20.10018
-13.65437
-138.94438
-301.66473
-343.2571
8.986021
-400.0635
-14.724412
-68.46459
23.359234
80.732666
105.92696
-76.87052
29.538643
-102.62705
-147.17657
256.27673
158.75688
76.64827
-61.899715
313.25528
-598.37476
258.3133
-176.28384
99.44359
-137.79013
318.01056
-73.82006
-72.50086
92.03798
1.8021994
-60.528027
337.14093
-68.107574
-119.78907
97.39679
106.87037
-236.88875
-41.36853
-6.6978235
-127.85459
324.63235
197.67397
-71.68922
-385.99655
-259.546
67.80805
68.612526
145.63402
-65.40782
57.59968
-5.838205
-235.34998
-143.07578
-97.67533
-101.809746
-25.422098
-113.75728
258.32407
116.23622
98.64743
99.30416
7.627058
232.7007
371.7621
-111.22255
3.9459238
-35.550346
-280.71506
344.00226
141.1694
195.07971
-247.94455
-95.17097
-118.273254
-122.238144
-113.420334
188.62885
75.86462
334.34427
-79.73969
33.44142
-297.9715
-359.83682
143.14963
345.61975
1.638396
-234.20879
208.08672
183.05989
132.80443
236.13116
13.878959
9.234954
171.46883
-217.6633
323.9768
109.6962
-61.04459
254.88116
31.249355
-39.187096
66.55698
-28.033587
59.227493
-4.898084
24.808867
-48.16657
-84.23336
-92.97128
26.713352
-217.32397
221.37698
162.0052
127.336105
-300.241
1.7087827
-15.898038
146.63393
132.01465
47.513668
439.23776
-129.64217
-202.44743
189.59647
365.42783
190.30736
87.5318
-478.95462
-18.240599
-45.497112
-125.55488
-32.00754
-237.20215
513.8969
42.922726
118.79016
-222.92049
-76.19574
158.81204
305.41113
297.99475
52.79637
-90.257774
-28.838535
-105.41759
423.29944
-126.27639
79.63204
-78.49412
-99.51688
207.73904
270.93414
-263.30508
-196.31142
-293.8604
23.66035
-81.249084
39.676777
-157.4546
90.3593
-130.91763
-24.916895
28.452744
26.062963
174.7943
24.801668
-421.2389
87.290665
285.18518
