-235.35728
304.03207
221.06076
508.83722
310.01828
-305.8853
137.0647
-27.23812
485.7572
500.47562
132.48714
-768.8081
-305.97275
8.032535
-37.308094
-494.4726
36.101612
219.0719
-40.429104
150.23463
490.74167
-272.04984
-391.5899
472.6317
-353.68073
-224.69492
364.305
-7.552819
94.22744
-202.82251
-64.19623
-185.67542
-346.7857
644.47375
656.1946
353.4776
322.52255
156.40187
-433.50888
-644.9154
-680.25867
-218.05296
610.985
-149.46
434.43243
54.26756
457.02576
60.654034
-339.41357
64.31213
-735.8493
-73.45678
-220.78333
6.682472
-90.39374
236.2854
895.5514
-79.345795
-32.550587
82.25886
-349.99393
7.953394
607.8207
-316.12454
291.94107
367.94852
369.67477
411.80246
211.92433
94.37869
-227.10648
388.82477
-161.58084
103.26414
-37.86502
-307.20316
-363.61835
-336.70218
370.35382
202.16623
-693.03564
-24.506401
168.84253
-162.88376
-601.11975
321.90652
142.95741
323.45886
381.01984
241.29863
256.01196
191.69827
1058.2521
-973.06396
-322.82114
449.53256
51.664684
322.0412
331.76297
-281.62744
-298.80197
-11.421562
179.84209
-337.05786
-816.56824
63.8063
565.687
189.45612
-468.48743
343.62793
-586.45624
-155.80844
617.8533
-526.47314
-114.789085
-223.60535
-91.908264
394.15472
-11.91987
-225.65657
1162.052
226.5216
-72.08372
-673.53644
-426.4379
-60.634712
-454.91843
-432.788
445.6942
-256.9074
110.86692
382.89105
-640.18915
185.03343
-551.52124
146.90094
163.43306
-366.01935
-25.041424
-507.90512
-188.60202
200.23293
-481.3868
-347.6629
101.815384
-115.03743
525.5081
67.27311
52.340214
-307.82394
-113.70687
137.03467
72.05159
-152.55971
-471.9915
233.94844
-399.5306
-250.345
-701.0382
-100.08995
-42.72642
-343.97675
57.513786
272.34833
-116.165085
-85.35688
-387.93552
-272.4902
242.86673
-294.67764
-200.52539
416.23563
131.05714
560.3639
-243.42174
187.88698
238.71718
519.00305
264.76926
-376.22473
-178.53603
181.6455
-346.43417
-260.39212
-350.49158
-61.850117
670.4297
-142.54735
259.42313
766.95966
100.46258
86.77883
-431.4085
695.9358
578.29974
-824.8596
-193.13074
219.59395
-495.3349
-102.11211
-167.43425
-55.488182
647.72363
-90.26077
47.476963
450.28143
-206.35515
-51.29201
-718.98846
-638.3945
809.3266
-152.43663
-777.8911
47.9498
35.14388
440.4003
-329.47974
643.6414
-419.5049
-509.39206
162.03026
224.00073
281.50485
-914.4508
-196.08806
130.77486
-244.95616
453.36288
134.27122
-520.9604
260.15808
438.05444
-154.28743
82.95641
339.2951
-477.3193
36.486355
324.98407
-68.0035
-334.49448
-101.572395
6.2790613
-150.93106
-623.0375
590.507
-61.34455
-261.76712
170.91068
-578.72644
-75.662094
-929.2351
657.66785
232.98436
478.62064
330.07614
131.87198
64.15742
53.23717
-285.63898
53.23719
218.95964
-385.7711
-111.071846
488.7028
29.390448
-526.67004
-298.73935
-329.82422
184.51498
-144.69948
43.110165
-458.05994
354.45544
116.75985
122.00036
-337.93158
116.9218
-57.348175
461.57132
-82.91678
109.94316
-287.1205
-195.29811
-139.21341
268.35345
220.61154
-302.56415
-560.1305
-158.24399
-117.197266
188.20726
-286.7622
737.17523
575.2682
145.92833
265.297
-17.682783
-142.706
-289.4611
-540.27734
-293.16922
255.754
-637.2401
-817.54004
272.9522
183.60487
397.11298
-252.68477
-195.49956
-281.50714
-179.84163
20.629871
3.683869
346.5636
-703.4081
346.9343
13.673783
191.50005
-87.287605
-197.41792
138.21257
164.10938
-683.2658
-507.0583
-192.4947
302.97217
-237.12079
512.6837
-194.76259
555.4977
-1202.3906
133.24687
23.74677
734.85004
-291.71487
347.45184
45.5309
10.974669
-159.40758
519.05316
76.27222
125.56318
-475.50488
-10.680828
-431.62054
113.537445
288.38058
150.46909
-150.30542
231.82143
504.08014
-103.82866
357.90787
-182.36745
41.490894
-364.0305
110.43736
167.32114
-340.55322
-355.93814
-414.35437
-472.38016
-312.69467
-359.9258
-696.1147
236.63756
-702.1205
460.7099
183.04567
629.30414
399.88318
-82.452034
223.71909
474.69394
555.1393
-226.1053
-690.33124
194.58643
-493.35504
-695.7514
-130.34485
-205.32361
-322.26028
-122.068
-454.29736
455.86337
-207.52603
-513.2095
636.02386
782.14044
178.55206
-471.75385
-114.72294
111.24253
24.893583
-214.81062
234.51582
640.8887
-334.29236
286.1539
365.78482
-141.53683
409.65988
867.1704
-22.728542
155.88799
-168.49454
-122.9436
-661.8546
295.21646
57.253677
260.41357
290.47818
1030.5785
-162.11073
-172.53743
387.01587
-11.143469
-217.08148
-486.64163
136.0637
42.774513
404.00958
103.314354
358.16226
108.632065
-296.24283
105.7693
-368.3454
-247.37405
588.56604
-598.2772
17.266417
-248.89351
7.274253
439.38388
-132.15549
-87.3586
-112.2054
-43.357403
22.734303
432.80157
529.15594
-214.77612
89.71364
-514.87366
253.36865
23.577616
666.5605
-250.33546
109.42714
63.12041
-397.25723
188.54361
150.45137
429.3032
-366.66
682.6429
-245.29695
-191.88782
-40.977535
11.6638365
366.9945
178.74773
-498.48837
-601.6825
-188.78009
859.35297
-175.82019
-542.9842
-613.9155
-157.47336
38.53967
450.99133
-107.95367
-368.55508
451.27005
874.80133
-194.3127
0.8792529
432.93597
196.0826
-449.02222
234.11942
-39.71366
-332.5983
-38.924564
-264.92236
712.74084
176.44792
-319.1333
443.9423
-83.10854
-215.70375
566.7505
-36.215866
-22.715134
-55.1298
185.67027
-328.44418
-7.8794947
-20.156647
-249.52774
176.13225
-20.05521
94.1812
-237.51045
-608.4791
223.87721
-26.397095
-58.33589
98.68483
109.74224
-548.8555
609.4042
-292.79184
-320.99545
81.733536
36.177742
443.45096
766.8403
-47.069443
-332.37778
79.96355
354.09262
-493.1362
-2.911757
315.76627
435.8375
149.48389
-272.49396
-401.64035
869.9507
553.3741
-283.51797
-496.2645
300.78714
658.0223
-291.45715
866.7769
223.54927
-382.37015
278.88248
95.66044
140.30719
240.80507
-634.7323
155.28584
-434.95267
233.44092
376.3421
-141.88562
-16.6286
-472.61816
-508.41727
53.74952
177.90646
309.12604
67.46016
-430.90747
386.68027
-1010.1656
352.54153
572.6421
-11.933983
0.69183505
417.4827
155.3887
220.79323
174.81097
-74.65122
-175.8043
383.58273
30.284859
502.56503
-107.77545
-120.41872
-120.79565
402.07886
341.44305
148.74619
-45.090717
483.59595
-262.04904
-508.00848
512.08234
-618.31744
84.135254
-663.1729
773.75635
22.622786
-51.962154
531.11835
-377.21768
-515.6099
266.6426
-235.95581
50.156258
113.25292
397.5387
-230.63603
53.29717
65.42039
669.67426
69.97045
-17.142326
197.1839
-579.28754
-154.06822
-5.4614177
174.78123
115.15342
541.18024
-312.27444
-85.77977
161.64673
-106.240204
364.9394
649.7113
668.1726
-137.56276
-279.94522
-290.3966
459.56503
-214.99005
-87.22871
-214.40593
339.41165
-349.32544
-227.61586
24.58694
165.18694
-249.22136
134.27986
510.1289
-15.574953
30.157784
-541.4153
286.18494
9.930359
177.77444
-214.28552
-339.55246
-169.0235
632.8735
-1079.8549
-119.35501
26.867817
