-311.47012
1038.1288
-259.07553
396.96783
713.68756
487.68506
-174.26218
451.61688
56.390335
-304.3539
189.89143
-1339.0732
-166.96979
-546.74713
-167.58568
-1090.9462
-145.34593
1156.6337
-39.873253
1260.809
-134.2192
-1504.1407
98.632034
144.88454
-211.2801
-478.59717
-186.75449
-94.79191
-688.53735
276.0811
-101.51313
-562.84564
-115.35833
1230.7949
818.9507
657.48285
287.15298
16.602448
-460.85095
79.02175
-554.7095
-685.74835
-134.81764
170.54825
364.2136
-402.07333
197.58603
-641.72546
-651.83
281.97516
-209.6887
514.7692
-352.2087
-31.656734
1114.7573
268.14716
1881.6008
-743.2057
-32.28161
42.271515
-65.20751
-29.13764
178.66324
-245.07774
-463.17877
408.5933
-439.41382
-90.46865
1503.3901
-41.3545
-553.2498
95.57406
-224.64
266.80557
229.1409
-1167.8405
-741.4134
-610.41113
198.23952
271.4514
228.05391
-692.97424
-742.57916
-899.6906
-562.8255
941.6436
-1162.9397
1225.4601
1335.9366
668.26746
-576.94037
857.27783
984.5855
-385.84274
207.05807
-238.95322
562.62604
1076.7543
799.5293
313.17398
-993.9966
-562.97156
-1022.11945
-623.21246
-1329.626
-199.70552
642.584
1392.3534
15.26058
-462.7431
-637.5346
179.2957
388.47986
176.85492
907.9507
77.304985
686.4649
304.86682
115.033455
-1096.0056
853.98047
141.14696
116.2839
-414.34973
321.11673
504.12485
-771.37006
-468.66653
817.8721
-348.00305
1.8337803
371.88525
-929.3761
-209.22447
-56.072075
-10.810549
-373.2697
467.36398
499.27832
-384.80212
-154.95169
290.47192
-1921.1125
-1229.6877
-614.9944
1166.4304
3.376774
814.1144
128.5302
-596.96893
712.0322
555.34216
-86.7191
-423.13818
400.64566
-61.952553
-645.28546
335.91617
-2083.2322
346.18658
1202.8451
-961.3218
47.72905
-327.49454
1073.6702
636.7879
-680.9409
387.5921
532.7142
-1263.7142
-397.45197
112.68252
-188.38362
364.6759
544.75946
412.4418
31.247955
1054.1296
55.694477
-717.6705
-16.083754
529.0552
-274.11377
-318.94202
67.95122
-773.8427
1182.5781
-395.8396
-1046.1261
1264.9167
-56.030884
-1177.5122
381.52448
1465.5493
574.096
-649.4498
662.84393
-297.21954
-25.369099
-310.5193
-154.93114
1612.7573
227.64178
686.68555
-425.16125
214.95526
109.792854
-326.87625
-1493.4862
-792.2514
243.41594
-259.9871
-907.606
-712.04614
1024.1417
1994.9355
-554.9668
1308.4493
-166.82005
-39.176025
-253.0366
104.606895
529.0157
-931.38
-752.3121
1178.9108
-374.3709
109.460014
895.78656
-312.86227
-366.73068
1101.6782
-469.60895
231.30167
278.1232
-816.51276
-620.4469
538.6478
-1051.7867
-315.87152
-248.09512
456.21048
915.7016
-578.4928
901.5968
-470.99216
-382.0321
-90.255394
-1174.7213
-86.26745
-554.4272
1223.5001
276.13336
798.6218
352.2757
-55.194164
696.57935
-301.66202
-465.20343
620.4514
514.4628
-731.17505
-84.75526
325.2142
-986.96686
-805.2696
-4.275058
-214.44055
-314.32965
-809.42096
-161.34784
-710.915
193.60419
-809.67456
-95.15588
-343.67297
-677.5194
586.6391
1045.5786
507.7531
-78.57269
330.29626
860.4646
318.2324
939.02045
-491.58624
-1099.3931
-962.29285
809.8481
-139.77437
745.7351
139.177
-45.29373
324.5523
-397.48126
30.920763
217.15932
-507.66925
222.09448
-397.83798
66.03346
-145.65117
-191.59552
-1232.2732
-651.72235
-250.1219
560.7988
-291.92184
-664.27356
-67.5954
-494.4463
-794.2603
-282.87372
115.81024
-717.7818
246.71803
-638.95685
-1003.8585
-824.0126
214.85048
-628.15985
188.40999
-381.2136
357.84146
31.141323
788.724
792.2067
-804.07263
-102.77562
185.35002
-427.40118
178.79808
41.79091
909.6164
-883.7342
1021.74744
686.14856
-574.8362
686.67993
992.4994
523.27704
-16.741226
-1309.6445
250.17522
-1126.0421
363.49783
129.9336
1301.4243
264.291
1062.5518
100.15578
826.93414
165.99306
-618.95734
137.31844
-399.09106
-158.88954
-132.14009
-616.26263
23.007278
522.61646
-291.6413
-9.670224
-430.04773
-746.28455
-129.25896
-814.0203
96.69355
-225.64226
880.9901
103.483734
-478.8904
649.29083
321.00162
957.00867
-890.4053
446.522
1357.6365
48.93827
-986.8267
177.48744
-450.63098
-424.52094
-159.39006
-855.6454
380.9241
-268.56833
-1017.89886
595.3648
545.0827
-208.11151
-559.4276
-527.42786
346.74902
407.48312
-162.50862
213.06601
460.80222
-1181.6313
571.2384
370.88004
-1103.9269
566.2466
528.49915
-84.98756
156.2048
-714.7816
-232.1651
-2663.6804
1052.9589
725.267
-380.66156
466.5342
463.16187
683.5543
-926.23004
-244.99239
-52.94931
18.739805
-748.398
377.06845
245.90556
408.79037
372.10797
1141.5668
-74.370895
-128.66676
-479.43018
-809.80023
-634.8025
1070.1909
-630.8668
35.69792
-682.3384
187.12892
704.5664
-931.7629
98.481026
-476.68814
60.914337
-375.17056
844.51605
397.52625
-234.05876
-203.1346
-601.524
-1000.1798
32.63363
499.11697
-375.97394
-461.77264
992.4796
-122.00687
147.71927
841.149
-214.35136
-750.20703
201.47105
166.57126
-350.30658
645.17584
-30.062082
205.35997
758.49493
636.3864
-67.78923
-1722.7335
638.7309
-195.02501
8.626929
-770.58276
78.81373
181.94855
176.09256
651.8681
-913.43976
516.67523
970.42737
-1027.1074
-779.4697
667.11664
800.4246
-820.0119
-197.83119
199.92682
-817.4098
-823.72095
691.46356
1424.5642
428.03088
-313.11673
689.5521
224.6745
-2.1824336
71.67092
107.92565
254.38734
-282.00284
372.2061
143.63652
642.5961
-709.3165
-1040.3457
509.5959
-461.49445
42.506874
-469.54813
-355.00446
-834.0085
259.94727
-756.1852
-541.7021
-411.75455
-1144.055
861.36957
-664.45325
401.6345
42.43989
886.3644
484.40723
1128.5632
343.19412
-877.4196
-162.09018
100.0783
-772.6895
-640.4448
872.74725
1320.9795
244.67413
-1015.5098
767.9454
1774.3184
412.7749
-40.80531
165.03513
100.99387
577.87463
-571.7726
1240.0315
-280.82358
-590.7903
368.93457
-549.61804
453.5324
1400.2805
-502.34955
-352.5473
-1022.11914
285.88208
466.62738
559.8107
227.364
81.62089
-1078.8729
-472.84683
-7.944388
345.63913
-431.09488
-116.99286
1337.9375
-1279.9207
692.5027
571.97064
-951.45105
648.20996
296.58698
-901.6002
292.71896
-345.31995
-69.94044
1186.4984
530.1954
1056.5895
-150.50713
521.3218
498.16742
-8.006842
-153.47461
639.75195
604.87024
-48.709354
963.0058
144.98045
-1652.1385
-699.3738
-1393.589
-644.53406
-2031.6848
543.34283
327.28604
273.93344
608.4668
-408.00354
-640.9466
898.7043
-734.5526
-1265.0073
41.134525
349.09558
71.35663
140.41594
-707.7919
753.7731
-1003.41223
-110.10102
1075.4116
-1120.2772
-263.4365
-289.42294
798.8257
36.63336
591.6636
412.8621
-514.11505
-293.24655
364.82645
500.5172
963.86694
1041.7329
-32.483177
-507.37103
814.1869
-58.180206
-1075.9144
252.74556
-643.5742
695.42413
14.074081
-969.0045
-806.1648
-1041.7695
-171.3283
1301.9597
921.56757
-343.28058
340.8071
-724.99835
977.0509
289.9333
-47.474304
36.10194
-290.97302
64.19095
875.66565
-1697.0764
558.7713
259.0321
