-334.9427
452.40015
-86.04727
408.7479
-104.59513
-134.39185
-35.928467
453.3283
298.11688
593.2777
407.5888
-1001.35315
-136.12248
-178.32686
-384.47842
-826.9038
-104.17335
59.96815
-84.9365
419.45862
584.8143
-903.83276
-358.6658
836.95056
-646.05493
-10.554284
-280.1462
-380.04987
-247.77338
-116.829544
-131.7627
-80.36575
-297.82742
924.75214
323.20978
340.39822
225.27538
-261.85028
-29.121412
-641.57623
-813.7868
-178.38168
-99.38196
-81.6257
71.27444
115.12853
255.79247
62.001762
-227.45322
73.40233
-467.63528
167.28137
-373.36285
267.197
92.85777
281.16354
1228.1031
-527.6478
-796.8592
270.6508
-383.50903
136.0747
565.5684
-240.11148
168.04886
371.56586
273.48584
-255.78398
680.0923
214.59253
-97.06357
198.41074
23.775715
155.67947
21.780489
-86.98929
-380.81
136.68251
634.312
259.78323
-273.98914
-196.00029
-343.64792
-16.473303
-817.21454
1018.3465
-89.4596
706.2478
614.7406
73.63516
-10.163281
141.8532
967.8932
-1081.475
-684.43463
737.7825
292.21075
389.78183
217.94292
-52.25733
-340.91705
-559.0138
53.027683
-36.909878
-583.0591
90.60401
987.3916
357.6318
-268.53854
225.98328
-442.94366
-120.679886
210.33673
-353.31143
469.23795
-43.749683
-3.273252
322.14575
392.909
-921.243
1133.4833
544.0531
392.3901
-703.5892
-398.49997
55.441334
-678.0444
-631.585
599.5228
-184.24059
164.63794
137.58942
-934.2729
-20.837107
-446.71286
210.773
112.56579
-132.71255
338.60632
-350.71545
-89.4434
-45.706154
-827.52234
-622.7141
-124.92941
299.92245
496.90176
612.71844
231.36652
-733.50946
248.27817
569.57294
-62.528072
-170.58788
-251.99498
-26.292072
-585.93054
-578.62695
-1240.8776
384.2741
374.96323
-712.94666
65.60954
346.8112
19.664103
230.23969
-433.59018
386.85916
175.23682
-596.5385
36.683445
512.19476
-1.1412306
387.82278
-543.4323
152.74155
295.03036
699.2394
284.6768
-759.87726
-208.51346
261.31216
-255.14175
-122.61358
-302.32193
-167.76881
785.69946
-258.0159
-361.56732
911.06494
62.40324
-399.56845
-226.51627
1000.0639
708.96954
-266.5347
142.87051
36.11747
-221.68149
-325.7751
-193.82593
756.27246
353.5148
263.24954
-112.232925
371.15393
-88.154976
126.12615
-596.01605
-228.45052
703.982
52.845512
-587.4097
-52.621777
358.01303
736.8484
-521.3136
945.21436
-351.73087
-218.84346
74.3546
390.0945
846.22296
-878.23175
-452.50818
129.58684
-721.3412
56.863754
70.9947
-524.80365
391.54758
352.36508
61.412556
-528.26044
332.1772
-577.7852
-46.23971
109.30004
-683.7535
-159.56207
-305.41144
294.82352
-244.40015
-268.44803
872.06085
-336.3418
-229.76831
220.85959
-914.53186
58.39564
-803.3605
649.63074
-201.7647
536.3679
327.06903
73.77841
-33.23115
-95.801414
-440.28052
484.84576
-62.949684
-740.54407
-423.00253
22.943771
-51.27432
-705.45276
-266.69574
-475.5163
238.94595
-252.75642
-213.2424
-1020.62024
460.20486
311.4572
-123.27861
-467.60184
-264.19516
65.854355
939.227
51.016273
246.12886
-282.12033
-92.44058
152.76138
614.32056
-164.0219
-828.9529
-666.5828
-312.08127
-147.4095
65.94983
-357.37735
720.9948
439.59082
-259.69992
200.57666
395.64517
-221.37805
-152.5562
-416.64838
-185.55692
259.8523
-843.99207
-567.64777
304.98132
51.237125
471.13437
-25.347382
-315.42035
-198.2986
-229.00978
-60.318115
-245.2789
89.469666
-644.7087
84.66226
82.23688
-205.59265
-689.6347
-177.59163
-159.91563
48.758945
-937.07825
-175.1077
-237.56964
718.9348
450.83182
-198.81915
-374.58194
698.937
-1013.45105
-182.35167
-209.61267
1040.4713
-636.46405
664.611
943.5243
87.0998
281.34982
1125.4766
385.49704
190.04955
-908.81885
5.4592423
-432.97525
318.7493
-297.793
605.1752
-115.63064
530.41327
314.84525
187.31798
516.3934
55.5882
-71.191376
-309.934
-51.61563
100.5283
-325.69162
-665.71246
-283.8145
-208.63057
-2.3689077
-527.48126
-1133.191
411.38138
-666.50696
390.54016
26.042814
742.7562
312.6556
-281.3565
363.54288
384.83142
828.7945
-475.5691
-335.04486
74.469925
-338.13828
-852.9976
49.794315
-87.53037
-502.2393
-247.37149
-818.44244
55.338253
-325.47717
-243.26544
545.9086
694.3599
-24.649406
-494.38107
-147.88213
296.0911
-109.14394
-154.05571
317.17114
921.67413
-384.11258
488.79974
596.47833
-575.03394
241.94902
1049.291
-422.0993
407.8402
-585.44617
-97.27934
-1152.3992
783.9925
-114.99177
46.74208
206.52704
637.6745
32.76781
-208.94385
66.58796
19.206615
-224.09293
-604.30396
102.90213
96.76446
877.4857
21.226862
482.07065
113.70578
-425.7762
99.276596
-577.82587
-331.74405
793.23157
-363.14838
92.06359
-532.4471
572.55347
380.24683
-74.84954
-106.673546
-385.14493
-123.57441
-4.8257313
287.07172
638.6735
-106.40119
-64.38733
-619.8475
115.07688
-152.17735
943.4715
-196.55095
169.06837
456.5964
-141.51622
175.64253
351.74417
362.92014
-448.28183
579.0949
-102.84121
-308.92044
-125.71617
47.99462
280.38864
734.6445
-313.0918
-494.26044
-608.661
749.9797
140.88121
169.13182
-599.6232
-548.48834
193.93047
186.44667
304.09857
-388.10864
508.92862
1051.0261
-217.99608
-80.74602
374.1261
142.41643
-830.26483
214.41948
-108.02214
-586.0294
-428.22076
381.32416
770.0044
163.57585
-73.55697
921.5082
-276.7483
-282.54245
389.52692
-348.95544
-117.06146
-205.95149
808.55005
58.169693
337.92953
-204.8193
-885.1501
184.09326
-216.83008
242.22868
-248.1808
-137.14339
-337.82312
-185.43417
-387.40768
173.37126
214.90843
-789.60126
410.324
-25.222607
280.45236
186.49466
368.67117
440.24713
908.5227
128.66827
-424.3911
162.07834
919.3142
-116.26649
144.55794
508.91916
834.10297
32.78532
-546.3293
-235.62833
1345.0123
535.7027
-111.413086
-116.76653
93.426285
565.4814
-850.4465
437.00723
-0.78416204
-454.7334
-156.91643
-354.48718
85.632576
575.65875
77.3178
-79.23179
-808.09644
210.10832
595.1335
324.8951
-197.6462
-199.57233
-1104.879
264.90842
184.26077
-51.05906
-226.47556
-28.659735
236.23425
-1440.6892
917.5975
654.9341
-145.77428
88.32449
585.9322
-123.12494
634.52893
-37.787746
-295.9878
-34.243572
654.08954
701.1317
721.5198
-51.134636
-17.11702
203.43875
254.35686
1012.425
628.1451
-380.5567
847.0864
-81.43249
-766.8285
196.45361
-637.40735
-527.74695
-1166.5718
709.2374
-238.10422
-51.907463
735.58276
-160.77208
-871.94495
330.66898
-231.84808
-336.46915
186.36174
148.8717
-202.70825
-239.09851
92.36815
915.0421
-474.45477
-66.807106
341.31216
-226.55684
-97.02558
-270.32968
287.0234
102.196724
744.13556
-21.804495
-65.96845
-44.177643
-104.94674
385.10724
1031.1624
1180.0596
-307.6098
-346.6093
12.302285
-28.076015
-609.65985
272.7655
-213.6795
702.75055
-429.07635
-258.0287
224.71915
-257.77307
-478.86472
675.3825
682.05457
-290.2839
244.9732
-817.1841
610.9679
184.2591
-37.02106
-260.37872
-737.64545
-197.29204
286.3361
-1150.6172
208.33792
372.27182
