-407.4167
808.4579
-73.33208
517.1459
374.4111
462.65567
168.18898
284.86923
-17.879072
-178.76147
436.39313
-1612.4523
88.320625
-201.51149
-66.53346
-1152.9829
7.458682
795.3386
271.36328
760.48114
5.136848
-1175.019
-7.1457777
6.456686
-319.91867
-374.5744
45.39378
-32.071285
-675.2335
45.454674
-437.18173
-554.48566
-45.76222
1038.6838
615.1649
885.025
715.9148
-74.36265
100.7588
-580.45013
-588.85846
-752.6355
-102.21887
73.656845
355.55392
355.46878
153.40654
-374.7218
-342.17865
402.22223
-145.57637
514.5932
-450.8716
-198.25278
436.65164
327.4718
1701.8784
-652.6192
-241.03908
44.93318
-323.1288
571.8329
456.391
-242.06828
152.23042
-110.96907
-21.175196
-3.0899558
1368.9581
299.00485
-99.25489
372.6943
-202.24693
211.18752
24.564262
-575.47046
-418.70618
-296.56403
-174.6901
237.36433
-618.6683
-165.86322
-703.1518
-428.90326
-713.20935
779.42786
-1021.92804
1230.9536
863.3866
345.0897
-504.51526
290.9734
815.4489
-778.246
-152.94649
459.04245
649.51654
698.4159
668.7445
393.26443
-822.37256
-390.01892
-245.08868
-456.1494
-1066.4036
236.95827
1354.7098
1167.7312
-36.098576
-180.2351
-684.54346
202.51231
455.3874
93.79278
890.95593
200.14975
493.80713
356.3111
214.42216
-997.3948
1075.5145
46.32999
384.35165
-489.81027
267.54437
440.5813
-925.97833
-502.47522
746.74316
-227.47997
-143.13255
458.82574
-835.26373
-89.31428
-374.48886
364.72742
-417.73132
-143.86694
284.40552
-59.17672
10.5667515
-68.17339
-1721.2986
-1093.267
-792.12555
1066.4462
549.20245
791.12463
50.541348
-306.21747
702.7574
897.8735
116.32692
-329.2836
8.938862
393.12753
-749.3339
135.91408
-1554.1924
68.92608
624.20374
-1089.3212
310.04236
-65.694496
732.4075
774.6117
-585.0917
537.87506
558.6232
-1132.5964
-334.5018
-210.49716
391.4054
432.99936
300.129
384.58228
-100.69603
1220.8259
211.62825
-933.4921
-121.52703
249.02643
-544.71375
-121.98685
243.84914
-1077.0507
835.7246
-863.0586
-795.03827
1741.9435
227.73836
-564.78033
253.88068
1294.0139
485.6389
-530.57965
242.93576
-414.97424
-117.63222
-422.78635
-77.90584
1278.744
217.80067
188.03426
-206.36482
-197.5432
-5.203745
-229.86504
-847.95416
-691.1666
539.75775
399.05295
-857.911
-528.1272
973.81415
1409.1373
-222.31464
1101.8723
-212.05162
-226.637
61.707283
154.90987
693.4188
-1213.6724
-1030.24
659.6222
-643.628
189.25737
670.8165
-411.32962
-178.2467
1047.8551
-226.83347
-701.6514
120.25853
-711.47595
-82.55239
440.62415
-601.0074
-113.47771
-636.2956
650.46906
84.357895
-329.80438
753.3937
-665.51636
-334.601
233.08089
-1620.477
148.08043
-555.7888
1187.073
102.97625
560.20483
504.70837
-259.82803
408.71783
155.41185
-571.42035
643.7333
277.42892
-363.22412
-197.83067
-140.75204
-126.474525
-485.79022
-382.36185
40.087627
-553.56104
-459.70026
263.80545
-1407.8456
595.7503
-349.6639
-53.135426
-296.89398
-284.51947
506.27563
1172.0795
501.85077
-308.86652
24.671474
436.17484
63.366413
781.8729
-369.40375
-861.8407
-812.5555
511.91745
21.134558
561.81024
27.441385
-116.23354
528.9859
-423.37338
120.19322
587.3355
-748.3204
-96.61298
-95.120056
24.041563
284.45404
-716.14954
-1027.5807
-691.76874
-235.30624
609.83
-420.208
-519.5397
-257.1784
-191.69185
-147.26172
26.548105
69.05531
-534.0952
189.10115
-469.2766
-869.5289
-521.26154
-45.344643
-541.4257
250.14334
-542.0408
295.93182
-618.1376
1412.6122
681.7733
-298.81476
-108.57131
486.87033
-761.4435
130.98352
-166.57994
1149.0773
-744.37787
755.2196
460.8904
196.75148
377.12778
1087.6448
176.02214
-482.49817
-1165.0988
403.61346
-1146.0665
301.23746
27.807472
1153.5015
281.35358
787.4882
-65.33457
413.90018
156.90161
-336.22858
292.39432
-329.46948
-138.30019
-157.41125
-628.1933
166.76404
59.491024
-122.35828
495.78278
-644.4195
-830.8554
239.52126
-691.52985
182.891
-163.22855
898.3002
82.094765
-454.70557
360.3539
352.506
1190.7766
-385.63147
29.076782
1099.4982
-179.28578
-963.88043
182.3225
-301.66553
-613.1874
-206.71399
-950.1851
134.94846
-0.6868477
-780.18585
239.37636
272.34024
-76.76059
102.94151
42.198837
-23.738968
-45.57243
-439.2351
163.11693
960.8126
-846.75476
663.80536
470.6845
-404.31235
855.10645
930.0383
-551.4367
-34.467506
-416.47693
-361.53552
-2051.6003
1070.839
546.81116
-110.31378
448.19534
626.90314
320.0343
-839.2726
46.529743
-112.32377
-56.32185
-721.43066
254.30885
-27.979534
330.603
-56.761078
454.9112
194.29353
-177.99995
-392.233
-772.4615
-467.4943
699.79553
-736.027
355.9683
-645.7337
-48.33334
335.39572
-676.7593
-20.898169
-333.59018
-492.43542
-351.55234
737.9153
638.3311
-167.14838
-203.33917
-851.8069
-362.95093
-105.563995
324.03677
-590.0584
-422.66855
521.9327
-223.65466
237.89192
404.09137
146.15303
-1037.492
364.957
1.5451425
-748.07306
207.40433
-65.6784
-65.31595
1359.5627
604.4703
-484.42627
-1493.4271
837.73126
-48.198273
-104.817215
-479.9089
-465.34763
152.1663
491.15497
789.8725
-796.05634
738.54395
1204.4187
-385.3336
-288.11804
523.8516
118.63343
-1016.1941
-381.98038
-4.5541267
-884.4295
-774.4138
677.54504
1479.7129
340.14713
-135.97552
756.75977
349.27042
-116.87108
15.537507
-141.45428
-102.16681
60.37577
286.63565
144.92065
672.0428
-481.50394
-1360.9009
641.03467
-283.99094
169.662
-418.39667
-305.71524
-452.0429
211.11975
-320.26303
-92.99694
-105.62577
-945.43054
539.29987
-488.09827
-84.75673
115.12377
953.43555
-73.729935
948.7528
550.17914
-287.04962
-371.81827
161.35457
-595.77893
-744.8533
809.094
813.0009
566.9186
-734.96704
126.15343
1325.4572
30.239271
-346.94473
267.91327
-203.7478
452.90482
-960.3242
936.8416
-318.54398
-564.30493
-307.9261
-1.6182923
399.71945
944.3462
-301.95456
-618.06274
-818.88116
277.8957
322.4762
666.1029
34.462994
142.40028
-1241.1984
153.9665
72.34796
391.41132
-230.4016
-270.67374
1150.9858
-1220.6779
878.58466
768.9571
-893.25507
-160.18707
396.89185
-935.9997
390.40915
-196.55502
-402.85306
386.84384
352.82053
924.3402
236.41779
856.0994
361.5863
218.53392
2.7089586
440.9153
756.9447
-133.03528
1079.0106
-251.634
-1255.2151
51.128395
-1473.0801
-744.2585
-1661.0657
436.64426
7.9869013
-13.843285
792.21063
-319.1213
-1025.8616
491.32498
-256.87146
-1180.6654
-231.53711
500.6859
-205.81781
292.20255
-142.56218
962.6761
-761.7904
-206.39711
812.5029
-814.1217
-124.41116
-337.7501
762.3469
287.77158
716.7255
252.95999
-167.61919
-446.51547
124.40407
703.0602
822.84796
972.2417
-324.67435
-688.91345
385.04016
-22.41428
-841.62506
478.84503
-718.6463
1114.452
-286.16122
-326.40753
-252.43045
-731.8919
-163.20747
630.37244
812.5339
-696.95685
288.36615
-805.3248
781.0747
193.63742
-26.221518
235.98262
-292.87805
-322.90424
428.69476
-1385.0836
250.08356
213.68893
