-115.66494
188.22325
167.60556
-64.14728
-97.786476
-64.47869
-40.383842
31.738342
-63.900204
276.57422
169.63603
-106.42956
-70.52022
-134.48032
-102.330826
90.30394
-114.56171
73.24525
9.556289
53.663353
21.445683
-160.89594
-127.66818
67.03645
-10.63916
-86.25089
32.350582
-192.45921
-216.03642
-55.67968
96.365005
-286.63995
97.60754
158.01086
148.10448
-130.85869
-89.21778
13.305061
-132.71114
-81.93957
-156.11456
-100.51982
85.618126
-47.51785
93.33646
-11.003504
5.39451
-89.35159
-12.000693
-257.84515
-126.82576
17.610022
56.952553
96.73145
-119.02495
-126.91038
54.254436
-77.37666
84.64083
67.54295
163.65147
260.06992
68.191536
113.429886
70.47945
-277.52377
-89.05499
154.58061
68.248184
208.60136
85.27209
152.29762
144.17822
74.61373
44.64525
-233.02374
-1.8760475
70.55405
252.15726
94.06776
-128.3738
346.16083
53.38914
-38.928417
64.908264
-81.4557
14.447392
-34.177856
87.791695
11.986418
-107.674164
335.67184
204.18408
-287.97577
190.03102
120.36368
-47.735607
-119.13249
-29.630928
-129.44241
-335.5173
-115.30223
-55.717693
66.915306
-279.9627
36.487667
190.85217
-17.786482
-219.05472
90.98456
-275.68195
71.762856
121.44989
169.31508
-163.03069
215.02306
-202.04095
-6.37522
-17.134886
185.28966
-177.52618
145.8008
45.180878
-5.3149533
-117.136116
125.732124
-116.066635
-120.67403
132.0126
144.08064
-156.91988
248.39563
3.6414623
42.237915
-149.72363
128.69016
202.80544
138.31029
-57.405087
146.40948
-173.29507
135.2094
83.02652
54.63107
-123.97166
145.14288
245.38206
-147.80272
100.862434
-244.45596
164.67737
-121.689156
392.96
124.24297
206.78262
28.680283
81.84846
-22.839819
-87.55934
304.14206
110.610916
74.05638
111.04099
186.93988
49.940205
-76.43959
81.73818
-50.55519
108.0627
-86.32941
-267.34872
25.290848
-228.3056
128.52403
-12.531167
36.726456
-206.30545
391.27942
132.16083
37.97984
-205.95409
41.038704
379.36887
-24.456644
-68.455376
23.706066
298.72696
126.61413
-44.542927
289.2736
-73.20201
-65.1236
-84.785805
236.35553
169.82771
37.314186
-16.979235
28.763899
-294.40067
13.962421
-10.094021
-108.585815
-97.2345
-10.242491
148.76997
-34.619797
-160.50328
28.19532
-168.26784
40.25935
26.155598
-5.6348996
-189.83304
24.611433
-2.7653494
-23.165247
-40.904667
-25.465754
-136.78706
-188.12177
177.56853
-41.667095
205.47717
-271.1315
-45.0289
-83.486244
-227.37799
-248.64761
-64.693
43.846905
40.105083
-27.065588
-112.314
-115.38711
95.97554
70.33855
-53.082283
247.0785
-43.564808
101.907265
84.9677
-199.23537
-37.25749
-18.997932
8.460904
-119.87701
20.393429
-196.64134
-108.733955
40.298622
-73.77905
-19.759909
-165.19885
343.37607
98.908905
253.08488
58.072838
-238.83098
-62.003685
144.3438
-23.607082
-62.914127
172.45497
175.07034
205.21368
-159.45549
-88.38729
-57.531715
39.884995
-131.9576
34.20394
-96.00126
-99.28542
230.15306
55.61242
-121.7338
3.1750252
-30.548746
-17.326937
-17.51395
138.42418
27.61037
-123.655426
121.985176
22.24101
46.201973
-99.485725
-264.95294
-128.43996
74.88593
192.76796
-171.75241
109.59943
-97.58485
54.293377
-130.22453
145.18362
-55.50247
-30.300652
41.839264
-179.16782
13.152923
-8.790219
-266.66043
-61.310905
-297.67737
29.536554
6.026717
-48.17633
27.456234
-75.68881
-32.571354
125.89407
134.41681
-228.07858
196.2389
70.71761
-10.8391285
-29.604057
-71.56986
-38.51178
-124.62178
-135.78938
-8.37293
83.85367
-27.063267
-121.98162
178.31445
-27.368914
34.533806
-235.11343
-202.77586
-142.6193
-68.22867
-54.935604
85.241455
-23.948471
-183.98376
106.948166
169.51254
-186.29431
-19.533318
-164.46758
42.31669
-145.16248
-17.580944
-87.27962
25.245508
-70.41985
49.864025
151.7034
-57.80234
13.784763
126.44411
-86.16306
161.22493
-207.41652
37.187603
-133.9202
-227.58925
37.56217
90.36021
-118.42935
-0.51528525
-149.59953
73.32404
0.32168674
5.5662675
-89.57909
-96.15365
73.89663
-157.3903
275.4831
148.18312
263.20114
-10.9130535
-17.866304
145.35655
-77.059586
-41.983395
-38.729145
-301.78946
-287.38754
-24.971224
-120.15185
172.46909
-17.52489
-229.64034
-220.1029
-25.66572
305.3288
-36.124157
-240.95685
-103.15185
-11.150387
111.34365
70.44157
248.72327
-8.218269
-73.02574
-10.243647
135.12119
-105.81484
-84.483536
-32.19099
-133.86748
113.57285
-19.151714
7.4953427
134.96048
163.42448
-65.10722
-47.88286
329.9029
26.77483
43.486126
-8.979202
-52.512497
31.24221
-0.42484868
-128.71095
122.19687
-110.38856
-185.7752
-290.5502
83.63799
-23.054834
30.495308
143.51485
30.166805
7.353346
-76.36736
81.630035
68.10826
189.61145
126.92806
77.984116
-245.74544
57.02614
-60.605038
43.988647
286.59418
139.51143
-140.44304
-146.61353
-5.8844786
85.78661
-171.351
-15.471315
84.81238
123.864044
190.69664
-2.901529
-18.476871
-3.8226392
50.59293
-75.53874
277.09567
-148.26454
-76.398155
-10.532367
-116.74529
128.90063
-28.062353
-398.04065
-175.87003
-19.209463
320.57648
-173.52675
125.24728
-140.994
103.12339
36.983463
149.86766
12.592885
-154.24893
-24.715988
37.21219
-32.29072
-105.250916
47.47922
-258.2567
-157.43002
45.71937
-72.075195
40.789707
215.36249
157.65097
122.92474
-184.56197
-125.326935
121.895294
-27.57303
57.65578
85.802956
170.88057
75.967
-47.214714
198.61574
-216.31769
-17.557362
-138.65727
-17.14741
-55.217068
-11.203846
-76.30095
-107.21977
317.32272
42.12457
48.878616
-85.7073
-69.64294
89.15493
6.5172906
-22.183256
-275.458
45.05363
-82.98704
10.650102
201.21321
177.27892
10.82476
-152.56187
110.99526
13.139495
18.766605
-36.36311
-92.32326
-95.07979
69.455986
-110.84717
-61.75564
13.714676
273.54816
-71.95911
-31.721817
-49.904545
-92.82292
-55.998154
-39.56079
-78.11572
174.24892
229.38135
-87.36043
88.85071
17.17905
57.758793
206.54784
1.4071001
100.875946
-139.13599
5.3748417
-168.36937
-35.85358
38.82675
25.602242
-151.31407
36.2682
-80.52607
-86.68427
-24.760584
-284.6717
-7.505895
-16.317974
68.597466
-100.06108
85.89441
134.06877
-0.09288949
240.40228
77.68126
-150.21092
200.98302
-151.41386
23.251188
105.22827
3.1574683
184.06927
-12.937181
-79.40641
-13.373025
-73.33044
132.97849
-122.47144
61.560204
-50.433243
-15.712581
218.17027
-23.90402
-139.18608
91.73756
-127.63801
-111.35297
-21.430475
43.12335
-81.41
53.96152
-9.7846775
10.493229
230.85068
-83.45198
-50.838047
69.30892
-38.890724
233.13155
-94.71623
-167.68192
36.18682
-231.27588
-187.8946
-87.03034
-158.05025
136.80518
190.3689
-73.77797
-218.8665
45.9322
65.90707
225.45416
224.92938
62.165337
-98.12164
44.24061
114.79431
220.9965
-44.02871
1.0545754
19.39502
47.95411
257.33685
-107.729225
-159.33318
-76.31595
-162.86324
-32.5471
9.684551
158.99411
-19.750786
128.0494
-54.55642
-88.18391
-104.79049
21.70553
125.044075
138.88751
-262.10077
56.14273
11.038246
