-87.62577
398.53787
122.64422
515.58356
136.2862
-250.27405
109.80474
59.60761
238.39255
606.0752
109.15804
-519.62976
-328.4174
34.379425
477.92355
-254.4634
-211.7055
353.5487
171.39984
180.76585
338.72272
189.6586
-130.68024
207.36147
-431.7573
-230.20012
56.04924
53.967125
177.3521
-45.210644
6.0864286
129.15201
-256.74838
521.33575
604.7675
260.43857
241.58336
110.534164
-451.13455
-494.80908
-156.03036
31.582767
347.0001
210.82906
367.77643
31.138182
446.96158
-236.46411
-42.358055
-57.149437
-279.78665
167.65904
-6.723386
162.19714
-162.67834
-81.507614
760.11676
-20.183723
-36.446693
87.49821
-302.90683
-217.44759
477.9224
-176.28557
255.15501
388.088
26.124315
378.18384
222.42043
4.79111
-194.87834
45.75593
8.223679
141.15784
-65.609
-142.46046
-83.58375
-108.19015
-39.671658
210.27702
-462.8915
501.66418
-28.96743
-19.102201
-256.30035
314.6159
-83.71963
353.15182
415.44147
112.30269
429.4196
-111.70494
1047.0364
-682.9892
-493.17084
428.31927
-461.32864
-402.69183
217.83557
-115.82984
-457.02155
-188.06046
328.0117
-192.1665
-693.47424
-128.38031
175.71835
376.69952
-393.41766
229.33356
-491.17017
-163.2379
605.6035
-332.607
139.45358
-48.94889
-69.42293
380.5101
126.541245
-83.075935
714.5191
428.94907
122.403946
-378.97974
-413.0358
138.44656
-615.5419
-283.75107
448.27396
99.747246
359.33087
339.72308
-345.4597
-213.28993
-251.07588
91.19162
563.12177
-367.6853
-326.112
-275.7334
-187.07808
467.8873
-278.5776
-659.5464
116.695305
-64.21218
402.29718
-278.89938
-61.508945
-130.97937
-173.74606
29.187988
341.762
143.86397
-252.41695
6.154225
-42.629868
-97.41798
-419.7128
189.53223
-110.019554
-308.48303
4.8047094
638.1294
49.556465
72.140755
-61.6788
-97.890564
68.888466
-311.12827
44.93261
50.652252
-34.566383
447.56982
-1.2398988
71.19797
52.57235
386.03638
311.0899
-221.10332
-379.28867
43.065407
-104.97773
-425.61844
-590.3078
-20.446762
460.3773
-3.1325011
-63.51462
502.00214
-158.28618
-85.136696
-114.68126
697.9227
533.7295
-539.396
-36.245754
24.167072
-722.52826
107.03841
-31.033722
198.96867
372.10895
10.616095
-94.59438
208.86206
-371.91577
534.981
-626.0058
-47.913628
760.0791
55.66204
-863.86145
-61.96785
-78.01269
341.72852
-225.03722
371.2152
-215.02658
-125.395546
32.140102
117.17442
112.696
-814.85175
-116.03275
178.8752
-122.17554
24.569477
27.83284
-334.84174
361.45868
342.20035
-9.778677
-137.42528
498.93384
-261.0252
-57.704994
111.8619
-1.6208894
-183.3155
-1.860629
-51.637497
-191.22154
-327.44138
255.45808
-192.63902
-17.474375
53.545673
85.450905
-97.18444
-742.85126
131.13571
-38.958874
289.07584
243.03789
89.12476
252.0083
-256.84018
-486.62616
-108.48951
243.94005
3.2520854
-160.55478
171.16016
36.580578
-574.8662
-294.472
-87.99388
303.81146
-582.92786
-155.06596
-141.72432
291.53232
268.86566
-275.59674
-268.8661
-30.717293
-31.912392
419.56467
-25.774559
200.2534
-78.87427
-96.393555
-272.73184
99.59568
198.01933
-444.3887
-313.5771
25.498764
-128.74506
122.92898
-289.57556
373.76538
574.00024
28.777546
24.30498
128.01591
-263.34467
39.58722
-107.001114
-257.02136
389.90903
-340.491
-454.49332
173.42734
73.82326
463.45752
-109.411606
-186.23012
28.412073
16.679178
141.69832
-101.03862
342.92267
-504.92862
347.485
-192.64883
197.32156
-7.7887416
-385.25
43.243908
-58.393833
-1115.7803
-731.38885
-253.84053
30.507591
18.27394
-126.55002
-66.79821
335.25824
-1056.8308
390.77704
-118.550545
642.293
-138.91153
155.77847
-281.43826
-367.78723
-230.5949
270.26294
237.8645
-66.68059
-459.55286
-230.5501
-336.71625
168.35968
323.95206
489.0367
-238.03654
250.87799
571.7225
22.758896
456.82877
-109.74401
263.1924
-369.65756
-94.028275
334.5295
-317.1978
-71.73002
-127.61745
-290.7954
-456.67084
-105.45313
-217.18881
178.57494
-471.8731
235.43199
92.35772
412.85
101.16366
-374.2236
170.85782
513.7763
162.47777
-317.24524
-580.9944
-152.3768
-176.46344
-455.18744
100.44959
-141.01161
-377.39114
-18.647339
-410.3463
195.0297
120.149086
-162.64345
270.09045
252.32477
310.80698
-104.88624
-30.739126
31.263859
127.65001
-65.77084
249.47383
746.15936
-281.166
298.05356
-3.4067879
149.58983
29.614635
428.43024
-68.137665
-41.646744
-73.566895
-592.76654
-343.4814
-44.123844
339.2021
123.065575
348.16754
828.64307
-252.3861
101.53103
455.0266
4.8598843
-88.80753
-5.7842445
51.019436
72.2604
82.56974
204.42694
193.63115
248.90968
-295.1653
220.22948
-516.09155
-77.709404
210.12395
-188.94145
210.99982
-29.54095
249.02998
86.57341
-10.851629
-132.53023
-101.69686
74.371956
-124.35294
99.57175
232.87628
-294.94916
143.75815
-627.3033
180.07841
10.991753
584.3477
-152.47418
299.44305
-29.391483
17.876421
230.69016
-53.266075
353.5249
-233.6143
694.2901
-191.65414
-60.526608
-238.76811
-3.0139368
227.2568
216.5179
-594.2506
-696.5926
-199.96475
711.6552
-346.3845
-448.52225
-458.30078
-124.273766
136.81837
305.9951
-273.43655
-401.98734
276.2871
441.04437
-196.12096
315.3202
19.560534
199.9568
-335.70865
168.10748
-660.7449
-37.221252
-36.635586
-194.72316
583.58655
153.61511
-368.03
136.50848
3.9314864
145.26454
310.61694
-64.360176
-8.761061
-311.9876
-52.984753
-462.0521
344.65277
-179.52995
-155.75377
423.59204
-345.93564
25.017117
-198.09303
-644.43353
225.52393
-19.786556
30.14584
212.5658
22.903116
-160.60587
352.1291
211.74956
-194.19121
16.091509
107.21605
337.85803
451.02753
-148.18677
-236.6963
-28.207499
125.64431
-84.98924
-226.79085
345.2891
631.52704
64.1443
-72.764084
-120.833084
318.44885
176.76172
-363.19592
-554.12396
299.28165
440.04367
-149.22415
546.316
241.4472
-409.9347
640.9669
-94.310356
-127.65513
-96.24509
-450.26184
314.6573
-254.72186
174.72621
304.12668
-315.8541
-213.14001
-385.69827
-391.41818
125.47332
128.87537
181.1995
14.797267
-365.87088
-51.248795
-641.4972
306.71652
420.25427
-50.15656
55.79292
483.353
51.077633
310.7458
357.306
-123.878494
-127.500786
433.87726
-371.5123
623.574
53.11693
-120.9784
-184.2283
169.53464
412.70697
76.37397
199.7335
203.1085
-22.100113
-145.64198
141.02917
-241.20274
18.766579
-206.36043
167.11693
227.82393
126.35111
666.1816
-459.95264
-160.19629
78.63561
-106.80393
-98.97674
115.678406
473.3311
-535.6817
-51.56202
-272.7573
309.48978
241.4044
-314.2799
-6.5391774
-60.07172
-22.415699
-117.65629
266.57657
-162.21098
461.72556
-62.666695
201.78198
-79.59766
-45.77281
253.26721
620.1372
713.1289
-422.0832
-198.02728
-144.37029
211.35524
283.55295
73.196754
96.50303
204.43578
-512.7225
-210.953
119.60585
-55.71305
-391.96182
-70.95286
382.08276
272.07278
128.72772
-445.23407
252.12459
100.582756
211.44865
-319.57944
-270.28442
-281.8973
183.67738
-553.064
121.413994
-56.437653
