-199.22426
240.47389
190.78447
435.94467
146.90567
-222.98053
-23.840607
81.09014
219.13736
559.6331
127.939735
-645.5519
-238.73013
220.23898
466.5618
-468.0461
-178.8169
141.36664
147.8591
110.96096
375.96072
137.48859
-191.59787
115.302025
-329.95984
47.46154
200.01106
38.244377
201.56853
-117.50523
90.35415
203.39476
-208.49606
493.30075
438.71378
382.92755
314.41284
155.20638
-436.96896
-528.2499
-250.30214
-0.9777317
544.49286
99.05803
372.87808
40.3494
594.9427
-41.725357
-188.363
82.78839
-426.1887
183.56604
-95.7859
111.462814
53.035633
22.100407
681.91327
124.0293
37.50513
186.33987
-391.38937
-113.19034
501.15707
-199.4572
159.06775
291.2323
156.77097
368.47766
234.31084
24.026527
-223.33037
6.554829
70.92511
-2.315615
-143.4964
-312.24252
-28.069513
-229.76038
106.13469
368.0124
-566.3832
408.67953
58.72295
-27.83709
-311.4761
348.56488
231.15472
319.94754
395.77283
99.00921
380.02798
-84.57396
1056.5355
-658.9227
-544.7412
497.92447
-465.8548
-241.29698
304.41016
-55.85534
-289.48798
-270.96445
269.1473
-179.94382
-822.01294
-184.12091
320.61777
183.81606
-456.88956
215.1254
-602.71875
-212.63155
494.2181
-454.55032
97.16478
49.655907
95.35268
434.4594
162.5093
-87.25901
709.6298
564.6482
-22.736088
-497.40924
-307.21573
282.5872
-520.5057
-176.84477
400.5076
60.220016
172.84396
334.7291
-449.23972
-161.68886
-285.93335
210.8776
495.38144
-422.19113
-267.7467
-491.4381
-219.55237
304.0203
-280.5281
-659.5177
31.414286
-47.814957
433.48575
-226.80528
-19.179857
-162.62512
-15.00273
16.499805
432.2137
29.51279
-273.06326
23.310015
4.2788744
9.675283
-429.03104
86.31102
-204.41624
-327.56296
-92.49179
733.08545
-29.613504
29.561956
-81.57032
-196.28746
35.266243
-147.2325
39.12915
172.66559
143.212
384.29352
-206.65741
107.50434
183.25256
374.6338
259.3277
-247.76823
-437.22665
66.692154
-246.8137
-243.55765
-471.6142
-31.141577
503.59323
-51.784283
-199.80354
711.37494
-130.02263
77.27354
-16.975624
699.0781
398.87714
-631.71185
-98.95122
11.47048
-636.0266
75.94152
-23.625431
215.99387
606.6322
14.554088
78.014984
113.326866
-464.72986
528.85785
-710.08203
-130.81337
849.82947
-44.995987
-851.6068
-2.8334057
-13.694199
350.12292
-224.36899
401.10742
-305.8727
-293.02087
134.14206
-3.90257
104.85054
-747.3651
-161.08223
-11.614504
-36.27764
301.21198
29.228996
-242.10231
209.05324
402.3172
-19.081268
-97.34501
490.68268
-383.17474
-25.030024
34.575928
-29.59978
-235.25484
-73.26672
16.595583
-161.56125
-140.16527
344.3896
-131.16747
55.805313
13.880927
-52.838177
-98.53089
-827.7938
273.9049
12.156021
361.498
316.70572
125.48837
392.59048
-119.1187
-375.91736
-31.998003
210.45415
-157.37914
-156.59991
299.34662
-27.23196
-641.8071
-314.6822
-245.96909
151.71423
-609.88104
-155.82253
-154.86876
288.645
227.6024
-361.72104
-359.4767
-10.407795
-96.64665
387.98706
-60.11657
274.03482
-106.488815
-35.90989
-107.6125
60.72512
159.57779
-500.41626
-425.59766
-25.061756
-239.02477
71.5791
-271.1798
506.29636
572.94714
-165.95857
94.62874
260.83945
-302.42212
101.84519
-204.581
-274.02087
478.0468
-584.9467
-528.6388
113.458824
70.48058
486.15762
-234.11531
-253.71573
-26.60151
-46.29813
126.03984
-222.0291
427.4246
-548.1227
486.9292
-189.33075
273.43033
3.276762
-285.6432
10.757071
12.977144
-1073.8193
-663.1578
-258.7356
123.711075
12.4009
70.40171
-107.438416
209.89044
-927.9922
343.61432
-144.38702
627.87933
-129.11107
114.83461
-126.39568
-29.620537
-268.74527
522.8937
211.19475
-138.75867
-436.80905
-315.1687
-362.6799
273.53833
293.13974
469.453
-201.99696
268.29626
412.57187
4.0540705
338.52576
-116.34619
160.47835
-375.98788
90.760666
387.76508
-385.48804
-268.79324
-223.02509
-216.85004
-321.74646
-126.86026
-177.89404
65.48748
-527.10364
402.6117
74.67312
514.417
153.00562
-88.24818
268.95413
583.2004
219.45384
-103.50387
-515.7409
16.30961
-51.970463
-584.75116
232.67188
-134.17468
-297.17368
-139.63942
-386.4136
175.71233
55.585438
-331.21472
273.97055
371.25458
297.72202
-161.33209
-139.20186
260.5656
-33.48027
-157.15341
264.5121
686.21106
-322.07336
310.51758
163.35226
112.131424
87.38984
527.4542
-118.728134
-11.150211
116.63178
-363.87292
-415.07666
10.81539
298.81503
292.0094
206.2692
890.4873
-168.45282
101.14562
497.40628
77.15081
-34.279514
-121.39515
69.54357
45.397438
112.87042
129.13568
111.912025
207.35036
-447.12158
59.784634
-412.58517
-225.84291
380.15146
-238.71338
153.1847
-117.81724
93.20902
148.66682
31.376247
-196.07353
-51.590073
44.826424
-99.14821
215.14043
331.08313
-218.23859
47.58626
-485.94263
201.72998
64.442924
618.6262
-122.293335
339.85153
-66.01318
-219.14066
255.02481
-140.54105
227.79485
-197.72737
788.2634
-183.9508
-201.65869
-130.63779
-36.99601
331.03867
182.61488
-547.27594
-720.0811
-71.68518
762.5245
-360.30798
-427.6005
-475.731
-211.95636
3.5061297
220.26236
-396.1185
-500.74573
307.49634
704.9855
-327.65118
142.56798
8.22093
288.1232
-417.60196
184.73212
-350.13596
-174.89777
-155.86693
-233.0037
422.4505
205.94406
-417.28445
400.5201
-24.500399
-30.540136
346.4398
-143.80249
28.112494
-232.01506
70.60311
-338.8314
248.46405
-231.59221
-206.61444
225.51381
-297.4621
75.96915
-248.20413
-585.68555
246.07523
6.3934665
136.93326
180.65479
-46.188396
-147.81223
419.57513
79.74113
-52.12114
135.32214
168.45201
370.63034
512.09424
-70.64184
-367.8554
-165.0903
170.42268
-32.716938
-193.28824
507.80493
545.55615
57.533443
-98.23157
-196.03119
463.08704
276.00226
-428.107
-633.47217
293.56125
412.14642
-42.187065
597.0223
270.6912
-476.89673
652.0115
116.81983
-162.43121
-76.41663
-426.5171
117.92936
-117.38676
188.32674
398.73895
-348.41165
-158.79805
-460.05084
-559.0245
146.52248
199.15105
209.83875
-38.282955
-316.32083
160.18436
-787.74036
172.6032
320.2685
-207.31604
89.66438
652.44543
0.3289106
104.88533
241.22888
-145.26314
-223.44559
451.04788
-263.49615
548.5612
-89.172554
-36.45014
-92.92337
263.25888
393.11862
28.754726
7.9850235
249.09938
-78.07983
-135.77884
214.20145
-173.20576
38.485523
-255.86687
200.10892
234.88081
161.86127
472.70972
-298.52124
-168.4765
107.12058
-160.43008
-78.31291
34.132713
382.39767
-597.0949
-124.38501
-266.82065
334.13004
150.91022
-274.56488
127.489655
-179.12605
-123.18622
-158.21765
329.3115
-19.374022
533.3405
-229.38661
28.000422
-57.654274
-122.48772
352.6952
843.00775
740.3214
-200.7757
-167.1574
-185.6669
314.50916
212.80453
-39.500835
-18.576147
291.78473
-603.84015
-270.99268
54.58024
46.840115
-499.10306
39.570328
437.04883
266.58762
151.5037
-446.8549
93.00184
72.46997
160.72232
-179.34804
-287.65332
-267.9383
259.87622
-528.85114
157.54929
72.57052
