-349.69174
466.87247
-26.824553
242.01366
-96.32309
-258.79282
-120.008095
560.9007
364.65298
468.3978
211.84248
-1052.112
-169.07512
-415.83643
-254.42303
-660.25494
-124.2367
373.14154
-33.325638
620.70593
312.89737
-1084.4117
-532.19214
609.10065
-601.49646
-221.23538
-34.919567
-406.53555
-432.0787
-19.328684
-179.42044
-165.55408
-225.54996
1017.1956
398.0739
259.0461
257.67657
-111.19653
-124.312096
-587.1882
-518.5197
-348.80106
94.15219
-270.509
77.81003
232.84914
266.01593
-36.45586
-109.24717
-197.8048
-399.60666
252.91014
-421.5083
329.68726
240.66954
254.34492
1309.5616
-631.01807
-781.13403
253.39818
-465.4061
-8.097458
560.51294
4.6759853
122.248955
496.1297
255.81702
-220.05704
854.32214
284.88242
-140.56334
270.35565
23.42086
143.3017
50.884792
-104.64315
-330.41006
-28.908539
568.5108
220.6704
-91.720634
-93.04876
-308.68405
-96.64341
-949.5409
1271.4768
-265.9592
713.84644
640.23175
171.34651
-169.15292
343.38083
879.7942
-1133.5469
-741.05786
593.2022
347.92847
487.11392
405.61218
-75.04557
-338.3305
-607.87585
-193.0687
-170.16995
-646.113
-10.834431
979.75
417.5878
-212.73126
-65.74984
-469.01373
-135.2635
198.43675
-443.9772
165.69359
10.8732395
-30.978151
217.38512
167.24225
-1056.0756
1215.3894
370.05756
399.94296
-453.78186
-242.96051
198.4171
-777.6221
-708.7743
477.90332
-176.95657
-96.33933
45.274136
-775.4179
-32.32919
-519.04114
317.85782
-21.481789
-121.73563
241.93843
-301.2834
-199.69826
-208.07336
-868.0911
-658.23645
-76.80464
337.74216
685.1738
650.32166
138.3715
-514.53876
474.14825
799.68567
101.65107
-363.21692
-211.72363
69.698296
-609.9458
-552.6013
-1214.3335
205.21194
450.04727
-768.44867
25.16176
193.99236
9.881386
564.4317
-512.1772
413.4401
223.93921
-654.3178
-197.44676
380.05038
178.07831
585.3633
-414.37036
67.7132
339.22388
451.90454
505.11877
-681.9525
20.405966
112.769196
-250.8837
-211.13696
-200.51463
-328.3442
747.09015
-206.3627
-400.24747
845.1583
333.2117
-490.41324
-195.06053
1036.4326
439.73602
-426.12537
234.789
-80.18396
-351.24472
-53.44838
-298.41315
965.3107
368.50705
223.8848
-143.19827
181.56819
-127.48113
-177.22151
-860.137
-359.84946
440.7907
3.3600671
-411.13123
-315.09326
376.49316
883.7991
-580.11554
874.9052
-400.6462
-234.47083
161.47707
415.71948
797.62946
-1020.2237
-428.0904
325.0565
-710.246
160.02716
299.4051
-759.29126
142.61366
367.4712
94.19186
-629.8476
489.93094
-416.4775
-157.67429
199.35886
-573.44586
-186.45851
-494.45615
390.96713
-97.95681
-189.45969
803.8033
-374.89178
-167.69875
345.3988
-1076.6649
5.9235663
-867.6251
782.21326
-327.64563
322.46356
542.54663
94.83066
147.48102
-20.332706
-409.28525
473.65228
-117.28166
-516.65173
-328.2755
-94.186226
-52.78874
-733.2142
-161.0358
-431.22952
9.135446
-357.06796
-180.00021
-1151.8319
592.753
84.44933
-78.39974
-367.19504
-278.22046
316.01807
732.8959
152.59077
230.18307
-123.488304
-173.96176
140.85184
560.51855
-229.50082
-850.6914
-637.22943
-107.482086
136.34966
325.52744
-322.72113
636.55444
526.3224
-87.93062
352.42953
383.84125
-453.9425
-104.21777
-296.59674
-89.02174
349.60883
-765.8691
-657.17554
278.24155
43.99257
422.94534
-124.01043
-41.69947
-247.85776
-224.28964
-62.12131
-294.1042
0.82290626
-782.2153
131.45421
125.5356
-328.7352
-681.62195
-214.31268
113.174774
248.54791
-1121.2778
106.49456
-277.1613
816.4454
391.41837
-190.52567
-386.54764
760.8959
-1105.1067
-25.65547
-189.17479
1035.4481
-550.44165
607.06836
899.3321
-55.114113
249.33821
1081.3853
69.3526
212.98163
-879.7279
136.22836
-473.69717
190.21042
-328.4907
639.265
-10.250226
585.30676
377.02667
27.71179
242.55531
98.26446
7.9093466
-175.78867
-72.31584
-53.83389
-447.33185
-490.57043
-340.80502
-131.36868
68.550255
-366.0925
-1246.2314
398.89023
-804.2869
293.33536
14.660552
769.66895
271.33728
-239.8117
408.29068
368.253
940.9012
-309.3898
-382.862
338.7244
-307.70972
-792.0131
34.26219
-117.3423
-691.19446
-198.78743
-820.294
162.12302
-160.10222
-460.81677
401.77222
646.76825
-46.50619
-124.71212
-339.04407
300.5835
16.687452
-86.837494
261.0778
657.88745
-440.9022
575.46454
761.5101
-615.7601
616.1738
1051.4104
-392.70084
221.43755
-603.8559
-244.61436
-1115.4807
788.40326
-73.06719
59.843185
314.88678
533.11035
135.43625
-329.4206
-57.33851
269.32324
-427.88318
-592.3495
59.688618
170.32924
716.7233
7.0989637
364.92017
33.887608
-421.9937
-113.24535
-908.4791
-543.2205
753.07697
-427.443
129.07556
-695.3496
461.0634
-11.600198
-173.38942
51.47174
-472.2891
-251.68323
-103.35498
216.58821
648.6048
-156.80887
-54.38297
-560.8159
-121.89502
-15.882058
775.88696
-141.63799
291.26862
558.3501
-263.83832
278.54034
322.20416
302.86835
-211.31242
547.58386
-132.19176
-356.3847
-274.78574
178.06349
341.68906
725.36646
-263.3497
-580.0304
-896.3285
789.2958
287.535
78.75645
-584.1315
-403.71796
226.89592
306.03986
288.9897
-367.09412
295.72873
1131.5972
-452.89844
-45.262344
410.92773
237.03308
-742.13403
50.503345
-43.88811
-656.2497
-486.09277
448.41937
931.7335
128.79863
-79.4319
994.17676
-189.37851
-352.88315
153.17381
-682.49493
-71.44258
-10.468933
677.40283
100.994675
471.81223
-309.48425
-794.77765
163.85628
-234.0645
307.3459
-321.21365
-57.798523
-341.79202
-1.4513282
-248.3719
276.23688
37.51452
-849.0003
153.61685
-122.23723
382.78983
286.14517
455.81876
582.327
851.4126
290.0557
-450.65817
164.15964
881.98157
-120.21799
-120.41185
420.01123
996.7871
237.77847
-713.65405
44.626854
1304.2123
572.49164
-56.887913
43.209675
162.32114
744.0422
-787.98224
490.24695
-284.5657
-371.19952
-369.63855
-411.65805
115.42814
591.2143
-188.33926
-251.19847
-660.8488
284.44363
387.34204
464.81174
22.426262
-185.73615
-883.1357
164.04596
11.238265
-285.2557
-314.2199
-111.80831
564.68805
-1381.6432
844.3229
643.6796
-56.7965
173.58801
636.64795
-140.59508
556.9204
68.02861
-411.12064
127.02179
669.4523
667.46814
736.3728
247.78038
-110.576294
207.13966
17.455006
815.88245
685.3375
-460.7468
940.5759
63.436443
-991.27277
39.9684
-774.42786
-621.771
-1268.012
581.2544
-365.59045
-20.335247
691.339
-35.54717
-945.1764
395.86795
-169.70772
-607.06396
117.41525
401.66205
-164.3486
-143.55531
96.020874
1021.11237
-804.04614
29.367104
363.90173
-212.10742
-80.60473
-400.04596
390.50974
208.18893
844.34045
134.78712
-101.35833
-16.952473
-19.348143
256.50018
1023.1771
1081.6921
-292.98688
-394.18506
-113.0233
223.4081
-712.6628
164.55563
-514.4861
828.6895
-377.2908
-625.15564
173.3997
-355.69144
-398.1331
676.4055
701.50525
-435.55606
164.83444
-556.3741
710.6078
225.18362
-93.82914
48.762585
-786.8206
-221.81749
304.6552
-1213.4832
298.4176
287.82797
