-971.07996
476.63626
1413.6635
382.5307
1367.5612
1220.6072
-756.18365
750.384
460.01666
362.82745
-683.0647
-1584.2356
-852.55316
-805.25714
-103.984695
-1945.6494
-1851.3556
141.51169
-552.36633
1822.069
-1077.5072
-1017.15076
-444.5097
-454.00113
-1076.6345
229.13148
-125.18347
-284.59244
-1923.8453
285.81763
586.76886
280.5834
1291.7018
2508.0654
1406.57
1166.219
-515.1356
-183.56558
-260.093
-455.22946
-57.39101
-1710.2706
-479.91718
1609.4475
1001.98865
-649.05206
-300.458
-600.40607
-1411.7229
784.45166
905.99994
93.05327
-1.0849344
-1072.6077
1997.6553
-880.8402
1727.448
296.814
517.8695
-153.8429
-279.57883
78.226776
-23.708443
-1678.4664
-224.87677
863.47107
-965.64044
161.33272
1865.3365
285.80038
-1241.4454
445.1912
-68.1748
-288.8668
408.9025
-1137.394
-152.49037
-936.8995
-798.7641
615.01196
-163.0541
-1085.3939
-604.6292
-389.39297
-778.0319
2552.6287
-1602.1675
869.8551
2092.0432
745.0197
-1034.5614
177.70316
750.03064
826.7445
-930.77423
50.03351
1697.0753
344.63556
776.3164
726.6277
-1097.7728
97.6411
-945.705
-202.82474
-848.4978
28.609745
-145.6231
1344.5638
-162.30667
-814.5137
-1092.9905
1595.5435
-420.0212
-234.14697
1173.5835
-117.35034
-936.0402
279.1786
-638.4866
-1715.1241
812.8278
302.1184
419.87564
257.4332
-529.8525
44.763138
-735.9799
-1211.2736
340.42975
-658.43365
-1134.5068
-664.4393
-993.5423
-397.7516
-352.7945
-1320.8502
-64.527435
1033.9664
32.583782
989.68317
-1141.536
456.1464
-1729.1943
-1092.4137
-448.7122
553.5018
-226.48785
1528.0424
-771.4293
-598.4937
1405.6451
1637.5231
-540.3613
263.7471
350.66238
-972.4256
-983.5898
-1006.879
-2557.244
246.00089
474.79517
-2004.9922
-133.19804
769.41943
2213.2866
1261.035
421.9731
621.08673
1794.7
-1702.057
131.4952
-1591.1858
-788.9867
1020.53955
883.2413
-208.34972
-276.3945
248.3547
775.378
-844.66705
-123.80278
967.4281
243.64136
-654.18835
-959.8675
-813.7009
934.692
412.61786
-1003.2225
-146.80466
-24.757965
-905.54645
-102.64955
926.15356
-162.09598
-1070.2701
1326.5592
211.08
423.89743
278.83636
-669.12646
1700.5659
567.6514
1246.7584
-26.319828
539.76953
1623.7999
-717.22345
-1568.8147
-195.51659
96.43365
786.7156
-770.6364
-2283.3481
-74.76582
2883.7095
464.3685
801.9568
-38.341053
-329.39603
-669.79486
412.04074
1364.9116
-293.52896
586.66113
705.5248
929.8543
-10.999728
222.67023
-274.21918
178.75249
1078.0315
33.513977
-122.97751
622.068
-1249.8048
-2327.2524
1483.2386
-781.134
-697.1463
211.78958
924.8036
310.59445
-752.77106
1217.5635
-122.2962
-335.08795
-1206.0239
-1991.9128
-527.3262
-615.4958
1858.9542
295.7429
1901.4463
-777.3628
229.28378
1256.8822
353.33923
-487.82407
798.25977
723.4318
-1762.334
-12.612534
1025.5275
-254.08008
-355.47293
-93.039566
-212.98257
1563.7544
-1893.7693
503.16074
-1321.5325
-672.907
-1946.0806
737.4883
144.64467
-1205.8097
1545.4724
1408.506
1312.3962
-154.56656
180.84023
782.2361
1224.8029
1395.434
-2023.6628
-1895.6437
-1076.3292
1760.998
-108.64441
-271.0885
-130.49763
-951.7873
288.73566
-1403.2118
98.310715
585.71246
-661.8339
-1678.0396
-848.3216
-987.7558
-1603.872
213.7958
-1372.1656
-776.9789
16.405777
830.68475
525.6099
-1534.3875
-166.9468
-183.03647
-759.9351
-122.478195
828.97327
-1474.4125
2218.1338
-883.8831
-363.43283
-1169.6968
279.33652
-147.45892
-545.15125
-534.0552
-612.96124
-95.31535
630.73157
881.8546
-992.996
597.98004
475.30096
1123.1555
336.765
-886.95123
987.053
-1411.5815
849.1043
1475.282
523.9454
530.1234
-190.74535
217.65726
1186.852
-821.9979
-685.50604
-1317.9388
-645.8087
-264.37497
1721.8595
-4.3332376
195.64906
276.71347
265.53714
-1372.2635
1552.2765
-170.1239
-954.55707
-63.62519
-337.5053
334.5289
-168.32863
128.17932
492.6646
545.00635
-666.6882
-100.26137
39.860703
-1287.3073
228.45467
-424.25864
1587.6858
1025.3425
0.9950293
575.7019
1153.4797
-959.28375
-894.40186
79.73202
433.96118
-29.310232
-706.146
-736.88995
-385.13226
-946.4419
1867.4763
-547.23083
480.2227
953.10406
-990.5208
528.23425
522.96954
-1296.5839
-1239.4077
-626.6832
-405.17395
3.8271983
294.7337
441.7893
1581.065
-504.61212
-414.17087
340.68225
-1270.2174
444.62717
1783.2585
-161.80211
-189.64401
-24.641973
-637.46906
-2752.786
1776.1615
537.7781
-1033.6536
976.2681
726.88446
1276.5739
-725.4235
-635.01465
1474.3093
712.63544
-1222.8506
583.965
1379.4944
-460.02124
48.741966
219.88007
-89.468864
653.0156
71.496086
-1713.5222
-969.863
1641.5872
229.35402
911.2175
-852.16626
-216.2051
406.2329
-734.97656
142.70457
-1730.8962
-483.9609
-616.4037
1337.3744
-474.5613
-785.52954
-1307.1995
-544.9017
-1728.4945
-3.7117686
705.8282
-1527.1879
-637.5867
1365.9017
528.91315
180.10318
1135.6432
420.2566
-33.461147
1234.4532
-779.9382
-492.11398
296.1412
-916.84
356.66565
-559.5185
1187.5078
194.67986
-2325.227
1129.8497
-503.86487
84.29848
214.15874
-53.962296
350.06207
531.8244
1250.5106
175.41225
1192.0404
2651.4636
-739.342
-957.5803
575.1004
-49.475548
-1512.1742
205.30353
-664.2736
-359.77744
-553.84424
776.87213
1952.4325
1663.6666
945.7081
1015.1763
-354.47766
-752.2881
157.81595
1108.0546
356.56873
1.3641255
241.42616
50.223236
32.357204
-220.78319
-70.64315
1011.217
62.750526
474.54144
-145.24788
-169.68672
-874.146
1613.3839
-1199.7244
-1431.6494
-61.85578
-202.94293
1457.354
545.8085
1358.4459
-637.514
711.51294
578.09985
546.65356
-161.45462
-413.31525
-520.0394
1377.4238
-920.5077
842.3246
2017.0262
1526.0865
1775.8137
-1685.113
444.46548
2679.0547
93.18542
-658.81976
-498.74127
346.86813
746.8355
-1609.709
1885.1338
1134.841
-1304.007
-525.54047
-1805.4695
530.0807
1227.138
-1575.7168
-352.80338
-983.1862
40.915688
606.2546
5.791953
176.19386
-1209.63
-753.6096
200.5565
240.00398
1185.4207
-227.50653
-1374.2938
1221.7827
-1809.5479
1199.3544
1344.1248
-794.6642
801.5126
498.38464
439.01276
751.30383
-444.85568
66.295265
317.1712
1851.8066
-433.6894
-1107.8307
-146.03734
815.1085
-194.92664
-599.3597
1410.8667
-93.34424
-1055.8528
2124.0564
-511.2457
-1568.2019
-558.20233
-1559.508
-522.37476
-1718.8763
272.26517
550.60223
58.125538
-101.94727
-517.21106
-928.2887
991.59766
-1007.6485
-1256.5356
292.75922
-293.80417
951.427
-196.3778
-50.411015
594.8137
-699.4094
431.58356
281.82672
-650.57996
-193.22144
404.76428
810.54724
235.12784
23.566633
175.16559
-420.94928
-182.13333
61.893738
417.26956
874.4519
855.5689
-731.22473
-259.8613
548.0084
715.55835
-1193.3976
1022.08923
-1153.5475
1235.575
899.7367
-1736.3712
-383.46426
-2227.3394
-817.95917
388.73383
496.90533
-919.0866
-48.28206
-1322.7245
876.92883
-574.5698
-790.6263
100.50939
-1947.1033
207.03859
858.5947
-2719.411
297.67517
699.9287
