-690.39575
379.12952
988.24475
263.8799
1306.3994
1268.9044
-837.11163
771.02484
-142.45657
405.31985
-819.9467
-1162.9036
-1262.9335
-1354.9431
-650.7301
-1948.3379
-1632.1708
370.9208
-96.30157
2126.8203
-491.65344
-783.6259
-319.69568
-133.56422
-1337.2074
-220.44966
-935.0798
-282.8571
-1365.8549
222.09889
568.59033
351.49832
959.1118
2228.9688
1776.4677
1127.7069
-151.10106
-574.8556
-135.56503
-480.2796
-650.7264
-965.8667
-523.6449
394.61453
733.4952
-259.90656
26.639587
-795.03143
-899.0004
672.3184
560.7053
110.048584
-167.28241
-1393.7671
1594.4559
-557.57275
2101.9722
-125.67814
715.0246
-397.65674
55.121117
200.0201
338.59738
-1060.9308
25.365215
587.0158
-382.6634
605.3971
1693.2643
191.46756
-1102.8805
-254.91689
434.48462
-14.484957
420.31076
-1347.833
-39.39747
-1188.237
-178.82079
812.6748
-195.96805
-793.6397
-740.46814
-739.16614
-235.33455
2448.9934
-1339.0559
1131.169
1471.0283
699.306
-145.17694
395.57654
1017.308
884.2584
-597.3911
4.878402
1801.684
958.2083
736.0689
418.08792
-928.42694
782.8082
-1000.54736
-297.33694
-674.80334
-91.65122
-94.94963
1380.1906
-137.6655
-845.6046
-1182.5546
1408.7759
91.80201
-585.1729
1147.1438
-186.08046
-374.70218
213.13698
-613.1758
-1746.6162
208.77481
666.9765
-191.98389
14.783054
-459.31067
589.74744
-561.04126
-745.45856
991.77234
-831.14557
-213.8381
-163.49387
-350.4878
-646.1782
-339.42538
-983.21747
2.647641
880.28894
525.70197
904.14813
-485.79932
170.80005
-1598.508
-1460.632
-183.45985
1136.2351
-311.56982
1502.5565
1.3689599
-436.15588
865.6678
1335.896
-185.89133
90.55333
200.46613
-974.8592
-823.4851
-649.46576
-2482.3071
602.02814
567.7747
-1386.4304
120.83448
614.68207
1717.2972
918.27527
200.67032
31.870062
918.2683
-1880.5911
-86.25774
-939.8411
-443.4502
871.6619
510.47797
168.86243
-36.829945
503.62424
462.2078
-1459.9414
-172.86588
702.19794
-412.2335
-803.37994
-427.2687
-171.46361
1172.7816
-2.5117173
-1085.2825
226.9181
249.73741
-748.6082
-37.17278
788.6603
-100.25326
-955.78143
1036.4105
-414.9745
570.71954
460.98602
-99.25438
1759.5453
96.918846
1082.8782
-88.78642
561.8491
1002.6073
-460.11
-1706.7727
-175.96008
-327.32947
506.23575
-366.83252
-1876.2123
637.8459
2220.5613
-413.17035
1170.2462
-215.3053
-321.4702
-574.0905
348.61798
752.4079
-634.86414
-211.84229
351.0827
591.61743
150.86201
560.24365
-617.6485
-407.69077
917.95447
-89.620384
431.55276
884.8637
-1607.2434
-1766.9667
1549.4985
-537.1602
-537.8073
76.17634
589.55475
781.5392
-333.30865
1300.7489
-324.5534
-294.41885
-1045.8425
-1563.467
-1239.173
-1077.3062
1728.6711
233.48737
889.8729
-461.73505
598.2848
980.5521
165.6447
-494.98486
556.5069
213.87144
-491.6387
635.93536
1026.3678
-276.12534
-866.47217
-52.541634
-75.0345
961.01904
-1575.4037
196.75307
-1498.0924
-444.7439
-1285.7819
368.3739
125.78461
-1165.7771
1248.9254
1134.2507
940.36096
-318.8237
203.62387
452.77948
953.3437
1053.6925
-1560.5642
-1448.938
-834.2563
1594.5492
-257.76074
-340.8412
289.39398
-901.4586
92.77984
-1031.9182
177.84433
426.76608
-361.3564
-1057.4055
-397.77142
-610.52295
-1096.3734
472.92752
-763.3094
-527.9549
-204.93358
406.6914
-113.74445
-1316.0371
295.15933
-228.03442
-1500.3551
-96.81732
592.0671
-964.8431
1894.9088
-913.8493
-522.58026
-855.4517
918.66327
-72.462326
-30.34097
-1167.7943
-874.6344
130.53891
841.0426
1521.7954
-520.17944
500.25027
-27.381302
734.7461
155.83553
-380.0564
467.34637
-1655.603
911.3722
1278.7744
-145.5546
721.1143
-34.492767
330.7492
661.61676
-295.1468
-454.37845
-794.8422
194.5313
-5.767187
2623.4038
-243.95175
213.51532
385.97
596.0785
-856.5887
871.6483
-99.046326
-968.5196
654.96124
18.46853
-48.128567
375.59393
1116.081
469.83484
515.25446
-687.79407
-644.18024
302.08594
-1068.0846
-35.39666
131.32178
1484.9617
726.0314
-905.51355
-224.65794
1047.1674
-524.6727
-466.25537
243.22523
1315.6039
-240.92462
-1652.909
-336.99353
-487.68234
-754.78143
1353.6295
-1041.4259
221.71048
103.4611
-1529.6903
1126.3889
564.95593
-1311.7877
-1174.1033
-760.2646
373.31073
-35.458046
321.36404
481.05338
1166.3408
-472.98798
-113.48738
527.3276
-1308.3267
806.4427
1722.7164
-608.74506
-366.2363
-550.25964
-176.08038
-2954.562
1767.9816
843.25433
-936.2671
1419.0677
290.40317
1007.8885
-662.3558
-671.09174
1165.079
567.414
-736.48175
342.6384
1174.5878
125.75353
229.60315
191.72716
-446.92218
342.32065
-189.89546
-1103.5234
-1482.7478
1583.5161
-220.81116
674.68634
-382.66492
-670.2621
308.3625
-117.091156
-207.58594
-1822.6204
-140.13467
-430.09177
1318.6146
-146.25748
-442.93353
-1028.5896
-1135.8701
-1799.4812
311.16806
498.3271
-1239.4115
-1301.0831
1292.6973
628.7056
342.67664
1418.1337
382.7393
212.48737
1060.0695
-902.3725
-116.764626
-214.38026
-812.2221
447.5178
112.90291
1577.1478
-111.75576
-1945.3022
1396.1399
-375.6648
-26.854143
-13.799751
304.31418
599.8724
266.739
1657.3064
-684.7693
653.30365
2128.559
-1126.5518
-722.7749
768.3853
571.98535
-1247.5319
262.4853
-419.38406
-549.4801
-681.49567
1290.425
1937.0414
1092.1067
415.81122
1570.6764
-35.11361
-390.3383
788.73773
1107.247
-8.414003
-396.93475
523.5809
94.1505
-74.65441
-631.2343
-432.9163
905.8022
-100.80979
185.84114
285.03845
-622.16364
-962.66077
1789.8684
-978.27484
-1074.1287
-491.56622
-244.64258
1584.9731
674.9857
727.42725
-119.84089
867.4254
695.5567
606.2104
1117.0349
-199.08107
-364.38763
228.48596
-350.8612
72.33648
1500.5067
1158.278
1804.9408
-1527.6143
940.4286
2189.8005
432.78967
-757.55835
-426.80075
249.2775
786.59546
-891.51855
1961.4865
572.0448
-1247.5427
-10.736293
-1868.0011
1089.5608
1629.378
-1373.9498
218.68744
-1252.8591
-673.8911
408.01422
-249.15402
-20.044388
-972.84106
-790.3339
6.5155897
185.70085
912.17346
-1096.7253
-982.44006
1205.9768
-2241.1162
924.97473
1202.7416
-540.7239
489.58423
338.95728
-317.93796
788.4143
-140.82169
-195.5436
1106.9968
1320.2279
-435.57272
-72.01279
-272.27838
805.2287
-297.464
-759.349
1098.5455
-87.92543
-289.00784
1552.3975
-281.04474
-1396.0736
-468.96555
-1438.1094
-693.9356
-1654.472
337.697
156.24329
412.50708
350.32013
-644.77496
-1039.5403
1220.8184
-873.39954
-2058.4355
-269.3871
-425.39096
1207.9152
555.7038
-116.33202
832.0939
-739.5262
546.5868
28.340591
-842.942
-120.79622
159.86917
570.99036
-36.885574
605.79315
536.27795
-469.33926
-192.04399
-32.61585
336.75473
913.7021
928.96075
-589.778
-506.601
535.9549
684.43243
-850.432
719.9124
-1191.603
403.6732
793.99066
-1143.0437
-109.42046
-1952.1002
-671.3294
503.95007
1055.8861
-1178.2096
207.2848
-1009.1603
1526.5355
-17.377645
-607.6769
574.48816
-1070.6375
200.16321
1073.2849
-2787.2388
800.36237
292.9598
