-447.91995
328.00256
123.24126
472.8112
405.52017
-197.77832
-9.0523815
23.119894
419.2454
458.60617
-2.471894
-795.1729
-304.98416
64.13146
66.896454
-638.3984
54.27475
260.78845
49.313145
3.4493597
581.3249
-144.44574
-282.98145
267.43445
-408.64316
-111.99842
294.64594
-115.99395
99.31744
-121.44431
-130.86365
-199.49901
-422.00848
444.50162
653.47986
412.37515
420.18234
184.1596
-580.1498
-646.8767
-730.3917
-56.68375
593.0183
-85.72881
480.37134
68.075
464.96057
100.28852
-294.28073
216.51169
-581.33716
-75.29373
-195.6158
81.01706
50.080963
204.06146
952.8685
72.682076
-120.56858
124.76689
-489.6782
-146.87852
732.2354
-384.02386
295.54767
349.98526
426.87714
354.08328
376.30487
45.982746
-295.60635
232.11865
41.204086
19.744442
-117.08775
-261.70135
-175.51546
-209.94556
407.5709
182.11082
-674.25104
189.82513
266.90063
-115.76644
-568.46533
206.88849
88.19296
365.93155
381.82208
270.75217
379.3713
42.703823
1273.4602
-948.40784
-514.8908
401.02203
-74.80197
47.53576
363.7595
-241.58482
-362.8527
-139.25897
181.9298
-315.49222
-778.25214
34.52349
485.5094
379.72638
-580.0958
365.0744
-690.4055
-139.15492
709.34985
-395.13327
-41.87723
-77.30208
-138.51741
382.1176
-64.04663
-335.7434
1173.73
261.45346
-157.9414
-760.4195
-483.8874
29.529438
-459.08453
-413.32327
480.5934
-113.66534
175.85458
240.77197
-737.25836
29.931206
-498.9379
238.056
280.07895
-338.11237
-138.13829
-415.63736
-12.927639
277.57126
-512.07385
-339.06464
98.3966
-28.242254
493.9962
-64.539566
-37.10486
-139.39073
-110.04657
172.09888
65.38982
-207.85417
-424.0751
194.27718
-308.09857
-217.94406
-561.07684
-10.541701
51.160458
-304.0635
183.45314
390.4071
-139.52832
-133.12032
-356.24304
-223.10538
278.27557
-422.5131
-170.7506
438.36438
110.01366
625.2014
-312.23978
207.57298
154.35152
348.9643
315.6872
-390.0365
-308.53708
47.888443
-259.99524
-193.47899
-448.0959
-67.60077
685.27686
-154.89336
228.96762
680.8186
3.805101
47.689835
-345.29276
652.0351
532.0498
-702.1541
-292.27426
169.19887
-525.1564
-126.131065
-180.08034
-71.72147
659.9374
-31.805077
35.587162
494.38342
-194.94368
84.36127
-641.2778
-527.1895
806.3525
-180.91422
-681.9644
53.9403
40.7833
356.1378
-481.35608
502.43268
-399.75955
-522.6291
97.19442
121.52835
158.28093
-1079.3102
-167.826
164.36487
-268.4109
424.85144
164.6931
-445.1153
268.987
417.79318
-78.832214
70.85377
538.13245
-434.80096
-22.534904
203.57516
-72.60947
-243.43152
-156.97754
-79.89726
-218.17924
-639.04095
504.45975
-121.00782
-168.46574
133.26318
-560.5391
-138.63052
-645.4055
414.91916
104.91913
574.54236
356.47876
103.81475
157.35918
76.73494
-285.87137
18.142689
322.13242
-335.29175
-110.20843
331.89954
30.775517
-631.1691
-309.759
-404.90417
121.36813
-122.94213
85.926704
-388.78018
462.85376
124.1713
-89.52406
-373.52557
102.11945
-246.50523
453.83694
-101.09147
56.641876
-285.7492
-104.01254
-122.776985
235.21451
218.14163
-355.9048
-620.46643
-190.50075
-144.99411
92.96137
-318.31366
620.6045
645.88477
-38.704037
149.71739
26.598904
-213.87224
-257.68234
-462.78244
-225.37805
403.1972
-560.98126
-814.7108
112.38468
174.50374
216.90611
-285.78122
-220.66756
-176.47325
-289.43414
88.45612
0.34009218
252.51236
-583.6293
445.97516
-38.40651
250.23235
-84.78772
-167.18736
-60.985542
125.12955
-837.60785
-548.90753
-28.756378
177.00052
-145.54185
275.53482
-218.33473
525.4814
-1090.3651
87.48104
-69.53834
601.9937
-107.37235
257.18726
-62.624386
70.19785
-181.76855
502.41064
105.83067
95.94478
-505.44403
-116.11147
-505.19702
68.2428
324.45554
201.87383
-94.592636
122.05924
723.2681
-37.169678
351.1861
-191.66534
-19.131817
-364.60992
62.74991
357.51224
-251.97377
-328.30435
-361.73465
-364.50677
-321.59604
-267.72678
-531.5549
257.4705
-738.74475
432.80072
-27.619051
594.0113
343.7886
-6.705179
149.31438
328.8567
458.1634
-284.72635
-657.0638
62.940193
-384.0285
-700.498
-48.59095
-82.99615
-282.5706
-282.29306
-478.55508
414.17944
-249.7767
-286.5116
665.4335
720.0109
212.98868
-380.81683
-160.31856
26.457094
37.52066
-213.20662
224.45833
795.80505
-362.34564
205.49536
252.61792
-79.48346
325.15366
699.87726
-72.9308
152.53973
-114.95564
-259.68497
-594.0367
208.30325
131.98494
329.8351
215.7804
993.6422
-270.3197
-17.40452
366.78687
-154.15218
-185.66634
-364.20322
175.13065
-31.52003
352.29562
211.18019
276.61264
134.14943
-322.81793
246.1461
-414.1523
-271.48636
564.5171
-597.13544
10.347584
-260.0872
41.40115
349.78833
-110.61104
-227.47676
-14.244478
112.71637
-19.471626
399.40884
525.2051
-294.09647
48.66776
-438.74792
103.390854
-11.790381
710.80084
-254.38264
291.9163
-63.036488
-255.30505
151.16069
102.18074
468.80728
-351.68762
575.9702
-181.59605
-231.97746
20.432957
62.787647
492.53067
231.63976
-520.253
-559.9087
-159.19435
950.5206
-220.75908
-461.82852
-649.4477
-211.3334
-8.219442
512.5873
-102.92603
-668.5835
589.53796
881.1818
-75.68011
56.92969
276.6076
167.32109
-417.37256
229.35464
-151.75575
-332.60355
-156.57414
-187.0301
593.66473
130.27948
-442.04846
500.4366
4.990524
-174.6754
487.9369
-74.81531
-179.42778
-163.16643
124.061386
-329.18597
15.6318245
-170.75038
-302.6015
46.637695
-319.1178
85.61194
-255.63956
-613.18994
252.52037
25.901424
-77.156334
211.36908
101.42735
-364.5289
350.86618
-168.627
-306.72253
155.68883
72.47432
280.82788
728.1088
-103.82793
-413.13507
-60.457024
360.97195
-457.67752
-27.671028
297.79633
360.97443
134.3377
-348.41235
-375.37964
745.96173
487.718
-334.6569
-234.19052
203.93361
602.90936
-377.34418
866.2287
186.6027
-544.444
406.84964
97.578255
54.531055
150.40063
-610.80365
255.70688
-328.46097
90.14867
467.92392
-188.55186
-62.458355
-491.98807
-441.34296
53.47786
198.27295
291.9458
166.82312
-179.49367
276.10703
-802.63525
390.56287
572.89966
-73.59518
20.62565
431.3624
31.875322
125.70646
235.85597
-79.178055
-338.77615
408.35004
75.74518
530.0977
-202.22275
-18.043861
-212.84096
341.55716
264.21762
246.64726
-113.863686
416.3507
-187.7714
-574.6905
429.04935
-573.5634
33.876053
-491.46695
621.08215
99.665085
-21.359291
587.1548
-441.91367
-452.5004
404.3259
-260.47797
19.284615
64.40617
420.18054
-428.10034
201.99954
-87.54915
687.3624
153.47571
-45.3224
10.50005
-448.6468
-177.02151
-27.232443
202.96364
227.1127
510.54742
-324.8381
47.843296
75.21281
-88.1682
352.3507
798.6373
699.7991
-216.28773
-179.71393
-230.38846
411.71573
-146.59991
-42.482
-290.5064
267.45865
-363.91357
-328.31155
44.82738
-0.7533916
-333.678
133.84044
414.66885
109.51867
119.3507
-614.3353
151.82564
93.6023
-47.71187
-77.61678
-438.21597
20.27709
504.11667
-957.7347
-161.03926
85.43108
