173.3784
913.6196
-131.71454
812.3622
912.8638
1240.1819
-806.1547
728.08386
15.8902
-146.22267
-446.4052
-1712.3712
-695.04
-591.4648
-209.37343
-1085.4255
-740.0068
483.03067
-127.30864
1280.503
-281.97794
-1414.3467
-515.5279
-210.60684
-383.37515
-103.9288
-1051.1013
109.75238
-817.6544
688.3693
390.575
-339.5978
414.408
1601.9781
1244.5977
1156.2146
-77.432014
-651.96545
68.71763
-88.18806
-1021.6161
-338.3561
-762.6388
561.489
374.07352
-671.29047
-103.52948
-1055.8134
-847.475
368.34814
260.25903
169.77443
27.212725
-1320.9419
842.3042
327.32333
2152.831
-332.7083
629.35626
132.93637
-181.573
-293.2754
485.68353
-600.9313
-287.26877
148.9986
-326.80753
182.95323
1757.5795
-6.6447845
-552.06134
343.64145
-144.51447
-414.42276
279.76743
-1667.3207
-625.37427
-1491.4324
-127.48932
695.2962
162.3708
-606.4636
-898.9366
-1201.6855
-493.62057
2029.3557
-1362.7961
882.6466
1281.2941
505.32962
-681.69604
63.277138
851.1911
322.16925
-316.31525
-30.526325
1222.8171
1261.379
876.38574
-144.952
-1076.534
458.76666
-833.9623
-449.85254
-768.59595
-4.639882
1.6350766
1107.0902
-169.3447
-487.83258
-1124.0397
968.05865
147.45854
-178.7027
1299.2628
-160.86847
-484.30585
860.57983
-45.86954
-1692.7623
174.00974
801.35547
439.5442
-238.98439
271.88266
513.8604
-1036.9739
-717.2462
790.0806
-503.64334
235.04446
96.62971
-616.5599
-806.06146
-54.304977
-732.76794
-584.70026
506.7714
151.9484
782.11993
-330.79724
371.1464
-1980.3198
-1373.2113
-564.8085
1155.2336
-85.549
1360.4559
-91.04683
-390.81378
550.93054
1228.4966
-69.67908
-78.84011
-186.94937
-222.61217
-313.90652
-75.575294
-2174.864
735.1323
806.28217
-1312.842
-194.3097
-291.11566
1675.3876
831.7203
-360.74365
-146.36186
661.06995
-1069.291
-443.34592
-267.3022
-205.17522
825.9697
451.85596
455.7003
-211.51501
646.1014
392.155
-795.9597
234.9216
490.5264
300.05826
-411.1944
-31.090378
-455.20883
925.88983
-608.6542
-1142.6008
330.16855
22.049465
-698.6881
320.37842
636.44196
560.39777
-652.5186
1064.8518
-261.57443
585.8947
-23.809673
-253.1628
1031.713
20.945591
854.5073
-8.308075
521.2183
466.18677
-961.39453
-1731.2772
-922.7935
-434.3378
-175.90852
-966.2687
-1862.2274
597.1825
1827.672
-462.78696
1600.9047
-296.4777
-647.64545
76.16719
159.6288
215.91838
-635.04785
-436.6633
737.23004
493.86917
477.43274
1157.946
-387.29095
-366.1344
1117.4506
-47.04179
443.43915
660.66614
-1392.1586
-1648.2797
1010.071
-851.0783
-124.89207
351.9723
1197.7325
810.4641
-288.4294
1417.7908
-12.514345
-306.31427
-810.1169
-1832.8468
-823.83746
-1426.4495
1512.008
388.8675
991.02985
-385.74365
493.055
1126.2645
-7.120961
-858.7839
1062.0657
68.154076
-221.9837
620.7543
731.5167
-445.58105
-729.8636
210.03548
-24.82833
571.23285
-1415.8177
615.43695
-1476.5325
-91.43397
-1273.8118
377.677
117.891815
-810.756
878.3271
1389.5864
968.62463
77.8021
73.90747
419.29745
880.35156
1730.2433
-1063.1216
-1510.1255
-1270.2875
1206.7563
-62.428925
342.24695
-293.48276
-186.66818
647.6644
-937.0947
94.50157
-228.40033
-234.86879
-611.19714
-650.5228
-802.3957
-728.21606
-108.99509
-760.7295
-575.70355
68.69152
461.22906
-603.88727
-1343.1456
-30.989836
-591.041
-1733.7922
-411.7077
332.4864
-718.0953
769.59564
-1117.5138
-885.0023
-1257.11
488.6468
-464.26877
-36.02781
-464.60657
-192.0844
-145.48677
490.01755
756.42163
-770.443
443.3006
-326.11826
-50.639717
-51.911453
-532.5183
417.90045
-1030.1555
987.10095
862.4512
-224.53265
328.4014
540.8001
527.23114
379.87335
-381.54095
-657.8261
-369.5813
1024.838
115.724205
2170.5745
534.62476
702.0083
-263.40863
355.56082
-276.1005
354.10056
375.43906
-658.2623
248.64655
-80.4552
-265.31342
110.760155
894.57904
125.27931
15.004277
-840.6514
-590.59235
314.0445
-760.5174
407.8428
-203.29558
1653.6122
327.92136
-1297.8217
-217.9972
220.45923
266.62683
-481.34357
435.2112
1531.8717
261.16922
-1263.3123
52.023346
-438.90906
-531.9194
928.5082
-646.5447
389.29865
-365.16904
-1005.27496
598.7176
405.65527
-898.5521
-1240.7189
-817.4283
448.80368
37.45591
564.90393
570.76105
776.9649
-693.40344
-11.1588745
620.64124
-1391.7656
784.173
1308.8464
-846.54346
-171.89116
-1116.7582
-348.0625
-2850.8918
1144.4906
877.00024
-779.0637
1275.3448
-26.157618
390.0535
-323.4655
-546.38153
715.2323
689.143
-980.73834
546.8064
1269.3346
874.1507
-0.5365498
355.61047
-243.132
593.49866
-108.32485
-905.0889
-1205.6722
834.6417
-384.88312
424.8788
-608.6786
-395.20575
581.52606
-358.3403
-181.52296
-859.5751
369.9314
-581.0678
1254.0201
182.09483
-145.96947
-356.8554
-954.91345
-1286.0978
37.005573
842.05347
-807.2755
-746.6563
1209.5028
637.155
696.87555
1624.1387
-360.6493
53.563225
746.3952
-480.68567
64.49884
1.5295848
-307.80032
273.0794
601.0915
1077.2643
4.7393584
-1825.4346
1063.749
-171.14287
181.27255
-537.3777
819.1423
279.54355
-29.941477
1553.5089
-620.6432
807.33704
1699.0671
-1097.2848
-1329.4786
290.45303
826.7061
-985.55475
3.591856
54.4801
-751.7937
-1074.3976
1543.3805
1967.0872
1244.3729
-377.1928
1446.9968
72.231705
336.77924
639.61633
948.1892
58.969555
-592.5265
133.78168
17.608597
-11.783934
-720.2627
-571.3643
383.1308
-848.4354
386.47925
-3.408136
-6.065881
-1117.2152
1606.9102
-794.85376
-1015.5358
-498.81345
-897.6593
1040.8016
181.77779
386.3943
-116.30434
445.54855
418.40817
756.50055
681.3543
-844.7881
-283.363
-105.54715
-471.4414
237.76399
1274.0668
1668.509
1111.3793
-1155.9874
387.2884
1960.8446
351.29724
251.85399
-652.81836
477.0021
671.0024
-719.83185
1844.5846
183.88474
-970.24646
74.94505
-1499.1927
1166.1707
1531.0616
-651.4353
152.24986
-1087.4266
-75.71782
686.7713
156.57977
545.5846
-95.18427
-1166.0737
-36.677162
159.1861
708.98444
-1037.1902
-437.47937
1200.9128
-2017.5674
646.0692
1196.9077
-421.67722
471.3247
353.2196
-572.321
539.88354
-259.41772
-219.99768
1364.9213
919.2525
-85.31143
38.544807
-472.88928
639.5267
-685.04346
-60.601337
1286.378
305.76373
10.552814
1693.137
116.50945
-1442.9734
-768.12646
-1404.9797
-685.814
-1521.0012
496.22632
429.29352
312.11975
-60.064125
-454.54944
-805.1268
1442.5985
-803.718
-1545.8868
-579.25635
228.01906
675.93787
174.49509
-442.3153
1112.1777
-395.26505
447.527
237.40817
-896.74475
-71.510895
-312.97797
1053.4177
323.7041
1053.9751
412.44415
-354.45746
-440.23685
-26.74769
483.27124
635.5454
747.7919
-519.62994
-603.1041
268.20917
228.90135
-686.69574
1390.5524
-814.32416
481.1655
19.114437
-1429.1534
-587.1094
-1956.0887
-538.5497
711.3625
772.5767
-985.9517
330.25934
-722.0507
1332.9585
661.9273
-639.1614
236.78574
-991.03076
28.969744
469.25998
-2201.842
461.1954
-225.39081
