-344.51938
265.7599
67.42653
424.65512
405.68396
-22.527884
78.57902
42.524433
356.635
504.8186
-34.26881
-848.54285
-488.86008
32.718174
194.01418
-779.31647
76.588425
298.93927
137.40503
6.7779627
611.4453
-66.51477
-161.04884
307.4805
-294.71732
-126.64621
288.35403
-136.25175
245.75372
-43.234673
-206.05852
-171.08902
-330.80405
326.3659
557.19214
416.56055
308.1697
107.39498
-582.49725
-490.63507
-429.67935
-83.91891
673.1825
-56.153885
499.52444
46.03072
421.57013
-69.248634
-218.99896
21.287777
-499.73923
-74.73251
-127.789314
86.98068
86.39756
228.94275
837.33954
148.66539
-163.05612
126.872635
-443.8259
-118.16824
660.2901
-309.082
304.5368
453.47314
500.8004
381.74603
282.59073
60.14795
-294.14087
182.06828
-3.1323273
48.44687
-194.68246
-331.24973
-227.18504
-263.06296
398.6656
268.3511
-621.4595
227.4856
144.26312
113.68062
-492.2601
237.4144
145.68318
270.35095
455.37726
272.16006
350.58524
69.8995
1349.9309
-917.3774
-498.8138
458.1212
-36.70688
98.36334
321.29285
-110.87598
-335.55206
-211.85321
71.55
-372.72537
-781.43066
-84.641655
254.69907
403.86594
-681.07825
383.55176
-817.58246
-218.2059
678.605
-355.9717
-117.239685
-13.870459
-111.5895
308.19724
-233.33644
-273.18985
1087.2031
408.73755
-148.83018
-662.0539
-381.7679
71.56253
-500.96973
-161.2693
286.2925
-153.73927
291.91034
301.99615
-570.41003
-50.277973
-455.27353
252.1176
164.01656
-388.16638
-98.11592
-210.25395
-12.808657
233.51566
-478.54883
-334.56253
259.6637
-118.39948
539.2415
-125.409904
65.16926
-56.0516
-31.271809
252.77655
180.11852
-212.75768
-328.45102
283.25342
-200.43124
-211.31682
-427.12695
-59.34164
-5.7602797
-348.69342
184.64082
431.9767
-197.82445
-84.459785
-315.03143
-298.82117
136.86256
-418.65494
-96.60799
411.9512
47.571552
531.47235
-427.6505
139.79861
96.07663
273.53796
175.53108
-329.10315
-349.1895
-15.187363
-373.82172
-215.58081
-436.9176
129.139
554.6319
-38.18896
107.80088
667.1349
-67.66489
-52.64479
-225.85138
669.317
525.398
-636.5952
-321.0452
151.99744
-613.98486
-1.4528319
-89.96713
30.841217
569.6531
-65.65802
-22.19024
509.32016
-127.79979
135.01141
-678.8525
-417.6692
736.1096
-255.88217
-635.1335
34.59832
39.85988
390.72784
-413.44073
425.9802
-410.04108
-514.6237
177.21829
103.55662
250.34071
-916.5413
-248.0427
128.11879
-231.26317
256.67694
275.36835
-433.27988
272.8017
431.8053
-7.5201755
-140.25081
515.76086
-421.86343
-101.22815
293.89194
71.22801
-305.07333
-194.0093
54.235847
-158.98288
-619.9062
481.09055
-113.580734
-182.18246
222.05405
-291.4308
-35.468616
-673.1482
349.8231
145.49757
436.39594
405.4113
152.27797
153.32996
8.688824
-327.79736
4.244976
231.89368
-260.22888
-162.20534
420.9241
-28.852356
-596.85126
-322.0023
-347.69055
53.778606
-170.71266
153.65974
-307.26657
613.8197
121.413826
-176.91644
-371.48633
95.125626
-75.414276
369.7696
-126.00936
96.75576
-269.63113
-46.942482
-233.42218
232.05598
291.31305
-333.10034
-571.7942
-167.44312
-132.84892
-9.397559
-497.6274
529.9067
696.8641
30.25855
31.224138
57.22388
-139.30672
-161.56453
-505.1134
-245.87927
581.711
-565.54596
-617.02673
71.74916
157.61037
277.8733
-217.08023
-357.93396
-100.33874
-357.29428
62.433453
-101.545746
309.14175
-592.2156
389.24265
-99.72374
236.28764
-132.66112
-222.75005
-39.764442
98.48874
-696.1814
-583.1249
-168.83603
135.34532
-92.82078
252.76544
-278.5219
543.85114
-1054.0217
259.04047
-88.24846
624.71735
-73.339584
346.84058
39.97341
37.812737
-117.103966
499.86972
118.77537
65.189926
-350.50037
-134.88463
-447.68756
122.40395
390.2966
237.77026
-73.23565
141.11469
569.90204
-14.405491
266.42548
-93.83012
61.248096
-442.3498
29.20512
328.89484
-304.6081
-278.94324
-400.6508
-231.14665
-304.04727
-219.23315
-506.05118
129.1916
-715.5645
379.92377
27.118732
363.26614
230.48924
0.026136495
198.34004
316.42606
516.3445
-275.9918
-622.5803
76.49183
-303.26334
-707.0895
40.809685
-231.00664
-193.84737
-262.82053
-442.4596
344.41144
-143.61462
-293.48584
601.4848
565.54834
314.4837
-279.53357
-11.600726
80.702675
80.36138
-323.15863
227.31128
665.69696
-190.79425
138.44928
88.86049
57.860176
237.11475
558.50775
-85.86255
117.89813
-31.102966
-252.66367
-511.9532
294.6073
135.03905
431.29214
238.15862
944.3768
-219.82315
-11.848786
371.1233
-5.0830193
-120.66952
-221.24495
225.92961
28.62266
293.25287
277.8734
194.55399
235.34984
-343.52917
249.58136
-420.2888
-269.2666
591.2486
-506.28198
74.02503
-106.33095
34.889244
316.47394
-105.05847
-156.80173
13.661554
26.61364
-98.896935
351.22995
408.5918
-440.9322
-51.07758
-583.3056
181.17323
18.033516
776.98
-253.24242
210.75566
-12.351189
-305.1497
174.13232
-76.00445
442.0944
-359.77676
580.435
-213.74474
-220.5957
-165.02443
101.87029
554.0947
193.75719
-537.223
-471.4702
-90.44462
850.54443
-249.84668
-379.13315
-485.46106
-90.55435
-84.53186
492.65213
-123.29226
-597.1938
572.7481
917.1586
-253.808
-35.12094
192.97011
276.24408
-554.9508
167.41632
-151.31398
-361.2485
-158.69705
-350.59488
529.8841
182.15636
-544.9366
493.21936
-118.35291
-171.16924
360.8236
-111.00166
-86.06666
-251.89702
134.17743
-294.53244
-4.174674
-2.3659592
-328.10626
97.08707
-328.27036
77.77786
-292.2517
-587.75256
353.78882
-92.81757
-89.10837
191.12405
58.197903
-335.42072
416.3052
-201.99583
-217.79083
55.115288
191.09563
290.2739
685.2626
-59.59972
-320.86487
-119.041306
319.20438
-449.66055
91.35548
292.26337
306.04294
156.35727
-264.23376
-364.75433
685.5688
458.82333
-444.912
-332.17905
280.34952
628.0455
-165.02824
734.02875
171.28185
-475.81085
434.72485
92.71416
-10.085694
93.136696
-602.7765
227.69164
-333.8182
85.60855
437.21417
-338.07596
-132.98004
-504.09732
-518.68506
30.042513
208.28847
163.36386
140.97644
-273.46375
234.55484
-819.7433
278.4983
488.5941
-120.00889
-46.65528
526.1657
93.04374
51.108337
183.23647
-122.1629
-304.52173
475.00412
13.207537
579.78064
-86.79995
-41.593594
-197.05359
357.45917
244.04547
181.34595
-114.441216
366.8435
-58.106133
-449.62216
341.88422
-487.67264
-47.042606
-658.22235
590.4298
217.56818
22.035854
714.5346
-511.24362
-220.06139
356.73825
-174.1635
-67.73463
25.815487
427.94482
-595.043
81.28334
-16.597757
552.0589
63.506657
-153.26237
91.61168
-414.7823
-149.2376
-177.42924
218.28749
182.73555
399.05356
-299.6488
143.03896
125.54448
-131.2115
376.7436
682.3863
712.8811
-105.11054
-170.07692
-308.99445
350.7446
14.377166
-22.713566
-190.01562
176.3392
-426.7192
-385.76117
-5.8096256
154.97963
-306.14297
225.5827
406.58444
262.095
188.7861
-478.8222
54.86282
74.52764
44.71686
-225.3241
-464.9356
54.27113
502.9489
-722.37994
-34.785995
9.931177
