-769.61554
450.48447
854.59985
118.278336
1417.1829
1080.0955
-868.0748
749.9792
-132.11903
448.0247
-871.2217
-1160.745
-1103.8845
-1001.29834
-487.10672
-1666.5143
-1474.1824
318.27325
-183.37225
2078.886
-307.7508
-825.11975
-363.53534
-409.7684
-1374.1765
-51.466682
-765.4419
-461.364
-1497.411
-65.52675
673.19354
248.80835
1136.4808
2124.8335
1846.9448
1271.9551
-592.24854
-507.85046
-245.101
-578.4541
-438.8408
-896.4502
-882.6155
850.8243
817.0787
-427.81662
-143.17264
-826.67926
-1213.9075
613.34644
430.98932
-23.800184
-299.25165
-1488.1423
1943.4701
-637.47284
2142.4524
-188.73393
1010.9679
-491.97992
-263.68704
331.64484
388.7627
-1260.7865
-20.750938
666.63684
-631.1694
340.43994
1674.3607
243.57602
-1115.362
-287.94092
271.4614
26.44371
527.54407
-1689.7891
-268.58368
-1067.7798
-295.94315
733.9007
-295.8655
-794.10065
-526.278
-649.68097
-29.675379
2491.5808
-1407.1682
828.3683
1449.3385
268.97382
-201.08345
269.81686
866.78815
602.3647
-793.49207
211.9302
1405.6003
980.76105
719.79834
261.19385
-1041.513
658.3723
-989.6002
-279.30887
-637.47156
25.900702
-163.40813
1108.7875
-128.84131
-627.1285
-1183.5479
1155.4384
163.44435
-553.472
1124.9298
-69.14001
-272.48404
499.5575
-551.824
-1662.8003
240.36412
624.15344
-131.05716
22.25381
-324.1391
562.46014
-747.7773
-1018.9344
761.66766
-712.9629
-457.73996
-5.8429556
-517.69507
-660.7525
-267.46347
-1078.856
-15.876317
979.27686
439.0272
882.5229
-496.93863
310.8866
-1478.7976
-1556.2887
-333.55167
715.82776
-11.4493885
1645.3806
-214.06674
-502.56055
855.22327
1191.7601
-347.36374
86.69958
594.9475
-801.798
-945.1831
-531.14417
-2446.2412
489.54034
694.75995
-1513.0724
251.52036
571.90656
1704.8516
859.9405
178.92223
310.354
1134.4839
-1971.3025
-70.33028
-732.51086
-220.51927
913.9861
815.7342
159.42754
-66.65982
409.18384
332.88998
-1295.7793
-260.626
811.92834
-246.92242
-885.92426
-536.196
-341.29944
1081.7516
229.98389
-1302.1573
288.42465
247.765
-1075.9102
-51.29373
747.33997
-395.52832
-819.64984
1097.0548
-53.836437
385.9219
706.43176
-445.39557
1964.1454
204.94193
1243.9027
-199.9768
600.22296
820.28143
-679.0211
-1245.1047
-428.5504
-78.15746
722.6014
-292.61765
-1998.5685
578.14825
2531.6477
-303.3554
1365.3859
-26.861479
-151.6252
-386.71335
165.89229
882.87274
-547.9317
-195.51257
298.72928
767.4625
305.37384
543.78217
-653.1396
-221.80766
911.2311
-228.06131
396.09766
838.0017
-1740.511
-1939.444
1406.5382
-565.49884
-1008.2123
-208.46877
555.534
714.0291
-443.7459
1282.8148
-77.77552
-116.23745
-1224.5544
-1656.4158
-1083.4906
-872.8015
1436.9036
114.907585
1306.9875
-437.03494
439.2641
830.7857
100.87937
-512.0452
496.4424
159.27982
-671.9111
376.8563
792.6455
-286.95956
-637.25006
-186.74747
143.65909
1001.65625
-1812.2765
-21.132935
-1358.0625
-561.53864
-1255.6006
378.48322
18.794714
-988.6916
1227.2346
1157.118
1165.4761
-204.69522
48.08388
557.1271
1094.423
1174.1443
-1616.6422
-1400.6508
-498.5025
1524.5125
-409.92862
-477.92728
176.34566
-911.66754
111.11302
-894.74426
399.62375
606.54364
-639.98016
-1115.8757
-577.08936
-517.3292
-1330.1472
132.84932
-877.71954
-613.4848
-202.67055
515.95905
170.01974
-1523.7357
96.43997
-278.1598
-1446.7202
-177.22226
442.85498
-1077.2549
1977.5302
-922.293
-659.942
-970.898
770.2876
40.25009
-109.282196
-1091.0051
-755.7751
-41.088573
677.6722
1539.6691
-845.0425
510.16907
53.486877
899.0133
390.39597
-683.26434
910.56915
-1702.3582
850.3534
1183.7076
-53.225563
872.00616
131.96782
82.32202
701.6484
-574.5527
-455.7361
-942.0979
-166.3385
-49.602898
2369.187
-378.378
-171.97066
378.2305
282.64053
-1188.365
1048.1168
-32.383205
-919.98456
443.8791
-320.59525
287.55118
695.0958
982.96155
556.836
671.0911
-563.231
-585.5357
408.92584
-1068.164
129.69
198.20078
1268.9191
930.1523
-947.2804
73.093575
757.5425
-466.61014
-672.2139
383.59613
1133.8339
-204.23792
-1228.5603
-631.34125
-294.09494
-868.17914
1247.3171
-770.3483
493.9626
456.27448
-1547.6956
1121.1799
672.0581
-1222.3458
-1282.7777
-909.1375
309.169
-168.04138
409.05957
275.64563
1214.0273
-817.71436
-9.229336
646.04865
-1392.247
773.9274
1534.5522
-663.28564
-468.02182
-487.5855
-180.15149
-2769.129
1680.5599
604.45264
-1148.6656
1559.9625
229.92912
1032.5328
-942.5214
-582.81665
1142.7794
752.3662
-620.64435
548.28687
1298.3947
56.53183
-95.64369
95.0741
-572.5774
442.44513
117.42021
-1283.977
-1477.7723
1580.893
-92.31538
655.649
-784.52246
-694.30927
254.65973
-199.48727
-56.017235
-1739.4812
-351.16464
-647.6751
1262.4038
-91.30986
-464.69672
-943.9085
-1245.7903
-1927.6534
153.41211
587.88525
-1231.4846
-1177.2615
1454.6958
482.72708
302.48737
1623.8801
304.1511
68.925064
782.0609
-886.51935
-185.35855
-198.73987
-807.3611
488.62576
-84.61425
1417.5842
-23.709362
-1997.8727
1512.7325
-327.69293
-127.940025
145.69151
323.98618
622.9955
462.43274
1472.9122
-708.383
844.81244
2424.4106
-1126.9758
-802.9892
427.53226
468.7522
-1242.6746
123.8143
-451.47232
-546.257
-647.6087
1390.7207
1777.5497
1173.5107
302.91907
1553.6122
6.465674
-629.95056
490.96725
1014.70123
74.30631
-267.0016
334.37137
184.80113
-74.37777
-441.49948
-489.62195
832.9788
-11.635474
-73.330826
207.46648
-583.0518
-1050.3293
1654.743
-1112.5486
-982.92957
-175.5713
-315.63293
1559.5632
560.4319
966.292
-240.89229
770.1432
587.7111
494.6272
840.94305
-348.56268
-500.07205
604.33704
-764.174
356.29208
1464.4463
1469.6322
1969.5679
-1588.9624
748.6571
2107.439
392.27997
-341.16913
-529.64
242.08769
687.358
-993.92163
1939.098
821.02057
-1236.9888
-137.3195
-1633.1667
954.92255
1553.1207
-1298.0099
151.99908
-1176.8081
-488.33603
343.10837
-106.752
61.387215
-955.42834
-607.52795
49.801086
164.86284
1105.1218
-916.17755
-1168.7079
968.20404
-2186.89
892.9286
1306.7079
-822.82245
288.5496
253.47891
-211.27054
898.6726
-203.01495
-110.37616
1114.3052
1502.0831
-355.00986
-347.11966
-134.19917
858.6537
-332.39572
-848.33746
1106.2184
27.333073
-501.95953
1629.3258
12.511857
-1510.8445
-718.9499
-1382.6884
-757.18286
-1609.623
401.4708
376.46494
255.3711
197.49605
-413.57346
-1206.9637
1226.9626
-730.631
-1811.982
-120.89302
-313.68774
1289.1295
643.35364
-127.53863
638.7642
-613.9589
532.5232
121.98669
-941.14844
-218.1472
311.63892
473.2362
73.35717
236.3663
700.59534
-270.22845
-601.65234
38.981514
153.73175
744.7437
757.0564
-657.24097
-533.57355
358.0556
633.9931
-797.0052
674.72473
-1100.9155
880.44354
645.8696
-1226.7932
-237.74574
-2392.4875
-637.92786
605.3516
787.38
-945.1953
209.74495
-991.0932
1478.3196
2.619304
-620.1297
546.1444
-1011.0813
720.2561
1199.1053
-3005.232
484.34564
471.54764
