-235.6849
590.5988
291.9442
422.58286
922.64233
952.1856
-862.879
902.8521
-134.45755
-54.41104
-765.2385
-1774.9679
-803.34045
-664.50433
-645.08887
-1375.7439
-922.9344
403.72223
-69.01326
1602.6537
-294.431
-1383.2944
-309.5133
-114.329056
-708.1011
-94.92605
-744.9775
-222.08041
-687.919
534.13184
324.52127
-156.61685
340.33157
1432.9973
1471.4637
981.06946
-28.838976
-583.18195
36.327644
-361.7031
-647.39185
-634.40015
-339.31192
455.37805
613.9768
-555.78674
-174.51222
-1303.972
-809.509
260.61765
1.373906
31.449337
-15.15652
-1557.0708
1280.9465
29.80967
2165.9856
-84.49877
425.47974
16.885872
-320.71356
-202.41211
512.3233
-632.9577
-379.09442
303.9258
-225.06151
373.8728
1960.6122
3.7638378
-480.0884
290.13815
74.03093
-174.40808
352.25208
-1764.6492
-150.39905
-1288.2852
-115.27437
739.15216
151.3003
-871.56244
-1086.9493
-1061.0022
-568.48596
2315.421
-1327.2324
950.7387
1314.1367
800.7455
-732.2083
359.76114
1052.7069
393.03827
-595.4501
161.5026
1368.1681
1315.2386
846.87585
-115.64864
-1323.7986
629.7903
-1022.4263
-509.0394
-699.4084
11.510519
91.352066
1226.6191
-498.5446
-856.9043
-1344.9565
882.81
52.880043
-330.05624
1025.3077
-99.7449
-585.7847
690.37714
-429.0701
-1686.5491
310.14606
813.19006
397.62326
-123.30325
121.651886
981.5458
-645.95685
-664.52075
842.7889
-620.7721
-332.86777
-10.791522
-763.97565
-879.5884
-83.503136
-571.06195
-299.12872
384.85812
324.82504
820.80646
-588.75555
490.82755
-1784.1162
-1235.4485
-650.61487
1295.1627
-13.562626
1564.2288
-39.33641
-422.446
773.1906
1402.4401
-52.00465
-171.87317
354.25842
-230.92656
-227.94737
-187.49002
-2325.929
734.81396
498.27704
-1397.7975
28.911577
72.81528
1703.0011
918.96704
101.83011
-151.77979
626.72345
-1505.756
-628.2258
-121.74851
-104.07557
728.7814
469.39847
714.3107
-103.926575
409.87152
223.63293
-1099.4585
29.254192
467.8151
-119.868996
-620.8565
-334.01706
-136.60362
1043.8418
-587.74634
-1039.3344
298.00366
187.11769
-718.3339
252.65158
796.95776
579.0022
-680.51874
975.74725
-329.80704
587.7894
223.15407
-268.91577
1400.9885
94.75995
667.7054
146.8108
930.2953
376.83093
-692.18134
-1534.8151
-736.5905
-513.12915
218.67949
-954.6842
-1734.1761
680.0783
1560.3073
-440.75037
1209.6667
-138.577
-637.1951
-45.943398
230.18317
-51.369427
-661.8458
-260.32748
617.3056
486.7485
248.79736
1269.7144
-721.9303
-312.11996
794.99054
77.05408
385.7312
745.0771
-1116.3112
-1400.2374
1208.0918
-513.86273
-446.7109
400.58646
1065.165
781.31506
-394.41864
1517.3552
-69.28591
-195.50699
-903.93445
-1492.05
-1123.9764
-1188.9869
1297.2443
428.40915
767.82825
-284.51343
651.17004
1023.959
119.41879
-1095.6913
1067.392
130.89604
-336.48767
728.6124
775.034
-422.43402
-735.75275
-231.8226
11.332199
540.39636
-1253.9973
385.91864
-1629.955
-158.58112
-1257.7004
361.54282
250.4841
-1000.67773
1213.3749
1221.3925
1135.344
88.29128
61.384396
362.30942
1038.5239
1529.9602
-1071.1985
-1525.8567
-1074.9733
1386.4005
-483.78162
-122.53017
-12.83026
-591.1469
681.6554
-806.90533
146.43259
-68.428696
-223.98651
-924.79004
-350.30322
-862.50885
-900.97156
197.73373
-570.1394
-666.8243
15.467425
540.00183
-431.04837
-1381.4583
2.5680437
-536.9999
-1479.6256
-368.74536
306.10138
-525.21814
1081.4886
-878.8842
-968.32263
-826.00336
490.4584
-424.0012
-27.830614
-651.03723
-125.193985
96.020966
399.47845
863.5301
-478.43054
530.21185
-471.85107
601.7645
-81.78189
-262.0133
425.70456
-1149.4677
667.07
776.6986
-40.039543
334.10373
522.53577
768.02124
471.60428
-495.46606
-481.82104
-463.4434
889.88275
35.550407
2177.4016
189.15161
374.9504
184.77193
429.7264
-470.89465
540.12396
282.41
-664.66235
27.555466
-33.8032
-431.25055
69.631905
1044.7245
393.80438
216.51915
-683.3826
-691.36127
174.20013
-716.932
208.68602
-136.50768
1740.2869
543.53076
-1239.9989
20.137932
695.79144
-25.971867
-541.18427
284.51434
1432.0817
79.57552
-1576.0917
-121.64985
-262.56738
-567.9264
1020.92285
-896.9739
386.24933
-229.09277
-963.1016
668.75085
394.13507
-1098.5841
-1380.5283
-809.3717
498.51678
33.078175
567.5944
251.44247
461.15564
-749.31757
-150.48607
770.64276
-1447.2521
843.6626
1321.1267
-929.0972
-66.35996
-978.19794
10.49696
-2697.1838
1490.6846
660.6205
-945.0013
1617.3241
28.410774
632.7851
-359.08115
-761.8176
877.26
609.59644
-760.25385
423.36716
1250.5414
687.67596
-90.84481
187.85298
-353.20847
420.7267
-278.48306
-931.87744
-1114.0032
1042.4725
-156.90755
851.9802
-277.3468
-546.30835
441.07465
-172.46649
-196.21051
-1475.9178
225.63199
-364.3154
1464.7358
101.44307
-113.946396
-726.17334
-1100.2578
-1302.7928
167.82407
727.3878
-723.1795
-880.376
1130.2169
710.3951
504.18973
1714.6849
-376.19196
256.3209
840.10535
-768.0611
-172.6616
207.7203
-453.20193
161.7527
590.2948
1104.0452
85.209305
-1784.6587
1165.8276
-470.71326
97.09284
-623.8451
574.31885
367.2394
-14.060672
1498.1758
-536.5497
567.46234
1889.2113
-1340.5435
-993.8411
251.28879
762.3431
-1064.2025
260.16483
-38.782803
-890.14075
-913.7814
1402.0106
1804.862
1232.6996
-207.58905
1525.8193
160.24713
212.09125
511.56772
911.3356
74.32135
-440.3446
325.6459
-23.53365
-60.89865
-725.5375
-656.6562
653.6343
-930.91644
182.91931
66.683945
-157.86353
-1336.756
1421.115
-1003.5392
-1070.0583
-593.5244
-752.52576
1273.9343
-96.09575
537.85
-287.61652
645.15234
433.1266
990.2945
838.58435
-596.9203
-510.7463
413.46036
-384.00317
262.49887
1516.0398
1543.0388
1486.4297
-1059.4867
601.6713
1920.925
408.69797
-14.659959
-347.457
618.08307
792.22906
-799.6948
1850.4774
301.40396
-1278.1385
34.403168
-1421.6189
996.41113
1405.3148
-996.98083
164.39932
-1046.9154
-184.2625
580.64545
317.9631
348.13037
-238.56659
-828.20105
-322.76733
467.82416
804.719
-1035.182
-285.80963
1388.55
-1818.5024
936.7668
1298.4006
-464.25156
187.5424
325.01035
-489.97296
651.1165
-44.98693
126.555756
1383.5823
1186.5238
82.49061
-51.74914
-459.16464
704.9156
-700.0798
86.83406
1265.0372
155.63588
271.9694
1758.7527
-268.6568
-1261.422
-835.2168
-1433.8646
-693.32214
-1383.563
701.759
591.5273
493.11667
84.146736
-591.45
-560.8349
1516.4888
-934.02673
-1867.7042
-397.2972
134.7116
838.31915
249.29294
-519.61865
1111.7145
-531.1212
376.40823
124.76766
-772.2158
17.98312
-314.01913
1180.1207
267.12576
826.5961
437.02377
-402.39523
-157.8133
-2.3806145
575.73773
821.8039
1150.681
-563.75525
-350.3361
260.06128
530.594
-656.32587
1105.3428
-1015.2641
404.31293
508.21967
-1237.6765
-637.0038
-2064.1855
-755.4336
714.4675
984.80206
-989.4714
214.84157
-598.06213
1344.0953
460.23767
-657.0192
145.50433
-1096.2184
-305.2619
641.73083
-2354.398
197.16888
109.9147
