56.48127
1056.4142
-93.9625
759.1855
973.9481
1134.3358
-608.91125
641.33185
14.557563
-305.25275
-164.01065
-1803.0771
-536.4426
-938.8853
-256.45816
-1041.6298
-422.94693
477.8192
142.2719
1488.0487
-205.17796
-1632.0602
-521.78864
-220.28401
-321.26892
-343.85284
-992.21735
185.88853
-623.1589
984.1645
272.69998
-323.10596
415.74255
1703.2418
1147.9319
817.5413
-57.779324
-686.6032
-54.41011
-111.15992
-875.09827
-616.1311
-769.20624
640.01624
402.1089
-463.9501
-232.09793
-1077.867
-1170.7458
483.91794
83.11912
226.35248
-136.2816
-1052.8492
900.77057
494.88617
1916.3513
-583.0358
522.64325
188.26009
-83.30683
-291.19147
741.7644
-345.71704
-143.50998
-31.547329
-441.57086
240.46725
1787.2211
-91.42398
-724.6308
543.2433
21.707464
-353.80707
172.85416
-1890.2003
-454.00836
-1576.6758
-137.20636
860.92267
150.05997
-641.58984
-831.3025
-1069.8356
-617.5597
1820.8912
-1346.0173
825.84467
1385.4308
585.2989
-729.31323
368.80676
778.5051
127.55457
48.032936
93.726654
1033.9766
1206.16
654.73016
-67.277916
-1290.2158
146.92172
-981.1212
-602.4019
-1125.6992
-302.61154
62.140427
1190.691
-235.45703
-453.80405
-954.05383
941.3045
334.30264
-283.5576
1464.1659
-239.49893
-323.6566
661.09607
-44.708485
-1824.7312
278.93866
752.3369
333.48026
-118.100365
259.08124
518.9757
-996.87616
-789.8013
804.66
-465.28464
-184.20581
43.760044
-538.87415
-933.6886
-70.382545
-451.37967
-345.56467
795.1787
257.5263
511.39526
-548.4797
211.89752
-1852.8103
-1695.7607
-718.41614
1160.0547
165.45193
1370.7384
16.9516
-392.236
671.8012
1197.899
-7.96552
-131.76709
68.31722
-299.15033
-382.04803
-59.009853
-2156.3384
635.6798
670.3656
-1232.8572
32.340485
-241.6505
1830.438
758.0247
-319.4621
-143.91324
806.2303
-1298.7557
-504.99667
-56.054714
-318.23917
840.45575
651.50073
584.02435
-34.675602
590.8976
409.97702
-779.297
233.66785
604.4819
399.16928
-296.3752
62.741653
-619.0606
723.613
-655.20233
-1023.38666
332.27176
-96.22414
-873.7987
283.4721
914.2606
731.59863
-626.724
943.4416
-349.35022
725.7495
-7.1769295
-362.90582
1052.451
92.01189
782.39545
45.274807
413.4157
402.9827
-983.7191
-1820.6277
-832.8732
-37.28495
69.248795
-893.09076
-1760.4092
636.16693
1884.231
-377.55548
1580.2074
-515.2876
-625.3282
-75.40087
186.5504
162.06624
-784.35175
-324.9794
1008.5229
433.34692
483.35318
1246.8329
-317.6576
-533.4873
1075.9515
-49.08778
308.4819
536.948
-1474.168
-1683.6095
1101.3535
-925.60535
-163.29706
378.61642
1110.9504
863.85284
-500.09692
1237.9824
-51.987774
-251.20705
-730.2192
-1568.2007
-796.5428
-1443.7772
1705.2283
279.32468
922.7899
-159.71394
401.64178
1093.3203
-166.69002
-1089.2747
1094.9174
40.654472
-262.2197
607.2642
590.8951
-548.24384
-818.2433
-29.13513
125.810455
376.9324
-1219.1355
378.5772
-1175.2347
72.45037
-1215.7146
392.80154
111.62898
-707.4461
853.7014
1266.8945
886.61115
198.19283
-79.82851
732.8631
900.34283
2019.6063
-536.0756
-1277.044
-1270.9789
1241.4355
121.01266
407.84735
-438.51465
-354.1266
607.7118
-708.0908
-4.9837627
110.64141
-388.97498
-294.44824
-631.14185
-748.88336
-824.1757
-278.89114
-768.38354
-532.71466
21.138746
544.04614
-505.93448
-1061.3309
-91.87512
-648.3229
-1717.0975
-370.28302
194.93306
-800.28644
596.8519
-839.8966
-1230.8737
-1152.2462
611.6354
-602.45056
-151.65466
-633.5457
-39.776215
-27.740606
674.7084
814.3644
-1070.2947
391.43628
-469.7614
-172.17572
110.946075
-440.88852
461.71286
-779.9154
943.36945
953.2892
-260.19727
230.55582
670.10864
413.62863
154.13991
-515.0006
-675.5138
-577.7651
990.5591
288.1154
2079.1948
548.94415
687.467
-216.68773
353.25238
-157.80626
162.9872
585.3374
-851.3648
223.49086
-247.50948
-499.76566
-115.97085
639.3664
123.17601
123.782616
-806.6953
-550.2483
287.08734
-776.59155
277.25665
-84.54293
1626.4631
591.0672
-1244.8885
-110.335976
111.23917
199.51578
-709.2668
380.82193
1368.9181
216.24858
-1090.3077
286.55215
-424.04196
-607.0663
505.4756
-681.15076
412.34772
-330.9491
-1058.0143
442.93066
201.32523
-775.91614
-1354.186
-585.8722
523.94727
142.96245
550.71655
587.87787
884.9316
-764.9455
39.878487
747.9644
-1775.5858
579.5449
1266.1085
-754.0926
-128.80052
-1087.2592
-224.18788
-2701.2073
993.25854
981.2926
-539.1636
1169.4973
5.4153333
475.9159
-395.709
-810.164
831.1401
507.08673
-991.0933
496.89832
1266.42
597.327
136.35863
548.8211
-135.06073
913.99744
-167.79297
-825.83624
-1347.8252
940.5294
-401.57913
495.41687
-530.1252
-131.65553
532.13794
-355.72833
-226.22246
-915.6653
408.00085
-552.4885
956.874
431.32416
-14.487251
-181.26445
-593.74817
-1306.3983
-12.687632
765.3906
-701.5408
-619.619
1149.9863
427.8537
481.06833
1618.5631
-318.32898
-130.40701
787.71204
-438.68478
163.43675
-31.180822
-116.190475
268.07825
598.0283
1061.8092
14.709484
-1830.6332
798.40466
-144.93076
372.6327
-490.15912
596.1078
286.0278
147.96751
1481.0188
-588.8603
698.509
1550.1841
-1026.906
-1395.5311
462.2957
970.38416
-706.1209
-232.61137
71.82817
-581.2621
-913.81995
1537.584
1974.2616
1146.3256
-91.93638
1437.2369
200.82016
168.87949
462.06796
743.9326
216.79987
-632.7885
216.89485
246.0446
71.21392
-833.2422
-631.3455
241.26724
-541.32465
379.6126
57.31547
43.358562
-1222.2931
1548.7148
-569.31525
-835.16266
-482.85477
-606.3855
1030.3556
80.257065
454.84872
-94.65363
513.81903
314.0769
687.90784
556.4458
-972.2474
-364.03076
-122.58509
-424.95337
206.99152
1226.2765
1694.9232
1118.0123
-970.4718
392.04398
2288.5474
335.7315
474.13144
-709.8024
663.4971
322.35187
-613.8892
1502.3983
61.78111
-966.9225
146.60106
-1335.1115
767.23126
1524.4321
-632.8949
-157.01924
-1090.4923
-2.2988513
696.5959
132.82988
240.74208
74.61819
-1142.2828
-178.68211
173.01889
753.70996
-870.84656
-358.00848
1239.6676
-1978.9191
740.27106
1162.033
-315.43887
503.36884
345.85785
-729.1296
404.1686
-118.580246
-434.4023
1435.7585
1029.885
-40.08522
-149.31715
-226.52774
930.0903
-637.3576
-122.27817
1147.0266
163.94516
184.96828
1603.329
54.997925
-1566.2773
-711.9646
-1329.2415
-594.2301
-1453.7728
820.1862
264.4594
172.25406
19.732859
-322.9006
-338.9448
1449.5193
-904.10657
-1937.8639
-649.0805
59.84629
429.9387
-78.48988
-520.5183
1196.8966
-666.72876
151.62848
264.26953
-794.7128
-188.61159
-421.81714
1086.7365
458.49612
976.70013
257.83276
-229.0248
-236.0905
-160.35394
479.958
652.66125
974.23584
-524.1248
-440.33044
228.24374
76.81536
-817.27405
1606.357
-712.3668
592.927
72.27989
-1098.7017
-567.0254
-1806.6543
-697.632
880.64355
795.3186
-1124.1669
303.24207
-566.0215
1317.2634
399.64893
-633.9429
287.7126
-979.5682
22.828392
617.32043
-1987.9718
237.96469
-247.86911
