-218.86798
709.14496
-121.47973
455.4403
-208.92026
299.89252
153.60127
573.1542
418.25192
-18.617542
283.68304
-1103.647
19.245358
46.675095
-134.07785
-917.0143
-493.66418
432.7297
-126.10567
550.9473
-109.18982
-964.3833
-137.014
273.47687
-617.1828
-362.6687
139.45999
-104.84978
-506.7036
2.7185652
-210.20576
-338.9095
-241.6019
1025.813
642.2779
594.11
494.62836
52.178886
81.49434
-420.32214
-709.03754
-649.2302
19.029848
134.62071
259.49265
502.80823
120.23492
-360.72244
-142.12776
379.21445
-356.9773
338.85806
-334.196
17.236748
442.57828
277.0147
1374.4789
-628.5339
-648.9833
-178.92001
-247.68225
353.40244
471.82852
-578.0083
442.3732
4.3042574
21.371218
-298.9241
990.1882
348.62332
-241.82794
324.45892
-9.6105385
275.60248
180.56525
-118.58557
-288.00723
145.0864
-174.30934
106.0329
-525.23224
-249.78374
-696.3609
-401.09296
-895.87756
1105.1187
-893.75903
1097.9316
894.12506
256.8402
-473.24875
462.77478
885.5878
-1032.1361
-507.47498
192.43077
569.97626
486.41348
342.0245
-40.11602
-868.61255
-484.96915
-523.13947
-39.727165
-1121.4805
155.42262
1413.8896
858.7105
-311.07837
-66.98304
-751.6383
111.50647
356.82782
107.92288
509.86554
-135.30379
67.30955
487.99875
282.01028
-1133.895
1297.0208
274.2124
451.0903
-565.5933
49.88749
327.77444
-723.01447
-669.4217
674.86115
137.85057
-367.29434
398.35934
-816.1822
-152.03795
-678.98083
320.28043
-331.72018
-76.73668
269.44006
-275.23938
26.543146
-445.4493
-1373.7821
-1081.4735
-359.6579
731.9004
558.431
978.38635
271.07965
-511.06454
388.6696
791.33
74.29207
-354.12866
-26.407692
148.94882
-460.01114
-183.8464
-1167.795
286.411
508.38037
-850.44586
362.717
-148.98405
235.53584
327.28918
-792.2217
400.09335
413.1562
-769.92004
-365.57486
-12.881813
623.1706
375.01663
2.1381814
268.04697
105.5285
847.999
558.3349
-889.1405
-54.090725
47.852047
-119.80973
-4.3976984
210.29666
-524.0474
712.9915
-462.0339
-626.14514
1091.2803
181.14853
-564.5902
-26.500748
811.129
477.52524
-125.338
365.77203
-244.4694
96.66126
-439.311
-202.77225
979.2687
227.45235
476.61417
-143.2845
-98.4366
-185.89612
-16.982178
-679.88885
-504.44656
772.5037
261.115
-896.37866
-714.6805
794.3442
1455.4369
-574.0891
1201.12
61.61105
-337.52274
139.5565
475.0363
651.859
-1006.8647
-890.5007
350.1896
-613.1624
215.86423
295.65457
-705.99994
-198.98041
731.44617
-5.208518
-479.6111
276.3881
-489.71994
136.49586
463.4301
-573.73486
28.321882
-406.25336
578.8348
-17.133533
-397.756
744.5996
-426.44168
-733.98535
318.02148
-1158.3143
-196.51915
-698.84717
1025.4005
-162.48898
340.43164
353.11618
93.38328
243.28131
85.23874
-561.16797
498.97205
1.6332753
-471.30106
-461.80743
-198.5828
16.006187
-955.94666
-473.48566
21.150131
-180.67416
-381.26605
-33.52918
-1312.4788
589.4392
-20.899166
-112.13136
-580.34534
-389.11432
528.60425
728.8448
219.83917
207.89622
147.72864
103.572235
272.7919
810.6878
-341.48648
-945.30634
-632.6583
257.09183
52.068615
499.86508
-177.63849
353.09515
639.25757
-245.01576
297.23312
600.26746
-624.2108
114.01264
-415.77606
-276.84534
135.13837
-840.5412
-767.1442
-34.905632
-115.630646
416.10513
-108.99342
-149.07175
-160.19847
242.25398
-130.24797
-4.774166
-42.903076
-649.4484
-101.477585
-161.17717
-611.63074
-661.4206
-74.671715
-287.86356
106.422516
-943.5891
237.45808
-331.88535
1253.8414
533.4087
-202.15802
-198.32858
438.3607
-761.70374
246.07718
-163.79538
939.41455
-906.55597
778.9453
789.217
97.861534
331.3103
1093.1107
285.8029
32.64309
-1219.1995
183.53078
-712.0211
404.1955
-59.27597
1338.5933
-71.61778
851.0311
95.50418
501.8853
-7.4152765
-133.03445
267.0833
-143.25339
-103.037735
-17.321934
-551.3954
-89.96569
87.19101
-133.82304
597.53217
-347.20215
-1040.7539
281.96423
-778.8412
323.20987
-107.69968
788.98236
205.02646
-402.71756
359.34232
234.8273
994.0675
-472.56863
-225.12318
383.2472
-281.7518
-947.5618
296.25107
-265.04907
-384.3513
-336.15057
-1004.3279
131.14734
-83.32311
-562.423
250.13257
1016.6964
89.767456
137.40799
-344.031
-83.50931
-295.98386
-232.90593
84.30034
970.5254
-880.6065
550.86395
756.30634
-302.76294
1009.2047
988.3719
-519.87537
239.48068
-526.14343
-367.1824
-1833.091
933.7054
29.400084
-7.6501417
460.9004
359.01102
40.222878
-612.00073
-84.368706
79.571144
-569.62494
-612.3643
145.68839
-27.911604
286.5508
246.59882
190.76944
228.28032
-179.79132
-246.1404
-633.5707
-314.64978
856.28973
-670.74866
13.389961
-819.30597
413.33316
103.7927
-199.41142
89.24051
-172.56258
-318.80298
64.22826
306.22293
455.27005
-173.30493
-192.24065
-443.47726
-60.819344
-299.96335
432.03723
-460.53625
-72.06096
383.2243
-230.41502
496.06866
543.5673
350.40738
-783.46796
291.67123
-284.92477
-388.61118
-59.300266
169.44669
-77.37963
958.634
280.93243
-282.6883
-1119.7618
862.47156
225.05205
213.04175
-445.49823
-445.02972
-43.47696
378.26016
668.8319
-524.5557
449.61472
980.84467
-447.2324
-297.14825
316.0009
140.5879
-957.1942
-26.698463
114.09937
-992.8825
-742.3349
707.3069
858.6951
139.26012
37.25052
790.66296
203.52301
-415.96054
-83.3454
-575.91486
-217.0214
28.066948
241.24707
280.2968
389.54474
-264.88382
-1024.8743
478.5273
-378.50244
201.72571
-510.55984
-3.9621255
-550.5652
-293.19382
-201.85112
53.71083
-111.920845
-924.2513
353.98553
-486.08533
17.048567
219.22496
340.1445
47.7404
886.37244
626.4753
-391.71863
-332.55313
444.4181
-180.83052
-432.91525
713.8461
932.3939
403.8734
-688.3582
63.66089
1232.4913
438.09192
-128.13498
166.86426
73.14015
647.8425
-675.44214
733.4133
-277.78003
-430.91483
-281.78845
-111.51968
66.71433
497.5656
-95.88884
-436.11334
-1044.6407
197.04597
215.83456
754.4769
-71.701065
277.3267
-1092.5938
236.95735
62.92141
65.02041
-59.814957
-316.261
619.5835
-1298.9094
666.48157
890.9043
-393.98358
-145.04001
434.88022
-477.30652
331.74594
-139.97986
-220.6644
199.32535
563.22253
653.3043
353.89157
521.77325
95.76991
413.21158
70.867065
496.95496
732.52856
-62.33795
1193.8982
-242.93727
-1317.1249
-65.54319
-1037.3304
-473.966
-1311.7356
604.5804
-297.5513
27.26762
654.7693
1.3585291
-1014.00476
609.7483
-199.6141
-951.0256
-132.0662
459.86432
-455.90515
-48.111065
-16.83256
1275.9022
-1157.6648
-33.915443
403.9525
-190.94077
-125.5819
-470.81424
467.03406
359.7659
1018.7706
159.85172
-75.8964
-545.8546
30.458267
525.25616
1018.72485
1021.4627
-544.2237
-669.0366
110.64002
29.680023
-699.5192
456.249
-656.1732
1185.1923
-331.5708
-615.22345
-187.28595
-420.27042
-157.64836
421.36234
801.263
-512.2826
165.5398
-512.0063
708.3851
199.99896
-201.69333
81.04134
-570.19977
-71.562515
617.969
-1440.8551
328.65027
225.10767
