-985.263
608.0217
1152.8312
40.08269
1163.139
964.1213
-594.3874
739.38245
15.736437
515.7506
-733.2948
-1083.4415
-812.3342
-670.1836
-162.13544
-1775.1135
-1630.4178
97.55645
-704.3646
1599.0461
-770.5182
-709.28516
-283.88452
-671.14307
-1212.4377
298.9578
-488.19046
-140.91177
-1667.2484
242.04868
731.79846
349.5473
1436.534
2009.2058
1820.3191
1227.5159
-562.2375
-620.4688
-274.217
-494.2217
-270.78705
-1548.8811
-632.92346
1401.11
803.4456
-355.97202
-193.18687
-1015.69495
-1254.9083
747.78033
703.4608
-304.25067
-167.88368
-1356.8329
1864.7455
-554.4249
1880.5387
9.666312
713.9813
-404.5799
-320.30533
224.36935
116.08713
-1331.6108
-137.56952
824.6756
-731.8762
423.65002
1927.8293
146.62631
-1290.0049
-94.85943
195.78789
-278.9197
416.0154
-1229.1521
-39.32556
-1367.497
-726.8477
493.2711
-317.74603
-685.24866
-537.241
-286.90497
-357.0107
2437.846
-1372.3102
788.8781
1889.2764
413.88
-869.07153
140.77307
889.54865
819.18036
-961.92523
141.46443
1689.4225
630.10034
606.94965
554.60693
-764.3036
228.44606
-1166.5681
-424.3633
-722.3825
118.92211
-184.42024
1154.922
71.58412
-704.6134
-1448.4004
1474.4204
-154.06229
-258.7158
949.56354
-206.93098
-1026.1699
268.9171
-330.33136
-1437.9521
736.576
519.17017
130.80692
-24.050798
-682.58734
286.4789
-606.9733
-1254.292
727.79193
-386.91275
-552.7297
150.51698
-709.9232
-837.36096
-314.3291
-1348.5192
25.828592
999.2943
289.12207
909.9769
-888.6576
492.58997
-1290.716
-1285.2463
-423.29077
534.77625
-45.453167
1402.1709
-645.3332
-536.5718
1188.6686
1441.3035
-795.46625
-133.80305
751.489
-865.96277
-1171.1466
-812.7023
-2195.9968
403.59827
817.21484
-1786.9529
30.663034
719.6387
1742.8103
863.3927
132.66704
368.6398
1291.5616
-1784.8763
184.74922
-1131.8397
-331.4958
1012.58887
957.7666
-34.568024
-586.4207
180.91794
511.42624
-1166.9287
-231.39706
677.192
-204.42416
-493.05725
-827.6586
-592.5217
1129.539
608.139
-954.1491
256.94128
253.5531
-1082.3424
188.88878
776.642
-526.99817
-788.43225
1374.6145
-92.714806
334.2685
175.92224
-510.43668
1509.8619
149.88309
1092.7003
-306.82916
567.1016
1455.9293
-499.29684
-1119.9681
-488.09076
316.39853
780.8558
-488.26825
-2030.8293
59.43524
2821.4211
203.05858
1043.6154
-353.32202
-87.026306
-504.20938
379.10956
887.35944
-309.7658
110.83925
546.6541
1094.0488
388.49243
590.1472
-579.73193
-58.093285
1060.6705
-231.53223
103.91727
563.4698
-1527.3207
-2377.5154
1275.0973
-762.17267
-783.8803
-248.62308
667.16486
730.60657
-622.9284
1128.2777
96.0891
-53.001587
-1105.8931
-1883.1285
-706.4349
-811.0934
1835.9049
290.4624
1633.1384
-656.99536
311.25208
869.0277
125.65698
-424.9596
841.35596
657.654
-1270.6635
338.17966
979.6038
-41.50228
-343.30435
-401.07745
62.219223
1216.5165
-1704.6926
-17.307367
-951.0166
-534.43884
-1661.7515
564.68164
74.62056
-1059.519
1383.9396
1282.3467
1205.5178
-85.98304
137.6028
352.43997
1157.7582
1088.4495
-1509.1548
-1447.4564
-863.5668
1353.7517
-482.68616
-304.29785
105.93279
-822.44836
147.52505
-1230.986
433.3768
607.68506
-791.17096
-1285.344
-899.7998
-986.0615
-1609.0068
381.12677
-1381.6013
-835.1174
-302.66248
732.01294
269.08035
-1381.6417
-191.32237
-369.63074
-1124.5077
-505.22784
947.51794
-1380.7603
2336.833
-995.5495
-631.6987
-1046.7806
616.727
-59.871223
-429.34442
-964.31555
-995.9582
-242.13516
481.51953
1074.1428
-609.6352
487.0067
277.05032
1381.8187
370.2507
-627.63824
773.5968
-1358.7871
896.9696
1269.1927
374.50848
799.9075
-143.02399
-11.699975
707.6246
-848.4591
-704.7192
-954.29443
-227.761
-227.64719
2191.9177
-395.15833
517.415
309.7386
75.63737
-980.75226
948.7384
220.16742
-1014.4363
53.483685
-480.39886
479.8213
285.01935
588.3027
604.4664
563.3032
-502.4354
-522.71606
218.09811
-1070.3738
97.94171
-268.07437
1129.9264
894.124
-406.86517
350.86017
1062.2267
-465.05148
-1124.1721
216.45967
572.98364
-469.05328
-1158.231
-502.2249
-353.46558
-944.55035
1204.6263
-629.0925
239.26422
663.0635
-1377.6901
923.2275
623.80225
-1208.0039
-1466.5219
-1019.583
145.51591
-138.63405
320.51422
15.754604
1223.2174
-538.15607
-205.44522
439.92145
-1669.2195
527.33997
1591.4446
-562.34357
-250.08386
-161.00615
-581.75793
-2855.5583
1529.2091
497.1078
-1061.134
1192.2646
605.6583
1056.362
-724.66235
-501.18488
1420.5634
853.5284
-1111.8854
636.51025
1052.5309
-142.19803
-135.78319
384.64716
-367.71375
543.44104
-107.31222
-1501.0807
-1414.2521
1592.326
16.48927
678.60657
-740.8773
-320.2325
511.7269
-581.1822
86.24821
-2181.8071
-649.55286
-1103.1868
1113.7505
13.544299
-650.3878
-1205.3728
-846.6545
-1790.5577
133.07362
470.4746
-1580.8016
-838.87024
1175.2382
701.5979
199.54156
1560.4954
166.43576
129.50397
985.5399
-982.1517
-301.7349
97.19275
-1058.0616
438.0735
-507.86115
1469.4915
291.9028
-2168.5107
1387.8158
-351.16724
-87.43777
510.67642
205.3551
410.6777
732.9348
1433.0066
-248.24677
1123.5659
2747.7368
-904.0558
-1021.10236
279.08246
61.016136
-1319.4452
-40.301712
-774.3671
-516.96716
-608.50244
1353.1785
1959.1036
1515.0848
919.4444
984.9282
-27.983946
-420.34067
67.873795
912.5033
251.57294
-424.1035
385.94376
137.65523
-226.186
-45.6276
-407.35788
943.28265
25.489992
56.846333
-38.83607
-272.19263
-1321.1318
1757.215
-1291.8513
-1158.5645
-202.31812
-412.49533
1430.8512
563.1508
862.80023
-506.92712
586.6931
730.5632
823.8151
-6.343547
-150.5898
-524.5086
919.73834
-775.65765
725.8264
1697.7273
1614.48
1819.729
-1558.3407
517.3925
2315.0898
521.6162
-412.3631
-362.6601
274.14624
300.44824
-891.2284
1771.9136
932.874
-1232.3916
-574.1151
-1652.2849
670.9764
1808.7412
-1404.6709
-80.1293
-1171.1307
-85.12088
448.61237
176.437
245.88612
-1266.8091
-587.5045
234.6063
379.7702
1202.2577
-385.54474
-1141.5449
1116.6915
-1980.7336
857.6881
1589.7603
-921.1733
639.8336
140.74393
78.222206
1162.5792
-71.07326
182.51048
917.1443
1439.2386
-310.4499
-750.2566
-426.16684
980.3081
-303.06564
-740.31805
1415.49
-13.4794445
-444.1581
1868.8086
-515.74744
-1566.8109
-661.61975
-1516.2948
-550.9507
-1571.8096
192.65955
413.31204
392.72726
-124.54682
-237.1329
-809.6567
1082.3124
-822.94836
-1474.6415
23.391445
-460.22546
873.5708
126.12198
123.11135
835.0722
-822.9363
657.2533
238.26434
-927.3812
-76.25842
497.48026
408.9969
41.664677
416.92944
495.64197
-454.93265
-480.65906
324.0275
460.32495
958.67847
973.5254
-562.11334
-416.0607
432.93915
605.08075
-1225.0671
834.3176
-1268.4386
954.4896
939.87366
-1396.8455
-271.55475
-2089.3296
-604.51385
634.92
730.71826
-892.39124
80.67783
-973.57855
838.926
-131.65044
-867.6803
256.84906
-1461.3027
443.51337
1108.5953
-2828.5117
347.44348
471.5532
