506.9354
1035.0942
204.2895
623.6693
1405.6608
957.7127
-473.90936
623.9482
261.426
-160.65302
-66.53572
-1740.762
-848.6706
-869.72345
-435.02347
-924.3801
79.88798
743.1355
274.72333
1483.3052
-32.13723
-1551.2373
-594.0057
-131.0956
-413.08362
-540.79865
-722.3213
170.35422
-551.5722
744.0488
178.11295
-346.29056
375.91315
1778.1086
712.69415
813.9504
28.030128
-488.30652
-56.047874
-190.05298
-795.8984
-638.00323
-645.9238
802.437
250.3722
-232.98276
160.5973
-927.0456
-923.41565
363.4698
-59.158226
362.8238
72.56065
-867.9995
917.23944
396.23428
1936.1678
-743.6022
438.97055
86.517296
-79.47057
120.41632
398.40424
-163.59796
-486.19406
196.94545
77.30034
156.26317
1771.969
-168.76936
-578.7349
794.6894
-107.79666
-450.88162
68.52726
-1689.6666
-674.85895
-1463.891
-32.247364
517.9679
-32.867485
-566.021
-526.4759
-1129.0549
-502.90686
1861.8019
-1083.4166
898.26105
1329.6605
495.01416
-918.6599
259.21582
786.03564
-96.466225
89.25993
-290.3421
990.8983
1261.892
657.5557
14.4378605
-937.5749
-305.33673
-1120.0465
-508.19327
-1342.6193
-297.90195
90.765434
926.6557
-66.86912
-699.1391
-524.6329
794.0395
421.31516
-101.08336
1503.0105
-68.94223
-145.84337
635.5746
32.12415
-1409.7205
415.3087
448.52222
4.251635
52.154778
262.73975
776.4869
-498.81284
-570.89935
825.229
-251.66925
-225.77481
-137.09402
-376.50214
-1072.436
-66.62307
-156.13303
-212.80882
416.5384
567.81476
244.10849
-768.5
48.714928
-1828.0455
-1524.167
-723.9996
1505.8767
319.37335
1333.4232
-13.1494
-351.15637
296.90356
1062.815
154.22133
-311.51733
209.66205
-5.379608
-806.45544
-139.91263
-2138.5117
383.63895
759.99805
-1145.1312
-84.11132
-284.60913
1891.464
452.6208
-479.17325
-91.74659
522.98755
-1036.3004
-613.019
-249.68065
-178.23521
834.78253
487.17404
663.14197
-222.9677
506.28406
300.00134
-937.2874
192.58092
572.76
294.3103
-222.13219
-236.4328
-677.2073
1258.9698
-269.37302
-1199.733
678.79956
-68.61921
-904.98047
440.94095
1301.4946
641.4526
-646.15234
863.61115
-364.58694
500.01614
146.05199
-540.51904
843.1317
221.1737
896.07336
-153.52652
253.33667
356.18274
-815.06964
-2006.7313
-625.1665
0.13787466
-426.19965
-1024.4891
-1269.597
778.40265
2198.661
-469.84143
1560.1622
-198.00638
-405.98688
-110.329994
134.07684
360.33664
-1042.3688
-597.91254
1009.9135
27.079386
564.06146
1196.7676
-201.00084
-365.07074
924.18365
33.36469
238.97029
532.2349
-1040.9846
-1033.9536
853.0666
-1153.9889
-142.8876
453.70712
788.8947
1101.2151
-386.06412
987.50336
27.919365
-318.38458
-530.7454
-1298.7069
-586.36957
-899.8096
1603.4296
793.8085
1190.5867
196.48619
433.7558
778.65375
-127.54605
-754.0826
996.77057
208.28004
-455.1597
582.19165
423.54242
-717.80817
-891.4364
-374.06064
199.45589
-103.22199
-942.3346
148.86342
-712.2801
92.45104
-1240.7904
519.2024
-316.62164
-443.2446
730.26636
1305.16
824.71246
107.07039
-120.46456
604.9505
749.73236
1601.3558
-523.74744
-1165.3907
-1007.8217
880.12415
80.63858
721.68365
-80.15497
-375.31094
652.25055
-634.86597
-97.23571
-8.61617
-802.247
-12.925671
-658.1798
-531.6562
-508.40936
-353.93243
-777.4556
-715.51886
-262.74353
271.71912
-811.3829
-929.7425
347.82108
-722.2087
-1179.1877
-339.74115
166.02878
-776.45636
449.4022
-846.6451
-1098.0238
-753.85236
405.7575
-623.8232
-74.93711
-606.416
-348.3649
60.54977
711.9421
992.18695
-1088.4336
291.63535
-221.24956
-319.4087
-4.090093
-94.9145
460.97836
-998.4167
699.64575
868.89294
-474.57568
626.6721
843.9816
326.63037
-129.56004
-775.1461
-178.62097
-306.52155
884.225
79.24039
1618.7584
447.29654
671.917
-187.66531
202.62996
180.66466
337.50354
349.0579
-742.7547
326.77814
-95.78758
-628.347
22.403633
727.53815
-188.815
256.1649
-919.37787
-940.1541
484.49118
-659.55023
-146.40308
4.851792
1737.4187
580.7314
-1000.06665
-59.113644
258.8518
434.15277
-394.3413
799.6666
1155.907
113.098434
-1038.7894
267.54266
-421.24728
-459.17398
531.96954
-997.93115
97.83557
-312.87653
-1271.1582
516.9411
318.8735
-387.9582
-656.425
-969.8642
238.39662
620.13837
465.55695
373.72467
728.48145
-703.14923
287.3593
944.8821
-1578.3698
471.63174
1249.7876
-623.2394
-155.40938
-835.0088
-204.08505
-2636.2046
849.4094
972.76953
-376.66116
1127.0632
170.85086
443.308
-839.1307
-876.77985
328.75687
124.84821
-813.30963
706.9605
909.10864
739.4204
105.20746
702.5202
95.79051
395.03204
-166.5393
-802.5049
-788.34265
1040.7185
-537.68005
253.51526
-375.71286
1.6742176
555.3339
-228.39699
-85.31726
-872.11285
650.2539
-527.5036
832.4385
272.7454
-80.90857
-21.90335
-633.67523
-1449.117
-33.91293
648.3743
-482.0144
-604.57556
1081.4282
467.4288
343.23846
1100.3293
163.85075
-326.6879
269.7697
-228.66472
329.83936
86.25915
18.376604
483.3463
225.4101
769.86383
128.19502
-2259.2793
783.47864
-209.38799
403.00415
-631.7439
348.88153
227.81425
74.16471
1147.1558
-938.89075
382.2582
1379.8713
-874.8728
-933.45856
649.7742
836.1867
-1207.3193
-252.2049
98.792076
-871.02466
-705.29
1491.028
2074.521
1041.1692
-119.33043
1125.803
132.43065
42.152344
601.4106
646.76294
261.85162
-506.39587
234.58556
398.90375
158.20981
-1060.1055
-1203.3718
332.77536
-567.5995
76.243454
67.80716
-152.09596
-1268.6204
1285.8352
-645.63495
-624.6726
-289.65375
-969.1021
1158.2546
-328.55655
666.16095
-40.318645
761.8229
340.83087
827.5283
407.26846
-994.88654
-335.44955
-112.27708
-718.8569
72.07698
1355.0381
1649.6398
1030.7986
-1139.7358
388.59207
2034.4978
517.88324
371.34323
-465.29272
621.77185
455.8655
-518.5756
1163.8323
0.0069675446
-816.5077
199.68382
-1063.1825
613.36096
1452.1418
-574.4697
-364.3295
-1376.4952
265.4939
648.1444
194.97205
99.94297
-266.61954
-1231.2471
-509.2398
329.4335
802.2863
-751.6612
-242.20729
1319.6327
-1562.3474
996.41516
1190.5327
-502.35764
555.17
560.6909
-1124.3689
666.79346
-378.30203
-435.3808
1517.8146
880.2419
101.39483
-105.53518
71.42381
966.1106
-574.2881
-470.69275
920.8866
222.88107
-239.18927
1300.8514
-19.224756
-1463.3969
-600.5792
-1475.8771
-824.9405
-1680.9539
637.25006
353.5268
506.03452
-141.83727
-275.6908
-546.9777
1319.8527
-989.6209
-1910.3419
-394.0833
271.99503
143.33514
-190.38187
-1001.3283
899.64703
-713.00586
30.999441
667.98285
-850.8239
-213.32274
-303.3974
906.8283
599.3349
952.5492
203.43095
-350.527
-6.4445114
-351.8755
769.81036
676.8262
1098.022
-323.77286
-592.35126
513.9129
147.59468
-980.81696
1103.842
-763.80084
435.8735
17.775232
-834.4135
-1031.1881
-1522.8973
-334.72516
667.75055
760.6811
-1106.0383
153.66167
-910.398
993.73663
296.8784
-558.9497
202.36685
-983.4994
299.26447
496.1127
-1968.5104
381.78427
-150.33781
