26.381332
275.1485
-44.672268
360.46585
4.6523952
-246.2437
-60.398502
-20.26751
145.55101
694.577
70.682465
-400.88998
-299.33643
-54.41265
510.93906
-243.51106
-372.25122
241.76108
259.41983
328.69897
102.205536
127.464134
-198.92693
261.39395
-720.36237
-321.2675
119.7579
-14.862988
23.496197
-116.22889
31.670218
317.33948
-70.14941
423.64447
607.19104
169.88487
14.686966
23.234741
-537.2985
-405.8181
42.17946
-9.722496
367.39035
145.14638
436.65128
104.47826
353.8712
-217.18246
51.62669
-317.6068
-267.5472
274.52148
-60.329056
280.39096
-219.93462
-189.17789
505.01834
149.54016
24.969631
147.5927
-411.75723
-72.57074
498.55835
-182.9632
178.8649
413.27798
88.7261
145.0525
448.08554
197.48778
-293.48984
108.421715
-93.11297
213.24216
-249.42294
-278.0601
-25.96704
-70.23509
-170.22708
234.33585
-496.98416
506.0441
74.24884
48.945034
-164.25444
255.06
41.01025
419.03494
466.86392
61.81635
386.48758
-74.773224
740.3526
-650.13885
-403.76315
404.60355
-450.0389
-301.39368
109.43092
-264.02673
-528.853
-180.92403
0.13603258
-45.345142
-640.41003
-44.275803
175.38899
224.68877
-287.58954
308.649
-377.85745
-165.09999
484.01642
-367.40042
-54.5654
-58.154613
-113.64142
309.15527
259.32297
-17.33031
713.4489
446.51245
20.70229
-326.69376
-245.92287
13.182731
-454.6319
-119.84228
496.61212
42.71879
133.45668
268.77835
-360.82092
-122.97184
-226.17665
142.78203
383.22867
-298.95358
20.813108
-111.55398
-189.23264
429.95273
-326.14264
-678.04926
53.493206
4.0299654
456.30316
-324.4406
-211.90672
-192.44772
-128.41145
10.407005
379.366
-109.21966
-152.22289
-127.99916
-83.97638
72.52944
-483.7164
68.384705
-128.9519
-129.14145
40.31199
387.93436
44.317566
-142.01982
-146.60378
-199.25536
66.964455
-418.18338
254.36407
-47.58043
-179.92763
320.26547
46.10262
101.27933
261.27255
536.26215
339.6887
-184.95473
-300.34225
66.78631
-55.036766
-407.80487
-552.5051
-51.38145
310.51395
-65.986694
-109.232834
480.86166
-269.43988
90.76729
-147.04694
334.47577
343.9591
-443.01343
24.614872
-61.496307
-788.22687
134.56857
238.34497
32.619156
95.262184
76.772995
-83.48619
-2.759584
-338.11804
451.90814
-520.3156
-150.82982
700.0522
-0.58489096
-642.7488
-194.48708
-65.32811
153.91063
-227.08243
382.98117
-239.66219
-14.876256
-7.696836
242.9967
148.16356
-699.2245
-97.781586
139.53906
-294.63898
59.989517
50.493454
-256.9319
404.8264
350.3207
-123.054115
-52.886566
399.7261
-132.44875
5.1681795
68.97777
-3.2270427
-393.5943
134.33514
-172.04387
-110.668106
-339.88547
447.07254
-83.49388
236.4079
-276.5393
72.54585
-152.63985
-631.613
189.45505
38.26067
365.50363
100.69965
0.53715324
124.806755
-358.22534
-326.14716
-303.8035
515.4667
154.48044
6.465748
263.78992
279.7847
-431.7675
-249.2697
-199.1577
272.14795
-501.03146
-126.84876
-282.62793
188.58983
374.4527
-232.94765
-70.903336
-12.262036
-13.108791
399.3014
-41.498898
90.489655
80.76424
30.834074
-241.12549
50.07995
117.86812
-436.14935
-331.63193
-81.7497
-227.34322
69.09263
-195.1138
413.94617
470.0539
-5.3439054
4.262624
315.73294
-350.48636
124.65691
-211.577
-248.83774
384.17545
-579.66705
-464.72568
319.17795
10.194187
458.09497
-114.36618
-123.93337
-82.760315
-46.71652
332.0755
61.58518
271.4591
-604.31464
220.48448
-85.702446
155.33583
116.926476
-305.32544
105.50206
146.24933
-1028.5221
-457.98148
-320.83356
-39.9827
21.390251
-59.228718
-220.69016
433.66116
-893.87146
333.35852
-229.95805
543.0504
-307.76886
148.30316
-380.61215
-496.0019
-377.3173
447.6224
167.59576
6.564861
-421.0926
-109.216446
-326.8892
233.45891
376.28915
505.75
-303.8736
199.42978
444.1518
74.552025
405.95026
-53.137043
158.11613
-196.92929
-356.1771
193.37048
-456.95462
-176.16866
-128.22127
-363.0729
-379.06113
73.31796
-250.24092
247.268
-653.0574
259.65344
-125.09801
284.68625
190.32558
-322.8165
141.99127
693.722
160.55502
-314.16187
-734.3579
-10.887819
-284.8352
-359.1872
231.59064
-155.36896
-405.29337
205.10146
-372.76416
77.95466
-26.67661
-118.99777
244.71878
215.88281
195.13675
-7.765148
-61.784103
86.58586
164.50998
51.073883
350.88348
602.6187
-428.5249
21.376955
-5.2097564
130.25844
-36.692497
525.1234
-132.33688
-64.906685
71.91685
-423.79242
-278.22424
4.5643215
212.58794
-39.986446
158.68777
791.60675
-370.76224
226.07579
426.22266
13.186656
-63.48657
-10.163233
4.2558966
100.40703
159.82542
177.56277
-200.51761
158.905
-480.91794
122.95029
-415.847
-40.286854
234.52692
-185.52963
185.99846
-142.32056
237.94849
-23.2081
137.22935
-101.71539
88.6774
-186.34044
-343.78305
103.84285
332.38806
-458.39548
203.54005
-488.75284
132.2896
-38.00448
378.87833
-74.238785
257.95752
-168.36456
-19.883862
272.6043
-33.740562
385.72443
-93.5931
805.7503
-168.45226
-202.72717
-259.1737
-160.26389
138.90112
101.72319
-673.03467
-532.42377
-76.26619
661.37695
-201.13913
-262.26175
-564.5591
-168.78828
150.96858
111.0342
-208.87747
-400.03833
167.21223
544.6312
-344.0464
381.8796
-160.88707
332.74966
-328.93237
224.89882
-512.86194
151.6868
-32.310482
-112.89065
551.6149
262.7709
-295.68488
240.24274
61.016438
30.40727
441.92746
-202.4057
-102.53473
-309.4474
184.48428
-736.6907
320.92227
-188.88011
-88.86301
306.1634
-181.42952
37.00859
-51.1099
-526.77905
164.93799
6.8411527
8.318764
311.67368
39.388
0.18832421
160.45848
181.69763
-358.3972
115.68101
116.92223
531.6366
379.80676
-102.81468
-60.476242
153.24188
112.49482
24.582424
-169.78712
394.19833
472.82123
174.41061
-201.11847
-74.37248
133.32896
91.96519
-364.25247
-533.07153
131.53717
328.31378
-162.65613
418.59146
107.930595
-561.5629
542.7356
-96.40238
-137.54335
60.12172
-510.91592
395.09375
-255.7758
278.50772
27.870392
-86.9447
-101.11688
-537.0851
-332.95926
173.0284
38.397038
116.5026
148.68747
-201.19933
-96.08004
-604.31
214.93405
329.82858
121.63064
-85.41002
422.93045
106.38009
343.11285
265.10092
3.657523
-100.490326
305.16586
-210.53748
614.00305
-140.70801
-172.7376
16.213793
111.30788
465.86395
31.56317
280.77585
159.23979
-89.40016
21.717348
181.33784
-173.22244
-64.144104
-238.54845
-14.192916
357.6514
64.532776
613.80896
-219.47324
-114.80645
-73.9667
-96.178055
52.476395
14.775883
351.3651
-375.46515
91.09755
-250.22513
462.9462
344.72336
-171.20876
-272.94458
18.853672
-107.20671
77.95113
133.61583
-327.81735
276.244
-54.270035
250.70929
-174.53542
-150.83908
419.5266
468.76984
534.80133
-80.2288
-87.63485
-267.01047
189.8955
445.33667
11.493856
91.07886
52.161205
-480.1307
-110.85549
339.2744
-177.54747
-333.901
-150.92319
322.79608
145.79262
318.29114
-508.12335
387.71927
-79.68541
-38.780266
-240.684
-42.862946
-362.02985
217.10916
-372.3488
129.47389
-28.39479
