-219.76392
448.96536
262.402
469.2855
1024.697
910.8856
-637.49585
880.8314
-85.00999
-54.281162
-724.8678
-1649.9534
-934.3838
-763.3705
-713.30707
-1405.1432
-1055.0952
476.44827
-76.996765
1659.7667
-195.15709
-1302.539
-391.39905
-54.707325
-697.38
-27.46034
-775.5942
-149.9342
-729.4632
324.7985
253.25842
-157.29276
411.66754
1463.3832
1505.8025
953.35394
22.46256
-586.45795
66.63402
-450.15915
-591.7884
-674.5108
-380.47012
505.3533
483.6578
-603.7167
-254.69595
-1218.1377
-847.51526
273.4577
155.87413
20.180769
-67.01459
-1517.3761
1239.9923
-85.26523
2197.3289
-23.288614
484.58633
-103.241844
-477.1565
-202.05537
497.7399
-704.45764
-331.07025
343.819
-238.55548
403.47665
1954.8956
90.21304
-457.48605
186.14166
53.283436
-318.24298
348.758
-1897.7104
-156.69032
-1277.3602
-256.87363
778.2958
80.707115
-872.8419
-1114.7875
-1046.9039
-455.7233
2287.3794
-1348.3877
1035.3193
1412.5887
844.10443
-729.5336
233.12178
1019.7311
424.34558
-397.74673
238.65115
1432.9208
1262.59
1015.7666
-204.64105
-1208.6432
636.03174
-964.5274
-423.42258
-697.37775
-61.176395
-92.67571
1374.1586
-439.27338
-860.60034
-1378.8105
902.4596
43.031075
-411.20996
1075.4346
-0.29534554
-668.35046
686.6911
-527.6536
-1767.7445
282.4445
811.3942
359.58823
-207.6568
8.693222
896.14526
-604.93
-798.4313
919.3789
-527.16986
-327.74905
-81.53313
-663.5944
-916.1467
-131.94548
-575.5625
-336.2797
402.48337
334.17776
720.131
-547.63184
489.90945
-1760.2118
-1207.7821
-507.8324
1229.3907
57.20492
1575.368
-73.43201
-462.29147
818.10925
1367.0562
-152.80995
-87.47203
340.29434
-250.55473
-206.96252
-147.82191
-2306.4236
756.54865
421.78412
-1274.5706
9.236416
33.102913
1840.4542
898.0721
293.0536
-78.51573
757.56244
-1365.9001
-655.98303
-111.50685
-68.92527
706.95953
575.8995
588.7832
-83.07978
380.72604
234.69958
-1122.1139
-101.99806
403.98422
-107.61039
-638.1701
-339.1757
-23.697397
1051.0812
-656.7987
-1001.89935
270.7753
174.13815
-619.3206
149.63039
816.0441
579.6775
-696.53705
976.8865
-413.5501
673.6453
233.38605
-367.05316
1465.2903
158.66914
733.47394
78.67937
938.0149
314.6783
-668.2006
-1564.9668
-649.56476
-496.91376
372.61026
-852.2415
-1732.9103
713.4227
1624.3833
-392.51352
1171.7987
-94.492805
-675.9274
-117.15817
280.82443
-6.835907
-708.3947
-195.05986
525.343
475.70984
213.63692
1112.4958
-836.8042
-384.07468
679.9555
59.006096
399.73953
668.1916
-1143.8627
-1386.3047
1181.5452
-574.36774
-522.5621
446.774
1001.988
685.073
-385.5326
1513.3457
-101.13688
-136.86346
-963.57
-1467.4915
-1085.5829
-1237.515
1259.966
460.78326
748.4905
-211.66054
750.7034
1076.2179
-4.9925656
-1019.655
1005.04626
-57.564877
-287.51425
813.7734
797.33453
-367.34277
-740.0003
-338.43622
39.665955
439.90256
-1153.5184
255.92781
-1717.5409
-300.2772
-1364.392
281.9353
347.78592
-852.33936
1166.7091
1205.1255
1137.7341
57.14684
147.02974
491.0519
1039.7314
1378.7181
-1187.1573
-1535.2714
-1144.5638
1390.6113
-441.68506
-21.424433
1.4184382
-597.35443
699.4368
-771.97504
122.00913
27.663816
-197.58792
-941.53485
-419.86377
-886.7866
-810.30396
108.38131
-473.25314
-672.1716
-53.715736
593.92316
-519.5524
-1429.009
-78.024765
-444.09772
-1592.9867
-456.7553
255.86841
-505.70755
1049.3079
-843.8624
-851.06757
-836.40656
662.5438
-344.2346
-6.8859677
-634.32104
-223.5633
260.75146
426.87723
932.2329
-524.5591
538.0167
-491.21698
611.9144
-193.23402
-324.50433
440.33234
-1148.4938
670.0478
772.2402
-69.95126
450.251
356.23325
883.3312
498.2918
-481.2684
-406.9837
-554.0656
801.2621
125.50508
2150.6914
87.929085
270.1951
203.15364
476.0593
-313.503
626.0845
173.29012
-643.81433
80.33864
-34.797657
-353.87585
37.252422
1013.0696
480.96127
226.27544
-712.3102
-756.112
87.65243
-768.7814
232.88632
-48.28742
1758.7235
661.9662
-1202.8322
85.61424
730.65515
-87.46731
-574.68604
383.27692
1293.9249
131.12473
-1596.6855
-151.13405
-283.29367
-717.5715
1186.9924
-1062.3223
400.2795
-160.0043
-1062.2706
760.6802
464.9453
-1012.2856
-1388.0989
-892.6093
553.47266
-4.740737
709.47894
245.88724
581.9262
-630.05725
-149.8206
710.1924
-1377.5597
837.6213
1380.6606
-875.78986
-164.77728
-1052.8883
-46.723328
-2765.7122
1384.2043
653.0131
-933.9577
1644.2979
5.356371
673.299
-434.41034
-738.6673
874.55695
586.05084
-775.7951
371.47046
1330.8466
612.14746
-34.00119
148.49521
-274.76495
356.56903
-305.29175
-904.0569
-1079.9192
1181.0026
-144.88458
765.6627
-308.3947
-661.37274
437.583
-8.560515
-0.44296527
-1404.9962
86.875145
-376.66693
1319.2532
55.553062
-143.3766
-676.80524
-1144.2627
-1401.9866
336.51376
809.0112
-810.4111
-923.8599
1175.9434
758.5958
435.18414
1639.4215
-314.43353
281.50787
922.8542
-724.7916
-200.46501
197.32591
-456.8217
218.5063
600.54175
1132.2222
76.63664
-1938.3856
1055.0664
-535.9127
17.53913
-524.9242
526.5471
411.12445
61.350735
1469.6383
-552.944
527.7413
1906.2388
-1409.0693
-913.0427
317.67584
809.84454
-990.7603
176.06377
-160.75208
-958.965
-893.5359
1390.6694
1761.6538
1351.3817
-131.48656
1616.8079
135.59077
145.6115
681.2854
877.31195
-69.346436
-364.0354
291.36182
53.32543
-71.016014
-726.12054
-649.32806
662.44867
-939.7611
213.02847
-45.080044
-258.14853
-1306.0087
1385.8572
-865.6834
-1054.6005
-592.73914
-718.4297
1364.858
-117.47323
705.2557
-330.46674
613.8992
482.34567
909.703
826.6685
-569.719
-510.43417
382.53247
-396.3444
303.05817
1583.1584
1515.4481
1483.715
-1210.3972
474.49823
1944.8413
374.50247
3.5049152
-342.14273
495.83868
749.8779
-857.3568
2013.4854
360.16278
-1217.1365
60.253246
-1417.6342
1086.7411
1296.5731
-935.8635
152.74149
-1076.4294
-301.40857
503.6207
388.86832
361.47906
-233.11188
-752.2384
-360.76285
284.22562
803.01886
-962.0562
-314.60712
1388.778
-1832.6051
964.13104
1210.7504
-457.92142
192.68698
273.7959
-516.7434
675.28503
110.6913
160.12968
1509.4233
1155.142
100.09766
-157.02376
-386.98166
722.1946
-601.0425
24.558191
1371.2477
158.09717
306.1159
1784.3673
-375.41614
-1276.1141
-769.3927
-1456.2035
-759.4087
-1348.0763
568.10406
580.45856
474.23163
88.59301
-638.99097
-529.56915
1458.4559
-925.73364
-1962.7872
-449.48306
198.55984
930.48975
336.4938
-542.82336
997.83594
-438.16998
429.99457
127.59743
-834.0345
-75.41157
-408.44232
1187.0377
151.65642
872.8752
474.98
-422.3467
-214.38881
-22.981821
513.02563
940.27893
1066.5228
-531.5174
-280.301
158.88933
586.5618
-731.0811
990.85
-1020.83746
449.30646
460.29318
-1179.3126
-499.5126
-2071.599
-704.985
712.4833
832.23364
-928.3664
292.21762
-669.18744
1192.982
537.4074
-633.4347
263.39435
-1156.276
-258.5881
656.67084
-2490.3464
178.4717
90.90926
