-503.0619
594.13513
941.9194
371.36584
1140.279
1094.7227
-648.6888
801.3631
-22.270506
405.0333
-625.847
-1284.5088
-785.6608
-1082.8765
-480.8268
-1587.3696
-1332.2002
447.43622
-368.1048
1886.1271
-424.94034
-816.9567
-216.84848
-173.15475
-1283.0167
-86.79714
-857.6451
-141.71524
-994.6654
277.3703
658.5002
83.47302
887.66956
1822.1724
1533.7198
1095.3146
-126.13967
-801.6449
-80.07616
-474.3449
-920.1357
-1006.55927
-545.4761
360.07755
725.5938
-556.0359
-426.56616
-922.49475
-1052.8851
424.20868
526.80804
143.78394
-131.55646
-1330.5486
1547.412
-444.4076
2183.8733
-100.31969
635.7191
-205.13184
-128.985
132.62512
446.68475
-626.651
-10.646464
255.21815
-264.893
465.08167
1924.4614
109.8784
-614.7018
-125.8949
168.60333
-236.92093
185.3576
-1348.0171
114.89853
-1442.421
-331.7628
814.2349
40.124924
-753.7056
-862.6106
-975.54767
-767.543
2451.5557
-1280.3652
1148.1503
1422.14
902.63025
-484.55115
193.39893
938.2057
587.5577
-507.57825
-23.040882
1490.2355
927.4703
989.9334
-210.11707
-1127.4469
710.6613
-1093.6554
-477.43167
-309.107
36.05917
9.623222
1261.7288
13.149118
-479.8001
-1651.9891
1077.3558
122.98223
-554.71716
843.8485
-199.70145
-621.60596
309.58273
-694.10736
-1935.5382
242.3916
871.8845
98.034546
129.6589
0.5908191
713.5436
-613.55707
-1060.144
992.006
-602.8943
4.092439
27.304844
-540.43427
-698.7977
-91.239426
-693.7255
-283.83444
802.9102
657.98285
745.92914
-496.48065
446.65598
-1662.7976
-1169.3685
-359.7455
1241.5092
-41.913998
1538.3087
140.33551
-733.10223
890.1719
1324.6897
-217.5308
-211.97385
277.7685
-835.25085
-469.50375
-514.6419
-2392.3374
548.76843
751.2203
-1274.3098
150.44572
195.90707
2095.6238
989.65216
134.17204
214.30301
709.7521
-1783.4313
-207.68259
-432.04117
-258.87845
981.9444
392.12247
277.53183
-73.55579
839.5487
571.8844
-1121.8655
-229.41026
544.73535
-74.27679
-695.44366
-428.42477
-224.69395
1438.8135
-333.8677
-895.6417
635.5337
-21.065302
-868.40466
-88.39094
949.9526
363.20517
-803.6589
855.9357
-496.47858
916.6507
422.15808
-215.50975
1592.3768
256.07965
932.03156
50.136696
1008.45636
511.83414
-536.3605
-1702.939
-460.00778
-225.48326
349.30038
-646.5757
-1590.0842
785.98425
1825.0474
-139.00803
1248.2273
-261.48007
-287.90433
-306.5599
100.28711
614.5849
-521.1624
-173.18431
535.268
741.862
63.76433
658.31146
-693.37787
-524.22577
683.4122
2.369681
581.92206
720.0283
-1520.5244
-1464.696
1474.1462
-455.4685
-350.2753
248.70297
805.7462
790.9932
-135.78374
1280.4778
170.49548
-551.9724
-871.7426
-1324.0505
-1334.588
-978.1394
1601.1615
736.0513
704.0314
-494.4107
540.51733
1122.4061
-149.74416
-781.1999
490.55258
150.9855
-633.9027
495.25073
1181.6835
-297.35922
-905.9681
-56.247734
10.580908
1076.3359
-1313.4802
371.30795
-1467.9429
-642.7328
-1312.4883
251.5733
311.98016
-997.7795
1231.97
1031.1202
960.5519
-83.399765
-20.304285
539.6601
1156.0261
1183.9478
-1382.543
-1448.3981
-992.59296
1422.8423
-188.79295
-314.43848
171.9441
-731.95636
215.43523
-822.6815
198.99997
6.7003584
-237.1533
-934.232
-581.917
-634.83875
-960.17316
266.79184
-885.0542
-503.6485
-348.78476
707.98676
-476.42108
-1433.2323
165.16023
-360.2098
-1648.1698
-269.06174
395.54047
-778.7011
1826.5791
-976.3249
-690.63007
-816.8659
582.1511
-165.59726
-197.68884
-809.42645
-435.90213
81.786446
408.7511
1551.1174
-573.5208
680.5339
-40.71751
632.5138
243.05574
-205.82716
357.5244
-1560.6244
980.7622
1092.3746
-339.2724
521.111
150.04218
378.9438
567.13916
-378.24896
-678.97577
-745.5114
515.6429
144.99104
2332.2136
-314.85016
279.7105
172.05853
761.7837
-634.39453
919.93
226.4954
-775.6348
497.49625
-16.39989
-147.6406
319.32632
710.3688
467.35736
187.26935
-795.38367
-670.0859
198.56215
-660.3297
320.05206
239.4947
1674.5947
899.33234
-1026.7693
163.31554
1177.5148
-179.31842
-571.77106
456.3005
1142.6398
-11.060769
-1655.626
-247.90503
-234.67227
-718.586
1127.734
-1127.1187
399.56918
156.40701
-1290.3555
569.8392
401.4258
-1094.5793
-1460.8861
-712.7628
529.34
-73.74204
436.71738
411.9169
687.9227
-197.12149
34.404015
546.3856
-1304.0145
645.04846
1589.9669
-1045.327
-168.76454
-767.0416
-335.88754
-2631.2546
1688.6887
929.9497
-885.1931
1469.381
242.46198
620.57855
-772.06915
-622.60486
1177.8125
592.67267
-686.87366
581.8973
1223.3896
330.25162
202.7876
207.51054
-185.16173
361.5656
-90.86417
-939.69525
-1297.6404
1363.6411
-422.80978
665.27826
-614.27295
-524.4746
296.55115
-40.700737
-234.61778
-1627.0004
267.429
-410.95932
1378.3347
-122.31688
-285.5245
-587.41425
-1092.8167
-1491.7657
364.9534
679.5321
-1301.4291
-1181.721
1019.806
631.0153
308.37262
1503.3197
131.57697
41.24222
1079.0319
-729.20404
66.42597
-247.66293
-832.9834
454.68045
447.8866
1437.6395
-279.22092
-1933.9105
1462.9467
-390.9978
-73.79819
-274.44693
517.97815
394.762
1.7668854
1658.225
-635.2763
491.6256
2125.5142
-1285.7401
-801.1015
812.73535
622.1114
-1182.4977
136.78983
-384.1362
-496.4374
-806.3051
1087.9999
1832.376
1068.1011
367.8782
1600.9132
77.22772
71.729576
611.34186
1059.4866
-296.18286
-216.77328
320.13113
148.90627
19.050997
-824.03265
-646.82007
423.855
-181.05338
210.58289
-208.3962
-405.32578
-1288.7568
1824.8914
-865.85394
-823.41113
-460.88123
-579.96265
1502.0023
449.88153
578.9473
-122.57671
607.236
696.4761
879.8181
1258.98
-111.7455
-366.51782
319.2018
-485.44775
-19.360441
1512.269
1350.2559
1420.9238
-1150.155
967.83875
2341.9097
303.08936
-528.8457
-171.66425
670.32495
834.26855
-771.6312
2169.6157
547.2412
-1172.8809
-69.97216
-1942.5304
1183.7579
1578.1862
-943.5414
57.024693
-1165.1664
-600.01306
70.89848
-115.65749
262.1315
-1049.4795
-700.62067
-139.0712
-68.42016
741.59937
-1011.7452
-871.4822
1526.1335
-2165.963
942.689
1167.3356
-294.02478
376.71033
-5.4055386
-516.1403
647.02466
-72.057816
-180.62694
1257.0797
1075.3496
-113.61703
14.414052
-146.41788
765.8126
-386.84326
-319.21167
1207.2656
205.06927
-89.39727
1658.4907
-84.305016
-1490.9299
-607.3189
-1582.6316
-736.4098
-1221.4459
362.30756
-45.992336
579.76685
125.674
-706.8801
-1082.4169
1460.2925
-1091.046
-1933.9685
-614.49164
-126.44151
1073.2166
242.46072
-392.24307
629.141
-651.7229
650.16907
-39.624832
-849.3114
-5.2995267
-93.80029
694.0077
-259.9832
534.49005
414.51825
-462.16287
-189.10947
-66.132774
553.4445
766.80005
772.9897
-724.86945
-143.01147
371.16852
449.80768
-792.9708
750.16437
-1125.4993
585.2982
689.7106
-1225.8765
-436.9575
-2269.8433
-461.8877
336.3817
967.7947
-1092.0764
132.2327
-599.10547
1329.7192
336.9317
-620.5005
599.0291
-1074.1707
94.855034
855.5688
-2521.1692
615.6925
-2.064238
