223.31494
901.6885
53.166973
272.14633
967.3997
734.19086
-170.29979
837.6859
66.24023
-280.8328
-50.26729
-1457.219
-424.83084
-674.90607
-327.1362
-1171.7538
-211.24178
1186.5356
-66.911095
1349.7893
-120.64716
-1575.3706
91.73386
430.46494
-316.8505
-575.7272
-422.8697
80.00472
-492.33026
73.262985
57.970673
-498.9382
-3.9583602
1525.1981
852.19635
705.47614
240.90533
-61.91036
-173.59134
52.534523
-648.918
-675.81525
-114.58801
673.44727
214.99861
-542.7784
265.0076
-834.4526
-861.26117
76.635414
-33.84283
478.02142
88.36512
-360.17023
1419.7267
495.14124
1923.4446
-885.7305
-21.899826
-32.883537
-152.954
76.25553
337.2774
-434.00775
-661.75446
403.54144
-619.0054
292.81607
1556.2548
-209.82451
-572.5013
383.8082
-256.5391
92.48596
-114.5886
-1231.0487
-782.8811
-1011.32623
-50.80358
240.93233
-182.6972
-813.4783
-910.1754
-1108.2297
-561.9248
1268.0121
-994.65015
1038.3694
1490.28
743.8996
-768.81067
606.7771
1165.2709
-353.25497
209.123
-262.73618
744.2577
1241.4202
939.2905
124.611916
-911.8177
-181.80638
-1199.4937
-737.1276
-1483.3466
-117.81888
288.66406
971.0089
-118.55705
-605.29767
-796.8141
265.05563
355.19058
342.10294
955.3499
-117.49739
240.62688
529.1904
-222.57393
-1302.9932
727.28735
257.9023
104.648895
-157.70557
382.23282
562.3623
-482.87582
-549.7068
938.30255
-175.36542
91.99919
216.93109
-812.96747
-428.8954
-54.09955
-68.733154
-425.30005
337.63898
490.23364
-213.46098
-34.880386
255.62386
-1866.9835
-1285.1007
-435.3293
1060.7136
99.42849
1141.573
-129.61137
-558.7421
563.1507
548.93005
-121.916115
-398.67984
214.37859
-51.774757
-513.52734
232.14633
-2373.6775
553.2415
1178.1462
-1354.0663
75.15738
-271.0509
1702.2028
567.4821
-659.3982
-1.1611159
353.75436
-1314.3475
-631.1522
36.30624
-149.9368
797.5003
644.33154
546.96893
-91.22436
1164.831
492.07388
-1033.5522
-55.90094
635.362
-38.921726
-548.7466
-138.55997
-721.31744
1259.9661
-504.24222
-860.35126
1164.622
134.09099
-1385.3475
260.73895
1284.1881
617.06464
-585.85706
659.2484
-372.6246
6.194732
-185.98866
-266.73923
1490.3892
244.45192
571.06793
-306.40613
152.72556
174.87265
-512.2657
-1775.2439
-958.6428
189.81635
-554.445
-967.8893
-937.7541
961.2307
2198.2446
-429.569
1499.462
-224.0708
-223.1947
-233.51515
243.43056
478.10513
-779.80383
-654.2455
1177.4426
-269.47647
140.8017
947.6264
-360.3726
-336.6467
767.3583
-270.53046
223.73598
604.28906
-1192.8412
-818.7891
850.11053
-1205.0618
-404.7839
42.7796
473.59573
1014.80054
-402.209
830.75757
-125.00151
-373.28217
-237.99702
-1223.9143
36.72284
-613.8738
1366.016
452.64087
891.7757
546.34143
300.91092
942.0561
-544.62024
-643.0241
881.4682
387.44174
-764.9827
91.88188
409.27158
-916.79034
-814.9487
-187.2084
-27.241295
-392.92157
-816.8417
-62.776173
-547.8154
129.51477
-1156.6936
393.9383
-327.3751
-428.8324
257.3411
1275.486
904.9222
109.4432
144.22456
466.43454
692.4347
1204.8457
-632.1407
-1238.6881
-736.2792
748.7762
-60.284714
658.32965
4.0305605
5.485982
551.5421
-672.481
-150.5436
158.77666
-455.19556
246.4169
-439.1037
-309.58124
-120.68075
-92.14228
-956.71106
-350.94882
-542.7237
421.3729
-382.72598
-867.19324
-195.06633
-685.3618
-930.20325
-205.80215
58.85389
-779.56647
392.86533
-892.10126
-997.4024
-745.8221
226.0282
-622.4266
62.51476
-360.98712
41.94733
-103.45306
763.13086
993.72534
-867.8832
-149.04813
-105.4633
-346.76105
46.668373
9.223306
604.105
-942.0014
1018.9122
942.86414
-500.48547
781.7005
808.1232
493.66446
-36.156643
-1017.2053
82.69263
-828.428
552.6001
92.402176
1299.4493
293.67844
993.6903
-343.28876
551.5707
253.78247
-239.17784
134.17825
-754.5108
267.6117
-167.8097
-718.3003
92.548164
660.34265
-522.8188
145.24417
-690.503
-858.9971
338.7075
-641.38965
-159.34448
-271.94037
891.71515
186.99709
-569.9399
225.70326
216.44432
789.37036
-750.0235
715.0495
1317.0322
120.8442
-1083.6522
-118.51229
-793.59357
-611.7883
228.81075
-1073.6781
562.3054
-41.131866
-994.9152
515.8239
226.1161
-225.916
-681.46405
-610.022
212.62251
495.41208
-100.66483
448.2304
378.34845
-920.58374
582.18994
735.22833
-1239.616
502.9522
640.6898
-143.08574
-301.3265
-427.43707
-291.8694
-2623.1155
1376.9463
755.1692
-352.64804
476.72644
435.43002
696.29
-833.9863
-483.83966
254.34851
42.579132
-767.6347
288.7261
333.49756
1015.56146
401.49176
999.5295
96.16953
39.633884
-279.58862
-808.848
-763.4815
1043.8643
-684.75684
-51.484108
-643.8694
158.6018
573.93463
-684.65656
-66.4755
-791.0503
14.553343
-304.05014
634.35004
334.75995
-256.4605
104.17802
-350.98038
-1186.3262
105.86549
333.55618
-373.38757
-455.23267
1088.258
94.682785
99.10283
1111.5695
-29.029806
-611.38873
385.38492
59.048923
-247.84439
384.81454
84.61566
116.469765
441.10376
651.97156
145.34639
-1672.778
733.70685
-346.01962
333.2887
-575.1123
180.35548
129.03961
221.412
960.8044
-771.4482
477.92157
1061.452
-1057.4425
-938.135
825.04926
743.00934
-1093.1881
-38.624874
115.75095
-734.9403
-1060.4191
990.1596
1853.6356
728.3874
-144.0188
862.26886
99.56503
330.66476
318.87793
551.80707
291.6156
-312.53952
560.49115
294.70374
536.7623
-891.21436
-1109.6895
407.1126
-506.58035
365.29764
-105.754364
-164.16597
-957.5752
420.8641
-532.38965
-449.60486
-367.07758
-1239.2435
711.5397
-710.697
502.1677
-73.26635
770.5676
214.61536
898.9708
467.9263
-688.4287
-120.91543
296.25916
-759.5581
8.427259
1119.6565
1192.9474
494.8684
-1065.3315
685.7898
1755.7803
302.97452
114.68601
-114.63698
306.09213
589.05554
-482.171
1277.4003
-231.75334
-687.994
642.87885
-841.73425
489.77087
1461.8317
-487.94272
-668.23444
-1029.6982
356.6546
457.51587
328.5825
164.23969
-254.86874
-1062.1509
-482.88992
428.4062
539.5685
-477.6557
-33.37825
1209.8655
-1301.7185
508.28735
887.3192
-867.1675
540.1277
444.1396
-820.7658
337.51083
-385.59378
17.783049
1240.4132
591.34235
645.39716
203.31003
286.65875
619.7228
-115.47964
-227.89397
820.4267
577.8491
-172.79807
1162.4958
160.24179
-1501.5247
-745.86743
-1468.8386
-736.2982
-2282.7622
502.2779
344.34097
-40.122253
360.58618
-9.071041
-476.93976
981.76843
-711.2419
-1626.7664
-136.664
114.878265
267.06943
-67.429306
-887.67285
817.4415
-705.2369
117.38448
963.7949
-1117.9175
-258.19913
-417.03168
1043.9058
-11.337579
645.51416
306.21265
-349.96402
-412.2769
142.84796
550.3262
1010.1826
1033.7443
-33.407402
-273.2426
604.68695
-149.2548
-1316.8513
451.35135
-756.97253
524.51886
63.32613
-1010.19086
-1074.4624
-1352.2434
-268.95535
883.9102
1061.5938
-536.59296
345.83365
-612.96375
1062.7493
220.64746
14.857172
-191.52104
-736.02374
364.45715
1010.4638
-1722.9323
599.24176
43.628113
