-742.3249
476.45862
880.4132
144.24481
1498.774
1031.3379
-802.52075
749.6633
-176.50153
527.6218
-875.1208
-1147.4108
-1139.7188
-1032.9036
-447.3393
-1677.8684
-1480.8549
264.02094
-212.5397
2107.8965
-361.38696
-854.34064
-457.66708
-465.73428
-1349.3844
-35.70403
-767.21893
-516.811
-1555.4694
-102.43273
607.07404
249.97224
1139.7793
2139.0603
1815.9753
1238.4843
-639.1256
-483.04016
-181.05586
-536.9324
-446.69803
-904.8281
-873.9563
824.1233
851.5512
-464.7838
-117.17519
-899.9023
-1208.6173
622.5831
438.53766
-15.026904
-288.15933
-1500.2958
1956.8691
-644.48376
2115.8928
-180.80945
1017.39716
-512.0691
-191.74579
337.3218
390.08963
-1202.4055
38.98379
678.6321
-565.7188
361.2037
1682.1531
174.55533
-1088.9849
-373.17468
254.2459
-9.58728
490.37372
-1660.1321
-265.92502
-1030.491
-311.74478
714.8639
-247.11975
-795.5521
-540.9751
-699.1535
-16.76212
2450.0542
-1339.152
799.73303
1445.2733
280.18307
-191.43102
209.8785
877.2118
659.7548
-843.28503
209.42236
1452.2167
991.1409
741.54803
361.6738
-1022.16797
595.4885
-1016.3701
-322.25397
-660.8981
6.556115
-185.94383
1066.6002
-166.21593
-654.3184
-1212.0021
1192.0836
145.57072
-563.3465
1147.8301
-38.464436
-262.48328
448.84534
-571.7788
-1627.57
312.3729
666.2438
-60.160374
11.88373
-400.9978
519.814
-781.5229
-1038.7476
730.2696
-643.11975
-465.28546
-26.278185
-585.77747
-715.9025
-321.77124
-1051.2673
58.826206
967.5579
431.76416
949.871
-518.79474
328.03394
-1483.4211
-1561.316
-339.3901
707.7652
-8.4900875
1706.2507
-239.40767
-596.37756
810.3487
1216.439
-321.7347
67.20155
473.91336
-864.1835
-954.7483
-608.8691
-2407.9597
480.51276
690.2825
-1530.1913
235.3657
567.1334
1707.0387
816.9769
216.5712
345.71466
1139.1361
-2009.0885
-92.10323
-764.65607
-253.87553
930.0238
816.6783
144.53964
-198.64459
450.79468
348.04718
-1263.4016
-269.73392
804.7015
-303.6856
-798.95026
-558.97906
-344.48456
1114.0646
236.50525
-1320.9592
322.7586
282.39618
-1116.3514
-6.996672
697.0796
-339.75034
-844.0802
1077.61
-132.58237
435.42126
696.7528
-450.233
1899.013
241.75879
1285.1133
-259.2697
640.7887
781.09155
-638.31903
-1206.956
-400.11185
-59.75878
745.43054
-289.33148
-2020.6604
543.68036
2537.5295
-280.26462
1432.2319
-9.57218
-214.69029
-362.76434
201.8613
822.60065
-576.79724
-193.24643
358.9751
740.26996
342.5754
607.5082
-714.5684
-268.04733
888.5979
-273.68845
420.3091
855.50275
-1746.6956
-1971.6177
1408.6372
-540.38043
-942.6421
-238.66121
582.61
754.1895
-528.50244
1290.1334
-55.62176
-140.54268
-1225.7081
-1650.0858
-1102.206
-895.43677
1438.5698
22.185898
1300.4924
-442.0054
487.6141
833.50775
101.996376
-534.43994
524.5562
162.13498
-646.17224
286.83844
823.7406
-280.5547
-655.37933
-182.19482
128.73683
929.7291
-1814.8381
45.1558
-1388.4852
-564.17584
-1270.105
343.4879
19.745344
-976.75214
1262.338
1171.392
1136.7803
-179.8914
40.77632
543.19275
1104.6992
1160.7646
-1625.4583
-1392.6245
-416.6535
1589.0509
-445.13666
-444.7257
197.45625
-901.9036
144.08734
-960.89386
470.4158
597.3401
-592.23456
-1077.9852
-635.44525
-553.6532
-1324.5509
124.44645
-901.47833
-653.1601
-292.05942
571.223
168.86545
-1511.4253
130.76378
-323.60092
-1427.9789
-185.28877
399.8458
-1181.8663
1941.2178
-932.19
-655.464
-989.5927
757.27924
85.646645
-211.51176
-1077.8347
-729.65826
-70.45761
645.5496
1514.3379
-830.21106
494.07108
16.164986
907.9784
404.73642
-711.7269
940.66986
-1696.7797
826.48315
1194.8661
-42.24973
901.7915
75.87731
130.494
709.6028
-619.54596
-440.212
-1007.0006
-154.6787
-89.977005
2400.4084
-428.45773
-155.71191
389.33615
289.81012
-1216.8008
1100.0334
-47.162346
-923.3523
441.18268
-421.885
255.80714
656.6861
943.8681
457.38336
636.33954
-550.12115
-546.6612
421.7763
-1060.4155
145.70691
164.67278
1262.7151
830.5183
-948.6204
132.63715
701.8008
-558.5892
-697.13934
348.18445
1074.9625
-172.99683
-1229.2935
-667.29767
-262.38147
-869.12036
1141.8763
-767.0662
455.28738
407.79187
-1456.363
1088.7167
576.8697
-1144.7081
-1208.5991
-891.14124
232.1284
-238.13997
455.97928
222.52243
1190.2229
-841.13727
-39.461655
652.3156
-1378.3447
785.4141
1565.7794
-709.7854
-406.30087
-412.8844
-137.95259
-2743.7212
1657.4803
595.5275
-1094.8077
1631.5507
280.436
1077.971
-957.2656
-619.382
1176.0964
748.4625
-690.2351
572.7575
1306.0343
56.362793
-143.84126
79.10246
-551.9541
438.52475
164.41595
-1319.8436
-1399.7958
1578.7704
1.7356682
686.76794
-816.91364
-713.32404
288.64807
-209.88269
-6.871663
-1751.6646
-360.07782
-656.0827
1337.0354
-49.26834
-492.92737
-903.9893
-1147.5887
-1896.2926
156.92743
543.48303
-1192.04
-1177.9384
1395.2714
515.0844
309.79846
1679.2239
340.26678
74.72733
806.1506
-810.59814
-206.35724
-159.79173
-811.2577
510.04266
-50.508976
1445.1562
3.0985603
-1994.8884
1578.4354
-365.49548
-140.60046
186.07913
309.69528
613.3097
425.64645
1530.9818
-703.23285
850.5502
2448.9602
-1133.2145
-749.08875
493.33655
431.29492
-1250.8027
102.812294
-445.6054
-584.06903
-689.3462
1364.5343
1814.2504
1245.6863
337.11218
1582.8859
-106.88102
-601.7117
474.6437
956.59503
72.86259
-269.24606
329.2721
197.41005
-83.62811
-442.3826
-502.70135
855.8973
2.842985
-6.2766433
239.97273
-601.2115
-1012.9649
1652.0782
-1136.874
-1049.4606
-218.14069
-397.68115
1602.4099
614.55457
935.12024
-225.98961
735.7916
552.46124
485.37927
793.1523
-306.15683
-532.07916
670.45154
-770.607
418.59607
1436.353
1486.2771
1964.6602
-1619.3519
740.8919
2110.9138
423.55276
-260.74115
-504.29028
285.62796
668.1957
-1030.8077
2013.4576
871.5407
-1288.1118
-129.32178
-1649.2987
892.3332
1505.9409
-1322.5813
74.01997
-1252.965
-397.21045
329.50522
-48.184753
170.18835
-992.7714
-657.87085
38.773533
195.44928
1120.9321
-894.54663
-1159.7913
1007.06757
-2111.9033
866.91113
1385.586
-818.60443
280.85318
259.91122
-267.15808
948.6088
-185.79
-117.7267
1139.5326
1470.9043
-360.22412
-363.96518
-216.6873
851.62384
-259.18158
-851.106
1043.3232
20.053303
-591.2404
1614.3209
40.456512
-1506.3945
-702.78076
-1330.1255
-759.91907
-1622.1266
445.14877
411.53555
230.05853
73.55769
-427.54095
-1223.3933
1215.937
-748.96204
-1788.1381
-110.628265
-398.93362
1249.4595
641.6032
-125.7497
650.809
-667.42377
585.19037
102.49497
-876.18384
-193.47871
319.11996
528.53253
75.64579
249.8634
706.2443
-288.2871
-580.5555
59.817387
101.03156
770.228
823.9395
-670.7619
-524.29254
329.17886
617.25635
-808.69336
647.67505
-1154.0421
844.6318
653.1558
-1307.3071
-191.61383
-2394.6667
-625.1507
619.78906
841.13684
-973.127
241.74142
-1019.7788
1451.0886
-2.1194108
-655.658
572.1093
-1093.3555
702.62555
1178.742
-2973.8977
471.07584
446.57672
