291.6905
1056.6699
89.53032
621.3741
1105.5782
1000.8272
-319.87573
820.67255
146.94232
-74.09794
-102.78173
-1549.0947
-428.3831
-842.801
-201.77673
-1091.1206
-99.35403
854.3649
-49.585526
1321.579
-78.77169
-1633.7332
-280.34256
259.25732
-390.88425
-657.3994
-417.43985
540.0663
-326.49692
644.7611
76.85828
-325.72418
40.696724
1416.5846
669.7689
387.35385
234.96701
-373.52054
62.015087
-231.13405
-693.35614
-830.3192
-343.52066
1011.03143
147.58336
-474.09927
298.7278
-754.9032
-1096.5388
283.3478
-85.18713
754.8596
30.115263
-509.35028
1312.1744
479.28506
1866.3951
-768.85724
141.94919
245.14755
-178.73148
162.0253
616.0555
-367.64984
-430.56735
282.63376
-663.7251
233.23077
1940.3102
-245.60078
-505.8228
551.72943
30.006187
-95.74331
102.87996
-1792.2164
-586.92346
-1150.3077
-104.32108
266.83844
-46.573692
-814.113
-847.98285
-1100.3225
-539.6752
1484.8977
-836.5533
983.2105
1293.3555
589.84863
-688.4748
637.59564
1116.82
-333.4421
237.56917
-275.80142
894.1438
1343.7141
796.1874
146.06523
-792.6172
-510.54385
-1192.2012
-793.0644
-1447.391
-163.11592
222.46852
911.9694
42.740063
-836.05164
-852.1467
223.82089
456.6402
71.010284
1253.6812
115.8929
-197.07176
689.06445
-215.49467
-1542.5404
536.1094
473.699
172.61603
0.075072765
305.97504
548.1038
-391.65128
-582.14307
878.57196
-265.66336
-114.220245
127.02366
-581.26587
-917.0703
-89.24762
-227.9783
-603.69055
353.91812
338.914
95.45203
-440.1892
331.29907
-1847.2372
-1397.6659
-650.6612
1094.8057
169.55634
1281.4974
10.686735
-562.647
563.801
753.6978
10.931369
-506.09766
344.36462
-253.45326
-411.0653
175.30122
-2396.754
595.84814
966.8311
-1074.5477
-54.313873
-449.51144
1661.5234
532.1534
-698.83563
52.637466
290.00003
-1313.9059
-644.9584
148.16133
-184.4084
679.13324
441.7211
486.6677
-80.232216
959.5451
670.8081
-1051.8046
84.70331
480.0873
172.01677
-535.4753
-355.14304
-776.6864
1259.9102
-274.51013
-1205.1521
956.1218
-10.968054
-1458.744
250.923
1502.2006
639.47076
-579.80554
700.494
-619.30597
347.52307
0.36882687
-162.03455
1088.9468
239.4428
717.7755
-452.96387
128.22867
314.27017
-694.0814
-1828.7662
-845.2615
-99.05743
-470.73416
-841.21466
-1063.1982
1027.7852
1990.5665
-468.07404
1445.8696
-118.60276
-199.52301
-97.22392
190.32031
161.17708
-583.0956
-675.09283
1138.0446
-297.14005
300.29535
1082.6348
-269.9247
-178.03276
888.9523
-99.18588
232.59697
725.6858
-1042.4918
-987.15155
1006.0704
-1255.727
-226.0917
205.98056
274.75867
1069.9756
-307.47964
971.2292
11.364865
-393.4425
-540.3359
-1256.8425
-217.5362
-875.76526
1345.097
790.8813
1253.8522
168.40834
400.90253
923.4272
-339.45508
-737.57117
1008.2233
273.94662
-554.14276
344.01584
360.41757
-635.549
-618.93665
-239.3656
-87.97564
-275.48294
-929.33575
-0.3851421
-669.4409
361.5565
-1106.0261
383.50143
-559.6027
-444.48788
653.03424
1246.8013
898.1723
28.074692
-38.010677
468.03735
820.58057
1604.6216
-489.6569
-1043.286
-865.3415
656.1578
-3.5198336
607.4543
-136.22324
-63.66118
592.30316
-830.5407
-283.56882
85.45173
-1036.6184
362.2642
-604.3853
-317.33716
-210.47214
-80.91565
-1051.4568
-504.99948
-337.77573
482.43173
-651.8675
-762.0875
-310.98944
-851.3053
-1004.2961
-384.0431
202.03801
-906.5944
560.3383
-812.8826
-1028.0632
-790.1621
373.3768
-544.968
199.73244
-439.65616
-307.7891
-217.08925
1045.7299
895.5269
-806.2591
6.7676277
-385.63177
-394.51566
83.344635
-23.52164
606.62836
-881.65155
742.8974
1052.4952
-463.73096
550.66174
819.2139
242.1742
139.1617
-1012.4431
179.6471
-651.3935
726.88666
-61.703033
1470.7045
303.8454
1141.9271
-339.00952
631.7306
291.27658
16.556784
161.18077
-861.05853
382.65594
226.95227
-682.563
40.810757
736.76794
-291.4876
238.69965
-785.0552
-916.5394
393.96524
-852.3887
-212.39285
-127.25865
1299.2389
363.5776
-842.4959
-156.75504
300.69888
722.7444
-408.89365
970.55865
1191.9427
297.53656
-984.5977
-42.50087
-595.88495
-731.0277
399.65643
-1108.5138
247.82132
-102.88814
-1109.691
629.5164
427.2253
-325.2103
-728.1499
-550.09717
330.88562
420.09604
110.84757
323.90234
372.87436
-914.5624
208.02783
865.7584
-1207.278
379.799
930.69324
-275.6742
-270.03207
-457.2539
-344.12805
-2663.336
1166.7264
875.22186
-74.91061
729.1657
403.21667
808.749
-1118.63
-582.6665
149.22487
304.10806
-726.49396
477.6041
721.5473
822.9697
304.15598
917.38367
67.61494
149.30836
-142.39749
-968.50275
-485.80887
1099.6332
-598.6739
31.288118
-369.65292
75.69749
551.53766
-590.6345
37.130466
-703.719
371.07263
-391.2382
827.0396
310.70383
-143.69852
219.70863
-639.2436
-1436.9568
41.45455
335.69397
-277.2365
-656.9304
1048.3187
117.63293
176.2876
1043.0656
99.57804
-418.11215
607.251
16.680218
24.242104
121.67287
4.1632676
280.72104
383.20782
782.8153
184.62546
-1867.8356
657.3185
-281.4104
512.3092
-435.02966
101.21974
195.26256
150.37422
1288.0027
-1048.6097
382.4965
1230.7368
-870.94617
-1118.3322
942.6887
932.3695
-1145.3472
-378.97717
-63.765484
-1107.0146
-1001.23584
1181.105
1907.7081
870.3632
-4.700399
967.9461
173.99359
490.3005
487.3112
699.5098
257.7925
-327.46048
422.46527
477.39536
168.152
-850.20416
-935.1505
410.29214
-607.2927
226.76791
189.74142
-87.4076
-1211.2286
852.27106
-443.88998
-450.6302
-68.65234
-1139.6438
853.5256
-397.14856
571.96027
-255.68935
937.3973
366.25073
813.98047
292.0384
-980.4579
-240.57423
217.07956
-815.4473
31.716257
1062.548
1454.393
777.36743
-897.96924
655.4605
1669.9572
472.7826
234.10077
-221.70496
612.3116
427.99585
-414.166
1220.9922
-83.12977
-911.5938
281.48978
-956.1993
594.07544
1361.887
-466.5566
-450.8909
-1001.0942
300.68185
465.191
365.7167
-33.86241
-144.98055
-1205.7595
-352.8712
398.79977
683.9005
-444.175
-297.78738
1217.6028
-1319.823
985.7011
1069.2738
-646.08765
672.8981
508.46704
-1003.824
525.78564
-306.53818
-5.98129
1483.2295
554.2829
593.7596
60.140015
101.10111
756.6456
-365.3109
-253.55061
669.395
413.73984
-239.1844
1224.6008
-277.0186
-1521.6047
-616.4826
-1461.4414
-808.97833
-2077.0986
449.46677
444.01993
255.40323
156.76631
40.045235
-614.0211
1117.3143
-675.6648
-1775.5848
-200.75229
-13.323544
188.83766
-221.93405
-865.26874
898.1436
-573.893
116.6178
997.22656
-1146.5159
-699.5557
-520.02515
1040.1713
159.92413
796.8797
156.11502
-180.25885
-257.5298
118.98493
476.31973
1027.2028
1173.1018
-106.1504
-320.9618
508.05475
-163.86987
-1358.1251
800.06085
-816.2182
600.5248
248.7363
-1327.597
-1206.7394
-1468.201
-258.0652
618.70715
985.7633
-552.8306
140.37796
-719.6904
1049.9873
170.29947
-390.3213
126.87636
-830.96106
599.0431
833.57855
-1748.8297
666.8538
-82.89544
