-487.64496
874.70374
-31.639109
557.73004
401.82645
435.70544
159.83475
182.07501
-63.321114
-216.53032
300.39484
-1543.4097
-5.3321843
-136.22292
-162.01535
-1050.6001
-36.190987
767.76685
168.61603
676.89655
15.768861
-1323.3339
-8.1734295
-27.596703
-370.69623
-351.98575
-8.068568
2.4520254
-708.2522
19.936848
-434.02228
-465.29306
-118.20218
1074.9441
570.23566
812.9382
627.1923
-115.46744
121.56227
-712.3491
-584.0442
-827.9723
-168.42282
70.426605
426.83478
341.06992
98.90986
-380.0506
-334.5443
372.51248
-130.49991
555.50507
-390.74945
-232.94212
519.67865
389.10693
1725.7686
-628.79736
-244.61469
-108.33503
-229.99477
549.05304
370.49408
-335.081
146.51979
-137.33139
-23.31871
-22.894056
1464.6232
278.63593
-33.546425
370.3843
-256.465
301.6407
-14.319504
-483.5415
-408.83356
-205.53117
-152.84373
229.41058
-655.5785
-112.139366
-630.8964
-392.02185
-630.94763
740.3621
-926.81287
1302.4938
914.60504
268.87503
-474.05203
301.94836
941.90326
-871.3803
-244.91188
393.1087
613.99603
689.53064
623.2931
385.2779
-909.0623
-370.38733
-197.67557
-438.87234
-1094.8774
114.409164
1449.9038
1194.4425
-124.13178
-142.61687
-755.647
154.7079
423.74597
14.144556
785.6751
75.99245
445.6046
339.3497
239.87846
-1061.8298
1000.8031
94.028145
347.26883
-569.7997
69.14609
472.92813
-838.9309
-426.5426
768.41345
-99.51143
61.86646
421.58423
-904.0392
-64.911
-469.17914
453.73676
-355.42477
-107.13733
278.5034
-149.70337
87.68867
-81.996376
-1792.5684
-1058.8412
-764.08484
1070.7692
511.5897
784.5625
130.27678
-354.11752
698.16425
1032.2756
235.9425
-301.36807
-26.745298
330.26233
-729.2258
173.90926
-1611.0934
165.75424
632.3966
-1091.4977
346.02957
-50.340843
725.36847
802.70795
-680.875
583.37744
535.76587
-1231.569
-362.15485
-309.2664
497.5502
410.09613
257.98645
294.77158
-29.30079
1216.0527
189.20518
-831.506
-84.947685
210.21832
-350.13092
1.9669328
230.76341
-1015.1432
803.38934
-771.5703
-768.5529
1594.7607
297.51895
-583.96674
85.367355
1288.563
464.957
-472.8195
346.29446
-384.82068
-158.92992
-420.1002
-70.15826
1325.7642
251.01448
268.46982
-179.8562
-153.15248
-24.96775
-199.42705
-812.97845
-644.3076
565.8421
385.629
-970.804
-559.9221
975.7151
1319.9746
-207.63766
1075.5813
-93.00144
-179.79843
96.9419
168.5086
811.9858
-1235.7151
-1017.6713
502.78244
-810.9453
89.46517
575.1441
-425.36417
-166.14867
1005.69403
-213.19667
-666.59894
71.98196
-805.6232
-8.615633
408.66104
-714.78613
-101.521614
-459.49826
537.99744
-12.468045
-443.20032
732.03973
-662.7476
-523.7492
141.1763
-1630.6587
120.20618
-627.79456
1283.9193
259.47745
509.5454
522.40497
-224.03575
431.94403
145.10269
-556.5251
687.2984
212.32617
-380.21317
-177.99144
-216.5455
-39.698017
-407.08194
-392.2313
24.566853
-425.6481
-303.9261
174.58559
-1412.4115
708.703
-275.0859
-12.07428
-334.8764
-290.71982
569.32935
1189.9957
434.93753
-231.38176
47.917496
413.65845
31.72251
692.7552
-432.6067
-893.007
-795.7106
546.7485
-36.976086
563.0552
37.164715
-83.75642
586.19446
-426.76202
261.92087
641.12506
-652.9792
-75.97758
-126.90027
18.5982
293.30872
-692.9671
-998.89325
-652.70953
-227.19617
457.26175
-339.53522
-384.48648
-392.65192
-86.69973
-51.52916
89.22196
155.5747
-515.82666
193.41548
-409.45715
-819.9704
-539.5893
-38.35553
-487.68622
161.6546
-495.0575
428.0505
-644.2819
1323.7682
680.97797
-224.24985
-112.564735
541.1624
-856.02264
82.38003
-188.85435
1147.0192
-749.36304
783.44727
471.20688
256.9076
296.8053
1242.8113
224.57216
-415.02316
-1161.0793
367.6225
-1036.3345
313.99185
18.139784
1215.4397
327.23306
705.5089
-47.215706
339.1002
114.29587
-228.38396
351.55057
-164.56107
-122.2697
-154.1203
-622.96277
193.25534
33.77408
-163.5663
554.5865
-530.55145
-858.3483
148.73093
-633.2491
214.15619
-195.90881
790.387
201.30872
-635.6463
484.77286
278.81155
1178.3993
-408.7399
-61.02627
905.8057
-331.46603
-1107.436
139.40492
-342.14072
-603.6429
-253.61124
-908.254
105.048454
-0.40340757
-728.59375
230.03569
377.9017
-38.180508
89.107635
25.159138
-127.8008
-168.63956
-253.72789
214.76039
873.96106
-888.92236
595.34143
441.2848
-470.66803
838.6446
937.2638
-522.1223
110.27014
-400.34488
-300.3228
-2064.0989
1098.7936
523.90393
-73.09798
378.45795
611.99786
305.26266
-650.7169
19.664747
-29.756325
-124.664536
-842.4546
218.4883
122.5857
217.54965
36.46255
582.94
196.87135
-256.85532
-372.45734
-881.6758
-380.2096
828.0347
-607.48444
482.9017
-700.1384
32.723457
273.55255
-687.43945
-48.32723
-277.0196
-496.58344
-361.3277
800.74664
651.335
-222.94269
-186.38873
-846.489
-286.5946
-61.043518
361.72974
-557.0166
-297.82004
422.9107
-316.7925
242.34048
517.53827
219.5301
-920.4419
234.48529
41.070393
-750.1682
309.60406
14.008625
-87.61446
1362.3157
578.3057
-531.8935
-1544.8967
692.1965
-58.232533
-42.12508
-407.12482
-376.60165
21.992495
454.42014
792.2126
-760.158
644.3467
1182.6781
-392.43817
-411.27646
451.36557
59.922173
-996.2469
-367.64
-44.4139
-853.4868
-832.63574
701.588
1338.3832
388.8513
-113.07492
978.92847
322.80283
-218.3415
95.23356
-222.1142
-183.98392
39.563522
306.07474
117.49027
761.3823
-585.73236
-1417.3425
567.0798
-397.54932
77.32055
-413.00067
-216.73466
-420.19684
124.967384
-356.2602
-129.95197
-121.688156
-1001.15393
446.44217
-526.1744
-111.37874
207.21758
808.1018
-50.30527
961.9082
519.82855
-267.0264
-333.28897
168.74478
-585.07184
-679.8751
806.96686
776.3456
599.0671
-775.28217
196.64516
1336.6448
-74.58884
-438.1118
297.31778
-186.78278
536.6088
-1053.4874
912.02966
-353.4291
-515.4183
-294.02594
-30.198404
348.6248
1014.22754
-349.77887
-645.73883
-816.6653
198.84914
310.82706
662.49896
48.791122
83.30883
-1217.9707
192.10078
105.15476
349.04684
-269.87134
-128.40958
941.9543
-1225.3318
797.4532
782.9934
-813.77673
-286.60535
386.2819
-963.87427
396.5132
-238.77078
-390.3225
296.51202
359.1436
914.34344
194.12944
844.26495
252.28564
271.45267
-118.94757
463.77728
782.2857
-142.71979
1117.0337
-316.19598
-1276.9545
128.62326
-1333.0269
-666.1797
-1595.3605
502.05447
-145.54039
5.1486497
725.40594
-258.04526
-1026.5782
529.782
-218.5852
-1132.702
-216.77051
577.09424
-217.13718
278.03485
-198.25397
1063.73
-833.3725
-242.7764
792.9073
-745.0916
-54.25663
-323.8381
718.73926
327.21143
668.51587
191.88643
-201.58441
-489.61896
164.82248
592.0524
986.5548
990.7897
-389.07367
-640.9319
333.18964
-48.44192
-832.56647
462.8008
-659.12317
1198.317
-346.02118
-362.7277
-132.00786
-863.57117
-153.58963
630.88904
692.39197
-670.74396
244.75502
-668.50323
703.3935
216.93793
-17.074757
213.07442
-267.37402
-316.46088
508.74664
-1391.4663
208.54333
271.97742
