-1119.7722
668.3176
1288.6844
239.18872
1335.3439
1178.6167
-772.7084
762.78217
149.38902
461.98846
-623.89355
-1371.1866
-780.90485
-762.69446
-20.989834
-1885.0184
-1641.0054
399.83627
-532.8496
1781.0658
-821.3987
-928.51373
-343.60516
-566.9171
-1037.4763
111.41801
-56.819145
-263.6568
-1879.7211
158.38525
745.5415
154.76105
1382.5188
2249.979
1434.187
1172.297
-586.9602
-368.29852
-329.2429
-222.79572
-200.12085
-1579.8857
-332.7473
1592.0242
655.7958
-506.37695
-228.01482
-729.19275
-1599.9893
711.16113
894.1562
-61.623947
-164.8304
-1100.4447
1996.0448
-823.52527
1798.5464
141.16081
774.3287
-269.18723
-513.8512
234.6927
-145.09108
-1516.7255
-324.80774
689.0105
-800.1356
101.18342
1906.0938
227.90605
-1278.041
263.78677
327.2456
-310.7266
235.11708
-1064.0859
-141.39401
-1079.0326
-740.469
571.01074
-447.3477
-1096.4554
-674.56116
-226.52069
-619.3423
2418.2996
-1474.9412
905.78
1763.322
629.9072
-916.9636
11.542411
753.1955
965.9429
-1098.9861
13.617069
1862.1168
516.0575
594.8995
740.6432
-967.08356
164.99605
-1043.5365
-221.31888
-615.729
53.174442
-322.8536
1358.3359
-116.82087
-696.7378
-1200.9095
1570.257
-290.25912
-302.42453
1055.2627
68.93427
-930.4424
212.26201
-669.8831
-1682.3933
606.6644
323.89612
382.46396
204.72757
-392.18903
-228.84225
-669.4885
-1269.6045
468.71353
-625.75745
-813.8325
-316.5311
-803.8998
-495.40796
-304.52103
-1109.3011
-122.05727
1229.6486
151.84573
880.9492
-1099.1512
519.6561
-1659.9233
-1293.5497
-525.1576
401.7512
-243.9524
1448.8575
-797.02844
-615.20483
1234.1097
1414.1381
-761.71844
104.08432
448.5327
-1139.9536
-948.5728
-1038.5454
-2525.2363
265.9274
390.0166
-1883.8969
-155.86847
833.26904
1778.0013
1273.569
139.10551
498.44836
1650.2303
-1828.0984
217.02422
-1503.8633
-722.785
1018.3921
938.5002
-176.53516
-318.11554
292.0426
855.7886
-1016.5175
-165.60818
1006.80194
258.71353
-785.1975
-1149.3967
-783.6727
786.0812
448.33136
-1191.9707
-202.74364
35.865467
-1057.5829
-122.89916
956.65717
-342.64624
-1069.122
1425.3828
408.14774
373.9377
133.67236
-491.3366
1755.4463
503.73923
1158.0062
-332.30658
469.255
1621.3372
-382.994
-1345.4768
-180.24893
2.907364
858.32306
-525.621
-2252.426
-42.22528
2944.7427
398.867
905.1564
-209.07909
-178.22578
-599.48535
442.55753
1302.7383
-155.31482
566.4052
818.58496
842.1284
284.05106
283.4186
-502.89188
159.54538
1034.0978
-19.570742
-163.1155
786.11456
-1223.9258
-2258.44
1379.4916
-878.1519
-668.49554
336.90427
891.574
669.8578
-785.9974
1168.7119
-85.62251
-230.23656
-1097.6663
-2056.6443
-497.73938
-670.4416
1832.6846
341.5589
1825.9553
-782.0406
323.83337
979.2592
307.7201
-555.7141
770.37915
891.03284
-1557.6788
103.05568
1121.1705
-245.0705
-356.16696
-160.79358
-222.97606
1268.7722
-1928.2362
470.3761
-1149.9498
-607.921
-1827.5663
822.85046
-159.94417
-1276.9052
1328.3796
1303.3124
1250.1492
-80.49219
99.97082
672.79004
1120.8439
1332.9371
-1833.7104
-1594.6747
-1002.0676
1684.5935
-299.90094
-342.64667
-195.41328
-1006.5016
87.84722
-1039.2437
214.25592
695.4823
-739.6835
-1438.6276
-975.4323
-1348.112
-1629.7773
88.182304
-1352.7711
-777.5106
-307.36603
842.40015
592.774
-1424.5841
13.131414
-304.32535
-978.00824
-348.30557
981.76886
-1529.8336
2156.4138
-839.44086
-271.92776
-1348.611
281.77982
31.66421
-362.38153
-626.0691
-513.3542
-160.24678
606.31647
959.52545
-776.8411
588.3451
353.79507
1003.69135
469.95578
-649.99066
901.93823
-1449.8458
976.04
1475.385
638.29095
500.39792
-124.92313
278.95844
1033.072
-667.5366
-556.9496
-1084.9841
-678.80566
-363.22934
1586.0302
7.7548203
323.3939
379.91287
189.65375
-1149.4081
1345.0974
78.27389
-1176.0463
67.85158
-427.87262
560.79755
74.427704
426.54034
412.83313
473.71878
-680.5236
-311.47656
168.10342
-1218.6764
-25.295586
-358.50235
1612.1636
1053.3721
-182.9952
570.71783
1107.2136
-948.6503
-821.31165
182.04124
511.2584
-72.32744
-1008.0301
-797.40607
-425.86417
-977.1501
1509.9354
-809.9228
509.98898
859.9911
-1029.7366
711.77216
504.9617
-1350.4363
-1406.2809
-652.6032
-52.067074
-87.80392
291.95444
313.17682
1454.9858
-546.7927
-669.61255
260.36954
-1432.7599
649.52106
1742.837
-191.43314
-252.61794
-63.8005
-607.8519
-2896.3987
1843.8921
496.75128
-1153.7773
1106.3971
865.0439
1179.2789
-714.4471
-547.8156
1296.6924
697.4319
-1188.3566
415.10718
1178.3252
-402.40625
-85.1965
128.57407
-238.59517
615.31616
68.96014
-1496.5442
-1071.1604
1388.266
-78.46098
675.29987
-585.5452
-300.935
512.79877
-536.47705
129.38335
-1672.5388
-475.1219
-756.4347
1239.3805
-409.6159
-498.4742
-1308.672
-456.78018
-1749.4911
56.428368
641.99854
-1609.4238
-678.4553
1239.2931
687.2105
301.09174
1079.2102
368.3927
-40.464737
1267.5598
-968.61414
-536.41656
223.9821
-1170.7268
472.46994
-574.87787
1321.8102
121.636055
-2397.057
1348.5062
-579.0929
111.6211
353.61206
-183.11307
383.8303
787.23145
1184.6592
63.75747
1105.9768
2513.0176
-851.4947
-838.57355
515.1837
69.4243
-1619.381
178.5575
-643.2719
-403.438
-737.7764
901.70374
1883.9283
1704.8965
961.9293
1130.1764
-462.28024
-728.755
117.704056
1188.9788
219.82047
33.40419
151.50795
35.80154
-69.24637
-75.79644
-157.51518
1069.8105
154.69576
259.97964
-378.35873
-363.018
-1049.0065
1606.871
-1264.8319
-1070.3591
-224.80814
-302.34946
1302.4373
317.04025
1198.7859
-411.5607
644.48944
735.37067
443.6726
-199.40825
-431.02682
-417.47037
1394.5651
-819.1272
952.8293
2010.5243
1592.7715
1682.9615
-1629.2241
703.9741
2552.9536
195.0437
-378.28485
-599.1413
88.78543
572.0825
-1344.6476
1922.0968
1078.2405
-1222.3839
-322.8139
-1836.4049
543.2488
1260.5804
-1522.5745
-306.09045
-1158.4849
6.116082
789.1253
68.08028
314.19662
-1102.8192
-615.04486
224.60521
186.03362
1276.0593
-71.52584
-1503.1538
1325.5272
-1977.9102
893.3002
1466.4396
-735.10986
564.36804
292.07596
288.83234
782.4549
-286.0188
57.674416
440.7221
1567.0436
-238.55356
-1089.0563
-299.88477
788.65546
-323.51852
-576.8446
1594.0757
-243.60295
-964.1788
1888.6008
-481.01385
-1675.4106
-582.88007
-1547.558
-549.3887
-1599.2114
323.5148
425.62265
189.09317
-67.40976
-452.6672
-814.5227
1134.2075
-1023.61316
-1145.5085
267.46338
-342.4022
844.5267
114.845024
-378.30173
555.53406
-660.8295
417.1126
215.7928
-737.46185
-114.1661
489.78665
434.408
-61.218647
111.97748
159.34956
-186.53969
-162.47571
41.302895
372.14148
806.85333
806.9164
-793.0169
-428.399
677.71765
577.32697
-1077.3218
856.81775
-1154.3999
1032.8851
968.66693
-1683.9962
-312.5688
-2270.6594
-863.5669
362.1425
417.8039
-753.0856
-58.421608
-1188.4962
862.71063
-397.2128
-626.24866
102.79915
-1853.2122
465.59613
913.5801
-2759.3442
269.24902
660.2026
