-123.25977
665.689
30.703161
286.3963
-344.74356
160.95436
205.83934
723.53107
308.30118
73.81011
334.28024
-1241.97
-179.26627
-48.9737
-43.782368
-924.8286
-435.58557
231.58846
-33.609184
470.0921
-46.951313
-963.88495
-205.7823
234.11432
-359.7006
-252.59515
101.715195
-315.77707
-503.286
-9.9164505
-68.83515
-333.80243
-338.4127
923.6011
649.5175
636.8467
385.90027
101.900764
186.04562
-277.80072
-639.11505
-533.50287
-43.84135
62.45387
188.14937
308.90457
285.7736
-263.4411
-229.07184
408.36078
-503.93066
266.7141
-326.56567
89.29306
417.56668
308.79724
1135.3322
-798.63184
-843.99664
-92.909615
-296.6065
157.91562
530.88885
-433.93176
197.50984
275.80228
105.619965
-453.36172
1022.44525
428.8032
-204.64607
114.295204
159.40851
65.59787
44.07353
-168.69281
-409.8609
5.08755
-114.6565
316.31418
-104.519585
-276.75967
-541.59204
-213.15703
-975.9582
954.3623
-717.9265
928.2474
884.781
158.30984
-405.99442
533.5457
873.85626
-1225.3768
-457.86716
340.8458
441.39658
447.93365
446.06354
-161.23329
-711.2808
-590.0615
-513.443
-30.176573
-1182.6534
284.82336
1312.1112
684.4048
-313.51575
6.8506165
-787.398
74.44024
211.20978
-22.575928
449.93982
-118.56542
-9.744836
463.47473
397.57416
-1087.9751
1394.7482
310.192
482.8897
-406.3663
-113.159805
317.40652
-724.5188
-695.83484
455.19376
76.04628
-278.26727
566.2212
-738.6127
-246.04593
-683.16125
351.7789
-290.03076
-45.495216
214.58014
-246.00871
-46.327187
-211.03703
-1223.4224
-1031.1063
-442.70004
650.5476
821.81573
815.856
76.81442
-416.79007
455.01782
882.1104
56.11052
-473.26202
-68.860756
27.387089
-341.94785
-179.89478
-1196.9625
296.34793
547.65515
-826.48706
241.72618
-39.15315
293.3022
470.25952
-894.1293
484.8103
408.75848
-759.3425
-251.70583
225.73528
271.6751
329.30634
-170.99402
399.82428
154.25214
779.78503
680.60516
-939.7486
59.375
92.58049
-364.2525
73.904945
-23.766521
-443.13605
604.44745
-341.0484
-647.47754
1070.1761
139.19345
-606.7608
-24.865053
752.7423
362.52844
-317.8542
354.95676
-298.3474
71.80533
-338.1101
-542.1242
1109.839
407.36755
374.669
-27.11918
-16.031239
-384.7246
-175.53525
-768.8381
-496.51794
682.8092
309.54126
-665.6221
-574.3089
762.16974
1270.9567
-540.283
1068.9382
123.36507
-400.2279
129.45912
410.91345
735.51935
-1021.2333
-719.89026
356.7283
-691.5967
194.34668
246.80328
-733.5932
-189.24251
669.2395
14.963042
-523.7032
341.55252
-341.0232
70.261
388.66232
-557.66016
-138.10155
-448.89615
536.0196
-168.07231
-377.6972
669.2891
-400.33008
-634.8568
464.5902
-1249.437
-84.79764
-643.3605
886.57605
-309.30206
515.1756
385.55493
142.6091
115.59607
-35.394398
-445.31726
580.7438
54.975445
-441.48404
-340.60004
-337.72253
25.475601
-966.95294
-562.5576
-239.4742
41.698204
-433.53238
-111.28544
-1258.1156
496.44928
-26.686634
-100.84534
-569.4368
-234.18839
597.67017
779.31824
183.90947
172.63573
122.155624
-239.10622
427.8976
620.1795
-255.74995
-948.515
-590.15485
261.81137
29.25249
368.87213
-106.67083
504.2444
548.4003
-197.622
251.17897
577.7935
-405.76923
75.33643
-461.40286
-231.594
337.80444
-915.9803
-716.60706
-36.44557
7.2218156
484.19028
48.486633
-197.54956
8.270703
-6.3568974
-140.29889
10.718074
-116.219986
-803.91766
-5.392371
-57.742542
-630.558
-582.3379
-291.36258
-273.14038
129.5013
-1077.949
163.72719
-340.96906
1109.8142
631.8189
-59.33745
-351.23538
500.26788
-1043.8213
213.1279
-247.55295
1179.9161
-676.45856
607.61127
716.94574
76.87883
311.4061
1241.322
224.48376
59.20843
-1143.4768
102.254585
-732.27246
300.32507
-172.62701
1350.1024
-109.29536
804.5268
135.73729
233.45792
57.001747
-220.22609
213.87155
-142.39232
18.04854
171.49081
-494.18707
-274.4867
15.246482
40.553196
390.80496
-400.0995
-984.34845
294.46628
-734.2574
301.7665
-12.876256
853.2161
160.14459
-259.36057
333.78104
98.66476
1064.6162
-419.29172
-210.11534
334.98462
-319.2523
-1167.6499
220.63405
-312.15308
-432.37143
-309.34256
-944.09204
211.60239
-148.19568
-453.6972
276.2505
1073.206
97.93201
127.95422
-352.86182
38.704884
-149.58267
-137.71622
-59.230392
888.60034
-772.569
666.0984
665.9339
-573.1038
730.73944
1059.1014
-507.4006
296.79816
-490.99884
-343.97073
-1595.8274
856.3686
1.4090883
-61.60179
398.51498
396.0589
-48.881607
-452.517
43.191154
182.18118
-574.0521
-640.08606
122.17375
-212.36331
393.6185
217.35765
269.07462
166.65872
-341.91736
-325.24927
-639.9459
-314.40744
855.4158
-677.42114
-1.1198542
-784.0555
414.70935
279.61273
-247.10689
72.96389
-251.24658
-221.34831
-52.74998
89.58755
503.47882
-282.88766
-250.31918
-581.88367
-143.59047
-116.09953
421.5387
-479.87216
-23.913774
374.32623
-275.5601
507.64774
315.5253
467.16812
-735.043
460.60025
-375.03052
-377.7879
-85.51611
410.9311
-191.39203
953.0864
185.34554
-385.885
-1038.9222
1004.11884
268.0647
357.33234
-555.7532
-401.68253
-5.6661286
252.98561
754.03644
-658.8581
462.4088
1004.53564
-462.89767
-298.19748
378.29208
175.08669
-1012.0783
-44.79421
16.495153
-909.3257
-691.9512
670.33527
774.67645
138.62231
-37.769375
753.6133
166.52284
-308.02954
-95.96903
-589.1836
-180.26918
-212.9721
419.01172
310.47437
320.02606
-242.68417
-962.3
317.1244
-313.92688
235.24321
-434.12497
-27.009052
-437.37405
-160.71654
-313.53314
112.0619
19.685186
-968.2702
236.63257
-588.39
104.54843
202.83727
402.01593
273.62317
936.3386
507.194
-273.62775
-258.49884
462.91827
-148.75317
-388.5189
716.20825
950.55
425.33075
-832.76776
-37.117382
1258.5183
365.5859
-140.53813
200.67468
-78.61272
646.00055
-695.74963
922.5829
-265.3574
-203.44159
-131.92696
-213.48215
-39.542988
453.64572
-133.94507
-227.62369
-938.44336
243.49059
344.26773
673.69415
-16.522451
273.75394
-911.6749
303.0226
-25.996626
-100.23972
-15.403698
-312.69574
684.41125
-1375.1876
762.8907
740.6997
-250.12836
5.8833385
339.08014
-410.98474
284.90482
-120.828835
-211.12308
22.767103
461.71124
469.7829
368.79053
181.57486
-52.50613
474.31238
11.114484
660.3524
632.32635
-144.4466
1191.1741
-72.21955
-1187.153
58.94341
-826.25244
-460.12213
-1333.6837
557.0794
-419.185
-42.93799
773.58563
18.68156
-1132.7784
422.13055
-380.1872
-970.2058
53.28601
498.4979
-470.19177
-120.3205
-168.63014
1173.5237
-1124.0171
-15.119609
269.71252
-88.207
-143.17726
-502.78802
399.0418
293.325
1019.78424
328.32513
-190.58145
-417.17093
-82.209496
667.1132
977.30646
1140.0734
-478.11517
-704.5238
155.09773
60.919327
-703.3572
253.00545
-664.2956
1242.4442
-199.28032
-740.2332
-124.748276
-373.1808
-384.09622
267.64975
619.8238
-485.5127
79.90236
-460.0146
598.047
85.9412
-117.161736
5.5826035
-707.6734
-69.528015
631.812
-1433.1548
354.66824
238.31795
