461.25897
1188.8413
45.30345
833.18353
1221.6006
934.31146
-418.53522
455.1228
232.99713
-121.859955
-268.4172
-1717.8075
-727.7043
-846.89435
-316.8777
-943.5903
-40.768143
923.1989
49.46916
1568.7678
-164.07596
-1444.574
-209.94232
-55.326958
-469.0683
-446.99255
-576.15497
388.4608
-466.533
665.7922
78.59042
-373.54764
284.06412
1737.6389
703.94476
539.8791
88.59008
-326.73843
77.60482
-240.71158
-734.6235
-722.2821
-554.1796
816.4436
272.99774
-208.81319
184.48454
-837.5203
-995.7954
259.46228
-150.78249
530.95544
-53.120235
-742.62964
1203.439
259.98785
2063.0469
-710.02686
385.45444
267.40826
154.44789
53.19365
777.23804
-369.42435
-203.08788
113.70034
-413.40308
197.57628
1823.9935
-357.615
-602.1167
684.6993
19.036856
-355.60992
201.41925
-1782.782
-525.22906
-1542.3716
-103.50061
452.8432
-143.02289
-455.79663
-681.5892
-1057.6932
-328.96167
1596.3364
-1103.1771
889.9095
1330.4366
577.68365
-862.5271
409.56418
670.2181
-246.3588
205.51212
-336.61053
861.507
1325.8877
714.44684
210.1556
-906.7747
-428.77026
-1208.7728
-616.56116
-1573.4515
-238.01915
166.55461
853.84406
-1.9314172
-944.9385
-724.297
539.97784
414.7123
14.906944
1362.3264
67.600494
-222.84448
576.08875
-52.56205
-1430.8922
693.5274
423.27188
-23.876026
109.447426
471.17426
736.08264
-470.47485
-569.4717
1030.6365
-247.38762
-265.4334
139.1779
-475.20212
-1034.4027
-142.7563
-473.09802
-383.4417
489.0017
436.40488
27.766695
-545.04736
168.64238
-1760.6172
-1357.7766
-872.2789
1311.4485
290.4807
1531.166
113.96183
-375.5053
408.61862
800.27985
152.22873
-506.08325
371.85318
-116.43276
-549.6453
22.580423
-2137.6917
411.5397
553.7539
-1267.2007
-226.92043
-428.55814
1763.649
585.49695
-736.1098
-31.239094
561.9894
-1172.5576
-635.84973
147.49638
-31.50926
586.49835
422.78302
445.7542
-111.70584
661.1786
497.26215
-767.30676
192.18105
338.30164
125.3877
-372.78165
-336.12955
-614.8611
1146.1549
-266.82
-1306.7231
878.6285
-315.01004
-1017.271
364.69623
1357.1383
705.48553
-669.3665
743.32117
-531.03613
593.04956
28.446272
-427.0757
1005.44214
215.72417
807.5265
-308.4487
336.40543
241.63187
-630.2138
-1780.3032
-676.2659
-0.58980536
-489.16232
-1030.5399
-1093.6761
894.57733
1990.5168
-463.63605
1609.5461
-266.79776
-436.3634
-156.32211
131.90991
170.62457
-876.96423
-585.85876
947.2719
14.341909
500.85184
1101.6089
-231.24548
-502.1148
1035.1182
-61.86455
261.75464
724.0717
-918.7814
-1192.5594
911.92395
-1007.45264
-291.9073
432.6301
483.84662
1042.4144
-249.48965
977.26056
84.210045
-421.46744
-445.57684
-1081.3673
-375.7277
-922.922
1433.7366
641.55096
1317.9548
305.00076
387.82565
849.8635
-120.39519
-831.78845
920.08734
436.8342
-443.93552
309.37543
413.69687
-809.3739
-654.25714
-565.5453
31.024311
-321.34808
-1139.2421
13.656303
-802.5345
264.84802
-1279.1913
464.44724
-316.44293
-389.8039
730.6091
1204.5305
780.6714
22.021618
-11.936018
549.85516
915.1612
1766.0051
-537.6469
-1151.4854
-808.773
795.91046
5.4458513
684.7539
-61.802418
-359.65732
611.03033
-786.2577
-356.93594
33.51167
-901.97205
77.709305
-693.2294
-420.06155
-454.23645
-159.72993
-897.5396
-697.70654
-396.5842
461.07626
-708.29065
-979.16205
-51.401188
-897.0728
-1044.631
-259.77863
17.292423
-846.3904
779.8115
-963.706
-936.60535
-793.9578
347.0062
-759.72095
-125.387146
-649.00525
-382.22464
30.037355
848.44073
837.55774
-1186.1296
247.64438
-168.80026
-218.68698
80.32714
-118.66772
413.9289
-958.8198
620.3643
975.96136
-327.81348
664.9396
891.0609
77.49015
-75.14673
-937.5801
-87.327736
-420.9348
954.0248
322.24277
1556.2167
474.5604
887.8303
-250.81001
474.6125
206.65063
243.90315
262.21432
-639.9962
431.11423
71.22331
-527.2857
3.1609063
779.90894
-102.96244
204.45749
-869.88855
-895.7007
428.5283
-600.33514
-207.17975
61.01589
1657.5605
463.27435
-915.5127
-155.982
241.62941
649.936
-593.73224
909.9355
1154.4877
166.80017
-1085.6407
319.8458
-643.2794
-807.08716
159.96814
-1011.3958
99.92758
-229.57652
-1014.222
678.88214
467.78717
-501.2406
-731.2629
-968.38745
244.59988
352.22855
225.36101
160.7177
780.3458
-734.43365
254.28143
931.8767
-1488.9492
282.3072
1128.9911
-508.3008
-287.81546
-608.5622
-256.6735
-2610.074
947.6698
931.1214
-194.99234
1075.905
194.66626
654.9379
-955.25757
-606.42114
166.25618
174.57364
-842.9713
515.9548
625.3556
751.78687
371.07727
797.1084
143.6516
367.90292
-228.79964
-1050.8623
-537.80096
1033.586
-706.92
119.51236
-347.1869
-60.296623
647.3107
-254.30586
-40.147896
-952.31775
568.34106
-651.83655
951.23755
311.56482
-53.46593
-67.40923
-503.5975
-1395.1525
75.13692
473.5742
-455.31296
-723.80646
1099.3894
225.57236
298.7336
842.63245
326.22485
-442.64426
466.90765
-198.71196
228.9974
201.11717
-94.856316
380.96655
365.98477
682.72003
189.78339
-2173.5505
871.4483
-129.56853
250.48198
-465.99683
60.025093
246.14424
37.48591
1121.4402
-820.74133
316.7621
1372.2012
-1032.4789
-1011.1005
680.9763
777.7752
-1156.705
-330.93933
-21.005173
-1110.7747
-734.1193
1356.2203
1965.6708
984.29706
-84.303505
1143.3617
204.80368
141.89754
503.73315
622.7145
310.57712
-465.0614
319.2744
377.98596
153.80678
-997.0044
-1201.3588
218.87994
-529.9814
285.98636
268.87543
-225.41888
-1203.0166
1213.0209
-519.78815
-765.7515
-78.74311
-1058.0269
1106.196
-553.6429
624.40356
-386.82138
1028.1123
238.01183
792.9683
275.7049
-957.5035
-304.03705
67.32605
-709.91174
-11.318577
1154.2487
1451.908
994.47186
-1198.1865
413.63147
1818.948
564.6157
404.87347
-296.77966
658.11053
581.95374
-487.97827
1243.1276
39.623127
-849.8761
217.9102
-1087.2109
695.044
1290.9258
-418.6669
-283.1206
-1203.3962
365.8563
757.8052
261.4438
23.513794
-356.37143
-1175.8651
-694.9176
328.7488
563.71655
-773.9781
-452.4421
1264.9835
-1390.197
1047.2498
1076.001
-535.8565
566.03735
460.1439
-1117.4479
548.0826
-234.7767
-399.6689
1513.2222
633.0853
277.21527
41.518253
-97.60595
792.74023
-421.0887
-462.60568
998.6053
230.77441
-177.1542
1214.2455
-96.44973
-1502.8966
-584.2345
-1480.2721
-872.088
-1942.1721
594.0988
410.26105
394.29343
48.94362
-238.20297
-689.5505
1173.7457
-954.5304
-1711.5892
-134.24506
172.22968
63.00916
-154.51541
-982.64905
852.71606
-738.71
232.99313
827.1267
-701.0774
-425.70413
-459.5682
873.14307
290.8431
983.82794
54.913338
-253.04921
-126.05835
-101.537704
667.80585
946.8727
1252.0798
-169.70412
-515.54596
374.1918
83.276634
-1144.8848
1125.7559
-642.3327
655.01373
-41.427536
-1149.9121
-1066.5206
-1487.9156
-176.89452
520.9505
854.16406
-937.34424
-10.974953
-737.8602
1071.696
234.58844
-600.3816
6.4534883
-924.50183
446.6929
665.2246
-1754.5837
520.0969
-110.10686
