32.502144
417.85553
56.338768
529.3523
54.043167
-265.20993
42.41759
102.924225
194.7118
686.27185
103.55777
-486.80276
-330.79788
-14.764711
512.44086
-231.84474
-54.969353
344.80124
176.49272
153.03598
321.97122
224.52757
-139.64299
234.28963
-426.9264
-243.95836
9.250438
85.95537
154.93784
-78.52191
-20.696232
190.40526
-215.6313
458.71518
502.16046
282.30865
201.16241
41.719143
-446.1866
-428.6636
-154.90858
52.044064
369.3072
206.13187
423.29257
69.1833
367.05927
-236.3304
-99.06578
-61.632217
-293.6939
133.21947
13.065307
136.42455
-177.12941
-17.399416
707.54553
-33.55081
-9.747412
65.21083
-313.57364
-161.84082
526.45
-178.73102
315.51578
462.77286
27.80912
381.7065
234.61928
34.803844
-224.66803
96.01581
-39.766685
238.34236
-116.11253
-165.44125
-156.18735
-79.62928
-19.499523
317.57626
-421.3227
433.56662
26.228333
-74.26833
-274.89835
387.02423
-35.06235
289.43884
361.23352
131.68005
426.8781
-93.497086
942.98016
-596.58545
-513.1464
401.57178
-509.7051
-364.59882
139.06094
-136.25648
-502.8263
-112.77486
325.35825
-119.97544
-750.7044
-74.815895
124.0012
276.50378
-435.3464
244.75298
-452.3853
-184.73807
541.57794
-450.24655
207.6292
-47.994007
55.48096
421.91968
171.78833
-19.393549
772.7833
453.83316
144.1124
-334.04428
-380.53104
164.14127
-605.9195
-270.40323
509.76843
129.04645
267.84793
365.9734
-336.30005
-186.38284
-202.41617
242.3088
451.02707
-404.76822
-247.55287
-210.14034
-242.31175
377.76907
-223.29126
-625.49835
132.06406
-60.73171
422.16904
-270.48395
-51.073395
-97.44187
-130.65115
-27.639353
364.13962
146.84186
-160.85876
8.390094
-39.8896
46.2511
-349.09335
222.13731
-87.600746
-246.62166
41.91428
598.1535
70.07035
47.212185
-61.188175
-85.24765
50.520878
-197.93478
33.97523
49.123844
-65.871956
409.80432
13.902052
103.1808
84.70748
362.8934
335.58765
-226.36386
-281.7455
-55.017784
-142.39598
-363.96753
-561.56903
70.36747
395.15115
-53.530243
-44.86484
536.7837
-127.41758
-129.91438
-128.49501
714.81335
498.83765
-450.4575
25.400393
134.09766
-761.0292
157.51653
34.114693
216.26712
310.02383
33.589157
-62.877243
190.42075
-358.30453
590.1346
-559.12756
16.8801
623.2522
49.088184
-845.5679
-108.80488
-10.581049
380.80453
-224.56024
344.57587
-186.70831
-182.2317
-8.292938
119.233376
115.88446
-848.19745
-134.91904
193.22989
-145.00694
10.9665985
-42.857555
-300.5927
416.41254
323.6617
12.689569
-69.67457
456.03644
-283.3367
-66.61499
46.32445
15.042029
-304.59055
67.904175
-102.57359
-193.08824
-307.8997
292.4043
-262.09256
-10.471754
30.889297
128.45703
-34.648827
-757.2326
88.35944
-100.091324
273.60272
212.71162
37.64765
286.65472
-299.74945
-510.45728
-103.481834
249.0926
116.66231
-140.52075
223.31145
106.12919
-519.0206
-281.59125
-124.79283
322.02252
-623.09894
-187.85947
-198.0591
233.92043
272.77386
-226.54636
-221.11617
38.782207
-28.10269
391.56503
-3.6493046
141.3242
-87.35982
-19.87746
-267.66916
120.74007
201.75073
-403.5303
-285.29193
49.98655
-129.19704
86.27438
-282.70273
391.54736
566.437
11.008753
21.77699
174.88615
-236.73381
115.10876
-14.280967
-289.79492
468.03998
-410.93665
-447.32465
170.73183
71.58372
469.65906
-68.07177
-232.32318
11.442099
-53.133026
159.40341
-71.51003
324.0134
-545.40826
312.15674
-173.2255
155.0894
39.229675
-398.70956
32.00022
6.5966043
-1129.6426
-647.40955
-300.76892
41.466206
96.473114
-133.097
-64.16281
322.55856
-1102.3589
344.4095
-240.43346
597.64124
-188.2339
217.90111
-272.0713
-341.73898
-308.82422
228.70119
268.7211
-51.95326
-514.1584
-202.5312
-325.16754
165.31294
239.58444
438.9994
-301.24445
291.95255
606.0942
29.103731
350.93274
-21.540611
230.21495
-338.83023
-121.62693
298.9065
-418.85898
-24.081993
-26.36958
-259.01483
-413.20657
-99.357704
-167.94002
146.59297
-482.9494
277.1662
2.972528
396.39487
193.12369
-368.50217
93.470024
532.3023
132.44275
-415.33823
-563.81274
-65.0096
-162.32062
-448.737
32.485176
-123.20773
-429.52728
-19.583387
-495.12442
97.38043
144.59
-101.25998
269.33038
364.06613
222.18785
-103.46563
-3.6643665
-33.066204
178.50557
23.982052
217.94928
779.4805
-315.20142
281.01028
-37.97686
182.0178
-34.13661
509.72208
-119.64949
-89.12961
-50.513554
-596.9576
-356.72873
-42.642956
270.4338
130.87888
321.77005
816.3354
-250.26176
171.91893
441.55972
2.507142
-165.86389
-85.870995
77.95684
83.805954
34.052525
173.5762
26.546644
250.96625
-395.8491
193.07768
-508.67892
-63.74835
169.13918
-147.11111
227.25945
-42.059864
219.19081
165.05396
65.83889
-131.93219
-46.43334
-26.856703
-68.66107
53.74599
278.29242
-339.74045
156.0319
-616.2695
142.31783
17.288912
543.2308
-141.33057
222.25107
-83.44223
-14.365394
212.05774
-80.49947
285.99847
-200.41316
677.78564
-222.9147
-70.30639
-229.66043
21.816898
160.09418
179.70003
-640.4934
-620.39484
-155.78227
742.6631
-287.3187
-471.35413
-461.12613
-193.67163
158.77605
281.87082
-345.60156
-440.5646
271.79294
586.978
-186.70197
348.0928
-54.663593
248.44292
-333.10358
164.58714
-575.5937
-87.882385
6.6879463
-217.97203
485.7317
127.956955
-323.55215
143.19168
28.37651
140.62923
294.93753
-70.69447
-48.675823
-429.405
-64.02541
-555.9758
306.76468
-165.13055
-213.26009
404.52814
-385.37128
51.49288
-155.92174
-642.65485
222.16733
-2.8894682
11.650569
271.65732
15.894178
-154.49937
372.61453
191.33186
-214.69225
-61.2192
103.239716
297.30984
527.8757
-136.91899
-107.62482
-5.2924833
85.37136
-109.62157
-228.02913
273.71643
602.47424
16.186312
-206.41646
-98.52376
225.22041
120.37212
-331.47485
-520.3237
266.33817
435.73666
-142.33046
627.95544
169.72949
-468.5008
645.7963
-40.60574
-123.596085
-85.036644
-454.3438
344.63873
-327.42624
276.57538
142.76433
-349.20645
-212.65091
-358.68472
-383.6857
122.84383
92.898445
134.38074
120.827484
-309.25024
-158.99963
-715.69727
310.39908
381.16495
-70.15351
3.5422192
531.0997
22.160666
246.49512
246.1737
-10.965934
-152.83472
447.47717
-430.22632
635.6281
-16.959757
-222.5443
-104.24227
130.17169
447.29678
83.187416
238.5778
185.86346
-48.596413
-131.38802
119.453606
-215.79611
15.864124
-282.88843
215.58083
339.05728
166.14049
645.4763
-418.60318
-141.90062
93.63917
-85.98903
-47.06459
75.7935
418.53375
-587.6637
-58.604675
-346.45285
343.68475
152.66946
-356.33893
-92.61567
-102.874825
98.413666
-42.221737
274.45294
-236.79933
429.6747
-200.81017
271.48608
-71.155754
-42.135693
310.50595
610.5277
660.55444
-382.83435
-143.88261
-193.07382
148.89943
289.23172
93.35577
43.069443
233.8329
-590.5422
-161.28738
99.36652
-77.17352
-328.24872
16.724974
343.64966
196.31558
124.30888
-433.1566
262.61902
65.57776
115.25324
-358.51135
-232.71318
-373.4086
214.27116
-501.03168
170.20023
16.912504
