-297.89493
386.7786
-15.569443
337.71185
-112.078545
-118.42298
-171.00822
447.62427
326.46393
583.71985
359.5378
-950.12415
-30.903234
-97.007195
-424.0665
-833.2621
-208.16017
162.17438
-156.2206
257.53845
589.67096
-704.6809
-409.49933
847.6095
-764.80695
62.228386
82.29711
-353.20166
-257.35284
-131.80746
34.626747
-286.54523
-234.53578
883.7077
360.03653
412.15414
51.083786
-77.771355
-125.04497
-669.0402
-843.10315
-106.229706
-30.97303
-117.09697
128.36028
166.34164
304.06213
2.6755877
-379.18713
165.8633
-499.89124
206.17241
-448.34903
242.1371
-42.942463
355.47684
1098.2222
-446.9273
-772.41925
285.73322
-421.31165
140.3617
618.2457
-277.81195
252.07637
447.08517
375.39938
-213.6833
664.41437
38.175285
37.0842
273.1492
-0.7563119
247.02298
-70.720604
-109.59592
-374.81717
152.76233
614.3699
319.62643
-269.10635
-52.958393
-393.8515
31.335743
-967.34814
985.72906
40.679768
697.5142
568.771
172.50609
144.3175
126.53383
1059.262
-1048.2903
-661.8248
578.15826
294.78458
426.95175
222.33347
-164.1371
-299.67578
-520.19635
-39.909317
49.211975
-364.72385
153.68825
696.66943
328.8418
-338.13858
334.88477
-389.3412
-192.29166
257.6843
-399.10498
533.6075
-209.90622
92.063576
308.08926
345.16165
-811.92114
1062.2853
421.83484
250.49013
-684.25854
-449.69232
0.094316185
-525.94293
-719.13776
615.46375
-253.96907
209.06763
51.419018
-1097.5991
-147.32143
-395.22586
192.97447
28.730526
8.711772
292.74768
-317.81436
-157.68079
-143.77347
-738.52313
-506.18863
-126.59227
451.0203
512.0044
640.3912
192.71332
-748.15826
142.30695
380.88635
-89.49148
-140.3768
-257.97433
23.549059
-591.96814
-528.15533
-1113.6854
313.58994
395.30786
-523.8732
123.73437
331.4094
46.114033
131.31575
-445.24677
313.28705
95.373184
-615.9203
-22.05753
508.12695
48.199753
304.64258
-492.78912
239.20802
322.3759
721.37213
375.22565
-616.93854
-230.821
293.98145
-285.26685
-207.11853
-160.8902
-282.42334
797.8466
-312.36795
-347.39706
900.1127
-99.5527
-339.77264
-214.17291
992.17957
663.5361
-275.63953
71.503426
-10.308851
-236.48581
-283.6771
-219.12285
724.0954
246.57994
156.81528
-30.431696
395.0329
-95.598236
34.23071
-513.22906
-300.95795
772.90924
73.49258
-631.48535
141.63516
274.97522
584.8679
-386.79395
773.5303
-335.87817
-318.01828
143.64673
404.63022
804.00757
-862.5638
-350.9551
130.69073
-591.8311
277.86752
59.414455
-705.3422
343.31036
363.9899
124.29481
-480.2351
488.11423
-519.0246
-115.620766
58.69679
-555.1756
-297.14407
-229.81612
392.96896
-315.41675
-337.53043
808.04315
-324.7921
-263.76465
180.77315
-928.5443
-66.691216
-931.0557
645.40515
-166.86284
691.3955
397.21127
13.852486
-199.71298
-128.41823
-541.7013
489.52594
-67.11213
-567.1254
-441.88376
34.220474
-46.68042
-544.1443
-364.24908
-394.30096
283.08005
-305.43668
-200.84184
-1028.6714
361.3957
311.18506
-127.14886
-479.89642
-288.15762
-9.701838
855.995
202.91966
128.50798
-261.79224
22.46938
168.68639
582.3183
-138.99721
-840.38544
-543.29254
-417.06744
-70.42591
-85.19719
-318.8652
837.44684
382.55356
-313.75336
220.74397
374.95096
-216.79565
-322.41388
-472.4206
-243.632
248.13281
-789.32056
-518.3618
290.97705
97.63621
356.66754
-36.454357
-327.29703
-45.25938
-216.5504
-15.336792
-231.42305
160.43073
-565.7883
208.46014
-132.06616
-199.16417
-717.64935
-334.73602
-94.50575
28.64194
-868.16034
-152.86295
-269.7175
752.69977
358.76508
-114.46888
-331.7656
617.5037
-989.45404
-167.49408
-236.58632
930.2556
-520.0026
670.6076
830.078
-47.753372
238.82016
1038.5457
392.13187
246.55312
-859.1923
-220.26099
-371.6606
214.23448
-269.37418
454.76154
-51.804405
363.08417
417.00705
118.54295
345.86075
52.737106
19.155409
-387.2564
-147.32324
106.29978
-345.797
-558.99536
-237.17847
-204.95175
-67.684
-569.357
-1096.0962
393.24002
-778.62866
321.03815
-5.8271074
778.23846
335.7969
-160.21756
319.09406
472.7722
824.152
-500.21524
-394.41248
188.64005
-331.0889
-752.2344
-27.840328
-129.57483
-354.4544
-20.385271
-651.68787
86.30461
-274.1078
-249.15897
627.4637
723.94086
103.427895
-540.5034
-225.95607
328.50827
140.67885
-85.93523
363.99652
922.2025
-453.99658
500.83273
459.40176
-556.16907
361.0757
1137.0664
-350.2416
572.9062
-519.326
-225.00003
-1121.5846
839.90186
-59.122974
-67.63227
261.5507
697.5664
-72.05848
-126.68249
192.40793
6.4231143
-196.7276
-451.2132
145.40057
-7.028977
704.8109
-175.71005
528.9617
164.13213
-463.79227
63.671227
-640.371
-389.30432
716.311
-353.26163
80.53018
-576.23535
476.94263
329.34637
-65.01839
-206.9448
-235.59834
-20.4561
0.08841276
169.9279
571.9278
-260.13544
-97.147896
-463.07028
149.53459
-151.61249
856.35095
-117.22248
117.95339
408.96625
-76.14518
91.19308
312.55972
408.73795
-566.0352
612.68506
-109.81357
-386.03336
-86.5832
52.566803
240.92212
683.72266
-176.84161
-535.39557
-557.72906
662.6909
190.49762
72.15715
-525.5834
-597.4975
211.7501
312.52145
233.78809
-528.57764
441.84195
1175.4272
-300.58594
16.439102
111.70876
188.41629
-584.7066
266.35327
-212.06143
-594.4057
-496.052
336.40878
758.0747
207.82195
34.509537
858.0639
-258.61322
-332.03314
378.7364
-492.20218
-225.99077
-177.23969
634.40125
19.620584
351.38568
-220.7459
-804.6896
162.04417
-138.85849
225.51903
-259.69553
-234.56778
-339.75296
-216.88826
-469.3436
156.7927
213.46814
-707.5571
471.32944
-69.86728
82.94455
-4.193857
325.70975
474.36334
859.12646
148.12161
-360.93417
203.35353
908.07416
-113.21929
106.13473
559.77716
794.2827
283.0965
-534.8235
-353.93958
1161.989
526.7294
-216.71767
-138.26506
91.98086
704.91156
-763.09894
455.2414
129.3533
-434.12054
-89.55331
-339.39328
-94.647606
507.9377
114.991646
-135.84099
-860.5659
285.45795
592.915
330.53262
-302.22937
-337.6807
-1103.9921
320.621
224.11255
37.349545
-182.91368
-45.712254
334.3306
-1387.8942
966.786
643.58514
-43.39068
49.875946
631.7514
39.706055
577.71484
6.8425527
-371.69128
-19.499847
538.58496
641.24274
647.5287
-154.21954
2.662654
103.2034
187.60133
945.59906
495.5469
-299.861
761.5984
-116.65082
-609.21875
325.5948
-555.2876
-403.67926
-1000.3741
614.809
-281.12595
-4.265371
753.71716
-267.33554
-634.9667
299.14777
-225.71718
-354.26724
222.93355
174.26993
-191.85625
-132.25648
102.24611
956.9955
-439.3369
-35.362823
268.27176
-232.66753
-36.992687
-272.26584
312.09903
128.4509
684.13995
31.04264
-73.01778
-44.006676
-35.691456
459.5488
1040.475
1162.2513
-277.86014
-313.8894
-78.60729
-53.675896
-520.4949
183.05537
-205.73125
702.76044
-383.85504
-326.07593
125.62418
-245.14085
-428.05972
601.62537
654.0755
-207.78287
398.47006
-863.27576
566.3555
146.72401
-73.36383
-288.10455
-702.9216
-256.92578
402.97354
-1072.4556
204.67633
346.11893
