422.37616
1178.0541
151.82999
749.3547
1130.6763
944.8143
-487.1768
513.4875
159.43552
-80.54171
-132.17441
-1666.2565
-462.39603
-857.02014
-332.93893
-1045.3538
-89.7753
800.2766
113.93814
1507.0581
-137.1565
-1541.9594
-181.95325
83.09196
-365.44888
-460.74493
-576.35004
512.93317
-348.67075
626.50323
52.20772
-399.08914
149.96088
1711.906
625.7786
546.62634
110.44117
-367.003
120.61416
-156.74283
-712.57196
-665.8812
-559.63965
953.41675
250.48404
-350.5527
140.08203
-771.2508
-943.15106
386.2967
-48.19058
582.5865
56.430237
-620.1731
1225.8368
333.40475
1969.656
-677.1112
244.04628
95.63748
-80.00162
100.19024
548.89905
-385.69034
-335.33765
208.22282
-536.09436
332.43964
1776.08
-368.7747
-658.3293
757.35315
87.34875
-346.536
123.70654
-1711.8627
-569.38904
-1452.8412
-10.314241
384.81842
-133.70995
-541.38617
-761.74536
-1099.8555
-283.05484
1601.9108
-967.37585
915.06775
1184.4819
680.81067
-778.65845
471.8541
828.02136
-214.1524
124.994385
-362.8769
946.11676
1327.5883
776.09845
225.50964
-786.15753
-483.57526
-1227.8173
-697.94745
-1498.6537
-307.50934
198.27142
900.62366
37.641262
-999.29724
-792.8508
465.6086
358.75735
82.67795
1295.341
-61.200943
-239.7172
638.0662
-30.25595
-1400.1843
558.3833
330.08334
197.40541
30.543646
351.16757
690.6709
-507.0009
-551.58734
996.4906
-218.42456
-163.27698
96.74734
-461.88214
-990.0501
-271.24918
-121.27651
-526.0341
410.893
433.3356
45.826157
-573.97174
221.6906
-1768.7798
-1200.4679
-852.45465
1255.7397
373.40552
1408.0922
21.927275
-429.7386
504.58316
879.217
175.864
-369.74316
434.54703
-65.39352
-594.5872
-175.65681
-2226.5918
482.20517
813.4515
-1212.1874
-105.79317
-360.82767
1783.0703
612.32434
-715.0854
-114.50007
501.39758
-1294.8868
-718.1722
130.27548
-142.84467
613.81177
390.45193
425.21942
-105.43547
681.9676
542.1517
-882.1653
131.73738
508.3026
157.10092
-455.4559
-234.5882
-617.3405
1179.4264
-303.17487
-1413.2343
883.01385
-143.8551
-1149.6842
424.70245
1338.0428
624.24585
-669.5918
850.57544
-492.35336
548.58057
-132.24208
-262.9524
1023.0869
178.8319
778.80756
-383.45892
294.91354
192.42552
-644.4328
-1687.8629
-860.6248
41.2533
-526.1443
-1046.7522
-1128.5414
988.3544
1928.3387
-453.9766
1546.4241
-269.73892
-342.88538
-68.01156
171.20636
130.83307
-798.0019
-473.74823
992.3201
-167.43011
511.22693
1181.455
-155.54468
-520.94977
1060.3473
0.47056222
257.77426
577.99384
-987.9948
-1063.5098
1049.0796
-1054.513
-300.30185
278.9835
427.37787
1045.5581
-384.16174
1036.9083
64.19873
-517.37384
-491.52142
-1141.3586
-244.27501
-980.501
1319.5486
756.8994
1499.582
188.88898
334.09714
803.1299
-197.4998
-747.9395
846.79047
283.61572
-478.2989
368.8205
472.16254
-672.7923
-694.59296
-423.3477
-70.26474
-383.5444
-1020.1489
12.673147
-879.1604
279.1818
-1226.1934
426.94556
-359.5446
-483.2074
798.8501
1239.6316
853.68195
23.650978
77.08448
594.7649
954.77344
1698.1912
-439.0102
-1322.7748
-925.8874
839.59155
103.30528
719.7734
-181.37502
-220.78696
733.6874
-605.94293
-293.2605
38.640533
-903.9478
157.07977
-673.4146
-465.98447
-390.1727
-74.51269
-839.6377
-674.47894
-458.38913
433.07083
-682.69635
-1070.2522
-102.73993
-910.7056
-1090.4078
-445.84195
62.761074
-933.0631
667.9914
-915.31903
-879.3067
-701.49774
435.0743
-867.8683
-37.604637
-594.7564
-234.61743
-65.055084
865.61053
804.66205
-1060.6945
241.82236
-240.41142
-369.00665
110.47222
-90.43482
543.2703
-951.304
716.2148
979.7755
-500.5748
628.47595
895.11127
114.64431
114.89823
-984.32275
43.590134
-473.00885
998.01324
250.15193
1562.8091
460.88602
1052.0168
-357.42142
688.5313
259.71454
136.14368
280.51276
-732.1619
432.88617
69.12467
-544.4248
-240.78667
739.6279
-49.393677
100.15662
-830.9994
-879.49646
481.83844
-663.7005
-260.15878
104.64046
1644.8369
361.73734
-914.8706
-217.97166
153.33656
688.24207
-629.6487
988.9512
1185.195
256.2298
-1081.7523
321.37332
-583.88916
-707.0107
300.9088
-902.78455
213.60739
-273.28802
-1036.6349
629.25024
566.93
-448.67697
-734.087
-845.5469
387.55167
312.47174
193.69269
150.33278
644.8769
-804.7334
289.73245
1023.4506
-1296.308
349.49203
1127.5204
-330.33243
-321.4096
-524.31726
-314.24326
-2653.23
1002.0053
939.00195
-165.6873
1088.0776
438.64743
533.0344
-1101.367
-573.49066
247.28268
256.51724
-766.6238
462.98166
734.52185
670.1596
273.12244
887.82355
155.15147
252.02022
-155.61035
-981.3178
-594.7895
965.3587
-643.2255
160.86963
-476.80786
32.317307
616.4887
-466.0738
-125.464806
-872.1616
470.30194
-591.7787
884.5409
281.9075
-103.905365
43.104523
-426.82797
-1358.4773
24.916042
440.59903
-458.936
-776.12524
1029.8696
165.24083
250.57002
871.16156
291.63977
-498.39923
547.732
-63.97471
204.94495
233.35492
-104.48968
330.15604
365.18472
805.5174
213.7987
-2035.0239
783.30273
-368.4103
276.9565
-440.71732
122.82587
288.81506
133.1773
1130.5704
-913.53467
315.47058
1399.0809
-1015.35034
-997.2582
694.6058
784.8925
-1110.5427
-252.71358
-107.87192
-1136.5294
-724.7891
1265.3203
2150.8823
750.70404
-167.39389
1130.886
335.6272
460.96112
467.0976
604.09
333.66852
-460.53244
224.8056
370.75482
227.0781
-1021.55536
-1064.2527
279.66754
-496.7091
168.1616
216.79488
-70.07188
-1258.0469
1072.8345
-463.6364
-786.81647
-43.34426
-996.22815
921.95703
-533.18243
727.78265
-274.7435
1076.5925
273.80957
712.30756
211.19391
-981.98486
-217.86467
106.19999
-821.88245
-93.79601
1097.6986
1548.1917
929.9265
-1080.7614
535.89276
1879.02
636.2417
492.54587
-274.48407
685.4128
568.40375
-514.82623
1168.0951
22.223177
-817.158
206.98152
-990.1736
605.84485
1274.2548
-472.62445
-249.12627
-1101.4109
415.6146
516.6463
238.76596
102.70755
-229.01233
-1128.7382
-627.19495
431.9716
543.0467
-663.1908
-274.53296
1162.9102
-1348.6309
919.6433
1006.6209
-632.92194
535.1357
447.38336
-1060.8065
562.0221
-210.45753
-281.26334
1503.1454
641.3183
378.00375
142.17992
-188.18095
735.55786
-429.03015
-411.80573
876.3979
209.23927
-186.10625
1281.912
-215.31271
-1593.0818
-568.00165
-1491.5033
-770.1314
-2095.065
504.2013
582.61017
229.04405
21.497019
-236.3643
-697.26874
1082.9359
-814.17944
-1799.2922
-161.80878
177.42964
126.368515
-184.22935
-1014.6338
897.87384
-741.2552
171.2369
777.6126
-769.78406
-234.38351
-486.82172
937.48376
370.64542
1020.5577
68.87544
-172.11241
-56.418175
-11.616866
617.351
920.2538
1119.0768
-188.56248
-361.60202
342.11435
-31.431646
-1203.0122
1045.7885
-698.57587
554.75226
-105.58236
-1172.5574
-1107.8087
-1466.8326
-228.09525
580.0346
892.17816
-920.06433
-92.00769
-667.81836
1090.7456
214.35178
-580.4134
255.15543
-866.1511
537.9307
629.71277
-1840.4373
509.88004
-59.32071
