-171.0277
739.4283
-163.49667
333.5877
-313.15784
245.54848
179.55348
667.1792
314.91074
19.536562
358.20316
-1250.5247
-137.82162
-51.759026
-43.300945
-926.57306
-483.46854
281.3016
-88.06673
533.90063
-53.213234
-903.3953
-284.99463
148.27936
-387.38788
-303.81293
120.53421
-254.75816
-546.15485
-2.5205011
-109.78045
-315.69247
-314.145
953.03735
709.2029
527.66626
453.46158
60.554073
179.86415
-311.81458
-609.4905
-531.4778
-57.842537
66.52158
177.95787
338.6372
272.48288
-330.5228
-220.17102
404.86154
-463.83798
284.8871
-429.47293
49.649487
463.52213
387.57462
1222.4347
-791.58484
-818.7984
-24.815409
-357.65707
174.0084
566.1654
-547.132
276.83994
218.65356
-11.687871
-487.73996
972.1922
412.97736
-254.85217
180.58089
73.43876
87.78771
38.087563
-192.92484
-315.752
68.00067
-135.97275
332.75607
-80.08311
-333.71295
-549.7124
-187.73148
-876.0928
993.443
-836.26416
947.93225
877.0596
121.9804
-364.50595
506.93454
923.6719
-1213.2948
-388.7898
311.63882
492.3123
472.38834
351.86243
-104.978714
-730.25476
-528.89166
-481.4151
-91.064186
-1162.5938
297.3385
1391.954
688.0988
-278.27905
-59.772453
-739.4659
177.68
143.95001
-15.266561
451.1778
-120.94756
81.127785
444.84897
379.2647
-1012.69885
1333.0919
248.30595
489.9395
-483.2322
-57.368492
331.35306
-749.0901
-697.76495
568.8622
83.459564
-246.6998
566.0907
-786.2271
-266.71945
-640.86145
350.67575
-328.27145
-30.232576
231.7215
-263.3137
-41.83239
-283.99445
-1199.5782
-1056.9584
-449.925
654.8484
754.6493
891.9729
94.20716
-400.4904
466.8964
841.7215
63.13496
-382.13416
-137.96112
42.334736
-478.28577
-199.39377
-1216.3634
240.65599
543.8129
-728.841
303.11728
-129.041
289.85724
396.0885
-837.2423
492.0064
444.65305
-798.6665
-293.02493
167.30421
287.16107
353.5847
-156.91222
293.0395
183.15964
825.31866
721.9112
-922.3191
34.968357
83.801445
-280.14853
105.82539
18.921762
-370.06415
594.7516
-348.4477
-645.64905
1095.8052
156.23425
-660.7692
3.5059428
768.7724
393.759
-338.52878
305.54205
-188.90463
117.9781
-303.8122
-425.59183
992.16595
288.6908
362.73877
-82.24753
-21.252571
-345.12057
-129.91866
-646.21906
-515.5526
655.0192
165.53787
-685.5408
-609.8319
759.22974
1253.6166
-542.8648
1077.6515
27.196169
-337.53885
121.78952
379.7669
635.0626
-1071.7992
-757.8276
412.52026
-728.2179
148.87723
262.60507
-688.89386
-197.98412
728.97406
-46.211277
-515.52325
325.01077
-331.4959
22.364523
497.94937
-506.68207
-60.101093
-432.93814
514.2043
-108.56044
-372.8624
729.53864
-368.62897
-571.2972
451.93155
-1272.1715
-88.65827
-703.79596
948.4093
-309.2825
473.92368
417.1334
86.22433
114.28633
-48.098927
-499.1629
622.9877
-10.741528
-436.1748
-442.31546
-324.93948
-33.8452
-1016.3809
-585.156
-175.71281
-32.920017
-418.36594
-138.57573
-1359.1204
500.961
1.9362452
-147.63135
-618.7207
-225.92093
577.7662
767.94763
109.35844
230.2712
96.89822
-144.8567
438.95953
693.9294
-282.15173
-954.41254
-680.94226
300.6009
-34.653072
429.0367
-125.80792
507.3145
596.6735
-217.35281
220.37567
630.6813
-387.4947
139.03839
-445.5585
-218.69041
363.21127
-838.3775
-703.2668
-41.615074
11.437542
508.43103
39.90298
-111.33971
37.92338
-7.7536936
-117.733185
29.884954
-133.04712
-775.33594
-104.251755
-48.44355
-647.6739
-619.84076
-235.71075
-218.6939
63.088345
-1011.31335
219.47502
-341.28656
1133.7279
651.3996
-29.494312
-305.96124
401.06827
-1014.69617
280.6605
-260.03964
1176.8727
-712.02783
571.9577
762.3631
93.86844
292.7923
1144.6995
263.79208
97.774635
-1200.7532
94.79109
-724.71686
307.23795
-137.26251
1345.7745
65.1417
784.38617
174.13231
158.89372
20.295387
-213.07187
202.27423
-194.57268
-2.933253
85.90911
-494.63513
-201.7129
86.95983
31.428743
518.76086
-357.11798
-988.76917
371.44077
-821.77405
249.89561
-2.916717
856.9297
220.56023
-330.06824
338.5455
103.85423
1019.7304
-435.15292
-164.20645
248.33711
-259.92783
-1196.7937
272.03973
-374.92795
-403.67538
-293.10785
-963.60516
209.28639
-90.17338
-511.79422
302.04123
994.4151
124.82754
62.269478
-293.7622
-65.799934
-169.87259
-187.40057
30.011303
870.9462
-859.32446
544.5856
747.08813
-493.28522
751.2426
1029.5267
-440.30847
227.26474
-500.34058
-375.24722
-1615.0975
881.68695
9.817762
-36.432682
424.54498
441.69333
-21.48148
-467.75183
-73.78898
111.60997
-582.92395
-656.81683
77.16284
-179.6941
281.45218
217.11891
273.8495
184.58574
-382.42654
-265.15305
-618.0989
-358.13257
762.77124
-621.18097
-0.81901515
-756.19806
386.57718
289.83063
-139.75565
25.765192
-280.5525
-299.1646
-56.086666
57.22163
524.78796
-232.23424
-258.89246
-548.7106
-110.11751
-149.4879
432.20175
-474.3465
-2.2263846
454.4778
-340.58344
519.208
409.29108
454.79834
-765.8551
332.7591
-371.774
-463.42
-18.497824
396.9503
-140.26576
958.0625
207.19815
-320.49814
-1107.0519
1047.1034
321.21725
342.04382
-510.4292
-403.22778
22.241934
308.35666
698.00757
-555.4291
395.0655
965.6022
-475.59146
-277.74786
240.07472
200.01918
-916.6375
-62.18016
8.325508
-859.74896
-770.45374
766.647
829.90717
184.22948
-93.32706
745.52814
203.15936
-341.9689
-104.252975
-549.3222
-245.65993
-220.07791
358.57516
324.86102
278.74905
-202.05525
-1005.08734
361.78043
-260.00186
234.42111
-527.37854
-36.824356
-414.87134
-130.93684
-402.36945
113.93787
34.809193
-897.34644
299.01752
-563.8362
100.487404
226.50542
430.64398
258.30267
892.33026
493.83563
-296.80023
-227.27458
476.13422
-124.01996
-401.30563
771.6829
932.74896
402.1908
-840.9434
-3.534618
1271.0892
383.85913
-147.13338
137.60953
-44.437603
765.01715
-639.0725
856.1602
-207.62566
-214.95743
-284.9661
-310.94608
-66.313
522.164
-73.00367
-294.38715
-991.12067
217.44945
360.00638
746.378
29.205704
277.8501
-932.30963
303.4207
35.369045
-90.9699
25.782677
-334.60892
690.5026
-1407.659
676.3623
760.4851
-251.2591
-53.14299
305.80545
-514.72626
229.40388
-122.53733
-210.77956
52.708336
480.70532
441.6536
398.462
201.87906
-20.110493
452.50073
5.4428377
611.61993
571.29663
-210.74281
1239.9397
-50.183586
-1204.0541
50.45896
-891.18933
-417.1301
-1255.6301
626.41876
-307.34167
-55.236614
759.6608
-21.150946
-1099.6603
480.1159
-328.5189
-949.3187
27.136223
515.916
-544.8872
-73.214516
-124.75757
1254.2191
-1138.7524
-42.086807
345.13123
-144.16545
-163.44666
-465.3412
385.02774
342.51697
1061.1108
292.0756
-166.23048
-454.75812
-10.23502
565.9113
947.63556
1125.1465
-544.82544
-689.08484
69.73184
59.187
-631.8517
300.17175
-646.3847
1265.3439
-141.60597
-783.0953
-131.5263
-329.09802
-335.69153
353.28528
650.9561
-495.74344
6.568703
-475.27313
563.97186
66.34509
-132.10315
127.3463
-689.0295
-6.4436207
521.3672
-1412.0635
267.693
301.24982
