-600.6245
622.793
1002.76355
178.56438
1533.4692
912.3691
-650.21094
753.2915
-150.79832
442.13602
-845.9597
-1316.029
-1061.5577
-894.65955
-537.9994
-1720.0416
-1667.6835
204.9395
-330.78302
2066.8574
-394.9633
-820.114
-416.81357
-444.2947
-1215.3602
13.830846
-629.13336
-574.0213
-1519.0737
-47.128944
580.3684
101.12014
1011.28217
2026.584
1980.6642
1299.8595
-519.4455
-514.7428
-182.7562
-565.09955
-462.64624
-994.57056
-871.8109
940.3094
810.97675
-561.88153
-155.12073
-999.7385
-1139.4985
655.13965
349.32
114.27288
-158.62863
-1341.831
2049.2751
-601.44305
1952.8044
-164.85486
802.74976
-388.4222
-244.52321
221.07333
282.04535
-1060.3165
178.54414
764.2764
-503.09515
395.62442
1712.5168
120.16373
-1088.2103
-462.34586
311.06836
-41.465572
580.9874
-1540.4211
-210.3805
-1099.3359
-264.33664
509.25668
-283.4653
-606.46967
-624.7184
-642.11676
-83.17718
2461.721
-1476.9161
895.79425
1570.2815
297.91135
-239.0158
129.24371
934.12695
464.09515
-720.1418
156.67683
1453.271
818.6826
670.2661
469.35364
-1076.8184
445.51022
-937.15137
-296.60904
-599.0537
204.30237
-244.16605
1004.73724
-185.27477
-719.589
-1063.9237
1167.2382
240.3275
-675.7864
1138.0044
10.66251
-562.5733
343.55524
-473.62442
-1731.7443
546.3015
712.1022
42.60053
-55.610035
-535.60767
540.8972
-759.1334
-1203.6693
857.3934
-762.65924
-364.96063
15.896791
-632.04034
-793.38934
-408.52386
-1055.1215
10.936956
977.50507
328.95117
881.92883
-521.2687
271.40955
-1504.9371
-1455.6711
-227.60318
737.0805
121.47268
1687.4346
-318.74634
-631.27924
702.7848
1190.127
-509.20197
79.264305
464.54977
-941.6259
-1008.5819
-678.8222
-2432.2
516.7396
756.51373
-1560.5966
286.2782
734.8735
1736.536
753.3678
285.83276
461.49103
1260.8687
-1824.6249
-73.77372
-1017.7242
-265.47128
1016.3261
815.1615
148.54062
-211.06334
440.2077
477.97824
-1404.7203
-269.8814
831.9179
-306.06708
-811.5067
-551.8996
-308.38004
1240.974
369.4287
-1332.6606
268.87814
343.59433
-1030.7612
100.98512
734.3501
-248.61113
-963.2652
1293.9392
-215.66469
269.83142
643.4012
-455.8662
1919.2018
400.59296
1194.4769
-302.4306
523.9736
777.7897
-537.6218
-1116.4933
-376.0643
11.68177
555.57306
-253.31998
-2075.585
638.2389
2672.9365
-52.05618
1185.9016
37.734203
-298.62253
-353.0295
112.627144
885.7013
-424.84265
-116.57146
176.88249
966.462
226.11089
740.2807
-592.2081
-244.9092
1034.6646
-243.41971
450.81772
687.56177
-1854.523
-2219.626
1517.4805
-630.10583
-765.81055
-320.35944
532.8476
921.17505
-652.9818
1311.709
245.97609
-122.18864
-1112.3485
-1693.73
-1097.9265
-993.8565
1414.9132
49.938927
1408.5668
-348.16592
473.67215
938.34814
-18.063742
-498.55945
677.4458
157.96506
-669.88245
359.7934
852.95215
-373.9996
-459.82227
-247.88759
176.013
897.5756
-1703.8115
-86.944374
-1348.0978
-577.3679
-1344.5713
382.37997
108.1011
-893.43054
1184.5306
1030.9789
1102.2257
-246.60303
10.268887
580.49945
1118.6171
1050.8623
-1781.7332
-1417.168
-487.97357
1570.9066
-556.28595
-374.30505
232.4441
-909.0642
189.93394
-1089.2084
386.12134
512.95416
-693.7682
-1073.9171
-718.79297
-736.28815
-1418.0731
112.03916
-1099.9669
-701.2765
-271.6664
626.7162
133.03403
-1506.6376
51.354942
-268.45358
-1483.1825
-174.88687
550.1629
-1313.5754
2037.112
-906.80536
-567.9516
-902.9541
740.4864
45.081013
-322.46115
-987.2049
-749.05396
-63.11896
538.00134
1414.0814
-961.0466
383.27087
205.29697
978.80896
401.0291
-654.3729
830.8544
-1786.8326
663.63837
1188.0837
77.19573
968.7784
259.80753
176.6645
567.5732
-836.9266
-484.91696
-1068.0962
-109.690834
-202.84001
2327.8247
-328.25018
-73.83488
299.87106
180.63321
-1262.0449
1195.2885
4.5313425
-932.78217
353.8645
-383.2477
343.74182
455.34943
898.41705
516.25433
498.7771
-606.39386
-606.5629
162.30676
-1111.1852
252.24828
29.182037
1269.4147
882.81
-880.79297
213.97589
861.43616
-433.9401
-859.7982
398.80588
821.3002
-133.78554
-1221.4807
-606.8723
-190.3113
-692.8444
1136.8517
-698.9454
533.6405
409.31027
-1480.2865
1019.32263
699.0553
-1149.5885
-1307.9601
-898.46216
155.04123
-58.946857
392.17355
254.35007
1123.622
-735.1743
49.223305
596.7855
-1543.4569
727.38043
1450.4954
-595.072
-407.70355
-346.89832
-157.54137
-2776.653
1562.8577
547.83905
-1104.5449
1587.6312
360.5625
1020.3489
-890.4561
-578.01984
1173.3995
827.43567
-747.8614
497.21857
1285.6472
-123.0486
-169.77051
56.098988
-709.7322
419.63852
98.05537
-1369.6315
-1373.7072
1541.1947
-106.78119
685.30804
-820.532
-803.314
193.3059
-254.96498
-108.67432
-1902.9835
-466.05472
-744.45074
1218.6154
-128.62222
-354.64093
-934.0793
-1077.666
-1969.6759
259.8697
560.6319
-1264.853
-1182.9016
1303.8721
467.65216
418.7259
1683.4197
381.78134
133.18103
819.74554
-999.73016
-145.58705
-105.738365
-897.89056
515.01526
-181.10661
1364.1952
160.48355
-1912.8268
1669.6385
-387.94983
-172.6564
298.6046
186.67084
467.74606
416.61407
1451.5192
-640.5318
889.5685
2631.7522
-1042.6296
-1041.0795
505.58057
460.603
-1202.0497
35.105507
-580.9206
-444.02814
-559.9761
1357.3833
1784.1091
1367.7262
543.1368
1548.1167
-228.46341
-572.136
460.2486
920.6068
73.940926
26.73574
381.69022
268.26724
-232.17924
-471.89908
-428.00247
856.5643
-50.2258
-31.14267
186.55528
-433.73804
-1032.074
1604.1444
-1252.1364
-1016.8633
-185.88516
-358.63394
1562.8196
680.1716
991.6172
-338.51956
701.2295
582.4702
654.49646
445.97235
-132.69177
-486.4204
720.30676
-813.3553
493.2106
1538.0006
1603.5718
1904.8666
-1569.7837
594.7581
1960.8647
491.28012
-261.4209
-508.5155
245.21501
589.16406
-872.32263
2082.8792
882.3696
-1249.599
-124.748634
-1927.6926
725.14355
1447.4161
-1475.2002
-3.3799767
-1334.4268
-397.6684
468.56787
-89.001205
105.420364
-1024.803
-626.3492
-104.04311
361.01157
1131.1134
-748.0223
-1082.9181
1086.025
-1999.4553
983.2118
1466.6782
-929.89764
202.20033
199.39024
-298.85995
1003.00916
36.147606
-73.15283
1079.0455
1468.6002
-339.4232
-524.43445
-266.9738
804.5091
-279.23587
-892.1012
1187.2354
7.364597
-555.8624
1642.6072
-66.67686
-1399.4637
-572.85657
-1369.9933
-699.6621
-1717.1677
409.32297
440.53445
381.26743
242.94016
-386.34537
-1061.2904
1267.0198
-761.60333
-1814.9596
-216.03905
-536.92816
1118.3867
605.6357
-48.785835
840.0185
-537.82666
551.8394
160.01546
-1018.42346
-218.54321
299.90677
596.3913
1.0225589
148.15608
849.5066
-277.9069
-627.6684
23.110111
66.418915
753.40686
755.8159
-724.6074
-489.75092
182.66217
671.10815
-828.8332
772.6471
-1093.3141
838.2767
690.76117
-1176.6495
-172.99347
-2309.8982
-524.586
738.2722
792.8905
-931.2957
305.7252
-1058.6913
1317.6053
9.86182
-782.0815
555.315
-1225.8024
732.0425
1098.854
-3082.1775
362.79727
527.3039
