-116.83769
79.35434
-39.51733
-67.43627
-79.94904
-45.27491
25.056227
40.487854
62.769173
-60.098217
-22.000286
-94.566154
50.189148
-14.059981
-92.329254
102.503975
-68.1762
-23.313477
59.02007
-14.579647
-25.926662
-110.04652
-12.353909
114.26771
-21.144228
94.115265
-26.767027
13.404321
-157.99237
-30.624262
-15.693395
-50.314976
86.56692
-27.907322
13.290602
-83.187775
-4.6166
-149.60349
-185.0403
-73.52127
-107.91851
-95.4534
37.16272
-58.641216
52.71369
-73.06054
2.72315
-56.16515
11.305944
-82.3234
-11.430776
40.80157
76.83566
-49.992302
-28.10759
-10.305833
77.52311
18.97736
54.295563
107.34469
104.417206
130.17592
-71.4693
4.3198843
-99.86684
-72.47936
-61.935028
18.60927
107.47982
64.5042
50.18295
154.11368
85.32891
45.32847
-11.858739
-149.01079
40.36045
76.694084
126.52862
65.4527
-126.8711
147.24596
103.94739
-81.88365
-18.33929
42.47744
-23.189701
-163.4565
-54.247494
-20.558062
-50.819008
131.30624
68.32615
-54.62639
-13.733598
-34.161285
75.171425
27.034657
1.0323565
-79.917404
-155.28197
-13.887095
-50.577477
-23.9028
-175.001
-22.846548
-42.63999
-12.604088
-56.17276
18.405903
-31.110355
116.168236
41.482567
-6.5386114
-74.68284
72.1531
119.39647
-75.47126
22.187366
64.15974
-33.72018
91.71721
52.134266
-26.180815
45.788177
54.130894
7.693172
-3.0608993
78.6954
14.891869
-92.736275
30.455256
-26.716373
-31.898657
-29.650692
49.68811
40.926407
154.21642
29.61191
60.482246
62.615234
37.810753
-115.7312
-50.341793
-71.95939
2.085192
52.79193
45.1649
93.35827
25.50387
118.84448
8.224117
188.92683
51.773148
34.996212
59.56058
16.459587
104.861176
-0.60575724
207.62964
-84.097
-24.155083
78.16681
10.963406
-35.18665
-50.093018
-60.4364
-45.735687
-31.688204
-100.471825
-103.74523
78.24527
39.28886
-22.00817
-79.9867
-18.532969
-121.121445
172.67207
4.5555
-54.05634
-94.79232
6.7597046
128.05678
52.6472
-48.764225
-84.46708
100.38022
-10.033746
56.904633
271.2954
-21.232307
9.739353
1.1292953
146.32744
36.15735
42.063896
-41.58594
-15.011689
-124.88526
-18.54215
-27.557484
37.979095
-49.166058
77.5135
84.40863
-35.5342
-123.20159
6.5155563
26.660572
108.45598
10.9956875
22.051214
-179.95595
-71.516
13.968887
-10.711735
-57.890923
60.703545
-52.584953
-95.3817
45.243748
-2.7054427
48.289246
-157.49046
-49.450333
-53.32641
-41.600643
-106.082085
-33.533592
-49.30274
17.66506
-31.408918
-33.55776
-31.952625
-1.5811939
96.93876
-80.65464
91.276184
-35.913994
100.61929
41.28826
-155.10623
9.4402075
-4.205428
65.148544
-23.744339
-39.560917
-12.871839
-141.52722
79.84444
24.059889
-5.0395317
-113.67517
5.449494
63.155308
113.95376
119.44544
-76.44561
34.672832
106.06163
-76.00099
-111.905876
27.35396
79.52132
84.443535
7.9945564
-100.50809
-18.473612
126.45885
-75.986244
-45.55993
-61.39335
-69.319435
104.69229
77.42368
-33.383114
-67.28658
61.092587
-42.361427
-17.585812
42.41007
-58.520042
-117.876755
-9.174507
74.75997
-29.819372
-36.164577
-77.1278
-173.87502
-45.66649
-8.4214325
19.873974
106.9053
-62.47595
-24.531195
-11.845757
-12.739108
-111.63344
29.938116
-9.521549
63.441097
-28.72791
-34.472843
42.631035
-131.00195
-35.54931
-14.455334
25.122124
13.242811
-40.222084
-56.869
-17.748516
102.96424
19.703466
-74.63197
15.712542
41.024193
-7.6792755
51.821297
24.801826
-44.971737
-91.8757
-89.41321
-42.55388
59.59383
28.584274
23.647657
97.756134
-163.70122
13.649151
-80.91114
-41.78494
1.6013192
153.47867
-33.259663
94.64706
73.274666
-111.62211
82.52925
58.071533
-163.19904
2.025979
-119.56247
55.687878
-26.740479
-81.96296
-63.50698
20.982239
-75.665344
-31.537525
-113.98482
-79.576
-78.04311
109.73463
-69.78014
47.32769
9.769255
74.25341
-65.78325
-13.794522
16.744255
57.79762
20.999619
-48.92246
-71.982216
29.383137
-117.424416
20.347342
34.6787
-52.368607
97.26603
-26.893396
88.94138
-1.2538314
224.07755
36.454624
24.043522
61.438877
-28.577919
-96.86117
-57.061066
-72.942535
-43.256107
-80.9585
3.325338
45.543835
-14.607125
-68.94663
-18.226902
-115.12165
150.13399
-21.503952
-147.2435
-1.0111294
2.9843092
46.352673
68.40257
43.424408
-47.14542
14.597955
67.049
68.73965
30.677555
41.088997
-131.54306
-102.95993
113.18651
-79.004845
23.711119
109.0089
91.74303
-4.695442
26.22825
185.5299
-76.76548
43.078773
-25.04577
-38.977306
-36.41357
49.566418
5.8491254
10.570345
-70.73856
-48.804123
-115.46597
9.593361
-45.951206
-15.207828
-34.862408
89.17066
-12.085838
29.216398
35.485386
25.4128
107.394005
-2.4958372
-26.985775
-97.50868
125.08553
-84.477974
56.04839
188.65735
100.569115
-131.00902
43.721294
-34.824074
84.23183
-3.5884886
79.77509
110.19456
-26.820639
97.237076
-76.43759
-48.496773
-88.23012
-12.9799795
0.4384967
7.5370755
-87.52468
-71.787895
28.947878
56.922447
118.040344
34.628098
-191.74165
-190.23654
-102.61924
6.907913
-81.23536
-51.581245
-37.86157
91.92817
-9.592198
-85.05338
-78.226906
-86.82687
-14.3416195
45.419224
-41.993324
-138.52196
15.490708
-146.85123
-98.90066
-22.141834
32.38794
-16.108982
-30.35837
51.474552
101.304115
-69.415855
-108.99775
68.81961
-64.09234
-37.084183
47.969837
169.91576
-31.913143
-94.92586
57.91964
-64.17958
9.707849
38.59051
-39.957863
-128.25461
-102.6929
-52.048573
25.044468
109.51649
-71.41873
-90.86822
2.3840816
-65.481316
-28.203787
7.8221073
-83.172264
-113.82382
-17.684301
107.40471
47.32894
38.59539
117.67711
84.162186
38.637665
93.9574
9.591792
-87.401665
6.844467
-38.86091
-142.78943
-24.591137
-4.896935
7.391707
-8.377444
-10.972008
-128.02951
-35.24845
-89.4227
-59.84453
-99.93428
-60.891953
-14.338129
-0.39276457
39.93348
-74.22034
147.89484
-128.49867
-26.251661
87.00949
66.50776
133.63148
72.82507
-28.826437
18.877926
92.37681
-26.974207
57.43212
46.601307
37.42042
-22.062138
-169.94356
-139.47177
-107.02545
79.14178
123.36653
25.608706
21.203196
67.75784
53.120304
-27.524113
221.66373
50.667496
-61.914753
37.070126
29.193233
-13.642799
14.479452
6.7178445
120.00486
6.2012577
-52.778435
-5.5801077
-49.9602
29.69457
16.830885
28.07829
65.489624
-99.804665
107.42204
-92.42558
17.267649
58.022804
-41.59475
-133.54616
-23.638689
-32.702454
-53.561623
-82.40926
0.14079517
-51.233
146.1741
61.38556
-126.40882
-40.153732
-41.297104
79.33347
-12.079174
-71.88432
-54.957787
-120.534966
-163.27614
-33.304203
-13.08279
-39.2603
67.59022
-31.811045
-33.79341
-3.8449135
78.61526
76.48072
95.80746
98.53134
28.84111
-119.42495
-6.522757
109.63015
-45.358932
93.21949
-232.50658
87.28289
-2.9120812
-5.726866
33.788193
39.10373
-84.3742
3.9364552
20.601345
47.09407
-47.903885
20.296976
-15.940473
-28.906015
-136.73734
92.71456
16.154161
118.74845
-110.04843
9.571811
65.61494
