-295.90875
964.636
-70.16878
338.58472
773.8441
466.45523
-166.60945
491.51605
-18.17026
-127.39077
25.843666
-1399.8746
-102.06747
-570.6881
-259.82733
-1040.717
-156.70709
993.23254
-260.6379
1139.3545
6.214305
-1475.0446
-19.62797
-84.445526
-305.34793
-322.896
-83.31724
-325.74487
-745.4926
420.86423
-167.62195
-529.01575
-16.767443
1114.1633
682.47784
890.59467
314.0391
-73.742386
-413.2859
-122.33185
-609.5274
-505.1569
-123.19668
22.191229
552.9911
-201.19057
336.0958
-650.6135
-628.8685
248.74931
-85.70178
467.23926
-113.11437
-153.67459
849.1148
123.67645
1824.1396
-814.9064
49.96726
-221.47346
-251.44994
181.01633
167.93205
-303.34683
-324.4697
156.02272
-484.3078
-8.790233
1534.5776
-20.064602
-416.44373
42.527237
-208.94511
182.3043
387.29892
-847.64624
-634.1824
-765.2535
59.54418
326.17734
297.5328
-399.6408
-727.35156
-891.4788
-670.81445
875.7351
-1056.6434
1128.1903
1315.4146
695.77185
-616.5729
706.91034
1143.3972
-493.09958
142.35838
-114.00939
397.92322
1177.3121
683.09814
500.37085
-1032.5168
-353.29346
-842.98175
-605.3176
-1276.6903
8.860885
939.0413
1278.8604
-142.02722
-425.11172
-652.12054
166.39354
407.5648
153.77371
964.81067
218.34947
538.4959
270.9311
208.82777
-1187.3195
1121.6737
52.511456
25.907957
-449.04205
156.58112
317.74988
-836.0212
-572.6821
711.1757
-230.58272
-4.0344095
519.7037
-696.51227
44.45783
-218.7667
145.05681
-375.93326
306.69974
489.62918
-229.54991
-91.4096
158.2467
-1775.697
-1251.2661
-713.3864
1145.1616
-47.782158
802.128
72.14058
-555.79156
798.44293
359.32486
-286.86737
-402.45605
495.72226
71.30655
-612.6147
478.6982
-1713.869
295.24985
1043.5721
-1027.369
49.10912
-407.90475
779.775
515.5699
-553.6717
171.43877
641.5421
-1275.6847
-371.01746
27.49792
-109.39933
462.7604
514.1924
224.71646
-79.97034
922.27856
115.51355
-732.4259
229.64449
584.74963
-435.4156
-418.50827
-4.866632
-951.00653
1128.4231
-385.58783
-887.2936
1438.4021
-111.48084
-1244.3846
352.04077
1329.4651
395.1766
-503.64255
481.55878
-367.11923
11.207272
-614.86273
-122.25116
1517.0029
290.82202
436.24527
-92.5539
227.34573
19.498293
-342.535
-1488.9309
-553.7009
262.89185
-215.54608
-937.60266
-443.6497
1050.698
1696.7556
-382.2951
1247.2683
-96.007996
13.832219
-44.57789
64.97674
613.2952
-993.67395
-814.7918
1135.336
-403.4316
227.65646
1157.2158
-244.12265
-232.30344
1045.7731
-479.5075
42.95594
128.46658
-771.74536
-418.14618
362.35684
-883.9486
-163.18474
-313.61618
611.2791
824.4037
-603.69696
961.08356
-536.9984
-586.85065
-215.8109
-1351.9828
36.967175
-566.5424
1164.082
311.73386
759.88025
258.37595
-23.43263
644.6781
-323.04135
-433.4043
581.7091
416.43295
-568.85406
90.45266
187.113
-967.4369
-540.4747
-212.10757
29.827118
-613.6231
-858.5347
-90.21234
-797.32715
328.3826
-826.17413
7.864368
-362.3506
-358.73834
520.68445
1055.5588
365.03146
57.063625
392.38187
654.75287
142.93642
798.04694
-314.40292
-1531.2307
-931.31305
730.83185
-125.04152
824.15204
89.06662
-61.443413
449.26135
-387.9848
-244.7182
446.56815
-376.2919
85.893425
-384.90335
59.578495
-96.97172
-264.09018
-1318.7285
-897.37915
-199.70622
543.72394
-376.15744
-777.02344
-273.9853
-599.71985
-493.99194
-330.03918
97.4623
-723.4915
412.31967
-757.341
-928.548
-572.8593
360.76233
-581.8414
106.76828
-497.24716
331.43292
28.417395
882.6026
637.41064
-831.1375
-258.44177
297.18533
-516.0525
334.3603
48.26313
925.15173
-1052.9539
851.4238
747.58527
-313.39935
730.7404
1206.8495
217.78242
-51.480247
-1291.1217
230.01074
-1184.9536
640.19763
114.471954
1251.3334
340.353
1097.6813
159.42427
849.30945
56.638615
-550.44244
143.64815
-341.96365
34.052395
-134.77615
-427.7195
252.53638
327.49634
-43.0673
119.41662
-564.97327
-644.4954
-0.26784754
-938.68756
195.1998
-342.74033
994.26105
0.119351774
-489.7271
506.6876
257.748
1167.0402
-778.41095
502.20038
1396.7283
-30.422636
-1006.1688
270.89444
-580.44543
-267.188
-208.03
-996.927
310.3316
-122.962975
-1038.9999
365.7935
580.96533
-139.7209
-454.45566
-488.36517
370.28046
361.4105
-202.83894
152.07587
546.44543
-1392.7078
378.6128
462.68744
-724.8361
650.66296
808.5538
-5.9091673
51.281578
-763.1541
-259.07764
-2539.0908
947.7409
423.81293
-412.9268
309.0841
546.98236
511.2972
-677.6212
-86.369125
-9.787851
-93.8209
-752.3404
212.14796
217.97827
385.71564
193.6031
1110.5676
-1.2856822
-116.984505
-566.1591
-920.6191
-681.1514
1008.3339
-742.1909
29.416508
-850.82245
291.134
703.85114
-716.35394
-197.51508
-553.83655
-43.91228
-248.12396
765.49023
548.5306
-415.56097
-81.789185
-606.4024
-878.7006
13.848026
530.9423
-269.71414
-108.22323
737.7381
-223.89433
293.55145
655.68353
-7.7217875
-761.6468
133.2473
93.80238
-416.4098
702.9548
-211.31941
-2.181303
759.2585
673.8539
-76.96853
-1645.3539
458.68683
-286.06363
54.214615
-761.1765
-301.15436
31.178415
344.509
736.6574
-1015.3601
500.25
1123.5204
-939.9301
-738.8005
609.8097
857.7349
-939.4129
-130.74437
85.95501
-795.28345
-837.3818
783.52985
1448.4792
520.78375
-418.83176
1004.6083
316.09753
-67.07257
-79.28347
-169.63222
256.03278
-189.19914
397.59964
168.69052
592.6882
-868.40125
-1164.425
369.2066
-451.59085
191.2312
-521.4372
-277.00415
-801.67163
248.37132
-510.0017
-549.8332
-520.4812
-1045.0287
862.2285
-753.5954
312.82922
-29.995295
796.1853
485.89032
1210.8309
540.1698
-544.9033
-320.9701
113.00207
-793.6789
-557.8237
837.12225
1143.0724
438.425
-903.15717
636.0166
1565.8584
345.6817
-122.6459
199.60585
76.6958
859.6658
-698.6557
1272.488
-171.7858
-551.717
97.82344
-298.2203
382.78568
1514.0997
-322.62732
-447.58377
-1155.4521
479.7766
383.3495
673.7995
137.37122
91.11432
-1026.4547
-251.60992
324.95932
426.50516
-521.2812
-421.58966
1445.8049
-1364.1737
409.6363
736.09515
-895.619
567.9928
347.1646
-761.559
391.42203
-317.38922
-353.87842
863.5479
461.4118
943.6824
-50.89428
521.0249
349.716
-146.77493
-136.99861
659.8942
425.7227
-103.63295
938.09125
38.55646
-1604.0162
-570.235
-1285.1833
-461.18738
-1849.639
340.52158
196.86076
435.96548
598.94653
-217.70316
-705.15765
735.23126
-534.3814
-1387.4517
-50.78737
484.01346
133.33551
91.54913
-705.4971
935.65393
-990.7531
-171.58553
1199.7102
-986.42816
-314.15997
-293.13452
951.8652
-11.337984
484.01068
319.3799
-608.62933
-344.59586
305.62964
640.0257
860.9131
1000.39124
-48.057045
-584.3736
882.36743
69.09665
-1036.652
157.64
-643.89343
913.4
-236.3321
-870.2475
-559.7159
-940.36194
-380.82184
974.5293
763.56256
-419.81998
254.75864
-832.84955
1057.4596
214.64973
-54.193035
-15.582288
-491.281
53.789772
844.8591
-1681.9012
343.93094
149.09323
