-105.01279
509.8616
174.07373
180.2773
132.09904
-187.67288
119.76335
417.89352
770.64124
681.44037
379.77133
-673.0132
-135.78114
8.228733
-285.16632
-522.8795
-99.665344
175.44006
-47.130054
207.49232
349.32172
-562.85815
-248.67078
400.57712
-778.44995
-125.53963
337.91058
-141.5102
-143.01918
41.489315
43.12142
-553.37195
-251.41975
772.9127
405.2267
440.55035
162.06303
-16.392967
-29.960587
-667.446
-720.0002
-325.6775
256.15985
-306.51102
452.0337
130.5827
487.01627
-203.39603
-306.15903
-155.75847
-513.59906
212.544
-383.5216
209.34323
-266.56714
396.10468
922.6565
-370.81766
-111.968735
232.71614
-146.51518
229.54376
609.2273
-315.00055
484.70706
420.02032
341.5646
110.94482
360.0028
19.879196
-60.47919
456.74246
-228.4924
124.778534
-113.86376
-370.5296
-618.29913
-250.35732
245.62253
92.58227
-489.50406
-75.69324
-272.20166
-312.878
-748.74347
546.9591
202.60185
716.9764
333.85547
20.01731
141.82101
172.1199
1178.0205
-1092.1031
-390.67456
435.6165
336.2283
331.83636
315.69113
-40.21232
-127.45659
-200.77525
-11.887751
-241.72173
-677.0192
-10.464188
584.816
235.86757
-153.867
326.54297
-539.7716
-111.68444
422.43314
-340.92535
31.299585
-165.43716
12.749523
405.18176
98.74365
-242.05315
1254.4575
262.7564
163.51765
-588.6571
-706.05035
-177.79126
-996.1888
-629.77826
534.4891
-125.13395
157.89993
140.88991
-1018.39923
106.02038
-605.13904
361.75333
-283.56488
-195.36406
-43.159626
-435.46594
-162.10515
155.80156
-676.1662
-505.9496
-14.577631
192.30544
418.0251
225.46222
-32.0926
-428.58923
-28.866758
260.183
42.19738
-308.50504
-136.93869
259.79785
-266.91315
-519.5575
-856.08923
9.54328
79.25493
-561.68896
215.94525
252.6392
-49.262466
-29.026276
-507.85352
-7.578694
181.50996
-326.64133
-390.22336
479.76956
-18.68513
367.35132
-476.6998
392.81937
19.535473
698.3754
476.81714
-468.2509
-112.85762
111.08049
-29.422586
-315.9394
-271.64032
-293.22696
896.296
-385.93875
-136.46754
911.75867
95.239174
-26.758219
-475.39886
596.47296
445.524
-565.55664
76.15207
258.41373
-341.0951
-193.05411
-167.27275
294.9523
313.80255
256.34445
230.45789
388.79843
-295.91727
-93.77879
-806.76483
-577.9383
788.36957
35.485676
-853.2717
-0.66918683
139.42648
490.45474
-465.74966
791.2323
-594.1228
-540.1431
304.69327
113.364365
440.4791
-946.0806
-204.59506
-12.043778
-471.94772
427.09647
4.7956004
-713.03876
298.3417
225.68478
3.71019
-252.53746
363.48242
-583.26385
-88.01429
294.1922
-145.35812
-180.16742
-261.39453
240.40811
-135.15591
-469.8979
757.93854
-375.9206
-207.77138
170.02542
-949.7665
109.46308
-964.55896
695.72205
75.25002
510.6226
474.80334
-131.36429
31.019241
-203.49777
-236.29378
285.7917
85.33598
-652.1387
-245.13615
166.71558
-46.581543
-561.38165
-347.9485
-440.34488
241.73462
-132.98451
2.09872
-644.9352
302.23486
353.26413
202.29005
-381.69818
-102.81012
-35.613888
481.39932
-198.56303
-6.856946
-391.49976
-123.70086
-171.1058
405.70386
127.702965
-425.91974
-509.7953
-276.4601
-151.95648
-0.6733787
-336.10086
1146.5348
507.93124
24.975725
254.934
213.7932
-86.09318
-290.43515
-589.7207
-257.04855
224.22827
-508.65625
-597.4235
287.56653
225.45056
267.95544
-43.71174
-168.65997
-252.68872
-350.72183
-22.252806
-142.88545
215.32793
-559.0865
269.02063
13.509572
6.7325983
-381.68643
-335.2909
-188.9301
223.71869
-874.80853
-513.451
-105.84782
416.21066
-3.2405555
402.95557
-456.53882
648.9395
-983.98334
-151.48514
-61.579666
877.48883
-248.45955
502.47995
497.65878
-223.87639
-185.47879
558.62634
419.76822
167.74261
-577.6813
5.7815514
-349.31772
71.95177
96.70059
432.37762
-87.53151
390.91547
579.05316
-178.78415
422.21445
132.06517
-53.51259
-191.42236
221.96663
140.42831
-298.32144
-352.30615
-327.9507
-277.93472
-381.38528
-597.63605
-907.3903
400.6299
-596.0604
362.03482
163.80623
512.66705
563.70404
-172.8451
307.21436
461.5921
587.4148
-389.8319
-584.2099
327.0049
-359.97467
-562.9031
-152.49814
-11.832373
-326.29407
-208.65025
-562.63654
401.38327
-226.2503
-588.70154
703.23956
837.894
230.0933
-387.91
-22.137718
18.883366
35.03294
-54.255394
238.07007
736.709
-456.64197
442.39432
219.77612
-199.51662
428.64938
811.7056
-217.94379
185.08522
-152.55388
-181.8765
-807.6865
737.2226
-103.67695
-174.29243
339.4121
697.90485
26.148754
-20.39721
318.44366
-80.49386
-224.813
-482.4363
88.32792
62.370075
681.5178
-25.018745
375.16483
112.30817
-352.02325
-184.54941
-515.5099
-260.1349
475.2694
-610.0317
14.856283
-348.21243
114.41539
629.98535
-34.596874
-82.646454
-84.46096
20.875198
-82.489655
497.95508
595.25726
-262.68994
252.45125
-598.75494
185.92996
80.71415
790.6483
-229.43938
88.37813
280.373
-144.97871
61.503334
332.81537
388.66968
-406.17746
589.15234
-197.3253
-239.24095
-14.172632
-132.19067
418.64725
607.5001
-309.40024
-492.10556
-320.7074
573.27655
-47.927193
-132.37582
-647.2708
-352.96796
300.42038
641.5297
202.56577
-376.83212
485.21286
1101.4343
-292.75214
-124.65089
212.53023
206.59811
-579.56195
276.41196
-235.41432
-437.4392
-274.91562
59.23236
675.80804
20.885431
-160.09978
658.8788
-82.6412
-383.5543
332.6456
-124.05624
-10.344315
-4.5979257
474.4371
-114.37204
302.17865
-49.33749
-617.5117
272.76978
-240.22551
123.996284
-266.72366
-399.39117
-45.03706
-311.80362
-239.92949
80.636215
303.10562
-512.27203
574.3641
-68.34435
-175.74178
-179.17583
163.84238
482.45038
826.94147
80.24904
-413.822
313.0211
477.90994
-114.41979
-9.036322
405.94702
747.35425
101.27592
-423.90775
-601.2026
1049.3424
415.94397
-233.27669
-362.78125
252.07883
637.22656
-467.5103
595.35455
174.05882
-428.34692
55.83605
135.67268
306.27988
113.7478
-247.10555
110.514145
-691.0697
219.92657
656.563
336.42905
182.34024
-497.8807
-634.90546
287.8704
294.67572
87.82395
-259.98148
-256.57306
307.40628
-918.0304
679.4144
690.64764
-102.24108
356.85126
314.80948
-121.25008
262.91296
38.777016
-246.86818
-131.1651
574.3121
356.5504
692.76624
-168.2172
-40.63283
182.51117
315.01212
616.5708
323.0133
-202.08871
337.92685
-27.734985
-709.88684
310.85645
-690.1399
-40.22476
-889.00604
736.778
-72.45262
-191.00769
557.1788
-394.77954
-503.94736
198.30106
-121.64484
-234.83287
135.98369
264.59555
-201.67433
-94.42868
-11.6051855
600.70465
-188.33228
114.952545
254.21713
-462.24146
-8.498074
-260.7914
346.85275
183.00224
603.3695
-3.3247843
-28.296995
-43.95777
-37.344833
430.5931
1073.811
1163.0354
-54.518005
-290.67563
-375.4943
162.56602
-427.68594
59.787155
-220.92531
622.51855
-310.97473
-243.43544
-23.120617
133.5553
-407.72232
373.46207
631.90784
-149.76233
340.7783
-463.57416
483.0194
-89.03636
106.371284
-285.1016
-568.0288
-282.65878
384.84183
-1137.055
192.82944
184.54486
