-256.25397
473.71445
-51.612686
270.7909
-96.71342
-248.47513
-117.66601
503.64594
415.6944
432.78973
264.15112
-1066.9441
-205.89603
-388.23825
-252.11522
-657.83295
-143.24501
409.44675
-45.135746
638.2007
223.47147
-1085.6785
-494.324
615.52856
-557.7996
-249.60855
-68.962776
-501.45697
-455.78458
4.614705
-194.98483
-87.73164
-122.661224
1066.8992
381.12137
254.15456
213.89458
-210.88683
-90.473946
-608.5492
-526.7716
-352.7888
86.76771
-362.60364
61.800903
256.97006
251.26941
-80.53639
-139.96028
-160.62762
-397.81195
234.22005
-479.7641
346.64243
222.03804
251.94301
1261.338
-650.25323
-776.396
232.61156
-409.57538
-45.63414
571.6932
-61.441975
78.27342
539.4009
253.40013
-299.8869
845.9386
361.45767
-148.43396
326.11493
83.57936
172.37294
36.41315
-119.61823
-271.05746
-98.29144
465.1706
220.0521
-95.73265
-209.91608
-347.0012
-114.62514
-884.8881
1252.1483
-270.23312
757.7797
680.8724
134.00484
-190.79308
321.45
890.75635
-1111.5667
-727.4359
694.22546
394.18393
451.9927
424.01068
-114.99394
-376.06033
-673.3612
-240.95174
-157.14973
-668.1637
31.804317
1055.8522
549.8044
-208.66321
-75.27952
-484.97452
-33.48876
252.59242
-399.75372
225.16847
-98.51868
-36.598534
228.3691
151.46597
-1105.2152
1210.7189
349.55408
394.6498
-419.19287
-174.38867
283.2991
-729.1185
-734.5796
485.1063
-186.79433
-134.78711
80.86072
-782.27185
-35.598286
-525.58813
351.2
-64.7463
-127.338066
267.46347
-240.09909
-169.53848
-205.71373
-891.0214
-681.2156
-136.30508
359.6188
671.2251
685.9095
160.13174
-540.1054
459.8761
772.82715
141.7629
-429.68835
-192.77109
10.986998
-602.8145
-528.4546
-1221.5842
212.90755
475.552
-754.3933
62.971027
267.50085
-18.467545
616.4037
-530.05505
374.81976
163.41821
-641.08514
-253.06668
410.9849
125.00866
586.764
-424.46872
65.2983
332.47775
491.2545
481.8526
-687.7266
12.029418
135.51714
-258.92502
-204.47359
-237.19466
-339.12933
684.0944
-241.66353
-409.6972
899.3955
381.55728
-518.36206
-169.91632
968.0927
450.5083
-389.22006
281.73965
-35.040222
-323.95358
-47.05584
-341.29745
1014.04407
312.0155
201.6623
-58.072624
250.73508
-152.78772
-272.42484
-829.9859
-369.36948
482.86792
-47.096275
-370.55838
-337.9311
398.2116
910.2238
-583.9108
935.5058
-358.50488
-236.4472
127.7939
443.23657
797.96564
-1011.39246
-471.85733
331.80103
-707.24927
139.06221
263.29553
-804.3793
108.36989
343.07617
97.073715
-690.9343
460.65912
-359.94803
-94.17696
163.33307
-586.0736
-203.61958
-531.9511
434.15915
-140.1065
-169.77138
774.19604
-400.53244
-211.72672
360.80972
-1025.1226
-17.370264
-925.332
819.5348
-292.99457
333.19083
498.2226
109.97699
77.838745
-4.0406876
-458.71722
471.1446
-106.60014
-557.46643
-312.924
-99.96055
77.6135
-775.67206
-203.91519
-446.55426
-40.297474
-288.9428
-146.55182
-1131.3461
589.69037
140.76254
-72.343094
-379.57858
-254.87798
315.0879
785.4751
183.85785
209.6514
-80.0102
-143.33116
177.42139
560.0268
-281.03622
-920.5735
-645.1906
-74.7388
131.23914
255.82327
-379.8125
613.6239
605.8069
-95.23702
352.45947
365.66147
-420.16034
-0.23166144
-302.05026
-102.002846
387.1207
-739.8924
-704.07947
232.86731
80.84538
416.67752
-161.0975
-88.60922
-252.01242
-198.8483
-50.249344
-222.77892
-7.126597
-808.2378
69.5753
96.96889
-315.0204
-729.6762
-175.71008
138.55038
266.15323
-1073.0461
140.15591
-267.43045
839.7124
377.35764
-211.94685
-417.90506
766.5562
-1148.5295
-15.842483
-181.44098
1063.5175
-566.8397
595.77045
864.9774
-110.42863
243.6881
1111.302
96.20702
199.93489
-836.49414
91.70304
-487.92285
119.276085
-255.44171
769.2837
60.107315
612.42365
343.72977
31.344196
168.39186
47.334373
45.462006
-148.25845
-94.89014
-55.245193
-490.98364
-530.33374
-239.18484
-134.22249
45.41844
-323.57544
-1254.8982
407.8557
-750.5205
331.2262
-62.65672
722.1222
317.05396
-201.0344
417.68015
406.85776
927.92584
-302.66083
-345.84393
301.61163
-268.75955
-804.5138
-19.004066
-144.70593
-647.09204
-207.72745
-906.6538
183.67113
-181.51942
-528.7308
400.72232
690.21246
-20.655611
-132.46333
-328.03305
270.71405
32.59109
-137.25922
222.60251
666.15015
-456.76288
654.7131
748.76184
-570.01074
630.9167
1087.4832
-392.51
258.1792
-615.3676
-302.13904
-1118.4777
767.90875
-83.30941
6.9225564
351.14252
495.2373
91.80249
-319.62527
-42.85317
255.70241
-480.4611
-642.3516
40.91318
139.25948
667.89355
11.791906
337.6752
69.29679
-408.1882
-116.45564
-926.4754
-552.0539
747.88043
-478.55292
44.9025
-733.2296
449.2646
-3.0007496
-48.37809
79.29945
-484.07254
-249.97908
-17.61446
155.85828
709.1172
-244.17982
-26.101048
-583.8211
-141.16235
-16.80692
733.2016
-107.56078
314.9538
564.8404
-277.13425
276.27084
398.13467
312.1042
-223.65118
540.38446
-180.14018
-346.47855
-254.08084
187.4354
254.53108
701.7373
-260.4863
-541.4016
-927.6589
797.4066
332.3377
53.750908
-652.66235
-392.47797
275.98608
323.88596
341.50882
-346.81604
339.00067
1096.0516
-408.45554
-48.9358
412.43948
238.07996
-741.0605
33.090687
-65.322815
-705.4631
-466.70096
501.51202
964.2432
116.38176
-83.26396
966.6398
-166.34465
-390.98688
127.402664
-678.5574
-75.69564
-83.40663
639.8916
59.615166
417.92633
-313.86475
-824.6995
174.81105
-169.94301
319.57883
-301.71448
-41.001568
-361.385
-4.1796255
-237.59717
250.00851
-5.4049797
-854.4625
56.81359
-132.1748
397.41666
287.95123
471.7885
646.753
816.3472
338.86658
-383.29654
78.85112
840.3254
-142.03712
-159.36406
364.49777
1004.18896
187.8636
-745.1896
-65.58092
1263.8127
493.28424
-47.683563
-0.9795934
164.87224
719.489
-872.54767
570.79803
-298.90222
-387.63904
-396.2879
-402.8694
102.82551
576.2307
-146.14516
-262.82504
-666.9841
283.78812
409.14893
513.3068
-30.615913
-129.18187
-974.3511
143.43999
14.293806
-365.5584
-277.72122
-196.40009
583.59546
-1406.6908
884.10565
636.9955
-127.46398
145.39857
633.61426
-181.84593
611.67755
15.45948
-383.77325
73.411
704.2358
695.0904
672.2032
255.28304
-109.16433
234.11922
89.22843
761.6083
608.88727
-391.0422
1044.2217
54.72812
-951.3097
84.33905
-829.4283
-601.98193
-1244.2886
571.2464
-317.2717
-15.026568
699.14636
-96.56054
-961.53357
405.39807
-155.33488
-627.95654
72.55939
506.2102
-195.65996
-143.48955
183.62515
1044.5497
-837.91833
106.83291
306.083
-214.115
-86.52693
-388.90424
422.33984
252.84285
868.5907
117.39416
-122.35206
-49.20715
-19.708689
219.99469
989.7088
1111.2045
-354.2777
-388.4254
-74.38977
218.75691
-721.91754
157.11757
-486.70825
860.53015
-363.094
-698.0235
176.38188
-424.34897
-403.3034
705.40753
681.4453
-449.72733
219.1751
-554.90857
731.4342
270.78162
-77.68597
60.036655
-750.90497
-209.36182
289.87488
-1148.448
343.66507
348.7903
