161.96013
815.489
40.689137
238.90561
999.58075
785.6104
-90.80129
820.9326
68.26271
-277.4458
-31.690187
-1503.7285
-439.31204
-694.7932
-380.6264
-1212.5981
-240.83229
1194.6669
-91.98423
1404.9167
-114.04838
-1569.7599
92.26383
417.14764
-363.1443
-598.8493
-397.72165
127.50011
-455.13464
60.4429
104.79997
-464.58887
-34.69286
1481.7211
805.1511
749.27637
230.37949
-55.579082
-140.23668
20.061752
-644.78235
-748.4737
-103.476746
686.4801
246.37596
-554.64374
309.9989
-851.4644
-939.0409
123.1885
-8.06088
397.75916
82.72088
-421.82028
1405.0372
464.9034
1961.2655
-863.0475
-4.424236
-22.896252
-172.80547
72.87412
247.80475
-431.69815
-567.1255
473.15887
-616.1082
288.69046
1539.6238
-209.18083
-496.0495
376.61786
-238.14012
81.683
-90.80074
-1262.5968
-771.00653
-997.0195
-47.068
281.22537
-170.49268
-756.7094
-953.6346
-1128.9856
-511.91458
1308.1178
-975.9268
1051.6136
1477.294
750.2073
-787.14856
552.1337
1175.3328
-327.98105
279.19586
-283.481
795.9856
1255.421
910.39636
63.784237
-899.7182
-221.52654
-1193.4282
-743.58545
-1435.7562
-125.151054
297.57886
983.0223
-114.11675
-524.55804
-777.9812
236.09578
377.03955
331.01834
914.4731
-161.52887
215.26804
494.52167
-264.6859
-1345.9182
726.3805
307.22028
37.377556
-161.85593
374.97626
568.7856
-464.448
-605.49603
941.8391
-170.54706
81.51997
213.67966
-738.5209
-508.49423
-25.004496
-83.01283
-459.20013
286.19156
566.3215
-170.42014
-79.47487
261.5271
-1927.2402
-1320.9094
-467.8377
1050.3198
68.53462
1065.8734
-59.37436
-534.8774
592.19
582.2143
-70.997536
-325.58426
243.72357
-32.12225
-610.23376
251.03493
-2418.1057
498.06848
1206.3148
-1308.95
115.03806
-300.50772
1669.988
552.4626
-654.1885
46.736626
343.598
-1295.3401
-633.0476
12.196563
-107.79574
794.8248
586.31793
526.0149
-107.03229
1084.0809
513.01355
-1085.1619
26.7377
631.7011
-18.22102
-500.10406
-178.74551
-669.33057
1252.7643
-513.30164
-905.0334
1133.4253
106.95318
-1375.5786
231.45924
1274.3569
642.06305
-589.994
590.89276
-429.9855
22.215347
-99.18501
-316.64087
1399.688
269.80853
622.3092
-293.16452
60.575127
230.80411
-554.4731
-1835.6923
-937.201
112.93617
-495.86423
-945.04144
-974.299
981.9084
2146.5107
-450.27362
1447.8123
-202.86879
-242.79494
-264.94916
171.52794
506.02023
-725.9289
-660.50775
1254.2272
-189.2273
182.60196
887.7184
-346.97437
-294.0823
753.3439
-247.4743
226.50827
657.8117
-1163.5405
-792.68494
837.1525
-1176.9954
-408.7128
99.253136
486.18994
981.26575
-402.7742
829.7139
-142.54593
-386.46268
-200.45993
-1223.8729
13.254582
-640.88007
1413.7913
526.7378
903.9157
563.35376
331.88492
946.37244
-556.0919
-673.47186
873.4658
348.749
-678.3882
86.302216
417.0458
-905.4108
-773.7479
-222.51297
-36.244385
-454.53656
-821.3825
-86.043274
-539.409
187.50052
-1164.487
411.90598
-395.2561
-466.52472
270.25632
1283.884
922.3242
61.01268
71.691376
479.6449
684.73596
1224.7615
-575.3879
-1218.7521
-692.54266
740.2518
-21.976318
701.2922
46.493114
-51.073307
505.40018
-626.3765
-204.29538
208.33476
-553.287
188.53072
-386.8
-358.63327
-194.65094
-176.9916
-899.7897
-352.0344
-555.5183
419.73965
-344.54276
-903.24365
-231.33755
-616.3062
-889.64496
-163.07172
52.802414
-776.35284
423.64288
-889.9947
-1053.709
-705.14124
274.33215
-633.7082
83.4215
-353.5507
50.793755
-95.361244
702.5442
1013.72626
-867.516
-91.58003
-124.57769
-373.01666
112.154
-38.747097
638.71075
-959.5456
1026.443
907.1296
-513.10126
780.2378
769.3012
483.00372
-49.81421
-946.0316
69.178474
-778.10016
513.2422
99.09492
1348.7118
283.40903
1057.5162
-386.2707
587.89844
247.13475
-248.36656
98.041
-693.07605
277.26407
-196.65944
-636.10754
42.0581
616.2995
-428.7655
124.53031
-682.6366
-865.2499
334.3685
-661.62286
-126.850075
-259.80972
883.43384
274.72632
-620.0347
195.64731
251.89598
762.3389
-726.6131
694.8948
1310.447
91.09167
-1105.8046
-89.52841
-768.58997
-588.04236
235.76479
-1035.1918
589.556
-87.56742
-1032.2009
523.42474
132.06453
-222.3451
-717.086
-571.6988
224.78105
469.20908
-86.356476
383.0848
378.27448
-954.6986
599.0004
780.92
-1187.8048
461.49966
670.24286
-142.58286
-277.4484
-464.60846
-344.78122
-2575.3594
1365.5402
754.3007
-286.5832
481.25247
323.63583
728.3963
-805.02466
-485.227
178.44876
85.41136
-758.6641
225.29788
352.886
923.5478
414.49255
961.5417
66.84855
122.209564
-380.84103
-862.7524
-681.3042
1042.8134
-588.70746
-26.858639
-656.6173
157.1479
560.9595
-597.44293
-119.1221
-771.0919
45.10476
-336.4865
705.4753
341.1944
-291.89108
143.05005
-392.07858
-1155.2295
54.73709
361.20102
-423.9312
-457.4517
1121.2542
149.97263
85.61811
1099.6649
19.151009
-624.15735
496.0249
81.00506
-231.27826
376.76834
44.42369
71.94883
427.77667
676.35266
188.30812
-1659.8846
717.5429
-340.3734
374.9132
-568.2338
137.30312
123.82385
206.39641
978.2095
-784.271
488.5112
1059.3624
-1063.6893
-967.64716
849.1428
744.3604
-1020.8167
-25.419867
77.10048
-845.4504
-1079.3408
920.084
1922.307
619.8232
-158.61754
898.87726
110.76039
377.33337
299.59164
585.5118
319.42365
-305.4165
577.54913
254.73116
506.3324
-870.44867
-1111.8042
362.50302
-622.9319
362.95612
-135.2567
-139.6849
-926.1573
420.21222
-545.6351
-464.51532
-348.61353
-1209.3824
686.0704
-653.54614
485.08118
-94.65049
751.1327
241.491
926.2527
431.8214
-716.895
-156.41974
325.96317
-756.1091
-27.044239
1080.6393
1253.2668
506.10913
-1125.3112
727.3643
1753.0751
356.41132
91.43963
-86.431206
355.8765
604.5981
-536.01874
1347.6464
-249.99818
-778.5971
642.7097
-834.0528
510.7169
1440.5735
-478.7401
-681.12885
-985.8986
353.27487
467.05063
339.25067
255.66159
-256.38406
-1104.4663
-464.31653
457.988
516.3684
-427.61032
-60.541893
1237.8855
-1249.7368
566.8287
859.3344
-822.4786
541.1602
409.0687
-792.8984
347.73846
-391.79483
43.447117
1317.824
623.86304
655.2215
142.20543
336.04886
594.3303
-64.30729
-200.03656
806.8455
511.83057
-146.1751
1191.8152
115.40735
-1480.2776
-760.54675
-1517.343
-742.07367
-2329.6716
538.02075
319.73215
-23.461052
384.33456
-50.862804
-580.7819
968.1457
-750.8366
-1591.8557
-136.78748
164.81677
240.7967
-96.61425
-894.14557
871.1565
-727.89813
74.38066
924.70544
-1111.7067
-290.92282
-490.83292
992.4541
-20.024855
721.9455
356.3395
-330.90002
-449.04437
210.62656
613.8896
991.44946
1000.50867
-62.95381
-304.40976
589.4949
-113.90369
-1335.6685
509.74945
-742.01025
463.5291
105.91109
-1034.002
-1081.0892
-1348.4894
-232.66637
873.70966
1050.9254
-482.2798
411.88593
-596.4699
1038.0253
301.73044
8.086677
-189.18587
-744.8031
431.55673
986.93134
-1791.0625
500.17438
51.867832
