434.29437
1096.8551
243.8788
728.25073
1335.3976
1010.7416
-579.1135
725.8513
202.54771
-267.79974
-108.13035
-1815.9299
-789.5532
-845.40497
-522.9587
-913.83014
24.346884
766.1957
192.32559
1520.2832
-17.64268
-1683.0049
-561.4409
-117.45214
-545.6992
-554.86005
-816.5069
189.11621
-646.5877
767.1103
145.41353
-300.73364
464.13354
1769.0745
629.29694
808.38324
-3.8739064
-408.50183
-68.03066
-118.83112
-791.6144
-716.02313
-746.1783
834.1551
285.3547
-346.72928
128.82782
-1045.4755
-996.7469
450.68857
-64.51961
379.10104
34.91023
-885.0674
1048.7772
376.3005
2053.732
-668.2781
435.8596
194.67595
-113.02672
41.58716
344.37875
-150.10469
-387.04453
77.46668
45.281464
209.28189
1819.2174
-197.24747
-691.0248
646.6963
-96.78597
-352.30994
37.17267
-1666.3237
-503.21976
-1432.0978
-24.90854
518.06366
-95.10263
-634.7851
-590.6815
-1154.1711
-519.6276
1853.8446
-1168.0839
921.83435
1170.1869
385.31427
-888.0728
329.32874
771.45764
10.408645
91.70275
-202.18794
903.7578
1260.4242
697.7422
62.266975
-969.636
-320.29346
-1078.7754
-426.333
-1334.1675
-146.60439
-6.90168
1034.316
-33.86102
-730.7748
-493.73712
784.888
391.40903
-167.10027
1477.6274
-158.99774
-115.46238
586.5217
93.86855
-1433.3422
315.37607
387.51505
4.960476
104.39357
183.52501
732.5789
-548.10065
-547.02124
895.72125
-297.95615
-178.33966
-23.373137
-327.91708
-1065.6497
-70.43233
-167.80748
-333.62262
487.51038
686.7688
270.9719
-698.871
18.041853
-1880.9563
-1584.0607
-650.7593
1549.1254
289.89786
1359.298
119.317635
-393.24768
290.76495
999.1927
172.69272
-195.0706
170.83302
-35.42867
-872.67883
-106.44732
-2245.8857
373.70996
755.1497
-1052.1525
-59.186302
-271.0352
1827.3715
484.54202
-541.99945
-129.28647
514.8232
-1064.5718
-656.13434
-148.3966
-137.33655
743.4072
450.30692
579.9501
-175.48524
537.3604
235.86958
-871.4462
142.68517
527.2974
272.12466
-223.39317
-155.12857
-810.19116
1307.9396
-374.21155
-1206.7806
680.15765
-98.54246
-964.0685
452.96088
1178.6703
636.88007
-650.61255
883.57227
-344.32162
561.59796
45.780163
-554.8469
854.67725
139.95226
901.6437
-152.68741
237.77495
293.431
-825.826
-1993.6163
-606.30176
-0.34663403
-486.71283
-1021.0647
-1358.5211
708.42737
2210.797
-493.3579
1570.7312
-265.91653
-506.7491
-87.21437
169.51547
301.39908
-950.7668
-436.29825
1004.87744
84.78437
515.609
1190.4321
-255.55449
-344.84344
943.92645
-84.57397
161.48515
536.79443
-1102.9194
-989.2144
875.8171
-1131.6436
-189.0707
343.5038
793.2962
1087.7174
-326.2078
1124.3745
-17.024601
-335.61166
-592.55896
-1388.0618
-587.9536
-923.0102
1606.2759
689.02374
1266.7028
142.47302
374.23053
753.8642
-290.7404
-818.0336
1040.3567
168.18445
-461.02408
556.1988
343.4157
-732.2135
-957.3831
-268.18738
146.07507
-54.363976
-1085.1134
187.41093
-797.2182
170.51309
-1200.4113
380.30057
-255.47433
-475.78308
728.6392
1190.9877
829.6919
33.424175
-58.780205
625.2018
831.5778
1500.6393
-585.4629
-1184.4376
-1046.884
956.2292
76.61441
603.2055
-141.7201
-212.99721
656.2774
-644.086
-132.3775
-23.134615
-793.8064
-51.353672
-771.68097
-413.7685
-526.2475
-402.6723
-809.4419
-710.2803
-203.87958
265.7366
-733.1337
-894.94476
433.16962
-691.7745
-1197.6674
-343.36792
220.37859
-781.8891
469.99863
-937.19147
-1026.8163
-721.7393
467.1537
-633.69226
-75.63038
-680.12317
-295.52914
95.70018
837.91626
1058.0076
-1005.84265
250.71161
-236.42365
-259.67392
-15.835768
-75.776085
467.30362
-950.2147
746.41925
817.7517
-501.67194
532.93097
741.2431
373.95068
-42.02783
-865.0591
-269.0259
-393.08353
834.388
52.703434
1670.1458
538.20123
725.0213
-103.42117
259.43317
155.42726
288.18765
263.10635
-782.113
355.99142
1.6118397
-514.648
25.84766
765.6467
-144.09302
204.12651
-969.7481
-929.8669
441.67764
-666.12463
-206.59564
-7.5634327
1773.6421
596.54376
-1132.1171
-93.470055
284.6297
308.58405
-424.63132
764.03864
1109.5109
12.259356
-1170.6898
240.3828
-377.68866
-645.4996
458.6626
-896.8038
110.08682
-303.5222
-1184.2601
325.27554
294.21878
-532.1804
-813.4541
-748.6594
243.72404
496.88907
515.84454
543.6704
779.2546
-730.6871
288.83362
958.63477
-1477.3989
476.72336
1220.2532
-701.3616
-180.9915
-862.1176
-262.7004
-2676.4368
746.7468
883.5282
-393.43658
1104.973
109.17789
499.71997
-810.15936
-817.3471
483.5235
180.0983
-790.1764
653.3297
909.5857
656.71906
122.679115
651.15173
1.0773048
374.34158
-156.35657
-723.62036
-820.5381
1065.5792
-598.02795
287.40515
-300.2108
-51.3329
561.4087
-274.78253
-89.401955
-784.64636
584.46985
-423.39642
745.1688
287.25327
-140.9662
44.525562
-647.68726
-1423.3359
-13.447662
639.1284
-453.3136
-535.3396
1086.8639
498.83
426.2583
1085.2755
82.25738
-345.69046
259.55582
-249.79832
371.6466
88.9939
4.6370897
423.04977
190.04866
821.7557
194.01205
-2218.0093
855.30725
-275.99512
511.70303
-712.14935
398.39896
252.92108
56.203323
1188.1844
-885.4995
462.01462
1378.1246
-899.9344
-1052.2539
557.7681
819.2562
-1133.7179
-290.50247
239.70406
-849.84875
-742.2518
1538.09
2065.1746
1087.7809
-62.573368
1147.363
126.426384
26.592756
527.69055
756.382
269.5246
-563.2913
189.68518
386.57687
133.15797
-1061.3973
-1061.1927
370.8042
-545.1088
44.44976
155.26318
-238.2917
-1253.5243
1167.3027
-566.49304
-686.755
-251.02686
-944.6653
1074.6158
-399.6504
757.4882
67.5717
620.8898
296.419
649.09845
393.87372
-1094.2019
-280.36823
-217.03926
-598.9543
123.10443
1378.2708
1683.0308
1053.3204
-1093.7347
304.62488
2032.2664
473.00998
340.0801
-506.4414
721.44586
447.54813
-579.9122
1213.7991
24.720001
-889.8278
197.51337
-1016.75305
680.33496
1471.4922
-575.3453
-359.20325
-1271.3375
93.63776
719.18726
163.38162
62.03717
-297.05664
-1192.0509
-427.2383
298.2355
750.32153
-783.4202
-272.8811
1353.9427
-1560.1807
951.7893
1176.3969
-472.52383
650.79877
588.34644
-1072.4415
538.80896
-250.88733
-420.77856
1482.0161
875.8232
169.99477
-142.51727
57.748974
1072.8888
-588.9981
-603.2497
837.913
279.16406
-227.19305
1295.4543
-66.34825
-1404.3671
-604.147
-1421.83
-747.7777
-1610.1378
687.25684
315.92618
497.40408
-87.75472
-262.1938
-486.87366
1321.0928
-1073.5149
-1976.1975
-355.735
174.64026
262.91394
-153.5711
-938.77515
977.4082
-672.65674
104.398415
755.9612
-933.50903
-248.81488
-297.12103
931.9303
557.4019
971.64813
214.72105
-370.0329
61.69257
-192.84663
747.0057
730.1965
1088.622
-339.71576
-445.75427
422.11267
163.1338
-910.8521
1117.3638
-612.9943
366.34073
102.56649
-819.7905
-1075.2305
-1530.9692
-314.58322
630.58606
709.59503
-1136.7158
205.80373
-896.76105
967.85364
333.7243
-518.2901
310.79208
-1116.4319
270.0115
475.64062
-2001.7614
296.02106
-124.580475
