-743.321
512.86505
908.08185
175.42046
1267.3027
1126.4603
-972.8937
887.5343
-182.89404
430.56848
-858.9415
-1268.3887
-1242.8246
-1099.9369
-614.7308
-1937.0588
-1536.8524
489.55872
-156.21292
2299.3284
-472.7508
-902.54553
-374.69586
-121.8639
-1331.9224
-159.44414
-924.0298
-463.1527
-1428.9899
42.79165
664.7696
308.30203
1053.7296
2098.7168
1940.0923
1144.1235
-408.66382
-428.44098
-123.68711
-497.53586
-624.25464
-1059.8927
-519.4634
527.0041
897.8414
-231.01878
64.12995
-831.05536
-947.55695
697.91626
466.44772
66.91119
-191.46085
-1448.9785
1737.0331
-653.8582
2151.0032
-71.160065
819.14545
-480.77142
-133.7927
110.543625
301.8437
-991.7221
-15.327055
719.71204
-418.9989
451.80508
1542.1879
172.21146
-1221.3236
-299.5373
345.161
164.91588
438.79495
-1354.1265
-35.394672
-1212.3655
-212.19847
704.5475
-181.38092
-713.2687
-752.5745
-719.8157
-299.9436
2441.6091
-1208.8423
1157.6947
1375.2179
575.4734
-16.194021
372.66974
1016.8504
640.8877
-738.53394
26.664402
1710.8693
941.1633
695.7264
435.58017
-1011.8325
578.5702
-922.7088
-236.47362
-638.6348
13.935036
-67.58845
1402.8728
-54.293076
-928.48883
-1151.9999
1326.6459
103.982735
-595.72437
1075.3812
-132.83244
-309.54156
382.8624
-600.1748
-1792.3315
236.47383
684.9947
-331.94553
90.85666
-389.90805
644.2957
-571.60364
-784.5715
866.0269
-919.9644
-293.9007
-119.25112
-285.73776
-666.60724
-396.90616
-1024.9509
-80.34937
795.55206
586.248
857.8257
-564.8008
130.23401
-1502.4644
-1459.41
-253.40414
748.8845
-144.91125
1523.5165
-113.08324
-304.48364
853.43256
1366.6263
-300.10385
173.37605
283.98694
-829.53284
-809.39856
-572.6341
-2535.481
532.2808
633.595
-1544.235
238.83241
455.24823
1579.022
1020.1165
179.49496
66.20151
1109.0336
-1953.8667
-126.00615
-934.3552
-322.58798
913.5901
697.2944
115.10276
71.07104
574.00055
500.45145
-1323.3058
-150.83173
787.196
-309.77292
-802.11774
-457.91547
-274.6321
1202.3003
25.34259
-1140.792
212.24152
208.58397
-907.04614
-16.837818
686.20044
-159.93958
-903.8859
1132.8519
-226.21478
507.02747
576.9961
-362.412
1979.7704
290.57037
1279.2435
-104.420204
531.6727
926.4591
-370.22705
-1487.1068
-298.45197
-196.01686
532.98413
-345.20306
-1914.8468
512.2103
2516.7666
-357.32745
1226.1461
-187.70232
-131.37848
-479.7117
296.8569
918.3657
-560.53674
-225.30391
325.96582
649.69226
158.3572
480.41956
-556.8705
-330.62775
787.2245
-26.67895
433.83917
871.7985
-1519.0668
-1926.9283
1531.7357
-503.96017
-642.1487
-49.706196
503.25162
875.8243
-435.11578
1454.2983
-226.47073
-308.9958
-1055.4081
-1631.052
-1254.041
-1111.361
1658.993
-30.761967
993.39166
-605.82513
360.5189
861.6748
210.58894
-388.0395
396.6702
280.56857
-447.81778
437.0598
966.0081
-178.41455
-798.32684
-148.75563
56.401516
1043.2133
-1629.1815
244.69792
-1498.5328
-566.91003
-1360.4679
303.67975
78.956474
-1098.7638
1220.6792
1028.0529
1188.868
-240.07661
136.53253
469.13556
878.6532
1252.691
-1602.6038
-1363.341
-713.96405
1717.4282
-426.12918
-375.39175
289.07675
-942.8482
111.63059
-1030.0883
337.50665
562.2675
-439.19205
-1017.57605
-405.84848
-467.57224
-1145.9683
493.10712
-996.559
-731.3315
-228.7859
610.2963
-106.77819
-1531.3016
266.9677
-334.64404
-1497.6084
52.477207
326.08466
-1039.5825
1917.9358
-1027.3442
-391.52396
-915.44086
1013.5875
-24.410248
30.394201
-1426.856
-719.8969
125.90881
979.4118
1407.4753
-679.58264
552.9701
-53.05507
893.72424
255.24052
-505.52512
590.9116
-1704.3336
749.2394
1200.2708
-47.156857
920.90546
-13.345121
253.07492
742.9294
-451.64035
-446.55692
-882.76276
91.97988
-215.12546
2494.5398
-299.76
-35.285294
378.9864
283.98352
-846.21454
988.9074
46.229633
-1070.1251
468.6848
-294.92432
135.73291
496.91837
1005.4172
643.81726
527.1419
-822.6816
-585.3589
272.5287
-1007.24066
-3.013348
354.86902
1501.4349
839.3114
-927.61176
-138.82877
888.71857
-545.5098
-396.17993
569.10443
1201.1539
-317.603
-1550.6382
-388.5247
-479.92252
-902.0279
1375.7366
-1005.14685
235.75098
232.615
-1695.9648
1063.7089
576.10834
-1308.6237
-1298.6998
-895.9093
249.675
-16.0361
393.86893
405.8277
1078.9014
-678.0984
-83.2941
631.43823
-1378.1285
804.4413
1677.5817
-514.97064
-331.488
-588.2985
-41.407047
-2870.5757
1667.7838
598.58636
-969.79205
1531.1096
307.39398
926.4517
-774.0204
-595.9148
1307.0966
605.9713
-823.81134
527.545
1278.236
153.98175
79.99269
256.55328
-517.17896
314.31128
-94.726105
-1369.1598
-1471.7487
1560.277
-10.345678
707.0416
-553.303
-636.188
222.24707
-119.717255
-18.807579
-1801.5242
-166.49188
-517.90204
1422.9225
-16.520185
-506.21585
-957.216
-1174.8774
-1859.8408
290.65762
601.5204
-1276.7789
-1303.5941
1268.2294
484.9885
372.65918
1408.5193
410.69827
228.86365
1111.5967
-775.7999
52.479485
-324.9286
-915.9015
418.52344
83.41127
1525.1028
-112.412056
-1798.8352
1554.998
-372.40967
-47.372383
-24.532148
287.22693
641.68695
276.59708
1564.2214
-711.18555
738.07324
2096.1724
-1180.0051
-649.4488
497.4616
568.3434
-1352.9746
166.57545
-353.36734
-659.0998
-747.6676
1341.141
1833.1267
1138.3632
495.6404
1639.0284
-21.605913
-431.35565
689.942
1033.3655
97.849754
-171.79893
430.8462
136.61308
-135.09993
-627.8185
-434.7198
957.15607
-49.630383
-1.9314497
87.343124
-418.95493
-1162.149
1775.1425
-971.73517
-935.6099
-563.83575
-275.22424
1580.306
594.93665
880.06647
-189.07228
832.6086
625.58344
546.3509
991.13257
-419.81995
-478.4179
483.83466
-575.6564
61.328125
1450.555
1167.7911
1845.7081
-1494.0474
787.7355
2307.8943
459.4989
-557.79456
-632.9839
290.3394
807.504
-920.938
1885.9073
677.078
-1330.3163
-34.81437
-1799.066
1112.8257
1731.0992
-1405.2793
114.61111
-1190.7239
-471.90088
501.69556
-166.10992
-76.44522
-820.33875
-819.3551
131.55345
179.083
1019.9336
-959.551
-1082.1727
1112.0195
-2242.8455
900.01166
1198.4634
-669.81757
505.8767
255.10086
-360.09875
903.18665
-205.03244
-110.370964
1011.02203
1425.1917
-470.96854
-351.67804
-151.49463
750.9969
-401.2376
-662.1263
1160.976
57.25135
-478.60828
1457.9413
-99.20574
-1295.6487
-799.43207
-1613.2368
-689.3248
-1690.2299
306.17783
250.59824
370.24008
302.16077
-603.63605
-1179.1915
1247.2079
-772.399
-1986.8202
-149.46606
-332.7504
1236.2557
630.27985
-169.17787
735.59326
-666.4747
508.33185
125.810326
-904.2285
-117.84563
260.0225
482.6361
-74.100685
499.44077
552.02325
-320.10712
-399.60077
22.165243
220.31155
804.95123
856.16815
-569.53406
-560.4511
549.57715
814.6454
-834.08435
702.34174
-1104.2986
484.75302
832.73883
-1073.7833
-147.59761
-2054.9788
-679.1379
656.69403
982.9763
-1195.6969
224.56215
-847.9414
1356.7904
18.948217
-789.49084
445.31284
-911.0969
389.6114
1224.5914
-2835.2534
742.6329
459.05466
