419.6972
1051.5162
-75.6124
676.46704
1230.2413
1075.1088
-573.0882
626.1689
67.70808
-276.54684
-94.1541
-1736.4259
-759.8525
-1005.40295
-305.00156
-927.9646
-19.584929
742.87445
324.17932
1774.3783
-105.72032
-1668.6111
-667.3395
-58.570564
-439.5673
-432.67838
-929.3293
136.86292
-622.56696
858.8123
345.90497
-422.69855
379.98877
1787.8789
770.7354
1047.3987
70.206
-563.23663
-217.64636
-84.20438
-628.95264
-737.63696
-805.4275
702.2051
245.17267
-258.03244
-41.986877
-1029.9586
-1154.5432
515.9705
-165.42392
444.3719
-14.351555
-1096.7373
1098.2306
474.89737
1899.263
-513.69794
460.52524
196.37804
-183.86887
-83.29025
393.11087
-137.36218
-362.4377
137.67111
-149.38846
252.09604
1818.6005
-174.87433
-718.78564
620.9307
47.46111
-288.63434
-11.496339
-1691.2714
-562.97797
-1419.6637
-259.66153
615.40314
-214.03516
-610.6126
-662.1432
-1192.2988
-460.19113
1807.8331
-1288.0167
926.6544
1177.6536
574.31757
-832.22003
296.9126
758.13214
14.296414
-67.88299
-134.8552
1060.7728
1257.3508
626.5913
86.375755
-918.47955
-195.67621
-1072.1571
-405.90427
-1154.446
-82.56537
49.479416
1059.4711
-117.5929
-644.86005
-540.2996
888.19836
326.31686
-169.162
1501.6023
-100.495964
-117.23324
525.893
102.306274
-1653.509
203.32288
435.54572
34.058712
163.92377
187.17409
756.42554
-587.0768
-564.06244
778.50366
-263.14215
-223.46147
-98.49442
-487.1604
-951.5232
-153.62741
-218.29921
-198.27357
668.2421
765.67194
386.12064
-593.4022
98.00224
-1786.4324
-1564.8228
-684.7968
1554.5502
216.12074
1304.1118
10.789722
-472.8506
573.36786
870.4926
248.42542
-133.16116
138.5201
-151.39972
-788.19995
6.7644753
-2295.4666
516.283
856.6395
-1144.8523
-198.19667
-101.91591
1798.1567
369.9211
-347.7529
-304.0111
451.99075
-1286.1571
-551.21674
-302.4565
-235.13254
706.82086
400.60336
498.3546
-208.42253
440.0796
451.7624
-812.31195
250.03488
440.57178
350.1427
-116.87102
-112.97772
-852.4164
1169.8163
-593.5038
-1214.8062
543.64355
58.419785
-801.196
453.59805
1070.7839
690.10156
-661.00586
802.2599
-419.0845
794.30176
-45.984894
-594.80334
808.0771
154.48299
837.2897
-101.96195
186.27182
226.61586
-886.4782
-1983.729
-733.54333
153.68047
-473.53894
-846.24475
-1471.9556
732.5867
2164.0652
-465.57138
1482.2833
-213.4234
-671.40283
-7.7562823
10.398568
404.20044
-923.6949
-511.57083
1177.4069
241.26208
457.2204
1191.517
-220.16989
-397.2962
994.6672
50.90914
206.73763
566.0566
-1295.8545
-1019.91
1074.1644
-1013.3786
-145.4188
429.59204
782.89716
877.18207
-322.4185
1255.6244
54.53913
-370.9607
-872.5223
-1325.6383
-721.15717
-845.374
1645.291
694.0143
1250.8418
133.87437
460.40265
724.20544
-348.13086
-914.11224
1062.032
156.6947
-198.20024
507.48178
355.7123
-709.80334
-893.92096
-327.38867
162.23813
18.013565
-1190.5815
86.867676
-949.3623
325.71603
-1369.1313
323.68307
-156.6266
-654.3282
668.0077
1274.6089
951.3711
80.45779
239.0181
744.1861
869.7569
1655.5973
-597.9437
-1141.0524
-1165.9113
1042.9447
25.737398
489.31027
-317.74506
-179.03233
633.3754
-692.9774
-155.83627
73.371765
-840.6796
-143.52022
-648.2259
-567.65094
-675.8675
-248.30183
-791.2081
-617.6248
-75.70101
374.65915
-663.9563
-808.2583
263.80972
-601.5187
-1371.1628
-362.2532
251.00392
-803.9442
577.96747
-968.1471
-1063.5159
-879.01776
598.8359
-603.4157
-9.529691
-534.70764
-191.96608
9.672926
823.8066
999.84485
-1145.3801
260.44012
-129.40181
-167.72379
49.570034
-138.8976
438.1786
-750.31067
829.58673
817.00726
-426.83432
394.214
739.2255
374.5114
-87.77554
-784.67993
-539.51556
-497.45242
973.7628
154.84633
1676.3116
621.745
782.9139
-248.29712
381.71878
172.0242
130.11127
287.7349
-1036.2299
317.01755
-353.94635
-517.3479
29.418016
682.2125
-35.61612
276.57608
-950.642
-946.59265
415.4083
-626.9676
-154.47064
-38.265587
1516.0958
558.8587
-1191.1702
-59.256676
170.58653
332.1916
-540.3194
613.2711
1239.0498
-26.730274
-1034.2053
211.45448
-364.4171
-551.3917
626.5142
-983.72144
68.90503
-311.9013
-1109.519
346.27322
395.14542
-560.378
-856.94385
-643.62885
436.81937
308.92276
517.7039
582.484
915.7962
-655.12256
226.99934
912.1168
-1380.8895
487.76895
1208.817
-671.3462
-217.21484
-912.2792
-101.87358
-2562.4424
788.0552
1056.4222
-470.7799
1059.2449
-93.37725
589.9843
-694.75916
-831.4235
530.973
217.79092
-737.4067
558.89294
1045.762
552.9006
173.67754
701.19867
-15.963181
459.5953
1.5280117
-718.35223
-971.2928
989.9935
-659.8122
414.4781
-438.23553
-112.00211
574.52155
-180.74994
-72.71623
-809.6995
590.6737
-664.1984
905.2468
266.0418
-232.84923
-53.721127
-617.5506
-1245.809
-143.58339
783.181
-429.26892
-557.9022
1113.1649
549.75635
614.29694
1305.3022
-92.31188
-178.70326
520.7804
-119.84358
255.41107
0.311332
-131.06938
173.66537
383.47913
908.33765
193.59052
-1950.9772
850.973
-336.6162
529.82916
-602.48254
531.6095
305.75204
43.27608
1257.843
-779.89484
526.24817
1264.8047
-964.807
-1313.5608
547.4562
1018.31647
-973.8852
-164.1699
87.13466
-746.33636
-775.2203
1507.7114
2052.7917
962.4707
-106.07863
1051.7478
96.25011
-73.19812
422.0222
712.93866
157.9155
-531.231
224.7891
391.44046
229.39691
-945.8535
-954.11597
330.29013
-563.1159
210.45761
159.51051
-165.83148
-1384.4017
1394.5714
-532.90845
-858.13055
-361.97678
-928.1266
1085.273
-264.28973
528.1533
35.898914
606.20746
384.9334
585.82837
546.3359
-902.8307
-315.52402
-248.1076
-621.18256
296.13373
1345.0814
1789.9932
1030.4181
-1078.4795
405.85263
2306.457
482.71603
364.87347
-750.6692
776.81445
467.99805
-453.9874
1401.6262
100.843605
-792.55725
28.274982
-959.8853
654.2005
1440.2676
-779.0007
-270.3845
-1210.9606
341.7027
918.16876
211.64302
74.028534
-232.29738
-1158.4174
-279.4941
51.889706
740.2829
-919.1965
-305.7677
1370.8286
-1694.6693
942.24554
1200.3551
-318.9413
550.94525
583.90955
-1029.0232
449.43417
-193.24303
-330.19812
1411.7932
875.1534
-42.882217
-160.57945
48.1261
949.9647
-594.02124
-452.43558
750.9846
241.18523
9.272301
1455.4403
-121.75001
-1490.1923
-515.82526
-1436.2794
-565.7247
-1408.7059
886.3061
272.4749
418.921
-8.911848
-331.94284
-476.85617
1401.9269
-1063.9875
-1885.9941
-390.54883
189.24615
365.13647
-71.364075
-809.7434
1124.3636
-610.7236
182.3614
617.668
-956.6904
-220.32455
-394.38916
1082.8347
546.31384
845.5468
295.355
-463.01883
-28.204266
-209.19054
725.8455
713.3154
1017.63495
-479.1938
-357.70084
400.13004
46.48591
-869.81647
1242.8075
-609.24255
435.54416
126.55672
-782.4517
-931.51324
-1559.2762
-387.42242
635.8615
668.2174
-1198.3678
131.61995
-907.05884
1152.5834
389.74982
-597.3068
317.88687
-1066.9817
241.14877
490.55258
-2070.9116
323.27728
-174.51074
