-494.0836
609.19934
900.5971
385.14288
1159.6498
1018.95636
-683.33105
737.9098
-47.301105
351.75143
-612.91156
-1381.1188
-808.1068
-1053.953
-682.7946
-1462.3066
-1252.3987
553.502
-283.99252
1856.0841
-352.69272
-989.5244
-220.96454
-20.41528
-1311.674
-130.04797
-911.8571
-62.69538
-1042.5166
220.3741
677.42
119.92716
933.0169
1797.7451
1711.8586
920.06824
-62.396442
-732.40204
-92.92994
-397.0299
-791.4463
-749.2488
-560.3616
350.33823
841.13214
-537.80115
-360.37848
-967.313
-921.8751
415.14835
549.35443
10.350162
-206.7838
-1448.039
1653.1255
-453.14758
2237.6292
-102.647766
523.6207
-106.88023
-197.57506
42.485817
355.0928
-596.07074
-16.912521
216.2475
-362.95053
340.68774
1820.1736
8.955128
-749.0392
-80.75716
20.19355
-275.8227
241.82634
-1490.6748
187.60333
-1420.0619
-328.8416
745.7475
106.418625
-751.6651
-859.06354
-1050.5204
-673.8704
2318.2476
-1196.6812
1260.6433
1473.0938
978.9548
-501.99518
126.99619
987.4364
494.0894
-528.7524
-72.80773
1407.4083
1016.3615
979.7942
-66.69941
-1146.2692
636.13324
-1198.4468
-401.677
-226.22098
-24.89986
-107.23228
1284.3934
91.695305
-648.88495
-1739.298
1121.693
21.49115
-563.4639
949.1407
-276.47244
-560.0135
307.71185
-654.50275
-1884.3986
291.21515
733.17487
97.86828
54.457657
51.254436
800.5653
-644.8915
-1070.2076
1034.4594
-571.9901
-106.58255
-57.318806
-689.63464
-663.84076
-166.72124
-599.8682
-366.24344
741.13684
657.4609
731.45013
-492.67325
338.0658
-1781.6486
-1252.3163
-318.93045
1336.8527
62.18889
1327.8774
139.10385
-625.33014
750.1083
1381.3182
-236.63928
-299.07214
342.82214
-643.58734
-333.72986
-655.2317
-2507.878
608.375
687.7474
-1196.378
182.89726
229.8797
2003.8529
1034.4962
69.759094
53.271156
702.8538
-1709.0885
-246.8744
-413.0175
-439.504
1078.6274
432.0085
287.66675
-252.7468
825.3683
518.93506
-1183.451
-346.89432
645.6802
110.22247
-594.0104
-434.95978
-145.22115
1416.7712
-365.47754
-940.19586
542.1557
3.722072
-843.21875
-156.2049
952.8466
538.2925
-740.1677
878.93854
-436.5886
982.95605
243.51541
-170.94507
1612.6545
230.11923
872.10266
114.900116
965.6701
429.11487
-500.56415
-1689.7129
-461.52533
-151.55347
181.64
-686.5874
-1593.2831
706.555
1856.6405
-176.80899
1307.4667
-285.9012
-497.86328
-335.77322
105.355064
591.01544
-393.34943
-88.86029
510.18924
794.5877
110.453674
686.6474
-735.7258
-541.91797
621.369
-22.79537
616.78644
691.896
-1432.9998
-1461.0907
1396.8934
-377.78592
-379.45035
344.202
819.1973
825.73773
-166.60785
1385.0498
142.31389
-609.07495
-820.6861
-1311.3224
-1260.273
-1088.8495
1605.6188
772.3202
792.30316
-503.35208
588.51227
1241.6527
-85.54767
-798.3067
319.1395
196.07195
-492.3808
577.01
1014.1781
-448.21213
-846.26184
-75.65358
-2.9182801
1118.0009
-1452.8516
433.6123
-1439.9851
-598.9542
-1443.0675
266.2912
305.65662
-977.2574
1322.6041
1103.7925
952.1245
-122.837585
-94.583466
483.7655
1046.7888
1273.729
-1437.6716
-1510.7145
-1054.8982
1353.8688
-176.10928
-252.90446
148.60822
-823.25757
272.93817
-779.382
175.94637
42.295628
-52.300106
-866.66187
-591.9246
-679.06256
-1042.4993
356.39685
-675.2025
-573.9885
-351.444
733.06305
-590.57916
-1427.9012
136.63632
-351.59772
-1701.4144
-363.8377
397.46085
-859.14026
1760.0193
-857.0039
-670.283
-1005.6728
611.12585
-186.77756
-244.67827
-765.8153
-385.84198
157.02708
331.9465
1517.7238
-602.40137
712.70667
-110.00873
693.4622
249.82896
-208.93431
311.10492
-1541.2528
797.10864
789.0973
-288.9796
590.4317
159.46419
425.44873
637.2354
-414.6471
-721.193
-668.09424
536.00446
174.62303
2378.5486
-335.4814
305.7736
210.67215
741.18365
-617.8854
766.4778
104.78185
-741.82294
584.03906
-32.90968
-269.6499
236.9023
786.9386
635.6868
209.31886
-812.5406
-778.962
250.04214
-535.78143
428.4637
129.36577
1711.7031
864.6208
-1108.52
179.81342
1064.8059
-93.79911
-575.4822
453.01846
1215.8444
183.1952
-1582.6333
-223.78177
-219.99403
-631.49384
1116.6024
-1226.6432
413.91772
88.211975
-1183.4164
694.0545
425.88312
-1137.593
-1560.4132
-774.44977
483.57645
-177.13452
433.01605
364.1013
659.0447
-214.00624
27.695414
604.86694
-1275.6145
673.8873
1284.8647
-1049.028
-149.11316
-795.39685
-201.87714
-2689.3735
1747.4519
864.9509
-976.73956
1529.0618
119.79507
628.77716
-604.80115
-609.3305
1200.4521
674.2064
-625.7712
448.1575
1242.509
406.93335
195.36304
164.03836
-222.63869
286.09995
-32.42131
-838.40265
-1273.7158
1242.9426
-478.77322
745.3567
-537.68146
-581.52826
298.34396
-57.856094
-239.22246
-1669.9418
172.55595
-450.2767
1284.5033
-106.34593
-231.36096
-629.9768
-1074.8224
-1586.8203
287.5504
663.0666
-1345.7638
-1160.3481
1104.37
552.6914
362.72604
1461.4407
-27.289171
97.47842
1010.2035
-766.0799
64.48748
-338.87225
-742.7696
324.5467
464.39426
1422.2091
-256.42218
-2004.8094
1360.9291
-443.60226
6.548796
-450.43295
613.1115
385.84833
-8.9702425
1604.0372
-642.0189
481.40726
1981.5199
-1322.9073
-728.3525
695.8792
543.1598
-1050.952
104.87288
-281.18564
-668.3705
-753.0024
1191.7819
1722.5468
1105.0681
246.91733
1541.612
94.15162
-95.26863
649.10535
1124.401
-201.59619
-308.98633
303.6167
165.73143
-21.692047
-829.06854
-626.16516
627.39294
-197.40028
208.95667
-232.10576
-305.955
-1224.9067
1757.2582
-900.376
-776.69855
-447.60132
-666.5656
1550.0012
326.51334
614.0329
-322.11508
607.3143
690.4153
946.20764
1206.1478
-72.87858
-413.97525
443.58542
-511.99225
130.94733
1586.5446
1242.9666
1433.5325
-1279.7656
811.46924
2420.5935
185.06418
-504.1627
-69.37293
760.8502
897.13165
-688.8813
2207.8335
530.7675
-1123.4496
-34.199448
-1925.1556
1108.716
1356.2402
-952.1236
88.33921
-1057.269
-597.54126
110.3837
-90.66673
281.73672
-939.31146
-708.3409
-218.33469
-51.102623
663.59485
-877.51227
-740.6945
1666.661
-2332.4172
892.19226
1179.7325
-229.37654
416.62155
6.319965
-449.40723
826.61487
104.075836
-85.87415
1414.3677
1053.6664
81.15823
-67.26187
-279.92743
780.7705
-239.13635
-208.75
1200.4338
183.34377
-164.97493
1704.7935
-96.9314
-1620.0775
-684.2933
-1617.2548
-790.68567
-1179.9279
438.3175
-37.760723
544.9166
260.22192
-705.7005
-985.8407
1343.1477
-1111.8759
-1789.132
-578.82874
2.9988692
1109.6818
180.9088
-346.47818
739.30316
-831.2188
496.3547
5.0563145
-696.20795
122.08181
-255.0606
754.5748
-88.31055
607.0821
263.9081
-483.83218
-21.615189
-87.12374
570.89484
715.8232
820.5997
-670.1027
-212.26001
390.70258
422.3033
-883.7776
731.7227
-1254.414
502.44183
694.5521
-1251.8301
-561.1867
-2081.019
-528.6491
340.65665
934.41003
-979.6758
144.05188
-463.5551
1327.1726
248.34256
-559.9952
614.4592
-1113.2949
46.66529
832.7026
-2439.7944
652.8949
-134.54135
