-180.34526
654.60803
-36.209995
330.9193
-91.349525
82.82279
181.67987
641.3178
347.193
284.4031
325.7759
-1122.4161
-66.77972
-292.0552
-99.87345
-768.1047
-287.26492
374.72916
73.97931
493.0707
75.79854
-1049.1335
-220.85947
493.67432
-439.75098
-196.95152
-80.407135
-558.1113
-637.0426
58.91982
1.5485338
-195.34137
-275.0149
1074.2306
544.33636
473.3123
299.21622
-40.16335
-14.260227
-322.54477
-562.4792
-492.65704
-200.21794
-226.32355
182.50296
305.72723
359.04703
-49.291218
-237.15271
297.70465
-472.83215
326.86453
-267.93735
137.22922
362.70142
160.56822
1005.97266
-598.41064
-864.48315
144.51926
-205.29396
-0.527812
498.66165
-327.33246
199.40222
352.7807
276.21545
-260.79315
855.9593
187.24886
-270.5213
334.15063
249.89948
257.01062
-41.814896
-275.47098
-344.38077
-76.4343
124.13702
387.04153
-126.97576
-433.64978
-629.677
-302.43274
-923.5574
1112.5238
-668.9266
897.2257
991.6883
131.54587
-263.28882
428.29056
814.487
-1038.123
-490.8992
621.0148
351.05774
366.18256
407.27148
-131.48416
-532.27246
-643.2245
-437.6011
-13.13353
-874.1555
219.15353
1216.3073
642.18134
-199.40036
13.499749
-559.2465
67.46493
199.80052
-116.19227
435.58362
-55.34004
64.66805
359.67984
381.6576
-1203.3334
1174.5852
354.6184
473.0927
-394.4315
-188.58525
341.37866
-672.2199
-781.4776
526.0684
-221.05658
-385.73892
320.60156
-692.842
-292.86282
-653.874
292.70172
-334.2225
-66.57996
-4.6528845
-191.04506
-201.59946
-23.64792
-1036.8315
-860.6913
-379.68646
683.67456
728.2716
716.932
114.771194
-286.38953
444.29782
857.7934
13.900899
-500.62238
-26.466002
-37.70089
-543.5204
-416.78677
-1246.9763
334.00668
366.96362
-884.1831
230.92908
80.48518
159.21573
630.7091
-749.44366
491.63544
309.1428
-796.12195
-299.18625
201.7308
190.37134
413.3011
-150.43492
221.22926
270.22195
829.96796
601.56824
-923.2937
-31.719234
43.456894
-150.60028
129.6913
-215.10573
-465.4403
608.0308
-334.37885
-647.4849
1196.1731
293.22598
-529.5408
-71.79505
857.8725
351.41748
-454.44006
207.25319
-171.73222
-119.326965
-312.02985
-500.1647
937.9107
412.45074
219.03401
31.372034
118.36586
-95.76913
-202.43678
-936.9015
-392.22433
582.5772
32.646164
-552.56287
-470.27066
448.51996
1156.4043
-354.30862
909.23975
-98.44729
-545.5677
94.69016
381.5299
787.8311
-1138.5844
-488.0181
243.63724
-649.50806
171.93172
110.765396
-961.3676
61.035465
593.89307
126.23537
-542.86414
333.9326
-242.77805
-121.4988
389.04758
-597.3236
-117.24469
-430.23828
475.8401
-86.8887
-157.85153
831.155
-372.02444
-556.3412
557.2327
-1045.3934
11.320685
-812.19196
1106.13
-386.49573
408.47186
472.2506
-88.72556
254.4529
131.6758
-426.26056
562.3661
-189.04382
-527.12006
-599.6206
-338.4677
16.252422
-854.4969
-458.0296
-267.3257
-115.98489
-232.22784
-106.74029
-1346.9071
465.24283
8.624338
-71.95989
-349.3335
-274.291
394.39935
955.3415
184.05356
222.52696
64.49497
-198.20438
503.74686
539.639
-305.8223
-893.32965
-556.889
179.12794
-32.06767
361.32462
-297.58447
668.9698
523.5229
-277.77844
475.39313
507.74686
-512.58026
75.171
-639.4865
-121.383255
212.09258
-716.2828
-791.78394
14.930031
-62.246815
503.9591
-68.10694
-56.813786
-7.064286
-157.3605
-219.94635
-8.301623
2.5058389
-753.1605
27.452131
59.16303
-477.76413
-678.1671
-385.8153
-38.0234
111.96533
-1218.9347
160.62611
-239.43774
875.56714
629.69476
-20.844385
-563.406
461.93295
-1125.1023
40.010693
-197.22556
1097.746
-618.0467
404.33768
811.9862
-68.75326
234.99995
1151.0298
121.179695
102.871284
-1034.7314
275.37308
-610.53125
223.82736
-278.92325
1103.7123
25.102785
828.6545
283.88007
249.37654
236.4027
-148.96957
151.74178
-89.36429
-101.15943
161.08104
-443.4485
-266.72125
-62.38814
-50.73184
153.30011
-356.92715
-1167.326
298.20154
-800.09247
318.78647
91.0066
805.07336
73.32286
-212.5549
387.06097
80.35803
1056.5865
-456.88388
-415.81314
357.9625
-180.56319
-1046.5161
47.417175
-438.46558
-600.60205
-331.1067
-921.8161
207.64345
-295.5655
-496.45483
300.64362
907.4226
-79.27851
24.701906
-346.5929
188.00417
-2.8052392
51.688667
88.05972
733.4258
-694.43695
640.3787
581.4827
-513.95294
657.4647
959.0301
-580.21576
272.97946
-613.7948
-311.7928
-1418.9272
904.4933
-37.80967
-77.76747
515.0036
418.97354
-61.576195
-270.38373
90.04553
184.33844
-665.7181
-522.0365
-89.85844
-58.498837
662.5122
87.13053
95.69224
201.38347
-368.29257
-185.64662
-733.6349
-421.21503
754.8495
-525.2992
78.602806
-831.907
396.2268
56.476486
-173.98842
83.39367
-276.22028
-190.61438
58.82823
46.365017
684.569
-270.0593
-7.4817953
-567.63525
-123.61526
-138.21072
548.78064
-220.47856
119.09404
497.6545
-270.9337
455.84348
349.08392
347.97806
-475.37488
503.9223
-282.91785
-380.00012
-28.433498
308.78574
-74.64536
835.58545
57.915535
-400.43552
-1134.276
946.38586
213.20358
283.21912
-528.8913
-408.7704
157.10722
170.20241
531.19305
-669.6541
365.63257
1079.153
-529.8137
-238.38474
273.49994
216.34445
-863.5904
-135.20552
100.73468
-861.7369
-588.7736
615.5104
969.7012
66.486015
-179.49231
829.0741
-33.943707
-513.82086
-79.24507
-623.56006
-197.57253
-144.01543
472.4542
100.30807
396.80304
-333.3277
-823.533
365.07465
-154.87885
110.83808
-372.51303
-99.50951
-471.72485
-11.385473
-283.87897
200.66965
-33.567436
-961.2027
301.69318
-444.1873
123.47012
162.7453
459.36392
396.98526
880.4138
407.91022
-298.73343
-113.750946
673.3156
-249.02441
-375.5332
552.0019
827.6746
232.10324
-720.35486
-228.59058
1224.846
458.5403
16.738314
-19.295544
-39.689365
720.54895
-649.56287
786.6237
-85.1771
-207.45871
-354.7064
-339.82852
-17.92051
582.07104
-81.24535
-351.90106
-727.39246
271.52774
388.13376
661.5537
-104.63792
59.78848
-814.297
179.18059
-138.7999
-150.72577
-253.25974
-353.42297
777.1817
-1423.4595
818.6629
720.5054
-325.1848
7.8570976
423.03818
-192.82874
389.66928
-222.64413
-203.39824
-63.41867
613.28845
491.5847
399.15985
432.3526
-122.80495
453.3906
68.52691
740.6833
473.25266
-412.54822
1408.9972
-32.103706
-1195.438
-87.94952
-890.4576
-591.6064
-1257.2477
429.09756
-351.62756
-97.04918
524.70624
-138.91577
-1029.9042
487.3021
-373.5735
-1025.1228
-27.554342
463.31964
-464.50333
12.12919
-93.82103
1178.358
-1064.3881
90.19882
414.01538
-80.24803
-163.00668
-345.51776
559.088
241.77919
953.093
75.91324
-168.66371
-166.38878
11.413002
496.8435
1091.829
1155.2383
-296.21848
-616.58093
48.628036
-138.40764
-836.8946
151.53424
-679.384
1018.2911
-204.18866
-716.46136
-19.292713
-430.4106
-352.37302
514.262
721.0734
-377.59103
56.30401
-414.46414
767.1613
111.49223
-175.48636
-12.926159
-707.59155
-142.6732
513.51385
-1244.38
373.0624
298.99878
