-567.4748
696.0501
-124.52519
330.9732
672.044
229.7754
-184.19669
423.48013
-43.385643
-222.44173
7.3551435
-1494.6298
-123.11854
-459.06464
-248.84204
-982.59174
-127.761765
913.5833
-46.27039
1079.2797
-93.96117
-1355.9586
-53.324566
-62.86868
-357.68524
-265.51953
-9.494278
-166.87758
-668.8529
230.14474
-229.73482
-403.02823
75.959564
1332.9084
677.7551
858.1856
550.6312
-59.64056
-345.82632
-185.62737
-645.814
-605.843
-257.48737
-355.33075
519.1735
70.42489
461.1453
-538.8921
-724.1606
348.84924
-110.80568
479.9777
-70.46914
-279.86633
851.579
258.9336
1827.1198
-790.91235
-136.66736
-295.5119
-189.03735
307.34048
153.61925
-80.2132
-285.8203
1.9019983
-377.1689
-3.1020365
1474.6575
-87.35452
-188.36032
-4.7232194
-323.217
183.57616
266.29294
-677.05255
-405.45126
-605.17706
191.7289
465.6314
108.255325
-325.18692
-923.7487
-764.8938
-877.3532
919.2844
-994.4566
916.5821
1122.3912
570.61127
-555.55817
510.67264
1263.2933
-424.55515
315.17828
-34.421272
580.4733
826.0548
614.34753
590.68933
-836.1627
-440.30743
-776.61346
-374.6532
-1278.7743
86.327675
1086.499
1322.5841
-92.48708
-403.9391
-746.19525
100.92918
356.1049
217.5536
854.2653
265.5027
553.9335
346.30844
224.05504
-1351.7065
981.5837
-44.96892
92.05978
-347.66623
138.22122
304.2939
-788.6129
-504.46436
884.9239
-290.01492
-63.36026
452.73175
-895.6241
150.6272
-404.85788
-26.025505
-294.83444
121.31798
464.88705
-60.116524
-183.51694
-23.39487
-1681.0166
-1117.6338
-718.9359
1141.6196
158.98747
698.2865
325.24854
-435.45828
780.8923
469.61978
-261.3179
-412.52518
174.38715
119.238106
-634.0814
343.34232
-1770.9271
273.50296
889.6691
-1152.2946
66.8815
-313.61005
795.2939
670.1962
-762.27344
248.92532
478.16022
-1321.9
-310.24713
129.36546
-109.645
544.4761
560.80585
231.23793
-178.77426
1023.1087
174.94714
-918.34186
423.0035
316.90588
-562.8488
-273.6309
11.925399
-1123.5995
938.59186
-439.37268
-1012.40094
1392.1849
173.80034
-1134.829
259.4374
1390.363
532.09344
-497.3593
150.17932
-324.73074
-111.53889
-649.2895
13.7572565
1336.9592
352.89706
312.2674
-157.08095
56.39554
108.4341
-332.13174
-1231.1003
-553.40894
76.18242
-176.45227
-1045.3616
-380.73938
1185.0568
1747.6405
-637.6522
1337.0011
-104.436646
-119.65195
-98.72475
44.88366
352.70547
-1117.6292
-833.76385
1095.6578
-381.26532
340.94553
1232.7253
-382.19107
-523.6529
1073.8424
-415.86923
-52.670654
106.43991
-695.52057
-231.60857
352.69064
-897.93304
-316.42703
-322.44598
566.1309
691.86237
-507.75888
924.17194
-735.65967
-572.1749
-82.96466
-1342.2946
61.609905
-670.49524
1377.5247
251.42259
711.2574
131.0796
-34.884357
517.88684
-230.39789
-243.75745
587.9519
473.05075
-480.25818
-36.786285
184.07094
-753.0974
-408.16803
-289.40622
70.18379
-329.5883
-707.7831
-154.1251
-1168.4678
531.56213
-638.1212
44.6529
-112.2672
-378.92285
575.5089
1061.0089
480.4231
15.483473
398.7732
827.6579
260.79453
817.66797
-259.57462
-1332.7976
-1031.7423
609.83844
-253.95337
680.75684
52.73901
-236.00575
567.26843
-460.4579
-225.77328
591.6536
-491.84882
176.528
-301.34302
146.57478
0.47733545
-369.9731
-1394.3431
-731.25336
-86.98457
686.7028
-689.0922
-815.33545
-465.6503
-651.9332
-612.06885
-223.0722
381.86707
-708.719
389.8467
-736.1811
-980.6645
-606.4502
193.65178
-431.98392
181.88878
-646.5653
331.64423
-150.98766
918.3787
721.65985
-657.785
-184.07375
381.4108
-623.2087
253.6384
-105.619194
1078.1342
-961.5211
721.17456
820.3992
-431.0378
664.3706
1257.206
201.37376
-158.63654
-1256.6934
192.79683
-1147.2261
665.16534
-3.086254
1374.1312
205.06859
930.558
137.318
643.2278
71.71851
-500.99222
289.3141
-264.7932
82.86984
89.24443
-690.0125
253.79677
328.3019
-286.21127
200.7528
-517.4706
-764.5668
60.76766
-1028.0046
260.46964
-313.42065
1239.7479
63.913258
-426.81967
502.48163
281.86386
1180.8589
-725.5469
301.22708
1201.2325
34.04695
-1116.4303
297.69495
-591.60754
-486.88452
-97.46147
-915.25385
311.5701
-316.6765
-1105.168
307.82568
667.92224
-209.29756
-297.87933
-421.66815
385.90167
333.36166
-210.18263
140.1853
543.48914
-1227.733
522.71405
467.8585
-513.92206
561.0095
891.25653
-65.1478
84.49801
-618.9554
-185.13625
-2557.5908
981.54865
515.86426
-249.6018
298.5597
784.64624
643.5577
-776.1424
47.263744
88.93416
-113.17471
-847.7819
130.23688
178.9923
223.81474
95.48221
965.5299
-48.34372
-75.559364
-520.12787
-869.6144
-695.2993
923.2965
-692.17035
20.782482
-783.1216
184.83923
654.64624
-783.9124
-76.101105
-491.2536
-132.09628
-355.8722
480.96326
657.3261
-429.17813
-169.36888
-709.8115
-683.72406
40.03793
662.9689
-397.08817
-226.28346
759.8051
-383.18048
525.16565
728.61383
-30.64699
-776.48114
290.08224
78.12298
-410.24594
650.748
-232.96597
-78.82206
1131.2943
655.6576
-80.01022
-1574.2723
520.7426
-157.73956
-70.28361
-738.22876
-206.31093
71.58787
411.17853
793.4861
-759.8618
392.78604
1102.2206
-781.89264
-806.63446
670.0164
807.08356
-912.5427
-53.62294
112.21875
-950.82214
-1065.2377
688.75555
1337.6504
415.18805
-251.22675
1019.04694
485.82327
-99.01785
-68.13418
-289.03918
98.8058
-135.90656
223.7564
48.843086
672.3283
-744.46704
-1156.9789
580.0236
-371.26926
291.34042
-307.74942
-165.2949
-713.9918
137.75146
-631.016
-405.5794
-393.64746
-896.6397
790.5924
-751.7812
243.50368
-175.89749
893.2095
397.98557
1252.7306
560.8032
-464.5679
-357.72247
278.47144
-741.5875
-655.71655
872.39026
1121.6792
625.463
-994.8081
445.40738
1625.3015
295.9896
52.82242
265.9413
69.465195
835.83514
-937.9912
1186.1714
-324.11508
-577.315
-118.508675
-100.57852
351.10623
1267.826
-401.87585
-268.03482
-1033.2476
466.22162
363.36816
756.83496
80.42275
15.853403
-1078.0217
-224.6999
397.2631
395.74268
-429.91852
-400.93604
1359.2594
-1484.6704
658.1725
805.9821
-1014.1298
411.08362
354.84094
-751.202
376.5052
-399.46878
-466.3881
786.0926
413.8746
925.89325
12.815616
598.2517
453.10336
-228.25775
-103.246994
462.75845
415.62772
-62.86479
777.37006
-17.586578
-1499.7067
-548.3635
-1193.6508
-428.34207
-1739.753
203.4378
-15.54012
370.2209
513.06165
-237.80098
-591.41724
764.3332
-485.9856
-1547.9893
-123.54529
438.35587
-40.694504
74.939896
-726.2425
993.15283
-891.68616
-203.55737
1120.8583
-1005.0529
-244.56487
-439.90417
1075.2365
13.315693
516.26117
341.56622
-498.6831
-464.32922
366.8034
550.46295
930.7689
951.4
-166.93129
-373.6148
591.8567
51.098732
-886.95233
-15.756508
-679.18097
668.02234
-360.07034
-689.009
-590.6696
-905.7135
-584.8516
926.67505
524.6957
-549.14813
417.03592
-693.72845
1024.4646
360.42252
-35.527626
13.219897
-460.0842
120.06535
643.37714
-1750.5798
280.38913
-143.70897
