-215.12436
377.3512
143.60527
294.41736
-191.84924
-275.9796
-132.00343
355.7514
540.6131
624.8258
395.31247
-931.0934
-172.85081
-59.070866
-438.50717
-692.04865
-244.4853
153.6105
7.990144
379.07162
477.51788
-583.03864
-413.33273
871.1079
-672.1465
-35.122646
239.15692
-368.4249
-273.8522
-143.28116
38.127934
-394.87326
-337.21796
837.26575
433.6098
377.824
313.67096
-216.31517
-142.59613
-526.4044
-629.38855
-359.24628
34.664146
-250.61833
328.58267
93.73823
484.36688
-154.17917
-284.14453
164.54924
-513.4055
310.4484
-388.2143
422.94113
-162.3698
431.94543
1101.6853
-375.52676
-435.2513
339.01993
-238.27084
177.03427
530.5788
-199.66547
469.31702
365.21625
304.38583
-12.833546
532.0472
197.67021
52.98533
244.10301
-48.474403
145.94685
-206.97743
-148.70583
-479.67642
-60.209965
439.57455
315.0521
-278.4953
-74.13054
-453.16623
-180.81375
-1030.5211
836.70105
238.37985
700.3467
412.22482
219.14139
184.064
210.33868
1124.5675
-914.37195
-476.30353
478.77188
309.8854
410.567
247.0817
-231.84256
-303.42603
-406.3412
-36.16978
-73.51631
-372.68787
169.74173
821.0891
249.55585
-191.68582
366.94998
-554.4906
-49.016506
430.6409
-293.28018
398.7201
-294.57504
46.1917
214.4565
72.19147
-523.4033
1028.7031
414.3972
93.3623
-804.54407
-456.6102
-92.471275
-742.8159
-688.3862
514.5783
-202.2407
133.91705
11.792365
-1052.1029
29.213501
-497.8746
244.92026
-148.20633
-57.96943
255.87897
-239.72078
-29.969114
49.997932
-715.2926
-560.1317
-112.289055
318.03326
492.25592
446.91925
33.98242
-493.47546
97.77718
246.60382
-96.3127
-320.144
-54.095383
221.1592
-642.81335
-656.9799
-1098.2552
195.98936
221.41914
-412.78568
202.24265
470.00577
8.414491
-69.30068
-539.6057
246.79405
194.91835
-467.94397
-302.60452
468.5797
347.51047
461.07843
-508.54242
260.9928
153.27995
779.93085
540.1269
-614.7618
-109.22891
333.71716
-151.35883
-180.30418
-185.95976
-375.79303
743.9788
-469.02548
-296.77933
867.78796
-13.154184
-59.9089
-353.41653
743.6435
603.6855
-552.0293
21.7221
76.30188
-204.28862
-293.9308
-220.08936
547.3789
180.51227
213.48227
-155.42163
475.1338
-194.4029
-75.77818
-702.7375
-268.55865
862.5745
114.861465
-773.2093
199.57257
321.19617
623.18427
-355.72476
735.7768
-407.7205
-255.02895
109.206604
337.23703
548.04816
-796.27673
-331.5783
118.453865
-503.995
503.1336
0.49936318
-725.05475
233.141
170.69989
179.24751
-493.5122
428.76718
-657.82513
-97.71019
77.87863
-569.6785
-272.90744
-168.3406
405.63638
-409.36996
-203.71407
924.0573
-453.52032
-136.21931
256.35223
-838.76965
-165.29468
-1036.2871
681.45966
-102.909775
712.7256
231.2409
-109.19592
-209.80821
-257.03745
-524.59875
436.5489
120.26625
-614.13104
-260.31805
131.3445
-258.55588
-491.70926
-234.80026
-472.941
153.15318
-188.47014
-102.770706
-756.6148
487.11374
254.43173
-85.1311
-269.1627
-262.16293
-226.50926
831.1057
43.18958
55.17915
-342.88937
134.31749
-166.05365
613.0423
-20.598967
-795.77423
-600.8797
-352.8697
-152.08446
-44.164005
-267.91803
810.2064
363.40445
-59.4313
118.357506
371.08868
-65.688354
-375.39026
-521.2042
-322.23508
477.61557
-710.2214
-474.33688
316.3739
86.91887
190.2293
62.588158
-205.92659
-321.99344
-279.58932
45.594578
-162.07138
160.0033
-518.42084
54.045418
-92.72179
-41.665165
-443.93683
-430.94016
-114.00831
148.09633
-1032.0939
-319.2389
-199.17752
729.21704
236.55608
-58.159794
-405.687
680.49677
-1006.72284
-226.68398
-366.69302
865.53217
-417.38852
492.0258
702.5107
-40.168385
39.322414
885.8726
379.55008
165.99553
-693.9783
-197.65538
-255.85483
146.02411
-132.03233
418.4973
-179.27357
326.96695
349.69305
58.701122
447.179
-20.102667
-248.89049
-444.77048
-100.648056
-30.301888
-263.97513
-429.24014
-209.50623
-117.47388
-19.702068
-625.11395
-1032.7914
386.7077
-835.3106
345.21982
56.223293
729.38763
420.4149
-256.99265
234.10052
395.79904
854.11005
-525.6752
-501.13898
95.55164
-229.20883
-640.54236
-158.20287
-159.4019
-295.91492
-20.930653
-553.8728
160.10997
-144.43385
-383.65363
586.57166
725.6261
232.19058
-499.69974
-190.53871
355.71872
41.70483
4.6296673
415.11
921.56244
-545.945
418.1482
481.4469
-399.179
410.6816
1185.9686
-361.26508
349.38187
-445.0656
-135.08249
-962.8356
724.0666
-112.38785
-245.93217
214.6981
759.7942
82.04961
-48.179176
266.64703
-92.40352
-315.96417
-450.85886
37.39218
-18.744328
773.74097
-162.36838
471.7583
84.378334
-498.85364
12.069519
-725.336
-382.1878
682.53174
-448.0271
60.438103
-413.52582
283.36572
423.46472
-38.44265
-295.48898
-313.56973
24.0325
207.75713
338.54266
536.2061
-260.08383
31.964355
-556.4291
204.54
-63.63453
772.1627
-41.617844
-4.059976
245.27286
-231.76581
163.32753
415.6169
372.93945
-512.9872
630.00226
-303.66238
-354.02942
-121.58788
-24.936758
316.81412
638.6953
-237.90219
-478.23538
-341.30777
594.9585
107.501
69.77118
-517.1806
-413.11246
279.5217
412.09256
238.00609
-436.5214
702.78705
1110.0204
-487.4624
-29.026333
142.24423
213.23424
-535.72687
407.8042
-214.91867
-504.20142
-431.51495
329.7438
757.62476
221.07462
-87.04118
664.0052
-297.39548
-442.41983
380.8626
-255.26553
-166.50502
-39.55952
555.1874
107.29173
187.96849
-287.64386
-839.4554
279.13318
-244.29346
181.07243
-396.0837
-297.60358
-133.27087
-306.5149
-415.79773
54.926506
256.204
-565.9217
429.53333
-96.4094
-42.797955
-134.91714
193.39822
357.39514
963.1493
146.35822
-319.07526
175.02007
784.26843
40.28434
34.59065
379.5599
562.37946
281.40692
-569.18
-421.60077
1018.5071
404.3271
-284.43488
-370.49905
137.17137
855.4291
-698.7723
475.02695
233.83765
-314.9973
-70.18043
-282.10626
-43.110012
474.07086
-126.19613
7.1617084
-778.06775
157.76938
650.93744
120.99988
-147.89699
-279.67615
-911.5596
524.05884
287.12595
17.088305
-250.39677
-140.14233
481.44458
-1211.1329
917.3774
661.9313
-12.826428
202.27887
369.825
19.583593
499.47473
-63.276573
-439.51196
-18.458204
496.2881
547.53503
657.82635
-180.03886
76.9992
14.509464
236.30795
628.8156
445.6787
-202.98755
719.9411
-47.802868
-639.31665
311.80286
-589.5647
-399.207
-855.2869
583.66785
-194.92372
-77.38574
674.1946
-303.21112
-489.43658
146.02626
-167.03355
-341.18478
214.4941
190.72794
-124.33092
-113.35091
-25.459774
817.2028
-311.03378
0.47244215
197.73203
-258.94843
29.755653
-469.46155
265.9368
61.61227
632.973
-126.60869
-62.10504
97.80045
0.06966239
310.94058
1054.8268
1005.8906
-234.13478
-388.63998
-228.21484
-32.919598
-632.3922
195.56367
-342.35892
626.15485
-451.54413
-222.1485
146.27652
-136.2382
-456.72
510.792
685.20197
-250.6229
423.24982
-689.36053
570.3224
-156.25845
-197.75853
-430.5226
-587.8752
-244.73602
392.35345
-1283.9963
285.33466
275.6003
