-274.90207
442.93652
-75.36206
326.33536
-97.38018
-214.24017
-125.654724
421.07257
477.70828
582.9835
198.59476
-1037.9896
-193.1685
-189.25871
-251.37726
-793.4279
-68.14949
270.5595
5.244565
398.3731
466.3006
-991.0159
-351.5995
744.1107
-533.35394
-37.572186
-146.23636
-357.48843
-310.68048
-58.292023
-221.76244
-101.96152
-254.42027
897.8684
385.32394
177.11522
164.88216
-257.43478
-54.474102
-660.5277
-650.9445
-88.03526
-13.907471
-288.0485
71.8376
233.92058
332.214
24.924292
-269.35114
-211.17891
-323.15256
206.05405
-263.9442
212.63203
169.80724
275.11362
1290.7931
-645.9931
-785.94086
227.01917
-419.3441
151.36818
632.7623
-140.26457
153.48148
477.382
325.07562
-224.48863
824.98584
230.20453
-66.47783
280.86377
108.525055
113.9749
-39.86106
0.44660282
-375.78058
23.796108
482.13065
207.6823
-214.26645
-138.67194
-213.50137
2.0437565
-937.04816
1064.2924
-199.33528
668.84735
696.0957
95.47297
4.33698
208.61813
885.60406
-1068.6134
-714.29584
675.53906
320.2416
423.05374
326.24927
67.27038
-461.8613
-561.28107
13.787938
-100.022385
-553.5494
49.902744
992.2757
293.20892
-274.95837
166.59982
-441.19873
-190.62195
144.83138
-317.94308
363.73862
52.986153
-8.09858
304.3779
348.73676
-922.4825
1154.1527
427.91385
412.02518
-625.3989
-305.4578
131.16632
-840.58856
-586.43207
606.6781
-175.54332
64.93492
147.75708
-870.6936
109.74041
-481.35983
226.04854
28.633858
-131.76535
290.06476
-416.37274
-145.1731
30.619175
-824.78754
-629.7306
-26.180614
374.4876
553.06323
617.64386
114.05864
-692.4551
363.56918
750.0588
66.76759
-233.6223
-213.47752
56.28609
-558.8885
-612.38336
-1183.4025
346.8667
373.85767
-680.29016
-24.738588
350.9178
122.74706
426.782
-522.2088
385.70367
201.20668
-541.4142
11.659238
423.38214
62.606373
389.89276
-581.2477
223.95839
236.76627
554.58057
331.3961
-733.03546
-105.586876
242.75015
-208.30374
-137.75012
-225.89719
-309.77197
693.5933
-223.4907
-450.7196
897.972
344.8925
-459.13693
-328.70154
950.28723
545.8697
-380.56427
104.80843
-125.67157
-335.41168
-150.24356
-315.4775
815.2168
353.76474
196.56343
-116.622925
272.8965
-119.3108
-23.160816
-655.0915
-317.40497
654.0423
-8.127413
-488.94717
-102.569275
344.76422
789.1388
-616.08545
784.3577
-344.03802
-198.9285
217.1977
484.22775
820.83154
-910.11176
-458.42603
127.01249
-722.6783
47.56461
201.90518
-614.49786
299.1491
370.9517
104.64156
-541.49164
381.63968
-481.92822
39.322586
270.38882
-537.6687
-160.18167
-480.99258
360.0962
-180.01683
-221.97281
910.81836
-336.15
-125.63651
195.10078
-974.133
-12.108856
-685.9536
643.82025
-293.77466
368.7216
439.44547
115.98885
72.37538
38.281418
-425.51584
473.00684
-147.50603
-663.69104
-437.87268
-55.171463
-134.13358
-792.545
-153.87035
-372.14685
133.94792
-394.06454
-160.33142
-1056.9645
432.3161
230.45145
-153.74474
-492.6279
-276.56216
127.97456
870.23914
52.937397
259.89493
-222.65271
-49.21992
229.67368
677.5167
-154.17638
-872.0415
-686.4797
-296.33862
18.45099
71.337265
-226.82372
700.3113
533.9775
-208.15814
176.56369
404.52374
-350.48953
-74.080765
-408.27658
-236.52492
351.55713
-781.20386
-591.04626
261.72443
58.09193
401.78802
-124.41468
-278.74783
-199.64339
-236.82333
-77.537415
-199.47528
87.32915
-678.0486
-47.939903
131.83316
-393.67203
-683.37555
-145.6002
-85.273415
180.50362
-894.9114
-77.982
-272.87238
614.13055
442.44162
-125.83024
-434.0455
771.67365
-907.60834
-140.9804
-132.60226
996.099
-676.9113
582.19025
829.3
4.8977575
348.03778
1073.6705
247.38194
92.68369
-822.3631
-29.244083
-350.6202
379.04855
-380.76367
644.45056
-174.9725
505.3805
375.81702
110.44152
466.46106
138.42073
-117.44411
-150.65703
-82.47962
15.975347
-366.14468
-548.6815
-442.98065
-200.27368
-13.288862
-541.09717
-1208.5958
483.9343
-799.8004
253.43646
20.729595
679.6291
451.1282
-321.344
331.21878
456.09695
918.99493
-539.4057
-311.23575
220.8825
-306.97818
-936.0569
24.965672
-140.40172
-640.71814
-105.658966
-918.35333
137.91347
-266.2771
-265.46768
417.72186
676.5388
30.694721
-351.29507
-278.51358
367.00174
-44.94468
-94.82781
413.89108
744.6969
-391.7805
411.60043
716.1305
-529.6907
309.90216
1139.7229
-397.69492
438.8392
-628.10095
-106.89242
-1112.879
920.933
-77.56674
25.499092
306.24484
543.1722
60.68868
-243.82951
-8.459049
112.48262
-269.0085
-558.9977
16.690006
129.17734
790.9435
100.66724
374.76767
38.270157
-361.74304
-81.146065
-731.66925
-356.1412
788.36566
-350.74377
138.13896
-426.5481
603.0767
234.22655
11.654833
-143.90152
-365.37088
-149.16318
-32.577065
327.82327
663.87506
-135.84503
-74.444626
-637.5325
-58.2105
-66.347
881.2068
-168.63023
210.98196
509.198
-270.76315
261.72687
374.96506
281.49207
-273.64255
635.95776
-103.70773
-308.89716
-154.63272
90.23809
367.6517
787.9772
-357.85928
-519.28845
-683.70386
742.92377
144.95738
104.89426
-680.34143
-692.44775
170.54199
203.24132
317.95044
-395.78168
315.35022
1151.8059
-298.22467
-54.09923
416.86374
196.55804
-712.49567
154.32217
-83.63799
-651.84454
-459.0271
384.1835
808.94775
98.23639
29.577559
1006.8478
-330.93597
-308.7521
203.76044
-434.54187
-138.90594
-183.32828
796.7259
134.36234
315.73645
-314.93863
-838.0365
201.60005
-226.5048
264.236
-258.12323
-159.00052
-488.9527
-181.75815
-289.5656
143.54419
157.23828
-924.6564
181.81921
-93.79141
301.47235
273.03012
471.6752
474.58868
876.10297
86.89347
-357.6924
200.11388
902.31433
-72.98169
62.649113
488.495
1079.0183
154.3761
-693.1724
-147.0855
1286.7737
583.27594
-112.93129
-199.98097
149.57767
615.57153
-731.21344
409.9217
-97.27625
-351.88666
-161.81451
-380.97278
1.7469969
659.7186
44.213017
-210.64073
-710.05457
163.35466
646.0512
287.42194
-64.92985
-216.8162
-1027.7877
278.74033
137.4471
-36.9269
-246.72882
-170.05702
398.06946
-1426.5226
975.44574
642.4508
-187.61267
230.76433
630.8658
-63.43747
680.5786
-58.214302
-399.03058
-49.998383
647.65906
705.5787
594.5307
29.334354
71.097305
218.17937
128.38892
860.8815
588.62134
-428.56796
1004.0713
-31.335197
-768.3599
222.47441
-738.1581
-584.9801
-1219.5394
646.2742
-279.19513
1.0768032
765.0112
-203.42691
-850.1816
285.51022
-159.134
-511.2583
180.33522
186.08493
-146.72665
-195.41312
134.84474
999.72876
-540.23376
-108.03271
241.07054
-237.62733
-147.10301
-474.7339
311.5898
124.7731
795.8914
-6.6447887
-96.15942
-91.035286
-33.85439
396.2196
1054.97
1123.9055
-362.16922
-403.2414
-129.7378
-14.1835
-802.87146
244.68454
-201.71223
694.15826
-358.89478
-361.2677
239.49806
-285.7
-481.2649
654.13947
654.0453
-375.81866
342.65356
-649.78546
783.7499
228.62994
-113.456474
-58.592915
-705.5814
-163.53426
266.05173
-1228.0408
245.30054
239.42233
