-203.02185
222.67241
153.21321
471.07108
318.5577
-261.09937
213.30396
125.48043
588.59717
618.7403
84.94011
-818.1576
-243.81828
73.45118
-95.52733
-531.5873
20.301483
276.92413
-177.88216
157.67851
441.09683
-358.14526
-338.45203
458.2123
-359.5632
-162.29637
450.6985
6.388025
-24.976234
-172.46664
-62.43359
-321.38022
-326.37415
776.71326
712.844
291.50873
385.92258
105.38124
-366.94244
-618.4507
-660.7061
-285.16336
555.95685
-105.80592
402.32394
103.15946
420.5309
37.565342
-284.2925
126.56204
-771.3707
10.81396
-304.5056
22.128117
-157.05019
201.20813
863.50775
-79.421295
105.11377
173.38904
-383.09314
100.49315
615.43164
-399.89267
377.21167
276.4086
451.1058
305.51883
321.0403
-17.610294
-251.68684
480.0452
-162.57034
174.30069
-108.57501
-357.37155
-367.3862
-327.46677
317.07614
192.10095
-657.30426
102.24967
161.04485
-259.2491
-592.435
302.44543
79.58202
388.89005
423.2658
218.16084
152.66542
163.54881
969.093
-961.5293
-258.50134
438.861
100.11533
284.32364
260.6691
-235.70978
-224.07886
-82.25717
83.72025
-442.899
-646.2409
36.4482
480.69983
250.70961
-442.18817
389.7895
-628.2671
-98.531075
514.2786
-513.77686
-78.187485
-248.07912
-92.51231
444.049
-62.737865
-210.26173
1328.6812
256.04538
17.574902
-620.1456
-369.2755
-138.19356
-465.7628
-477.80115
359.43027
-224.3842
50.02505
312.7581
-676.2803
205.50562
-587.3596
95.97565
152.98497
-315.90042
-115.85724
-465.67673
-275.02695
121.39656
-425.22147
-361.89545
94.65199
-77.58042
525.2177
116.30257
62.151196
-419.73523
-137.60217
140.92404
7.581081
-202.68791
-424.4669
293.76965
-407.37775
-278.07706
-701.53107
-78.71587
-15.84071
-303.3034
44.690395
412.0782
-57.895897
-69.16322
-405.55084
-314.40762
282.0248
-283.63412
-174.49716
442.66113
49.10736
529.42145
-308.26135
207.39368
251.48752
595.70935
296.1819
-346.16785
-131.51772
143.69116
-230.19725
-287.52936
-376.1102
31.60346
744.42413
-168.16458
217.61345
829.5765
154.26608
97.1881
-396.37186
679.82697
496.85776
-872.1179
-100.665
231.73334
-503.56116
-181.54625
-235.18849
16.053934
594.78235
-41.62424
111.62698
501.1939
-276.03384
-38.87073
-758.85114
-609.71814
842.3728
-42.38789
-657.4042
-76.951256
76.670105
398.43405
-325.78534
610.34576
-463.2531
-563.2119
217.65323
328.1706
375.15768
-907.70764
-206.70082
171.66896
-162.11833
464.21292
116.839485
-508.8409
284.47916
456.8928
-251.33745
97.10874
305.21664
-503.91226
-29.630718
272.62244
-62.55396
-320.28455
-27.37369
53.75585
-133.36777
-682.58234
503.0527
-188.49232
-298.4413
270.6617
-604.5703
26.75479
-940.27997
765.25696
159.01114
504.05414
325.33435
56.3507
-20.558182
102.57682
-218.67506
115.514656
202.1437
-382.84927
-139.28693
467.69928
38.8161
-557.8408
-190.23186
-231.73029
277.67636
-89.50879
49.699673
-543.02954
438.43408
229.76106
191.09097
-324.19293
3.2610483
-93.75192
375.94363
-37.20924
147.1986
-247.8052
-267.19296
-232.94406
338.56796
202.88237
-317.20367
-531.45764
-97.49727
-136.93227
92.80646
-326.9408
775.01624
624.0651
146.21863
327.97083
-50.12724
-178.1445
-312.25113
-552.05115
-338.52118
237.84239
-604.18365
-805.2695
254.66878
205.17032
515.57367
-218.51353
-231.23228
-260.76538
-219.14708
-68.81151
9.909748
383.70142
-652.50665
368.6829
159.56024
97.33381
-129.70528
-379.56226
70.75524
37.64708
-696.993
-519.7998
-225.4567
309.30157
-174.12814
442.22244
-70.755035
544.80115
-1138.0461
120.5876
-36.251366
752.5005
-227.21117
338.60895
82.2002
24.281254
-226.81384
482.32693
123.4207
58.86407
-438.30768
-1.151427
-500.84265
79.725945
122.66139
92.8861
-136.91862
257.60718
431.87772
-106.3536
341.22626
-139.71062
47.0634
-387.1195
136.54012
209.42958
-373.85873
-292.08426
-435.02808
-386.73843
-397.00784
-314.88416
-703.7695
311.85913
-607.13226
396.4779
223.72331
648.7872
521.2337
-196.93872
222.85359
503.9728
641.11694
-292.0546
-705.6023
228.08568
-512.3122
-680.9666
-142.05965
-208.14111
-258.3941
-177.34346
-498.42938
351.45773
-164.61986
-541.2485
663.1407
754.18494
139.325
-527.09625
-52.247078
24.332443
51.17287
-238.55597
266.38083
651.3567
-251.64677
217.44363
289.303
-63.60594
434.45627
870.5055
-0.47913766
253.28828
-69.96364
-201.5045
-707.02686
408.81485
25.506355
138.59975
345.80472
866.8127
-119.1327
-160.07513
471.72058
-8.159844
-260.4763
-495.5311
220.43681
139.26805
559.08044
161.89816
408.84723
71.61432
-388.47717
84.68185
-470.2508
-308.57324
521.16345
-619.2399
-72.90343
-262.55304
82.082985
462.9232
-129.91568
-93.39598
-27.671871
66.29676
17.441257
535.59155
527.9653
-211.81346
165.59743
-562.6428
212.92046
196.96281
679.5259
-233.9569
80.722626
81.887886
-360.4272
201.0696
181.51749
448.79285
-354.1833
648.2598
-334.30432
-226.65471
-17.18808
-10.062974
303.01767
221.04395
-404.52756
-542.7083
-265.32135
796.6555
-83.6384
-499.9
-487.68585
-169.21112
150.2171
530.94244
-64.106995
-352.55423
485.46335
896.0842
-219.49915
-48.459538
370.8878
339.58618
-427.42938
272.77225
-186.03539
-408.58984
-39.070835
-193.27621
734.8164
140.32974
-330.7258
449.5386
-33.417755
-180.27577
584.8453
-84.451004
27.871565
37.053665
119.17484
-252.8104
101.88469
4.030879
-293.93027
184.66937
-26.459991
164.24602
-174.99625
-490.21002
226.59756
-74.546265
-34.3906
69.40875
152.68092
-507.9909
653.3008
-286.4416
-286.2454
76.69933
30.451202
435.84402
798.2848
3.1909852
-328.39398
66.87638
328.8192
-527.12164
133.74873
362.17685
497.0069
227.95694
-199.23523
-448.07828
902.6761
489.74997
-226.93898
-503.8644
292.63107
674.15155
-331.38535
841.82996
269.8478
-396.22992
291.99826
79.777534
92.24868
203.9003
-568.1549
190.18039
-445.76935
239.65843
470.6026
-48.135994
-51.06966
-426.8467
-451.3031
59.30576
233.56462
315.8137
47.82161
-342.7236
413.70142
-1084.8005
422.73895
563.9483
-15.010076
137.18744
355.61304
135.52942
233.58185
131.61012
-110.79471
-178.2438
499.99905
112.15332
542.81085
-187.005
-55.92075
22.74454
336.5522
358.48587
183.41437
-134.17358
535.14734
-247.74832
-528.3485
563.00073
-623.9313
148.29305
-792.786
825.9003
-37.632545
-76.94557
476.23578
-414.34772
-487.48734
280.56024
-286.64682
-80.106186
131.0596
375.5552
-252.34274
28.717047
90.54823
727.5397
19.007444
-9.521876
225.73697
-642.3318
-198.54347
-134.9151
148.08952
58.555447
597.9895
-219.22906
-127.26647
190.28293
-63.79705
441.25995
720.7442
752.804
-146.26833
-250.88417
-269.3827
345.0023
-197.0136
-91.695404
-176.20093
388.1632
-331.3798
-268.1628
54.01939
201.35156
-231.33446
216.0142
613.43854
-56.898026
-12.138685
-508.41513
317.41132
-48.206596
155.70972
-82.43318
-328.52313
-148.63806
641.1493
-1048.6738
-180.34749
27.88546
