319.57062
1037.9054
68.37376
592.96454
1104.9664
985.1827
-267.98395
758.00507
143.39543
-147.17163
-28.681768
-1531.1357
-454.63754
-841.8306
-246.85495
-1116.7449
-187.68027
787.92224
-96.907936
1292.3546
-71.55792
-1647.6581
-314.34714
268.9075
-476.55707
-650.6791
-401.1246
426.94788
-317.76746
631.64734
43.42118
-344.97278
-51.43956
1416.1315
648.58606
405.7324
255.47784
-292.39075
-61.468304
-263.2442
-724.66705
-826.2017
-302.1949
937.6472
236.89384
-498.6439
316.25323
-838.84283
-1161.4098
337.98785
-33.17031
727.9434
-52.69148
-541.5276
1328.2726
332.79355
1861.2262
-796.9553
145.90497
239.03786
-153.9567
105.93924
684.9899
-410.41696
-376.08932
208.36148
-726.92017
181.96156
1900.5413
-263.21725
-480.31888
495.0756
-55.257626
-38.7652
78.104935
-1844.9711
-529.5338
-1123.9583
-119.85248
286.95422
-73.80105
-821.61707
-831.97736
-1053.2816
-591.6866
1430.0426
-823.2614
1051.7814
1219.9974
683.35614
-751.1685
506.96
1086.0114
-393.46722
293.77527
-282.94678
845.9686
1295.259
864.11755
137.74567
-807.7802
-429.68423
-1212.1282
-798.0488
-1464.0232
-100.11864
191.38316
928.3102
36.487564
-790.8654
-917.3102
322.16156
443.13684
119.8406
1271.6238
36.05698
-196.44011
653.42676
-205.42361
-1481.6873
571.6975
478.02255
165.0777
32.83647
383.70566
545.8073
-303.17197
-581.44794
764.8385
-139.25851
-177.86536
229.66077
-671.38293
-879.21814
-103.943344
-81.40682
-546.1769
422.02048
349.97336
10.349089
-378.11307
346.49283
-1854.1313
-1387.0297
-522.6133
1099.7563
214.7737
1220.5793
-69.95269
-492.53815
565.6475
804.4506
-5.770708
-602.7042
387.59872
-229.1029
-438.49945
220.39586
-2457.8738
706.0879
929.6567
-1124.8099
75.70876
-437.411
1644.512
518.81995
-679.4638
87.9534
216.4161
-1249.7831
-647.75183
241.81215
-144.0598
724.3861
410.25705
471.88065
49.23613
967.9165
579.36865
-1068.2864
77.320206
420.99323
207.8325
-527.9002
-263.75784
-602.62213
1217.8864
-396.85568
-1090.2665
1034.4196
4.311592
-1428.7883
270.8483
1553.2728
606.1493
-544.0398
742.9019
-543.6969
417.98154
42.94778
-236.4765
1205.4012
365.4869
718.20215
-436.31076
99.53853
348.81958
-575.7153
-1891.7277
-769.6362
-28.721994
-563.8398
-885.27466
-1057.8274
931.44885
1969.944
-520.31226
1380.2904
-33.791805
-229.6119
-127.11119
121.640076
155.4077
-701.8589
-637.7524
1145.136
-266.9734
170.32071
1084.0505
-333.6538
-215.39912
887.23376
-124.13543
119.46337
704.37646
-1039.4501
-893.0832
990.1436
-1233.6206
-296.2226
257.8355
284.32993
1061.3822
-284.32205
954.0832
-36.63538
-494.98096
-511.9208
-1174.9326
-212.30046
-770.46405
1300.5114
696.0353
1215.265
172.0877
488.68448
928.03253
-382.8825
-734.8143
1008.18665
252.6731
-549.08716
272.76868
320.87048
-625.041
-702.47363
-212.86304
-8.124644
-380.63736
-933.11456
-52.043617
-720.4335
410.5745
-1231.5144
423.79535
-533.59845
-412.24362
566.4142
1200.2344
939.17377
16.33581
-33.868435
511.4095
734.6627
1556.7297
-490.606
-1118.1102
-876.1787
615.758
39.254063
644.65106
-131.43416
-30.700764
664.52734
-783.976
-243.39325
56.70998
-1031.0804
370.40207
-555.73663
-287.14233
-308.02652
-17.872688
-1069.8993
-434.22403
-356.33566
359.25632
-497.03278
-788.4056
-264.0721
-829.813
-917.3914
-321.53445
265.76508
-885.4109
536.34827
-725.1312
-887.21893
-763.14105
376.0313
-450.82062
294.2914
-371.92084
-275.4617
-260.6159
1088.0109
791.62103
-834.9534
-68.2058
-346.51318
-413.52325
78.30791
22.375628
611.8493
-842.96124
793.294
1000.2402
-455.26627
625.47144
758.82367
433.3135
104.02541
-917.0806
102.387245
-755.8544
650.79816
56.859184
1482.404
278.96405
1141.4678
-376.15094
512.2607
242.48454
19.50785
173.9827
-819.1553
287.47876
167.15274
-693.2604
26.872828
866.901
-333.58023
243.08388
-829.19525
-946.90814
352.34888
-775.2492
-202.98122
-190.69789
1247.9816
391.0563
-788.623
-84.83527
149.8268
782.9512
-482.89145
871.1918
1286.4578
194.3724
-982.6193
-77.931404
-685.39105
-685.1012
336.6541
-1127.6178
254.18701
-87.46961
-1153.563
694.01166
365.26007
-295.80124
-609.16016
-473.48734
433.14627
413.81635
57.839077
307.09436
325.80246
-975.9425
237.56184
849.8691
-1215.5598
405.31195
890.25305
-266.53732
-260.92923
-417.08774
-345.92346
-2523.3184
1117.5653
788.7981
-139.91106
726.8639
443.63712
854.67487
-1056.9734
-591.5671
181.80983
206.88576
-700.2471
364.4768
601.4705
802.14545
373.94275
891.1909
138.40022
206.01445
-252.16777
-963.6304
-582.4363
982.04663
-596.7917
27.8945
-410.33444
160.02344
502.89764
-593.2636
0.03881693
-687.56726
392.1351
-395.00763
849.35736
394.30197
-215.22923
185.12457
-583.8054
-1400.5651
-59.81349
291.02283
-286.51263
-640.9983
1007.1065
101.956276
173.40102
1134.515
27.171913
-570.3388
616.53564
-93.28839
-41.54621
231.89133
0.42769098
177.19717
406.39417
832.49603
176.85336
-1837.6711
667.24536
-268.0625
460.62854
-457.87375
154.97377
201.1628
142.10403
1266.399
-1002.19916
431.26236
1229.2535
-902.8325
-1084.7722
877.63446
958.45996
-1053.6722
-363.8838
-65.24962
-1051.7705
-930.2504
1182.5814
1880.26
823.82776
-31.737741
914.9293
133.06168
494.9192
562.03564
693.1257
367.1896
-319.95578
489.38907
437.4849
156.00696
-809.24115
-946.21906
350.81516
-641.7114
196.74452
161.20526
-76.53228
-1188.797
809.4449
-553.798
-393.50064
-111.45554
-1203.148
870.208
-450.63306
514.4011
-210.87509
899.4389
450.3679
782.40393
189.8797
-910.95575
-243.14207
221.89182
-793.3085
52.07013
1027.1118
1414.0548
740.7139
-987.663
679.20575
1625.3438
351.52643
246.2149
-211.62512
553.88275
508.7157
-491.2014
1230.901
-176.86491
-930.9623
435.36075
-835.83984
566.4258
1435.5824
-495.34402
-491.11755
-951.6485
248.11101
482.0678
404.50204
30.374594
-51.58668
-1075.6931
-310.70047
375.50146
666.2563
-475.23395
-315.7754
1209.2405
-1156.4102
894.0188
1010.13617
-593.51154
624.1438
374.79013
-928.09717
487.99503
-242.91757
-9.4892025
1446.5193
477.88428
552.15955
132.57657
85.055336
866.9408
-374.52567
-203.63916
810.26733
475.90558
-258.76062
1298.3273
-183.18881
-1550.4174
-695.94586
-1490.0496
-790.627
-2120.048
470.47513
321.66452
159.35872
128.91971
-142.39023
-702.9186
1161.125
-682.12604
-1759.9867
-120.38906
149.63544
241.56686
-185.78175
-847.7292
905.7462
-640.06824
176.6985
971.66595
-1154.6063
-686.7967
-571.0852
1059.7765
126.92752
653.3288
36.63293
-176.5641
-385.8895
148.23492
480.09625
1101.1708
1189.3633
-24.365896
-387.01715
546.51636
-298.4931
-1236.1992
785.722
-853.85077
644.09674
262.2014
-1331.0092
-1183.1969
-1400.7422
-220.44193
672.74115
1136.2689
-563.4691
226.55205
-701.2512
1130.8384
348.61694
-349.78757
105.87029
-737.4118
592.3772
723.88165
-1762.098
470.47714
-86.67659
