-351.45535
385.81607
786.32007
341.04172
1200.3346
1048.5387
-735.68396
740.14667
-181.35847
51.58015
-584.047
-1475.3789
-897.31464
-874.72687
-628.5305
-1320.2152
-1117.2153
867.52045
-140.2029
1804.1531
-214.50914
-1055.556
-219.1164
-136.38474
-939.94183
-83.69409
-908.8108
-80.70009
-791.2748
242.70763
536.5743
-141.04388
657.5534
1714.3033
1615.3242
920.44714
-167.72893
-479.67487
93.60517
-505.6842
-783.1157
-635.57336
-318.91495
392.95728
643.48553
-413.17188
-301.75064
-1039.7206
-587.8139
286.42487
465.03748
-1.597126
13.786325
-1343.572
1502.9187
-261.94498
2042.0605
-156.56613
536.5783
-187.69014
-260.29562
-237.17606
520.39825
-759.02655
-217.68489
171.03484
-327.46652
285.2713
1888.187
93.39426
-393.47922
37.205143
-30.332212
-498.38525
497.8736
-1596.7863
-226.05563
-1385.4933
-152.2835
805.2119
104.08461
-752.22015
-830.6924
-1093.6659
-697.1209
2418.9707
-1116.8724
1214.7286
1451.7621
989.50867
-538.3143
295.43872
1225.3075
389.4295
-577.84265
197.51453
1381.9131
1105.4435
1113.5421
-203.91275
-1085.0814
650.82745
-1033.71
-327.32123
-323.03415
89.13957
-134.44994
1563.3865
104.60398
-844.46533
-1424.0723
1119.8003
277.1384
-447.71378
1088.6755
-181.5847
-484.6866
459.7557
-682.27625
-1915.9786
220.58846
705.9772
281.2132
115.81734
32.831093
1017.621
-866.67206
-796.4968
1017.8137
-560.6178
-16.628149
-244.27406
-641.94403
-791.9825
-296.0906
-574.2746
-449.79202
588.65967
294.14197
691.22424
-445.4783
491.84705
-1796.0332
-1481.5356
-220.02347
1175.6349
133.64008
1525.9667
-7.7079597
-660.72174
1078.9023
1300.3214
-220.05667
-288.9071
473.60452
-391.4451
-328.83795
-398.36386
-2374.0967
859.20135
666.4484
-1177.1897
198.01086
169.53229
2053.9802
1026.77
390.55518
-104.49432
887.2829
-1593.339
-409.74628
-364.8574
-53.83825
1004.16943
297.48016
642.2391
-193.88644
513.6461
463.13818
-1312.1501
-216.63219
503.81027
172.10977
-528.6445
-650.76166
-9.410437
1142.6267
-509.35553
-1058.6176
434.86935
61.84893
-703.8762
-182.07805
887.3602
623.6231
-653.0475
995.4781
-363.29904
804.4771
221.08849
-222.80807
1562.9038
109.182304
878.95905
150.90178
832.7561
459.84448
-620.74207
-1559.5425
-482.37198
-372.6539
273.65662
-878.7897
-1612.5112
670.0913
1889.9717
-282.053
1211.2344
-314.19846
-536.2725
-173.83652
105.03508
185.50078
-528.8175
-73.87389
522.4618
605.7814
65.06171
932.70746
-909.5254
-506.06152
645.324
-164.36992
323.04437
782.72144
-1330.8549
-1420.8667
986.20667
-221.68672
-331.8751
411.52255
810.056
666.91504
-301.94693
1318.5483
86.187355
-507.70285
-684.2495
-1343.1296
-1110.2052
-1078.307
1432.816
569.75214
726.6967
-466.9055
754.8014
1080.129
110.694916
-645.4989
628.0116
103.76807
-418.37473
618.5359
897.17554
-529.1948
-810.6876
-234.2484
-4.9136176
782.84656
-1312.5093
531.0312
-1445.9037
-504.38882
-1429.88
196.62698
410.74432
-947.4629
1260.3481
1077.8866
829.3001
23.976713
14.832047
588.91754
678.1696
1255.9766
-1454.7385
-1557.7511
-1041.4276
1344.1575
-507.2704
-244.5856
122.31929
-525.0608
385.84412
-685.5047
97.22681
-67.77803
-60.73961
-1014.4082
-628.03253
-604.40454
-1062.7384
119.038124
-567.9046
-357.02945
-525.19977
765.51654
-668.2781
-1489.2555
-33.476936
-436.62286
-1725.109
-430.09662
423.7416
-787.0188
1365.1685
-832.75714
-704.8853
-823.0623
569.2997
-246.60033
-54.798138
-836.49225
-497.71307
173.16252
366.81705
1218.6774
-450.73343
724.09937
-461.7489
382.88358
153.38419
-567.0006
190.93335
-1516.6626
737.42725
665.7334
-153.97633
427.29834
365.61447
696.7204
414.52234
-545.55286
-652.2528
-766.12103
755.4369
-26.05439
2235.374
-211.19902
392.5989
275.45282
519.70184
-461.10306
725.37805
256.78128
-870.49994
261.60913
24.33949
-291.56927
-65.794
931.7587
560.8868
87.66874
-823.75494
-613.74756
334.8229
-545.7935
369.25717
-51.17292
1701.5042
706.0179
-1276.896
263.91138
1101.0847
-222.66216
-559.41235
426.15726
1221.3447
-41.8073
-1613.9016
-217.29121
-372.49167
-665.83246
1265.2183
-1165.0071
375.27008
76.82503
-949.9683
398.68497
288.88022
-1103.6877
-1541.5012
-731.17413
414.17783
-164.48254
572.1073
447.07693
572.9284
-187.32178
66.30556
755.1055
-1340.1406
775.4808
1223.613
-944.2013
-137.09273
-921.084
-34.015835
-2889.4077
1708.8534
960.4012
-751.4923
1433.2903
151.04204
622.451
-361.43924
-907.6863
954.4862
499.90735
-724.74884
326.40344
1151.8577
551.20276
158.60849
202.3962
6.409273
352.5477
-286.8873
-805.2051
-1313.7218
1196.5845
-420.5023
919.5754
-497.93393
-693.219
251.07545
-93.06994
-295.6699
-1643.1611
153.91678
-399.03458
1249.0549
-206.50024
-146.92673
-657.46313
-1097.0498
-1447.5267
260.00348
792.7738
-1036.8983
-783.1464
1130.0979
759.3458
494.15292
1639.597
-171.50072
259.0243
1063.0017
-700.42535
-122.23619
-101.500565
-668.618
477.2504
485.8054
1363.957
-183.80592
-2232.0156
1175.6007
-525.9444
-153.3223
-569.47534
625.03564
415.3968
-18.081255
1565.7347
-839.1144
557.73254
1846.7272
-1146.9626
-822.6535
471.3458
763.5005
-1033.1427
288.7306
-176.7394
-834.07587
-765.23206
1307.4497
1717.5635
1214.2701
115.28326
1623.2078
-115.471
-42.9132
700.581
899.9304
-0.50624293
-516.4879
381.11014
237.14317
167.01027
-771.1704
-517.4628
520.213
-697.8541
188.28745
-49.601906
-164.28514
-1276.5688
1735.9596
-867.28094
-892.7561
-535.76666
-723.5229
1395.5284
19.629843
518.0545
-228.81021
585.72986
532.574
880.0995
844.28345
-6.147847
-447.73538
357.1294
-588.177
291.75275
1539.7134
1255.731
1336.1128
-1395.9395
611.38696
2235.933
265.34048
-375.11417
-274.75714
723.6524
879.0597
-991.31885
2035.5598
389.5385
-1042.4113
-1.919698
-1716.1412
960.37665
1489.1807
-780.9025
153.59554
-1244.5189
-392.03677
152.01312
118.19341
267.59534
-524.55457
-666.5422
-360.60477
-31.271255
861.6443
-948.413
-592.75037
1423.4579
-2152.3923
780.0374
1305.85
-303.50607
309.32413
113.61426
-443.89603
875.3378
206.50586
-55.14548
1480.6915
1004.7504
84.859215
-70.68735
-224.12938
709.1671
-459.54144
-123.720345
1218.1156
201.95206
213.41179
1786.0671
-289.739
-1564.2948
-738.1403
-1586.7316
-779.6543
-1188.0839
392.62146
422.96213
231.21532
44.79157
-630.1318
-772.3365
1419.8704
-1232.542
-1613.5381
-597.2302
74.85568
997.54565
163.3589
-408.3266
834.10864
-516.5942
536.621
-61.026672
-417.31177
26.14645
-356.9251
927.6545
81.35237
818.1178
520.6944
-547.75165
-184.82104
-135.96857
526.88965
959.58777
1041.6692
-794.9635
-430.65732
484.30133
425.92563
-744.22406
893.0808
-1115.1333
390.87552
655.21173
-1223.6106
-545.8946
-2135.2495
-807.4745
572.0922
841.81726
-1143.4331
238.21396
-512.39465
1248.51
193.534
-664.13336
356.0513
-1215.1108
-232.91762
800.92267
-2458.6077
318.32715
47.537834
