14.362461
382.80704
190.24443
325.9363
299.26276
-244.58434
154.099
423.56073
715.43866
700.6257
248.20651
-728.52826
-201.95644
15.844585
-201.80675
-499.63058
-78.82941
290.43008
5.3630853
116.25035
404.02606
-562.74866
-275.66516
463.49905
-621.94006
-138.76398
487.60965
-69.59752
-155.40118
-44.222504
38.53448
-426.66144
-262.0075
823.6015
580.96924
302.6796
309.81842
-12.581408
-139.49164
-612.0439
-721.37067
-286.5181
463.54724
-354.04688
529.61475
145.74026
479.83966
-113.97295
-406.3564
-127.52311
-625.96924
27.424557
-184.95845
51.546635
-283.70117
180.84851
1098.8395
-319.7349
-32.73969
240.64809
-167.28587
-17.535955
642.7619
-330.85907
495.87808
354.90366
407.773
67.493614
388.05313
-1.2074959
10.913599
329.58997
-246.54234
78.42421
-188.79796
-448.4261
-561.45306
-241.35323
274.23624
118.55694
-513.6251
-52.626816
-143.55893
-168.92793
-611.209
550.4222
45.997215
536.4382
308.30896
162.61201
126.83578
218.708
1013.9521
-985.63367
-324.3467
447.3984
189.99811
327.34
201.18814
-89.78892
-139.68526
-238.94667
125.474464
-389.91653
-674.4496
-25.884096
647.1496
233.28217
-370.3898
492.85947
-494.13693
-81.13682
446.46024
-531.14465
-25.517015
-198.28207
59.926113
382.13718
-58.627964
-57.1732
1202.383
234.49158
183.47044
-664.6258
-507.25482
-222.17479
-842.31616
-526.6104
560.95154
-141.11295
151.25218
366.51697
-877.04736
91.87873
-857.7234
251.8586
-154.29257
-283.79672
63.406418
-513.868
-216.44522
99.94708
-596.92285
-466.56097
99.50024
154.15271
573.59033
124.963264
31.501707
-360.84955
87.28578
52.488678
60.324123
-367.61633
-238.51195
226.44
-362.23105
-333.47635
-678.8798
-73.80058
-4.3093615
-432.3248
192.0452
296.40945
-86.4011
-81.00452
-447.56586
7.4028053
194.59204
-139.41335
-131.99538
402.46964
25.242287
426.2721
-427.4613
308.9458
71.87793
624.0532
339.08618
-390.1667
65.84696
218.72636
-49.15736
-374.21722
-367.43515
-136.55148
833.7129
-207.8923
142.69647
959.5741
86.63729
-59.48151
-503.42682
488.22406
472.4099
-682.3806
-114.161896
144.28534
-366.163
-144.565
-270.63293
207.63211
548.2344
125.28982
265.03632
228.86377
-155.23187
-101.57589
-775.5296
-614.7869
844.3234
48.020798
-754.0739
-125.14809
100.594185
352.13184
-255.54173
725.5146
-620.22296
-469.9537
357.07944
115.8825
291.71976
-883.7839
-170.4574
45.987797
-536.8749
430.04773
199.95601
-660.1191
284.62143
450.25732
-213.0617
-131.64519
337.94763
-685.14734
-27.881487
262.13232
-208.97377
-173.37404
-162.82767
230.50127
-196.73409
-531.4217
670.8489
-332.0263
-276.42014
253.46246
-807.48755
-27.5007
-1025.9034
667.4454
-50.387543
561.00775
468.05133
42.45332
-25.86862
-49.16946
-203.96428
243.79265
90.747604
-559.62946
-173.8782
445.33664
71.93822
-659.98065
-291.7059
-319.65057
338.07193
-130.87976
198.01707
-560.88586
508.19104
242.1669
196.76617
-342.87994
51.915123
-56.00473
460.4425
-153.69421
125.404785
-246.98007
-169.73242
-169.29964
317.47916
110.18723
-366.67532
-520.9478
-266.22626
-48.18318
2.8249576
-348.5861
890.20447
439.60715
226.47342
224.69945
59.133476
-234.796
-395.6452
-501.44067
-302.78873
189.21571
-547.5004
-693.4918
162.27562
196.22157
208.41699
-173.50183
-182.89365
-245.81548
-412.23392
-44.290398
-47.47417
267.34888
-544.1998
335.58456
145.26227
84.56798
-141.07214
-256.6929
-21.852179
179.17467
-757.8596
-515.412
-121.87667
296.49133
-114.75751
369.80377
-210.0793
732.8122
-1001.46497
3.206653
-103.959335
817.1036
-229.45222
512.31433
362.21997
-116.49183
-132.40147
400.4798
224.24557
69.419846
-587.15967
44.42037
-352.11667
101.917595
-2.175463
387.9062
-37.556454
386.79358
532.96985
-95.28048
530.74945
3.749981
-23.724726
-308.97934
211.40706
207.59485
-319.68433
-263.35196
-201.00949
-277.06836
-475.12704
-597.20386
-862.496
272.83017
-608.5713
369.35452
99.85014
773.0531
488.45697
-174.95032
150.99173
453.25174
654.07245
-325.9089
-573.66986
165.4805
-332.8699
-664.13513
-187.72545
-191.18777
-283.92996
-206.98726
-380.77985
313.0273
-235.10558
-642.4873
676.36816
859.01013
133.6845
-529.0486
-49.5397
80.03595
111.77401
-89.81797
174.44563
652.63824
-444.03415
350.6168
400.58066
-231.32948
479.22498
807.7673
-153.71002
218.41539
-82.96116
-100.96952
-843.72345
630.7784
-186.41502
-91.69379
351.3857
855.56775
-43.300964
25.473875
305.8779
0.2891822
-259.84006
-438.32166
200.19937
180.05919
639.13574
42.895836
479.74258
232.45935
-335.3896
-120.08303
-455.66162
-190.0848
563.4598
-651.5819
-81.2664
-368.75107
257.04626
619.2856
-111.291725
-35.658657
65.65106
80.440346
-53.512737
457.61484
540.8942
-301.76108
321.8568
-591.54425
285.55167
15.28868
784.29614
-167.17136
112.5918
268.12048
-225.77687
85.7895
264.4902
542.70306
-349.63745
540.08466
-367.05508
-169.4804
132.2234
62.99513
337.27838
336.634
-286.89264
-613.7205
-273.0462
630.1023
-73.8003
-168.10072
-559.5553
-348.90796
363.0492
541.155
7.9389277
-273.20944
457.79034
993.4638
-224.53517
-121.024925
416.5334
188.62096
-524.6907
105.16853
-218.58167
-511.7709
11.21522
19.705751
844.5144
85.37056
-160.44768
609.2271
-125.67244
-277.41724
382.28055
-177.91882
22.968426
-49.171303
268.06442
-191.20422
346.7801
-59.467644
-470.24655
306.1802
-101.38994
47.50154
-148.99565
-367.84857
8.918806
-306.50604
-185.66638
199.09311
270.57278
-436.14792
593.6165
-125.81218
-302.5789
19.414719
131.10393
532.0062
828.43036
93.469604
-333.12967
249.15712
454.92728
-264.31113
15.133436
388.28378
633.4654
118.64536
-370.9361
-532.77527
963.6573
534.3732
-153.41333
-429.47495
299.9652
589.0848
-423.48642
811.3839
222.5638
-462.22092
131.67087
45.519688
156.8501
11.489161
-396.56482
211.40346
-633.3852
255.34355
604.5212
188.9768
-7.3875856
-497.34464
-596.8204
190.87823
403.88446
172.679
-171.24759
-227.2881
478.5405
-1124.4011
635.62006
654.4891
-60.048298
210.01492
413.43106
-28.58247
319.8627
47.337868
-111.93038
-274.84335
541.6971
239.22192
682.3271
-145.6754
62.712112
146.56093
330.2909
550.72754
254.86238
-169.89438
460.8156
-103.68
-703.66504
303.62048
-487.20233
-41.5024
-788.8027
712.60706
-149.8442
-258.75314
506.6562
-379.74557
-495.33893
179.94856
-290.17493
-257.65063
217.56122
335.70673
-239.31752
71.296875
22.885496
823.0732
-69.56122
-111.21778
265.70526
-507.65424
-106.56719
-130.88568
148.72803
204.56622
697.6122
-205.39095
-157.03172
56.163704
-46.342796
537.6176
985.6585
1011.8231
-67.70161
-309.89267
-257.8084
314.5158
-252.8277
-2.4251108
-200.33939
533.7981
-265.3992
-218.24559
57.90383
116.70129
-274.85208
239.82532
643.4924
-95.73154
148.90259
-478.7924
481.86646
-31.31754
125.890335
-286.345
-356.0675
-247.48018
417.0831
-1219.069
28.605614
183.85553
