-1001.72766
441.36545
1357.312
356.14072
1334.882
1198.8235
-666.02435
754.2227
454.91943
337.7282
-626.4601
-1544.5107
-835.91956
-885.3318
-101.12623
-1912.6875
-1879.1356
124.97111
-512.698
1805.4492
-1112.2228
-1077.7859
-418.7523
-502.86682
-1089.2955
247.97156
-192.00633
-285.30197
-1924.8767
271.76443
604.6646
289.94092
1310.581
2506.6196
1399.9891
1182.4933
-579.1643
-251.39352
-253.24687
-480.25052
-41.744102
-1712.008
-478.60114
1569.5636
999.8406
-696.928
-239.50749
-592.02
-1449.4933
747.81683
932.65704
87.82375
-27.455345
-1055.8435
1917.5887
-894.42444
1699.7909
309.65808
521.9026
-169.68887
-201.10844
78.838715
-49.333725
-1687.9559
-235.63821
858.2562
-969.29535
198.3941
1812.7684
273.47357
-1211.8298
403.29465
-82.072365
-283.01935
448.20877
-1153.4342
-130.8421
-891.2348
-810.06573
669.3914
-170.5742
-1111.4255
-550.9443
-361.38556
-749.85913
2571.6218
-1609.3838
882.03625
2090.567
717.72833
-1048.9924
144.37599
743.547
833.65796
-936.8324
3.5167704
1724.4972
397.38406
770.2614
624.936
-1196.8773
104.81291
-929.6031
-157.76709
-875.643
26.851482
-162.07881
1315.518
-141.15628
-790.4804
-1099.4425
1600.4764
-419.12003
-226.14882
1190.9814
-113.16884
-943.28845
305.1942
-627.72095
-1747.6622
808.17584
298.14023
391.4472
271.02136
-528.8419
17.98905
-769.07495
-1231.4446
361.43863
-661.3941
-1110.6304
-658.745
-994.8178
-400.14163
-369.90714
-1335.0525
-75.408844
1112.9729
65.04575
933.86914
-1104.7942
423.45142
-1784.9589
-1117.6132
-462.50723
525.59045
-222.02214
1475.809
-752.5755
-592.6576
1421.8141
1628.2046
-579.85614
278.35992
322.5573
-997.5808
-984.1412
-989.4809
-2536.4226
272.9013
495.3828
-2017.9785
-167.41441
805.0019
2204.5725
1228.2227
415.53705
586.42786
1768.0652
-1687.3983
113.22907
-1612.5259
-783.02844
1029.0818
920.10736
-243.1488
-281.4398
257.45914
818.0793
-830.0905
-138.95338
1009.0814
247.39418
-655.5249
-984.8547
-825.0078
902.23
413.51962
-1001.3808
-139.83769
15.607843
-900.66534
-46.013313
917.6636
-126.17846
-1041.0608
1321.301
244.68758
467.99628
267.93958
-671.0269
1637.3018
572.411
1205.6814
-10.409521
524.60016
1656.6897
-708.6423
-1529.8925
-181.6642
113.440414
771.46045
-781.67206
-2269.8218
-88.56007
2866.9705
472.62997
769.4932
-84.758156
-338.61862
-679.1155
431.10184
1327.111
-245.07994
595.5846
710.08875
956.57965
-48.383423
210.26767
-229.20691
194.42001
1077.5902
68.00425
-121.04761
667.1021
-1220.3125
-2304.9585
1486.8799
-751.39453
-657.0277
250.1533
900.7074
314.96307
-730.1382
1180.5094
-120.166855
-310.329
-1235.4354
-1968.8511
-512.067
-606.55975
1874.6812
270.34525
1907.8682
-745.4364
276.96014
1244.4739
366.79587
-468.05347
802.24664
775.4472
-1767.2349
-62.181423
1011.7857
-252.11926
-356.5339
-77.840996
-180.60562
1554.088
-1897.784
523.3696
-1302.9164
-663.92377
-1933.9531
767.623
131.78616
-1181.5842
1551.4994
1408.2748
1268.0247
-182.5999
185.22171
765.1891
1243.507
1411.1096
-1965.7467
-1891.3282
-1042.2913
1774.7206
-119.43067
-306.34872
-138.79076
-960.9209
329.69305
-1422.948
31.852076
618.89886
-662.81396
-1621.3351
-823.97754
-947.57446
-1589.5869
241.67029
-1379.0957
-794.6453
-15.780233
827.2603
494.19052
-1521.355
-200.67114
-240.80296
-761.5149
-132.46643
836.4465
-1501.0226
2194.968
-881.26587
-402.6504
-1197.3345
310.11688
-149.50395
-534.3665
-498.13806
-597.5733
-58.80828
684.5548
846.6523
-1014.31226
601.6065
467.4237
1155.7327
290.9343
-872.19275
982.78064
-1387.9904
839.88776
1535.1295
473.4298
557.1033
-162.82295
238.80786
1147.3425
-787.3018
-658.57056
-1276.4984
-664.811
-218.24498
1764.9202
-0.87928903
169.5164
279.6734
270.898
-1393.86
1490.3599
-152.2122
-940.7926
-44.419357
-374.3715
383.86313
-168.98425
151.42961
485.29977
568.22546
-666.5242
-94.411934
69.85641
-1204.1707
257.4961
-424.34167
1579.49
1038.546
13.673109
569.87726
1130.2429
-959.0356
-873.707
76.91587
441.06876
-47.57947
-661.2333
-751.2884
-397.8095
-961.8082
1893.7676
-513.058
451.20847
901.26953
-1041.8088
527.84406
512.4398
-1265.1339
-1201.2579
-583.5666
-395.70618
-31.83294
293.06183
431.183
1627.0648
-515.16565
-469.30966
358.76755
-1247.5852
498.12524
1821.5637
-213.41939
-194.98412
18.74156
-619.592
-2755.1917
1806.4064
551.63525
-1075.954
965.7507
740.02875
1245.0587
-714.86786
-627.54395
1499.1204
703.5399
-1174.2863
516.7557
1397.214
-442.62885
45.611782
235.69016
-90.894485
683.6862
15.023288
-1720.506
-977.80853
1656.6101
223.4741
956.4394
-825.4487
-219.78682
433.50504
-729.4009
48.198807
-1686.7345
-523.6261
-635.745
1353.4609
-478.9887
-729.3269
-1289.07
-543.3184
-1687.7728
-23.647131
727.6082
-1542.3733
-720.55334
1394.2771
505.7786
163.94604
1078.2803
452.70676
48.81408
1292.8613
-774.77057
-501.39545
306.0219
-907.06555
372.69833
-561.547
1197.5962
232.56847
-2355.3057
1036.9801
-473.75845
48.504227
203.41837
-77.50527
319.95874
509.71805
1306.7704
232.69376
1199.3944
2671.685
-656.1309
-933.54865
575.8005
-7.771096
-1503.4252
262.3668
-665.70526
-412.0314
-592.4542
798.3779
1947.9249
1643.1244
895.0086
1046.4404
-327.24805
-792.2779
124.835335
1138.4485
344.6353
7.4671526
293.1825
65.8484
25.133493
-201.47069
-96.90554
970.10754
107.28071
479.82013
-143.68289
-186.65698
-879.3155
1576.1525
-1246.2557
-1458.5773
-33.37311
-201.73277
1436.0197
551.29517
1349.0192
-605.89935
692.2826
588.4535
561.40497
-188.31119
-466.12442
-489.77444
1426.0914
-883.12646
787.17664
1972.3545
1482.9819
1709.5685
-1683.3428
434.83383
2664.9084
58.15272
-681.1263
-495.75073
390.77808
718.5458
-1604.1824
1873.9812
1164.1498
-1328.8973
-534.38416
-1777.6654
509.14816
1199.1849
-1588.7808
-312.90228
-957.7236
4.1542826
624.30414
9.399426
172.0677
-1181.2936
-705.83435
194.82591
220.64035
1179.2212
-236.25522
-1407.0928
1251.4916
-1822.6847
1189.7166
1364.7803
-771.68195
840.0539
521.52704
460.70877
734.7203
-441.38834
-50.33779
364.02737
1866.7223
-464.86023
-1080.518
-150.73155
786.7521
-219.66182
-643.42944
1426.5323
-43.043945
-1018.9827
2142.1157
-522.5088
-1532.8589
-608.57135
-1559.8315
-493.35294
-1735.658
276.2709
480.6195
65.054695
-89.20417
-563.5779
-949.51996
963.6762
-1003.9378
-1246.6892
327.734
-267.05048
937.12714
-169.41936
-63.411064
626.91956
-696.8067
472.8543
265.0371
-646.65204
-172.92122
428.94785
799.4523
251.34283
-5.0046654
207.67256
-446.21075
-160.42992
43.02212
492.43
853.566
835.9536
-763.5548
-245.05621
519.0789
673.8046
-1231.1931
1044.9645
-1210.3005
1260.828
958.1448
-1769.9999
-400.97006
-2202.9553
-795.8503
459.63867
517.2464
-901.756
-38.446415
-1391.0276
903.30853
-587.7523
-758.21826
154.55742
-1984.5271
280.71332
901.514
-2735.1455
296.0868
690.95807
