-342.22916
897.458
-33.38592
475.86035
419.2382
295.4145
-73.608154
371.9692
-76.65429
-158.99588
231.29785
-1570.4656
-65.51093
-267.40573
-96.51474
-936.59155
-102.545906
719.33563
240.12437
925.00806
-5.0824585
-1420.4904
106.1095
-45.255733
-258.61493
-241.00662
-189.04121
-228.06602
-482.37448
145.92305
-319.52347
-237.70834
-71.80556
1217.0482
738.1762
1118.9991
515.6362
-19.685322
-7.956556
-337.76306
-724.9823
-415.34885
-291.22797
-8.154359
439.93835
275.63336
155.5722
-633.7149
-588.291
278.35632
-384.57697
325.8949
-184.53384
-468.99484
664.8466
268.72125
1834.618
-588.87836
-115.87072
-211.77118
-183.14641
512.751
294.59253
-224.99902
-170.88745
-178.48045
-298.00763
12.165839
1633.1705
460.3941
-488.60327
296.49405
-235.29796
342.32858
69.935814
-707.6686
-478.93832
-467.40225
5.3231697
351.84943
-413.5926
-229.43066
-879.4464
-433.18903
-861.23065
817.0226
-1098.9097
1176.5463
1040.8533
457.44452
-481.7088
187.79915
1012.4688
-579.9205
17.866438
186.00943
545.9974
661.7104
636.1037
438.536
-855.3228
-196.19487
-422.68533
-366.5945
-1202.499
170.6245
1098.6296
1216.2468
84.51975
-188.84647
-697.4108
259.51257
431.68304
57.266163
746.7299
272.80652
725.66833
208.29762
195.06642
-1216.7881
1149.6035
46.365604
298.98523
-413.6412
253.65656
366.06146
-761.4767
-367.7448
820.8816
-274.15878
-143.3922
679.1184
-853.59515
102.29182
-422.8568
121.63954
-401.5775
41.520718
445.9054
-79.433784
-155.64285
-125.20814
-1791.8947
-1024.6744
-815.1868
1242.6754
483.51672
688.5539
94.30507
-261.80136
895.4935
900.3961
37.37214
-296.0994
44.719772
-0.8900464
-744.93097
268.1497
-1411.3855
-70.25281
763.75165
-1036.8116
203.87607
-302.34268
777.40643
852.89734
-595.776
445.2156
594.1848
-1147.576
-522.447
-52.897175
200.80649
599.8238
347.34494
231.90137
43.863388
1244.4056
368.62735
-912.96375
-197.02725
241.26692
-729.00226
-170.067
221.20659
-1038.0168
636.75793
-660.2333
-953.8047
1524.5354
146.82234
-741.74396
286.3978
1405.2052
420.52197
-465.01254
186.49352
-371.02966
-68.79347
-621.74133
-334.61118
1420.127
130.2829
418.9578
-355.09503
-127.816154
-7.972354
-76.906845
-986.82477
-682.9413
246.04263
185.26863
-888.0434
-251.2602
1115.7196
1737.8455
-429.14783
1063.0923
-232.07127
-186.11267
63.130184
88.06485
397.33804
-1328.5323
-757.5347
855.2965
-677.4242
407.22165
879.7395
-471.5607
-216.36517
1135.5316
-587.12787
-428.38876
192.0081
-650.6617
-259.5215
431.82178
-959.2018
-26.844038
-457.4869
346.21027
348.9881
-506.29434
716.0798
-588.9791
-222.8024
94.16475
-1588.7611
27.85121
-592.7609
1267.4272
31.249468
715.6949
403.58044
-132.20694
420.17273
-56.56559
-444.54126
672.7165
294.58597
-287.4286
-196.96907
-44.927036
-360.96033
-282.75693
-581.1727
-84.83171
-360.78952
-520.9135
66.38415
-1167.5547
748.9112
-330.5357
-108.75532
-294.85483
-405.58444
672.11707
1168.5022
584.16504
-296.85513
113.055756
445.34662
294.93732
684.4679
-220.21014
-1085.1593
-1044.2565
324.36877
-16.233332
548.2955
-47.779224
-124.984024
447.21637
-482.74597
210.45464
666.1749
-614.51843
110.2973
-70.734985
1.6799823
390.20248
-754.67096
-1116.7655
-810.1996
-70.83281
753.80255
-420.1507
-754.8368
-403.26202
-189.28046
-405.05896
-239.40688
298.85068
-647.1326
193.95338
-536.19995
-1076.9817
-737.33826
23.418303
-503.18665
153.0181
-789.3307
210.29955
-287.69193
1344.2062
749.48047
-236.15854
-71.04965
525.84143
-577.51245
262.43732
-211.74191
1114.3655
-768.0931
642.0808
511.4555
108.15425
354.9851
1150.7288
295.36005
-285.16803
-1286.9355
274.57257
-1181.8965
584.60834
-7.5162215
1438.4053
338.07108
886.5861
79.367516
688.49115
124.248726
-431.8641
364.8717
-267.68658
205.65176
-41.146893
-842.2672
117.42121
262.01376
-304.2041
415.3163
-611.5315
-857.1489
195.84091
-891.31244
355.9562
-77.224396
1015.25336
62.196083
-381.30664
541.2856
291.60266
1154.4874
-384.1838
-17.605146
1104.8768
-120.02951
-881.9911
138.1143
-381.73276
-552.516
-160.3475
-997.3376
189.77872
-68.57981
-916.3277
172.76917
371.09753
-220.38617
-24.201649
-117.0892
33.89555
153.01367
-508.078
-163.23615
746.13806
-993.5139
607.4296
320.8434
-363.3163
651.12024
863.1022
-414.75436
-172.4221
-435.42587
-346.58478
-2126.0088
1005.1241
541.7999
28.085257
516.7882
768.3454
571.0619
-833.3417
10.847224
2.1321626
-104.989235
-806.5072
419.006
308.7186
499.00708
341.98364
548.57916
266.7677
-252.99577
-451.30374
-705.10815
-497.39362
853.48236
-574.0448
228.17413
-735.16156
148.67183
549.4161
-729.4388
-13.718726
-567.6018
-373.53403
-190.99364
745.378
461.28882
-48.315517
-273.22418
-584.9761
-325.66504
-158.49287
394.55713
-444.93887
-363.89987
608.95935
-13.261137
225.97774
598.74805
325.0647
-959.0803
105.72393
62.31155
-659.3933
223.48518
29.289257
-29.107428
1016.093
724.11224
-571.0963
-1683.7687
560.248
-34.842953
-30.034386
-486.2542
-518.1772
154.81458
343.92737
885.39825
-709.2678
476.3512
1016.9224
-435.759
-510.09818
729.90356
185.58235
-1032.0603
-337.3625
203.40886
-840.1422
-929.0749
754.24835
1364.1097
262.04337
-245.17517
739.37915
559.111
134.96405
-45.7025
-133.45947
-25.01
-114.38091
199.12532
-35.120487
838.96344
-446.11356
-1385.9133
485.7223
-311.7063
103.10382
-533.19116
-71.74162
-489.3577
303.41815
-335.26913
-195.61934
-218.91243
-692.7534
604.6648
-573.0874
84.51543
-40.59864
856.0984
24.127403
1002.2426
585.1848
-334.4763
-445.0746
278.6682
-686.7213
-658.57825
958.79456
771.2636
663.2338
-843.3061
219.93716
1306.9169
150.593
-108.31251
269.549
-64.93478
482.73587
-1011.0558
1132.0294
-401.72226
-558.62744
-277.18784
3.0301392
441.409
1229.5487
-318.8836
-528.7232
-829.30725
460.2212
278.1598
606.8716
-26.11199
16.73519
-1167.0127
64.655495
-59.36575
379.47156
-318.59488
-220.54195
1314.1968
-1133.3665
786.40155
862.9736
-971.5965
69.42055
472.54617
-738.37744
454.63544
-436.42944
-326.6888
431.45218
494.06805
930.3574
178.52617
808.5066
345.87744
16.374355
-272.36523
440.55795
740.0942
3.2830987
998.57166
53.49379
-1463.8323
-325.00797
-1370.256
-756.1469
-1602.023
298.4684
37.611774
74.86773
639.48004
-383.5344
-784.05176
517.80096
-244.20883
-1418.3995
-171.49417
437.15494
-225.7837
210.90944
-373.37936
934.79443
-763.9173
-256.15765
788.57495
-835.7768
-108.774216
-436.85196
809.6985
101.32871
555.9736
338.38022
-74.21116
-474.1804
53.191135
489.60944
997.6476
1106.5033
-231.1227
-807.3187
473.6618
46.88142
-1004.207
327.7785
-711.40594
928.51294
-563.4754
-446.25763
-537.23004
-894.4127
-349.83728
559.8101
933.3249
-626.2456
324.7763
-873.4132
790.3147
266.96866
177.59805
81.38895
-281.86865
-211.99348
624.91406
-1664.5092
106.28632
37.85587
