497.27475
1208.6525
69.78714
818.991
1222.0789
946.206
-394.465
413.73016
224.80537
-86.92446
-287.16437
-1758.2806
-683.00446
-822.2107
-296.8428
-1086.0989
-84.97882
928.0277
56.633896
1509.7404
-201.0979
-1404.1067
-219.53215
-51.69174
-458.47263
-415.24445
-518.0572
459.20856
-437.05215
639.4462
77.57573
-336.0128
364.53796
1844.5085
697.63354
590.75946
61.621464
-350.38046
72.23711
-135.26926
-736.6307
-750.2452
-581.17633
860.6468
225.01007
-170.80177
181.91998
-872.7581
-985.2083
265.36316
-90.56182
560.377
-8.216808
-684.0334
1207.0685
314.94617
2044.0754
-742.4007
351.35767
183.29012
90.09764
98.88165
710.33093
-374.7616
-157.43112
71.05443
-427.14502
210.1172
1804.7275
-375.6067
-629.0676
685.6209
45.36729
-342.26538
192.07315
-1749.7491
-523.66296
-1523.57
-65.99705
418.75403
-151.31824
-458.10913
-686.346
-1084.6488
-331.95294
1584.3949
-1119.2379
922.9513
1314.3429
602.72595
-824.9941
447.38763
696.68805
-286.61914
266.60132
-336.8111
971.9443
1347.7092
717.57837
254.17357
-964.9767
-460.4713
-1191.7125
-674.5843
-1622.6384
-236.04926
245.21974
897.6336
147.1992
-1004.00867
-746.7358
518.0414
411.1283
81.44679
1246.7338
58.195797
-260.5861
685.9392
-30.357853
-1455.3915
685.46326
342.7043
-16.29236
149.19008
422.308
726.55066
-467.1689
-625.7352
1021.71967
-177.3291
-256.10214
94.468864
-536.1163
-1028.7299
-160.80074
-387.51215
-357.03885
452.3848
427.2153
57.621407
-451.34656
158.50505
-1738.3131
-1373.0521
-815.07245
1336.1519
265.7484
1487.3143
114.784485
-410.77756
427.3351
787.9835
74.73256
-490.78082
360.72906
-89.2507
-569.40845
-52.815002
-2215.627
383.17892
645.7629
-1263.0643
-207.76122
-373.50632
1760.5983
632.9848
-722.29736
-42.02142
539.83044
-1191.9203
-668.0356
170.05684
-45.228775
597.59705
398.35074
454.40338
-70.78944
624.1056
482.18884
-743.9832
167.99072
358.93546
131.81195
-427.03873
-350.87173
-556.5881
1127.1632
-256.15387
-1352.314
916.2878
-294.9296
-1043.2155
387.59418
1414.1127
721.3824
-634.83203
750.46
-593.93976
612.05176
-41.198128
-385.86005
967.2626
214.28531
814.5226
-361.89163
345.2387
262.00543
-603.7879
-1771.4585
-693.6581
-29.0973
-476.9818
-993.67474
-1087.2307
875.32153
1942.6653
-514.9258
1576.0782
-280.65594
-412.81342
-92.54474
90.10842
164.19139
-904.99133
-578.64703
945.2223
16.504768
505.92398
1111.0182
-200.21889
-518.9213
1106.3478
-50.26119
173.34747
645.7516
-935.13995
-1243.1508
899.2589
-1045.9099
-354.39365
480.87766
423.15045
996.9508
-313.4899
1025.4927
101.647644
-414.187
-420.80484
-1099.4261
-357.3311
-981.5727
1373.5748
667.0215
1322.2399
204.31442
473.4064
817.6694
-134.43623
-810.5924
884.2709
358.16183
-497.4616
256.24387
469.18665
-826.0833
-665.5097
-559.29663
0.52555317
-296.22452
-1090.5641
-5.434245
-807.4433
301.3573
-1252.8531
500.40662
-341.19904
-387.88345
767.7636
1184.2168
789.65894
-6.6215982
40.080727
604.5117
878.9298
1726.4067
-510.944
-1226.2814
-853.5621
790.1533
67.5562
610.53973
-88.70375
-396.56287
588.1465
-741.0174
-350.60342
70.05604
-934.1471
55.858955
-691.01746
-442.5339
-498.79147
-79.20325
-925.792
-726.5119
-418.1102
472.6137
-769.9295
-1019.6575
-43.173096
-923.6548
-1018.9192
-309.92404
18.493475
-865.7052
687.7078
-924.04175
-937.70074
-802.38513
396.35632
-767.2643
-85.80188
-649.0169
-323.9262
19.27655
841.5257
845.8225
-1162.6575
231.47879
-160.4493
-271.6694
71.75719
-109.08379
457.1853
-1044.9762
644.8731
952.25574
-348.58163
705.3899
845.2647
110.06825
-12.839402
-984.94257
-64.88456
-433.18008
955.6107
345.77078
1539.162
422.07358
926.0532
-243.08829
533.8442
200.01546
244.52095
253.40105
-609.7031
425.89142
84.18586
-557.9133
-53.713017
804.22437
-65.14692
175.8599
-839.24036
-891.0086
448.39563
-652.0474
-200.0957
43.411057
1651.8401
400.60596
-856.35175
-153.13632
239.06946
645.564
-636.7681
914.91846
1107.6548
276.53925
-1047.426
282.69513
-615.9231
-763.30585
196.2937
-994.1481
167.83594
-299.56073
-952.30804
698.19293
558.9121
-448.04102
-747.5435
-965.1179
304.7038
340.1819
208.31047
162.35457
806.66815
-815.4246
222.46678
1014.6027
-1396.8588
335.4414
1086.6998
-468.8181
-251.5636
-527.6101
-236.67456
-2649.5833
876.3727
937.7732
-207.95297
1086.277
234.07292
684.35297
-1021.09436
-641.2173
157.37253
208.67998
-850.56195
603.2132
606.88873
662.61816
374.53748
784.77783
135.37686
386.0793
-247.80322
-1055.0969
-554.4941
1042.2329
-737.9239
169.22911
-368.9994
-26.564764
630.3927
-277.87543
-15.748809
-910.9495
565.8846
-625.3414
949.97284
303.04037
-13.626612
-18.326246
-515.57623
-1386.6182
21.387854
436.81638
-445.15564
-768.39496
1038.5371
181.86235
223.54633
833.1534
289.5578
-462.11288
468.4793
-179.16628
233.79887
243.73889
-97.12483
394.74017
304.37955
700.81866
250.70094
-2110.5156
814.1597
-160.14133
252.94705
-393.7127
88.77004
269.31918
53.100563
1148.531
-813.85004
266.31943
1399.5753
-1002.00885
-980.7412
681.92676
771.6036
-1077.1598
-265.06897
-26.664566
-1127.2922
-716.12726
1290.7172
2082.4524
899.0806
-4.085746
1166.2273
226.75568
218.0731
495.38657
578.3427
259.87482
-425.52512
298.81485
354.66672
227.7874
-1051.4603
-1240.1099
228.63618
-528.3936
318.78577
237.99335
-200.36153
-1205.7872
1209.0417
-556.8551
-768.55194
-44.85509
-1082.3218
1044.9482
-563.7066
650.2496
-400.06622
1056.4205
293.4887
805.34705
258.8097
-949.5493
-331.66568
53.865993
-721.0355
-34.27057
1070.5708
1420.4336
954.17914
-1180.1542
396.37354
1855.0483
569.6122
462.82684
-208.42166
690.5828
544.7292
-518.5904
1213.0295
6.9819775
-827.57214
189.09138
-1084.223
677.7601
1209.3964
-464.34732
-271.63715
-1153.9021
368.95456
712.5995
195.05585
65.07712
-341.54028
-1179.2665
-705.33295
342.57092
556.1288
-695.18
-480.7633
1210.8796
-1355.8427
954.98206
1073.9431
-625.85925
485.8563
418.32007
-1099.7404
484.66357
-240.9972
-376.47806
1495.8391
774.58624
347.39075
96.79104
-171.22607
795.31586
-421.22226
-429.36957
987.3119
282.1705
-172.90462
1312.8778
-178.00133
-1537.6742
-494.86038
-1502.8934
-773.21564
-2026.9022
619.5422
506.12454
406.04236
-28.831411
-231.78322
-679.2293
1155.8964
-959.9087
-1726.2078
-162.36285
189.29402
109.62116
-171.44472
-977.77783
877.1796
-780.8588
175.8384
851.1695
-682.333
-408.75558
-439.9787
855.6059
311.80167
973.8175
37.711357
-240.17848
-140.93312
-42.732285
627.2809
889.6168
1255.9823
-241.95433
-508.85574
324.92197
27.558609
-1160.8962
1143.3258
-708.71796
670.78064
-22.360823
-1176.2134
-1043.8059
-1467.8842
-218.91458
600.29474
918.2525
-970.23303
-35.629707
-700.23535
1119.5106
243.42683
-553.55786
132.63692
-945.7056
512.2098
631.49646
-1826.0863
538.7085
-72.42611
