-334.29062
1085.4044
-149.12189
341.12418
752.04224
474.2014
-274.18094
480.29337
-12.618787
-137.78772
12.91444
-1311.637
-63.893482
-534.3964
-253.1964
-1126.8418
-182.0835
1040.7542
-130.86002
1224.9545
20.58509
-1456.194
-82.30647
90.27169
-235.77429
-553.95325
-228.93765
-202.38222
-812.7334
298.43246
-123.14464
-421.0905
-126.803276
1163.3107
683.4886
842.3691
256.86087
-9.903262
-411.31525
34.63885
-574.65015
-645.6529
-102.95889
268.85007
489.59064
-239.38371
330.3638
-620.0918
-657.75195
257.814
-291.01468
418.6631
-314.7298
-65.23866
1071.4578
105.60939
1757.7689
-861.9744
52.831
-63.60739
-146.3314
-19.428558
98.16828
-330.72128
-322.29547
310.1191
-365.81067
-49.004517
1452.2743
-25.973583
-517.05695
49.840633
-303.58047
353.78232
263.7301
-1103.0216
-600.59503
-558.00446
81.43774
209.72934
273.9813
-638.55054
-751.7113
-927.7188
-581.4161
872.2635
-1127.9911
1223.9352
1386.137
720.29095
-599.3603
805.29535
1062.6133
-437.45145
85.24577
-121.15807
448.8538
1053.2196
667.768
347.8828
-1011.7702
-504.9226
-1037.3376
-642.4102
-1186.3776
-97.87334
772.6302
1347.0565
-45.226273
-383.40488
-646.22034
145.39409
421.4582
195.89095
1005.6595
137.89409
613.9071
310.25876
128.32971
-1093.6738
1077.2441
85.371185
83.010765
-545.11444
110.920074
443.49197
-809.01025
-530.6747
748.52167
-204.16663
46.644318
408.41556
-827.2018
-75.674385
-122.85163
123.960945
-353.23227
311.77637
339.78943
-286.78827
-93.81959
270.0358
-1854.1993
-1227.7694
-719.9541
1069.0413
31.584642
833.4642
159.47707
-705.74066
775.49054
446.95715
-111.37683
-384.67404
408.1023
88.745865
-707.7083
454.15985
-1917.348
248.83719
1226.2745
-971.3136
64.76359
-380.0908
954.776
693.3619
-660.71875
317.0603
586.7488
-1285.456
-366.90353
103.452965
-105.04451
485.66943
518.5116
311.62967
-46.32259
997.9139
156.662
-696.84955
67.28083
430.16602
-389.94202
-289.17496
127.00707
-759.17883
1159.8608
-428.95428
-928.58093
1211.8
0.7608676
-1200.9564
432.72638
1325.8644
395.60025
-629.058
555.88196
-391.95197
6.0155463
-378.45642
-219.32298
1593.3346
153.13829
574.15295
-315.15228
230.7033
149.3407
-346.00504
-1557.6897
-646.43945
217.53365
-244.99976
-964.62445
-577.9294
1013.6153
1863.1731
-566.811
1216.1445
-170.01074
-33.75732
-162.33919
130.09386
646.3119
-935.49994
-738.722
1078.0251
-298.53287
178.98607
1049.2996
-284.23044
-211.56238
969.6506
-458.78403
112.118614
234.57101
-732.53
-485.24863
485.46408
-1011.78357
-256.9862
-352.8798
544.05084
735.9649
-432.6897
972.2999
-597.4599
-454.16965
-166.53914
-1189.0974
-114.53665
-637.9217
1148.8865
345.46765
903.4569
286.6743
-3.2310436
577.4126
-278.49683
-570.2282
536.04803
469.79144
-686.53253
-1.1852334
283.55527
-961.5166
-771.69904
-169.39565
-138.27547
-488.6918
-909.3662
-132.08667
-741.6039
233.42903
-774.8711
-72.620575
-344.85455
-557.9785
516.35803
1021.0164
394.26636
8.1877575
437.82596
714.22644
236.92159
975.50073
-540.8546
-1236.7632
-1052.028
834.1744
-173.48499
734.73126
40.142853
-83.54981
403.5033
-467.87616
-35.681847
328.0875
-484.43042
91.86845
-556.0794
49.668987
-117.28659
-160.49316
-1375.5881
-754.93677
-256.33167
557.6535
-440.1204
-763.37964
-231.4533
-413.8982
-768.34485
-327.73343
114.050354
-703.1423
390.19284
-721.39923
-945.5974
-625.19543
224.88928
-677.0524
216.14357
-573.6364
290.067
130.34601
898.75305
743.7108
-834.2346
-117.802155
139.2503
-481.9248
173.20598
36.376556
910.81085
-1107.3546
838.28357
704.3838
-386.19864
812.0891
995.9996
296.85623
-52.584072
-1149.3278
98.37054
-1175.0494
560.92645
-13.157681
1277.3093
313.54993
1060.0353
137.09451
836.66003
46.651375
-443.40555
99.629456
-451.14404
-88.67289
-282.02908
-749.81665
115.94293
415.13168
-66.08471
47.919884
-492.37436
-648.08435
-196.76387
-808.4781
94.12289
-238.9319
940.5329
67.61619
-415.6427
607.8493
256.7502
1051.2771
-831.90283
482.7634
1397.8765
-13.482552
-954.8354
170.21985
-482.31412
-319.97296
-171.46204
-849.9881
373.42764
-222.94275
-1013.00635
532.30206
540.7556
-159.25679
-443.82156
-566.84515
312.3191
353.81674
-195.7341
205.4823
589.05646
-1283.0573
544.26434
380.1684
-981.20703
662.7808
662.9148
-41.56699
74.921875
-702.5173
-227.98122
-2590.7224
1044.1713
574.62726
-339.04013
387.2855
487.14404
562.98596
-774.7916
-184.98676
66.06239
16.812305
-780.3096
252.31007
225.64494
473.13135
316.00882
1198.53
-86.49799
-112.972015
-678.5821
-842.64526
-674.85394
1042.7202
-657.9731
75.58482
-718.2181
360.7394
726.31494
-819.8349
-92.210365
-581.4895
89.6539
-366.33716
794.72125
458.40942
-400.2108
-72.485374
-571.5848
-1040.4031
-29.928173
548.70984
-356.81754
-258.67648
872.0081
-230.36327
209.188
732.1684
-147.21336
-755.1422
223.62329
141.38658
-235.2549
665.4908
-201.57236
78.66481
845.55536
632.5309
-131.60481
-1749.9297
735.1926
-310.7037
205.81972
-823.5895
-120.991135
144.2618
278.78354
629.156
-888.4037
546.59753
1064.6171
-989.0546
-749.82086
614.582
764.8805
-921.3542
-47.179863
20.722689
-800.5074
-842.07153
624.3214
1503.0697
454.74667
-340.6106
765.36865
195.50323
-86.46684
-106.41787
-40.1994
219.95174
-261.64374
302.37027
102.193184
645.54254
-691.707
-1282.3464
543.3618
-426.62302
63.40941
-474.56366
-312.58624
-782.8792
239.57208
-677.629
-497.36603
-444.97394
-1136.5995
955.1688
-765.3948
399.82425
-54.88207
830.306
518.38
1117.0634
476.04987
-682.33057
-226.91069
14.620985
-744.1802
-746.1754
813.0587
1265.489
334.81287
-933.5392
676.40063
1695.4418
418.823
9.5673685
265.48398
-103.08895
724.09515
-501.81342
1047.8553
-224.95174
-508.65076
425.50433
-525.794
396.84137
1418.3339
-432.29456
-537.98914
-1005.72864
309.2507
389.0694
547.8955
134.8255
88.037674
-1045.0046
-268.29288
190.85957
352.46286
-491.7796
-200.23938
1311.9164
-1313.0916
557.285
628.9151
-875.21704
604.7475
358.62613
-934.0818
305.46686
-435.42642
-142.24675
1062.1887
527.64624
909.83545
-104.87289
395.68744
428.3135
-72.57423
-127.806786
635.09607
441.211
-113.01093
931.1287
87.00673
-1672.1897
-546.691
-1417.7457
-518.6158
-1995.6853
550.3755
131.6233
342.70517
623.30963
-299.4338
-679.7312
755.4494
-596.4129
-1354.635
-27.68103
443.3842
75.70246
35.89146
-678.9448
746.9472
-1000.2762
-88.0869
1095.2095
-1036.3707
-275.78583
-194.31673
817.2096
36.892796
600.7207
315.14484
-559.83044
-344.08218
309.05783
614.8804
984.61847
1029.6793
3.67817
-437.99222
865.4649
-48.881676
-1079.2971
209.85144
-731.7216
783.58746
-95.883156
-973.5351
-738.4725
-941.1348
-300.63812
1255.9119
909.35223
-412.4133
193.6859
-685.18225
940.26074
279.26172
-139.77888
34.093624
-487.53897
1.8809435
948.4565
-1770.844
416.90237
249.65067
