-276.69717
203.22847
117.987206
378.35428
307.5124
-73.97139
7.8886404
150.8238
323.8529
577.2744
47.109943
-593.7658
-412.88663
102.82282
266.26877
-621.13983
168.32454
272.54697
47.483482
114.056015
461.8764
16.127811
-162.83174
320.6539
-361.9473
0.15062976
286.38956
-107.1297
178.21127
-86.5403
-61.71241
-22.248348
-272.4445
349.07443
420.31985
308.64777
173.48572
52.808815
-467.24246
-537.98193
-433.32962
-26.4114
597.83826
-84.00415
478.5255
100.46615
356.04648
-26.251583
-214.85223
80.308044
-465.34213
83.813354
-86.13079
53.384083
230.19104
268.22348
899.92737
155.97414
-162.5322
100.34492
-320.58414
-214.56332
619.80115
-245.03992
228.14441
316.10706
281.24564
387.82352
295.81177
18.669863
-276.6173
194.09488
40.594543
7.7600956
-65.2898
-365.33917
-183.48814
-220.30685
262.5202
286.45566
-572.3601
328.0982
129.17462
157.67863
-520.93134
245.8397
280.87488
270.18362
370.1068
255.37865
388.68903
162.93826
1251.8574
-655.4817
-537.22394
525.20526
-137.99323
52.86436
328.86887
-151.2813
-326.99277
-337.69022
161.94666
-347.5744
-848.3487
-118.26641
296.49426
395.95865
-725.6541
240.7448
-728.56494
-303.71375
568.4936
-424.0692
-99.526955
-69.08729
-58.346355
418.20093
-131.68245
-119.584946
954.8807
498.11588
-173.87495
-536.2707
-243.16331
114.754005
-402.3504
-173.46242
259.5186
-59.13683
368.52966
347.69333
-463.53897
24.09455
-396.92657
161.11357
274.04773
-395.87167
-72.08158
-381.8472
-19.653463
106.34686
-462.75516
-357.1155
216.60498
-95.31276
444.91885
-22.630602
-94.81747
-116.60676
-214.67511
221.97511
177.89803
-223.86258
-306.16592
185.39589
-141.93213
-142.29437
-425.90195
28.478683
-82.42851
-429.7304
137.8174
402.83997
-78.858116
-172.3627
-332.46518
-356.08508
11.2927685
-255.23953
-193.75143
361.46997
94.70362
422.10156
-436.31985
200.81548
92.447105
375.5224
144.65881
-257.15378
-257.97433
-0.68094766
-257.51273
-238.84157
-306.6479
44.147823
468.65695
-104.76466
57.9675
641.55817
-54.451378
-149.68135
-270.6136
717.0678
488.4771
-532.16364
-276.7932
265.80307
-614.1313
-69.90736
-59.367905
84.30595
720.4648
-113.548294
98.313
387.1444
-246.92981
188.24507
-782.9533
-303.01157
695.0113
-136.24149
-704.4151
55.414154
60.88274
456.30835
-230.69539
381.90814
-355.99133
-478.28027
204.92393
32.41752
161.10588
-915.7091
-269.35202
11.75424
-213.19872
255.01479
194.72893
-302.3801
328.2949
349.1514
-60.629536
-84.520485
452.06192
-427.18488
-146.21062
192.77534
90.84483
-255.50565
-85.73146
92.327965
-135.62653
-473.4706
427.09595
-42.52153
-86.5529
277.66068
-100.71988
-98.145805
-808.94574
380.78888
196.5213
567.91534
390.00662
185.6223
315.77206
-31.176203
-279.13666
-7.5641794
158.56985
-204.56252
-127.11806
216.77094
16.49263
-578.5615
-267.00955
-258.32858
45.063313
-283.2654
30.388998
-168.20534
508.0989
149.77577
-326.18027
-351.36926
52.120407
-53.443607
324.57123
-183.52768
18.915123
-320.00238
-48.523594
-258.81598
216.95709
245.62991
-429.79245
-450.74026
-140.2949
-264.9029
96.16458
-364.73355
581.80286
718.01544
-18.938232
-41.211437
148.28412
-249.4096
-111.63211
-458.85632
-162.54631
570.1339
-408.23077
-689.2911
117.73791
69.27719
479.94522
-303.9773
-208.80826
-48.799324
-222.4427
25.292177
-174.41423
455.9729
-646.7288
450.50952
-55.62909
239.67732
-3.6647341
-210.41965
-101.62356
113.46315
-754.9644
-602.19226
-271.0681
109.36361
-103.09613
153.39346
-339.94696
325.98227
-1086.4484
185.63951
-133.08733
628.9512
-38.910442
196.53902
-111.3108
-37.67353
-161.68738
631.78174
241.72163
-155.56374
-269.4107
-157.19966
-388.25888
227.36179
412.67618
255.35359
-121.05069
210.40228
699.8264
-2.077759
223.6946
-164.77866
115.72283
-390.6883
84.452415
498.3304
-326.13498
-139.61736
-259.71085
-247.01924
-274.6169
-124.42245
-288.0922
96.38228
-659.1684
403.59735
15.111071
506.05768
224.89764
45.300034
391.7313
434.97296
511.84344
-301.13974
-608.8675
105.4485
-190.25562
-680.4219
174.8097
-259.51688
-148.02885
-182.2
-505.25113
292.30936
-52.631905
-442.36325
381.55804
612.1193
440.55
-228.53455
-50.523983
64.62776
29.66711
-280.30365
284.24258
718.17224
-128.05652
171.01424
150.73398
83.50268
159.85907
514.1313
-84.679054
154.74573
12.59052
-192.9642
-393.75116
240.94269
91.33985
444.2944
163.4463
900.5293
-120.113716
18.95218
484.54584
78.959885
-11.190563
-157.06511
214.07796
-202.46014
239.64659
175.35579
112.883995
304.5172
-359.598
218.70741
-385.47537
-328.98227
578.86487
-506.841
78.50574
-112.609146
-17.51126
362.8506
37.26274
1.6569872
3.8277524
22.936705
-99.50691
268.5336
414.01343
-410.60526
67.74442
-532.27277
327.95517
42.266735
787.5523
-189.48259
249.7573
-26.136326
-232.70752
271.0257
-16.560825
297.09625
-258.23328
687.86725
-242.39938
-175.3495
-110.366394
121.08184
390.49146
74.002144
-537.8279
-471.11963
-50.824818
794.57776
-268.58185
-367.33023
-472.06073
-28.933258
-143.91316
333.06308
-313.95587
-662.9995
474.57437
916.02325
-216.14928
89.541176
197.90886
323.21478
-503.05215
143.64603
-159.65892
-376.62112
-172.39977
-397.5885
558.3719
55.25169
-374.21005
463.66318
-33.79746
-69.59775
505.25543
-137.6184
49.72122
-240.83617
-52.15365
-398.5599
177.85461
-43.982574
-197.87708
221.60812
-284.948
112.102264
-302.09674
-605.51483
319.96698
-101.229034
48.965416
313.57828
-43.557262
-212.9442
408.8124
-141.495
-149.15125
203.79245
323.0292
373.4972
660.40393
-48.24387
-361.2311
-134.96152
361.33627
-486.5146
-37.342648
416.70618
523.6573
119.81229
-205.51895
-318.9617
615.655
366.332
-423.7288
-363.05627
354.3421
561.46014
-142.25742
711.146
262.63614
-446.9089
610.98096
189.15857
-132.98352
-28.98649
-457.3314
132.14001
-322.34222
155.79102
429.48633
-403.659
-118.02398
-439.41425
-502.88806
74.10608
75.21567
145.59576
162.99484
-334.83405
177.7599
-838.2921
179.47836
362.77502
-124.26896
-43.311905
639.473
101.44049
7.4618397
229.30006
-135.05327
-292.53854
461.20334
-72.64215
652.8718
-70.957634
101.5513
-185.09581
415.9527
342.01904
142.45267
-113.1008
313.6715
-124.02796
-288.40997
237.99037
-325.04953
87.98161
-487.7265
549.6839
300.7701
99.63638
730.5675
-471.23315
-133.0021
307.62756
-178.83562
-24.176785
40.40926
536.6785
-545.6188
-89.804054
-63.391876
467.33395
106.05574
-300.52762
199.56854
-396.7267
-132.44635
-200.60245
222.14117
186.3733
408.96185
-293.13416
-97.11046
24.089315
-56.27779
322.07397
850.3279
730.78766
-99.4164
-66.4102
-291.71405
412.145
-37.6412
32.38263
-209.42859
165.55734
-485.09277
-271.24326
-35.062836
-52.409515
-326.26437
225.32222
623.33496
193.60385
262.2751
-566.7601
43.9588
52.42872
-1.8013017
-178.28711
-372.9005
-125.48397
454.20386
-606.59064
-15.329217
-9.2836
