325.2146
1010.8008
39.556427
633.0371
1069.4407
964.6997
-274.94147
718.7291
153.7722
-165.51222
9.19716
-1536.6545
-439.67963
-789.0486
-221.43974
-1106.1814
-195.20695
796.6434
-78.330864
1290.0134
-57.759983
-1699.3712
-302.05557
297.48956
-459.3057
-589.9886
-398.5976
396.3475
-340.4742
569.63135
25.523525
-321.80515
-86.31593
1409.834
626.6347
392.079
273.4977
-242.91484
-57.227226
-261.51846
-746.3545
-836.2607
-271.95895
923.7835
199.39543
-480.96054
328.56226
-794.15607
-1182.7836
346.4662
-41.944187
750.88513
-11.291397
-546.9398
1335.5609
337.59717
1855.0756
-811.0769
113.20447
244.46179
-155.2204
79.64788
691.6773
-404.40515
-436.40875
255.5205
-714.15063
225.45824
1856.4355
-280.15753
-483.5125
491.37164
-65.50432
-43.529068
94.49458
-1825.5184
-538.3125
-1126.8378
-119.44493
278.22025
-77.71671
-801.7023
-825.51556
-1092.7343
-572.35815
1444.4677
-847.4114
1037.1461
1198.2477
630.7191
-772.7424
493.07162
1057.5303
-395.89758
279.99954
-265.05704
861.1187
1279.7649
894.8353
166.95537
-792.39996
-438.07828
-1203.6378
-738.6875
-1431.4563
-62.342907
148.28136
912.0858
96.01058
-786.7171
-921.2108
341.8466
429.7216
48.78959
1210.7284
30.25162
-183.17238
657.4977
-249.60294
-1502.4718
543.69336
455.89413
162.85284
47.40367
354.26483
483.523
-301.13104
-614.9371
791.22156
-107.05851
-144.98315
285.83997
-650.7155
-921.6478
-107.66774
-64.965195
-523.8177
407.83203
355.89642
40.215797
-381.7107
319.41797
-1838.0543
-1352.1122
-478.63013
1110.0126
212.26865
1212.2205
-61.780582
-506.97525
578.89874
785.3081
-14.880925
-625.1049
371.9212
-246.15471
-482.86554
230.91435
-2446.2668
731.51965
922.52295
-1090.9781
54.39295
-446.01093
1676.025
529.8234
-690.6958
84.26772
250.63611
-1244.3729
-698.04987
213.94542
-134.80692
753.1041
441.0653
433.67816
52.229237
958.8221
575.07294
-1060.0708
114.02527
440.69882
141.79321
-509.1636
-209.29143
-638.0919
1245.4543
-354.781
-1135.6809
1063.939
1.2508025
-1398.6664
272.17886
1478.0812
608.83136
-469.84958
771.1869
-555.1987
408.72726
26.861877
-223.6027
1185.5039
337.2506
771.75104
-423.5837
72.72957
315.71796
-564.5536
-1909.5286
-811.28503
-12.128694
-544.9467
-850.46783
-1064.2485
885.32434
1977.3038
-512.2171
1360.8047
7.7936535
-221.96379
-198.92685
92.910545
225.69202
-736.273
-641.82837
1168.3176
-215.51846
135.32747
1061.4131
-315.58856
-211.1764
814.4508
-186.57927
107.15973
683.0288
-1055.8131
-845.0766
1004.21765
-1220.0789
-329.7722
199.8121
301.36343
1037.6348
-310.7902
914.8441
-62.733894
-432.196
-476.7741
-1167.281
-200.70891
-771.80835
1377.7998
684.3474
1228.7043
190.39049
522.5986
955.2099
-438.4752
-764.9742
973.3883
252.95093
-597.2615
278.48352
336.44504
-650.3217
-734.1468
-221.25706
10.614975
-360.94687
-926.3248
-52.559002
-645.8914
428.40292
-1187.7394
442.30997
-550.1593
-410.30167
574.1177
1199.2839
927.37036
-5.001573
-4.7222977
526.6198
774.8497
1566.0452
-522.65436
-1147.3259
-861.16113
582.4468
29.101208
653.1721
-76.58523
-38.947308
643.2701
-805.641
-268.594
92.11757
-1003.0766
353.66022
-567.10645
-258.11288
-325.8983
-41.210815
-1025.0294
-426.7073
-400.71838
390.0068
-470.14746
-801.9137
-286.72803
-797.1413
-918.331
-295.166
254.12285
-880.4682
541.7798
-716.1141
-880.09564
-734.31836
359.41296
-473.61688
306.0214
-362.3189
-277.73288
-250.5623
1085.6996
824.3395
-800.6001
-35.47152
-366.52087
-378.95905
40.151844
27.684795
661.2176
-870.78296
813.6274
958.48444
-473.59802
638.90924
780.11145
402.9036
90.48482
-910.80914
80.61496
-775.07825
676.7176
18.793427
1411.06
326.4735
1144.0665
-379.59076
516.8942
212.3152
30.98343
164.17136
-823.1558
305.67627
160.98907
-712.32837
-4.598325
845.8514
-332.06802
225.18431
-844.3963
-935.13745
381.26843
-806.2258
-190.93187
-154.49924
1172.806
381.42532
-772.65375
-108.180176
194.47281
789.88354
-452.6934
850.94257
1304.8496
210.09517
-987.4059
-63.32697
-682.28455
-699.9272
328.2473
-1112.7314
258.80554
-64.07668
-1126.7214
680.3905
343.28476
-306.2464
-639.9158
-477.83694
417.60025
419.66156
35.053947
261.35864
325.9084
-943.02795
261.60797
832.3355
-1212.9542
399.26923
878.00934
-277.06866
-295.43155
-397.2451
-412.50064
-2542.103
1139.579
810.86255
-162.94006
715.6737
407.5841
811.7728
-1050.1392
-587.15
204.58394
240.34966
-681.5908
389.608
619.9786
790.53436
355.36768
904.9543
93.47563
213.98706
-225.03488
-1007.2273
-630.8306
1019.3462
-544.5203
73.303986
-401.54532
163.85023
531.2756
-567.3053
-6.740579
-710.8091
389.25598
-412.83914
860.7891
350.94785
-243.24026
172.98521
-573.7728
-1336.0571
-19.74612
276.654
-282.57324
-651.61847
1022.13696
105.49267
177.35081
1124.4427
-12.193025
-577.111
609.7137
-60.969093
-52.587234
199.01791
-2.3516417
213.00269
429.12964
859.09204
205.04477
-1862.4232
678.0966
-301.00223
466.84302
-509.00458
149.88919
234.87595
184.50554
1228.8828
-972.77966
393.9889
1229.1735
-919.9991
-1074.7201
914.5254
961.23315
-1064.3032
-288.0793
-36.48281
-1026.6572
-925.4243
1142.3187
1872.5785
815.59
-73.39046
901.24255
115.87569
501
507.0348
700.8508
370.42896
-322.41782
474.33908
397.2787
167.73569
-811.728
-984.7176
432.37253
-681.8423
163.32336
143.79425
-87.47932
-1205.3851
845.7439
-568.68317
-377.105
-124.07306
-1258.1365
895.0626
-494.05453
507.5763
-209.71606
931.16345
435.00992
799.42444
193.63092
-878.5153
-218.10081
282.78986
-796.7616
25.327412
1014.4135
1369.3612
734.78876
-1020.62244
686.3753
1640.9072
372.76587
231.64105
-259.28464
576.77423
516.37134
-555.1982
1250.8267
-115.38336
-924.514
409.42004
-846.1496
612.43976
1433.5686
-489.4384
-443.59778
-959.2427
225.64062
502.01474
400.84076
51.8342
-55.32874
-1045.9431
-321.87564
358.77023
687.1336
-526.3612
-312.34006
1216.1997
-1138.0859
881.7565
1067.0878
-642.9824
569.5868
429.07657
-867.54407
475.5701
-227.59943
-62.409893
1395.1606
448.5711
548.84033
150.94873
93.950516
824.35266
-356.77097
-161.98166
801.09283
462.42642
-271.19955
1279.377
-211.51529
-1538.5026
-704.8278
-1467.3103
-814.43445
-2126.7476
488.8989
305.00165
124.020584
96.229294
-146.16127
-696.7244
1171.5718
-709.68835
-1775.6598
-94.63463
166.79274
251.02327
-197.17229
-817.018
976.2836
-602.2519
159.72777
949.30286
-1160.0955
-717.9956
-566.02484
1056.1713
140.36469
629.8419
81.04622
-180.60757
-412.60513
196.26285
500.86807
1067.0726
1193.7258
24.58753
-346.3406
562.37085
-259.34113
-1253.9368
788.2816
-881.02344
609.2738
275.77393
-1317.7515
-1171.6042
-1418.2502
-232.31328
701.317
1086.8387
-550.82385
259.64438
-666.46576
1109.9503
405.90103
-337.75684
105.35511
-768.8622
534.3292
743.5493
-1844.8165
509.17273
-88.92987
