-204.1983
456.2217
91.82328
356.72113
-184.22505
-197.1568
-142.20528
410.0275
426.54517
630.89655
418.58133
-994.268
-90.46283
-93.24026
-395.27972
-687.48236
-268.90353
146.68774
-57.796494
345.92145
489.40887
-644.7271
-396.31253
909.9069
-696.1898
92.093155
252.65222
-364.48135
-144.23964
-187.98555
100.00031
-454.79218
-254.12141
888.8966
513.87366
540.27295
183.25119
-120.37866
-90.95574
-489.03787
-722.08545
-271.28366
-62.160378
-227.87065
232.37642
115.319
383.29074
-101.78933
-341.11215
35.3291
-465.90994
301.36618
-474.50784
264.71835
-114.39523
343.1236
1191.1598
-455.53806
-714.2076
321.3646
-289.0652
133.67076
507.38452
-189.9381
349.65735
450.6295
336.76187
-128.35321
624.14514
172.17506
76.26334
286.85922
-16.496035
189.58191
-163.90025
-129.29044
-453.56885
26.471159
513.21814
299.93045
-294.02472
-61.74641
-549.24744
-158.10077
-1015.1167
802.82904
93.40047
739.46747
459.4442
266.82095
93.514366
205.90375
1141.3635
-882.1966
-640.7069
455.49142
286.3952
412.83014
270.78317
-256.11954
-339.0138
-519.4683
76.6637
71.663055
-335.47363
177.75821
759.15936
238.42715
-221.96725
310.9093
-508.97906
-53.00531
369.9659
-378.51666
464.2384
-278.44113
61.555904
321.8741
188.3262
-624.11664
1087.8857
452.2529
170.50572
-797.20874
-577.79407
-95.04499
-585.3704
-847.55023
486.65274
-148.53671
185.85683
-5.5658216
-1106.4648
-97.51517
-504.7437
236.4872
-100.68094
17.69778
252.7638
-238.68898
-103.98773
30.782675
-738.6259
-469.76807
-287.76294
374.227
589.8733
464.98508
85.15297
-580.6033
107.914085
272.04706
-126.874504
-238.32625
-132.73589
109.00316
-597.46674
-512.7587
-1130.8315
246.02129
271.2044
-430.44394
131.30565
415.72946
15.17083
104.00945
-540.4884
272.25818
56.567783
-514.858
-117.49553
434.93353
266.3088
293.16653
-596.4652
242.45436
146.97433
763.3192
539.4138
-592.2249
-223.27731
358.29193
-290.21942
-250.06523
-140.41501
-416.87238
837.8171
-401.62424
-271.74768
920.3428
-71.05431
-249.49535
-197.8543
772.4952
615.6727
-483.60977
116.57568
41.15296
-240.30856
-296.94485
-213.75046
549.68677
280.82532
201.74693
-167.47644
388.6012
-186.39087
46.49948
-567.7974
-280.10196
755.9533
62.855957
-686.4746
194.61394
379.3743
630.649
-370.12354
748.59875
-368.1643
-280.04117
139.32143
339.3153
617.3104
-848.37616
-405.99973
92.4144
-575.231
440.05154
72.38808
-722.8697
267.89044
322.47687
167.51715
-606.6754
482.45163
-658.5784
-220.96654
158.18831
-626.4315
-220.41861
-140.92984
407.2814
-316.6449
-214.96516
926.2883
-447.79205
-200.51384
178.29384
-911.41296
-43.539734
-955.67914
601.59265
-57.77223
723.23627
307.05786
-63.460472
-222.10988
-179.2551
-398.4401
493.46906
53.170464
-653.16406
-302.382
-38.499943
-187.84576
-539.39886
-310.84018
-320.43405
222.57074
-281.5208
-138.59628
-884.7679
420.59653
358.908
-29.81636
-346.8207
-297.826
-110.49232
863.7265
68.98
77.8439
-256.57712
66.03161
-14.45179
536.592
-9.946182
-767.1471
-487.9209
-423.18362
-101.28461
-24.785515
-329.4838
838.65607
417.27545
-222.36153
203.4997
377.7655
-113.088196
-332.95813
-439.00357
-301.37347
381.53897
-740.9312
-487.1826
296.01672
14.575137
298.85947
-1.7766231
-211.7788
-221.03442
-251.41603
109.195114
-112.018196
189.50009
-586.27814
138.10272
-125.89545
-130.10959
-468.01282
-267.8479
-135.83636
16.03972
-967.62305
-222.6195
-187.71045
844.3957
194.26901
-50.092445
-378.70483
681.77313
-1039.9143
-202.92865
-362.40768
930.6067
-296.77927
565.158
707.61053
1.7944891
139.04681
940.5045
369.95554
261.49124
-726.2361
-213.00351
-311.79248
223.47878
-262.80823
522.53357
-105.56976
320.15927
427.26227
112.98484
364.6254
-56.72451
-148.82556
-399.9723
-72.34238
-53.17317
-425.28406
-417.8614
-212.49255
-117.189224
24.8207
-605.34735
-1100.0753
425.8065
-842.74066
272.08417
65.5209
749.19775
295.59528
-238.81184
303.44965
551.4971
807.9284
-593.25195
-432.82083
218.77122
-216.90585
-641.53925
-41.396984
-21.010605
-322.5136
-21.612783
-544.36743
150.16286
-279.4992
-268.37335
706.6545
693.2211
189.90329
-398.8716
-138.7457
408.66092
52.690342
7.559569
375.25986
801.4612
-402.42633
446.9101
501.15973
-432.3275
471.56714
1135.9833
-353.06592
583.28503
-493.6835
-136.68735
-997.1417
771.66516
-140.72745
-186.0018
199.29045
732.7623
-117.727135
-50.744183
219.9595
-0.61805594
-376.4837
-547.41547
111.55197
-27.549877
839.9848
-161.4587
394.7286
86.08009
-562.9435
-58.564182
-658.1215
-347.45026
691.4927
-426.337
100.97277
-479.45224
260.67657
414.4537
-8.549738
-294.58484
-284.88007
-49.78713
103.25134
229.09511
667.0167
-206.93889
-26.747961
-529.4518
181.81622
-28.130138
835.3607
-72.88578
32.62302
347.0639
-195.70134
135.20277
376.8382
423.03784
-517.7201
547.92523
-168.84535
-355.6877
-87.75502
94.216064
335.5335
660.76373
-164.0685
-569.4591
-466.09686
574.9229
103.99859
21.631615
-481.42773
-456.45273
219.18288
345.7133
187.38524
-434.4893
567.47284
1192.1869
-386.77408
-86.17591
141.93779
125.69196
-487.92624
438.0974
-195.24774
-633.8195
-490.4871
234.71461
724.5932
176.27512
-50.003387
684.4775
-275.80725
-399.11124
257.01147
-305.4426
-236.70145
-239.93214
466.9937
71.769226
240.09349
-249.64252
-951.3146
312.95126
-231.79697
176.50124
-280.5507
-232.87529
-210.96516
-215.86028
-454.28595
212.02808
299.05215
-708.8961
368.33643
43.666264
76.05404
-97.18751
313.47244
479.1212
900.36646
207.28496
-339.47296
72.09204
888.3415
26.69785
66.89814
379.2198
684.27655
236.78714
-562.1769
-277.75577
1079.0145
539.78186
-137.8917
-347.30466
140.80038
738.5707
-640.7885
556.5397
157.68483
-427.0821
-73.94163
-282.15613
-32.036392
460.00388
-14.307644
1.531832
-811.8937
213.87689
663.8563
186.06926
-247.19301
-265.8186
-982.07477
372.6741
326.97144
77.00675
-149.44614
-56.02575
440.76666
-1345.4573
930.87396
737.5368
3.2936544
112.72213
514.6475
-18.116451
548.9722
-12.324046
-455.77353
34.83133
514.66174
584.85583
659.2122
-23.62168
-63.930145
6.7644854
224.71407
773.29596
545.3608
-340.33395
793.45795
-73.823204
-567.922
296.27612
-623.51526
-431.00766
-1032.1465
588.17664
-181.7625
-46.969208
636.9064
-250.6776
-469.23514
180.98076
-208.4906
-374.97717
278.872
221.62794
-202.2935
-109.38346
94.48539
895.57135
-391.7632
-125.226715
274.9086
-357.18817
10.503935
-371.5806
215.53618
-5.463202
665.80115
-108.386826
-107.29367
-7.7938795
-47.91136
243.55281
1047.7709
1081.5682
-228.94666
-304.59387
-213.90515
-81.20039
-504.6543
160.97362
-217.20642
653.442
-443.55453
-275.1117
187.56157
-210.10292
-367.76514
665.55756
744.13245
-221.97931
403.61893
-691.1675
523.11066
-91.37138
-278.83194
-394.67532
-771.3648
-247.73671
413.89413
-1178.8295
219.85533
263.85382
