-912.7222
584.1678
1152.4011
95.61446
1336.9067
980.662
-587.3678
909.1998
21.94957
544.9585
-920.66943
-1345.4092
-997.2731
-1057.1716
-236.01997
-1695.0898
-1688.7035
252.4634
-438.45724
1580.0359
-620.5282
-718.14514
-183.41391
-401.32962
-1169.1315
413.38855
-643.26904
-339.99625
-1670.7421
172.1804
594.64044
209.33517
1167.7898
2200.0474
1768.1528
1373.1241
-575.5275
-377.1795
-232.43958
-293.36523
-418.13406
-1412.1123
-768.3028
1334.0469
705.2389
-567.9032
-91.63396
-1098.5627
-1327.5884
707.0488
600.0709
-87.39493
-187.40335
-1473.4143
2060.8425
-842.0035
1687.3489
-46.383915
874.2708
-429.65735
-290.32123
157.46048
176.06111
-1239.8701
-206.05121
690.94037
-793.90607
623.49445
1610.6887
39.28251
-1225.3716
-335.05252
163.24237
-155.88162
548.2774
-1414.0085
2.2686296
-1292.206
-422.5894
573.1658
-271.904
-609.005
-392.4741
-497.76733
-272.48978
2343.28
-1348.358
681.538
2035.6122
326.59622
-769.5917
275.35913
828.049
707.5005
-997.38824
30.520813
1725.3484
641.98444
699.70856
386.89
-1093.1461
201.13889
-933.33575
-352.46252
-815.6262
-206.80269
-234.73384
969.14703
-38.63047
-770.2384
-1246.1726
1286.6895
-2.173752
-529.3786
1204.0535
-177.28574
-819.4814
408.79562
-412.87064
-1606.7731
902.7102
559.795
371.8209
27.247477
-712.34015
390.14896
-650.1759
-1165.5952
759.6068
-610.7612
-411.24817
233.26585
-658.4121
-803.03796
-387.18097
-1283.1208
59.591568
1029.1533
283.84558
875.4986
-702.3284
420.51535
-1321.9496
-1321.6724
-263.81662
469.01593
-107.32808
1465.5337
-414.64978
-376.2877
1023.30316
1323.3533
-644.49896
-13.296308
762.5702
-797.59686
-996.44257
-860.7085
-2507.146
455.11548
825.21075
-1725.7137
220.484
780.5129
1619.0825
804.708
88.612465
307.5989
1364.1193
-1898.869
-39.095398
-965.9538
-332.53635
1079.9429
756.8395
149.01451
-431.5116
356.5311
518.9979
-1482.579
-189.35596
698.67065
-174.98256
-487.4426
-679.93896
-601.67883
1144.5267
478.03098
-1057.6119
301.0913
277.30222
-1286.4207
155.98468
803.279
-356.30997
-707.06256
1440.0463
-134.74944
384.70828
257.2826
-482.57913
1430.1611
329.97357
1261.5813
-102.671875
582.76886
1159.1866
-429.6894
-1035.0266
-538.6997
62.056538
637.73944
-502.6285
-1977.8275
168.52635
2693.787
54.153954
1139.2618
-227.193
-209.35898
-453.1837
307.98657
727.45953
-375.13245
139.49727
467.39706
1005.9303
391.64307
593.1176
-588.9481
-84.59953
1182.7023
-348.6387
132.59448
638.5868
-1424.9906
-2310.1614
1237.084
-709.2518
-772.62506
-68.36442
740.9978
802.78046
-548.0497
1160.065
202.1296
-45.53939
-1266.2771
-1739.2521
-934.3901
-931.6473
1669.7675
283.77063
1599.127
-561.20483
369.68387
859.621
-58.37465
-450.55072
900.4102
259.27805
-914.0238
313.80386
872.42554
-195.0606
-300.10553
-303.26053
71.976974
1027.4729
-1725.6466
29.197317
-940.90094
-746.2964
-1439.6569
462.15244
-98.02049
-1087.0906
1424.0587
1117.1713
1282.358
-188.8397
42.59974
407.90234
1065.0264
1186.6215
-1637.7759
-1596.0957
-733.1756
1325.4237
-593.6933
-320.6975
354.36804
-905.8971
246.65817
-1193.8174
444.2933
530.3646
-703.4204
-1261.494
-583.49005
-811.53784
-1637.8539
222.98825
-1203.1509
-905.09503
-248.93272
649.9202
240.53514
-1331.5603
10.136227
-513.6622
-1301.2386
-340.8157
919.6778
-1469.7528
2240.1697
-1009.219
-705.9735
-964.0946
735.1332
133.18225
-75.92749
-844.85266
-861.7456
-340.14914
539.2277
1193.2533
-563.8195
405.31143
355.81134
1255.3291
234.85223
-543.9035
689.3435
-1529.8756
801.3454
944.0237
294.1194
854.6332
447.6885
166.16646
654.875
-698.3046
-602.69006
-814.88776
-171.06384
-274.44733
2332.6682
-372.7867
305.8361
272.55487
-55.877968
-1067.8857
987.32764
243.5831
-1100.2937
153.05998
-710.2045
438.9272
389.94995
807.10474
523.5474
420.82132
-483.89362
-541.9668
127.8496
-1173.1564
193.10364
-380.51025
999.06885
996.01154
-563.84357
306.87827
1149.4716
-538.9226
-1055.2355
107.36995
641.55365
-359.35663
-1296.4025
-471.2018
-71.2412
-920.61536
1083.6724
-777.56915
486.25916
613.5864
-1483.9623
1025.0956
613.82544
-1072.9434
-1507.1561
-854.92377
278.81934
-201.45824
89.6716
240.07301
1082.3251
-459.59253
-47.4613
256.21356
-1676.0834
455.7847
1517.0822
-630.80273
-315.61478
-150.74251
-452.94183
-2705.712
1505.563
443.4259
-1101.3357
1422.6
419.67905
1091.8525
-745.5793
-597.70044
1388.5704
953.46313
-933.8245
713.09985
1184.4397
-146.44513
-149.90186
406.87106
-405.10898
809.66705
-23.9377
-1296.8468
-1467.8308
1553.3928
-249.61394
671.1705
-827.05225
-649.21674
543.2926
-509.09256
298.70178
-2084.7751
-687.4622
-916.7306
1211.8707
-45.46293
-670.5254
-1201.203
-860.03217
-1847.4421
148.13611
452.2323
-1462.8296
-1068.9429
1212.5072
556.0177
223.01514
1622.6676
285.94235
89.340996
1066.8971
-1013.9187
-345.0559
-126.77166
-1210.3867
559.5056
-440.30566
1252.8684
167.70282
-2076.051
1712.0054
-341.88626
-237.85706
408.2141
246.34761
388.49225
659.8059
1485.5751
-417.81735
1027.5526
2604.4705
-932.48987
-1175.771
395.58826
176.02528
-1299.947
41.272076
-403.90424
-460.89487
-505.96072
1443.1947
1914.8757
1573.8834
770.19934
1006.2049
-273.30685
-341.03088
145.00525
958.36615
235.87422
-285.13605
496.36505
154.6396
-390.1639
-146.93169
-526.23944
752.43146
-83.37535
-85.0748
-27.887667
-309.82495
-1179.1691
1891.0856
-1290.8624
-1174.602
-387.2141
-458.35208
1612.2665
619.65674
995.94995
-583.97943
531.0273
1020.07855
647.9272
198.90822
-194.01012
-616.44336
882.6405
-820.78156
717.9962
1671.8774
1598.3915
1845.7943
-1662.916
442.19592
2132.4268
654.96716
-470.43442
-365.76547
166.06802
464.907
-900.6527
1818.672
920.27655
-1190.2119
-434.19064
-1800.5544
611.0784
1556.036
-1354.9309
59.48809
-1284.6211
-197.28473
504.37863
-130.43694
187.44962
-1122.7478
-651.2355
209.63643
303.57175
1349.6481
-509.47964
-1196.6838
1062.96
-1920.743
966.81586
1668.2081
-825.9475
399.3499
236.207
-83.79062
1006.7162
-116.761604
31.576218
1093.7329
1458.6238
-285.5163
-567.5064
-404.79132
875.53815
-233.65599
-692.9738
1274.0286
-85.04107
-584.6165
1870.363
-281.07477
-1657.7875
-542.8318
-1473.6796
-563.5002
-1851.6997
289.07126
449.22836
483.3262
86.43528
-267.5404
-1048.9797
1104.3567
-939.92145
-1487.1178
-167.64891
-528.0151
1098.1688
123.56715
162.1292
939.23474
-736.29364
575.15155
182.82133
-863.9281
-234.13145
224.27057
304.36923
90.97081
455.7068
697.0905
-530.20605
-638.1196
251.14268
197.39555
758.68353
795.07385
-604.84534
-326.74213
311.3536
642.5105
-1131.2643
873.03265
-1145.4894
878.22205
932.48865
-1203.713
-340.76678
-2234.6736
-681.4853
478.31137
838.27014
-760.6079
137.26047
-1105.3467
978.2362
-204.2757
-896.07635
443.00574
-1383.7606
481.7254
1113.8613
-2889.5684
393.60895
495.15735
