-76.7227
352.20215
-80.561104
444.07376
64.37901
-141.24509
127.17384
-180.21347
2.8141634
528.61926
-49.321587
-402.55695
-166.03351
-108.52963
-23.503218
-197.0368
-292.33817
131.50214
-85.59976
302.58685
-26.369747
-28.268
-199.38736
38.246567
-440.70477
-115.11015
12.468422
-28.535854
-83.22482
-104.2382
47.970814
-11.803765
11.760649
445.3885
359.6964
74.90087
103.416115
-79.12509
-440.45898
-432.2016
-151.27104
183.96913
88.80004
75.675644
176.55727
238.59235
36.8967
-270.37918
117.52018
-241.56157
177.54971
168.7758
-55.861603
306.65933
13.619057
-210.29196
296.4372
156.98033
133.48717
102.72282
-67.02967
412.48105
220.2717
-1.964876
319.54565
140.257
48.62535
309.30203
167.37392
18.913214
-90.70845
328.52087
232.94229
62.178143
-149.26768
-305.72116
-87.218346
91.18996
-38.816696
42.38253
-341.97095
387.8714
400.76688
-41.741734
-101.85473
-113.58934
71.388016
174.44514
231.3425
31.253828
-149.63458
146.69519
510.5941
-331.67328
90.36972
223.7186
-257.0163
-229.06871
69.53718
-62.768852
-234.01703
-222.3255
-82.89532
-159.089
-403.98984
185.18828
176.53821
-9.005188
21.799044
273.72565
-338.86618
-95.85559
381.4881
7.8008013
-155.53932
81.40787
13.828247
-11.124208
90.92318
-74.43608
232.41235
431.6199
-19.291864
-102.398285
-174.97299
27.093643
-282.33868
-86.98884
172.63815
225.67613
-262.80807
184.85889
-86.29088
147.11101
-317.76794
240.20349
247.92557
-179.07123
-81.30489
-163.05005
-111.591644
180.8526
-39.654255
-358.33713
114.58733
24.917408
120.372215
-214.52658
117.373535
-268.59332
-119.23695
-301.42584
367.50974
67.992096
217.24205
53.98403
308.52213
-39.374935
-485.85428
162.65988
62.12396
45.758118
127.88554
256.72708
53.249695
27.812529
181.14908
-78.93588
-129.26886
-70.72076
-146.44644
237.41241
-39.512665
5.5846024
77.97466
-6.8147993
107.15289
513.9437
241.97061
-138.62723
-77.14957
122.83336
-119.544975
-403.0531
-406.83264
-139.06424
-106.14043
1.0804706
-150.6383
562.1102
-247.77411
103.895645
-132.58807
563.8501
317.15475
-459.26575
-14.5151615
-70.258766
-457.4224
374.4008
49.72513
188.70337
118.18444
83.046196
34.224083
24.017384
-494.44333
245.84322
-98.24369
-96.02282
216.39764
81.11176
-440.5149
-212.29793
-220.15234
-9.513952
154.80907
116.70929
-233.34203
-40.886177
175.82263
267.24173
253.0465
-307.40125
135.67897
182.30492
-268.37915
-270.11563
-62.503525
-77.54536
-50.64309
-54.055218
-219.7877
71.913635
77.68167
80.69411
-39.57859
250.43655
42.471825
-250.00961
175.3942
-198.45753
-10.093466
-182.9601
20.666714
-36.926373
184.07436
-68.805305
-2.0478716
100.80337
-209.6045
-209.20094
80.2639
297.80927
282.35812
164.14226
100.17379
-350.60184
-312.56635
-45.046936
76.31373
119.940865
-76.22161
462.80374
124.40462
-493.28845
1.6217775
175.52292
16.449583
-319.2723
-65.91227
-374.78003
51.40394
220.4708
14.201462
-108.840515
-40.28751
20.005028
7.6025486
-23.293915
3.092424
23.824503
-49.41668
-264.36148
85.61852
-43.9799
39.757744
-248.5544
-70.999146
17.921122
72.949974
-192.42639
423.57175
113.19408
-97.48232
-125.90699
201.39897
-290.0656
156.05519
72.921196
-81.74733
228.76842
-385.4856
-392.894
84.41367
25.398148
113.387436
-179.2202
31.040699
-58.712536
-274.12216
5.56804
242.2816
186.63268
-327.87408
-80.86917
204.49875
25.154423
128.95726
-104.29236
155.13527
-112.630905
-534.32465
-307.72046
214.24524
25.300753
-82.05399
177.29834
-64.835045
230.5253
-325.0838
270.3923
-239.37715
242.84488
-83.52754
49.26782
-37.0335
-221.4983
-96.43017
311.46524
-25.064812
-31.609467
-296.54858
-99.937325
-233.5045
15.632987
140.09158
211.20638
-100.27054
326.32867
446.08698
189.43909
121.51443
185.17935
269.84106
-67.89751
-354.8713
27.22491
-440.62552
-117.74571
-137.95236
-61.978313
-124.28706
-88.439026
-279.63593
286.67462
-374.71857
176.9587
-433.99612
123.04184
178.31262
-179.77284
174.48582
540.73755
478.28827
-282.2243
-21.538803
193.37883
-95.4263
-90.4561
67.16169
61.525734
-256.113
69.39223
-442.41943
-72.09916
-13.997305
-137.98424
23.211937
33.825516
384.8971
-17.51174
-181.34367
-172.27702
65.8321
-36.993237
144.1135
409.49872
-300.48004
136.78177
115.78249
342.68216
-139.09094
65.862885
-50.602345
-234.31969
-91.2739
-130.52635
61.08817
-15.238415
220.63377
-63.999294
5.8474026
516.23914
100.71731
255.39505
83.88363
67.4148
-69.2909
269.82266
-156.17513
-127.782234
-173.43713
-138.38037
-342.20343
-30.243792
-293.31418
-158.31326
-166.42088
23.235909
-74.5687
-108.17407
-32.022762
-28.362917
263.28073
20.49245
249.53569
-118.73733
127.49916
-217.91365
-312.1696
176.7835
215.54294
-354.1199
-23.553886
-177.65886
272.64056
-342.51675
-115.24666
27.720684
114.03981
300.56512
-129.91435
-69.63823
175.39325
262.17877
-345.65405
654.37994
-300.87112
-297.06598
158.19397
-32.80056
283.28806
-140.31007
-559.0547
-340.6129
-84.67108
389.5618
-190.1506
-118.54097
-224.44675
24.181969
8.877264
98.4982
-27.854616
-437.8079
86.243
372.24802
-38.62212
7.201051
-170.17334
-136.37599
-266.72235
-9.0807085
-255.45822
85.74443
-122.654045
-158.3693
-25.122252
146.43246
-112.089554
125.746056
-147.25703
-65.81087
263.96625
222.45076
-28.918089
-62.038563
265.6905
-661.0274
377.85544
-245.71239
107.82757
-145.2374
293.4484
-219.93115
-279.75723
-70.28961
-107.51261
4.03192
364.07513
124.52915
-18.646307
107.4031
60.927635
-125.50727
-115.34662
-7.3037195
-185.49153
281.69852
246.32524
-104.580475
-335.7014
-199.90408
177.49834
49.793003
58.612427
-53.411274
192.14677
107.89002
-179.04738
-197.58313
-76.93437
95.30062
-44.170334
-63.79095
223.06139
287.60236
-32.87072
99.74842
6.086604
90.613335
543.52936
-158.12965
-58.678104
195.5972
-343.55508
232.95602
7.6674156
292.6069
-89.06525
-137.12099
-109.84417
-332.26797
-52.119587
179.48929
76.408394
278.7803
-90.18235
119.52078
-144.17372
-559.36865
134.53117
303.97025
-137.9564
-171.95372
292.2556
237.16014
163.13914
319.931
28.71375
-70.396164
197.08203
-260.27725
422.94794
269.8963
-19.258755
289.5114
-27.579641
-10.762199
128.16154
30.961378
27.27634
7.9174337
44.872612
75.54619
-95.9823
-20.434607
-55.673817
-177.4478
192.78123
102.54382
235.74838
-346.82266
-30.35963
141.65628
203.21202
55.14569
164.5872
472.15576
-141.91737
-167.09778
13.092856
344.1496
350.09024
13.008158
-310.9599
-54.088783
15.491307
23.026752
-62.92432
-186.34274
462.8293
107.5965
51.722065
-245.62495
79.17422
166.42441
236.74402
291.17184
30.370956
-167.23624
-76.24413
-181.73997
408.41522
-154.97905
121.84958
-160.8406
-191.30472
168.63008
168.44655
-218.02603
-128.8318
-383.97357
78.81569
-163.41182
13.881316
-290.4491
27.196535
-97.81681
47.301834
-67.889534
-65.120445
116.17105
225.46735
-397.93118
39.50713
178.37929
