-960.27954
410.41605
1424.4287
493.56952
1183.0116
1302.6147
-623.31573
878.67487
429.71613
350.4013
-750.1397
-1232.8389
-838.2279
-964.3656
-142.86542
-2022.5245
-1860.3949
91.1319
-431.36734
1839.9243
-1117.5612
-1044.9846
-244.85902
-530.2122
-1076.1437
393.13983
-150.0638
-228.30753
-2001.1237
203.55095
638.38275
266.5202
1174.5161
2487.2224
1522.1317
1334.1224
-578.46747
-175.76854
-199.3206
-526.8253
96.92284
-1712.5262
-618.8212
1518.1798
1010.3441
-685.0246
-244.9847
-507.78894
-1513.0956
617.2362
966.36774
100.35458
-15.474997
-974.15686
1881.5504
-969.7079
1716.4565
367.53452
411.50134
-207.62527
-181.3382
196.63023
-159.01192
-1627.9167
-126.26884
942.2259
-1207.1611
215.59169
1704.1731
60.74953
-1093.5751
345.8576
0.63305783
-243.214
374.05408
-1073.0779
-201.28477
-942.6867
-739.08344
818.04987
-155.44742
-1264.8865
-537.64044
-168.01865
-786.1666
2673.4583
-1692.2064
848.639
1938.4952
664.9936
-1142.5176
240.4842
806.0866
786.7513
-960.07184
-77.16569
1731.6001
533.3094
716.25964
499.59375
-1236.9658
260.56082
-870.8729
-228.43013
-808.7925
79.31135
-231.29254
1224.0287
-68.78954
-723.8611
-1178.3545
1533.269
-443.2751
-220.91936
1345.1099
-156.77968
-803.98193
434.8254
-516.54144
-1602.4562
845.94183
353.59637
508.57538
243.15204
-545.9602
-118.64271
-768.1919
-1247.2928
471.76968
-819.57825
-1231.6224
-695.4782
-1084.3597
-440.4865
-215.32431
-1240.8983
-95.95796
1109.55
86.426544
1032.9352
-1013.3263
312.01013
-1594.893
-1097.1254
-568.77026
379.9416
-199.65604
1568.0311
-665.1075
-585.154
1442.3264
1712.92
-656.75006
327.00226
382.15836
-1040.0267
-995.78204
-911.3381
-2636.4417
213.42441
565.58777
-1988.4523
-246.7965
778.2443
1991.6316
1494.7628
380.09244
532.9066
1755.9979
-1572.7195
4.9764123
-1622.9961
-855.47375
1173.726
828.62134
-205.6724
-353.08173
284.64905
885.54486
-774.373
-179.63321
1018.32776
119.54626
-447.05164
-846.5121
-887.7011
834.39746
392.24945
-910.10864
-25.326643
11.277605
-799.3856
-129.236
1066.3055
-237.25446
-973.41754
1289.252
198.11449
363.05307
314.11786
-746.74915
1473.9667
567.9869
1033.1641
6.715549
545.80865
1860.7704
-743.8225
-1669.8112
-124.98219
203.4244
795.9895
-800.3976
-2302.3118
-64.246796
2889.8335
530.5583
856.6317
-178.59692
-399.24982
-632.4651
497.40924
1405.5127
-305.59134
420.31982
615.1126
938.8539
-104.82851
194.44339
-276.35797
108.63359
1066.3755
21.392286
-99.30609
649.7582
-1053.6268
-2358.3755
1567.4288
-659.57025
-483.71045
348.03952
778.9864
350.73477
-845.8439
1267.0796
-136.51811
-181.09079
-1178.7034
-1958.9373
-635.58514
-504.45392
1874.6519
134.93936
1698.0518
-674.0622
301.97836
1301.5992
474.77145
-603.32635
851.2917
740.36554
-1926.5304
-93.14953
1166.1097
-355.5875
-396.15607
-185.30133
-193.05777
1444.8438
-1934.4962
543.4068
-1315.2959
-715.98627
-1959.988
719.5035
23.906199
-917.894
1458.3518
1306.2686
1175.0652
-168.17703
226.43756
768.00977
1137.3953
1470.5355
-1937.7137
-1875.9141
-1073.2472
1727.601
-131.82928
-394.06494
-84.425156
-965.1125
220.0707
-1469.6798
-43.206535
596.8372
-559.6449
-1617.328
-734.68933
-1015.4491
-1623.2183
343.68262
-1253.7491
-927.3612
-40.240036
806.9192
660.3709
-1545.6603
-193.32944
-278.55133
-786.77637
-97.76044
830.61725
-1458.8733
2398.8508
-734.17834
-390.7802
-1111.8712
269.78955
-261.05884
-471.5819
-618.5963
-510.7017
-14.17264
542.5785
704.3415
-873.37964
668.20294
643.34546
1047.3497
113.6877
-688.0658
920.4436
-1329.7241
741.3656
1475.1025
288.65402
607.7846
-202.53893
303.17603
981.614
-804.732
-685.00244
-1281.6115
-636.64557
-121.63652
1724.515
-82.031044
145.9877
196.40579
374.87265
-1421.8252
1473.0168
-178.94504
-982.0489
-78.72736
-598.0113
262.11835
-85.69339
209.97565
367.54742
576.6584
-659.9294
34.676395
-106.55643
-1203.4456
311.2567
-501.66336
1412.7974
985.4616
-3.322959
612.8638
1064.302
-1065.384
-827.4462
-17.502354
290.1832
-178.54471
-641.9378
-966.3369
-371.74112
-975.71326
1787.1959
-340.34546
481.31458
920.86755
-1101.7295
533.0237
435.89285
-1156.5896
-1152.1489
-540.0932
-318.60397
-45.8898
321.53766
417.68246
1669.061
-419.8884
-450.16428
419.52176
-1148.3173
427.3167
1680.994
-220.85341
-184.04305
45.62577
-648.9263
-2794.107
1753.182
451.8079
-1049.773
819.7338
643.64764
1321.9037
-592.02795
-584.0566
1468.2338
610.7997
-1074.6621
625.65717
1340.845
-533.8915
119.51185
29.919281
-76.69698
807.2331
-92.008865
-1660.7032
-1142.5272
1668.5293
184.31122
931.1803
-800.8005
-235.92444
303.32312
-728.0335
15.970216
-1710.3091
-553.876
-604.3619
1302.3949
-540.03015
-655.3553
-1190.0402
-738.7921
-1612.6985
-80.65135
668.2212
-1536.3564
-719.363
1400.9855
441.12372
134.3292
1108.5493
340.16736
88.043434
1292.2639
-647.22546
-469.05072
376.08414
-862.1877
356.49402
-434.16617
1303.4563
212.24345
-2507.4678
976.5194
-337.78387
136.87692
229.4776
15.427153
284.94434
529.8543
1275.8969
421.66632
1174.3191
2730.093
-586.8942
-1042.7992
651.9511
108.27993
-1638.4784
319.7739
-907.47205
-503.06866
-476.96518
837.60974
1836.2793
1681.9271
880.6387
1170.4257
-445.53967
-758.70764
200.32848
1197.1036
334.10754
-72.90133
338.41736
-48.403217
-21.765324
-53.70716
-165.0851
1033.44
64.005394
473.21597
-105.91494
-270.0625
-814.01587
1604.2922
-1221.5414
-1587.9674
-84.49739
-206.89546
1668.1698
560.1383
1260.0432
-768.5727
699.972
631.7538
404.51773
-40.69859
-415.4125
-559.9262
1514.2344
-858.2112
860.60504
1763.737
1448.2378
1788.4479
-1609.1885
417.43082
2733.6812
170.88881
-807.1909
-676.2916
478.62817
815.2286
-1660.7739
1842.7789
1183.8054
-1443.0779
-649.05646
-1766.6844
534.84863
1127.8251
-1569.4355
-370.81265
-1135.6451
29.927608
482.68716
15.719019
35.932724
-1283.1741
-622.635
174.22693
227.82736
1091.6224
-204.04501
-1463.3821
1229.1166
-1811.7261
1109.5334
1472.6729
-787.11774
783.3539
706.92377
397.82974
772.3159
-332.76746
14.68325
479.28516
1903.923
-474.1556
-979.9626
-186.49713
658.0702
-227.30237
-704.7021
1393.5436
88.962715
-1082.724
2243.6086
-431.46075
-1426.1007
-588.0766
-1527.9923
-425.34656
-1705.0426
277.63297
384.316
117.32388
57.538765
-697.1843
-930.6264
858.5479
-1090.3477
-1171.6467
387.34744
-452.03748
868.1134
-162.17656
-94.28627
651.8956
-629.6028
544.4477
116.50626
-656.2091
-380.71313
435.64532
751.0835
410.83786
53.513077
154.2228
-302.5058
-23.753963
-64.153824
452.09647
902.6322
872.255
-791.63824
-19.579285
409.66623
569.1871
-1109.1965
1167.2538
-1133.7269
1260.3016
1036.3464
-1772.037
-502.04376
-2138.375
-823.3654
297.45966
457.82794
-856.5995
-257.2229
-1326.1274
985.84503
-635.8587
-573.52936
113.839714
-1946.6526
190.41255
894.0285
-2787.349
287.88834
605.29694
