25.99062
728.3904
4.666356
662.7953
980.2928
1221.6975
-778.3358
731.9228
-267.91818
-247.75816
-560.2562
-1817.0596
-690.59033
-650.93243
-296.85315
-1064.7075
-908.4718
502.0989
-6.7745748
1270.3864
-444.54688
-1359.359
-637.91034
-331.86707
-523.62665
-63.439564
-1048.9055
166.11473
-768.2289
705.3616
617.22516
-341.48746
404.03152
1527.046
1210.174
1052.1449
-286.59534
-707.65735
-117.77512
-158.89803
-983.52454
-395.5204
-570.1717
701.89777
413.71118
-575.13116
-139.03978
-1180.6621
-952.1093
423.216
154.19868
30.376793
183.86462
-1426.5804
719.5403
217.2442
2211.853
-277.7133
695.3338
-101.27409
-254.5674
-403.71414
521.97797
-474.8394
-261.41635
328.38837
-345.99887
191.8451
1925.2502
-137.16205
-707.1095
220.11673
-98.907265
-160.60965
392.76666
-1736.2196
-450.3402
-1494.1824
47.23559
641.91473
55.21869
-655.87006
-978.6507
-1185.5643
-567.45514
2103.1099
-1289.5183
1060.9735
1413.9222
623.5677
-751.5795
253.31026
852.9465
187.5805
-369.59805
147.85803
1362.0243
1233.1265
1104.1417
-18.450903
-1270.3333
521.77313
-820.59106
-529.62006
-836.78485
44.940216
27.100222
1009.99365
-350.3262
-658.28015
-1077.9952
922.4944
-9.450414
-344.77145
1315.1772
-187.6085
-574.1459
885.35474
-220.86876
-1662.176
313.6072
782.8755
497.16885
-84.9812
342.02408
819.5394
-881.6646
-559.58734
939.7631
-566.674
83.02897
-99.16386
-652.6703
-1045.2665
4.149747
-832.5458
-569.16547
528.8147
231.7392
764.0539
-305.78995
403.67828
-2007.903
-1387.9377
-533.5136
1134.9543
-17.23286
1487.4941
-23.459585
-541.9821
719.1187
1303.4983
-113.45206
-64.32679
-161.17412
-209.68852
-261.25464
-150.78117
-2213.6062
718.87463
636.6469
-1358.0398
-55.99586
-41.25291
1726.7972
780.4241
-228.90276
-139.84193
695.4814
-1174.3981
-474.43408
-240.01248
-97.48885
606.2236
437.17743
433.62552
-213.62338
610.3282
376.58795
-683.4633
194.58849
595.18896
288.27396
-330.37244
-141.95093
-466.17133
1017.96515
-580.48047
-1079.611
268.47946
132.66295
-688.27936
288.93484
641.93744
601.25934
-676.23224
1096.7393
-364.64084
639.2026
-24.60382
-206.44641
1140.6691
99.09657
860.6031
-12.865764
600.6889
373.5543
-1052.3567
-1691.4972
-892.0676
-410.521
-147.78885
-1050.8785
-1647.0673
632.12537
1735.5808
-524.6434
1524.8575
-199.57826
-635.03876
30.929415
275.83826
281.47656
-628.97107
-431.43777
815.78314
588.8731
444.74698
1249.1611
-466.42032
-359.18216
1006.02954
4.6538744
487.05475
713.8338
-1326.1677
-1586.1805
1079.6637
-830.42334
-203.66881
307.9571
996.6949
655.6312
-318.47922
1389.9921
-126.781006
-338.2894
-828.7049
-1804.2546
-986.77155
-1227.1207
1399.4381
339.4644
1130.2698
-133.17192
535.88654
1049.5634
49.999886
-922.21814
1053.5931
216.07513
-390.96884
742.9752
779.8149
-343.54907
-738.1644
14.821074
6.308278
559.27527
-1394.0935
552.2727
-1429.1663
-164.4747
-1429.4291
432.92892
185.60947
-920.3846
916.26996
1440.9689
1089.3275
134.38603
156.89062
499.52228
888.0757
1689.1622
-1162.7804
-1530.9839
-1280.9795
1244.0461
-106.841644
167.97946
-212.09047
-190.09618
842.3657
-721.0159
41.938374
-318.6141
-355.2477
-658.6453
-646.0172
-733.1781
-789.31824
-18.297909
-684.6667
-565.7893
-14.93591
398.88165
-476.82645
-1293.6456
-18.582035
-504.1562
-1674.9274
-411.75165
321.5342
-640.046
779.93164
-1167.7351
-862.9828
-1227.8605
420.54456
-713.4062
139.48898
-397.40594
-190.26947
-183.71661
438.181
897.0788
-623.4606
475.17178
-346.2483
-67.84051
101.923546
-536.7523
461.97983
-1016.37274
897.3596
948.77
-276.92798
236.75108
626.4163
513.60004
674.15295
-565.4457
-737.28534
-288.7067
758.96063
65.07803
2174.1763
502.08533
649.8601
-198.88777
402.09482
-355.061
326.76236
336.18552
-698.35895
279.55222
41.16565
-345.3871
41.93833
945.41797
207.80475
-42.857147
-830.28766
-547.09534
211.03143
-739.05115
457.63928
-235.4863
1578.8076
275.72137
-1159.1416
-131.73357
245.00983
153.8629
-642.78644
428.15247
1523.6334
130.9207
-1291.0038
-24.445894
-348.39752
-585.7513
1080.9869
-674.5186
539.2423
-374.9335
-1087.6896
589.5409
273.06277
-1067.1798
-1410.8582
-853.90314
379.7516
47.33461
540.10004
554.41296
661.21454
-825.5576
-122.287025
717.38916
-1314.853
729.8198
1470.2598
-820.86035
-72.53808
-1189.9196
-250.30133
-2745.375
1111.7777
753.4135
-694.4433
1383.9861
58.463043
417.93924
-270.38684
-650.69965
734.6538
734.28906
-834.75323
404.96283
1268.2302
799.4878
-24.276712
337.5551
-260.77692
646.5701
-387.036
-951.7058
-1207.0952
856.18146
-316.06418
379.55103
-481.33975
-351.99634
511.16107
-288.8898
24.775808
-1086.0431
217.74248
-513.36206
1376.7354
193.8586
-124.45241
-388.70416
-912.91974
-1253.1901
329.3886
908.7097
-559.3739
-849.5598
1125.4932
636.735
667.5619
1702.1401
-181.93994
233.21497
833.62836
-600.9612
46.320908
-139.1257
-373.6583
166.0386
627.1842
1016.92426
-53.61419
-1759.8655
1011.5464
-309.75388
228.64151
-425.01596
888.76215
336.78815
-15.635169
1584.1135
-513.34894
762.0395
1751.1534
-1130.6472
-1265.6624
135.28333
740.4055
-990.166
139.52634
27.123804
-766.47003
-966.7428
1568.3904
2030.8003
1265.3679
-212.11726
1403.36
81.10315
5.998469
579.55963
1009.3622
91.47296
-599.12244
121.05249
30.507364
-160.534
-786.72205
-798.3815
429.88828
-844.69617
293.10486
-121.32813
-171.47621
-1244.8291
1672.8707
-916.6908
-1038.8763
-515.4449
-977.8275
939.6106
-59.931328
373.14362
-228.62488
400.22656
483.53723
892.91974
673.1574
-873.9203
-298.7092
155.6783
-606.3866
527.6168
1417.2057
1777.4299
1346.6927
-1131.8922
433.62845
1967.9844
364.4812
144.58957
-549.246
482.17365
691.6317
-714.93726
1913.3121
415.3293
-1002.40875
170.87372
-1534.154
1037.0464
1534.9557
-599.63336
108.73589
-983.82684
-29.018711
688.25555
138.29839
563.12195
-156.94312
-1109.4889
-41.787792
89.25106
675.6723
-1147.6613
-356.79996
1197.5862
-1959.4542
697.1825
1283.3046
-394.75674
427.9758
302.1989
-548.58826
620.3826
-131.47495
-126.1237
1250.4243
1078.8918
-40.489388
163.51578
-503.8513
445.9416
-563.74927
32.641594
1239.2432
348.1763
143.67218
1577.7953
104.13933
-1405.1876
-733.4792
-1389.7864
-639.7962
-1601.6046
502.76517
420.24658
422.53033
-15.854353
-411.83374
-679.4587
1339.1365
-785.5752
-1665.8151
-497.3862
227.68452
603.39795
239.14636
-634.00714
1189.9963
-567.0524
372.02078
150.64952
-937.86926
-83.83726
-308.47067
1126.9893
377.05426
1024.4086
505.30063
-256.18317
-495.87234
-161.56868
533.6905
715.13275
772.9342
-505.2601
-336.2804
499.79633
269.4086
-691.482
1181.6862
-761.7151
388.5397
237.50336
-1432.2177
-526.80963
-1894.2657
-711.6062
750.41583
659.46686
-1027.3922
254.2036
-574.6415
1528.4985
576.14703
-670.9078
155.12402
-929.2194
-220.1199
582.88293
-2245.9827
363.33643
-221.58437
