82.3299
375.14932
32.0147
266.4666
103.22331
-189.47903
-152.83003
-208.55653
100.98186
549.61725
-45.872597
-215.58653
-339.30496
-166.3481
247.2799
-322.77005
-182.03
156.22076
32.20421
203.49983
418.92346
-99.11271
-213.46854
112.59876
-605.9933
-390.7576
76.117935
228.91718
46.68545
-101.202896
-3.532742
83.128334
-189.14018
411.45895
418.1055
-129.30598
44.095394
-60.654675
-560.93994
-288.57907
-5.2393436
27.390165
364.2211
129.92488
337.10547
-62.80563
321.01474
-374.9415
74.74155
-303.34943
-186.02197
317.8193
-237.993
421.4978
-129.72931
-116.616394
456.3861
178.22899
-67.171646
97.49743
-245.97993
-28.145815
477.42825
-187.14542
230.16772
224.6613
145.19594
242.9899
384.35953
188.80946
-245.95636
71.609085
25.790102
93.84642
-189.40115
-338.77408
-70.11354
58.37101
-58.986214
251.95523
-543.89825
476.8711
294.60184
-68.982574
-126.08019
142.01012
-117.11228
442.54498
321.06543
-62.652943
226.51859
-11.562355
582.0956
-547.05695
-125.96998
152.58543
-366.08914
-353.59116
83.30815
31.04361
-326.98996
-188.0751
180.45316
-37.67729
-474.02664
-6.546426
260.14066
64.95248
-141.92343
299.1975
-301.8667
-233.48451
409.40497
-164.31885
-89.291725
-71.62733
-227.42929
349.82422
201.44104
-33.05311
572.9964
496.11716
-29.151436
-155.6485
-165.4108
-20.32334
-263.81387
-103.44946
204.5917
225.16667
-85.09617
162.21696
-304.39395
1.602929
-300.0552
43.60428
311.3927
-553.13745
-222.58032
-157.6016
-61.75935
182.35329
-53.520477
-763.3791
-22.480309
49.420837
562.05035
-531.5121
69.87343
-191.1202
-58.677296
-193.33107
530.0848
31.250372
-68.99918
-83.3976
152.37964
133.7449
-412.12592
91.04826
-195.5886
87.15299
148.27367
443.8992
32.85211
19.710863
45.491516
-125.433235
155.76624
-306.78342
221.71642
14.932171
-334.26007
116.57281
11.6929655
145.4151
151.68663
369.01874
291.61243
-176.19836
-151.8904
74.84903
-170.41255
-306.7186
-421.2213
185.89789
108.53134
-82.55731
-163.2731
457.3246
-324.7486
-49.28231
-209.10545
392.86218
169.50642
-507.58685
-10.536484
-46.176075
-569.2162
300.97284
136.14043
115.9894
33.77258
29.782087
-101.66784
60.498936
-288.33514
484.53903
-175.44545
-159.58719
335.033
120.41778
-570.4315
-117.48457
134.9462
-66.195724
-7.0772433
202.20538
-333.21893
9.245724
96.630554
236.6343
166.88454
-597.9974
-181.70879
6.125681
-145.91846
-101.135544
113.10409
-379.99774
247.30199
217.55334
-181.83673
-43.97251
335.5423
-229.85504
-73.62828
182.20262
-136.27882
-355.93958
188.76907
-47.59072
-34.504482
-323.66483
548.309
47.291702
113.648994
-237.30606
-81.77983
-180.5459
-485.2668
151.9937
0.23009944
229.43665
131.19093
60.948387
85.12782
-361.6384
-288.54623
-305.79858
520.1845
101.31611
9.16802
345.96582
159.88422
-466.19022
10.481859
112.69564
339.47488
-494.38412
-184.48329
-240.52036
10.912926
345.9832
-88.6636
-63.851032
106.25445
15.898864
219.09727
-24.313812
50.05226
-7.464189
142.54727
-432.0269
-67.35407
136.13208
-121.83212
-309.74042
-180.23264
-256.50974
157.1203
-72.53345
471.079
471.40488
78.4052
-97.41404
305.79144
-328.64468
240.1035
-183.77678
-266.90384
298.6351
-551.82336
-490.09427
70.04811
12.814801
311.04337
-206.10251
5.063312
-114.857086
-1.5923238
168.33163
234.79138
275.93948
-651.27435
204.36217
-205.71245
56.657986
85.05144
-198.16875
145.18982
146.47978
-876.6487
-470.35983
43.477306
103.74705
61.71082
153.82738
-283.00464
300.28165
-732.40485
251.1961
-212.21146
396.2876
-284.73032
18.22458
-109.29697
-236.18501
-227.35475
391.35608
55.392784
-171.73383
-418.25125
-259.73093
-146.25133
189.30452
118.98153
478.00363
-161.94366
347.19492
369.1545
108.80395
353.35522
309.8836
295.51788
-57.382416
-363.50766
239.86734
-556.4885
-92.820946
-113.582115
-256.17566
-374.1156
-193.93953
-373.24536
195.45363
-550.3435
349.57388
-332.0398
146.82906
124.58583
-205.48886
100.815414
797.1495
104.41391
-386.05643
-578.8677
47.331
-170.89845
-253.88234
125.65625
-66.147
-407.10446
113.98537
-256.81778
100.95177
-4.1436667
-56.160767
39.814617
-13.791744
367.90323
-98.274124
-119.79423
-110.69966
95.77475
-14.558287
292.7685
510.6709
-515.55286
-47.222237
-140.85355
277.60837
-170.42062
362.6173
-79.84228
-106.30913
-78.65742
-488.5662
-173.44751
-44.467136
194.99551
14.247139
91.87953
752.1341
-113.28135
288.34305
278.9938
-56.592155
-114.46385
76.75205
-111.09363
-33.421257
37.64214
3.152049
-152.63556
86.759094
-391.83078
161.5804
-331.62982
-90.82169
138.82866
-155.11658
174.2869
44.274902
280.66788
-73.17972
244.52965
-63.902817
80.25839
-88.98929
-308.51306
110.890755
499.79013
-492.75342
23.345657
-445.62808
317.92972
-85.35247
238.71143
13.472002
287.7582
23.389645
-224.47328
108.49973
80.08567
458.74347
-194.20517
807.13367
-336.29797
-296.2281
-101.749435
-67.11509
245.75922
37.730885
-541.20703
-409.94226
13.890659
570.6817
-95.19187
-98.30766
-389.52264
-144.03345
15.372929
259.33807
-220.87817
-381.31787
-119.946335
596.0433
-209.3878
234.28392
-274.25143
146.27327
-227.84592
-119.20729
-420.8856
60.34526
-173.07057
-27.599092
368.58948
392.38403
-168.1168
214.27003
-84.8282
62.452847
441.58197
1.8613759
-168.95284
-87.43949
344.50845
-780.5667
347.11646
-107.762955
-148.22746
222.80109
276.4757
-119.99633
-209.8238
-408.73004
-97.36261
-141.93973
80.426155
155.38062
147.48692
49.24459
203.31183
141.3961
-311.07263
125.68297
85.88759
450.6356
241.8333
-77.2942
156.89981
81.77547
120.87972
92.59726
-69.88853
237.09985
279.02628
107.82501
-419.5217
-175.0333
177.82655
27.08725
-103.47217
-396.35355
288.34787
262.45227
-160.90712
335.36865
106.8903
-136.79428
440.04468
-221.03831
43.38726
90.09501
-420.99304
461.7747
-40.11014
510.08676
93.413666
-94.01676
-131.34747
-397.5486
-168.74258
192.45166
83.469444
122.715775
31.48935
-72.42816
-47.678333
-704.61707
238.83357
358.46872
45.427307
44.66377
422.89984
112.26897
236.22614
323.83313
-126.58785
-100.36065
322.8954
-96.83963
579.1178
183.05226
-4.845459
85.171585
182.85521
549.51904
141.2507
187.2731
101.64792
-170.50854
0.5141742
37.230507
2.5705657
22.117252
-251.22346
-6.7248673
141.59143
-67.812706
520.4208
-134.4016
-45.005558
49.548206
-91.06512
47.938725
-72.37824
459.48105
-348.91196
133.50505
-114.30123
439.66522
397.11032
-254.14984
-184.3472
58.00125
28.126034
32.82089
26.815784
-233.02048
182.00871
66.89993
239.11244
-254.41795
-84.48316
238.10158
369.65305
345.78787
152.07184
-133.82494
-219.26514
104.21419
529.9272
-76.94983
86.722145
-12.864953
-462.4896
-31.684149
178.02301
-231.01617
-106.73226
-262.55234
292.07224
65.06569
270.79477
-636.9932
304.47873
-71.240364
-69.568695
-282.54465
-5.5368414
-215.45969
360.04153
-463.768
-27.804893
127.60159
