-229.04488
259.87613
151.11028
450.05872
271.63757
-233.31442
139.70656
143.16579
585.40356
627.96484
102.00794
-785.79987
-309.38824
66.243065
-43.094727
-567.72125
-13.246548
245.42482
-147.54199
169.38463
484.7233
-329.72653
-394.44434
448.23535
-347.62668
-172.51842
489.4253
47.609352
-77.945816
-127.12165
-74.818855
-327.89978
-313.98364
785.12683
704.7614
335.71976
346.4876
89.65843
-350.2686
-682.1749
-643.8328
-362.12234
516.3827
-129.20297
437.63705
65.42928
411.782
34.35532
-271.6965
90.64816
-762.4919
0.02965188
-306.90204
27.493546
-189.31097
185.8545
877.0349
-123.22843
147.08815
157.9773
-348.03824
59.702538
664.2697
-397.9809
354.03973
256.65366
431.76428
287.42212
330.18845
45.062405
-158.10568
485.044
-135.3431
239.33014
-164.4627
-370.96152
-452.39316
-338.03192
325.72076
183.94617
-648.58966
150.94797
198.17703
-242.32669
-639.9053
313.78348
62.63682
379.69702
365.83484
253.94882
229.40862
138.99811
989.92084
-968.78326
-279.20013
464.71335
151.85239
308.07437
243.59186
-202.15352
-227.76973
-71.06462
67.66852
-459.41916
-624.63367
7.649704
501.901
295.9258
-408.9272
416.52042
-629.51776
-91.11759
495.3642
-495.75034
-80.733246
-298.39798
-82.66184
410.9008
-91.880066
-174.88565
1331.2979
243.38931
24.523098
-645.15094
-373.3994
-107.36308
-472.8837
-478.83295
364.03305
-212.14423
-46.095284
292.36145
-663.027
234.82347
-579.64154
109.73981
45.955925
-291.29462
-172.81946
-471.57812
-272.01077
181.2766
-390.55063
-351.03525
55.65895
-40.854046
534.4598
110.844696
54.328297
-440.496
-79.28299
146.82938
68.59177
-213.46938
-468.29956
265.43008
-354.0762
-244.7974
-704.1755
-84.636604
-29.826632
-331.77628
29.709452
391.4852
-50.8983
-69.04775
-444.44788
-273.04886
249.06058
-250.01685
-130.66072
402.88632
56.140335
513.1982
-316.2309
193.23802
251.87296
563.9758
284.06442
-340.49625
-175.34317
193.03748
-211.7682
-336.44943
-406.28287
18.639542
712.1399
-170.914
244.54277
817.7778
123.69658
101.05812
-421.12558
599.24713
511.47147
-876.7198
-98.5183
250.85153
-503.4886
-211.01555
-213.8067
30.12414
561.46356
-17.367462
118.85187
419.8919
-266.85233
-22.984146
-747.4534
-584.2037
864.2799
25.19576
-753.069
-74.980606
112.44655
416.07602
-297.51306
669.06177
-482.5118
-579.29956
240.25116
269.78094
344.86157
-842.5192
-267.58853
224.55162
-163.6879
427.68738
77.42107
-487.70944
282.2174
450.15494
-246.23006
90.02416
285.6724
-485.93802
0.48686647
273.73386
15.001726
-305.3357
-12.515476
-4.3925576
-117.22207
-660.5106
472.66217
-176.22862
-306.9307
255.45906
-630.0639
73.27438
-1010.73584
768.5328
145.82413
538.6898
340.41458
57.36239
-4.953795
77.98566
-188.2847
114.54523
262.54236
-393.38614
-131.93602
437.08893
8.032926
-570.6355
-159.97832
-236.89325
269.48508
-143.31992
71.26749
-580.6598
374.40387
193.10889
168.72336
-311.34143
-34.51307
-54.842384
378.1101
-38.06727
82.77788
-235.74489
-290.43246
-248.77632
314.8515
184.13022
-278.84943
-556.271
-130.27278
-142.99898
123.85617
-339.8053
783.9236
574.3255
135.45818
352.264
6.3082
-211.11961
-302.6574
-565.73303
-331.1237
246.13133
-585.4362
-766.14685
285.83368
131.48804
521.3416
-247.60939
-242.88377
-293.65927
-219.98955
-28.126152
16.537643
356.52402
-673.5006
349.42194
134.42566
83.69497
-168.51508
-385.1483
56.326447
54.976326
-694.63776
-551.3168
-225.89284
344.88306
-141.08942
428.1442
-93.81003
561.50446
-1082.9755
116.71772
-5.78438
757.7633
-250.13283
370.75006
91.691376
-13.715323
-153.93552
473.45633
138.69382
66.64392
-431.63516
10.682834
-448.44632
126.12243
105.19254
83.17874
-140.32918
298.30646
412.32193
-108.39476
333.71848
-158.83514
126.94601
-350.526
150.35402
212.59212
-329.11688
-311.92108
-368.83688
-418.72223
-395.19077
-313.9257
-734.66693
274.23102
-595.39154
419.66852
251.51382
655.51825
541.4335
-198.8919
229.56337
499.9187
655.8389
-322.27008
-745.56866
232.48096
-502.322
-652.8909
-118.58426
-173.57353
-264.10635
-182.73122
-500.02176
353.59796
-145.03757
-545.4854
668.1879
775.9797
156.9851
-571.35504
-61.13489
42.851448
62.210655
-189.2383
280.6563
618.1361
-221.58188
268.5251
340.0956
-100.63191
407.94434
868.50134
6.3375893
226.95549
-96.870224
-183.35977
-753.88574
388.62378
18.184196
91.81848
382.31915
929.3872
-53.24829
-135.68561
452.80362
20.096628
-277.70782
-525.09595
202.09755
182.18094
566.59564
171.18555
397.34756
72.09128
-335.95084
73.7062
-449.43994
-269.5758
546.9205
-635.24994
-72.31907
-297.5629
108.421844
515.5721
-179.6683
-92.46265
-60.708035
41.8754
-4.9173317
537.7961
513.6082
-215.1176
197.09593
-526.378
206.90987
140.17604
654.0114
-238.02524
154.75195
116.13839
-336.46472
154.0641
179.55904
434.87375
-374.11887
627.2156
-341.38892
-222.03334
18.491442
41.993362
281.3482
224.28087
-430.2826
-583.3545
-288.16708
802.26935
-41.184715
-523.52057
-535.4409
-168.94067
162.8501
577.65894
-96.98065
-355.82895
433.29324
905.9427
-206.76222
-33.474606
406.0599
296.69437
-450.6882
299.365
-168.00554
-377.89545
-47.68083
-121.337296
797.0728
96.83991
-324.05377
510.42462
6.2598276
-216.2254
623.5857
-118.87049
9.628733
79.69639
109.44881
-256.44562
59.655247
9.9771805
-330.26923
237.1794
-56.868874
154.73192
-141.36858
-528.0826
250.09674
-92.82865
-72.52503
85.719894
140.93912
-515.8958
600.08765
-263.44287
-293.16068
110.05912
40.8684
414.70407
811.9088
-13.042589
-315.50595
71.33832
358.04367
-494.0932
156.92093
399.4075
504.12128
258.32938
-165.64146
-443.69952
919.9438
554.8072
-235.92686
-518.4489
326.71414
662.3832
-337.21848
839.04205
242.01927
-434.7585
258.25827
128.36179
70.103714
217.43121
-569.2968
262.0413
-411.10443
263.70987
471.4159
-7.758588
-71.355225
-463.57144
-426.74066
99.86568
232.18518
287.37302
21.800648
-316.6692
376.3704
-1133.0779
453.30188
562.7346
14.678083
163.93214
307.88953
199.68094
238.62091
105.25297
-118.76915
-197.04027
468.76382
55.227783
548.1333
-132.72919
-53.325756
14.989345
339.61514
390.4198
224.90755
-166.6476
578.263
-309.22824
-516.2924
561.6017
-648.53723
142.75375
-819.3241
785.14197
6.9515204
-96.08906
483.34534
-432.77368
-470.1075
296.54074
-304.72046
-52.994026
98.5422
412.1412
-315.64096
15.644573
89.492874
702.9825
-0.19594574
-3.3961182
210.06703
-682.5556
-158.2569
-124.71667
166.5417
28.642715
583.6822
-253.3774
-133.41554
186.21092
-27.775064
425.77783
699.1274
713.3187
-62.17954
-280.37845
-274.59048
353.8679
-263.0927
-88.708435
-189.99432
394.77582
-317.49014
-252.2979
55.379704
183.58356
-205.58887
193.25827
619.88184
-22.410185
-4.9788866
-502.4248
364.47958
0.4182012
206.09146
-93.78804
-366.87726
-116.42852
653.62
-1026.248
-191.289
0.29606032
