-412.8763
908.3836
-52.104286
584.81586
192.86111
389.60223
194.66954
383.16183
263.48962
-207.0575
381.81757
-1492.039
55.433315
-197.22498
-278.6028
-981.8108
-258.563
655.59595
106.10957
492.4243
0.7215221
-1215.0125
138.11751
81.9603
-447.12
-269.8761
-197.57593
32.056717
-620.9723
3.1803293
-431.55945
-601.1786
-194.85211
1125.464
736.9906
946.0224
532.5726
4.469966
-9.071706
-387.94308
-549.52515
-766.3154
-27.798538
75.09069
366.28864
388.30246
208.35477
-497.8205
-460.95502
429.54114
-369.88104
502.3613
-533.44037
-230.8072
568.1381
402.23914
1687.5879
-709.23645
-387.98056
12.872306
-94.04352
460.44006
457.44022
-386.03836
245.16858
-169.7357
-71.5534
6.2270947
1074.759
361.00397
-115.564804
149.81995
-379.46255
282.41092
-24.032825
-285.6152
-261.7014
52.957844
-201.28165
136.82245
-638.19025
-175.30803
-626.79596
-510.62213
-725.2408
840.3639
-661.3037
1266.6003
1005.09186
329.31708
-424.50195
314.15036
902.8773
-801.0942
-265.0021
381.44678
597.66815
552.72974
545.5015
406.87173
-936.7267
-298.7789
-345.70187
-329.1871
-1191.2295
42.546658
1459.5569
1117.299
-107.53908
-102.09815
-815.5053
82.795006
498.78433
140.30533
484.62405
-98.85966
170.66379
551.3714
229.83578
-1105.329
969.9645
68.875496
372.83963
-595.3558
24.851883
428.9226
-840.2701
-504.77155
936.1461
8.455398
-24.190525
480.724
-883.5629
-281.13455
-648.2182
577.56335
-587.2665
-126.237656
296.02142
-236.04832
44.130325
-153.579
-1573.7827
-966.57587
-651.9809
935.8534
629.9137
953.5304
154.86398
-480.91666
570.16956
939.4704
295.1026
-417.74982
-227.6071
171.79538
-672.0574
22.78318
-1570.2571
304.7468
544.90894
-1027.361
190.29492
-182.6219
420.61014
680.47015
-783.5305
512.4736
671.14264
-1110.1871
-331.79724
-109.01201
519.4985
286.52747
152.83244
460.11313
20.168821
1146.2977
293.46854
-960.34766
-320.63004
111.422485
-220.26556
-58.5495
449.89813
-875.1432
832.9365
-517.57806
-803.6201
1542.6882
92.17132
-386.83792
-25.9907
1010.8352
617.5499
-195.41934
211.60982
-295.33105
-113.9123
-515.5423
-230.10793
1276.1724
-22.215904
279.58997
-250.75644
-0.9578314
54.487823
-162.29358
-712.8053
-628.6334
703.3208
144.41039
-866.5442
-547.0164
899.55664
1359.0394
-377.328
1198.3766
-0.6041753
-274.08392
110.09348
448.69083
628.4945
-1255.2869
-1021.2071
684.9008
-656.5315
99.73072
474.80392
-511.19565
-21.42663
846.92755
0.22575617
-512.73364
83.21408
-629.0209
-75.83819
208.69261
-841.0254
40.68566
-588.00256
477.65796
137.6803
-445.30536
729.0292
-692.7082
-535.514
154.54204
-1389.6226
4.4870243
-579.35785
1354.3108
-5.815114
434.67145
386.2693
-198.30437
301.9688
33.314278
-540.95703
667.76355
221.14713
-560.6632
-361.2605
-307.77817
-141.57779
-502.02408
-442.5964
30.041487
-435.52197
-389.00247
24.125261
-1316.6971
517.92126
-236.93797
-92.65534
-490.03668
-174.81688
578.2255
1088.2822
272.27786
-7.524251
77.756485
259.52383
4.501169
765.12836
-387.80646
-777.51605
-624.0571
405.59238
63.485226
348.03012
74.0554
339.15317
831.6449
-400.73294
220.68207
647.3546
-645.9847
-89.14143
-242.78351
-90.3105
315.92258
-775.5971
-1111.0837
-377.7728
-230.81593
620.15497
-430.041
-203.2766
-271.4615
-12.550978
-42.65076
-3.4732883
85.926186
-547.58606
140.8335
-396.236
-682.93744
-632.5001
-37.444897
-492.12717
128.04356
-663.80927
395.48453
-409.87097
1293.5743
751.1474
-308.68262
-33.780373
367.9767
-689.5047
153.0761
-108.304535
1054.7498
-892.9046
779.8778
495.9057
365.84317
480.00122
1170.8044
189.33568
-190.9942
-1081.303
196.0232
-923.0313
305.86395
113.37229
1359.9512
236.76129
699.3219
112.06363
360.14737
355.5779
-243.21489
107.97101
-96.23223
4.7177324
-399.16284
-370.96375
258.64972
36.24194
-198.25523
554.0068
-468.28442
-807.9048
195.58292
-696.78625
279.37302
-305.5812
767.93317
274.9342
-417.3063
497.19876
161.70041
999.5955
-559.1631
-12.180244
657.3367
-345.1182
-1001.4617
46.019043
-359.67392
-658.55054
-311.69278
-934.67426
158.47363
-76.142044
-655.0554
359.36462
644.89386
-9.143008
-28.5137
-59.055172
-238.63611
-226.72208
-319.77786
269.25552
834.1841
-1012.94965
514.4471
490.35764
-323.40936
862.42975
946.08185
-550.4189
118.01741
-373.69504
-276.53787
-1936.2831
1065.9827
412.55795
-28.546715
435.99045
553.9987
157.58989
-599.25244
229.42656
3.4335358
-213.54077
-916.731
228.06299
74.57092
168.42168
140.50989
342.5538
8.934058
-264.68225
-352.05844
-811.0818
-314.19073
828.42883
-759.1405
360.9592
-873.32324
189.26343
260.96796
-646.9761
125.93193
-165.96706
-246.59477
-220.57211
618.37537
446.80484
-204.79117
-32.353096
-606.5622
-402.53192
-178.80502
448.11115
-437.25287
-203.32805
370.83597
-308.35135
409.83826
562.73883
462.10406
-748.26514
173.44946
-46.25894
-559.4906
34.425182
-2.8602407
-52.56075
969.1945
272.31195
-499.0474
-1367.2081
776.7345
-28.158358
-115.14132
-599.67737
-398.83484
-120.99594
335.1544
832.50146
-651.48346
554.81744
1088.8782
-434.1911
-410.9814
446.29755
-23.086613
-1015.3408
-257.2657
53.58485
-923.9195
-907.1855
534.4321
1039.0659
340.45853
54.20587
852.2473
271.9631
-258.30737
48.756187
-283.06427
-104.942276
158.3828
153.03708
2.6800568
647.0448
-396.42273
-1441.6555
480.01193
-305.60226
183.42436
-469.56396
-136.1479
-373.86157
-73.3784
-276.06793
-77.9719
-52.154457
-900.70325
399.67325
-436.5379
-156.06332
219.56763
775.05133
31.087317
953.78485
573.5358
-70.18607
-431.04114
268.1189
-502.04926
-519.0427
873.6119
803.1942
637.74084
-757.4096
251.95985
1311.7416
62.40677
-268.57388
116.41913
-33.563587
435.18277
-866.4099
805.7796
-292.1773
-414.00644
-328.2781
9.010228
273.36435
891.85376
-232.72363
-536.30975
-776.0812
172.42886
179.79935
663.3064
-27.990276
242.05159
-1075.332
292.1995
-30.520058
328.38535
-95.28447
-179.06271
815.5523
-1247.3605
941.3157
831.24084
-668.7793
-380.15546
445.86716
-819.5338
331.9256
-483.32748
-216.76035
333.92932
464.8489
857.7812
219.34555
728.0118
87.937996
401.17023
-114.4866
266.00433
794.75214
-94.35649
1322.0347
-363.50598
-1448.9087
-179.5314
-1157.5363
-649.6738
-1384.9117
506.9533
-252.88106
4.6647844
713.5694
-114.98552
-916.99084
595.96936
-315.59067
-1042.81
-213.92244
613.10583
-448.29697
236.79712
-318.09625
1213.8746
-981.1337
-158.66075
613.61096
-451.5027
0.74662733
-161.72147
556.6198
426.5893
791.87463
297.68216
-46.317326
-531.99664
-4.7173896
642.93823
961.7915
1115.1503
-261.37634
-663.9356
192.37628
-6.672777
-615.07324
516.8635
-496.02145
1109.74
-460.5318
-482.59738
-152.33206
-670.83075
-176.12567
344.61465
714.42255
-674.922
154.81825
-716.6777
783.99866
282.5452
-295.7356
293.04333
-233.47058
-382.85483
412.7927
-1409.1329
193.70462
194.87474
