7.5878043
362.15808
4.13472
346.50623
7.966602
-124.16453
35.998577
-219.65005
35.97562
584.6773
-113.24863
-242.29008
-284.30768
-16.733105
103.61456
-198.23277
-349.11804
149.93803
53.053406
252.7893
284.2288
-42.450027
-355.98914
-8.493626
-454.38348
-36.67155
77.60343
147.17693
-63.73988
-44.59838
-56.91014
19.117008
-89.253746
595.66895
545.5969
128.25827
-43.10161
23.414742
-456.58282
-385.2054
-55.605957
167.41586
292.23697
104.081635
196.35324
-31.368256
198.51193
-344.41858
129.58855
-331.0679
88.0614
226.27406
-76.79621
343.9356
-144.56685
-158.40913
396.3523
20.706448
128.16304
43.741554
-235.59372
220.47627
187.82439
-26.406635
322.31064
34.62312
-2.5187557
227.97838
265.19778
77.29421
-84.59698
109.743416
101.46909
157.8422
-261.0596
-253.11444
112.5046
112.804214
-173.67552
148.94014
-486.85916
426.1902
95.18696
-97.70571
-36.12753
4.5255756
-86.04132
372.59354
400.7781
14.186943
178.22734
34.596546
625.16644
-488.70453
71.698814
232.57715
-341.0301
-352.77536
25.69067
60.630848
-159.35966
-155.46457
59.59273
92.219406
-510.85275
192.52957
109.24566
-7.274947
66.440346
279.00818
-370.63846
-197.29062
423.45694
-115.348625
0.8037994
-98.93776
-154.90288
247.14857
162.53374
-59.52943
473.88556
423.9224
-52.638897
-240.53229
-172.65584
93.67091
-334.82144
-95.068726
189.81914
249.50974
-146.03545
154.2927
-162.70215
58.622864
-184.84085
274.3597
237.67119
-410.05478
-229.5967
-88.046326
-147.96896
309.55194
43.338398
-556.6733
-102.53607
-103.08358
362.14328
-459.0122
9.587707
-122.66238
-119.404976
-236.0833
397.2096
-70.4758
188.32265
-24.691988
159.90866
100.4666
-500.3847
77.35571
11.507916
145.31488
174.6253
415.94495
-128.85507
12.89262
74.22872
-182.49066
122.42554
-170.85753
71.646065
245.15958
-160.73753
138.73956
-83.268936
9.71098
44.728874
303.73007
323.95248
-146.09808
-157.53693
-0.411929
-117.3821
-306.3973
-489.59808
146.68118
143.55974
13.540738
-58.034847
362.63492
-276.9715
-43.3791
-206.11903
458.80557
297.2199
-553.28656
-55.48101
-101.893326
-508.51144
245.82814
279.62003
97.28425
82.44789
70.97371
-116.35855
55.37614
-370.46304
331.4568
-173.77986
-37.61983
309.15457
207.40121
-546.9208
-253.72255
-19.79829
-44.71331
73.66917
233.72523
-237.57265
-69.92365
99.13701
77.11131
172.04639
-367.1109
78.455414
45.716858
-193.43315
-370.39627
-3.2089355
-138.09833
78.02015
80.611885
-237.68066
-41.186485
217.28555
-166.65982
-36.886368
205.92026
147.20268
-343.16397
215.79033
-272.34
47.72669
-177.39986
243.40181
42.813847
188.44365
-15.700076
-192.61533
28.440844
-317.7552
86.77167
93.67295
168.71925
192.5578
181.63528
-9.734848
-378.43295
-291.2934
-138.92252
313.2649
83.45412
-8.331225
372.6727
169.49286
-602.3826
-60.04226
139.21284
205.45859
-387.89883
-86.166695
-474.15048
28.713614
327.2102
-3.9374862
23.628296
26.375648
-22.673758
174.83348
-17.810793
-30.714516
26.88909
61.022163
-229.70316
-113.22703
168.18745
-69.06203
-425.12582
-147.37726
-52.25051
-23.000854
-39.06258
587.1254
368.4785
-57.1438
-123.58015
249.07729
-437.53705
214.6914
-77.73362
-81.64767
215.76349
-414.85205
-554.66504
24.869205
-79.78198
231.60915
-274.19138
-60.082413
-93.943756
-134.18607
173.41707
392.05496
129.15869
-555.58496
-11.631023
67.736725
85.36791
116.34526
-221.6493
147.35318
75.81957
-745.14996
-358.33527
177.15442
116.008965
-88.13182
71.25733
-166.49051
240.02904
-565.24634
166.39388
-281.26108
282.5062
-198.47345
3.7395525
-65.613556
-362.32013
-156.22148
310.3297
-23.332027
-115.98262
-416.3906
-240.69278
-184.86563
174.53609
50.7305
312.31595
75.695526
411.06754
402.29565
154.41322
188.5077
268.28644
286.47693
-8.526676
-254.58018
309.4044
-614.55066
-46.63384
-160.7757
-127.27139
-192.87471
-191.10735
-326.85568
307.59076
-527.5832
210.2799
-405.5664
162.50586
236.21075
-35.032032
240.32216
592.9286
383.72504
-238.04816
-369.29565
-30.238968
-203.54832
-154.64459
136.81195
-32.65925
-288.35165
212.67577
-437.30768
-8.508417
10.647051
0.5702877
158.94221
7.1500087
323.83472
-176.60059
-29.948595
-85.75461
43.73176
-3.6629486
236.52008
370.7395
-259.06882
-56.820507
-98.33478
343.43448
-189.37079
257.57803
-73.11881
-194.67249
-76.69789
-429.28796
-60.740738
-87.52328
213.66945
-92.142746
19.865498
795.46405
4.181329
361.9747
195.21538
-114.27038
-131.5491
235.59285
-126.083626
-60.832436
-140.23181
-63.550537
-188.89864
34.199413
-228.97365
-147.02646
-396.9525
-58.28621
-16.735647
-274.2106
169.11931
-34.322136
176.70628
-30.86601
297.07568
-48.803726
64.94679
-196.15486
-233.01953
191.55588
252.68465
-544.68317
101.39148
-384.3096
411.65732
-100.809
-50.286926
19.57213
228.18304
93.92124
-123.91625
48.120136
256.1122
365.65973
-327.92065
607.2422
-308.99338
-133.07648
57.916214
-156.12215
146.68181
-43.732624
-560.9845
-415.41177
-29.56559
601.8294
-128.8767
-182.8509
-319.87308
-133.0318
7.556294
181.45546
-84.58356
-464.13882
95.055115
487.47018
-144.76733
159.50356
-292.97684
-187.47646
-322.2648
-21.110947
-233.33728
347.41113
-202.52794
-123.49078
166.90472
271.21478
-189.09245
373.48767
-237.32732
76.16853
274.45657
42.46685
-79.473404
-75.15207
209.41689
-664.7846
353.2103
-145.6107
187.1363
45.982056
406.18542
-215.21634
-280.63095
-235.90216
-72.38639
40.371662
153.51157
147.49004
-27.25132
221.4927
207.69121
203.07567
-238.30779
106.748726
-22.585411
429.54782
234.1481
-93.11708
57.113895
34.596035
235.1953
-2.7887669
50.551643
273.04544
223.76025
39.140957
-354.21625
-133.05089
135.73659
82.64401
-50.87145
-85.39984
236.12329
408.87405
-62.460827
240.58028
28.349022
13.2164345
570.62756
-320.98672
-24.177338
34.836185
-339.96713
321.9482
74.713394
418.84338
12.536825
-199.34094
-120.90597
-363.2444
-5.583418
93.81009
36.47009
37.574253
-80.64483
69.466095
-131.8151
-714.1737
124.2716
303.01138
-69.39045
-260.9268
267.003
130.80742
187.4075
289.34924
-73.06627
20.038837
203.16658
-131.33794
302.63528
195.09628
120.33161
161.39352
59.822025
310.46823
139.82324
120.81076
90.21619
-190.24316
198.76761
-14.851477
15.337175
-86.730896
68.23148
-77.27958
190.27354
43.45574
414.967
-131.95782
-186.88556
221.44576
38.780148
118.345116
44.877903
436.56934
-363.9916
81.968925
-195.06108
299.15765
360.46066
-253.2153
-180.88013
-0.80552244
22.12108
-9.181361
-41.80469
-273.02945
371.1356
56.599358
69.057274
-228.867
134.74559
313.07776
273.0059
336.6553
143.40445
-108.718544
-102.66341
-49.056
496.42496
0.5328102
83.73792
-246.51865
-304.68732
-39.969135
221.77931
-91.38669
-6.468169
-302.26227
217.50902
4.5887775
87.75388
-502.2523
266.04532
-60.16132
-41.23021
-229.91016
-107.41888
-217.1671
258.58908
-365.20483
84.715195
28.390194
