-333.6881
771.9847
-145.97943
343.36252
807.726
307.26624
-204.5094
518.0813
-95.98642
-115.77751
-31.554
-1376.8275
-13.375826
-517.1019
-451.54544
-970.34314
-248.91891
958.3032
-116.72645
1141.6926
-186.61426
-1398.4481
19.103666
-96.79239
-295.22174
-289.25406
-89.45674
-161.61566
-753.3068
373.47128
-253.60004
-493.36862
31.467978
1256.4541
689.2669
872.0127
437.87344
-3.5135102
-226.94437
-96.93689
-558.88446
-536.0826
-220.60687
-50.211193
494.0713
-37.40226
392.35968
-590.72205
-651.1911
297.90115
-162.76749
521.5303
-149.80396
-125.57686
865.979
188.58424
1931.4025
-765.1594
-64.83252
-265.3346
-272.49213
183.81645
240.13078
-205.91132
-246.27078
18.407997
-397.37363
-77.59108
1562.3064
-68.74832
-392.3026
39.05598
-322.5356
256.16403
390.2272
-798.1591
-457.2894
-607.75256
89.35727
319.982
177.12048
-392.5319
-923.9703
-838.0491
-812.20276
957.87225
-1072.3285
1039.3959
1118.3461
502.15387
-601.37946
706.88965
1200.6797
-287.62405
214.8942
6.356533
571.9666
927.18536
713.78827
466.8175
-875.413
-340.2972
-785.03766
-499.61563
-1335.7213
59.50791
993.5741
1271.609
-198.7541
-358.95898
-779.98285
116.48059
425.16696
196.51999
854.58636
175.56697
644.95807
304.63614
150.70882
-1213.0344
991.05133
-42.910564
63.51054
-302.00113
124.27065
386.60397
-774.932
-456.2414
808.6042
-248.55275
-66.9078
472.7776
-744.3765
34.17592
-394.52887
2.8003776
-274.78882
240.87184
386.3606
-143.76224
-172.50534
35.19813
-1691.2076
-1153.5144
-617.9159
1120.4343
51.490074
766.4575
241.46262
-512.99274
795.2923
550.85236
-285.04828
-440.9843
238.13315
101.46798
-649.138
446.58847
-1677.9768
350.38458
915.8017
-1087.4357
157.99275
-341.0246
828.073
514.8155
-635.6945
233.78232
541.76117
-1267.8265
-432.958
109.69453
-91.55192
517.2392
501.53116
165.1593
-160.41415
1077.1492
190.04268
-881.03186
321.13248
580.7619
-464.1967
-447.37976
-25.869818
-1096.7906
968.3061
-371.5642
-926.6259
1376.9862
9.747196
-1155.4512
321.42664
1372.3344
465.2299
-563.1796
370.25897
-354.62656
-68.88994
-624.41455
-84.08585
1342.4839
309.5564
363.5678
-50.34674
85.80862
121.56592
-421.31186
-1314.5547
-607.2478
213.18274
-250.57217
-959.7241
-406.09576
1144.9052
1792.5834
-461.82147
1230.4231
-109.70258
45.47156
-161.1631
45.750572
488.1373
-1044.7404
-752.6859
1062.4507
-447.70773
360.7198
1245.8324
-276.1571
-438.6067
1103.232
-419.4207
71.32746
207.36436
-764.3504
-266.50027
314.7856
-866.8333
-209.78908
-270.11166
510.41772
707.5102
-490.42227
960.7144
-731.74554
-618.0563
-46.953823
-1372.0822
120.95041
-615.03076
1233.5966
264.52625
741.51044
184.66713
55.38065
596.7538
-242.15323
-442.2608
529.6562
442.17468
-560.387
80.741066
186.26671
-818.52563
-430.05823
-278.56598
46.027313
-473.0125
-786.93964
-92.65484
-929.7474
350.6554
-871.5797
30.322357
-149.25392
-409.51114
624.59076
1091.5387
492.34183
103.62961
514.8992
750.02924
224.96748
778.55347
-353.42386
-1359.905
-943.5716
716.1541
-151.43236
779.72064
36.593506
-167.76794
513.9569
-485.97693
-179.69066
463.83566
-410.40994
59.748196
-250.19432
24.992748
-8.52445
-470.6602
-1472.4379
-850.38007
-104.18522
647.5713
-455.56253
-745.533
-346.70813
-618.61945
-565.4024
-340.4498
279.80997
-777.1023
381.48767
-799.1316
-937.4488
-587.477
287.91586
-506.58405
238.7955
-574.45184
305.85724
-99.01852
843.2432
754.3553
-700.6422
-199.17377
303.07095
-524.85065
263.0407
-26.076649
933.0688
-970.2679
764.2044
743.8417
-340.48743
766.7886
1265.0012
199.9235
-120.94247
-1268.1647
160.52756
-1141.9719
698.84845
113.83156
1256.9552
323.40228
1029.1333
202.78862
798.9896
107.61253
-599.6908
61.59483
-286.9256
128.74454
-29.249739
-567.18396
194.93446
290.82816
-180.98172
208.81575
-633.7189
-735.7424
85.65886
-1056.092
206.54625
-275.36462
1130.4064
14.338952
-582.3092
460.77603
253.99806
1216.2461
-784.16705
456.57404
1326.5966
-79.8237
-1160.5331
312.06763
-705.0145
-435.0127
-280.02795
-932.12115
352.12988
-176.87871
-1115.2089
312.6846
675.9242
-344.5512
-441.74237
-345.33942
336.2408
289.27396
-245.09286
230.83678
481.1858
-1241.3456
489.11105
390.99075
-561.0277
634.805
923.2354
-29.53048
79.7245
-766.8517
-253.04173
-2581.4307
933.0182
393.20386
-260.5345
462.99496
633.1495
535.8673
-711.6317
-56.552143
87.066376
-98.56324
-791.2053
180.54797
187.69283
211.42685
165.38518
1107.6875
-21.00204
-154.85391
-609.9884
-811.0998
-699.0676
1015.644
-669.6438
-30.696505
-830.8718
216.73843
751.28723
-794.0517
-133.22688
-480.9673
-84.22364
-331.02097
611.70624
598.8971
-478.15564
-138.24577
-614.6863
-725.0531
53.864693
649.37335
-350.45435
-196.06071
743.98413
-339.10672
428.40186
702.11145
13.597381
-721.39496
200.79297
33.464443
-404.4624
685.5109
-213.21204
-20.03024
876.38226
643.3817
-168.71886
-1591.1876
473.92395
-174.53648
48.34666
-744.2078
-283.61493
155.51556
471.384
732.34143
-835.3871
534.87665
1109.173
-784.74805
-875.8295
711.592
879.01904
-972.2513
-131.51674
82.647514
-864.0282
-830.43665
809.2175
1369.7328
468.86023
-380.21222
1090.1051
422.4666
-75.32483
-26.07425
-272.0357
61.68146
-250.34329
358.66818
111.26697
557.3632
-768.27673
-1126.807
627.8605
-369.2351
365.51056
-391.42084
-178.16806
-840.0192
144.21373
-515.176
-432.86942
-421.55917
-933.1643
696.3777
-741.59247
300.7068
-235.50842
820.8565
564.40137
1273.1472
545.7227
-585.7772
-261.20474
229.06566
-804.61194
-623.5177
830.587
1042.0735
588.895
-994.53326
492.47055
1694.5127
240.46037
-80.63068
250.57176
95.1313
878.0474
-888.2871
1308.0393
-299.47357
-579.788
39.31766
-236.71317
506.05917
1420.8848
-331.59695
-353.7596
-1090.8064
492.59714
425.99542
724.2322
88.256805
102.50015
-1039.7665
-112.3867
324.28433
441.88068
-501.4387
-376.05743
1467.4951
-1519.856
612.8008
755.5
-933.0079
520.9837
272.80884
-834.7533
338.11893
-387.03986
-343.88705
765.98474
494.54437
1007.3451
-62.068283
588.10724
350.17194
-228.86072
-126.747246
501.01047
387.3792
27.035994
775.0587
26.881678
-1510.1364
-443.05438
-1188.2097
-334.2432
-1761.1987
213.67554
73.0411
385.33316
645.76166
-128.10687
-669.14777
583.728
-445.3477
-1447.1674
-44.059772
394.4801
14.1373005
-27.036285
-667.9568
906.9953
-882.32324
-285.9616
1121.3912
-1042.5806
-248.9031
-343.16205
1120.5305
6.024708
544.1731
320.5017
-558.1594
-434.56335
365.92664
567.4316
929.6161
892.86865
-263.58792
-428.83823
762.86865
93.89777
-943.36707
-89.49602
-634.5574
714.6054
-201.16895
-886.06055
-659.03577
-971.75024
-524.12305
992.6142
622.72675
-403.0203
312.25104
-724.15924
962.4985
350.39478
-57.47768
-66.72105
-470.22855
164.2278
741.0671
-1701.4005
191.40295
61.68657
