-164.08029
409.6211
241.04112
251.29343
89.2181
-220.86748
87.97641
461.81567
665.5131
608.79974
394.9524
-775.0013
58.5495
-102.206924
-263.92816
-509.5948
-63.382694
275.1619
91.01045
302.44254
334.7758
-517.1436
-391.43454
547.44037
-686.01654
-114.02461
257.64313
-148.0039
-282.28735
50.15569
72.95635
-510.67398
-312.8364
785.0254
335.70905
423.30734
155.3932
-38.881546
-65.58799
-733.0454
-656.53326
-328.40668
169.26233
-228.18718
441.24844
143.43842
531.6304
-255.94913
-315.23596
-131.00533
-491.48157
150.74622
-435.3891
248.3564
-176.02429
461.23477
901.02954
-303.48834
-226.1599
229.99132
-209.16658
232.065
568.49207
-369.52213
366.2486
205.93103
296.10272
-56.721542
303.1714
-15.399996
65.32064
462.88086
-64.92063
65.92242
-169.80838
-333.41006
-678.99615
-264.64835
294.16812
194.82204
-412.61047
-63.99793
-380.8525
-353.72186
-775.30023
628.3776
292.30017
732.07135
500.97452
94.29654
229.35498
141.19261
1194.7092
-901.2581
-376.07968
461.96243
381.23193
423.8421
312.21442
-69.711876
-232.50078
-206.08562
-108.735596
-172.0162
-608.28613
-21.712996
589.2864
266.5439
-57.33568
218.86194
-474.2772
-122.74618
376.63403
-337.85382
95.12166
-169.93993
145.89735
384.57703
122.159874
-222.54482
1168.2878
338.35245
151.89932
-667.64453
-726.15594
-134.64262
-859.6753
-591.8325
462.82248
-118.693634
135.41632
157.19003
-962.11035
109.51161
-658.4
321.78687
-255.28644
-120.066345
24.533072
-259.17786
-101.19028
103.63641
-675.62976
-533.09735
-107.1798
117.69566
530.94653
363.19485
-76.947426
-276.11722
57.962658
193.96088
-18.750914
-329.62454
-193.9964
272.3355
-355.11884
-490.89694
-850.6155
18.016426
112.77459
-496.38574
381.32663
294.41904
-205.13307
-124.780304
-534.52783
91.338615
268.93683
-339.36285
-408.77036
503.3728
41.526825
397.99164
-433.0977
325.19098
-9.334352
725.3254
504.0321
-534.5171
-134.56552
142.8705
-28.293617
-293.05508
-239.22385
-347.05112
956.294
-446.4011
-288.57806
1000.0545
30.569464
-31.438469
-435.6752
602.5776
415.2663
-552.9131
-53.897125
174.33252
-387.72073
-252.71193
-115.837715
392.30283
211.0298
212.38818
169.69409
442.77353
-266.97043
-97.89587
-829.0985
-506.03284
864.298
65.33357
-941.42285
18.193218
197.1804
572.7129
-396.06378
801.4297
-506.9628
-549.6727
275.20276
204.80647
420.57172
-953.56866
-221.27074
-13.995067
-527.7313
526.915
6.5692225
-558.3956
364.7273
130.71591
-52.10212
-83.80743
474.79718
-669.1499
-112.04896
171.97374
-316.89917
-276.9501
-143.51865
360.66986
-71.61237
-368.12796
802.1578
-247.24948
-293.95944
232.35558
-933.4074
-11.244173
-976.7323
649.6912
-8.826723
578.6344
478.2356
32.29365
-182.40985
-299.53497
-243.4845
311.77277
59.423294
-668.28046
-194.90002
251.19077
-198.95544
-546.152
-296.77017
-457.79147
306.19415
-108.055305
28.603848
-723.5639
349.163
300.79605
85.716934
-446.70587
-146.65628
-167.68886
590.63763
-106.46783
-30.978193
-423.47888
-21.717974
-230.18535
346.07715
24.632341
-411.43192
-439.6523
-209.98912
-130.95836
75.99763
-250.72427
1017.3679
424.53278
95.02129
261.423
208.57567
-22.387794
-332.7289
-530.9281
-332.01877
425.98935
-526.71533
-502.51703
350.9894
274.02274
290.25134
-91.09865
-283.09018
-284.9565
-381.00256
-19.086678
-109.12828
257.91675
-560.8837
160.44647
42.63799
-191.34137
-425.4987
-332.33023
-145.9644
128.7459
-853.233
-303.6144
-180.96767
490.12436
49.88949
280.02313
-453.84686
708.1518
-1079.6548
-131.53336
-121.38139
917.9128
-308.1197
481.561
577.4673
-232.41907
-144.11082
672.51447
563.72217
188.60388
-551.24664
31.247059
-303.4048
159.938
44.653893
468.26767
-94.67775
333.6457
399.29764
15.219672
408.0693
126.991104
-113.36964
-313.73727
206.90889
111.301094
-313.46472
-255.95563
-278.55548
-266.54172
-360.4368
-625.939
-1028.9583
427.7576
-608.16315
433.51926
120.45513
499.52362
560.02856
-225.05615
250.58163
591.59424
635.52277
-364.66846
-611.655
261.09653
-179.93774
-606.072
-119.16109
-107.63666
-320.7292
-114.021065
-512.469
368.90372
-160.81541
-461.5472
632.2106
776.29443
173.43999
-391.84656
-49.072567
241.81786
65.8568
11.356393
290.1582
651.6718
-508.12195
367.908
304.43463
-85.40411
371.50964
886.8627
-215.73714
430.7211
-291.73135
-235.41829
-864.31586
749.92474
-122.140594
-117.90223
333.0937
724.2353
99.37074
-6.3599133
286.0393
-22.897785
-164.72966
-431.06238
119.625626
-10.920219
829.8484
-36.05214
461.41864
133.442
-557.172
-95.42571
-518.3772
-277.2671
517.6583
-692.34357
64.29947
-226.36494
361.50095
523.53735
-56.823483
-223.09804
-186.52586
-67.017944
11.852189
460.40573
514.85724
-321.38037
246.7184
-663.5877
125.564606
35.406178
792.1528
-134.19781
0.53151894
404.8593
-144.86484
-9.348173
359.35248
339.357
-452.91437
624.35815
-218.40482
-291.50937
-70.90069
-86.350624
410.2328
649.1793
-324.78784
-504.93982
-265.17462
633.8462
127.1033
-90.18591
-725.0796
-387.98654
306.84735
612.76935
248.7739
-366.5358
454.0361
1146.61
-319.90555
-34.650574
16.563673
194.2309
-531.80756
275.20682
-190.9835
-522.3911
-343.22998
100.77896
672.76495
29.09024
-110.31763
718.5819
-166.31781
-355.55524
365.9211
-110.0908
-11.422535
-55.81548
529.8296
-128.13168
316.5604
-95.57876
-651.72894
408.19745
-247.51775
18.451897
-198.55208
-358.11133
-122.882576
-323.45703
-203.64911
49.80177
230.05536
-431.32306
555.32227
-70.239136
-110.30668
-238.01482
153.7793
268.14758
884.9655
22.790918
-396.39355
298.35535
609.46606
-115.41559
15.578278
413.4164
701.5491
156.57043
-395.46576
-572.6102
1026.4058
377.19983
-159.04784
-357.47495
201.7681
662.75916
-450.8038
595.1515
320.44855
-446.4592
-94.741035
105.25895
229.21082
175.29301
-108.71709
175.06534
-744.80255
165.2633
623.9895
327.06775
95.97919
-417.72214
-666.2419
326.2737
277.941
-20.746717
-251.9753
-243.06635
376.7956
-1064.5396
621.78436
758.52057
12.68475
239.4576
334.3382
-20.915764
332.20175
110.32763
-267.2885
-60.728832
580.72345
249.67555
597.1708
-64.974884
-25.238049
197.7853
362.05054
603.4859
288.76318
-150.52872
486.69208
-30.756105
-695.5317
277.67212
-557.4928
-65.40732
-929.79626
840.964
-54.300797
-130.61826
627.20404
-326.9846
-519.24945
115.70269
-143.02594
-335.92197
152.88101
250.44058
-254.63197
-84.93361
7.9778028
584.82806
-115.26053
76.06442
132.77325
-413.43073
28.766798
-246.8909
329.03616
167.39894
548.054
-8.148818
-102.45561
-21.964016
29.313799
388.05368
959.3847
1089.5309
-120.04166
-184.56572
-242.26611
124.3823
-519.8081
76.42533
-141.37984
649.66113
-361.97015
-247.16817
169.08943
92.77187
-367.98563
387.5156
656.9492
-274.95602
373.80035
-617.5447
427.3489
-84.38049
60.39384
-325.49283
-602.89154
-306.08774
330.6208
-1119.9047
279.68585
257.83124
