-322.8655
476.19614
443.10193
496.10013
1084.1636
1148.637
-565.9117
761.54254
-33.50387
47.318226
-764.87573
-1402.5563
-1020.9748
-768.7073
-728.08234
-1327.7405
-1012.48395
603.4304
-92.88303
1664.069
-143.17867
-1218.8427
-284.04947
-109.44016
-801.04034
11.752089
-894.1345
-71.44277
-754.84155
391.75952
345.52634
-129.83435
472.67142
1669.7552
1779.8391
925.96686
-82.59697
-553.7942
96.842186
-506.1077
-688.4355
-532.8947
-344.0496
439.56158
520.26825
-451.03433
-260.9476
-1155.6495
-659.6646
297.73196
341.01892
-24.07695
-83.02033
-1431.9128
1174.2162
-190.92621
2169.771
65.73947
513.2343
-226.90811
-476.81128
-184.44945
594.558
-701.86426
-324.8283
258.78537
-260.8647
453.30264
1908.5564
175.12581
-270.59485
120.63021
68.16218
-455.7044
328.34406
-1601.0461
-155.8922
-1283.2963
-324.59384
917.75995
83.59285
-767.0915
-843.6962
-1093.2936
-570.15576
2247.687
-1194.3855
1106.1582
1462.7865
894.9131
-730.2525
154.69356
1024.2325
419.14658
-466.27518
294.00317
1452.0358
1263.0021
1090.1075
-312.11072
-1216.4479
660.7594
-880.175
-458.84625
-612.5021
-108.0997
21.071047
1509.2412
-269.53345
-919.2125
-1503.0552
988.6757
114.20772
-473.8281
1154.1786
121.52997
-559.305
468.74872
-575.5694
-1972.1104
259.37402
786.6929
220.59276
-178.91998
149.78831
1064.1471
-614.4466
-765.45264
977.4495
-744.7894
-158.95721
-150.16801
-700.5894
-955.4551
-105.46663
-565.8836
-453.12323
580.0967
412.6919
719.14166
-538.3772
384.63037
-1797.5251
-1334.1111
-492.66608
1246.525
-38.642906
1552.7863
-134.99043
-518.9075
1043.5914
1290.2751
-238.53485
-29.929386
310.3921
-252.50583
-171.21083
-169.91785
-2361.6516
711.6563
454.4645
-1216.0145
35.19108
131.59229
2055.3228
869.6335
346.0479
12.251987
792.8414
-1456.5948
-546.32745
-234.97957
-141.07936
893.6542
492.23175
620.7492
-136.88124
400.18164
442.10104
-1342.3932
-229.28186
351.61285
-47.396893
-697.06055
-323.00662
-59.07726
1121.1105
-589.9511
-1006.4983
408.36996
100.58147
-528.6037
13.287
820.28253
470.2675
-676.339
928.73303
-269.30005
723.7574
216.09344
-328.4322
1325.3105
12.912091
961.6102
132.15993
818.90356
186.8906
-426.43158
-1558.0488
-482.17825
-412.1739
330.7777
-911.2557
-1698.5879
719.1828
1622.3721
-468.94296
1201.4353
-294.86465
-552.59454
-42.218388
248.28613
137.8974
-629.6713
-146.2042
509.6524
461.15027
102.285225
1015.42395
-860.9229
-330.55487
596.5043
15.950056
332.4367
709.5925
-1273.0304
-1445.1404
954.3671
-498.38745
-501.89276
423.2901
920.8167
608.32764
-278.27365
1375.1078
-54.132504
-158.83838
-888.4428
-1388.0024
-1025.3127
-1056.8113
1196.8153
487.51276
771.6397
-380.6158
803.70337
973.4288
10.770905
-930.06323
783.4834
70.31804
-334.3235
704.20135
758.2161
-320.01828
-762.25665
-394.5525
72.726295
564.14386
-1174.6613
492.01984
-1613.014
-370.78085
-1255.4159
379.50217
416.45297
-931.32733
1207.322
1122.8308
1097.836
-30.035252
122.23719
611.5796
903.2221
1227.171
-1256.3751
-1591.4766
-1105.1174
1374.1466
-507.85712
-47.483738
135.52432
-630.3858
561.6422
-805.46875
139.97525
75.56378
-124.152115
-972.83887
-493.08466
-870.7244
-857.54346
126.80552
-527.1198
-583.42505
-218.3508
625.20245
-558.15125
-1424.483
-98.084785
-472.8252
-1650.9462
-404.93094
331.52032
-684.7061
1118.8845
-885.2667
-781.31946
-900.69037
593.1888
-298.67105
-88.12199
-697.29285
-259.99588
135.92567
466.39755
1138.8444
-438.1821
664.0928
-530.8058
303.97363
-118.87555
-477.36093
343.82172
-1257.8707
754.2496
606.97186
-2.9208422
512.5796
361.7057
783.8251
482.88712
-514.2938
-454.4344
-648.16974
879.36194
11.882078
2108.9736
0.16848826
246.06624
209.56577
434.07822
-508.17023
697.16315
347.83463
-680.05237
147.98254
-106.942184
-360.1024
96.31572
977.3353
597.41016
163.34642
-680.4804
-709.6679
203.38033
-642.4464
248.23816
-9.809058
1863.4354
759.4537
-1136.7462
174.72015
773.0815
-186.19899
-671.2477
435.57123
1082.7372
51.84386
-1621.6393
-187.72235
-236.37735
-635.5397
1215.9504
-1009.5256
505.7917
-201.7808
-987.01056
717.0468
596.52563
-1161.6688
-1570.0995
-886.8185
551.39905
-86.18811
557.0404
231.97162
576.1425
-459.162
-111.0122
800.1221
-1371.3058
734.8144
1373.5873
-931.0298
-108.13794
-939.0513
-37.60979
-2863.1384
1561.5502
730.86285
-857.72736
1526.3206
82.77497
530.7905
-489.86844
-823.3282
871.96466
595.36017
-727.5323
286.49915
1435.0842
663.3389
58.26309
275.64752
-151.13016
489.29663
-345.87402
-917.4621
-1140.9252
1263.457
-260.63098
825.2136
-436.2902
-575.2935
315.25815
-117.585396
-227.6915
-1547.7684
55.63386
-376.18903
1348.134
36.14135
-224.91832
-724.7684
-963.37897
-1335.1036
347.64282
818.16223
-844.2327
-801.7652
1183.0223
782.7777
346.8558
1581.738
-329.35306
291.28098
1040.1471
-723.9831
-136.10359
209.62152
-424.8029
303.46616
418.38333
1145.2227
59.274586
-2087.9766
1124.5598
-693.50757
3.3041856
-629.39325
476.00342
526.3616
-157.89964
1399.4946
-586.3907
625.44293
1854.8792
-1325.0007
-934.2672
387.88193
737.6676
-955.3858
158.13219
-111.10743
-1017.5509
-867.82745
1377.7865
1640.4639
1254.4094
-186.58339
1475.3658
89.617355
53.59053
530.3203
803.4265
-161.79398
-398.54553
309.9069
91.42662
66.222275
-725.1248
-677.13654
554.1017
-935.40186
359.70743
-156.16219
-144.74956
-1362.1338
1558.8218
-900.138
-1046.976
-484.33072
-721.0922
1335.7847
-70.05604
645.0673
-309.2423
523.93134
547.6879
928.2891
973.59607
-333.4415
-547.544
428.74255
-442.19144
249.2844
1452.041
1478.6799
1436.8348
-1391.3237
718.4928
2028.6956
337.61462
-147.49487
-314.75934
643.49207
747.00696
-924.83093
2011.1024
398.99457
-1104.6093
57.13449
-1596.0441
1062.4098
1285.3939
-875.3891
206.68398
-1057.1853
-287.19873
306.3385
289.82495
232.39548
-304.4177
-714.6998
-410.60822
163.39154
747.73376
-1030.4254
-540.98535
1447.299
-1985.3262
985.3943
1246.1434
-629.25287
216.28728
127.720345
-431.81168
728.7568
202.64688
-38.861702
1493.1632
1156.1989
201.23361
36.932934
-311.48956
722.36475
-694.2527
-16.618904
1369.3485
355.3549
246.4796
1778.04
-406.79025
-1352.337
-722.9074
-1511.9794
-813.4904
-1270.9386
504.56683
385.29095
354.94867
199.4011
-628.0657
-543.1026
1417.6606
-980.5796
-1916.2446
-612.3298
132.74446
860.6347
259.52548
-501.45737
909.8608
-420.65305
513.50256
51.858765
-566.4751
-17.26909
-322.71243
1168.9818
201.2277
760.3333
527.9177
-404.55597
-104.02439
-103.6071
514.2259
895.3284
1070.6138
-556.59503
-194.63847
149.94861
432.70456
-788.1132
902.86707
-770.5965
528.2309
638.3947
-1292.0641
-479.62848
-2071.7227
-747.29236
657.6424
846.1656
-900.4049
327.14334
-568.1947
1243.6316
399.7308
-719.71423
349.9215
-1247.2148
-349.21265
860.473
-2514.1519
282.50247
53.21658
