-1063.4413
632.03485
1341.0403
218.95013
1359.2231
1127.4481
-772.1994
761.4848
189.41676
483.62778
-648.55493
-1455.7589
-782.8408
-830.92444
-54.046375
-1985.4353
-1659.019
383.83414
-643.45593
1872.93
-907.8197
-891.2091
-372.60568
-534.21375
-1105.0503
188.75119
-78.8285
-324.00232
-1948.6625
160.0785
750.879
192.07874
1437.4508
2356.3162
1477.3577
1169.8052
-723.14655
-317.17487
-270.2719
-258.04355
-226.44846
-1572.43
-389.71982
1553.5734
668.7998
-535.8854
-175.98535
-701.31775
-1502.0269
753.7164
904.9589
-92.709206
-186.89758
-1095.8685
1897.2708
-842.0183
1796.9064
141.25395
757.2314
-249.70876
-426.61374
196.66852
-80.10871
-1497.9471
-293.81845
711.16705
-798.2323
36.85191
1890.9923
252.50223
-1307.2395
282.78888
240.94171
-299.64148
229.68033
-1069.1924
-152.22006
-1110.0496
-793.27496
608.491
-385.2095
-981.5779
-648.0922
-177.60318
-642.03406
2422.2888
-1486.9551
847.427
1791.1986
639.0788
-885.8224
61.190342
790.79645
880.90027
-1151.9032
63.178585
1858.0057
498.53775
602.5078
748.88007
-976.4729
109.78691
-1035.5132
-179.15579
-705.9085
62.577545
-294.0304
1376.0979
-134.50429
-737.8089
-1238.8673
1568.7277
-347.75763
-277.97464
1122.9254
11.432668
-968.24524
267.08035
-659.8158
-1635.1046
655.1266
304.65195
339.48898
244.1322
-349.98605
-138.93332
-670.61633
-1299.5391
423.06158
-603.80646
-820.384
-296.2327
-750.40686
-518.9933
-268.7927
-1105.8317
-140.56639
1121.3462
148.91025
824.2639
-1215.1407
507.87582
-1608.8417
-1379.9308
-514.97906
399.44568
-192.13759
1410.1879
-898.80786
-621.7181
1249.7964
1546.5779
-663.0879
25.197685
467.0763
-1165.8541
-986.7516
-995.15393
-2604.7747
246.92633
438.07965
-1890.1367
-183.95204
769.0727
1884.5168
1280.813
227.4244
577.47595
1703.8407
-1820.4484
213.73404
-1573.845
-631.9256
1011.2185
915.0855
-97.8965
-269.5428
271.94864
848.5061
-929.0211
-166.6397
1026.2056
275.67078
-704.3634
-1071.4401
-732.5685
823.3252
505.71686
-1146.9103
-168.25986
9.234215
-1056.8835
-150.27045
999.2698
-304.00308
-1041.5676
1390.9474
404.38187
339.4316
130.18484
-586.9149
1735.2212
496.30066
1161.4547
-281.9902
465.62585
1684.2277
-510.3665
-1343.1378
-187.01765
-1.091934
768.52563
-595.89154
-2218.783
-115.50214
2940.2317
326.2494
957.294
-212.66971
-174.37225
-669.522
462.0067
1330.0499
-169.23227
520.7065
783.3159
852.8182
265.68143
290.20514
-477.16168
150.25478
999.76196
112.786064
-143.73767
838.6076
-1204.5211
-2226.6567
1377.0372
-826.6013
-601.5346
292.8786
920.4476
653.451
-844.94476
1172.3187
-140.46545
-222.34566
-1103.1826
-2052.6707
-510.17307
-723.8744
1799.1779
413.74472
1832.4604
-833.6524
276.24844
988.0929
311.85132
-473.07758
784.09467
959.8767
-1554.8384
119.53175
1169.5691
-298.1718
-385.35822
-114.39164
-272.2683
1260.3679
-1882.0043
430.58917
-1189.5685
-602.04626
-1862.1742
791.6451
-155.98422
-1337.4236
1344.839
1271.9221
1214.5491
-122.02064
135.27591
680.4149
1149.6554
1385.1477
-1875.4935
-1684.3248
-973.1646
1793.3656
-268.47424
-280.72812
-123.45517
-1041.6934
23.34085
-1038.2947
288.7738
453.67258
-730.3292
-1425.0975
-966.65515
-1283.4314
-1530.364
6.1387153
-1444.4955
-799.9711
-301.4642
813.2381
628.991
-1453.78
15.140993
-213.8598
-962.7243
-296.89606
957.86786
-1559.038
2220.3667
-799.7417
-287.52023
-1295.8834
166.25835
22.766914
-401.97806
-666.96564
-502.25403
-192.84314
639.82947
896.0874
-773.31213
659.7473
426.19803
1030.6982
415.75452
-745.717
960.30084
-1453.2086
957.5717
1469.7491
583.7132
474.13507
-94.64843
332.71857
1029.8198
-725.0124
-499.33456
-1078.6924
-635.397
-422.58408
1575.122
-6.2442293
193.03433
448.96262
131.48283
-1224.9412
1360.0922
10.587137
-1142.8396
107.81963
-436.8714
555.74084
-1.8062441
455.78925
394.1072
544.9711
-691.8076
-227.58716
194.40466
-1155.9109
-33.61108
-396.8079
1572.5785
1125.6782
-237.26047
573.7395
986.95087
-956.1489
-920.0557
106.66602
470.2197
-91.16128
-966.3833
-696.8836
-362.55417
-922.09546
1475.31
-881.4488
432.2601
940.66565
-1061.2765
632.0762
442.45404
-1415.3754
-1402.1165
-644.7882
-91.412254
-36.64412
260.28973
348.17188
1509.7108
-557.15686
-657.2521
241.42421
-1380.0966
635.63544
1802.1471
-110.08701
-302.60983
-83.04066
-642.0285
-2811.4617
1837.3762
459.36478
-1100.6578
990.46545
875.90094
1132.7423
-652.5516
-537.97095
1353.275
732.2028
-1217.2975
567.3504
1165.4409
-376.71906
-104.22033
97.345184
-236.67929
562.65576
44.625786
-1541.0543
-1123.7831
1418.0724
-36.19373
741.9364
-635.2281
-237.57199
452.05728
-618.3144
111.503685
-1680.5804
-482.10828
-752.99
1295.721
-458.89792
-493.15698
-1203.9634
-432.8383
-1727.6367
5.6242876
583.4077
-1667.4752
-674.6283
1267.0267
665.05096
234.92102
1140.6804
369.14554
-44.56376
1244.1575
-845.3756
-542.911
172.94121
-1175.494
454.15692
-638.1482
1310.4043
145.8954
-2419.6133
1317.5684
-538.79645
99.60526
319.3156
-230.00406
400.66586
695.4363
1180.5963
23.38257
1123.2393
2603.6802
-874.8459
-793.1121
585.4716
22.106407
-1649.9924
169.44133
-584.1964
-396.95813
-728.52716
837.2351
1802.2281
1586.835
1069.7693
1097.9637
-506.10114
-772.8952
96.27399
1102.2712
177.2067
70.85766
189.5273
-1.4792962
13.758377
-28.085754
-208.72421
1036.5469
170.55319
310.57587
-275.93958
-315.89584
-946.62964
1601.1907
-1150.5032
-1062.9377
-166.10771
-302.49628
1415.0103
441.30225
1277.4651
-411.8438
659.77545
686.7776
356.1207
-206.03342
-404.6575
-402.56723
1422.6971
-799.2968
1033.4663
1990.9928
1568.1055
1724.1207
-1625.33
620.4327
2519.119
179.37985
-375.62012
-616.94006
198.47742
537.3785
-1348.643
1920.0944
1084.214
-1206.141
-392.3931
-1861.7556
563.87506
1242.4459
-1561.3696
-222.45743
-1061.7014
53.97825
716.4641
7.3847837
291.44012
-1152.5924
-738.6873
297.87534
137.82559
1264.621
-14.264732
-1507.4297
1292.7561
-1986.638
878.36786
1470.6382
-824.94385
629.06433
418.53558
261.32867
745.41766
-230.93149
65.18591
422.2588
1655.654
-274.93686
-1143.3197
-222.21223
869.51666
-389.45706
-601.1861
1698.091
-208.79156
-1027.037
1882.2584
-570.4855
-1607.8956
-617.2112
-1592.8472
-523.8738
-1675.6215
210.71863
442.1668
9.348556
-46.555836
-404.69293
-843.47833
1083.0074
-1030.7006
-1213.6216
360.87473
-367.7855
843.91473
98.77289
-267.60956
501.3379
-572.4838
379.5234
337.8729
-701.45026
-76.32896
587.0421
507.11935
-42.543095
72.39089
190.86032
-264.1274
-187.29611
38.799423
350.47623
825.6821
824.77374
-819.26715
-324.53268
705.11176
638.35974
-1181.1364
913.0768
-1116.2349
1098.8503
1055.6975
-1752.7568
-270.46194
-2276.371
-750.1538
296.17065
426.85318
-888.9196
-94.32327
-1214.4567
863.1743
-335.8844
-660.2392
88.32379
-1888.0941
399.03497
875.21826
-2735.598
216.23264
673.0051
