-254.86903
373.02118
269.5473
351.82684
-25.245619
-260.86008
90.349655
511.0594
715.44714
594.49774
461.53857
-811.49225
9.822714
-95.822716
-254.56102
-524.10754
-195.89749
140.14114
231.76262
220.64787
369.67795
-621.9868
-340.8021
635.9674
-700.6898
-97.24895
279.45178
-322.22815
-156.25029
-88.80197
130.49303
-517.68616
-278.08475
727.68335
387.3469
469.1301
124.05738
-151.74713
-53.146225
-659.5202
-671.7319
-309.91745
123.14956
-317.29367
562.9118
236.84306
543.5962
-175.4019
-388.9659
-47.872272
-473.51105
242.70114
-410.70865
190.10037
-96.3957
443.73218
1065.9485
-308.16733
-282.15475
375.37964
-159.41107
123.30552
614.2455
-305.66766
398.89014
221.8493
262.5255
-34.46803
456.87152
78.54604
148.07983
433.88858
-95.989876
116.46202
-182.58365
-271.57953
-671.6697
-252.68805
313.1283
194.34448
-365.73425
-37.99706
-373.08154
-311.79385
-921.89905
599.48193
322.1605
732.4323
369.8124
165.1041
224.44511
204.38663
1136.248
-929.7032
-466.35333
507.86243
367.2483
424.7553
275.17218
-73.44205
-162.76833
-274.1263
36.042187
-134.66516
-556.1152
42.044918
585.7933
236.58809
-106.30755
299.55786
-552.7183
-210.20186
362.85803
-359.23508
85.1188
-215.18513
137.13368
319.77127
55.504818
-386.30002
1063.5553
553.2148
125.46365
-744.29706
-662.2758
-123.048225
-828.573
-591.41626
512.1057
-245.2895
243.14345
86.52473
-1119.4344
65.17976
-576.40485
307.63025
-314.79227
-100.48505
72.74738
-231.81564
-83.28485
39.4254
-690.86505
-486.5547
-121.59309
330.6279
583.52045
411.5012
-55.82735
-403.07822
110.78588
172.05019
-96.25401
-283.48166
-219.68315
283.92267
-492.95563
-449.14438
-890.32635
16.5032
214.11919
-362.32684
449.1894
394.5368
-122.85311
-89.98392
-469.60294
176.55962
312.38718
-417.21063
-353.99512
453.34692
217.17435
514.66925
-516.54944
231.80525
37.469048
666.5662
499.04953
-578.6529
-221.563
322.78284
-62.397526
-211.76476
-224.16571
-397.88422
908.15295
-455.18518
-318.11465
922.8189
57.270092
102.25543
-392.16412
694.5549
382.37836
-446.51846
-24.30729
121.94656
-292.70575
-346.64737
-175.86852
444.19534
163.33006
115.32844
108.797554
510.57578
-324.3351
-56.247807
-733.23083
-451.52606
918.0589
65.080505
-946.3592
137.14006
176.49704
584.38
-363.40012
846.2608
-526.3401
-499.38956
297.68256
165.42157
375.5547
-912.8159
-228.32352
16.379194
-535.50104
609.5582
77.8151
-512.65784
285.677
82.880775
121.756134
-221.47264
428.3385
-558.7508
-14.280939
146.53935
-443.32068
-206.30038
-178.71017
464.77997
-99.52816
-280.42133
792.80133
-292.78702
-278.02194
299.0565
-884.2735
-3.327756
-1009.7926
655.1934
-48.056328
645.546
390.0304
-123.88504
-117.61255
-244.9716
-347.9107
323.5531
41.310547
-578.9121
-245.18867
169.02538
-199.03688
-580.9852
-268.8135
-448.9724
259.8532
-177.2228
13.842487
-784.33673
367.5571
317.88315
-8.032345
-515.0859
-118.40876
-151.74759
843.0425
32.31853
-83.40506
-349.1188
14.1054325
-150.7617
442.76895
168.59686
-503.9511
-410.15616
-340.75455
-192.4224
13.914653
-276.54028
994.6594
347.89264
102.779884
234.38628
185.57143
-18.977095
-310.8696
-403.04474
-359.69238
403.8614
-584.89014
-446.45377
370.26303
251.82368
246.42714
-1.0139112
-223.50232
-288.2285
-446.73938
35.35427
-42.770164
270.49228
-647.42145
159.23738
6.3968763
-149.08592
-440.93237
-400.12476
-176.74701
297.9532
-957.6211
-297.47717
-166.63957
508.4614
77.25103
192.86809
-349.09198
638.92316
-1066.3192
-319.15546
-159.66653
827.0144
-216.43408
522.2029
626.8505
-168.91017
-116.87778
670.97406
462.26596
188.4751
-497.54214
-22.31091
-405.52667
167.27623
100.84997
344.54706
18.791597
259.32486
436.16858
-16.066921
442.8399
123.04708
-162.81087
-347.54016
187.54477
40.940735
-396.38412
-359.22546
-234.39726
-199.87515
-295.02203
-638.8494
-980.5306
515.531
-714.11993
415.65823
111.69228
616.3164
517.2857
-159.61075
115.96508
442.45248
592.2542
-452.0015
-516.2474
187.56662
-180.48936
-634.0486
-65.41811
-192.6909
-336.50714
56.082115
-494.12393
207.54695
-77.87286
-489.20587
485.3181
796.04816
160.3782
-370.17654
-153.11203
220.89255
-25.551155
75.11855
247.74744
779.16437
-517.0583
401.45065
402.76242
-177.84048
354.02432
1079.275
-250.0638
351.8643
-311.86066
-252.63275
-1036.7268
763.462
-53.369408
-223.90349
203.52357
803.41974
127.49548
-28.749458
282.12622
-1.691686
-166.7315
-488.1441
74.876656
1.2638367
745.9724
-70.8658
535.7638
67.55602
-541.02606
36.63841
-584.4584
-241.40518
536.476
-673.3407
90.439095
-279.21545
312.96487
499.22473
-110.39201
-291.51938
-229.00916
-47.645557
-6.488842
379.1748
588.55365
-260.98853
161.76254
-667.9222
60.42144
20.070784
643.94104
-130.35007
80.151085
304.20184
-149.31062
-3.5747313
344.56802
471.60028
-508.4393
675.7155
-193.0337
-296.7548
-156.26198
-117.00464
435.10873
574.1696
-251.56169
-446.0139
-213.49124
606.0829
97.05056
116.403496
-552.7536
-343.08115
232.6296
543.8466
166.29097
-466.9136
560.401
1223.4845
-317.00522
74.14501
81.38984
231.82837
-438.28326
292.9929
-254.7056
-553.77026
-237.62369
171.99377
672.3844
133.72139
-40.328148
715.88385
-174.67833
-305.03
387.3064
-110.123146
-9.777123
-158.9381
448.51898
-84.088974
332.53833
-180.52269
-640.911
398.25116
-264.58524
127.86521
-302.5924
-284.83237
-119.38257
-352.4624
-272.3889
187.81197
309.53537
-390.40683
467.37857
-190.7354
-5.058625
-300.54868
206.60315
251.6501
835.45514
-43.66241
-444.1057
143.23383
719.9257
71.90468
-14.5931
407.36603
683.98517
162.69435
-459.04294
-471.12396
1017.18805
331.75638
-45.64305
-347.76215
203.29785
867.5972
-606.4725
597.6405
207.28615
-318.928
-107.37594
-88.620026
64.70715
269.83
-138.99962
86.74047
-749.3129
134.16153
620.43353
299.3495
8.213503
-485.2626
-662.50073
387.99316
267.20084
-56.30782
-270.73697
-137.9745
439.66483
-1162.4207
651.9153
769.9869
-38.400303
384.2281
386.49734
69.677216
317.81836
95.969055
-317.7519
-136.9489
592.8189
363.05396
596.70667
-133.72966
-79.475334
168.19078
347.6563
500.05072
255.81776
-62.12382
598.6757
-11.100725
-668.7691
266.34848
-567.15607
-194.72818
-921.7083
711.661
-85.48688
-129.67398
596.4935
-401.62817
-509.5133
236.01735
-223.27167
-348.8188
191.40292
347.3634
-249.1682
-146.42546
7.7655225
723.5429
-242.4058
46.82241
185.1494
-457.80865
99.42445
-255.8276
276.0422
128.95609
509.7457
29.178797
-76.16379
-32.50374
26.992044
343.572
953.9162
1038.3682
-160.2887
-260.37936
-370.8965
86.918
-517.4266
74.33209
-181.81157
572.62854
-350.5465
-248.69267
-39.686394
16.94701
-272.07108
399.45496
550.9366
-148.15462
554.6898
-569.5294
473.3581
-160.03142
-116.94686
-321.01062
-592.8632
-329.52188
322.89377
-1124.6646
434.6464
348.64648
