-36.357883
969.538
70.149536
225.49097
969.3473
684.88666
-126.75617
513.53644
65.66232
-121.39771
45.87538
-1473.7079
-290.16055
-662.54425
-252.6385
-1124.9438
-184.69095
1397.3331
-66.767204
1385.6316
-242.06522
-1643.9877
89.730965
326.26498
-330.98056
-559.1457
-476.48718
168.1786
-430.14056
216.16373
3.8672905
-548.8578
-26.809752
1338.485
824.70013
761.47327
248.46149
-77.41631
-223.66817
83.3814
-536.9725
-672.0711
-90.316986
573.62286
248.41452
-448.1489
166.89867
-812.61194
-746.60236
168.01672
-130.59764
460.77063
-98.31479
-307.06876
1328.898
409.36102
2058.1165
-999.41437
60.847908
41.6114
-233.39464
-35.603264
283.28915
-391.87933
-522.08405
328.62854
-630.4198
151.78934
1520.2223
-153.83769
-444.4479
364.21964
-185.40788
113.310165
-67.45927
-1240.6831
-777.7626
-791.0953
69.9955
168.99814
3.5493598
-910.5816
-1064.1692
-1001.78705
-625.68866
1201.878
-1025.1697
1056.6458
1573.9114
692.6653
-697.13306
688.09064
1225.2952
-298.9846
67.17396
-273.59012
423.20517
1212.1763
984.10596
88.18819
-791.8649
-215.41005
-1236.8431
-691.5437
-1393.7826
39.668648
360.24304
1001.9839
44.115456
-575.3626
-800.95233
314.3465
272.8899
251.41618
1057.2515
18.94772
312.28198
410.78494
-77.76686
-1237.595
680.15515
213.07266
26.870363
-229.94421
417.06848
581.77563
-595.7537
-554.12885
1013.8382
-175.9907
-26.575024
456.98224
-903.671
-471.1666
-63.447662
-92.89502
-340.41864
340.445
541.4557
-231.65543
-17.536846
359.54697
-1898.8854
-1246.229
-519.9366
1115.5483
110.670616
963.1248
14.342481
-598.46423
592.3728
613.5509
-136.24515
-350.2647
219.55675
-41.29411
-471.09747
256.04465
-2262.4055
488.41278
1125.9424
-1193.488
111.88454
-192.84218
1684.3063
556.30566
-804.3171
91.471855
422.89963
-1297.4889
-588.85065
14.262359
-161.81525
756.5826
591.357
436.8205
11.264591
1147.4567
379.50504
-988.0038
-100.77647
625.7421
-92.20045
-467.83572
-145.98326
-763.0503
1224.9303
-529.2751
-858.4149
1231.3085
115.13471
-1346.6506
147.71898
1393.6632
553.57837
-588.43134
595.23846
-484.77838
-156.96342
-230.81233
-261.9378
1573.998
334.36963
617.90045
-371.33643
130.6683
149.8355
-434.16833
-1743.0925
-1018.4776
162.77089
-493.47427
-909.557
-847.883
1004.9399
2081.6262
-605.5166
1412.557
-201.80939
-113.40179
-222.28459
157.74478
517.17505
-843.0342
-695.3948
1202.2457
-162.20451
116.32297
1085.252
-384.86752
-506.07132
745.8136
-375.5415
165.50235
484.88776
-1031.3162
-817.7186
683.9098
-1272.607
-361.84753
-123.65309
661.6585
1023.3296
-374.30005
764.2227
-221.49971
-364.36755
-234.08003
-1222.2638
12.640048
-549.8612
1422.1869
340.98996
856.96277
626.6312
227.83334
991.49097
-439.79535
-620.8425
880.9642
325.50183
-776.9925
94.83402
373.49066
-835.00073
-802.8309
-165.36417
-60.301834
-274.14438
-944.79047
-48.285957
-629.6663
-0.2435751
-1139.1226
450.15244
-319.14093
-532.93506
342.5014
1252.8181
956.2575
154.93001
104.39103
470.577
637.6717
1212.5964
-541.1486
-1241.5114
-779.55884
856.3561
120.91127
735.9569
-20.530455
-116.062546
514.1773
-581.23145
-147.7702
166.89449
-519.81323
147.13397
-381.36444
-137.45763
-165.82753
9.259321
-1020.53467
-447.12445
-524.18585
577.85474
-346.82355
-771.4932
-273.01474
-718.0932
-920.02246
-161.5058
-68.83515
-808.7414
406.92825
-836.00793
-999.8073
-692.6882
258.93036
-703.76117
75.974396
-334.95227
78.69839
3.168704
791.7402
999.94714
-859.749
-198.2474
-95.65509
-357.99066
2.4091938
47.84022
568.578
-837.81177
1069.7747
882.61414
-267.156
702.93585
730.6015
518.68787
78.688156
-1022.35455
207.90208
-936.41003
467.406
56.338318
1193.5599
281.76746
1045.2087
-199.69052
568.67535
378.91702
-283.01328
148.58778
-658.45764
222.66974
-227.36217
-626.08575
-15.931998
653.8446
-586.9684
99.11056
-499.95975
-940.5603
331.89914
-567.2934
11.883652
-308.11795
897.0061
146.95317
-513.9085
273.9687
401.19824
867.0838
-773.0164
613.3168
1316.8212
-32.650284
-1134.3783
-61.716244
-698.9849
-488.38583
191.51216
-1057.4126
515.15674
-124.72845
-995.6909
524.60754
359.20804
-185.97287
-688.06274
-646.83386
404.58658
552.5616
-11.340007
489.3268
294.5408
-981.92084
594.83875
718.3241
-1183.8042
384.221
505.3209
-234.76968
-188.48181
-373.26706
-355.83304
-2624.5828
1333.5818
662.94904
-351.93695
476.99802
374.3665
671.55334
-849.53424
-509.35666
195.90248
46.04
-689.69446
366.13614
211.41945
848.76746
472.36084
979.0641
111.43495
-107.04455
-452.63196
-815.9178
-778.0359
983.8737
-684.1903
-120.430435
-575.53204
254.25455
522.78394
-677.49634
6.408189
-818.5951
102.86507
-342.32736
681.03406
283.7351
-206.68828
258.49387
-344.9423
-1103.4908
119.166245
420.02808
-396.7712
-513.78894
1124.0535
134.16188
77.16838
956.3676
-128.53893
-655.509
351.77792
229.1316
-216.33649
459.98706
187.82095
263.00668
600.9784
827.692
69.737526
-1738.6938
706.3045
-339.47452
210.5088
-633.8841
240.49571
91.19086
148.2438
943.18134
-862.85547
561.7183
1117.7273
-1004.5079
-918.1158
824.5551
803.9922
-1121.0806
53.28811
150.75896
-658.13324
-919.7822
960.2894
1797.3265
643.08826
-17.667343
889.1683
-60.875572
331.38763
246.96564
346.3186
336.36398
-434.09436
513.0394
379.29657
525.1896
-815.8883
-1127.4271
422.84418
-508.37903
302.1694
-171.46066
-183.0191
-809.9943
346.00714
-628.3109
-361.147
-335.86337
-1296.4799
720.9303
-783.8227
356.76648
-42.28076
808.49725
305.69702
930.193
458.26566
-668.8406
-50.923218
278.8747
-929.69916
-137.28032
1051.7191
1314.2972
450.79248
-1022.43304
697.99744
1702.989
319.7157
42.55497
27.164206
372.28912
448.79822
-561.6788
1228.2395
-236.0902
-714.7519
511.78397
-826.86426
524.97955
1444.4764
-463.2715
-522.22485
-951.33
302.54807
460.51535
381.34833
109.719376
-226.49554
-1147.4639
-478.3661
301.49023
713.45746
-277.73654
-143.12967
1191.153
-1273.9581
574.5754
813.9726
-829.8697
587.85376
542.69293
-891.48334
139.91637
-383.37003
45.491207
1282.8153
545.27686
670.50525
160.7449
252.33421
475.03534
-161.51102
-237.23361
688.7667
682.15717
-138.9063
1172.4377
83.290344
-1580.1205
-749.1849
-1506.9962
-757.4945
-2277.0889
433.7104
363.68835
80.635185
508.1488
-51.024403
-508.53152
923.1079
-738.78217
-1472.6581
-125.87319
245.89415
244.33928
82.221405
-793.69183
772.4268
-868.6984
27.283373
906.8634
-1152.2964
-333.19156
-337.11444
1055.4353
-47.854885
675.5739
339.64597
-458.3709
-265.13345
82.125885
502.11353
1075.3857
944
92.751274
-285.30627
551.0536
-69.83854
-1393.367
322.3855
-735.72375
461.2052
80.40561
-1083.3265
-1031.2811
-1466.9427
-194.57542
991.2224
1053.4557
-457.65842
359.70807
-624.2261
1028.5657
123.48521
55.63676
-165.31729
-703.9906
296.7036
1057.2982
-1691.1654
603.3792
84.74978
