-212.81453
135.51434
207.43282
78.13765
30.659693
-90.456436
6.0098085
43.338245
9.673731
412.3787
201.95917
-135.53302
-156.12567
-177.0905
-267.9041
-61.109604
-321.57086
145.24281
-66.13635
-9.85207
-32.70143
-31.451517
-139.17847
-31.566832
-285.99667
-64.12375
-80.50995
-151.99205
-184.39374
-90.78539
127.69712
-190.70113
11.413677
267.69424
110.017715
-6.0145607
12.1211
104.96934
-150.9707
-304.85712
-222.61354
-62.543915
110.08951
98.03828
205.50029
65.09485
-68.55608
-291.30057
81.238174
-237.6004
-162.12878
245.66832
-24.10248
-13.410856
-103.23215
-242.47188
170.78206
-112.12405
-43.782516
88.88703
115.66849
268.69156
207.94139
85.16644
178.50829
149.41318
-22.339817
28.536018
31.319187
121.36802
98.588905
242.74731
188.30463
29.521675
-42.976894
-326.85965
-93.16794
191.68063
21.932217
136.18251
-178.19518
258.74307
39.705727
-9.66552
216.7295
55.329502
-83.237
51.022312
99.55996
-103.94601
-193.69972
223.7328
356.17413
-346.5767
151.04579
92.5102
-160.43991
-94.406166
113.92221
-70.56723
-385.26608
-30.860264
-30.017395
41.326214
-285.8353
63.70779
227.45721
-47.55643
-131.2678
102.78942
-344.4432
123.16187
298.23904
63.9297
-20.311396
105.873825
-180.36292
-54.532192
23.595726
-28.161207
-25.257996
150.46187
-87.2065
-61.93875
-172.63326
24.654003
-239.30258
26.433983
-69.568886
196.98097
-253.7601
228.51707
-94.175644
189.63994
-94.96576
153.71753
311.23297
23.038498
-29.653366
66.39984
-106.476974
213.09393
117.17818
-45.03886
51.626225
121.406044
208.40965
-125.5785
28.300253
-441.5758
79.85179
-223.64702
483.1475
-25.645523
245.88287
-5.0734324
100.48772
-42.058636
-165.70773
287.63016
147.77542
54.01871
60.248802
224.91322
116.923805
-51.461025
34.153236
-82.71673
45.88938
70.889946
-336.81787
53.811188
-86.803604
204.20453
-32.663635
56.444397
-208.11075
402.12665
23.13659
-1.0134153
-178.36009
172.47969
158.94904
-23.230024
-210.12805
-180.4053
139.87064
140.66817
2.8737206
317.2402
17.510496
-200.51501
-30.321898
354.19632
78.89103
19.140955
-91.97851
52.335327
-268.06754
151.08151
-1.8539245
-65.0568
201.39687
-66.33126
55.54861
73.613205
-293.4278
99.64038
-95.8753
-90.66201
42.77853
-72.245
-278.9007
-122.83304
26.06708
-58.46547
9.063211
-52.81914
-182.0932
17.89362
292.10294
43.78089
102.24539
-162.63641
91.92379
-137.76108
-350.94873
-331.42773
-116.10782
34.248768
-38.166725
-149.91167
-66.4988
-35.532085
82.75726
87.95008
-18.170017
123.43506
68.76866
-34.120792
99.19633
-38.457233
-32.652985
30.65097
24.437653
-161.73892
119.41775
-95.99547
-77.08375
-0.015492439
-86.19653
-71.23224
-12.491188
290.07675
155.4821
50.062122
119.14745
-299.22446
-116.2764
272.91257
-55.089897
23.516037
106.43657
248.89423
87.83679
-237.37733
-201.49728
38.57258
42.329132
-187.77689
-91.53085
-176.32811
-294.8922
195.64769
84.32697
-141.86914
-62.556923
39.077797
120.82835
-63.643738
78.1341
-90.88338
-90.89357
-134.2186
81.30098
-34.04474
-76.837585
-220.62921
-175.38962
57.196934
233.32545
-299.24377
101.52388
-58.918415
52.71159
-119.86568
196.4196
-193.70024
120.88084
-39.447178
-293.43307
100.77087
-158.83727
-328.9572
-153.427
-295.72452
47.90782
-19.664364
-141.3916
-9.2780285
-285.1649
-17.8755
300.57666
144.76343
-129.02255
274.93686
71.77836
0.83133525
31.351763
-49.95047
-41.52726
-56.111282
-313.00885
-125.42445
91.26459
72.63846
-99.87651
171.57414
-114.96107
152.7163
-353.1957
-60.950485
-161.76382
-33.662846
-31.034414
71.51064
-147.90718
-228.48761
94.52385
189.80803
-57.376408
19.076248
-271.3689
-102.864105
-265.4771
-80.24052
-3.7719223
193.8684
-170.43002
63.101654
293.54376
53.75823
-21.948746
165.10501
85.654366
8.773833
-182.49503
49.955486
-98.801094
-267.19843
-187.18636
99.82892
-86.4905
-23.621428
-206.18558
85.94844
-111.48904
-136.90446
-251.45418
-12.40403
210.5382
-232.43092
194.99097
311.10858
397.54385
-118.673744
-69.59453
133.92033
-73.11371
-105.40347
100.05077
-152.25958
-273.19138
-141.36278
-194.19366
92.175804
102.05045
-116.21332
-178.89929
94.212875
299.929
-4.774204
-76.82267
-46.890526
-97.95573
51.46273
-23.518606
446.6567
-170.01778
-117.5929
16.357077
290.10815
-101.2399
-87.104706
-64.20555
-168.43286
47.71334
-130.88799
2.5290039
95.089066
298.53632
-84.220375
31.328394
453.62268
129.51042
127.67483
54.859173
-67.402664
-61.226467
-26.121477
-122.652855
30.088324
-144.22385
-130.905
-403.5399
251.16164
29.43959
31.526506
114.83865
101.63505
87.11862
14.865581
65.8079
49.286392
203.27203
183.23613
179.66742
-301.3995
40.456535
-133.43637
-161.05658
271.3322
218.83688
-158.70363
-164.72598
-160.81683
113.20906
-315.98175
-14.379533
45.083004
62.85555
285.95447
-17.759155
-81.10398
126.65251
116.112144
-223.20561
429.93958
-202.8021
-64.18549
145.48213
20.3412
146.6341
-151.34795
-364.02972
-340.9685
52.959854
293.83444
-320.7066
26.857664
-99.56518
43.081787
79.1773
74.52207
-11.488459
-106.53097
-149.68228
211.95099
34.41265
-116.010056
-3.146375
-190.27722
-182.93582
-7.8525777
-290.39252
74.72616
37.470226
183.75948
242.28888
-71.127075
-205.1096
11.100594
24.527285
-98.29501
128.97772
191.79863
170.49832
-36.831963
299.4008
-443.0913
108.44255
-203.08214
58.647285
-46.456512
142.39499
-68.87306
-47.998436
230.45137
-49.105476
69.838326
215.20016
-155.5975
-65.13174
56.870502
24.713896
-258.70334
-150.84381
-100.172226
-82.91669
409.14948
254.70462
-21.229557
-195.28418
61.673702
24.14534
89.60342
76.14024
49.061363
-90.43021
-64.0621
-64.42538
-36.61965
52.36235
-75.5589
24.240665
-148.47215
68.85061
-132.28882
88.71176
-1.3812461
-68.14348
170.80798
140.033
-119.212166
-33.52797
-71.43193
-98.49911
358.52255
94.98102
185.70346
-113.188614
-58.556557
-101.20186
-38.844994
44.84325
-63.215614
-75.45385
66.407906
-37.647587
52.46229
-118.14407
-271.65308
-67.79778
206.84474
55.288177
-218.26216
-0.96835256
109.64366
-12.65159
141.67819
41.638184
-100.297195
301.6561
-189.10896
123.788666
11.039133
11.925593
147.24596
131.68983
-104.79605
-52.972816
-17.800716
121.49429
-167.16725
23.070055
-60.87099
-196.837
41.173916
70.61154
-167.65639
86.47599
-119.14589
-166.0132
-296.04996
12.686477
-89.9865
178.83414
35.759224
14.685255
403.13925
-123.535515
-233.72447
181.79382
90.61778
245.87978
26.702507
-302.9815
35.526184
-207.89552
-117.7452
34.350155
-295.06854
433.95877
226.37268
-30.669317
-295.99786
9.978515
175.94641
268.89404
302.47922
109.51493
-227.66664
-21.957035
-91.078545
309.30215
-109.558975
91.39395
-25.38104
25.374348
228.3471
-30.602364
-102.419624
-73.662415
-214.68279
-26.692476
-42.57532
140.83205
-161.73819
97.01738
16.995773
13.659425
-75.484795
68.20137
155.66985
67.900215
-282.97525
-49.36431
23.156094
