-196.96245
458.3358
89.543564
332.5913
-153.23836
-133.97571
-143.59108
443.7784
407.2396
712.0722
351.41946
-1000.34644
-17.697271
-189.78085
-417.62576
-743.43823
-247.44795
205.24565
-82.64267
214.43253
535.7298
-670.93774
-410.14868
925.1538
-769.40375
67.545166
182.82518
-350.6346
-209.45612
-194.48984
19.806946
-361.12994
-216.13098
962.4721
446.0836
476.77744
195.12148
-72.32467
-98.17293
-595.50085
-788.4767
-194.27963
-139.22693
-176.55138
100.73893
168.53804
305.95624
-163.6074
-453.8864
111.17173
-403.79935
229.7846
-484.23624
307.5384
-98.26593
388.39117
1217.7073
-445.62024
-712.88513
260.43027
-367.2135
201.22719
642.24414
-250.44553
284.29507
475.6516
400.37506
-135.58272
649.43646
77.79204
24.784475
253.60083
-23.406336
142.00194
-110.29614
-61.086117
-433.61118
105.93051
637.2118
275.7362
-267.51416
-99.44441
-389.29272
-60.42395
-998.57056
935.4556
36.335094
765.1818
408.04276
186.70729
93.551
165.59976
1118.196
-999.28906
-722.60736
540.02386
360.22394
423.48172
213.87198
-184.31978
-364.8039
-556.8909
36.719913
74.131516
-364.19797
297.65515
720.2428
297.8114
-247.29541
371.3207
-486.8669
-36.200474
359.01874
-325.7148
540.145
-277.98944
88.49896
244.57022
240.42174
-640.921
1058.3649
445.24612
182.10997
-772.62085
-519.5978
-11.204957
-618.25604
-780.6934
464.6715
-118.733475
180.86385
73.18208
-1128.6969
-80.17892
-440.45062
235.85345
-30.171692
87.46438
293.00256
-282.8921
-174.75595
-49.645256
-712.8431
-430.47275
-222.47647
420.26486
538.8416
484.0669
134.2071
-666.3959
105.20199
369.86316
9.188623
-224.51144
-227.89017
66.08004
-527.82043
-557.20825
-1196.6855
208.00093
307.59952
-431.79758
126.238174
355.8164
1.4899604
51.88225
-491.4683
233.46384
94.400085
-487.26282
-178.89395
488.5587
155.89294
284.39767
-544.384
240.39275
219.89069
762.7925
456.80078
-550.5066
-187.34233
382.64297
-281.12338
-255.9216
-179.10265
-278.0632
784.16943
-265.58896
-289.3958
936.8483
-13.11536
-297.8631
-215.97269
915.23596
500.2896
-287.32056
98.23616
25.748482
-206.97743
-264.87308
-258.87988
611.20685
274.4522
132.20079
-36.507965
374.0709
-175.89438
67.60777
-618.73254
-305.5472
770.9913
135.35045
-687.8686
164.55283
388.59525
594.791
-458.09802
778.8637
-362.44266
-277.45285
134.34587
417.7128
766.87555
-874.4469
-366.69327
158.03722
-481.73804
317.28476
96.51859
-705.16614
366.267
415.3872
113.17169
-540.8126
575.163
-519.4085
-241.99538
150.97981
-564.5041
-268.71396
-225.80525
381.97272
-259.7515
-231.1021
946.6252
-429.93677
-323.67056
221.27861
-900.4796
-50.006725
-949.2477
604.28876
-96.895035
652.262
354.09134
-64.41479
-215.77003
-95.07031
-458.91425
476.14487
-4.281459
-616.899
-366.81427
-17.071716
-85.259384
-632.5955
-302.90372
-341.95462
192.94514
-287.36584
-125.907845
-923.1192
427.1389
361.9823
-49.51625
-437.06265
-321.13287
-103.908745
853.22064
88.40708
91.05631
-356.08444
28.509146
93.11803
655.0228
-64.62992
-806.79376
-465.36447
-408.32928
-135.99632
-38.40149
-335.5033
965.13574
348.6484
-276.09677
225.48456
321.73154
-89.11327
-300.6803
-470.451
-238.737
372.63916
-755.01086
-506.83313
246.37805
44.445328
322.88986
-26.634886
-267.85684
-125.475746
-244.63316
113.6783
-201.33647
244.98375
-577.3601
184.51906
-75.35867
-131.26326
-617.7831
-311.7121
-59.8275
-27.651602
-881.1653
-142.92743
-217.1381
761.70593
298.6284
-152.15445
-299.83096
649.5231
-1020.35254
-159.61876
-303.6122
965.27686
-467.70276
618.3596
703.0406
-40.93877
241.0846
1042.7812
425.5061
282.45493
-796.26984
-241.42134
-363.2682
284.22363
-145.19695
472.69583
-71.22625
312.82666
394.19672
94.015724
302.41144
-57.74745
-78.382416
-313.82187
-151.00226
57.213776
-388.13022
-474.82657
-194.15308
-219.28241
-9.291357
-583.9754
-1103.0698
407.0265
-772.66077
396.03305
52.789745
694.1202
392.6725
-185.26064
350.23804
534.2474
862.5918
-528.8505
-420.21136
170.62894
-252.03905
-725.424
-60.2311
-90.527824
-292.89215
-18.44061
-650.441
130.13173
-350.87097
-266.8587
742.0641
721.31866
201.33191
-432.15466
-204.9146
401.5558
72.9379
-61.249046
379.53296
844.78796
-376.4353
465.39624
465.17236
-538.46063
370.26782
1143.7501
-377.41278
575.3262
-522.99664
-145.8537
-999.6187
735.0026
-143.58957
-148.834
254.8758
674.869
-125.63366
-84.97412
242.02368
-22.494314
-285.22488
-495.05338
150.08942
36.22538
761.5478
-214.66098
503.00665
109.52171
-503.01547
-49.940998
-622.1903
-399.63556
754.58954
-476.79733
96.05231
-492.0191
412.90002
442.778
-39.63057
-273.57736
-261.95358
30.636093
80.88184
309.09827
647.1068
-220.6174
-67.55
-537.72003
162.9851
-103.66101
848.7587
-59.53958
51.269974
388.3155
-186.09886
113.875824
329.662
392.77368
-510.5742
588.45605
-229.94333
-404.32468
-11.475191
21.71476
241.66629
624.5766
-121.33897
-509.28824
-583.4462
570.6341
179.00003
30.174347
-516.98047
-478.1919
239.07722
340.59802
214.22289
-476.9567
493.3822
1233.6392
-363.59198
-16.81789
88.501915
124.25363
-583.17163
307.4664
-226.44995
-640.7199
-531.99097
249.03262
786.57904
172.84297
-58.010094
748.9051
-286.21075
-357.54718
368.48865
-398.17737
-235.33179
-192.7538
601.58026
51.769245
326.80713
-218.21791
-884.91187
115.090645
-178.3695
271.0227
-192.56027
-201.50438
-207.44284
-200.37834
-506.9925
198.40698
291.35822
-802.868
377.59467
-77.14243
91.13491
-63.7437
221.3101
487.39572
885.9142
133.92834
-409.05542
111.98199
907.1726
-27.857082
119.293526
454.52765
783.1669
253.43985
-523.52844
-332.05136
1142.7711
568.29553
-164.72916
-201.85419
40.705067
649.0982
-753.16644
498.24585
141.05226
-420.10474
-76.57503
-389.63998
-63.98199
436.43674
15.570683
-100.863075
-849.31433
224.08751
645.56335
226.62627
-337.62778
-320.70563
-1022.5354
293.80463
123.818504
87.55337
-171.06502
-67.08634
370.63022
-1361.6938
990.83435
643.08673
-114.69995
114.11421
495.3674
62.061592
534.50775
76.37462
-432.9681
81.797005
540.72974
586.4386
593.758
-109.58122
-29.106268
92.4126
214.71262
835.90875
564.7728
-254.94687
752.4041
-147.05736
-649.57574
346.56488
-606.1149
-406.5162
-972.21497
708.59094
-190.16
11.782368
671.67004
-284.19415
-532.13367
212.28502
-258.09094
-332.8528
274.926
234.6932
-136.00735
-95.92205
56.569702
988.90796
-472.88797
-51.344902
298.07837
-319.2614
-64.42364
-322.88412
312.4999
48.292286
613.40216
-12.548354
-91.03007
-42.704258
6.851777
300.6416
1075.4559
1079.1354
-239.562
-338.18793
-196.79315
-72.28652
-516.29626
190.36145
-219.63844
677.06525
-394.53775
-306.0041
133.78113
-268.20987
-331.62402
659.3409
745.3305
-140.43028
335.2193
-853.4418
497.27966
35.837563
-189.99326
-320.53445
-724.31866
-174.49637
447.31757
-1087.0376
183.77118
264.96683
