228.10481
945.13965
31.48339
770.7922
1020.8206
1048.9257
-764.1743
738.5556
-20.90095
-193.04343
-389.0174
-1798.8553
-569.29694
-796.4557
-216.14983
-1105.3951
-593.33844
426.71414
-118.862816
1461.7587
-250.09564
-1554.0903
-527.1621
-246.16728
-385.59924
-216.9318
-952.83167
178.7655
-764.8216
765.0952
351.48114
-459.5489
397.97894
1662.7332
1121.3712
1059.7864
-32.220177
-698.323
-57.23272
-70.90305
-922.2219
-508.36743
-742.0133
652.41895
417.03098
-597.42834
-57.274757
-1073.3103
-1130.9347
384.91525
97.455864
101.5234
-16.235989
-1217.4794
871.9915
437.603
2062.4587
-516.4643
619.4428
196.5897
-135.76437
-336.01407
581.315
-439.58408
-234.44212
179.05219
-295.36667
139.3556
1655.8298
70.59711
-633.0139
465.45737
-189.6232
-341.91656
274.0958
-1818.8707
-675.9309
-1658.6975
-106.64107
654.1579
148.96278
-720.98956
-962.8148
-1222.1793
-667.6562
1929.1062
-1390.9609
893.1126
1157.0643
497.34137
-693.94366
59.230232
789.5232
218.39723
-0.30040026
-174.629
1154.236
1231.4358
628.55035
34.233383
-1224.5536
285.63205
-827.76276
-411.30606
-821.219
-117.708534
38.27458
1057.1403
-140.91254
-384.26138
-1040.7046
1034.7719
287.49222
-248.23782
1495.1519
-289.0069
-314.586
868.1221
-71.437195
-1794.3523
287.5955
601.46606
563.13385
-198.17859
294.71698
615.2391
-943.2763
-955.4703
724.9253
-477.01636
-81.91075
-44.23924
-483.12387
-732.449
-115.05998
-655.95044
-438.98074
619.6268
138.31609
515.1126
-355.77167
399.79953
-1790.3468
-1539.6595
-621.29846
1190.7697
29.91899
1501.0703
-26.03556
-426.11636
619.85315
1168.9585
-47.69314
-80.625694
34.80844
-306.0669
-393.57205
-7.300662
-2216.3945
884.24567
694.1854
-1352.5994
-117.79926
-249.26248
1816.1149
904.1204
-175.01123
-55.433327
716.7205
-1136.2655
-401.8061
-207.5051
-289.27448
828.18634
498.34305
592.3923
-101.85389
629.19586
455.02194
-888.9556
263.40817
566.47186
405.6655
-297.90723
4.24604
-502.7987
865.37573
-595.69714
-1144.6493
339.72958
-105.65556
-778.7801
234.85745
734.29987
651.27893
-744.23975
966.4152
-314.70673
639.26575
-102.76203
-298.28586
1069.7225
12.850519
740.9122
-24.648325
421.9625
470.05273
-956.51294
-1643.0885
-926.01337
-262.05475
-143.55972
-874.0676
-1825.7136
676.3032
1980.3876
-446.41077
1557.9933
-459.02817
-662.6397
-82.007866
197.9068
255.87846
-739.487
-338.49902
865.83545
441.1328
445.72586
1306.5729
-283.63672
-490.58432
1128.789
77.06603
226.52052
612.81244
-1395.9047
-1613.7106
1136.1517
-798.52167
-156.68103
283.34763
1225.8317
740.86896
-454.3244
1314.8108
-48.029312
-335.75058
-737.5794
-1630.6335
-870.7677
-1428.6746
1618.687
271.3822
865.8227
-277.03342
472.36395
1086.1482
-39.359974
-1131.5624
1132.0947
69.35229
-343.60117
544.0033
698.9914
-488.12195
-658.20404
56.331326
95.06925
533.87036
-1309.4291
375.13562
-1424.1273
2.4570777
-1140.5558
426.861
193.51105
-697.5308
847.35516
1323.5271
846.9509
46.553024
17.20413
618.07025
913.31213
1869.2476
-802.03424
-1303.3524
-1211.0703
1261.5847
29.64964
314.97876
-398.23444
-272.96817
602.1206
-865.746
-62.80669
-93.37227
-294.95383
-435.9461
-624.60645
-789.9882
-668.04663
-242.19902
-755.1896
-459.72186
108.216034
589.50287
-531.03687
-1121.3232
-43.601677
-536.4766
-1767.4446
-424.9479
316.3301
-817.1841
690.41394
-824.265
-981.70074
-1149.7058
478.2461
-554.46185
-70.91965
-544.8635
-136.86792
106.69491
639.894
788.2576
-1003.3623
303.8451
-504.39984
-7.4841614
107.68045
-515.2538
472.64908
-960.901
1117.9741
882.6557
-235.88786
158.85286
729.9841
493.6943
199.06674
-267.24152
-805.1324
-574.1234
1001.0852
184.90927
2151.0725
589.4415
824.5334
-182.1492
361.36536
-19.158442
351.7853
600.2857
-806.05585
251.62471
-102.234924
-293.08316
-95.21158
666.6652
57.41073
89.8324
-756.1582
-527.8938
358.48004
-736.05255
235.21333
-252.2657
1652.3407
528.4336
-1218.9158
-263.31833
196.3274
244.42673
-545.09515
383.171
1356.4036
281.55807
-1184.8058
186.88039
-364.1845
-490.15857
710.6972
-578.35474
420.7274
-367.18478
-1046.3873
476.96005
283.70847
-848.02783
-1353.5432
-654.1696
459.7026
46.96142
625.46277
568.90765
875.0317
-604.00586
86.22714
582.1687
-1583.7379
701.969
1330.0629
-853.89984
-267.32883
-1144.5568
-203.87994
-2657.445
1035.2236
911.0885
-626.74615
1257.6199
-166.11212
551.7038
-256.33762
-746.68335
834.81134
507.05463
-830.32367
468.32068
1189.9861
787.0493
17.627888
457.1117
-175.35849
845.0063
-206.93271
-898.6053
-1282.173
858.71533
-449.0108
534.55597
-768.9757
-235.77243
650.3696
-408.4502
-210.36594
-811.41895
500.4875
-589.6203
1088.6063
333.0041
-38.758133
-391.03818
-816.8934
-1320.6417
-46.91787
616.6281
-945.5642
-564.9969
1174.9176
544.2265
594.3833
1607.7354
-372.0295
-16.068033
713.0232
-431.45682
227.14598
-41.415604
-244.62074
351.71906
550.13007
1139.3124
74.247375
-1755.4474
969.08746
-157.936
251.46986
-586.1146
692.6673
204.28409
58.902233
1490.9293
-568.36633
708.6565
1740.947
-1100.7931
-1395.8798
347.1644
889.57465
-831.43134
-168.80267
82.05137
-745.6066
-1028.4475
1561.5558
2033.777
1213.1588
-229.33514
1414.279
200.37563
274.14343
574.9717
913.29846
66.58934
-511.20123
261.74454
85.467735
-131.88345
-820.181
-496.6581
282.4933
-725.53577
289.2014
-17.571697
-20.323597
-1150.442
1535.9141
-713.73474
-996.7121
-536.85626
-702.9431
1040.4612
259.92218
369.59558
-157.42412
377.0613
334.11868
715.723
515.48096
-816.81146
-176.1725
-156.43478
-508.26242
348.27118
1214.4868
1632.6313
1026.322
-1078.8771
378.52264
2106.32
345.87592
372.82745
-589.5939
578.17914
508.0122
-687.55304
1613.5896
41.732197
-788.9608
141.20305
-1367.6443
1043.1127
1506.8
-670.3426
30.826529
-1197.2029
-41.71311
688.4635
160.58772
340.55078
-27.058613
-1204.0529
-115.53543
175.91704
790.08
-851.8481
-370.27725
1329.1063
-2138.0522
642.7037
1113.1499
-367.10214
472.17664
297.8268
-494.20566
564.7051
-228.30472
-334.06348
1407.308
1002.3775
-2.2460518
-214.00601
-357.75067
794.9261
-541.55426
-30.275986
1145.9331
185.87082
245.95161
1682.479
48.35185
-1656.3307
-678.5113
-1265.4204
-686.1077
-1580.9576
685.00824
382.7331
291.1172
98.20076
-297.11118
-579.05695
1464.0569
-1016.944
-1825.9059
-638.2138
161.72313
534.4659
36.213
-429.43747
1086.9937
-557.18567
269.11584
331.78857
-880.8309
-17.65737
-285.9779
1066.8986
391.63385
999.273
235.0208
-303.90063
-340.67847
-234.7368
487.20166
671.35974
788.17883
-571.921
-613.2077
199.50566
95.54196
-727.71497
1529.4379
-819.1976
455.31744
-78.272804
-1254.1404
-558.4847
-1958.427
-717.35156
880.55035
785.6163
-1092.3143
384.78906
-617.5186
1281.5735
480.12646
-626.6772
289.44342
-1036.1704
51.337597
522.3949
-1888.011
455.671
-207.94095
