-1058.0691
450.1661
1332.3575
335.08347
1333.4615
1195.5342
-794.7989
784.02264
332.48062
420.98553
-790.25385
-1617.1602
-746.06946
-785.7985
-122.12449
-1970.7491
-1768.2743
198.58871
-587.7169
1766.1135
-968.2399
-1022.7593
-408.38013
-467.06918
-1064.2368
148.96295
-133.80228
-285.73715
-2027.5427
180.41954
652.527
170.10014
1344.3146
2466.6423
1269.4583
1120.5547
-731.4856
-233.64206
-273.78726
-418.4307
-88.20741
-1668.6326
-473.07193
1649.2091
800.8959
-681.22095
-277.68878
-600.7968
-1433.3522
833.1563
870.23145
68.83503
6.7077675
-989.6978
1955.5696
-836.00867
1667.9757
208.58185
615.44635
-162.982
-286.93396
210.61629
29.887499
-1520.1255
-363.34024
762.2135
-879.32184
107.71733
1947.2733
296.6925
-1374.2134
287.5414
87.91942
-222.86273
334.43533
-1046.973
-146.12025
-991.6998
-819.3241
499.27377
-290.29758
-1232.2479
-551.06726
-302.14352
-789.7136
2562.0227
-1586.8912
843.44385
1926.6884
667.14014
-973.5464
162.7265
767.91504
848.00323
-1004.41266
-5.475625
1698.8363
502.82513
661.3065
732.3214
-1045.6868
52.13517
-931.7533
-309.44592
-802.7063
-39.24284
-202.52399
1390.3845
-183.23428
-631.70685
-1240.6282
1556.167
-392.8913
-203.43817
1130.932
15.734458
-912.4007
205.89612
-613.8661
-1619.8087
776.54736
318.49988
398.57062
209.19846
-424.5009
130.90086
-805.4461
-1216.996
434.47095
-607.3829
-944.4434
-418.05884
-923.363
-354.23618
-333.61627
-1223.2537
-64.320496
1066.5059
108.387276
915.7749
-1237.7952
532.76025
-1696.1057
-1278.9354
-518.88806
402.9658
-129.546
1483.4818
-816.8137
-569.1729
1266.3746
1729.772
-631.44257
139.92476
480.31808
-1061.4386
-965.9394
-1100.8252
-2681.4312
276.00842
529.829
-1828.72
-141.69597
751.53656
2038.7494
1125.1141
189.05008
708.73346
1827.9095
-1669.1708
233.31635
-1607.35
-744.04596
1060.9061
845.33826
-180.07054
-306.01187
272.71655
690.6387
-761.8598
-162.04674
975.0448
319.30273
-646.2112
-985.919
-748.10706
1003.96606
477.21112
-1064.5295
-92.6999
-33.657883
-932.82776
-151.41498
957.85455
-286.78018
-1083.9802
1331.9386
342.78494
403.5707
208.80423
-641.3353
1834.8219
626.4965
1197.8988
-51.87536
533.6275
1739.4664
-615.8128
-1389.6604
-238.98141
124.52897
830.7792
-704.3952
-2336.1606
-185.28221
2897.5034
429.53763
842.23
-123.80394
-193.95943
-660.7052
436.04907
1257.872
-150.1055
499.1392
767.9044
914.4578
47.164165
245.3065
-286.59308
222.03262
1039.6155
7.7145586
-179.6845
697.3908
-1196.1195
-2307.4321
1507.6543
-952.2067
-573.17804
200.50688
932.3832
294.53992
-875.6498
1141.9763
-91.08718
-203.55476
-1162.5709
-2018.5146
-431.43335
-737.6658
1902.5339
247.33424
1886.671
-819.5353
360.26782
1185.6598
366.0967
-482.63953
769.75757
864.7434
-1704.9991
-81.33128
1045.1619
-279.36893
-343.44125
-98.56106
-242.24725
1441.6461
-1781.9128
458.18442
-1250.3268
-566.7224
-1924.5573
753.1855
-21.441359
-1261.6398
1383.3771
1302.4615
1132.4642
-9.461867
229.23956
592.4151
1261.6954
1444.3518
-1995.9824
-1912.1886
-1047.0609
1761.8336
-231.74683
-302.3183
-154.56564
-1090.7247
295.5861
-1225.9751
214.56248
463.8316
-589.4762
-1437.9072
-864.8741
-1051.4603
-1580.4387
255.24915
-1375.0438
-745.32605
71.4278
743.91547
512.7944
-1525.0204
-188.29295
-248.67804
-801.7382
-285.61636
925.86694
-1464.2848
2174.294
-778.12384
-321.78952
-1260.2084
249.3543
-40.877483
-445.3563
-698.08057
-471.74426
-25.12027
738.6076
971.9359
-944.9934
560.4729
356.9622
1086.9155
289.2981
-820.10754
977.08435
-1402.8403
935.117
1465.4456
557.49994
515.98926
-125.91988
144.99413
960.2712
-829.0781
-625.0918
-1249.4252
-657.96906
-310.63486
1695.5398
-43.54106
185.05978
344.4272
208.57367
-1328.5688
1422.3845
-182.28069
-1118.693
50.020702
-281.03592
514.15546
-177.25952
317.57358
440.12125
546.86774
-658.8017
-149.24716
192.09448
-1298.2391
155.67177
-342.90256
1626.6284
1093.9255
-121.26437
570.36206
1120.3375
-970.6136
-868.6039
176.41327
480.2715
-132.62029
-825.5425
-701.84143
-400.78998
-1012.29816
1661.1948
-720.0117
510.36945
1064.4104
-901.13104
591.96204
408.98685
-1374.7877
-1287.9061
-613.7239
-252.02092
-98.01264
273.0474
431.34476
1426.6991
-435.9344
-668.4231
346.83865
-1338.1571
518.5227
1722.4806
-154.40474
-232.28864
-51.28995
-677.1472
-2640.2217
1940.0801
567.6162
-1051.7719
946.1287
745.2031
1185.8098
-770.272
-600.9425
1414.0187
770.0134
-1264.8143
536.75525
1303.7859
-434.0371
-15.638372
162.33319
-129.33055
585.75165
-2.1705873
-1617.5769
-1104.6855
1621.946
138.92995
824.0356
-910.7575
-190.54306
462.1426
-544.9477
113.36551
-1723.0692
-527.2404
-674.0304
1300.3575
-518.7855
-602.1079
-1254.5255
-475.86472
-1658.8844
-19.867355
719.2083
-1595.7802
-564.4902
1349.0365
549.5845
315.2053
1165.9856
356.2759
-14.7336645
1275.699
-772.3437
-533.011
161.60167
-987.1001
418.12402
-591.99554
1358.0237
109.306656
-2355.7202
1124.7139
-447.65573
15.014225
286.8398
-212.49861
423.61414
521.58276
1138.0747
140.60066
1178.6002
2559.4116
-862.4669
-907.7116
500.11285
13.146278
-1524.8881
181.55046
-669.4545
-312.7836
-582.76056
851.12634
1980.3083
1678.1423
1027.964
1007.4817
-380.66858
-740.3896
83.88777
916.94366
275.09314
0.36730742
278.69495
78.440445
1.2260451
-144.17258
-118.2733
956.4939
201.32617
436.152
-225.24747
-223.74869
-1034.7313
1611.0416
-1186.7893
-1236.1853
3.6552927
-292.31662
1476.9667
534.2686
1301.6182
-470.37247
749.831
760.1898
471.00623
-152.38535
-448.8386
-529.103
1450.6068
-934.74976
950.1047
2099.6086
1490.5967
1758.886
-1559.6729
499.42447
2770.2593
169.53584
-523.4364
-547.76917
209.428
684.7633
-1529.9579
1885.7311
1029.691
-1295.4126
-484.76053
-1878.1895
542.2435
1183.638
-1520.9493
-221.93866
-988.93805
-27.04581
571.1966
-78.90843
123.04245
-1153.8014
-666.25287
165.91295
233.09567
1206.6278
-190.65604
-1470.8395
1333.0112
-1865.9473
972.23724
1429.3363
-794.2711
640.83527
405.96857
328.45233
683.4278
-395.38202
8.30915
404.16467
1856.4026
-376.9988
-1054.166
-172.0893
734.4402
-276.44736
-649.14905
1400.3641
-93.577644
-1031.7872
1938.8901
-515.5297
-1627.2162
-506.00784
-1477.2662
-512.72266
-1669.6917
287.25717
544.0168
31.841866
-94.39094
-502.24612
-871.49133
1079.7134
-1181.331
-1402.914
281.62503
-274.90704
925.0816
-61.433807
-127.13285
617.4166
-572.711
397.32355
311.98822
-785.01996
-85.76505
526.30975
668.59106
136.99431
68.41816
122.18751
-481.63168
-219.58966
-31.088215
372.221
902.24756
823.523
-735.70135
-219.39359
584.8264
607.4116
-1160.9628
1034.0002
-1172.0754
1192.2435
946.59595
-1671.228
-366.5785
-2207.736
-759.9353
426.28333
482.94052
-792.3641
23.86517
-1293.1521
770.2637
-445.09296
-747.9051
217.96823
-1995.912
291.66043
774.1238
-2749.0586
214.1028
640.43475
