-998.4161
629.2875
1178.4958
28.325954
1095.0238
1202.7968
-850.5449
635.35693
137.62215
451.26132
-681.97296
-1439.4287
-941.50745
-793.7367
4.2333975
-1856.7728
-1669.9147
425.1111
-777.62054
1669.0464
-774.1528
-911.76013
-307.0728
-540.6925
-950.84796
53.780037
-199.56856
-322.78845
-1780.9943
190.1689
719.1786
311.3636
1462.5343
2173.009
1522.1078
1027.9834
-434.33582
-359.40158
-332.62427
-136.4939
-181.69666
-1618.7444
-368.53745
1625.8066
642.8598
-552.3036
-201.41708
-824.9645
-1369.1145
645.287
871.11414
-62.74796
23.315218
-1136.7762
1905.0199
-878.2958
1777.6508
1.8322402
717.2081
-474.55463
-492.7893
382.9654
6.8081923
-1585.192
-101.71641
620.5926
-658.79236
183.88739
1831.5182
144.61453
-1162.5354
252.19254
297.48785
-296.63843
77.72533
-1188.616
4.1114807
-998.7581
-709.5849
359.14786
-377.88547
-1068.1558
-637.88135
-28.817415
-739.0177
2365.8213
-1475.4232
857.18835
1693.6797
639.83545
-1099.7596
49.5695
705.81305
967.9965
-993.2527
218.09558
1739.8488
562.76373
577.3816
650.3257
-995.0606
110.38798
-1028.7614
-233.26945
-477.90836
1.5819619
-411.4594
1392.954
33.72817
-638.2186
-1314.5353
1489.3768
-234.39178
-354.69824
1022.6839
27.40186
-958.42786
104.78036
-599.3792
-1571.2045
754.18176
134.29189
267.6586
193.36986
-618.67676
-9.643074
-616.9799
-1175.0894
545.8233
-610.7231
-751.4283
-136.5375
-680.05664
-676.5341
-240.00455
-1110.6469
-131.62929
1119.3177
256.0118
940.70435
-1182.5428
656.937
-1641.7144
-1310.1682
-545.23346
419.4615
-16.337692
1365.971
-886.5299
-571.316
1246.6091
1520.9843
-849.8662
118.15632
556.60443
-1001.9423
-946.6594
-912.45917
-2574.5947
114.11168
488.6545
-1672.0144
-203.6285
743.38293
1826.1755
1079.302
161.86331
405.09427
1484.7064
-1819.5432
152.15067
-1254.154
-628.47394
1099.7543
929.8305
-18.988415
-314.96588
298.20984
693.0985
-1071.0107
-227.51118
696.9279
169.89658
-701.17206
-1132.3989
-873.0766
890.31995
625.8924
-1199.9044
0.966336
147.2496
-1037.4723
-9.674283
915.8413
-409.49832
-860.78094
1470.0653
269.0985
546.6143
189.1815
-595.70764
1797.0682
435.53674
1210.366
-326.7616
494.68082
1446.7915
-315.24194
-1326.7977
-421.0736
132.10315
947.5439
-423.4904
-2159.6824
5.2297573
2890.8704
266.15198
1032.5494
-280.1293
-159.86441
-489.05768
519.3403
1238.6532
-21.699812
410.9596
870.03485
965.77704
469.4445
271.7438
-560.5626
4.6630836
961.1803
-97.23171
163.34431
942.6657
-1252.271
-2523.5535
1283.2832
-902.22406
-903.72394
144.72345
882.2242
677.53754
-777.62445
1230.903
-281.9506
-378.77185
-1122.495
-2093.3135
-543.24976
-724.4959
1978.2357
189.31366
1739.6904
-792.5316
294.72055
989.7349
113.53715
-340.56583
867.7471
878.3606
-1432.6754
74.72711
1058.7921
-196.80507
-447.21194
-250.41144
-133.46996
1133.7094
-1959.3082
452.19345
-1078.1643
-662.3359
-1838.9886
753.84937
-41.0966
-1159.3256
1444.854
1273.3938
1223.7638
55.488636
35.081738
637.7944
1033.6877
1178.9957
-1696.0953
-1743.5787
-966.2998
1515.087
-351.601
-413.21854
-150.01022
-976.413
35.809635
-1207.1123
246.06003
706.6146
-717.75073
-1571.2142
-1015.1038
-1406.5049
-1613.0267
81.878975
-1366.8553
-912.0245
-264.7452
752.72736
499.58878
-1459.2341
-72.14835
-423.17914
-1116.0745
-328.66757
911.5887
-1268.8044
2158.8547
-769.4385
-399.31915
-1108.1581
510.7362
-20.70547
-207.58978
-816.7283
-561.20404
-247.30145
659.05554
1085.4824
-727.64954
647.60706
268.03342
1149.3947
367.45996
-694.0529
778.54456
-1368.7007
1133.2386
1416.4689
677.59436
661.8691
-61.358345
175.78552
1102.8464
-669.5069
-566.5022
-1170.5441
-513.82587
-350.0314
1725.8936
-109.54492
340.31122
430.25064
164.2272
-1183.4624
1381.8813
29.808006
-1071.1842
152.12033
-443.30103
437.12387
173.90175
429.78546
418.3925
343.906
-557.32513
-423.521
136.05705
-1271.6387
-44.035656
-429.51868
1526.9685
1205.9089
-295.72058
407.82635
1104.7211
-795.95966
-829.623
109.58926
454.57663
-133.40938
-902.943
-688.5632
-461.10828
-985.78766
1323.3433
-873.17377
493.5032
810.47174
-1131.1433
886.2503
586.0256
-1221.7349
-1434.3813
-614.0293
179.05772
-170.13829
325.57404
146.28159
1431.0411
-365.95728
-448.7753
201.78831
-1703.0438
689.49493
1610.0719
-329.3506
-274.7837
-156.40901
-801.3954
-2729.853
1768.4647
385.12854
-1144.0942
1082.7585
810.90063
1189.2715
-477.79498
-487.1001
1356.1067
762.3183
-1234.8029
520.78705
1227.197
-344.81595
-105.98744
116.661255
-173.09717
722.2743
25.399006
-1429.9722
-1076.23
1430.0748
42.401295
616.7825
-419.57812
-245.39847
408.3867
-621.51483
88.971054
-1752.0825
-583.38403
-752.6956
1228.3911
-276.92377
-435.12958
-1237.8527
-545.0715
-1808.279
176.99548
595.8751
-1542.5604
-707.8121
1151.033
526.15674
235.7816
1265.6171
263.5178
93.57882
1088.5133
-980.7161
-348.3053
46.39484
-1165.565
509.41354
-633.94885
1265.6923
266.14276
-2256.8489
1465.4983
-667.449
91.19684
335.00427
-111.73189
429.75
818.0935
1139.3751
-94.84396
1201.7928
2627.4421
-692.3358
-954.72614
429.48282
-3.0651927
-1477.7465
157.2445
-634.7265
-465.0834
-722.66113
1031.5717
2032.5135
1656.3386
870.4355
1022.62366
-359.87198
-706.99756
138.77518
1129.7529
342.07288
74.373886
303.3459
80.89369
-153.66815
-175.41127
-257.90375
988.883
83.42571
80.433495
-355.2767
-359.89114
-1083.7477
1601.0334
-1161.6707
-1238.9088
-111.52006
-428.5318
1383.1876
489.93747
1099.0929
-521.43854
540.61804
607.5085
467.57053
-277.36063
-412.6008
-343.9884
1316.8156
-619.0015
974.2904
1997.7704
1582.221
1520.5582
-1584.3827
733.03754
2515.9648
169.07593
-431.07407
-649.43787
69.793465
466.10074
-1356.7667
1916.2594
1111.0444
-1214.2094
-522.7939
-1893.8119
675.1798
1426.1156
-1420.7112
-256.0545
-1168.667
122.6093
686.22833
45.97468
411.26654
-1338.9976
-650.80493
140.13663
177.29646
1361.683
-174.2356
-1388.7361
1264.5283
-2077.7502
721.1979
1573.0554
-843.0418
664.4532
157.87529
322.77914
924.8406
-200.71626
-68.24948
574.1301
1464.1523
-401.20807
-1095.9092
-258.91275
749.4925
-440.1978
-686.53766
1604.679
-128.95546
-818.099
1782.7205
-439.5406
-1602.9276
-342.73035
-1523.9901
-613.331
-1728.1156
202.6453
379.3811
228.09546
-140.60297
-378.95215
-745.85175
1101.6326
-852.89197
-1054.4912
321.4485
-385.20108
753.0628
69.27056
-137.7792
697.98474
-542.1795
506.9287
262.94263
-973.36554
-216.45714
513.24194
338.316
29.582645
141.06137
110.20608
-221.08395
-233.19585
92.965675
378.93698
846.63586
847.87445
-777.34875
-412.46332
637.96594
692.2407
-1238.4702
706.0366
-1296.6427
1037.7189
819.5465
-1611.7129
-260.87668
-2384.1306
-992.7932
429.2826
418.73874
-742.2395
28.56686
-1176.7623
836.6229
-273.84613
-605.3927
238.08705
-1791.0177
460.47705
1021.53705
-2768.3196
152.32593
394.23013
