-233.01883
460.12604
140.91675
318.0771
-138.03873
-141.64159
-146.47787
390.54208
414.17996
695.35864
310.17142
-987.73773
-37.626213
-114.906815
-322.2555
-649.72815
-254.868
158.7836
-62.054554
278.95123
475.9704
-651.5668
-346.19247
958.03754
-720.9108
71.50355
189.26614
-368.90622
-201.11546
-197.24423
86.017715
-351.83096
-203.44975
899.09924
481.9285
476.02817
198.05206
-65.50002
-76.779915
-517.6555
-821.091
-229.39133
-115.18936
-171.90364
163.25673
146.32452
302.10446
-83.48227
-450.48557
97.69915
-454.68304
248.30937
-466.9443
284.22122
-144.42145
320.1157
1193.3086
-462.881
-729.5917
279.4949
-359.2732
201.48479
538.9425
-278.39124
325.84653
411.83218
366.3946
-132.70128
602.25903
62.37227
-31.755268
304.95987
-3.5050654
144.70084
-158.58711
-101.81595
-417.26193
88.14873
627.0194
273.859
-253.06366
-111.4865
-492.01166
-105.1019
-978.27893
886.70416
36.935764
778.14636
429.577
210.37663
118.10046
161.29265
1159.722
-937.30743
-663.5238
518.87585
356.52365
399.8763
220.1958
-236.40047
-359.96036
-584.535
42.693623
36.945076
-332.23654
248.79779
749.0075
258.52136
-210.8414
373.73938
-485.7988
-53.05453
395.5014
-374.3114
474.03745
-274.73907
67.22303
248.83566
258.25623
-654.63245
1074.8259
428.932
142.7058
-786.35156
-556.8512
-7.8939214
-606.2964
-823.4262
472.27216
-86.67673
153.55998
38.732872
-1113.8268
-97.2228
-501.39517
250.59712
-92.72249
62.602818
271.33347
-256.433
-160.06427
-5.2426825
-719.9651
-515.5208
-256.4938
382.20905
515.3385
477.98758
34.797596
-588.01605
115.08704
340.88968
-9.881511
-168.155
-191.53973
129.1479
-557.43024
-546.00165
-1143.1829
235.41727
294.37146
-490.54916
150.72292
391.68793
45.10446
75.76311
-526.97766
264.8952
83.11543
-486.35867
-164.73134
438.02066
208.23573
308.60657
-616.1688
246.29715
199.43962
713.4643
509.95
-565.3724
-227.1996
338.4279
-307.04605
-212.2074
-108.4617
-343.5026
816.0089
-338.89688
-293.71924
940.0895
-39.933266
-324.15695
-231.44276
822.51495
564.2093
-347.35944
101.76645
84.55147
-208.8552
-254.61655
-293.59317
588.3726
260.92044
125.5475
-133.85872
414.15228
-116.17706
63.72602
-593.1164
-304.85608
780.6476
119.67351
-717.2894
145.30339
397.4735
590.30804
-428.11423
754.021
-316.71042
-304.4433
114.8072
428.76535
662.9486
-864.90784
-362.65695
174.18788
-485.7914
404.56335
77.93432
-737.4664
278.1307
341.13205
187.23103
-562.48334
543.66156
-558.3089
-230.15851
194.0446
-568.3147
-252.2862
-181.89212
418.2924
-255.60489
-186.1252
923.7843
-421.65067
-274.92444
191.63557
-827.184
-68.33239
-969.7369
602.90674
-97.09217
674.32214
345.06134
-53.130497
-218.09239
-139.22026
-443.05884
469.1655
22.197552
-627.09503
-334.6264
-64.19926
-99.04823
-585.5441
-257.22522
-299.21295
203.6141
-297.8912
-168.95287
-898.55676
419.82193
346.26807
-55.36679
-411.29922
-350.8444
-118.512436
879.70404
49.80752
97.202774
-312.74283
5.244463
47.732254
609.40466
15.104912
-788.9752
-495.67053
-415.46722
-130.97025
-66.37029
-312.7807
841.127
350.67242
-266.64795
212.90637
333.46082
-161.25768
-323.47366
-507.09613
-240.26352
343.84033
-707.67
-520.6363
274.12024
50.103256
330.79846
9.9273205
-267.7541
-161.14189
-280.18228
100.1709
-98.83848
205.25507
-630.8368
173.35402
-88.58119
-169.3709
-555.2852
-293.36157
-85.60525
2.4574852
-927.426
-167.14694
-215.37238
797.3346
250.90413
-71.01499
-332.85248
644.587
-1012.0007
-144.6215
-325.54965
921.9385
-402.32666
581.5111
661.4853
-28.57346
173.14363
1023.6793
377.54932
259.19608
-708.3348
-232.43343
-316.0601
205.54196
-235.71233
515.21423
-57.283634
295.45154
436.97565
90.11876
316.17664
-31.515753
-118.26731
-368.20755
-85.05906
-25.542833
-481.2114
-419.6886
-152.09424
-207.16965
21.932344
-592.7284
-1100.5983
432.9082
-837.3496
304.3381
111.756035
682.80304
282.24872
-240.7875
283.31964
549.8688
857.489
-520.6873
-480.96585
258.62497
-214.25374
-696.8146
-81.04862
-45.74191
-304.63763
-10.804283
-601.4384
172.2716
-306.7461
-255.7607
722.34045
666.86176
232.67082
-407.06207
-155.2018
397.9041
28.33071
-37.9233
393.69894
871.2865
-426.1217
462.1629
483.23532
-493.91208
403.9135
1144.9261
-377.80157
585.1685
-506.26544
-113.86529
-1031.7085
773.44
-116.878716
-170.18051
196.73843
707.0537
-107.570946
-58.516083
332.97675
74.82938
-285.42377
-558.0989
105.3429
-27.623299
723.3813
-173.54413
403.66278
132.0265
-557.56604
-102.735115
-596.98486
-401.07257
738.59174
-487.11853
117.011536
-446.79178
319.47284
389.23068
-45.957066
-241.64532
-247.41328
16.19672
71.32535
244.98445
689.42786
-185.14085
-5.1405654
-561.6504
167.91995
-38.496544
834.0544
-50.205746
5.3939714
380.5891
-213.79576
150.74875
378.00916
402.49133
-521.38385
552.3701
-217.73512
-387.94495
-38.011658
20.116457
304.71616
652.24615
-155.1513
-517.6055
-498.57336
609.5762
150.34872
19.293806
-511.34515
-436.54056
222.21869
339.97076
152.1352
-477.75497
554.868
1170.3228
-398.63467
-61.757797
75.39297
138.1495
-482.8806
392.2637
-218.1478
-672.4857
-480.2108
224.53732
773.5361
166.60286
-35.781628
698.4051
-200.6255
-386.749
238.34991
-325.18967
-267.43567
-242.73283
517.3068
98.67079
266.65305
-211.94022
-932.7652
232.26663
-176.33932
287.76456
-215.02252
-250.26898
-224.76764
-238.67253
-464.87448
167.3713
323.2768
-734.1623
326.8411
-20.61722
86.91414
-34.726994
307.20453
454.56058
902.5813
129.9792
-354.122
105.260376
871.4879
6.520814
104.28137
409.13037
771.9105
230.63573
-560.495
-289.58264
1091.2303
601.14496
-131.06049
-299.78217
133.70903
628.1591
-659.91437
533.00195
160.63963
-339.04263
-35.62474
-308.11887
-46.46876
425.9553
30.552088
-23.648396
-825.9607
252.43481
682.50275
204.9794
-309.49142
-288.15414
-1021.63214
392.11224
285.87787
36.37743
-185.16672
-59.886406
441.95163
-1330.5084
934.7643
686.3562
-80.27303
180.15887
533.40607
67.5031
524.2384
-14.520799
-480.63287
42.65964
577.1561
609.62146
659.65936
-66.01603
-76.13367
40.825676
255.02435
783.42334
511.46646
-316.29443
781.198
-129.60698
-691.39935
308.69083
-663.3497
-403.63147
-988.07996
678.4643
-193.08975
-41.980865
653.46954
-299.1234
-477.31564
225.91638
-216.83632
-344.9853
282.5738
198.88652
-186.68451
-78.07885
53.381813
983.4025
-454.25928
-14.352304
291.45984
-352.84558
20.429508
-378.78683
291.62927
24.212164
637.5553
-91.93377
-82.24419
-31.913214
22.377577
284.52148
1071.7463
1102.1226
-280.5658
-324.862
-174.7435
-88.225624
-506.8945
161.3987
-239.78227
667.3527
-402.0493
-324.68445
141.36325
-241.09601
-341.93024
631.3482
778.045
-118.382484
380.43414
-701.44086
549.4107
52.292564
-266.8083
-298.18396
-760.0333
-208.9021
432.3343
-1154.3047
179.64536
276.6606
