-161.66214
220.82808
219.68028
-52.09637
-63.772945
-94.466675
-47.53436
32.600357
-78.83254
205.07297
270.44946
-127.9149
-58.90805
-140.74876
-169.94495
112.220184
-123.29367
112.55809
59.380665
52.625465
11.923513
-74.38278
-150.09149
9.79975
-89.189476
-70.33753
-19.90571
-116.086235
-269.07434
-91.84381
175.69016
-189.54787
-0.04320979
198.58806
178.63478
-131.66475
-58.679184
42.335728
-164.29425
-176.21129
-164.91428
-165.41667
96.28782
4.4933777
104.843925
32.146694
61.588707
-154.25722
56.75551
-219.9198
-159.30205
65.568855
5.551252
134.90591
-76.40545
-90.40057
93.67647
-28.620928
42.676388
90.269005
77.725426
331.6157
47.27724
132.08968
78.4958
-239.3386
-74.402695
130.93022
16.206974
167.64772
40.42699
136.54182
147.28848
66.65397
15.358002
-211.70203
-18.182077
116.97349
213.24384
161.70624
-154.05011
399.58893
-16.333046
-95.822716
155.85262
-54.166157
93.71186
45.666
69.81669
-23.697752
-99.053986
277.9641
225.80298
-255.88788
172.82433
142.27798
-72.3135
-110.85205
6.4416037
-142.99094
-352.1886
-111.25725
-91.38285
52.563454
-321.17154
35.425915
197.52148
-71.74574
-180.10551
85.67857
-239.17694
69.2109
171.31027
180.71623
-61.52967
162.52066
-144.99495
-19.069565
-72.70488
174.9008
-189.71693
158.9296
27.022633
-49.130856
-135.83958
122.47248
-147.3635
-88.72637
100.57389
171.60875
-112.58738
201.90143
-7.03636
4.502113
-149.77281
184.14688
252.60175
50.180725
-64.061264
131.23169
-163.06857
123.37033
141.536
21.257076
-60.714405
151.12915
189.41772
-120.54938
51.164543
-369.3208
152.38182
-197.5131
406.0882
68.79885
230.26854
11.788189
131.76762
38.977093
-147.34406
264.42133
71.07765
4.6228676
40.919693
232.11386
105.49049
-32.118076
118.84037
-35.884342
139.61179
-115.169945
-284.7851
21.261997
-253.20084
116.33178
-0.6941602
57.79981
-209.31076
400.413
214.73534
21.96745
-224.00888
81.26299
314.06238
-88.35795
-140.35501
-57.85182
326.15097
101.01013
-6.688522
325.14206
-55.8754
-74.13518
-68.20732
215.71523
124.08581
16.984283
-30.837727
28.498589
-282.14246
72.61913
64.43393
-122.59343
-15.008997
-28.891829
223.52777
-29.906944
-140.9401
28.154785
-200.50916
-16.371845
43.381496
19.910349
-220.03726
60.12049
14.683277
44.295662
-8.881586
-76.487915
-160.262
-194.50032
135.54604
-20.018908
210.77336
-275.73224
-3.4200819
-102.898766
-233.4165
-279.699
-28.183437
79.934845
35.263897
-120.632286
-86.1352
-152.41927
102.756485
87.75378
-113.04571
211.52731
70.56605
82.25472
112.34675
-215.23691
-59.249523
23.49945
86.8938
-129.9593
15.422081
-193.98572
-106.000565
43.43184
-84.16247
-14.124134
-109.76755
339.80292
114.32031
211.99908
48.09375
-247.91469
-28.213865
227.65558
-25.597675
-33.03982
141.8699
218.57446
144.78104
-200.83334
-153.41653
-74.9039
-30.78519
-157.66628
55.87652
-118.69985
-129.29956
152.48367
57.16506
-197.87589
-48.81404
-68.2042
30.245882
-67.13249
142.37752
-37.06837
-150.37598
58.607754
44.842506
18.824741
-78.88858
-283.83582
-121.3006
116.25277
218.44684
-219.06676
162.23479
-54.408978
16.43201
-184.84843
231.34412
-66.696045
24.274296
26.761654
-145.09724
-0.5357299
-65.728
-368.6061
-131.32605
-319.0072
9.044964
44.989677
-43.534477
-11.989873
-151.17
-2.974563
223.87602
186.92444
-223.8291
162.46796
97.58642
30.572033
-8.042014
-8.091196
35.145184
-104.161064
-143.84323
-15.583902
67.57589
8.2198
-110.2627
178.36148
-1.4458895
-1.6634052
-284.81003
-218.03946
-177.3885
-80.36219
-32.337948
47.65309
15.022302
-184.52745
122.45961
213.67929
-157.08244
-66.89535
-219.40074
-49.63183
-128.0763
-29.33821
-39.491875
45.79749
-56.303158
35.44131
200.47206
-31.170425
16.482298
116.075966
-46.329823
79.37591
-172.596
46.352806
-121.52455
-281.31558
-6.111334
110.29797
-182.45897
45.829124
-213.70552
182.88425
-46.247963
-35.608093
-134.44998
-30.961237
59.039593
-237.84125
259.59558
183.14122
294.76578
20.366138
-46.54934
138.49707
-42.737186
-117.823425
-47.871456
-299.72678
-347.70123
-29.563765
-124.960304
221.53539
-35.432987
-262.54413
-202.56747
-37.205276
316.61234
-83.05331
-170.42365
-63.561535
48.210033
90.6495
50.090973
303.02728
-38.363396
-131.5064
36.37922
111.85407
-107.1212
-118.09984
11.448868
-143.1371
114.14541
-49.46321
22.806479
199.71094
179.07492
-71.12539
-112.98944
303.17892
-2.7807567
69.36844
24.870499
-58.648846
45.372993
-13.546537
-208.30113
114.92628
-133.1882
-174.85844
-308.97998
81.180016
-87.0324
13.812429
138.39275
-10.573054
2.2416573
-113.708084
107.09667
64.14323
174.27695
143.83423
78.61529
-263.82104
58.281593
-89.015396
1.6066414
239.78766
150.92113
-170.43335
-76.91997
-11.990084
97.44095
-235.84373
56.68562
-31.02086
194.55139
170.45386
14.648716
-72.186646
25.991047
33.8562
-110.791756
305.12967
-215.85213
-72.09366
-27.93805
-110.812546
124.46705
-76.22885
-381.37747
-176.44409
36.703976
373.4565
-240.29837
97.7606
-120.89287
58.030502
87.63545
230.72244
28.443205
-142.97934
-44.475216
70.72469
-28.307
-105.05513
94.83009
-246.12354
-197.20245
115.068924
-151.11736
51.56393
169.27838
205.31393
149.72974
-202.4693
-176.22002
105.49487
-1.8838714
111.21718
133.21875
213.07135
63.086983
25.761732
249.64955
-239.57596
-24.739603
-119.39536
-35.35548
-3.4607978
-10.122169
-144.82062
-40.153915
322.4305
45.786415
95.99291
-79.355354
-24.437988
46.48859
-51.007584
42.280994
-251.8789
-9.102078
-78.43168
-56.06291
230.81107
218.25908
65.538055
-145.95563
113.5523
60.810154
39.662743
-6.570318
-3.8012848
-27.64588
-21.540937
-50.46859
-50.328846
22.167416
207.62482
-133.13576
-14.0430355
-40.421417
-62.603207
-59.54741
18.072987
-105.27575
228.20915
154.72557
-127.1073
11.871712
-44.93042
-5.4810767
280.14594
-47.626705
133.31189
-222.2176
-60.679207
-213.66089
-6.449744
54.622883
78.65824
-61.776283
6.3500414
-68.02377
-51.226517
3.3486247
-241.74907
-12.63356
-6.4458027
93.249146
-149.09889
84.24782
178.82358
-1.4711401
248.86159
139.18657
-113.46477
221.45221
-195.95952
1.9706969
103.9437
14.320484
210.09459
53.48179
-80.86882
-6.5731397
-67.75944
116.34231
-178.65178
101.87172
17.463242
-54.653557
177.79594
-13.810436
-108.4991
93.013954
-117.62671
-98.57961
-46.754414
62.799183
-86.50209
111.34851
-32.771626
-75.352325
270.24176
-0.9880512
-37.597492
10.212924
18.605652
196.2807
-50.155483
-166.28548
-41.367336
-211.43715
-280.26733
-28.296944
-173.77206
215.72223
238.71878
-1.3792493
-291.16434
10.018252
129.0692
257.36594
242.36215
42.899982
-141.99374
55.963238
64.44071
282.12842
-65.477684
88.35851
35.310383
33.024307
279.88354
-121.17988
-86.52671
-33.5164
-184.35526
7.041417
-40.712494
134.75418
-34.27109
122.15995
-26.010592
8.925255
-82.85603
42.783504
141.42647
84.77731
-305.78104
62.972412
14.609202
