-517.9747
524.7701
941.2376
398.8731
1126.8309
1133.889
-648.9764
761.6195
-55.82665
327.31973
-590.6077
-1408.7214
-833.23883
-1070.3159
-632.9597
-1482.1986
-1260.7865
485.21658
-358.54153
1877.6133
-417.32907
-826.0659
-255.16156
-122.46235
-1204.2607
-53.719894
-844.8407
-120.81658
-1025.643
281.85254
677.4981
37.0496
948.54694
1784.4633
1611.8612
1014.2064
-38.79693
-744.04535
-131.96089
-469.90665
-840.94995
-927.11414
-589.6418
382.70145
761.5934
-541.36176
-361.24283
-898.49347
-1017.0649
498.27228
454.2939
87.52633
-230.89507
-1403.2908
1565.4891
-465.09818
2241.1096
-100.60135
575.0547
-246.21442
-108.74955
56.5112
401.02786
-599.06
-52.29866
306.4938
-336.94138
378.49442
1861.6294
35.8241
-693.172
-39.804882
224.73792
-291.83636
209.38795
-1393.8121
115.555916
-1478.1252
-348.6181
825.3534
70.460434
-848.0287
-896.72845
-1004.65247
-653.35187
2417.0261
-1243.9128
1179.8965
1371.6078
934.55835
-541.19147
230.93474
918.3371
536.8034
-512.258
-25.463558
1437.4867
955.63196
991.71875
-125.23577
-1068.5421
643.6579
-1123.0186
-474.15878
-278.5629
-52.773914
54.242413
1307.3396
137.73967
-568.10547
-1689.0133
1057.505
107.75409
-544.1898
855.95544
-216.83679
-651.42615
349.55637
-624.2863
-1916.8713
276.7068
901.9338
81.44269
110.90806
52.604584
726.48724
-642.76685
-1099.8228
979.3384
-655.39984
44.497585
39.64177
-615.3225
-632.489
-121.73022
-680.6217
-299.7711
764.00977
525.97644
703.5498
-465.52957
330.36707
-1676.957
-1180.7571
-331.10666
1355.6547
9.388478
1496.917
115.028114
-664.2421
900.7129
1330.5249
-324.80157
-285.9483
372.6155
-746.8228
-419.34708
-623.8067
-2413.865
599.5482
711.2149
-1255.2219
171.19913
213.5365
2108.883
1061.9088
158.78941
199.31177
676.6459
-1747.9634
-206.39998
-432.75568
-349.20587
1019.9754
377.70056
306.15735
-164.24812
797.8631
577.5347
-1109.5564
-227.6178
602.5519
49.83298
-720.66296
-384.69266
-164.85762
1437.5394
-355.94568
-940.32526
625.3008
8.227301
-925.19006
-101.74843
940.6357
415.06564
-777.8525
829.86285
-536.18506
956.36115
396.8147
-191.51628
1625.8241
235.06229
876.1199
122.356316
1003.7284
461.2296
-586.89154
-1705.5441
-512.02014
-175.91243
351.8069
-664.35175
-1583.6943
817.9451
1827.5806
-179.71123
1274.3057
-209.50294
-394.42374
-259.24164
121.77653
579.5382
-485.14313
-184.81726
530.9919
744.58093
21.850101
718.7138
-709.7705
-575.879
626.2033
16.101793
580.4453
577.86316
-1449.2542
-1429.9136
1461.9346
-336.57623
-333.78854
240.582
819.61633
709.8811
-181.33804
1353.6996
240.07904
-526.8766
-781.5772
-1340.0367
-1315.7065
-937.50757
1650.4489
667.484
766.9646
-480.819
543.6439
1221.7383
-119.92871
-796.1747
449.54514
191.96014
-505.63846
493.82324
1155.2068
-362.88077
-877.44904
-113.24645
4.879399
1070.0895
-1297.5881
400.90866
-1394.6788
-626.9639
-1373.5696
212.22876
284.7202
-963.49384
1293.4883
1030.7025
918.855
-91.029976
-56.784836
562.1004
1078.8065
1299.689
-1402.1665
-1447.7534
-1000.676
1443.0231
-220.07841
-327.83148
229.16835
-759.47156
233.81885
-792.3019
218.04674
32.380005
-111.96127
-912.1618
-613.7986
-641.8551
-932.286
338.17526
-805.2998
-513.4382
-331.22595
633.10315
-564.19635
-1490.8467
185.2774
-395.25815
-1743.645
-305.5479
370.20844
-859.4629
1793.4127
-940.9648
-636.197
-885.7238
595.7704
-167.62384
-197.32996
-801.7962
-461.23514
130.38895
342.31
1547.4868
-555.6225
636.4901
-66.152504
672.6935
249.69453
-205.65775
295.542
-1532.6816
976.1628
1006.3118
-308.6543
582.6868
192.75706
402.95596
639.83685
-350.01434
-713.3246
-689.0071
532.06775
133.68855
2323.9136
-371.1601
305.59653
169.08551
760.6409
-614.2218
858.4914
182.01714
-774.2914
451.65088
-37.850094
-166.34372
362.62515
763.864
510.04062
229.97188
-750.46185
-693.2392
224.8599
-519.53705
379.44937
228.54314
1713.8044
856.55334
-1099.1426
143.03215
1124.7246
-206.65434
-604.98706
397.5944
1121.4147
-2.6123953
-1645.3689
-231.44897
-256.4447
-683.6907
1091.4438
-1162.3608
419.38416
120.874344
-1227.8744
662.119
489.5893
-1156.1932
-1487.5461
-710.87823
547.894
-149.68732
408.40726
332.9326
623.18384
-160.03836
-64.18913
544.9276
-1322.8628
610.70416
1528.1935
-1034.14
-166.76904
-857.4177
-307.31473
-2649.7305
1750.3905
885.75635
-887.3947
1573.2804
140.59154
662.8893
-659.21875
-587.66925
1161.3567
702.16205
-682.1038
591.20996
1288.4749
328.791
147.52193
156.58734
-142.7372
379.8931
-90.075615
-931.50665
-1282.9738
1260.7472
-408.19342
687.75415
-643.4032
-566.8072
332.9583
-87.349976
-262.64767
-1538.2263
297.19498
-407.10983
1333.7373
-222.34056
-276.60086
-557.57074
-1096.9971
-1517.6373
287.1842
653.0913
-1387.4606
-1165.49
1116.467
579.3933
336.5267
1521.97
96.8237
59.667324
1105.5134
-773.6947
69.72104
-288.74066
-842.54565
452.5225
488.18912
1404.1823
-230.14201
-1951.8213
1406.3488
-468.6758
-59.875473
-352.6278
635.244
427.02902
10.749284
1617.9884
-657.9154
452.36426
2036.2225
-1351.8638
-762.48486
760.33215
594.4713
-1163.9343
80.34673
-384.7785
-602.92114
-824.6867
1118.1519
1805.7994
1012.09796
279.43756
1594.1947
53.35163
62.088234
632.4107
1101.4421
-169.59138
-265.26913
290.80768
150.8349
-2.731173
-733.5346
-594.66376
473.60623
-235.46936
170.54083
-198.9244
-420.89615
-1311.9717
1736.1753
-938.0228
-731.4435
-431.19888
-646.31854
1461.3285
384.09454
643.98083
-163.44725
588.87256
616.9829
917.83545
1319.1261
-87.365326
-332.04456
348.86707
-498.75412
58.747375
1506.7571
1329.7987
1439.6143
-1154.1333
778.05914
2431.539
276.31436
-577.98096
-177.33125
748.52795
859.9905
-744.8774
2170.022
594.2955
-1200.1979
-71.804054
-1938.1617
1163.884
1522.2845
-909.5858
155.85239
-1149.7296
-604.6608
87.449585
-167.41441
299.10666
-1023.2065
-744.48175
-152.93301
-75.10393
692.3919
-872.49384
-767.29596
1631.2197
-2203.5642
909.4575
1199.73
-258.33325
426.72327
17.25337
-482.79846
691.9509
21.139107
-147.74403
1321.3909
1073.2483
-75.87886
9.93218
-190.07071
816.1538
-366.70767
-276.35257
1225.5972
174.70366
-154.34894
1697.101
-149.63274
-1477.3634
-681.6687
-1595.0094
-781.63544
-1228.0146
335.98755
-7.429681
575.3824
207.3433
-744.9017
-994.48364
1410.425
-1108.8345
-1792.3802
-546.617
-134.70613
1017.4279
221.4373
-343.33926
655.90906
-730.8627
625.99646
-49.975143
-779.33435
2.126655
-254.958
683.43243
-248.85088
483.11603
402.39963
-533.74896
-123.171326
-37.04161
606.388
746.5592
777.9856
-727.06274
-190.76602
385.79794
482.46252
-801.5056
752.9411
-1129.1504
589.3177
591.9115
-1216.8523
-450.5868
-2183.9036
-553.3525
313.5215
908.69794
-1034.3749
114.55457
-570.24164
1305.8524
296.6779
-638.3833
604.5355
-1036.2563
52.21767
820.53094
-2512.9736
684.96686
-39.190105
