-241.84277
982.2117
-92.95828
294.57358
984.03033
689.11084
-257.4186
514.3088
33.369854
-296.16522
283.14288
-1416.4719
-273.4434
-597.4683
-230.22305
-1362.9229
-98.33208
1382.5465
-84.53196
1357.2749
-204.93309
-1681.4188
317.94574
200.57843
-325.045
-467.87363
-445.88315
-28.478117
-607.0366
199.43567
-43.192936
-655.58295
-12.414803
1327.9409
715.656
722.8281
280.57053
116.50481
-300.65027
105.985535
-631.7697
-629.37946
-158.31241
374.25525
83.9802
-524.0897
123.13466
-655.8174
-629.0242
99.93233
-30.733723
463.03174
-247.72198
-103.54529
1345.9426
252.64737
2072.6846
-817.36176
12.196848
27.934326
-267.76077
-50.154896
318.63217
-192.45424
-551.7308
263.30286
-443.13416
-31.3291
1629.9744
-133.8456
-590.0079
325.2167
-78.465866
138.21301
124.41811
-1343.8035
-728.9422
-633.99927
45.07856
194.12611
61.628033
-821.6037
-829.9429
-1008.9568
-575.89923
1126.9242
-1070.5062
1101.6155
1600.9294
738.87854
-606.525
724.73456
1195.4717
-280.9559
161.57382
-248.79726
480.88113
1104.7047
934.389
202.97302
-933.9819
-362.6796
-1254.4523
-646.9866
-1374.9634
-14.010769
551.1072
1075.2085
-4.263962
-596.7739
-659.8169
460.0096
273.45038
217.55293
1081.4564
49.820675
637.1744
417.4899
39.420773
-1114.2516
730.56354
293.63455
-92.13772
-259.01498
527.52673
643.9395
-628.65424
-458.89957
855.8832
-223.80466
142.57228
319.11478
-950.8694
-437.95944
-167.10683
-46.54474
-211.94261
289.6463
506.4744
-308.6224
-106.857086
386.3919
-1798.5891
-1353.878
-548.5724
1138.0754
66.657394
984.8001
-3.8054075
-778.7065
711.8939
656.1995
-109.18385
-269.27484
308.42886
56.898716
-530.2712
421.6954
-2106.924
612.7021
1138.2423
-1086.6487
-101.12031
-349.79776
1492.6196
539.29694
-755.2508
233.62895
347.9736
-1270.4886
-628.4711
172.85704
-205.7309
622.1726
585.9777
362.33325
-84.85975
1167.8606
257.0174
-948.3329
-141.32146
729.7338
-110.42228
-425.12897
-53.484924
-784.0632
1123.8584
-461.66727
-850.1535
1271.8011
92.66429
-1314.5104
293.44168
1393.6921
326.25336
-715.5774
580.6349
-415.28247
-95.88671
-180.17317
-196.68365
1776.7816
273.22437
606.0514
-352.59464
-63.80533
105.15035
-395.83023
-1501.9359
-922.3419
153.97995
-417.6812
-919.1305
-755.8397
1086.0604
2053.446
-617.8807
1291.353
-115.999626
15.003212
-221.12346
232.11043
409.6118
-785.43896
-697.955
1117.8538
-22.994066
108.106575
1008.5349
-268.4758
-416.9674
947.3236
-468.41718
152.91473
483.0031
-1022.18964
-869.5611
607.0766
-1089.959
-306.3918
-96.01584
528.94434
947.02496
-503.91113
850.88934
-340.8193
-471.04605
-168.0869
-1376.9266
85.68863
-403.46542
1399.0708
326.41693
886.5144
501.6531
193.06062
1032.4718
-406.54807
-546.1689
883.415
491.4635
-788.3377
-57.96097
335.30585
-852.65753
-823.98315
-89.95824
-65.61427
-389.9975
-923.9412
-67.79838
-606.9454
124.72286
-1038.7518
215.10597
-391.54968
-633.3832
497.7156
1257.7124
588.90405
211.6565
292.9513
561.48895
423.5499
1179.2113
-544.32074
-1259.7592
-854.32495
871.4071
-145.17151
803.8961
94.72839
-166.55017
381.59296
-601.8113
-130.18953
168.69646
-496.46112
-4.54794
-312.712
-98.46386
-249.2853
-35.07142
-956.3971
-539.94653
-499.46677
691.39496
-203.49226
-818.1379
-233.14555
-508.923
-859.2788
-162.42397
39.400627
-833.1448
411.29694
-853.17926
-951.5206
-716.5313
282.658
-654.704
23.635351
-364.14352
316.8877
43.849533
773.38696
826.70624
-949.85913
-109.81393
13.194512
-422.30884
67.32797
82.18118
553.88995
-857.39606
1233.3248
706.2701
-240.88194
638.7191
770.02997
649.766
197.48318
-1112.0889
236.78784
-953.49414
311.2055
31.675695
1153.33
413.79898
1105.6024
40.370075
623.75806
368.3575
-394.72708
176.04651
-691.4018
166.35832
-119.38854
-711.91797
9.010958
637.7227
-560.382
29.265924
-452.62262
-808.8325
87.56981
-772.4925
53.89679
-195.19438
946.3534
111.593666
-545.3206
464.04813
347.43942
787.2841
-879.4895
489.7904
1418.1755
71.57109
-1144.8768
63.855614
-697.8931
-425.17667
129.01117
-1197.4696
610.6606
-299.11716
-1009.99274
469.02707
364.23938
-193.21416
-612.81964
-761.2388
480.12552
448.04205
-64.34761
229.21562
417.10455
-1099.2076
516.8586
424.467
-1165.0614
509.9849
308.12097
-269.77228
-14.653824
-471.09415
-396.07227
-2666.8796
1144.5785
713.13794
-325.09375
420.84756
212.66684
800.7578
-849.1104
-315.22693
157.64304
-0.05624917
-726.72565
484.39212
244.10675
703.7226
440.8981
1106.2493
-37.95131
-165.73308
-499.6478
-935.58624
-769.8782
1077.7278
-599.7113
-42.01883
-466.54083
224.1711
711.37445
-746.06067
130.22896
-701.6839
46.458237
-412.0677
844.0426
341.6526
-223.00508
-46.168785
-436.1832
-1006.5164
110.17225
423.00626
-252.95676
-552.4187
1043.7714
72.88297
127.31105
981.9018
-82.362206
-784.9317
267.0428
247.7521
-292.97507
500.2548
48.667423
126.35486
755.56396
843.3182
124.10901
-1673.7358
735.2805
-384.8281
88.22624
-710.7197
82.01224
271.7386
141.46008
732.43146
-834.54584
388.20435
1157.8689
-1093.251
-946.0813
794.3711
835.56744
-1080.6531
-153.33873
89.45968
-511.73428
-873.2433
846.16187
1776.1644
720.1951
-160.92976
778.4277
97.94707
142.3975
267.20407
271.07224
210.33443
-350.05795
522.5147
217.0417
522.9396
-801.1349
-1059.8849
427.337
-357.16983
81.84621
-216.71065
-274.33917
-824.742
175.73442
-731.42786
-416.34558
-516.51965
-1231.6677
866.571
-615.03827
311.56177
7.1699505
861.0323
367.59503
972.82794
488.22586
-695.40485
-55.520447
231.35156
-816.45416
-378.38074
939.5352
1247.8702
421.62115
-964.61743
592.1471
1783.595
379.3764
110.05074
106.83925
238.0419
317.84824
-603.326
1169.1686
-428.5453
-696.88007
412.1531
-640.89374
593.6175
1351.0126
-557.5055
-520.6876
-968.9834
68.189384
368.76654
411.42285
254.02402
-106.08106
-1155.488
-443.21872
34.211666
632.10034
-360.0221
-169.74823
1285.6844
-1173.2269
662.7718
785.61414
-974.8266
651.7302
327.86932
-886.6007
197.4489
-572.25006
-68.56909
1157.0122
483.71948
751.50165
39.541122
272.6848
428.89407
-69.06024
-200.6028
737.0779
663.2435
-23.204086
1066.7927
282.9256
-1626.8036
-841.7211
-1417.8755
-755.9272
-2321.2764
489.06656
291.14066
158.27089
645.65094
-93.25189
-468.00955
997.0066
-703.32
-1275.4888
209.86182
220.31323
104.04943
272.16293
-660.28815
652.7327
-1000.6927
-0.48563445
1025.0791
-992.5062
-269.5087
-360.50674
916.01575
-146.98386
704.2406
226.3862
-528.03735
-248.51183
219.12988
504.42422
1030.1444
1032.6376
64.60904
-380.188
630.4561
48.617275
-1285.0786
327.16812
-756.0335
525.19934
-19.77932
-970.14417
-788.198
-1303.9105
-212.62097
1191.2423
1048.1923
-498.55508
327.92194
-617.797
1057.9354
71.529175
49.348305
-178.23152
-534.9386
247.49182
909.26483
-1658.1981
681.5261
-55.64943
