396.6337
1093.8489
-24.757923
695.9714
1208.5289
1033.7029
-581.908
607.87915
113.975
-277.20374
-71.83764
-1776.796
-802.58954
-972.52136
-416.4349
-883.86395
36.11714
775.7156
327.02087
1683.0026
-106.54869
-1716.7972
-657.0115
-65.16519
-463.31662
-493.26483
-895.52466
185.84865
-637.3994
867.9041
362.52917
-397.1185
314.0047
1798.5258
701.73596
1032.3937
16.04002
-572.7573
-205.0888
-27.612848
-720.4685
-676.2659
-737.2561
762.1103
255.88234
-266.23114
-58.319725
-993.2949
-1106.9496
493.52902
-159.32048
399.88406
-68.3474
-1055.6318
1103.7748
384.05884
1924.4142
-553.7181
477.4624
162.96114
-218.66794
-32.50821
350.2842
-209.92897
-292.56458
86.51961
-121.38464
233.38074
1792.5629
-218.17946
-659.562
694.0415
50.350327
-340.44308
46.13717
-1711.4031
-477.56702
-1406.56
-283.96887
614.215
-163.59119
-632.1725
-603.4403
-1244.0758
-488.91193
1775.432
-1257.3224
872.96606
1126.023
476.96445
-829.34863
313.14026
809.6345
42.61411
-53.09872
-162.09775
1009.43524
1199.7036
700.5443
106.87404
-984.7833
-194.67804
-1099.4479
-406.89804
-1116.1353
-118.51407
10.865603
1059.3767
-109.58323
-661.8137
-522.92126
777.2608
329.12912
-167.00552
1460.4653
-165.10783
-99.35059
533.2866
120.40328
-1610.477
240.84172
409.37894
95.873184
111.49166
226.78253
858.1435
-550.2164
-526.46313
811.1802
-300.4752
-274.25095
-77.37222
-450.32584
-923.7666
-169.51445
-135.21985
-266.48993
697.3891
780.1494
376.27298
-608.78815
67.669914
-1778.7603
-1641.3036
-707.04486
1598.3785
241.70862
1305.1478
2.2293715
-472.29584
522.2048
944.4778
215.2054
-137.59123
74.71499
-109.00163
-794.1115
-78.48523
-2300.3137
500.18127
805.9118
-1080.8104
-214.71933
-196.30206
1802.1407
405.8803
-356.03784
-275.40182
525.9325
-1344.3773
-529.9
-254.77693
-216.94246
613.8978
345.93076
474.40945
-137.58061
534.5266
403.30405
-739.7366
243.64645
429.84412
342.60278
-82.88779
-114.76598
-798.9913
1229.0278
-540.9263
-1257.854
532.64044
18.797112
-778.47473
529.93945
1067.3209
736.15533
-633.1139
867.6951
-426.94012
774.4371
-44.7152
-641.13885
850.1669
96.47745
808.43536
-130.10219
184.24109
264.0447
-929.43335
-1952.4744
-758.9139
69.51079
-480.55405
-858.7124
-1454.4854
702.07745
2141.0156
-442.53372
1653.9827
-262.19867
-635.10455
9.182725
111.7401
450.63098
-996.4534
-475.15582
1199.8053
255.83755
450.34048
1151.2452
-251.5896
-389.86105
985.3171
32.59026
147.4459
615.3618
-1150.4938
-983.9385
1032.6572
-978.5405
-112.44332
446.07605
745.2675
887.72473
-314.46445
1218.2366
49.80963
-380.7016
-787.7122
-1371.6888
-608.5434
-891.1943
1663.7166
762.4421
1246.9237
168.47643
463.47827
774.66547
-315.04803
-965.77295
1100.25
234.52383
-205.2032
559.93665
356.19177
-727.34937
-864.9968
-279.48788
179.98529
45.73954
-1194.5115
39.626556
-929.3705
322.40662
-1346.1117
357.65497
-190.93916
-627.451
707.22473
1303.7523
826.60767
128.33633
175.85239
629.6968
843.08484
1588.7147
-609.80176
-1088.4102
-1114.2433
1016.6811
32.155903
522.0339
-296.10632
-230.1382
674.0499
-771.21063
-127.92807
75.14173
-830.4102
-104.414246
-727.5152
-560.74817
-682.32263
-276.32825
-873.27515
-609.72327
-141.1869
374.02094
-688.87897
-783.1147
328.4228
-634.96906
-1446.1387
-260.96347
264.74658
-823.742
588.7289
-928.8208
-1011.30585
-885.04297
577.4466
-545.6933
-98.11559
-539.4367
-175.77579
31.630732
807.91754
1046.2113
-1043.91
323.98166
-118.7852
-208.22893
32.196167
-104.28525
474.18884
-837.8733
835.52985
740.8605
-497.40872
430.24152
720.9355
325.92227
-119.943146
-808.5174
-472.7968
-478.34882
946.6627
140.04933
1694.6453
536.6303
812.25653
-280.107
393.96948
124.33947
147.40665
257.29456
-992.81036
304.99414
-309.61777
-506.22443
30.73548
669.52527
-53.25549
248.83229
-887.4167
-915.899
431.94882
-629.62756
-171.17369
-24.542727
1612.8475
508.41458
-1209.655
-18.4956
160.57468
324.62216
-521.81836
571.8168
1214.9264
-3.1702547
-1048.9319
297.44254
-395.88788
-494.86942
605.85724
-982.1272
87.460205
-384.68732
-1152.1525
371.57187
351.0446
-569.3029
-884.5975
-719.7049
380.02048
315.61618
522.1427
580.0677
962.6493
-697.29376
213.14793
896.26843
-1319.8658
495.0229
1146.6057
-774.4354
-219.03915
-848.7491
-171.15459
-2587.0337
815.16675
1009.1652
-491.65192
1050.5818
-103.092476
517.1721
-694.39386
-808.1509
539.8286
207.2354
-665.5491
540.81696
1012.3215
542.6917
172.23732
671.6483
-9.333779
427.4135
-43.459717
-682.9403
-1001.31854
1004.9586
-626.8977
428.30304
-420.83093
-31.180323
596.62036
-172.09831
-128.89867
-780.19366
612.78064
-663.53955
864.44135
234.89716
-162.77777
-16.172655
-573.7595
-1217.3037
-90.98232
708.70526
-426.3737
-507.9525
1137.2417
523.73724
573.79675
1256.3018
-81.21019
-221.00616
544.3073
-146.02054
237.087
33.66402
-118.66547
220.2832
328.20755
941.85504
191.5226
-2038.6862
854.498
-338.6319
541.26013
-640.5074
561.24805
242.97014
39.191788
1275.4216
-865.23254
455.26038
1315.4178
-988.4991
-1343.9384
583.8449
879.2249
-1079.6488
-208.21718
73.72209
-735.44434
-735.41266
1543.632
2014.3245
1031.4724
-143.83443
1093.405
119.829124
-46.43234
447.14218
687.0406
168.62064
-456.8286
189.81808
375.84073
162.22417
-963.25183
-934.756
314.45218
-497.769
200.60912
198.75854
-74.50993
-1356.2559
1362.3068
-483.08017
-803.1622
-407.95844
-903.4749
1035.7478
-269.68887
563.0226
99.40925
598.57135
412.717
620.16986
560.3009
-966.64233
-334.1559
-241.1943
-661.1837
253.3996
1403.612
1809.8246
967.7205
-1066.8088
363.98203
2218.8955
473.08847
361.89
-654.2129
773.87506
529.4268
-443.83444
1391.2278
114.15851
-817.4782
19.795868
-953.88995
676.46155
1523.4082
-753.5111
-295.9531
-1227.1533
301.966
809.8558
203.98302
112.46648
-231.99342
-1242.3885
-335.93124
91.27985
787.3618
-910.59204
-288.48254
1374.2527
-1623.6864
916.6125
1165.238
-333.23648
613.23596
616.9728
-1039.6697
484.81235
-184.14732
-352.70642
1459.9357
870.56323
-45.61435
-181.9172
26.743458
946.584
-536.348
-453.1141
775.3558
223.44621
-30.7294
1475.5338
-122.255196
-1387.1646
-588.58545
-1402.4171
-574.7895
-1417.4099
916.6642
258.91833
487.43924
29.292582
-367.36462
-457.86514
1387.7037
-1114.3883
-1915.227
-479.4534
220.05702
405.6291
-125.06222
-784.951
1069.5521
-641.2766
142.5283
706.4396
-950.2256
-221.2692
-446.88535
1027.1249
536.98126
846.56165
310.30545
-443.1412
-27.520603
-183.2817
708.9091
662.9379
1043.8132
-415.9658
-316.26508
382.9094
97.9088
-828.7412
1223.948
-632.0511
421.33838
182.37544
-762.0227
-1005.4647
-1598.4443
-423.47778
653.05145
589.4717
-1236.6216
219.8075
-920.2469
1095.4159
409.08832
-655.3796
331.55838
-1054.6339
260.42383
573.5561
-2061.802
337.72266
-201.47397
