288.36496
706.7027
65.06007
498.74158
1013.47156
828.5479
-294.11365
857.7433
195.95235
-131.3727
-68.583565
-1441.5281
-407.21097
-860.12415
-340.1537
-1227.3014
-137.53824
1059.6206
-24.131887
1284.6971
-78.84789
-1746.2858
-138.11383
376.48413
-442.876
-471.44257
-321.26123
176.98517
-394.17258
357.01053
16.109777
-418.9058
-114.42023
1396.0123
571.49664
566.6593
305.5952
-81.58198
-139.49287
-121.22463
-758.29126
-800.5818
-150.0619
873.505
245.03639
-488.1306
343.24908
-790.2277
-1212.5873
398.14038
-81.68662
712.0402
50.053604
-518.88837
1339.8511
361.06342
1904.7122
-812.9012
159.812
171.37808
-265.247
108.75612
631.42847
-377.70544
-459.85345
208.14897
-784.68146
249.35631
1783.5243
-276.59692
-420.24536
554.17163
-53.272514
-191.3139
-3.1158361
-1729.1544
-571.7656
-1102.7157
-181.44469
203.83913
-93.4534
-808.1974
-926.6306
-1150.5148
-528.02844
1424.1694
-796.5254
1169.3508
1217.9382
718.1326
-786.6848
385.19196
1072.1011
-340.99414
156.05319
-252.42659
877.79224
1315.7144
995.1955
98.53206
-920.9886
-386.22934
-1332.5352
-893.03296
-1484.0082
-141.53185
170.45975
971.10266
-102.1947
-674.1353
-766.3251
342.2832
308.65546
237.64664
1064.3416
149.72537
0.52330995
583.90155
-210.66614
-1336.2794
583.3191
436.39954
83.38844
27.967833
376.76077
579.9935
-314.88943
-551.4865
916.34576
-1.8921568
-16.868954
314.5291
-784.7719
-873.68976
-99.99039
-148.60667
-635.581
352.85388
404.05713
17.394997
-150.73929
281.69025
-1998.0468
-1447.7914
-564.75006
1089.7991
131.10022
1156.6165
65.98537
-385.98624
568.988
790.6185
77.786316
-620.2671
264.97147
-91.28818
-578.7373
280.69775
-2448.4897
738.95013
975.8755
-1128.4626
9.848808
-264.0577
1592.8076
457.48962
-656.2105
30.886
236.12427
-1219.7538
-667.46796
214.51363
0.9253471
793.2191
477.68857
300.506
70.811325
1040.0537
576.00977
-1221.2622
30.961027
443.80716
145.88744
-519.5883
-230.11674
-625.7784
1346.3284
-523.46
-1060.8446
1072.3237
142.16348
-1416.7214
255.57764
1245.1274
640.2014
-489.4548
674.7265
-526.7818
266.70947
-69.105515
-199.86064
1216.8092
345.72385
923.24585
-302.93918
31.40939
386.52338
-553.97864
-1850.2438
-888.2526
93.318245
-490.70276
-795.39496
-971.6429
865.96533
2147.1123
-507.36267
1389.884
-125.21895
-273.8474
-254.29822
150.14307
368.09546
-725.3457
-690.6357
1190.6431
-101.74144
210.19856
926.4354
-389.66537
-228.04999
744.9678
-264.97784
232.9889
662.3498
-946.6865
-771.63293
906.3467
-1201.0175
-383.58182
115.243866
428.85425
1093.3263
-349.54294
813.01263
-78.39746
-347.46088
-424.60226
-1305.2747
-188.89168
-849.5916
1439.3677
540.7939
1173.0221
428.0305
222.94023
1038.6198
-595.21783
-832.6775
1031.6476
353.61472
-642.52655
196.19926
432.61652
-649.189
-889.32574
-228.9465
13.476539
-343.26807
-882.8014
-123.32617
-697.85406
310.54358
-1238.1776
439.01907
-556.622
-442.56757
319.54276
1152.4116
923.5861
-51.387024
120.02357
388.53076
685.07434
1303.6658
-589.4213
-1210.9521
-881.8085
745.3634
54.1286
601.29395
39.068203
-79.12452
617.2784
-763.6035
-275.99792
202.83214
-783.88947
406.36734
-505.37494
-236.02948
-165.39548
-100.18336
-883.58527
-472.16724
-661.894
378.22238
-473.4124
-740.76385
-218.44618
-727.0598
-940.153
-305.62573
228.06577
-757.8185
419.3537
-687.8613
-940.4799
-620.57214
270.093
-544.9023
254.54692
-216.30067
-65.610214
-226.70773
760.38947
954.483
-750.2681
-116.422104
-280.2197
-389.20004
-56.93915
-10.802715
502.07846
-1008.1941
892.112
982.5463
-458.97882
653.74805
833.6195
348.98145
-55.50046
-848.2772
142.87437
-739.5913
620.19366
46.608578
1329.8217
318.60193
1151.4135
-461.85004
632.35114
248.68207
-23.96382
158.0816
-626.37915
343.3678
-27.432144
-630.2796
9.538869
648.9806
-414.05838
207.27711
-682.2106
-857.79346
348.46283
-860.9922
-69.62925
-214.84015
1166.2345
347.13507
-840.0914
0.92182344
335.16888
708.6418
-517.76184
836.6648
1297.6052
170.952
-1022.8051
53.135017
-639.3558
-662.194
229.85948
-1026.8628
436.5474
-84.78597
-1093.3872
666.2846
250.53816
-323.5672
-885.97797
-554.4481
286.73035
505.01093
2.3202858
259.01093
397.63458
-937.2199
449.93253
784.8126
-1268.7086
249.46886
865.1062
-180.41371
-268.93494
-315.4414
-341.37604
-2609.133
1080.6464
687.44946
-243.66751
625.83594
395.63934
784.68134
-1108.1045
-467.97296
205.132
138.2679
-734.80194
338.09915
507.7487
903.2452
478.49307
963.7299
138.55457
243.50357
-333.6306
-899.0636
-674.30945
1120.6608
-568.08026
-11.719899
-531.6327
317.19003
640.33075
-667.27313
-48.0814
-680.01416
294.29034
-369.80203
755.56793
304.9147
-171.88672
95.05774
-404.9654
-1185.9818
38.256428
274.99854
-272.04028
-574.6473
1072.595
209.53613
181.42542
1093.2408
6.745361
-679.5306
452.02908
4.385175
12.880709
426.01062
-27.868004
150.19751
407.199
871.97925
214.8333
-1761.9656
715.57117
-301.82242
335.3031
-592.6758
67.61132
176.80383
244.81076
952.6535
-1001.45123
324.15463
1244.4435
-927.2861
-1095.827
1088.5073
753.69147
-1173.1322
-256.60303
26.310904
-923.5555
-1062.9949
1103.1134
1885.8116
712.2424
-92.95755
796.15857
150.90714
425.01755
415.13577
588.67004
361.6912
-171.23643
528.5432
318.33862
290.48087
-842.9725
-1015.2754
110.157234
-737.4381
206.069
96.74964
23.42485
-1032.8431
702.8718
-470.5276
-415.4077
-286.79263
-1195.0306
851.4215
-555.4115
427.45636
-30.918486
905.3012
390.42746
912.14886
344.44897
-685.54913
-68.7052
144.17937
-832.2722
-31.669107
1009.4588
1382.5947
550.4892
-1117.4772
748.817
1666.0035
335.88135
86.91702
-214.86618
526.1437
652.15607
-624.4867
1318.6556
-152.43314
-929.58075
558.2367
-872.4836
631.3901
1318.1947
-479.30392
-490.92282
-1053.4033
215.23503
481.3638
464.0021
215.97218
-142.23431
-1209.8025
-424.00735
539.82605
489.05753
-468.37256
-217.09973
1165.5796
-1219.141
803.5484
1066.0221
-727.6225
549.3629
339.20535
-915.3133
359.1598
-309.9529
10.2059
1474.0583
370.0796
673.4869
150.67346
236.32231
827.13837
-256.44748
-100.88153
828.56116
640.28827
-291.93173
1120.8035
-152.09006
-1476.7858
-648.11505
-1389.7102
-699.42474
-2226.8174
423.3904
279.00345
68.59964
230.32913
-166.87968
-509.17526
1121.9384
-702.1035
-1721.6211
-167.19247
192.99492
312.2631
-271.83014
-837.4054
986.86456
-561.2202
219.16566
910.74615
-1108.1853
-413.61795
-699.4472
990.7255
44.31291
633.0462
298.13623
-251.0296
-526.04944
235.76978
574.83307
1056.9806
1222.919
13.874091
-230.58928
593.7563
-119.23801
-1311.8365
719.09174
-811.08765
513.742
320.08255
-1176.0167
-1138.5458
-1414.8209
-346.57114
825.8076
977.74426
-380.8088
235.1648
-737.195
1123.3158
300.95364
-171.75027
-130.28835
-734.9139
477.896
921.19934
-1737.7924
499.5888
72.45203
