357.3324
1151.499
-72.923546
663.9801
1274.7722
906.5122
-695.6811
557.3398
83.70089
-229.26411
-115.36256
-1791.4323
-705.6078
-996.3098
-330.97787
-912.04205
61.67168
722.667
161.26944
1662.1649
-42.629097
-1717.6433
-743.7263
62.478523
-353.2132
-390.30258
-912.9127
233.03188
-600.3933
878.63635
274.05786
-320.18866
506.43533
1793.4221
817.81903
1187.0059
32.621956
-452.3697
-246.09212
-226.6749
-665.8803
-713.36896
-851.21277
612.5079
312.113
-339.40976
15.078802
-979.8362
-1195.5974
482.93997
-162.26892
416.6289
-65.468834
-1072.9868
1136.2336
426.20358
1942.4347
-691.87585
466.9876
226.29495
-162.65018
-168.36363
588.2457
-176.0226
-278.99026
34.629986
-149.78706
253.46503
1778.351
-196.11317
-775.56036
583.2341
41.598434
-324.0192
87.59223
-1884.2301
-533.1808
-1400.4825
-233.57933
639.7243
-222.86835
-631.13556
-719.5553
-1214.4178
-351.09418
1591.5424
-1265.779
950.245
1260.9496
557.0882
-876.41296
241.92058
840.1047
105.09084
-139.08534
-195.0473
1128.623
1344.2035
669.7202
187.15483
-980.00916
-75.35534
-1108.4707
-497.99747
-1209.6229
-34.969593
85.204384
1133.3923
-72.87989
-578.53577
-561.0135
829.07074
231.02592
-208.3177
1567.1981
-195.6663
-97.65487
608.6505
125.13597
-1812.953
147.82489
488.4952
159.3583
148.27992
104.3377
732.7507
-717.3074
-722.8462
638.63544
-353.9901
-223.95612
-82.71218
-459.43277
-806.16754
-114.33054
-237.44966
-237.79887
597.774
689.3899
372.74576
-585.71405
145.78714
-1828.0574
-1512.4884
-702.0694
1525.2773
53.976585
1296.1864
-73.03381
-544.9767
582.70984
960.41223
338.2373
-23.994152
238.56448
3.5845253
-684.877
4.534096
-2195.3828
462.108
749.5405
-1110.4777
-230.48738
-110.27245
1839.2418
479.7853
-178.98361
-335.3838
575.42035
-1279.0043
-552.04614
-265.18057
-220.40106
632.326
505.6659
501.6222
-129.11166
399.1974
516.88153
-800.0241
356.69183
446.88287
291.5556
-128.53618
-45.41114
-940.63367
1163.88
-579.9457
-1166.9473
536.00745
138.46826
-735.5142
552.8246
1039.9602
651.81445
-706.15594
894.7162
-310.49246
755.07043
35.108356
-670.9384
883.7999
55.471985
770.1648
-59.083153
133.48485
149.00435
-865.8051
-1890.9199
-735.9055
210.12216
-362.99658
-784.6579
-1488.6746
563.6175
2075.7363
-404.35638
1497.8906
-286.77542
-680.13715
-19.549637
-14.184352
382.23972
-803.1127
-606.4325
1153.2704
230.0258
433.9152
1192.12
-232.56752
-456.15564
1121.6613
18.855482
79.735664
652.70886
-1305.8019
-1140.9001
1019.5377
-916.6612
-37.328228
507.06656
918.7143
821.4342
-245.24338
1245.543
35.196377
-254.5762
-776.06635
-1310.5591
-709.67957
-928.72723
1539.6909
584.66034
1168.5208
173.87476
606.141
929.41003
-303.0435
-990.3515
1106.0442
105.906525
-214.48431
531.1591
424.5375
-807.4666
-785.03906
-330.28143
200.73679
114.00467
-1217.2634
118.8416
-1021.25793
261.4291
-1434.331
293.3607
-150.76642
-592.01086
743.4916
1289.7482
910.2396
110.70966
131.40114
803.19165
925.7142
1660.3368
-569.1648
-1234.1846
-1184.5282
1049.7738
-18.127428
452.44394
-450.21274
-146.37338
592.54376
-719.50287
-79.41264
70.4092
-786.55536
-148.98466
-736.8674
-537.39966
-732.997
-318.60205
-742.60803
-613.02515
-31.80768
307.53073
-628.9184
-926.9554
129.34824
-716.51544
-1373.6694
-356.88025
212.56029
-732.02185
493.4975
-901.94904
-1060.8772
-983.13403
442.08865
-595.62384
-30.769226
-740.39355
-193.3447
78.84127
807.82965
945.4251
-1129.4545
328.97137
-115.22199
-287.11682
114.039925
-176.30733
355.94327
-782.7466
824.9888
735.8544
-366.01636
493.88065
765.83356
381.9815
-40.840492
-739.2709
-555.46234
-496.91443
997.24207
191.85545
1763.0918
559.68384
811.30237
-209.42216
358.0263
104.40336
169.9567
340.76285
-922.2302
315.40308
-292.72748
-446.60803
77.3526
784.135
-117.44232
230.62415
-777.6244
-820.00024
380.12396
-627.8267
-45.27792
-148.77599
1590.313
638.6664
-1158.5338
-4.1364264
106.09845
404.83765
-599.1811
507.28015
1228.314
-2.7472162
-1080.6935
266.26062
-352.59546
-677.5591
591.45276
-975.5179
92.056435
-281.0821
-1121.1569
476.368
359.47397
-613.97656
-1048.7653
-554.91296
455.11438
259.24774
558.38086
615.8054
941.58795
-639.2665
140.793
819.12366
-1458.6921
437.20303
1185.6442
-787.7145
-263.5005
-974.1562
-195.61427
-2620.8086
805.2827
921.16943
-426.21808
1184.3444
-15.682774
655.7081
-694.0538
-810.26917
636.38293
188.38951
-821.76556
609.36285
1051.6244
575.9244
151.10004
706.20715
-7.5102882
510.9455
-197.1002
-762.5098
-978.6451
1037.6974
-550.43054
458.76773
-311.4085
-165.25499
523.92206
-220.3679
-235.21277
-872.32477
501.33066
-677.929
885.21045
460.60513
-311.20798
-75.87322
-687.99066
-1238.5154
-150.68878
767.11145
-348.2769
-673.9822
1071.7524
479.3008
581.90234
1394.8549
-122.10286
-76.78733
472.3438
-242.26924
173.13321
43.95311
-162.06807
268.866
381.90173
976.91394
103.898964
-1919.3044
972.50555
-252.28873
527.2283
-579.09204
520.16833
314.446
5.2886777
1364.8628
-793.90955
571.41016
1330.0828
-1065.6154
-1345.5548
567.5813
828.3519
-901.25305
-163.83478
42.281273
-680.4001
-886.145
1631.7029
2131.6643
1058.4786
-152.19897
1104.2028
103.14194
-67.42824
466.95737
784.12134
149.21533
-530.0173
390.33063
403.16925
246.17606
-953.06647
-859.38403
391.15814
-481.6175
162.86394
117.9989
-26.197206
-1403.158
1450.5602
-533.1565
-793.9007
-317.9909
-866.9848
1018.9628
-180.54117
443.03503
10.029605
689.0247
349.8392
533.19293
566.5276
-949.83185
-368.97626
-218.41263
-516.9247
259.02686
1215.1328
1832.468
1110.3572
-1013.07947
564.17596
2316.2446
411.7679
278.7173
-846.79834
752.5462
362.32336
-444.97955
1428.9658
127.89515
-954.9238
-12.818837
-1014.06213
736.06
1558.3346
-770.8021
-203.94563
-1153.3948
212.78862
821.3585
202.63956
-18.999243
-174.80339
-1091.903
-298.01193
97.32926
632.3827
-808.0545
-354.33743
1304.44
-1734.6234
907.3137
1160.9532
-276.94846
571.4126
529.85895
-956.6921
534.175
-105.50983
-365.48544
1381.0272
799.1832
-4.2513905
-232.62659
47.53777
852.44116
-658.1081
-406.72842
891.23773
280.5529
50.78025
1388.7113
-126.474335
-1566.0752
-582.8807
-1362.8049
-699.31305
-1385.1034
1005.91547
247.12775
413.67322
-150.72916
-341.67224
-467.15146
1461.4586
-948.7868
-1762.8969
-451.8897
122.82575
388.20667
-163.23491
-817.8991
1063.7218
-559.4903
79.34998
625.9433
-961.9655
-216.79295
-285.02078
1095.9635
652.54144
1002.0498
179.11801
-371.28476
-69.39555
-249.45511
741.942
692.3811
1024.645
-447.08273
-375.2971
430.8422
197.162
-832.6776
1242.3164
-715.1895
385.5973
104.63011
-797.2016
-955.4043
-1574.4353
-444.42007
636.7592
835.11053
-1097.3066
269.10193
-825.6062
1236.1678
425.71973
-666.2476
240.66867
-1142.2336
275.44534
540.0869
-1934.8748
282.74533
-175.08562
