-681.5258
455.27533
873.7691
312.2074
1245.9854
1326.2566
-861.5056
818.8734
-137.75996
276.42484
-766.2235
-1152.0557
-1288.6096
-1268.691
-637.9253
-1820.6749
-1653.789
356.66815
-137.3749
2009.7703
-498.70114
-753.73486
-258.3765
-80.00849
-1389.352
-257.199
-882.52844
-185.19482
-1168.1597
154.44519
474.60062
392.261
848.4541
2186.8633
1661.3054
1221.798
-165.72946
-731.58276
-80.60602
-460.22543
-683.11774
-968.46094
-427.51556
362.41742
629.473
-233.55905
-7.053704
-822.0822
-882.8278
674.72925
617.8349
121.051476
-163.8401
-1342.754
1683.7501
-680.0512
2136.4119
-156.24612
736.6933
-392.06516
-115.20814
113.60478
318.24268
-1096.6243
-79.1905
580.40015
-529.8713
575.45953
1700.723
146.28859
-1042.89
-215.73785
379.5523
132.22304
512.9424
-1348.3608
-49.312836
-1140.2124
-253.30583
792.0096
-182.37993
-790.2307
-712.1108
-725.0261
-92.09064
2562.7341
-1362.8167
1076.5332
1462.2632
732.2099
-131.80176
411.5512
983.7451
839.71185
-629.58826
-30.68842
1774.477
963.5837
769.3017
398.1921
-867.81647
822.4613
-982.0444
-205.20934
-659.6416
-141.74736
-96.39234
1414.5142
-147.3856
-879.21545
-1150.0508
1355.7615
62.50383
-603.3988
1037.847
-121.90016
-420.0434
332.72278
-703.9228
-1821.0919
176.43547
606.8176
-118.37087
98.315445
-326.19745
660.5303
-650.4158
-901.2196
813.4141
-846.5151
-228.01932
-253.85594
-356.43713
-701.2727
-243.47575
-979.3948
8.388545
833.10834
542.9413
901.547
-568.1308
280.27048
-1515.5953
-1542.7068
-207.89352
1187.0026
-242.2268
1657.5741
8.331921
-460.25974
800.27625
1345.9812
-238.68114
53.556774
243.68929
-984.1674
-684.5901
-554.2186
-2438.9294
572.73065
537.87573
-1540.1116
136.65996
633.0618
1742.1362
1013.69653
237.60133
74.09005
923.6447
-1966.6377
-159.82071
-946.9584
-420.72092
982.57385
507.07526
316.24356
-34.898308
545.2348
328.32562
-1369.8597
-127.72935
737.47125
-322.09442
-861.56036
-482.9164
-168.84666
1222.4598
-45.61467
-1008.029
225.0193
185.98349
-771.98315
-99.14956
721.8493
-40.629395
-930.6745
1044.0624
-360.94543
505.25342
478.9006
-12.507191
1718.8309
124.51189
1094.585
-33.010822
612.6165
860.04694
-460.92734
-1673.3268
-129.57309
-249.19785
552.34814
-355.45395
-1923.4288
663.1359
2282.8555
-329.07785
1224.1963
-296.5996
-322.90872
-530.7413
347.37488
842.2605
-540.1983
-150.91168
467.18738
652.0839
116.899666
548.216
-616.03735
-410.85596
818.7639
-238.64514
509.29132
1000.7731
-1531.5764
-1814.1063
1435.6538
-617.75037
-501.59528
96.84998
610.8415
767.1161
-250.6546
1330.903
-295.42255
-346.0421
-947.4566
-1516.0181
-1157.6127
-978.03503
1745.0945
309.17938
874.97565
-475.0087
619.19336
1026.5762
124.33444
-451.35223
529.8946
201.11438
-548.5893
612.6974
1032.6375
-323.05933
-994.788
-64.76901
-60.14206
1016.544
-1605.4949
236.30064
-1517.556
-471.84644
-1339.9066
334.011
181.11697
-1115.0293
1152.0016
1126.2742
1079.4277
-256.88968
179.44194
478.04388
968.12286
1036.1355
-1398.2665
-1474.9313
-891.3841
1535.5381
-109.02936
-392.8505
367.42694
-903.6789
152.48871
-1003.2047
149.04375
343.3386
-331.9327
-954.76624
-370.25824
-603.10803
-1015.5026
349.9128
-795.8491
-473.00186
-223.07716
456.0888
-104.92397
-1326.1659
247.69965
-296.8617
-1552.8948
-18.003145
539.14294
-1000.7833
1853.8849
-839.62775
-480.8357
-836.1048
877.8537
-189.8671
-107.784546
-1121.9469
-753.5395
112.30677
737.8612
1621.6204
-471.65857
505.7481
-81.54633
750.3198
255.6318
-457.26093
370.1853
-1698.888
956.9542
1272.6549
-201.82616
681.3111
-44.439133
343.0696
716.4694
-282.31787
-550.81085
-830.5716
142.02429
-58.690342
2683.348
-343.37885
248.39438
521.8012
547.5046
-807.99475
857.90466
24.82879
-949.95685
580.3666
41.036224
-143.14577
279.03735
1106.3779
500.08542
508.0416
-717.5142
-599.67847
402.75528
-1083.1074
-20.883646
-4.6496906
1610.2734
733.1799
-969.9598
-199.6934
1121.9685
-448.56342
-393.24994
301.70578
1284.1122
-113.389946
-1599.7369
-231.65027
-554.16394
-849.5604
1250.3496
-1095.2562
350.62924
147.80624
-1459.2572
1060.022
589.95105
-1354.0127
-1273.7472
-688.6196
386.0483
23.200888
358.9043
547.797
1113.4587
-482.79645
-145.40845
492.2759
-1219.038
816.1307
1633.9388
-702.8396
-485.98932
-532.70105
-207.96275
-2871.3352
1820.0103
872.63464
-930.0823
1479.5964
300.77066
986.499
-616.46643
-732.2357
1205.8312
586.5399
-674.16437
408.70767
1038.0161
138.0797
190.90231
125.28424
-310.42178
227.41415
-150.60063
-1084.1678
-1402.5686
1493.8607
-299.63406
691.30414
-428.84097
-783.75287
332.43658
-82.09259
-334.56042
-1640.9877
-75.407394
-319.39636
1378.8899
-185.7643
-305.0141
-976.93634
-1108.0901
-1734.904
295.03467
557.44727
-1281.196
-1343.7552
1274.8774
627.49805
276.271
1436.0833
277.20328
203.82008
961.042
-851.2679
-15.952917
-258.8269
-880.27155
487.09564
189.31538
1617.8751
-35.47896
-1775.0563
1493.8027
-413.03882
54.90961
-20.481197
390.76788
535.37634
175.64793
1574.2878
-700.93243
675.55743
2210.1113
-1026.3235
-712.2267
743.8569
617.9885
-1251.363
135.29901
-462.90448
-437.2976
-649.78876
1428.6298
1881.8955
1101.1223
432.31027
1585.0363
48.684826
-266.72058
766.53613
1156.9377
-121.607285
-348.23267
498.91345
138.23897
-90.56617
-740.5541
-461.69568
837.5187
-103.512184
260.7416
222.4058
-654.02264
-975.37354
1794.1971
-1005.47833
-1092.1843
-512.0533
-249.44171
1682.3369
759.09143
707.73083
-138.19781
830.49115
753.0462
604.33844
1111.7173
-152.09471
-356.0662
285.86227
-396.9694
45.700348
1569.6912
1188.307
1827.2263
-1497.7722
953.1896
2272.148
322.7593
-696.49176
-453.42477
290.60538
772.56683
-871.17786
1936.3634
535.38513
-1187.576
-57.406055
-1920.0435
1164.2393
1532.0447
-1299.2067
295.9977
-1294.2593
-677.4057
410.3713
-256.2843
28.66395
-924.533
-840.1873
-94.22782
284.82065
1000.4085
-1083.2626
-955.6723
1284.9375
-2282.7334
879.0257
1208.8649
-437.29962
468.47568
307.73196
-296.3152
693.736
-205.242
-279.5115
1132.0365
1210.8313
-394.63632
46.75039
-326.73877
772.39166
-316.94904
-730.17883
1086.3315
-102.702446
-164.61981
1543.2998
-382.58237
-1308.7849
-495.35248
-1410.387
-711.20197
-1605.671
384.45355
209.14615
485.3543
365.09573
-638.1221
-945.80505
1231.6735
-963.9603
-2071.9866
-334.0965
-443.5603
1276.1615
593.5574
-162.86531
761.8353
-642.19885
535.804
61.966988
-821.0284
-75.02981
51.45036
704.1805
-108.0575
640.01917
512.3888
-504.01758
-244.84276
-29.88039
398.53848
913.94977
836.7985
-643.5039
-520.687
488.60748
582.0679
-850.7756
828.2832
-1142.5586
362.30444
772.05743
-1219.5347
-92.205124
-1982.6437
-537.10443
498.0777
1085.6826
-1084.2749
273.79755
-844.58484
1447.2183
18.383097
-596.8941
601.7171
-1066.358
188.85622
928.3142
-2776.5952
843.6061
225.03209
