23.845009
765.54846
91.702576
644.24146
1021.7283
1170.2119
-810.0298
764.74615
-301.60205
-190.83527
-542.80914
-1793.5085
-668.53156
-774.54443
-376.8537
-1129.8073
-1018.37994
526.37396
-57.786774
1269.7474
-429.7908
-1372.8517
-623.1244
-252.88802
-585.8728
-78.21883
-1001.71344
238.50076
-743.1321
730.8273
553.9394
-354.9274
395.61127
1548.2103
1236.2062
1055.206
-209.6039
-715.52594
-46.712387
-166.15334
-1026.7693
-371.1753
-486.10156
768.88043
450.0089
-565.0168
-134.01282
-1271.3109
-946.23016
452.17432
136.40277
66.04482
232.76135
-1486.9374
760.39703
137.08691
2177.0913
-290.8285
759.4902
23.034622
-252.3391
-289.47647
440.92465
-519.7959
-292.72076
372.74957
-216.2713
190.13972
1945.6753
-199.01448
-712.6958
217.74957
-38.526302
-195.38712
428.72964
-1712.5669
-390.9936
-1474.9885
65.14258
587.20013
17.848007
-664.4092
-1004.819
-1160.2645
-561.7705
2167.3904
-1240.9739
986.7505
1352.6353
573.99677
-749.3929
307.95874
785.5353
177.27826
-439.1945
197.88527
1422.041
1239.347
1026.7043
-98.2335
-1266.083
538.82416
-847.89417
-495.8523
-854.7631
43.30709
49.996376
1041.6954
-317.5479
-624.78613
-1126.973
841.658
-52.342545
-300.22397
1291.861
-132.62187
-588.5896
857.4425
-246.22025
-1609.0801
281.88382
792.5964
457.47708
-109.604866
348.18442
787.7407
-882.8088
-586.517
933.27985
-546.0485
86.85829
-150.1376
-588.11414
-1024.1963
4.0036592
-777.9071
-502.3227
509.3895
210.3415
788.96576
-303.37964
420.38757
-2009.6758
-1446.8728
-560.24316
1071.3705
7.0633492
1428.6042
-105.68073
-507.15952
707.57733
1338.5121
-191.96455
-181.84909
-119.51231
-131.28143
-129.12982
-155.46193
-2268.4658
774.84186
577.1447
-1457.8005
-156.81697
-127.547485
1711.5525
862.39075
-242.73944
-164.71637
692.7436
-1219.0056
-443.67868
-238.4806
-233.65752
643.7927
431.71323
360.44092
-250.79446
530.86304
282.95712
-743.61127
172.44383
588.869
291.7448
-345.59647
-195.66562
-558.2405
990.98413
-475.34836
-1039.4221
243.22435
169.20532
-705.3321
320.2639
653.78906
632.3164
-695.22424
1074.7773
-300.4078
593.58527
-31.548931
-237.35521
1191.1357
196.45097
735.0816
44.9726
588.4589
366.8025
-951.6927
-1556.9601
-910.4389
-449.8137
-85.14756
-1071.4783
-1741.1427
606.0062
1660.1158
-488.756
1488.1057
-182.0925
-660.404
46.97692
293.0325
317.17358
-647.2863
-470.6716
779.0516
573.74585
471.22858
1251.491
-561.50006
-376.83987
1045.9338
27.378078
406.92792
722.7068
-1324.1215
-1638.81
1165.3407
-782.82794
-160.8082
312.11942
1006.4706
686.9812
-364.0068
1309.823
-135.78606
-342.437
-862.3927
-1863.788
-932.63477
-1175.2341
1411.9835
321.02554
988.5632
-193.25873
504.8218
975.9136
64.36457
-956.30646
1106.1277
192.21344
-435.06265
750.0257
803.3879
-363.04135
-829.84985
69.94344
59.42685
564.6097
-1349.3595
530.45447
-1329.371
-229.17381
-1445.6096
470.34506
199.04437
-931.5697
816.32056
1408.1437
1004.9427
98.88054
61.227253
518.08435
887.55475
1627.5131
-1141.4542
-1536.7635
-1251.4081
1238.6165
-176.47722
125.43348
-228.70372
-196.86699
864.0713
-787.4756
81.047165
-284.84183
-401.50574
-682.4765
-667.66656
-771.7293
-783.37146
4.082
-653.56946
-559.768
25.97859
457.08603
-487.4494
-1280.1019
-96.56154
-500.54736
-1588.3556
-437.2064
255.4889
-668.20935
822.8242
-1072.9303
-838.07434
-1200.4893
345.09583
-708.3893
18.980755
-422.1732
-228.1604
-163.18909
480.82886
861.8113
-578.84875
504.60098
-381.88947
-120.20048
80.39077
-530.16016
435.07062
-923.5429
931.0712
845.0069
-332.34183
331.29553
640.7262
532.61914
657.6828
-582.3237
-865.51624
-364.38434
767.1862
65.25547
2160.7505
435.48495
627.61005
-107.633896
428.39835
-348.90417
260.75845
282.69113
-712.83124
225.30869
71.7916
-323.6145
70.24644
981.12756
290.61118
-34.354694
-785.8724
-554.6052
215.64206
-774.92065
429.78882
-262.16382
1674.5258
238.86662
-1166.611
-91.56215
323.77997
78.03175
-589.4105
412.68433
1468.334
122.570015
-1382.4236
-41.77632
-291.84177
-596.5799
1025.6055
-745.4938
509.0198
-408.90897
-1101.8219
529.42957
298.16333
-1096.91
-1378.4507
-808.8901
437.42432
-83.19772
533.4676
484.69955
754.23315
-809.02954
-191.52222
759.76184
-1285.3193
691.9506
1388.282
-792.24426
0.4480909
-1253.2853
-242.7937
-2690.8674
1150.1542
859.1076
-753.3696
1405.0933
31.272532
493.0222
-281.83307
-610.9221
740.2776
717.88885
-743.44354
253.71747
1231.6515
828.8898
-52.32935
299.88596
-249.91246
679.8755
-421.64093
-940.5065
-1250.7338
831.64685
-319.27637
384.31378
-364.40506
-402.68417
461.75897
-261.33734
-10.862676
-1142.3933
214.98476
-571.67346
1403.8888
156.8902
-73.983444
-378.9836
-959.7794
-1276.7963
250.38876
809.68964
-539.79956
-860.18414
1126.4553
606.55273
661.90717
1755.2122
-255.37463
208.91545
821.5798
-633.2937
-15.761069
-181.85315
-380.3534
142.88683
622.1709
999.0637
-36.609264
-1705.8727
1029.2876
-419.40988
184.96973
-489.1301
769.5256
301.61963
-3.2848942
1536.224
-477.45056
643.0454
1699.0791
-1157.9404
-1306.484
98.337715
713.49286
-979.3387
177.53787
60.447205
-817.7602
-885.2928
1472.972
2013.2799
1262.1425
-192.59927
1334.9095
144.20341
16.664246
554.52435
1007.26056
44.66627
-629.4101
174.92883
67.779465
-184.89772
-837.5078
-755.757
577.8338
-834.6578
229.64572
-133.57788
-158.70525
-1350.4985
1698.374
-925.5079
-1106.1007
-533.77545
-1023.0727
952.57196
-60.923443
383.7794
-293.92258
373.83667
499.04807
867.7307
728.47253
-1008.27673
-233.23978
175.70943
-570.3496
550.0876
1413.364
1692.2467
1391.3192
-1171.3677
439.1141
1975.8054
362.78525
109.48478
-590.8499
486.80838
678.39166
-750.44965
1836.7994
337.11414
-1053.3201
162.80942
-1516.802
1037.446
1492.4711
-603.07794
76.86586
-946.70557
-81.129166
658.14734
121.56474
422.98117
-171.10342
-1079.3907
-206.10417
173.75429
666.0276
-1141.2145
-294.39136
1226.8054
-1916.9414
687.54675
1299.7485
-422.51712
336.32953
264.43994
-493.51477
677.8447
-189.3831
-158.19215
1260.5406
1064.3192
-50.674023
132.535
-550.29407
471.032
-614.27155
23.51485
1268.6201
369.9017
38.46039
1632.7054
99.28158
-1389.7787
-772.81476
-1413.2412
-644.8574
-1522.8813
566.69116
432.5213
314.5733
-25.617594
-410.25763
-662.7181
1371.4492
-760.8739
-1636.056
-517.3004
135.66266
495.9312
289.32468
-677.629
1213.8429
-615.7922
435.17053
229.13211
-1011.465
-94.862854
-283.5
1167.1744
409.84705
1030.396
478.7988
-295.51944
-552.83997
-147.56358
569.0666
770.3006
749.22675
-481.23126
-347.65335
436.45795
249.02405
-630.54724
1234.6516
-886.5507
349.79388
216.44736
-1389.119
-662.2138
-2001.723
-682.6016
770.4074
577.8926
-975.4998
230.27582
-676.7497
1475.6597
529.70013
-621.79865
197.57379
-1038.3478
-289.6617
632.5425
-2234.5657
411.46564
-209.13002
