50.617626
942.2265
-59.15086
737.3645
1043.952
1141.4767
-564.41943
559.0279
70.76771
-321.20325
-231.99597
-1881.8348
-440.92505
-960.1165
-231.1063
-941.5072
-303.58722
562.0606
142.98906
1447.7899
-150.25322
-1579.6064
-695.58344
-171.45358
-252.48376
-336.65146
-1103.8208
219.72858
-599.657
906.81775
222.18738
-284.29166
442.72467
1728.4401
1112.7688
962.93225
-42.49603
-710.18854
-27.517889
-147.52837
-886.3463
-586.85724
-856.8179
660.77954
323.95013
-316.5781
-219.67763
-1055.5122
-1260.1573
484.05856
-9.017134
195.73071
-191.76457
-1166.4708
975.3358
512.7114
1968.3583
-575.7181
448.99408
196.08046
-158.52711
-207.77216
628.869
-400.99896
-75.61209
9.582384
-333.2417
199.77441
1950.1151
-50.18463
-786.5453
548.8002
147.27208
-401.64908
92.40565
-1910.6537
-454.82236
-1546.7756
-203.41214
711.96277
218.21954
-730.68286
-881.4955
-1083.1675
-613.8803
1946.3999
-1349.058
760.9767
1424.7731
444.6573
-744.0579
333.90424
798.1736
136.30566
76.761734
119.69622
1000.7005
1180.249
557.8597
-67.29378
-1115.2623
126.52266
-1001.3986
-593.7324
-1086.9031
-209.96187
72.83132
1047.66
-291.94348
-473.76266
-812.8704
920.75946
236.4317
-274.93622
1469.7002
-185.68044
-227.7701
627.2387
34.731678
-1869.7697
369.61597
752.42633
262.15793
-125.78216
176.42938
600.7166
-907.4411
-779.2401
701.1292
-461.1333
-219.00543
-31.460548
-579.2445
-889.7674
-214.50757
-408.02905
-356.4204
741.3284
333.45074
498.41156
-469.5441
184.5373
-1824.5443
-1643.4115
-775.4827
1303.8936
171.25577
1392.4089
4.9114733
-485.65533
621.5865
1254.4957
66.91571
-171.43353
36.62727
-220.83435
-545.9622
-33.94238
-1993.1306
683.1264
611.5453
-1116.8766
-94.28254
-287.29562
1854.3696
746.06915
-306.36893
-170.10841
745.4911
-1334.8483
-469.5053
65.23538
-219.85583
831.2743
696.9733
600.3222
-174.69115
514.26825
439.6822
-775.08685
241.61487
509.32327
322.6297
-170.35092
61.513012
-717.4012
790.4881
-594.51483
-1128.2156
422.66858
-60.60197
-892.5464
268.0317
926.4057
693.0521
-628.3257
890.9883
-453.51562
722.4128
16.169443
-390.5675
1142.9796
130.82144
731.07587
176.30122
360.278
359.93262
-863.5338
-1844.0862
-676.76685
36.357883
38.83565
-821.6088
-1682.7054
575.8553
1890.9395
-466.1757
1548.9182
-519.98926
-578.4802
2.3884287
8.287262
172.51271
-825.70496
-394.51755
982.3055
323.74393
458.98145
1374.5363
-343.39148
-490.2262
1088.3287
-150.60605
275.9872
586.4605
-1503.2493
-1571.3778
1098.3798
-797.46735
-189.90533
392.10632
1088.7103
892.17285
-496.44064
1163.3777
-140.36429
-321.3925
-741.2812
-1587.3104
-786.86487
-1362.8778
1674.779
320.217
937.32764
-133.31226
408.75516
1058.9587
-165.44957
-1044.9991
1165.3257
38.885544
-278.04895
553.30347
640.0074
-548.5807
-755.125
-162.19649
166.36188
356.5617
-1172.8759
355.18237
-1108.1431
62.128174
-1251.9438
376.25507
72.194244
-664.4798
862.07654
1339.9165
897.629
265.51572
-40.430687
670.95825
796.96466
1929.218
-598.41406
-1262.4136
-1236.2087
1179.5073
69.26326
335.2588
-447.53882
-259.4897
537.8404
-593.2618
29.922907
40.49504
-456.113
-281.36975
-576.30896
-682.4617
-732.24524
-291.40356
-889.59094
-519.4035
-99.7436
454.24463
-475.82468
-1003.6801
-23.877937
-602.6271
-1596.1073
-327.8188
45.718212
-784.5149
607.6145
-727.403
-1163.4567
-1131.3418
583.21
-662.6249
-111.10262
-556.9864
-50.795048
-37.895588
741.316
677.0125
-1119.604
453.16003
-386.24518
-104.22741
90.03197
-288.8776
451.37347
-677.54535
958.4825
961.0105
-209.07608
331.22134
712.5858
443.33585
61.857155
-569.3933
-625.9427
-504.8012
948.38763
347.9039
2117.5164
578.55145
669.12103
-222.66481
390.81168
-22.773867
209.27646
510.28714
-903.89105
175.4982
-154.70221
-506.60138
-83.00825
591.624
133.6195
33.070343
-819.5956
-588.3201
285.1713
-766.6842
120.55402
-166.3993
1595.6908
623.3954
-1226.7739
-112.03444
75.01592
151.39723
-727.5832
412.64957
1383.4888
174.45804
-1127.9127
280.09552
-387.0343
-566.6675
399.70047
-705.0986
376.19293
-342.5072
-932.63654
430.93237
147.78308
-749.85846
-1241.1028
-692.37177
510.5777
209.78497
600.66437
681.37317
877.18805
-642.17883
-38.74752
717.52954
-1646.8644
584.7122
1232.5437
-679.0252
-30.373371
-1035.5193
-252.13339
-2712.3164
819.41254
948.92
-512.5547
1145.6818
38.675327
538.6303
-414.17282
-717.82965
779.3734
489.7052
-1036.432
433.73593
1227.6501
570.3077
215.77106
735.68207
-24.230434
744.31586
-148.3063
-839.22437
-1282.8423
1079.653
-552.3935
550.659
-498.48782
-152.52158
505.7366
-226.74706
-258.65488
-952.66
484.7416
-561.9132
890.5652
453.03094
42.722195
-61.99227
-498.47186
-1294.8726
-26.832039
739.0279
-618.5487
-665.0312
1197.3527
324.30225
526.633
1589.0092
-303.69067
-163.05417
770.9742
-387.68954
159.68414
-32.88583
-147.59001
242.51543
518.41736
1116.0945
-61.77051
-1825.5183
985.63855
-162.13838
337.3547
-560.5586
616.7828
456.60153
142.726
1472.1444
-702.614
763.5041
1523.3267
-1048.3647
-1409.5802
462.2047
945.5306
-771.983
-252.12625
92.7142
-532.3512
-899.4994
1463.4381
1895.4365
1087.3757
-218.342
1353.1488
94.51023
141.85526
337.2514
737.7013
203.97054
-629.6408
246.65302
373.7535
141.77219
-966.60394
-601.75653
253.6804
-480.86792
425.294
107.117325
-43.886337
-1235.2965
1583.7407
-450.65192
-739.94507
-505.2866
-659.269
1201.1392
-17.20274
438.6705
-150.90459
606.62286
291.52127
650.7059
553.04816
-941.8136
-328.14557
-124.45025
-541.8644
193.36386
1164.2725
1629.7993
1066.0897
-968.0387
357.84338
2336.1223
362.5758
502.13077
-687.82697
644.0251
296.18
-574.64465
1482.4337
28.448238
-1052.1145
108.3961
-1327.9873
796.34265
1527.5432
-638.8383
-201.11328
-1169.5663
166.36691
792.75073
139.5081
175.1698
84.233696
-1101.848
-181.62021
60.42966
624.71686
-845.69904
-269.6521
1187.2465
-2025.1171
860.2166
1270.6827
-405.62204
402.47873
428.52023
-679.2774
394.54535
-99.54013
-489.94147
1380.6339
1057.3
-59.602623
-161.29498
-249.99722
931.5894
-550.84845
-136.39928
1097.968
184.8027
102.85322
1559.0767
1.8021564
-1585.1707
-753.44824
-1347.2314
-535.8872
-1445.1566
877.3117
299.50955
229.40712
-25.14443
-399.24506
-256.13913
1387.019
-849.74854
-1822.1211
-558.60657
61.19884
427.5031
-169.58292
-567.89856
1329.3881
-605.7383
184.30975
305.03702
-769.64136
-156.05235
-520.3476
1130.8503
498.46335
998.64746
291.47147
-234.22664
-168.00896
-136.32922
539.87646
567.46436
881.0643
-487.1393
-496.45245
195.87996
135.93646
-749.3006
1522.7825
-686.10254
534.5789
48.34192
-1040.2255
-635.85095
-1752.3153
-557.8622
855.2756
722.8255
-1079.1625
305.8025
-602.8815
1366.1565
392.9628
-576.7919
249.4425
-988.4569
87.58989
514.48175
-1998.5283
286.0323
-192.02116
