-54.30962
352.6348
168.13693
304.2549
299.1634
-296.88852
206.87796
417.49274
678.4036
624.1138
196.20201
-772.3316
-291.94897
10.823385
-163.102
-568.8949
-8.833744
275.95602
-20.708132
73.71514
406.30347
-503.38376
-227.06094
446.88382
-550.4919
-161.92223
408.90396
-112.66097
-162.94473
4.7625628
12.820288
-436.48114
-313.9858
783.1715
615.92926
254.69762
369.12247
18.329247
-192.87325
-598.30347
-684.07886
-263.45395
476.43912
-340.63196
527.0443
234.27771
475.03427
-115.73288
-392.51962
-101.91769
-598.2773
37.37814
-285.3392
16.322
-289.3313
141.76932
1045.4672
-262.64407
30.979692
227.32484
-195.48033
46.425907
684.6166
-369.2274
435.5632
375.63
319.50906
47.787144
387.1769
54.582634
-64.73017
418.24786
-233.97922
161.14894
-211.15558
-493.1469
-595.616
-210.44795
304.23734
87.86505
-589.5498
15.33983
-159.85078
-169.99643
-684.33
478.6586
18.456465
574.3851
395.88858
135.95898
184.67181
271.78186
963.20593
-961.5719
-238.09988
355.87796
188.64929
306.9238
205.44739
-105.99002
-181.51279
-206.79942
67.46845
-457.94196
-696.90826
-61.029106
617.7496
388.32938
-309.56467
464.78302
-541.9487
-101.08317
454.94812
-442.82214
-59.288094
-283.7851
-4.282689
404.95422
-52.202084
-109.77731
1342.122
262.75067
103.22119
-637.36847
-511.6437
-181.39598
-739.8833
-618.7841
537.83997
-173.72176
201.51048
345.1282
-828.2616
144.65442
-874.86383
257.7185
-40.813213
-283.19742
45.589146
-503.20108
-253.17216
5.8534856
-614.7134
-422.23132
97.362175
92.76961
540.68805
218.824
34.021454
-361.24814
-43.893562
74.673996
24.451378
-362.4233
-290.7605
317.21054
-442.2902
-334.558
-586.41254
-36.008644
34.55131
-529.95844
211.95108
262.74893
-125.88113
-89.20905
-500.57608
-77.75276
208.5865
-164.51724
-120.432175
318.37274
36.690968
370.51987
-427.32867
303.48727
144.06873
570.0598
380.23016
-298.13535
70.37759
213.99088
-58.485146
-438.62064
-437.81696
-45.6852
817.34143
-280.52182
149.48587
922.82733
84.01256
-9.800212
-518.972
502.272
494.7409
-715.24567
-49.888195
216.81865
-376.01605
-161.4533
-325.38614
158.01997
412.3143
132.44533
228.14665
267.14288
-146.20244
-71.22247
-747.7769
-545.99567
895.4825
70.73126
-739.1188
-64.63113
89.30926
352.99896
-261.17725
680.149
-628.4589
-543.0425
431.7506
137.34012
248.77684
-925.0374
-231.64024
109.06792
-474.03815
409.07455
255.90804
-678.42
288.00256
489.59378
-174.9166
-68.239365
386.97818
-731.528
-3.3998916
265.0434
-177.89067
-192.30281
-40.60906
168.12955
-136.2652
-550.08563
578.72766
-277.76334
-236.14232
308.8597
-756.7686
-140.67723
-1009.0014
700.03455
27.17643
524.1505
494.02786
32.64532
-27.237246
29.134867
-166.62471
241.7132
161.64911
-474.17514
-157.67903
463.82434
47.993076
-621.0259
-256.8842
-291.11423
413.95798
-49.004704
198.4929
-553.3051
426.15652
272.34955
185.23462
-331.56873
43.890858
-56.832943
504.24762
-104.054276
142.35818
-239.30952
-183.76233
-145.9688
315.28284
146.0647
-315.1911
-482.40427
-250.16496
-95.34734
75.095985
-344.6269
831.65735
480.15857
215.47711
172.88116
67.313896
-272.7237
-329.015
-565.5719
-354.3695
157.80759
-558.6933
-663.5979
287.99924
187.8506
190.56009
-278.5233
-146.17523
-217.82224
-393.05975
-92.36251
-43.146477
343.98428
-588.57477
366.9611
156.26695
116.917336
-188.57603
-323.69815
55.657753
173.24228
-647.87573
-479.4141
-95.23869
302.54895
-29.335384
305.0913
-187.39513
674.41284
-994.39667
8.635693
-109.711105
848.2922
-292.6493
442.91376
314.4416
-105.72453
-79.81967
409.51242
169.22884
109.66925
-579.28516
11.492527
-469.4298
107.86247
35.438606
404.47086
-81.29299
346.53165
485.9755
-106.81504
540.7698
-16.466331
-8.839125
-352.28653
121.78932
200.48352
-304.28723
-360.6801
-198.66573
-384.1096
-454.03677
-468.61417
-832.94855
311.11374
-576.5701
352.31787
103.42297
773.88446
476.90903
-173.31593
94.243095
503.51782
554.1064
-364.3596
-548.7898
178.43631
-359.40198
-636.9848
-215.62296
-200.2568
-223.83162
-177.14877
-398.32486
229.89769
-242.18279
-544.2009
606.0547
960.1549
189.16019
-540.55664
-102.39725
92.933586
88.31747
-93.26388
268.81625
677.6081
-447.1375
335.13156
356.52435
-134.90692
426.4404
811.71906
-137.88403
233.47116
-90.33134
-74.84015
-936.27246
539.1829
-252.76924
-75.738
430.9288
904.17596
43.779476
45.254646
302.78198
-15.936932
-345.70563
-452.75323
209.42264
143.05888
612.56573
142.79889
537.33136
243.48991
-291.84268
-105.00786
-482.69617
-171.2003
553.1831
-632.45306
-103.45161
-295.54538
305.25595
600.47266
-110.38084
-108.33819
38.01852
49.85654
-94.53814
434.50302
526.8102
-196.94061
266.1811
-600.28326
244.44405
-86.18041
732.0049
-109.05745
239.14577
228.57925
-269.10046
39.53579
307.93066
516.3246
-338.32086
554.1519
-300.1734
-153.09544
136.44916
137.8517
349.79526
271.23624
-383.76956
-653.8593
-310.99615
593.1666
-111.22432
-218.68585
-508.0074
-331.9313
292.73407
581.9004
20.537384
-325.38965
417.67374
941.6393
-248.36969
-1.4067543
346.60837
194.04724
-530.48645
220.75822
-164.8842
-514.79095
39.09688
-11.510262
884.1973
193.5251
-240.94627
597.367
-83.66443
-212.30441
345.20438
-150.2515
84.972496
-79.5207
219.66382
-72.811356
360.01477
-40.159092
-469.40564
252.22989
-115.83546
-35.217747
-195.83833
-381.36316
60.2287
-351.35306
-68.42602
227.32898
206.27026
-442.88632
628.1383
-203.11093
-272.20468
33.571007
78.74387
443.72943
722.47437
110.10516
-329.96005
155.94559
486.34076
-335.68402
-31.441206
453.35156
566.1248
107.6767
-414.55798
-452.46265
946.861
481.43057
-179.2719
-429.38965
274.3516
658.91144
-447.07852
841.7749
252.31917
-519.3407
137.15472
-29.213179
156.71149
41.532616
-421.05194
262.45636
-660.2367
298.60574
602.8401
141.00995
-11.789824
-539.5958
-625.23975
230.35313
282.21237
189.80362
-236.72324
-278.03104
489.80228
-1142.931
602.80804
603.9697
-70.96067
236.55772
326.9035
-32.36309
309.98373
54.68559
-143.3532
-247.63103
578.0979
161.71982
665.3083
-129.91595
51.150105
107.2953
339.57166
514.954
198.98714
-181.27225
540.3873
-109.57644
-696.6268
303.85257
-415.97113
6.2574425
-760.34393
823.72656
-143.56172
-215.30426
549.5734
-356.89752
-493.86163
263.89954
-242.66844
-293.63193
175.71484
369.82632
-198.71202
89.49496
14.2199
728.75543
-95.38699
-176.03386
336.24747
-571.4496
-54.116837
-202.57272
164.63876
119.86912
548.6413
-221.76576
-190.80867
112.2228
-40.097645
571.30414
855.4664
936.49097
-58.674454
-333.04614
-210.87434
333.15924
-308.5216
-35.795918
-181.48657
572.17255
-343.99762
-225.1618
8.463887
118.27641
-253.17781
266.5476
634.31586
-111.866646
204.24597
-444.5889
566.28784
-35.101818
128.68921
-248.26166
-283.80484
-176.07133
415.9551
-1156.4879
-25.951885
97.07199
