-774.054
419.82922
814.4309
236.01576
1406.6099
1088.2644
-911.64166
768.581
-169.43478
460.41977
-844.77057
-1171.8026
-1061.0099
-994.5986
-438.3209
-1728.7601
-1487.143
407.08606
-164.53767
2295.13
-458.50015
-806.59644
-374.18726
-196.43893
-1391.2842
0.77840304
-785.848
-392.98935
-1395.7485
-22.24191
681.9011
267.20132
1087.772
2047.5823
1754.1066
1215.157
-487.94125
-537.34045
-135.36815
-508.79254
-638.01886
-1105.4713
-634.7846
668.19916
831.2057
-428.84177
-147.78316
-948.9231
-1135.3263
686.4817
428.5934
38.560223
-257.73865
-1481.5449
1961.2736
-652.0267
2031.698
-278.5447
1013.0851
-489.9962
-213.74068
271.6892
411.58096
-1104.3276
18.134161
613.5228
-503.89133
371.71918
1556.126
222.33797
-1230.1613
-289.19156
375.6959
22.50402
563.4602
-1570.4171
-171.83626
-1155.8535
-310.8768
709.7352
-239.11424
-739.2675
-663.8379
-665.0314
-210.37497
2405.1848
-1350.9785
1020.8455
1286.4896
545.12085
-129.1897
200.64894
971.29016
514.94946
-744.84766
174.06853
1519.304
994.329
668.7011
438.40222
-1027.8464
635.149
-885.91034
-241.40549
-539.69403
53.91297
-23.721682
1144.9158
56.14564
-818.35455
-1160.6315
1300.579
81.39971
-566.36346
1121.9012
-73.01447
-337.17712
434.01663
-532.0281
-1812.4692
247.44092
536.9696
-136.0254
76.21864
-254.68378
628.9255
-750.14746
-950.6625
767.21735
-764.087
-353.77368
-63.92212
-319.58136
-570.49866
-292.1064
-1093.6434
-141.68109
855.944
523.1553
913.71344
-424.98508
223.97578
-1532.0947
-1475.55
-282.1991
782.406
16.429358
1478.307
-193.04431
-369.92514
795.8529
1292.9624
-357.5249
97.414116
417.692
-823.8919
-816.67236
-453.60843
-2556.5037
512.3119
684.97723
-1634.0697
152.51883
451.23608
1650.9105
938.39276
73.74485
158.27156
1230.2922
-1954.297
-37.70254
-800.79956
-243.97495
941.3714
657.1416
79.13118
-24.192226
507.3824
330.72437
-1220.22
-108.0567
875.0349
-304.95602
-1016.8019
-391.3721
-270.9499
1151.5597
145.35242
-1222.4918
166.80066
227.96346
-971.2565
1.710359
654.3052
-344.20932
-830.57556
1039.982
-207.42154
433.0467
652.6564
-433.1989
1933.1648
226.09886
1232.7454
-50.916702
454.65244
808.4784
-454.1564
-1425.1886
-397.3828
-174.61562
728.01117
-375.47028
-1982.2932
474.2181
2651.7898
-258.41074
1303.4963
6.0423565
-138.46211
-514.92596
261.5042
765.6177
-565.68225
-251.9693
289.1024
745.72986
135.64865
509.21487
-626.39734
-353.69745
909.94037
-163.1422
339.6617
798.8214
-1705.13
-2003.7545
1451.1802
-413.82123
-788.7402
-110.852554
516.5026
894.08704
-506.04202
1226.472
-41.33234
-167.12277
-1157.1732
-1719.7898
-1022.0696
-1043.128
1618.4911
41.087925
1223.2109
-532.8976
271.3035
942.08136
170.10283
-391.9642
416.13773
156.44139
-565.9124
456.89307
805.3227
-292.5367
-761.58386
-233.66277
90.28482
916.2188
-1743.9597
43.118107
-1326.8887
-558.46967
-1318.0249
294.98694
9.730396
-1030.3124
1216.3556
1099.3478
1190.7776
-144.07346
206.32642
607.75085
1017.9058
1188.5559
-1605.2303
-1501.4767
-602.56494
1555.9371
-377.9657
-356.54977
197.12135
-877.2012
156.98924
-948.07184
318.633
563.10535
-541.5401
-966.1272
-496.21204
-495.37155
-1271.4059
378.83383
-913.69543
-605.7071
-279.0751
477.60635
-29.286575
-1518.7202
197.1774
-320.06357
-1517.9758
-80.088745
440.83887
-1031.7009
1869.7352
-924.4772
-544.21375
-1039.4557
914.2698
74.316124
-82.22312
-1074.2462
-724.41876
-4.268966
762.42725
1402.7843
-784.582
545.18445
-43.373207
926.24084
324.8321
-654.38477
832.866
-1760.6344
840.6476
1235.9612
18.288864
832.9879
85.8745
160.22896
665.3271
-561.62256
-395.41385
-744.2893
-76.2323
-44.208515
2498.5012
-427.826
-76.66986
408.82767
296.3451
-1032.397
1034.7819
-48.297226
-895.52106
405.864
-351.19336
227.60059
526.98395
920.0631
605.0181
650.4252
-687.87
-553.3938
316.64633
-1015.9878
91.54933
166.19981
1216.0167
896.5436
-1011.5386
3.2577136
786.69574
-499.39795
-625.7449
524.3457
1115.1619
-312.50983
-1358.037
-438.6638
-367.4047
-813.5976
1268.8921
-875.2768
337.4783
278.74423
-1770.2789
1158.42
653.94904
-1335.4171
-1323.5247
-818.9533
384.8785
-126.3222
456.35977
298.35345
1129.5112
-791.63715
-27.46932
743.8347
-1320.908
784.9516
1544.0299
-687.6544
-458.4993
-443.58627
-277.1294
-2783.048
1595.7113
494.92035
-1002.7777
1600.7129
213.38678
940.1239
-776.0514
-609.1108
1211.0326
633.1626
-770.57336
539.48816
1172.6292
28.901367
-69.47448
206.8088
-499.85803
420.74548
3.386996
-1442.5349
-1547.0946
1545.9966
-13.053879
689.35
-650.9276
-661.7951
95.285446
-176.93214
-19.651396
-1797.8622
-282.05637
-551.34454
1296.7758
-46.575123
-590.1528
-908.16815
-1256.2814
-1908.0645
266.04227
639.2457
-1322.5813
-1379.466
1318.6494
516.15405
355.44485
1661.8198
360.19818
-12.339582
845.0077
-837.48303
-130.32883
-288.41232
-768.6284
375.1067
-70.50791
1500.2263
-141.44086
-2126.425
1546.3492
-408.41034
-107.84222
117.68561
425.1915
648.35095
436.9131
1529.3231
-811.127
799.45416
2291.0903
-1079.3306
-832.6354
576.1198
487.38065
-1378.611
242.67784
-361.05908
-765.73566
-700.4496
1345.7806
1884.775
1120.3071
291.96753
1464.3291
55.56728
-661.5926
657.90247
1086.3572
113.7616
-241.74838
555.972
162.48712
-85.69907
-550.4963
-471.95547
953.0119
-64.224846
2.9008563
142.93234
-577.6739
-1203.8954
1759.0549
-1067.8564
-1002.6485
-250.93854
-228.2529
1617.8463
529.4509
856.9279
-276.20847
705.2933
556.2532
491.33115
952.8968
-422.48212
-409.9964
586.6806
-661.1056
185.75075
1498.8472
1263.4749
1894.5533
-1449.1536
737.0489
2233.1426
466.3577
-504.24252
-596.78076
379.21118
690.33606
-868.0432
1808.9348
604.9549
-1225.1469
-17.503979
-1723.5204
1003.87506
1648.6538
-1261.3081
103.618614
-1237.9929
-415.06747
389.2663
-43.97181
111.934456
-924.85333
-759.5194
100.198975
293.70584
1012.6694
-941.65826
-1172.2115
1110.1642
-2211.4065
865.4346
1265.4453
-693.8112
360.23203
263.7055
-358.0822
910.1657
-175.0337
-137.18059
1046.9241
1362.8513
-424.20624
-346.34827
-116.00855
791.81445
-354.082
-680.71954
1066.115
9.618184
-433.5619
1647.2728
-131.65558
-1413.508
-777.1569
-1509.5948
-794.35394
-1689.85
434.08313
272.08408
359.70575
174.80246
-508.15186
-1259.1761
1301.6848
-689.1525
-1912.6636
-171.5411
-396.28073
1304.6704
573.6177
-168.61375
660.583
-653.9224
495.24466
190.052
-921.7418
-137.64024
321.30212
476.13068
-3.3861477
296.78433
696.28546
-334.7724
-623.3117
68.227036
235.70212
702.4651
792.0581
-638.2997
-565.62823
483.26736
704.0299
-821.1302
775.2327
-1096.8556
638.37103
761.0522
-1176.5878
-146.7402
-2297.0645
-604.80597
559.5317
917.22705
-1118.1337
75.82952
-893.32477
1493.381
-60.20067
-752.2979
482.92407
-907.71783
607.8095
1351.1959
-2830.9858
417.84637
565.01794
