-1047.6881
643.4158
1307.0106
228.6185
1343.5663
1117.1964
-764.67114
791.66187
166.65543
467.47845
-648.57446
-1434.8789
-779.8476
-835.8334
-84.5685
-1873.258
-1702.6547
426.23532
-585.0391
1885.341
-877.95667
-896.48
-319.88907
-490.472
-1094.0753
196.4532
-42.542873
-301.0069
-1881.9652
146.33452
741.419
147.23203
1398.4261
2363.8562
1460.2308
1164.9261
-655.5578
-312.64362
-306.47772
-218.22908
-207.45546
-1583.296
-347.0786
1588.464
638.3128
-530.5537
-246.94669
-708.8716
-1559.0763
741.73926
901.6194
-10.097778
-202.04825
-1141.5718
1880.7418
-846.4455
1773.4182
173.6904
771.9849
-243.77975
-450.20358
194.61435
-114.58235
-1488.5173
-310.80542
679.10486
-820.4647
70.6813
1888.4985
226.74153
-1268.1758
277.7447
282.71878
-297.01917
276.61682
-1053.1941
-114.98062
-1159.218
-749.2589
606.1243
-461.23218
-1001.1394
-650.6149
-232.78535
-656.65643
2437.9128
-1527.7546
884.7698
1739.3195
662.00397
-909.41394
41.055553
782.772
863.4552
-1168.4803
27.08913
1828.5243
471.47
619.9308
727.7504
-1011.58484
120.43502
-1033.3633
-176.42673
-632.205
38.61942
-345.74762
1386.435
-173.48141
-707.6502
-1216.3772
1539.1284
-306.42593
-265.3475
1122.9485
9.375074
-915.9586
274.61465
-655.3424
-1668.747
646.02734
294.78635
374.6749
256.5201
-387.22702
-127.04431
-693.15106
-1297.7213
441.0755
-576.91473
-791.0658
-289.67166
-751.5167
-524.1994
-290.46298
-1066.1791
-129.42133
1124.3018
161.7677
822.3668
-1172.8275
552.9647
-1660.9869
-1397.0701
-579.0711
407.1071
-202.21397
1383.0912
-894.04553
-630.37994
1197.7515
1492.8416
-663.6056
21.536892
499.52832
-1115.544
-973.39526
-1046.3285
-2573.242
293.31482
439.51834
-1860.7975
-181.82446
706.6549
1813.0718
1314.2834
190.88347
545.4723
1691.144
-1866.0676
270.23477
-1566.1332
-595.1342
1000.5962
930.80585
-136.21465
-277.32748
263.37982
832.22955
-922.3462
-164.93372
1007.05975
278.32413
-732.80725
-1133.4175
-773.0195
832.18
518.2243
-1181.4806
-200.59804
85.35596
-1025.0793
-137.97017
992.96625
-319.72678
-1050.6506
1402.6896
425.84845
394.18793
113.84493
-577.3288
1737.6212
500.10815
1121.4047
-286.16968
463.46683
1668.2235
-453.94763
-1315.6365
-187.74823
38.76749
833.43475
-589.94434
-2257.9019
-100.078384
2994.5874
361.01495
962.23474
-190.31894
-149.22264
-670.49536
489.65225
1302.1774
-153.53572
557.47217
789.3898
833.8274
250.12018
245.23131
-500.37006
154.63011
1011.1723
112.41546
-132.51033
830.8893
-1241.8949
-2244.342
1355.4133
-850.7626
-629.8638
275.65182
892.8617
656.5304
-837.4296
1155.7565
-98.40071
-207.37164
-1096.1659
-2053.502
-501.21042
-696.0385
1796.5707
409.95074
1833.9436
-812.613
314.07944
1014.8118
330.987
-501.04465
758.1164
922.2125
-1523.5409
122.11325
1151.1166
-278.7623
-387.67017
-142.70724
-219.83208
1300.4766
-1865.167
466.88406
-1228.8354
-631.03424
-1823.7935
810.2341
-153.52116
-1285.4983
1333.3177
1271.3514
1186.5297
-114.27989
134.9065
660.71094
1137.8395
1366.95
-1850.6946
-1650.0265
-991.9416
1731.9448
-291.6232
-297.00873
-114.00154
-1051.1758
15.6979885
-1050.2397
248.12096
571.9902
-670.5358
-1448.4811
-953.3046
-1299.7942
-1618.4915
40.59936
-1390.8309
-788.728
-263.3263
837.02966
658.899
-1448.1628
10.413782
-233.79628
-978.44745
-359.7061
924.5411
-1511.5305
2204.4202
-828.13354
-280.73743
-1313.3378
184.30194
55.96031
-391.88626
-634.72003
-489.18097
-170.22816
614.1594
960.7436
-762.68036
653.0579
364.90146
1054.5541
425.6151
-701.52057
969.3941
-1431.4052
975.50024
1486.7579
610.00446
499.62494
-105.80386
326.9982
1039.7095
-692.50574
-545.78625
-1091.2708
-608.3133
-405.24393
1594.1396
6.1014514
240.56326
447.4829
192.42581
-1149.5378
1424.4314
54.361168
-1136.0614
91.12347
-383.9824
555.34717
35.254784
474.44785
387.1501
478.01727
-698.98315
-218.91566
176.63437
-1161.6786
-26.671722
-355.21066
1602.1884
1091.0045
-182.3982
582.43994
998.3458
-979.7595
-892.2292
86.0276
431.27402
-62.814568
-910.2351
-739.8579
-336.7554
-928.54553
1464.4502
-857.7711
424.06995
912.8969
-1041.7927
641.66394
461.72574
-1387.0024
-1405.0096
-614.10333
-76.31261
-52.57556
294.09155
367.5343
1445.3318
-582.5331
-638.9576
277.97513
-1391.1099
636.9445
1766.8157
-158.40031
-287.96066
-106.242874
-643.26434
-2821.1934
1795.0544
458.628
-1114.9473
1017.94617
877.34985
1171.8842
-667.68024
-516.83026
1322.5082
698.1844
-1200.9202
491.17752
1168.1965
-367.55112
-71.84078
75.487404
-186.862
612.724
94.35308
-1510.4928
-1114.151
1439.7496
-56.74097
711.75525
-635.89484
-257.55527
508.97205
-597.40894
106.10558
-1670.1173
-527.1388
-775.57275
1249.0383
-454.5125
-461.78104
-1238.4661
-446.54904
-1776.3969
71.79015
625.0115
-1648.3938
-667.806
1260.3214
695.71185
278.98508
1054.2198
357.53952
-22.668488
1252.0408
-866.2075
-517.64996
197.93088
-1204.0277
486.7182
-584.9847
1304.7542
152.4325
-2390.7273
1321.8184
-574.8749
152.45265
296.5121
-205.71642
383.97458
744.0308
1169.4391
46.54388
1087.6567
2590.8733
-894.2932
-769.8216
594.042
33.261234
-1647.5803
139.43156
-600.1175
-415.45868
-747.10626
856.8435
1787.501
1630.4651
1014.6574
1147.6655
-509.3862
-809.0456
103.94781
1132.7609
182.17307
33.348137
131.43362
25.936567
27.708332
-53.18885
-169.72263
1026.7778
175.19745
285.66748
-279.08084
-337.70767
-957.16473
1588.6985
-1211.8324
-1085.9485
-189.14735
-299.12732
1398.5215
410.22076
1213.1183
-392.75903
670.9506
693.4072
363.5437
-191.18562
-429.47092
-432.03937
1432.5793
-840.7246
1010.706
1985.3505
1549.8597
1706.5872
-1600.1145
602.9888
2521.1223
208.49094
-386.7676
-620.7243
125.18666
568.95374
-1306.6318
1915.3433
1076.1553
-1196.2727
-392.25018
-1848.9662
587.98
1252.1146
-1533.2792
-234.55782
-1090.0704
32.78364
706.0442
40.912964
294.96863
-1141.5634
-707.0106
265.00473
85.51369
1285.4365
-8.352273
-1510.1334
1299.923
-1981.7803
890.52057
1474.0217
-815.2436
600.02893
378.95447
278.05365
791.121
-298.206
81.41455
357.3214
1649.0135
-285.07944
-1119.8569
-257.5482
799.1183
-382.38028
-609.93524
1652.7959
-204.86089
-1040.4573
1875.024
-482.38327
-1615.2644
-587.5637
-1566.4911
-406.1019
-1677.7225
240.02655
429.35666
36.604046
-54.1099
-425.13962
-846.20264
1067.48
-1013.6261
-1196.6578
334.71396
-368.30347
865.64825
107.04037
-299.6764
490.85416
-610.72656
419.16684
328.07614
-693.8364
-70.01571
546.97754
499.54977
-122.22478
47.30123
181.94026
-259.06216
-178.41566
-1.1325526
348.56824
801.66077
817.4718
-821.8635
-344.5127
719.46924
594.77747
-1170.7524
907.0594
-1093.8903
1062.2866
990.21063
-1686.9602
-325.87582
-2293.8005
-787.60486
290.72632
431.3977
-807.4094
-26.396215
-1226.8088
924.4682
-350.4034
-654.85077
84.17744
-1841.0306
459.39246
898.135
-2783.2185
255.95152
686.6184
