-448.14066
214.45468
258.96393
519.71423
349.63162
-229.24974
71.312584
-22.176727
436.94986
457.4464
95.59053
-858.0632
-361.84164
66.94824
-70.76492
-514.0551
-48.39523
308.27615
-8.383247
70.55065
591.03546
-241.50177
-234.14975
250.717
-423.32455
-121.84158
311.05014
-113.69186
156.40997
-77.50948
-2.3081841
-242.26178
-427.14822
469.1215
616.04877
403.8134
380.68463
120.35872
-552.7398
-618.25476
-734.93866
-27.23095
556.5344
-141.34503
493.32498
40.274868
441.55313
65.48869
-346.32352
180.74582
-638.8395
-107.87954
-204.66606
-6.5595717
13.99297
234.84073
895.15094
41.270947
-99.82
124.377815
-453.99973
-21.631863
715.6178
-325.23486
262.27438
275.44617
459.55362
396.39493
300.69238
72.54818
-269.28278
281.30814
-61.031845
-4.7242823
-49.968204
-200.68814
-354.0868
-290.23712
385.46545
189.49547
-726.98883
44.14939
250.96468
-142.40799
-651.98615
212.67744
95.00117
282.53436
360.20377
269.64093
397.62335
123.343376
1221.3275
-891.5477
-468.4596
482.26248
11.66701
127.15745
387.9222
-263.51642
-269.55844
1.50857
251.63565
-262.95706
-826.3748
13.663286
512.40015
247.66216
-535.88727
319.19055
-542.8813
-142.27441
653.4878
-391.54065
-115.90627
-146.68845
-137.69514
347.08923
-43.358147
-254.51384
1232.2205
272.16492
-105.3606
-689.2639
-484.57416
-40.922226
-503.36096
-410.77765
515.475
-199.84854
154.98264
323.86343
-758.18506
71.38808
-504.69247
188.56143
212.15149
-434.8891
-117.712746
-416.0348
-110.24105
182.7717
-515.0686
-282.08237
169.19075
-128.08214
531.1474
8.050499
-3.1952796
-210.7697
-164.1964
69.822716
91.5651
-281.99374
-460.34814
148.27313
-376.03915
-171.74023
-679.4674
-39.650173
-65.170074
-326.247
184.51323
371.73172
-128.91182
-165.10329
-323.44662
-257.0075
185.82405
-398.01892
-132.09
381.38757
117.675804
711.0455
-373.99063
196.41457
166.38667
452.16415
305.45218
-350.26868
-343.8993
176.65105
-279.70926
-239.08488
-412.26895
-40.12183
668.4346
-146.28394
296.0972
708.27094
-21.41249
120.391205
-426.51596
604.824
583.8657
-771.73755
-233.07996
216.1018
-470.63324
-111.238594
-176.21696
-67.14071
694.2838
-41.991383
154.6299
429.91254
-283.41388
99.2739
-667.1995
-621.5371
732.5011
-181.94223
-666.88153
11.86771
127.832924
447.0015
-431.1382
587.8288
-397.53476
-516.0787
121.09732
177.65817
219.4488
-1052.0525
-112.45628
200.45367
-282.6876
451.99927
125.14561
-520.07935
288.71445
448.80414
-67.345856
150.1462
479.296
-426.86176
56.50492
291.63934
-66.713036
-196.90993
-167.3308
-13.108442
-166.50864
-598.4199
599.31476
-104.7324
-152.43283
155.07031
-533.10315
-81.815125
-799.2217
537.15607
224.97394
487.39865
354.75916
83.06796
119.42966
61.836117
-304.35043
27.591202
211.36763
-349.9031
-17.970894
458.4483
67.29134
-500.2892
-261.16016
-428.15094
169.80113
-19.789255
52.894585
-420.9775
427.68835
101.92874
11.004418
-390.33142
-0.95504975
-143.49702
457.367
-104.34981
62.297848
-305.86487
-183.56863
-24.378777
217.22575
143.44682
-281.44907
-603.4445
-174.8305
-110.662994
33.74335
-254.64305
640.4463
683.702
38.341576
185.5432
25.153896
-225.31433
-255.21107
-450.5113
-206.4117
300.44916
-635.0123
-838.1528
165.6224
126.44006
296.89685
-266.06494
-259.6678
-282.74063
-304.66922
18.366674
17.822926
283.74667
-544.5239
414.04376
-45.037296
239.08948
-71.123405
-203.3467
-18.189556
245.86757
-751.45703
-532.1708
-182.96098
177.01807
-185.9049
362.57785
-199.59981
588.7482
-1208.2922
181.25435
-14.211685
768.4071
-149.47063
309.10855
-2.227539
65.05279
-177.08981
492.5821
97.920815
147.95
-491.59058
12.259265
-523.91327
68.95755
262.08646
176.81113
-79.53528
147.1015
708.0726
-115.68658
287.76273
-213.91032
34.509068
-459.8459
111.94573
248.50363
-414.38095
-341.5782
-438.84885
-418.82977
-343.48273
-321.7817
-581.8108
171.4425
-681.74915
452.05655
78.216606
693.3071
383.09665
-33.888344
140.36874
368.32254
564.9356
-270.29007
-618.6407
135.71707
-400.94238
-616.7353
-28.662737
-115.88988
-318.22598
-212.84023
-491.71857
425.38492
-273.86826
-408.24948
659.47455
739.5027
260.0799
-417.00684
-168.93538
123.288414
-1.2338285
-212.5109
197.93239
774.3649
-426.38004
295.02042
262.0668
35.49311
427.85303
713.7437
32.792545
125.3874
-77.649925
-306.70602
-626.279
197.9993
86.25072
301.6396
256.492
1027.3794
-244.11435
-99.67539
392.74567
-49.4778
-140.39587
-458.71613
142.12267
-28.399517
334.90298
174.3959
359.14465
111.89073
-236.95784
237.1417
-407.60788
-318.0823
599.0618
-561.7653
-51.150482
-298.72345
-46.165142
428.52853
-98.59122
-167.03015
-30.622398
64.10985
33.503464
469.97202
526.5059
-263.35974
69.05019
-462.20065
162.51967
28.13272
673.2732
-224.74585
229.0829
-36.215656
-339.13382
247.49577
164.74908
531.97864
-371.2741
628.1324
-175.05383
-270.7892
-28.946772
-2.738816
527.01874
229.72928
-503.7361
-567.8242
-92.566414
896.943
-142.10527
-459.8836
-603.3544
-172.7796
57.480877
366.0831
-137.43497
-503.82822
470.22162
860.36523
-158.88503
-76.6188
361.1735
145.91327
-484.3169
159.97339
-156.00378
-254.97491
-143.50336
-222.38974
662.4051
162.21373
-407.24463
391.4485
-98.72224
-262.93304
542.1526
2.9369495
-121.21365
-134.14674
264.51245
-353.6789
52.606968
-64.724045
-391.38712
33.671894
-164.11028
65.35401
-178.40012
-553.8808
274.6933
1.9019997
26.00741
217.13704
175.07083
-408.85147
504.95676
-169.39044
-339.15457
134.62009
80.91378
297.66748
818.11444
-130.72983
-367.46823
-28.798122
369.802
-477.13376
33.673912
335.0092
430.05472
178.77855
-257.8275
-466.23972
838.3044
473.53165
-286.9717
-300.19296
243.4849
696.31177
-264.60736
860.5087
234.87952
-414.2186
321.4594
121.54634
66.25589
163.01268
-602.1623
274.04434
-394.6346
122.77789
481.4445
-176.02953
2.3358405
-450.26227
-490.7869
89.20954
200.32358
309.67352
105.10334
-246.71584
283.15833
-988.1996
359.6754
611.57135
-27.341251
4.494796
477.63715
127.88792
212.03883
180.78563
-10.245703
-328.35428
406.405
87.856705
581.5918
-131.66316
-18.653904
-220.53914
338.33252
308.6243
255.3123
-112.79289
519.5926
-148.78995
-579.53204
467.9986
-557.6959
43.568035
-552.34955
610.6361
74.22681
-33.993374
571.44275
-486.63492
-501.26947
442.1447
-221.62979
73.732635
98.24903
430.92712
-339.1648
129.10933
-108.37552
686.95294
89.54653
17.048248
60.751926
-522.29816
-38.77752
-91.29062
183.54628
206.15915
493.21222
-302.10803
-10.828054
95.188934
9.723851
366.6842
666.5307
685.72485
-109.16932
-204.18523
-284.40308
445.86807
-199.77484
-55.705162
-248.63521
220.79086
-392.01227
-240.23822
79.91727
109.19836
-317.9815
111.04042
473.49112
24.928331
50.37781
-587.182
269.78925
41.62922
37.842922
-174.8224
-380.05753
-59.3609
592.3307
-984.33777
-168.42575
12.091458
