30.129215
758.9412
9.222304
674.2994
996.03955
1247.4855
-765.13477
665.0161
-235.92088
-204.66011
-559.53546
-1768.1134
-697.9109
-654.0646
-341.06183
-1084.7823
-931.108
457.04242
30.80168
1270.2509
-407.97076
-1363.9604
-625.64905
-296.58923
-540.62427
-89.311035
-1023.2889
169.79535
-722.504
715.29443
615.5653
-345.4796
451.8664
1512.6312
1246.9221
1049.0258
-324.34192
-673.0243
-60.876366
-131.16682
-934.66974
-370.07397
-628.0801
727.8717
385.10858
-596.3616
-153.36269
-1136.4443
-937.89453
422.99313
139.44002
27.634497
192.99677
-1428.7855
716.6343
210.65706
2160.698
-277.06198
685.5999
-24.94862
-217.66129
-391.47128
562.3953
-461.3333
-250.86636
307.53046
-345.73065
168.4423
1881.15
-151.24396
-666.57025
196.86037
-134.87172
-187.5349
388.21286
-1721.7174
-447.21362
-1485.9335
52.032715
610.9205
82.44209
-706.761
-1001.7332
-1164.1829
-588.8716
2099.219
-1235.7156
1063.5636
1340.0648
687.2698
-728.3865
191.06216
851.14636
222.92043
-335.37885
82.61352
1334.1338
1252.6681
1062.0842
-2.907859
-1255.6927
535.8858
-773.0221
-532.5229
-783.14355
65.837814
48.38239
1038.7317
-323.51636
-636.79034
-1111.6338
962.9567
-14.969359
-309.3386
1358.7236
-113.9702
-562.79816
821.2358
-176.45045
-1693.5077
316.31204
804.1485
473.47647
-75.42197
313.70728
846.447
-860.4341
-531.9065
888.70685
-568.4257
99.39847
-64.953674
-664.5437
-1030.6044
20.70663
-844.39813
-608.72644
492.05704
231.81812
767.34625
-293.4179
421.53586
-1993.2245
-1413.6667
-562.8451
1129.564
-14.123558
1477.2422
-2.984779
-561.82166
726.64575
1236.7432
-131.92938
-126.20874
-161.27942
-190.3707
-216.60051
-150.22586
-2195.2944
716.2071
640.3811
-1355.1703
-84.34639
-131.27138
1719.1206
769.131
-276.66782
-159.48906
685.9692
-1167.6075
-520.5533
-272.32352
-143.25534
653.5487
460.3981
482.975
-211.81139
604.77325
390.24982
-734.3484
187.60777
687.7489
262.32434
-256.8925
-148.8466
-435.948
990.3459
-586.83057
-1106.2043
273.70093
178.7137
-634.0639
228.17656
631.6323
592.3538
-695.8262
1016.0832
-290.3323
628.21967
-5.8373857
-230.18571
1135.344
57.382736
879.7579
4.354118
609.4349
409.21582
-1029.3564
-1693.3562
-891.0945
-417.4927
-141.93259
-996.5291
-1711.2034
639.5812
1726.9617
-527.31464
1541.8727
-267.26144
-609.29047
-7.400116
258.21982
256.72934
-631.215
-481.1688
829.4644
648.0727
451.3797
1219.79
-456.84583
-344.0919
1030.8278
33.303192
463.87418
702.49854
-1324.0878
-1574.3181
1042.5995
-839.29346
-162.00311
343.5619
1051.1045
652.70905
-212.82881
1394.3013
-147.7361
-407.61624
-801.5897
-1760.7941
-993.6499
-1220.9231
1450.5963
418.40958
1055.284
-141.69756
587.94385
1034.2748
58.46825
-916.83997
991.59125
212.9082
-410.36426
805.2295
781.5451
-352.521
-756.7564
56.59859
-30.542141
514.6081
-1418.8589
613.7965
-1426.2568
-168.05997
-1381.7747
410.4807
158.45364
-895.75024
905.413
1434.6697
1075.4442
176.45084
150.19218
499.99545
872.6439
1671.2161
-1134.3016
-1527.6743
-1281.4232
1260.6758
-140.51689
154.22258
-248.34648
-227.71964
799.69336
-766.2102
77.52431
-294.49466
-355.7191
-731.53705
-664.4853
-743.0212
-801.9679
-57.08638
-708.19946
-581.9774
-17.728338
427.74777
-488.23376
-1302.8413
-69.40614
-511.62466
-1675.9236
-403.96976
335.21533
-627.908
731.64355
-1192.0967
-848.06555
-1263.0553
445.03586
-689.4079
144.47021
-395.54163
-182.36842
-209.60338
466.13098
888.2259
-649.60144
420.34784
-384.13608
-66.165535
83.65864
-568.7985
492.8842
-1034.4558
924.1183
963.4174
-296.2357
233.63858
582.6693
496.1845
650.8928
-500.81415
-767.10645
-317.27942
767.4309
107.73919
2188.4805
506.6226
653.2513
-186.97852
435.97525
-342.41812
326.7263
338.56155
-709.7185
257.32236
-4.8446693
-305.00153
8.444542
983.94305
203.83607
-23.575138
-802.63904
-501.24844
240.31664
-790.7953
485.1056
-240.76219
1586.6632
265.70547
-1206.0667
-179.3698
230.67569
175.6513
-632.82947
374.70422
1566.8438
167.71109
-1251.8455
-12.43068
-308.6214
-603.84076
1072.0044
-709.72473
503.7964
-421.0209
-1113.9528
610.22705
303.22272
-1083.1475
-1378.2885
-875.8545
433.52438
11.464903
557.26715
522.88776
700.99524
-855.84656
-126.66313
734.81934
-1306.0106
747.6137
1442.6241
-819.77167
-61.62574
-1201.8384
-257.6718
-2766.8484
1117.5651
799.9878
-708.05145
1371.2993
14.396301
408.16803
-269.97073
-622.0587
724.7495
715.7036
-795.8977
374.71274
1244.5768
770.51904
-24.54487
360.94257
-252.28218
663.7889
-360.39078
-950.4715
-1165.471
857.46686
-351.77292
381.00632
-490.49518
-360.06598
518.0769
-290.54865
-2.5517929
-1029.1366
221.91237
-515.7876
1346.0323
167.87767
-56.336105
-397.75302
-948.6742
-1273.313
264.61243
924.66705
-572.46124
-877.5367
1151.5642
625.785
677.7095
1752.3822
-204.26224
182.4507
784.159
-581.343
44.82997
-215.17545
-339.14194
203.61293
665.60626
1002.77246
-57.876987
-1760.0211
1007.7602
-307.12448
177.01813
-429.3917
882.68866
385.6371
31.539669
1554.2535
-523.6338
742.8177
1744.0966
-1131.5842
-1294.1865
140.54048
780.7422
-976.58765
129.80618
44.425205
-768.9341
-971.4923
1568.5735
2005.053
1229.9236
-211.63545
1351.0281
64.891624
-6.046236
597.04865
1034.904
85.63425
-595.0211
134.40349
11.269518
-97.53041
-791.9976
-838.67694
452.11588
-863.07904
303.6231
-148.91527
-191.247
-1219.9224
1655.3534
-876.4662
-974.8215
-551.936
-948.55145
994.59015
-34.806324
367.59924
-240.78206
399.77002
438.31528
859.5327
704.3206
-875.5134
-244.33557
129.14595
-616.77924
485.43268
1440.942
1745.7649
1303.0795
-1134.355
436.20023
1924.754
336.625
179.85406
-577.2886
443.2412
673.59326
-722.44995
1890.5347
352.4291
-974.98706
168.22333
-1551.0262
1018.7691
1548.1244
-616.1037
121.087944
-971.2148
-31.784739
688.9993
128.89067
569.27637
-128.17938
-1074.8446
-8.54092
45.170933
692.0431
-1105.5197
-340.55627
1153.0609
-1967.7238
742.2924
1280.5612
-371.713
462.30554
341.2634
-567.57355
610.1126
-147.99147
-103.26012
1240.7303
1126.9143
-31.659779
196.65471
-527.586
431.44437
-568.5218
-11.826498
1191.9528
377.39816
120.98279
1599.105
95.27217
-1406.0133
-705.9111
-1361.306
-645.75415
-1620.9435
475.36594
382.08002
405.66876
-4.2872157
-378.1144
-716.1434
1331.2968
-768.7903
-1662.4994
-515.65607
236.74545
553.9471
252.25896
-628.98474
1160.4872
-554.0998
382.29428
167.88274
-900.4212
-153.34773
-275.79126
1114.286
378.3538
1082.1001
456.77914
-231.18271
-521.48615
-206.89594
541.9328
721.5039
755.54285
-557.00555
-380.98547
471.51068
260.72876
-688.23627
1207.1426
-752.28644
412.37784
233.921
-1374.3757
-529.2972
-1887.644
-657.4811
692.5092
683.27594
-971.19434
245.97775
-572.5307
1473.534
611.15967
-691.99976
150.58354
-974.8217
-215.92877
580.1629
-2272.8457
408.61877
-192.97563
