376.5409
1186.2632
127.85235
761.88354
1149.8007
974.8266
-438.93167
587.19354
194.66914
-67.947945
-140.19711
-1682.2625
-439.02643
-875.15875
-333.3585
-1065.0479
-84.769806
794.31573
95.06147
1549.7635
-162.39967
-1604.3309
-196.08134
42.87216
-356.5035
-477.55685
-589.2827
531.45325
-372.75552
620.81836
31.472202
-381.434
141.76036
1699.6273
619.41174
534.28406
132.76343
-342.7816
26.826015
-196.22198
-708.68787
-691.75433
-521.8013
945.867
238.40991
-274.12305
83.179375
-795.4111
-977.58887
457.51273
-53.093605
548.0884
31.79134
-561.5267
1194.1582
324.7623
1929.5739
-668.6508
207.51247
100.62327
-61.26798
102.782
554.45215
-361.95724
-331.0278
212.43164
-547.9677
283.4574
1767.6047
-402.6515
-651.3439
740.3948
119.48554
-331.6743
127.06163
-1721.1688
-562.17737
-1367.4706
9.734011
415.03888
-98.95338
-521.8936
-752.95734
-1036.6376
-271.49084
1593.1748
-942.6676
905.5818
1240.4775
709.4352
-787.29395
460.86642
847.41223
-255.17307
178.62982
-410.14926
937.62177
1296.4896
739.14734
204.68448
-757.1586
-513.0009
-1216.4092
-699.085
-1485.0403
-269.71844
218.98392
901.33496
-31.81954
-977.0254
-757.05133
442.82498
339.10974
94.65557
1290.38
-7.588156
-265.23657
634.3142
-3.9386404
-1409.7004
547.8648
326.1737
150.82256
55.455254
315.56204
721.7323
-486.19983
-582.8571
1018.6668
-175.76646
-193.64484
83.18601
-445.20706
-981.12604
-276.45712
-195.24675
-516.48846
383.1594
382.41602
79.64256
-608.4589
213.73308
-1744.3458
-1221.2996
-832.4907
1247.203
386.09357
1381.2379
63.109024
-468.81952
518.0299
863.3781
179.1037
-424.3585
430.2001
-106.4086
-543.74207
-175.9431
-2238.4983
471.2269
763.82544
-1287.8657
-122.06232
-372.93182
1745.078
569.88916
-791.119
-130.38419
484.0298
-1306.4885
-726.4095
123.79131
-181.51666
560.5656
396.41473
423.79694
-170.60814
691.8179
503.11108
-856.9892
84.5314
473.34802
196.17122
-438.23914
-248.0336
-616.0502
1147.8429
-312.16034
-1379.17
879.85944
-162.34888
-1141.3839
411.16885
1384.6113
585.9923
-661.1337
869.98364
-467.57867
544.08264
-165.66144
-270.89288
999.877
155.80896
786.96924
-387.46832
302.9212
164.73166
-657.40936
-1711.037
-889.5898
84.400375
-542.02435
-1016.4775
-1147.4196
999.1793
1964.3898
-506.20645
1522.5111
-272.28232
-335.00082
-74.8436
108.56629
127.39773
-777.7141
-523.1029
1081.287
-157.87822
516.2749
1176.8158
-139.75055
-515.04285
1049.2511
15.429911
296.67093
619.4667
-982.13684
-1084.0608
1024.5157
-1024.7151
-244.11644
305.15378
443.9548
992.5631
-337.1269
1101.5938
74.73571
-534.61694
-512.66156
-1161.5995
-225.65616
-969.31384
1302.7979
790.30945
1471.4753
171.64848
317.43332
830.0935
-209.59697
-769.26654
842.6226
334.42206
-487.88974
320.44385
452.7246
-583.97943
-696.8842
-394.37253
-55.58098
-351.4476
-981.1726
-72.62966
-870.61206
236.95956
-1214.9038
384.3494
-435.48468
-430.078
798.83014
1245.5852
872.69086
50.068455
72.39773
582.07574
943.80084
1675.3317
-410.73636
-1269.2832
-883.08905
835.098
128.27919
716.5387
-134.006
-231.20047
714.3548
-664.148
-293.61475
95.92838
-883.97327
108.54153
-673.48444
-471.9437
-355.55508
-42.941082
-810.7068
-687.35895
-479.99216
432.806
-667.4911
-997.43884
-107.6717
-864.1255
-1116.1144
-454.3981
97.13294
-980.5759
681.8676
-938.47235
-872.40625
-678.0074
372.97705
-822.5399
-37.921627
-584.58966
-236.30516
-83.32265
901.4872
803.00903
-1049.0657
224.37514
-206.32402
-318.47452
83.850876
-55.139057
489.47562
-978.1346
720.0204
1008.826
-510.62732
612.1409
914.1684
102.62164
123.00436
-1005.04285
64.20716
-473.60577
1013.9827
260.5337
1552.8716
443.4729
1081.4366
-328.83047
685.04913
257.35425
146.18468
274.95145
-726.9295
409.77402
55.99909
-503.15155
-203.89099
710.0498
-20.977905
97.771706
-843.5518
-821.8646
499.118
-664.64325
-241.08612
88.439644
1632.3414
331.59372
-942.5794
-148.84877
224.68896
706.859
-620.7392
954.9511
1200.2158
236.56448
-1064.8917
268.83618
-578.544
-685.6576
284.63733
-915.7984
210.69586
-295.1049
-1042.9954
649.8982
591.2728
-427.99234
-728.9472
-745.2933
425.7914
315.72495
176.6969
172.56845
592.5106
-817.32184
306.68738
1010.0865
-1312.5392
343.7763
1092.2744
-308.0953
-330.23267
-494.07742
-345.97113
-2634.5234
969.5358
992.6011
-133.79958
1054.9111
458.32352
511.34335
-1099.0385
-534.854
203.20927
295.13504
-776.7377
509.96176
741.68884
689.7794
250.83008
923.23883
123.24902
262.48694
-160.52443
-991.25256
-598.4835
952.38794
-655.4443
161.16435
-420.57794
47.403984
559.9631
-490.3425
-159.19038
-867.7475
421.62585
-586.37134
896.5049
287.37115
-127.4166
16.030277
-450.09946
-1345.3236
-14.0279045
399.84344
-447.58835
-731.1044
1060.523
210.15128
239.47461
887.95496
230.67886
-479.93634
520.8949
-116.068535
180.31007
255.76756
-107.129036
377.0201
316.33167
817.4292
185.80731
-1994.8203
753.7225
-323.5335
281.11255
-388.2358
104.62407
291.3353
124.655716
1112.7394
-898.16345
351.28088
1368.3243
-1037.6013
-1000.85803
691.2329
818.14514
-1138.2863
-264.36356
-167.94144
-1128.1641
-727.1876
1207.1067
2145.7344
713.21857
-159.41634
1164.5961
290.69803
445.27417
449.82306
594.3178
387.31738
-476.19278
212.41335
371.75546
178.78847
-1020.93445
-1031.0298
299.54318
-505.58002
204.12453
258.947
-60.23221
-1254.0837
1019.00305
-475.26846
-772.4479
-41.014614
-1018.1209
889.95325
-525.54584
708.0108
-293.64487
1054.5564
318.93686
722.3105
177.33005
-1001.70703
-201.18846
118.3298
-811.8643
-39.922768
1069.3966
1535.5686
966.1466
-1079.0917
532.614
1896.5858
631.12726
487.15088
-214.22934
626.8531
523.91394
-491.93314
1143.5171
8.249021
-789.4716
226.12604
-986.7127
642.6426
1315.2875
-486.08658
-358.92316
-1092.8224
395.3585
533.58246
265.1459
100.662384
-223.43091
-1081.7413
-617.7511
419.98398
554.0159
-646.2698
-302.3547
1154.6678
-1318.1812
914.28455
1040.2346
-617.1702
589.8444
415.10767
-1056.6229
548.8919
-203.98196
-244.04633
1435.9681
631.6982
457.52634
131.12158
-229.57336
721.24994
-423.95694
-438.751
885.8526
191.60526
-217.93646
1260.6012
-234.92049
-1594.1678
-597.00446
-1489.5219
-746.02844
-2032.0181
470.05737
542.4859
253.78271
19.873266
-223.90288
-743.15015
1064.489
-814.64075
-1811.3085
-122.724304
116.13917
134.5348
-166.78363
-997.0132
854.5923
-722.6162
171.51761
828.77277
-776.70856
-246.4937
-499.6458
925.7565
334.33762
966.0542
56.797287
-170.35988
-35.09566
9.88476
617.96484
889.53436
1138.2144
-164.79123
-361.58984
370.2943
-1.1437511
-1246.0526
1025.6863
-676.27606
520.6495
-62.784954
-1171.992
-1125.5667
-1448.5548
-201.8447
559.3769
837.99384
-876.29846
-91.63553
-677.7942
1055.694
215.2785
-621.96423
225.60933
-892.9413
562.7064
627.68176
-1806.9247
527.72156
-60.2175
