-1085.0968
612.50916
1272.57
49.65145
1155.7819
1231.8693
-838.5903
645.4521
155.87393
487.22763
-762.9514
-1498.0487
-894.15344
-796.40454
-15.511217
-1841.3252
-1645.1057
396.59576
-757.9837
1672.3499
-792.4228
-957.8256
-275.94604
-489.97955
-1048.709
77.66875
-121.19495
-309.78
-1842.6747
222.00745
742.9467
178.85945
1466.6628
2179.0828
1515.4133
1170.8953
-382.90475
-474.15903
-299.8716
-157.54329
-107.99151
-1555.8282
-359.74377
1615.8696
643.01764
-517.085
-179.48303
-778.8944
-1358.815
657.67676
852.2683
-72.559204
-11.082837
-1131.2499
1926.4646
-935.3342
1890.5103
73.69491
679.76685
-452.34238
-522.8537
321.32455
-48.927032
-1470.0465
-119.386314
661.3705
-663.29956
138.82094
1866.3597
208.29735
-1227.9929
242.83453
336.9219
-290.32034
143.13287
-1234.8135
9.654251
-982.9952
-721.92377
426.572
-439.7627
-988.4596
-566.4754
-145.56917
-685.7454
2432.767
-1483.6617
829.41205
1726.6719
569.1865
-1145.3676
-85.69784
665.8614
901.67957
-993.7858
112.071335
1842.6411
524.76624
633.7813
691.86957
-946.9134
180.43703
-1127.7543
-195.73868
-571.6343
76.34099
-397.80286
1400.9113
-34.20704
-689.7776
-1309.3928
1556.1622
-278.74533
-395.78503
1076.9877
58.331024
-892.507
148.02997
-603.8373
-1576.3833
788.27875
206.78296
299.38666
227.11293
-564.34436
-68.848145
-659.2708
-1135.507
584.9624
-627.4371
-765.37897
-80.36092
-787.68756
-676.5886
-240.43228
-1066.2239
-193.04416
1154.5248
258.77606
940.40027
-1122.2395
595.06793
-1690.4485
-1348.0728
-621.6094
404.58408
-104.4967
1399.8608
-853.35895
-631.1089
1266.6398
1531.2069
-848.67004
147.36467
515.93976
-1137.7076
-922.0126
-933.90344
-2552.8293
183.02097
396.9535
-1722.0635
-217.41273
755.31635
1770.364
1108.0548
186.74794
462.7253
1537.7031
-1883.0004
199.92192
-1381.5037
-593.08673
1184.3832
973.9281
-92.35424
-320.37305
316.06232
817.39813
-1079.075
-293.8667
748.35657
224.26517
-717.5544
-1070.2196
-797.4036
848.60223
563.2752
-1214.5276
-46.377495
150.29857
-992.7509
-12.3562355
954.5098
-452.38327
-852.8678
1466.8759
356.90485
492.8774
102.13779
-526.84625
1689.4158
559.04504
1162.2299
-315.61
524.2101
1473.5037
-345.761
-1295.9314
-361.4282
90.15505
963.8533
-445.06906
-2218.9404
-50.095
2924.4458
227.17046
953.5172
-251.25151
-156.37627
-514.0685
478.44827
1275.6654
-155.34108
470.6344
847.3544
939.4329
417.25528
236.67178
-513.1113
89.61537
942.6016
-73.69812
45.84117
931.8461
-1171.5768
-2488.4458
1335.8508
-875.56964
-844.3498
244.58122
909.9098
721.08887
-751.5127
1164.5024
-223.83847
-324.07507
-1204.2646
-2093.9006
-547.7515
-714.1697
1919.6931
198.78255
1707.5474
-825.71545
249.14417
970.86176
201.2957
-377.0248
844.18604
922.5673
-1511.1962
61.590588
1039.2811
-176.70467
-427.52042
-200.76299
-95.53832
1203.2462
-1897.7457
510.44214
-1003.87225
-568.1599
-1795.1606
825.7745
-82.092865
-1252.3696
1337.9019
1230.2762
1198.0608
-10.568638
60.492252
681.7969
1071.7885
1185.31
-1692.3677
-1690.0634
-1024.6091
1505.4586
-356.8699
-392.4335
-182.06349
-999.7287
69.2438
-1229.7014
203.74622
560.54724
-729.56445
-1539.4387
-1040.5098
-1381.109
-1653.7689
59.076103
-1355.1154
-883.5524
-174.02312
693.86273
493.23474
-1431.063
-114.79845
-360.62485
-1056.7991
-368.09055
896.6493
-1387.0177
2152.302
-751.31213
-421.14532
-1197.3048
518.76306
-63.985523
-267.09708
-762.58453
-525.89343
-202.19107
598.2485
1024.827
-778.99976
592.82465
360.11633
1097.1207
329.7677
-638.35034
796.2655
-1429.5927
1128.4584
1301.8785
678.8721
631.0032
-77.15125
223.92299
1065.1534
-662.87396
-502.64
-1189.0989
-592.8345
-406.4709
1690.8821
-74.18624
305.59503
389.10416
201.51305
-1193.6896
1422.1472
95.68707
-1046.3811
157.90842
-409.58517
413.10907
137.7813
513.2916
475.83865
422.24966
-599.6427
-441.78583
101.16812
-1243.0288
-33.55141
-493.84714
1514.1405
1203.4896
-330.7735
443.1959
1144.0417
-887.0872
-824.94006
125.55998
494.05368
-72.985
-948.4702
-718.1146
-366.38095
-1058.2181
1326.915
-860.6478
515.3382
843.99286
-1192.3145
846.95764
555.98425
-1339.0554
-1318.5377
-686.65204
62.265713
-191.72264
292.39273
240.04698
1398.951
-477.1601
-427.2916
181.28888
-1658.0605
659.5152
1618.1208
-290.3091
-259.62128
-176.35129
-716.013
-2742.6216
1786.0498
462.45944
-1213.6693
1032.0494
882.37866
1124.0098
-537.48596
-465.7031
1408.0685
754.82666
-1279.8354
496.16693
1246.6216
-358.81653
-44.01374
149.82591
-157.87984
805.6947
31.496618
-1485.0404
-1138.8633
1507.2952
-47.034836
627.6666
-476.00122
-182.1167
484.54944
-618.86084
84.06217
-1646.6897
-548.6036
-812.8798
1156.1158
-283.72437
-505.13443
-1285.775
-508.68927
-1722.6215
205.44048
603.0322
-1621.4376
-754.08057
1187.9966
571.14825
213.2938
1245.0673
329.70898
24.236227
1146.4492
-984.0561
-336.24988
88.17304
-1118.6681
559.52826
-590.93677
1264.4971
237.94554
-2262.352
1465.5675
-640.65076
121.56746
281.59317
-112.53444
425.09512
825.52185
1116.875
23.724743
1193.3892
2662.3833
-645.1848
-901.4424
460.47287
-50.03202
-1514.105
217.7128
-661.51355
-450.78537
-696.13403
949.88153
1984.0094
1729.6802
958.29596
1015.26294
-301.73428
-674.27435
169.85211
1159.2711
262.66153
65.38943
262.61234
55.88365
-117.28829
-107.33319
-252.99605
1046.6973
113.97811
109.07136
-397.07236
-363.9154
-1119.8424
1658.0088
-1157.9998
-1208.7638
-105.530266
-337.85712
1361.4725
478.2028
1111.9188
-539.65045
552.40344
627.7305
435.78253
-256.55618
-384.4276
-325.06198
1322.3641
-750.5814
1031.0901
1993.0569
1497.7605
1499.4077
-1699.3524
747.3965
2479.6304
177.48799
-541.5979
-724.3488
35.733234
509.1115
-1378.3347
1950.002
1072.7736
-1276.7378
-381.51178
-1871.887
665.02893
1429.3473
-1495.2747
-281.5193
-1178.1552
96.54855
694.4492
-94.01093
416.86566
-1294.4003
-645.7403
226.76617
215.86363
1306.0883
-105.49191
-1394.2369
1279.5582
-2031.6052
657.09656
1488.7036
-937.21643
550.5746
187.02924
286.77826
887.0789
-267.2436
-61.411747
542.48755
1567.2655
-311.62582
-1036.8005
-307.61707
772.7903
-415.30096
-751.8202
1565.8479
-168.64366
-864.6687
1886.6101
-462.80508
-1538.0682
-417.17154
-1614.1849
-592.7306
-1755.521
239.0398
404.7463
191.33359
-98.79141
-416.54092
-761.3118
1101.9802
-865.4962
-1151.2994
399.2129
-396.77438
870.3521
189.84221
-197.99727
620.0324
-614.3164
484.17526
252.80463
-933.89716
-90.18294
515.8754
375.0522
2.5280604
99.46885
146.92465
-234.57559
-158.4156
81.5155
386.7005
738.00946
751.1514
-769.78284
-467.16302
664.189
633.78375
-1223.7211
824.15594
-1347.9272
1012.3494
869.12146
-1586.0475
-320.12863
-2302.9458
-910.62695
388.70462
416.78503
-762.2803
-24.966234
-1212.4518
775.7084
-273.3723
-645.0541
187.85213
-1804.4506
479.6428
1021.38153
-2775.637
135.82317
438.2395
