298.9259
1162.3385
207.93526
626.4191
1109.8185
981.9058
-439.52298
646.3604
238.27882
-36.737564
-220.33603
-1610.0007
-420.22894
-868.9494
-359.5019
-1108.4696
-207.77243
777.73694
120.379105
1429.8627
-75.261696
-1538.4814
-280.52182
176.75064
-400.9152
-570.0397
-574.4761
574.66815
-339.47842
633.32825
63.74527
-417.58316
89.87296
1674.9735
682.81915
543.6397
97.63948
-355.11816
44.086254
-224.70189
-708.3999
-660.58344
-523.5331
974.09094
197.32559
-287.7909
206.76408
-714.4453
-1023.97687
443.8927
-4.2823396
552.3811
55.200768
-485.79462
1262.8048
418.03888
1974.8464
-678.5071
207.1114
143.84532
-65.05128
19.106634
500.46176
-344.19257
-509.6525
182.68724
-642.04395
218.3602
1843.3136
-437.09082
-616.2952
676.98785
113.5815
-253.44843
65.0548
-1772.2866
-657.439
-1211.5535
168.62964
339.90515
-92.37107
-731.4833
-666.21967
-1046.7241
-398.43347
1533.8904
-1071.0819
920.1294
1272.7086
615.3516
-806.90424
523.8387
981.1503
-240.83203
96.92706
-351.6854
935.4325
1342.3867
812.07086
153.72633
-853.0388
-549.8644
-1118.1833
-718.6575
-1507.7249
-232.42026
100.18407
908.9655
31.654133
-946.78796
-799.9158
407.728
476.04886
146.55428
1262.6921
-0.28533426
-152.7024
717.4554
-53.750065
-1398.8425
549.2811
426.74667
204.085
109.603745
352.08347
726.48193
-402.74905
-553.50964
1026.8533
-166.8037
-209.65234
152.13611
-431.29446
-1036.9021
-219.10678
-178.13135
-559.248
416.60626
384.0047
87.780914
-639.38666
184.23868
-1688.5178
-1379.8062
-782.6861
1122.1113
318.93115
1415.4281
97.596695
-436.2804
456.7478
790.4518
3.9525092
-471.8265
421.02432
-143.65503
-501.98486
-84.14623
-2294.5754
521.0946
835.44196
-1199.6989
-58.485935
-422.48337
1726.4978
691.82623
-617.10657
-81.07744
454.51602
-1250.6007
-680.85785
87.74879
-124.34962
753.98956
445.8503
343.2228
-86.917725
777.4077
572.4281
-868.9362
60.324104
373.52313
167.62862
-445.87994
-257.46667
-623.1374
1178.7635
-294.26028
-1337.0825
957.39056
-175.72787
-1265.5039
520.40674
1385.6001
595.4473
-628.5134
842.39166
-536.12915
483.87592
-134.48816
-213.47064
1062.5049
236.40393
745.40967
-405.0879
282.1681
213.36162
-631.3922
-1730.812
-894.3976
-30.761293
-549.4581
-1018.2692
-1049.7843
1107.5895
1917.7212
-457.2882
1544.4196
-198.28584
-321.2161
-52.261925
100.23941
107.9061
-711.2614
-522.7727
1127.7828
-310.8916
543.4289
1181.0533
-90.63659
-491.15906
907.18384
-41.346016
365.05298
653.7489
-967.11676
-1068.4865
905.5517
-1116.595
-301.47525
242.41222
345.0845
892.9108
-388.73685
1019.8397
130.42604
-610.854
-465.13922
-1145.043
-323.4853
-848.7537
1383.622
812.5736
1366.3967
127.32728
383.13297
916.15344
-229.91936
-729.8851
1001.4353
422.34094
-548.3588
324.09088
498.33588
-636.833
-718.84326
-241.94997
5.1598034
-397.66312
-1021.64
-24.496193
-919.81964
227.75877
-1163.8412
449.3324
-474.27994
-407.44363
742.86597
1208.6656
798.3338
-43.255627
15.986108
535.783
868.70966
1646.3483
-496.6867
-1138.0225
-846.65796
771.3144
196.9312
693.0751
-163.66284
-69.461586
684.13385
-702.57117
-376.82135
94.03209
-859.58075
159.8167
-634.4272
-350.78162
-264.42395
-118.58583
-834.099
-570.8497
-432.72485
353.3386
-605.22784
-930.7432
-205.33719
-949.83655
-1061.8923
-503.257
134.89435
-1018.90247
654.1323
-902.6639
-997.7423
-660.8416
382.53522
-782.30896
-82.80515
-551.1964
-305.30252
-188.7995
934.7018
772.0144
-1122.8337
140.81888
-209.44283
-277.83362
62.761612
69.52337
649.8647
-821.83636
693.9296
959.84985
-403.72528
543.4221
794.48193
132.27612
157.98949
-957.1147
73.81005
-512.5163
929.2851
97.91674
1427.7491
519.48456
1100.3126
-305.11984
719.758
273.07227
-1.9860387
322.1702
-839.8123
368.25592
106.72448
-646.86676
-7.3324075
719.6731
-143.01234
165.15723
-925.13745
-886.5792
413.6166
-760.646
-255.11089
-113.16578
1426.3209
317.9455
-928.49493
-194.42102
292.33667
664.73224
-539.73035
943.39557
1302.2179
269.56512
-892.3681
182.73334
-528.26984
-691.3233
285.7016
-969.2618
220.66385
-261.6078
-1118.8021
638.1918
561.7741
-440.00046
-754.70776
-771.72455
359.83215
350.94553
254.50491
270.10208
566.4787
-878.1927
255.3532
908.01
-1220.7832
340.3375
999.2036
-408.1958
-500.84155
-415.02722
-348.72925
-2748.433
1128.5964
1029.0846
-164.08568
918.8073
385.78354
603.05206
-1012.18695
-534.54205
16.886486
213.4479
-778.42444
504.65402
722.4269
747.14667
273.98395
892.87024
138.4162
339.00046
-147.4013
-1041.5032
-551.3336
1055.866
-589.2339
131.50116
-308.98462
46.15502
537.92773
-536.3775
-23.042637
-757.8967
426.50137
-464.7121
847.263
433.5561
-164.72272
125.971756
-505.8105
-1293.8132
-2.462851
407.32712
-422.70813
-704.3434
962.33276
178.34477
145.18243
956.095
286.51773
-499.9501
550.57367
-23.510006
123.636475
235.47185
8.781974
204.37447
322.16727
858.08014
154.36996
-1929.461
760.32153
-333.49637
428.2999
-461.34784
6.622329
245.51859
51.80315
1071.4554
-1045.5397
408.83612
1312.9237
-1003.7451
-1147.3693
640.2855
886.27985
-1142.1917
-379.47745
-197.79335
-1013.6109
-849.1838
1322.4744
2120.2322
782.6855
-90.015396
1035.9481
203.09998
450.25327
498.90118
674.7092
311.98303
-490.1916
230.99637
344.61224
106.20615
-962.8572
-1023.8812
323.64352
-461.251
178.15419
256.7564
-71.0718
-1292.6451
922.4829
-413.78976
-606.3995
-57.065617
-1049.204
820.5998
-526.58716
625.3585
-401.74194
1057.4287
310.38818
750.6932
208.2452
-986.9556
-241.49417
58.03257
-763.5582
-21.6441
1104.1849
1603.7303
949.0476
-1102.3497
563.2552
1859.8099
695.13715
449.77643
-197.76743
545.7152
427.21335
-494.42102
1212.6675
-47.3057
-863.97253
271.27737
-961.0598
641.6825
1209.1677
-479.08945
-299.5934
-1101.3704
441.85898
529.3535
303.88797
-44.9382
-123.40776
-1203.4257
-412.94138
343.52905
661.4451
-489.87064
-349.60706
1090.892
-1437.5608
900.00134
1075.8546
-537.868
565.83356
331.43652
-1080.3256
576.65814
-300.15894
-117.12221
1528.1226
651.91315
510.88147
150.97055
-180.55069
719.0193
-521.41455
-379.4674
812.5231
300.43698
-180.58241
1285.5554
-219.61404
-1530.6042
-661.6756
-1414.989
-745.1327
-2046.9436
556.928
459.46863
305.02457
79.87341
-141.20341
-732.3015
1032.2008
-729.00287
-1860.2704
-134.2693
86.95708
187.88728
-128.29472
-904.8715
919.18524
-686.70996
272.0461
850.3911
-868.3379
-346.74982
-529.5099
952.9159
166.26187
927.3057
56.00227
-246.9958
-139.01482
50.933594
566.461
898.27185
1216.4119
-180.03741
-219.47415
416.51562
-16.031351
-1317.2952
919.378
-686.80414
537.4786
53.02884
-1167.2979
-1139.9115
-1494.0273
-305.71057
489.5451
792.2959
-756.5878
4.215866
-687.7987
941.4677
193.84846
-485.84552
242.56482
-934.18567
520.3302
688.01874
-1740.7346
510.91556
15.033917
