-200.33424
378.3342
281.09814
323.4696
-16.651522
-246.04814
71.01195
472.2454
673.00366
603.82306
452.38672
-808.9564
21.580498
-68.83728
-283.09927
-532.7537
-203.17194
169.92381
228.75095
273.4533
398.55014
-568.9125
-352.7181
644.3384
-711.2336
-107.424515
253.44255
-288.6061
-111.06741
-85.63647
151.24243
-531.46375
-271.8038
735.437
329.20242
437.3191
151.04623
-171.8621
-64.933304
-686.1617
-659.9655
-289.38638
146.39384
-342.28275
546.37585
220.3726
547.01086
-167.97745
-390.2095
-77.16067
-487.30188
276.10535
-365.75766
183.27515
-65.56987
420.6761
1105.4637
-328.5133
-263.64697
411.24628
-173.71967
116.99639
590.90656
-291.0866
433.9275
208.24347
273.4964
-12.950462
458.062
27.456598
116.13904
420.36578
-84.82534
95.65139
-193.9981
-292.6125
-711.74365
-219.87968
346.13007
183.79672
-314.8567
-45.641907
-384.5769
-346.78357
-867.3843
631.1791
318.38776
737.06903
410.86823
186.20314
265.90808
214.0995
1145.371
-930.9247
-474.59674
525.045
317.55093
419.67502
254.05415
-119.4461
-156.1014
-234.94307
-27.942677
-126.71443
-520.8343
116.22494
635.2844
259.4725
-75.43031
267.25323
-554.1516
-226.08084
365.62112
-377.35773
99.22577
-209.18504
143.94542
275.1445
68.282005
-452.0144
1084.105
579.53864
105.11021
-756.12915
-637.5182
-134.55835
-840.1223
-557.784
466.3692
-305.21393
281.68497
81.138306
-1121.9476
56.42666
-557.93994
315.5191
-285.37985
-112.3338
56.495983
-239.62054
-103.559906
66.21921
-685.60864
-502.6639
-63.61459
336.23007
610.7039
418.64124
-35.060528
-381.99625
100.68496
212.86122
-109.563995
-288.61798
-206.87418
219.21713
-453.49176
-460.3006
-891.0167
38.81089
186.87524
-356.57062
390.96225
397.0689
-172.17429
-136.77275
-388.71298
220.35472
321.47583
-407.81723
-347.6078
469.95773
255.81718
554.11926
-512.6091
265.99695
40.458412
707.1504
492.25272
-578.61676
-226.95273
337.924
-29.36713
-238.7487
-153.79617
-377.78104
911.6767
-469.99963
-308.3877
919.4993
23.138302
67.04784
-424.3689
712.7303
389.33066
-452.66495
-20.321337
105.935555
-281.01883
-370.0214
-231.58871
411.91385
176.92427
176.06216
97.5348
540.4128
-314.98523
-86.77521
-729.0362
-424.37726
901.6425
138.57619
-921.03174
159.9299
197.92426
606.95685
-404.39667
831.5747
-499.89124
-501.12247
276.10956
194.2324
437.04916
-847.84125
-210.88329
46.883144
-514.5194
567.3423
110.7759
-511.4757
261.56003
106.689476
99.59353
-245.22475
383.52374
-601.4886
-26.55807
160.61754
-407.80255
-201.39638
-160.30634
453.8345
-116.776436
-281.5936
787.8403
-302.3906
-296.95447
255.06993
-862.88135
-22.604471
-963.5599
636.9277
-88.23261
630.04175
375.2655
-110.01925
-162.82642
-260.50986
-306.9086
356.03012
37.004993
-578.38873
-261.55154
116.7337
-228.02841
-604.099
-297.898
-455.7271
268.9294
-161.27026
28.283987
-773.7414
401.4443
324.7748
-34.81679
-445.6981
-156.9883
-158.96808
862.0347
39.81049
-131.85225
-379.55402
-13.091576
-167.04494
471.00308
144.25931
-550.6886
-409.0712
-364.6028
-178.54291
10.763227
-286.62738
946.8009
437.84515
124.903946
247.09752
176.11356
-38.998127
-360.28928
-393.35132
-390.05408
419.74435
-640.2694
-469.36664
385.92755
255.1131
260.34024
15.713743
-266.49222
-298.3202
-457.58926
89.79901
-63.306095
267.25345
-608.46326
139.51515
-0.42335677
-132.33716
-462.43933
-428.4164
-116.378685
320.54138
-1002.6921
-290.5943
-150.19699
467.39258
79.81758
109.81942
-306.3307
654.42993
-1007.99866
-347.08902
-168.90833
830.65485
-181.89825
536.6935
638.02515
-171.011
-76.75399
700.727
436.1418
198.01544
-491.74063
-43.133686
-428.9372
148.38951
124.53395
353.36008
22.253569
277.07706
379.30215
-72.45077
361.4191
136.50633
-193.20462
-273.9899
151.2627
21.234808
-358.86224
-381.63092
-227.48273
-216.50641
-283.7314
-652.906
-971.6496
468.4335
-753.43567
404.34177
65.999214
633.0964
476.98077
-149.29259
152.78975
447.17252
587.26526
-493.5908
-456.2893
170.7856
-242.9075
-648.3427
-35.022514
-178.97775
-341.815
46.96943
-516.23145
171.03055
-116.03685
-463.51096
498.96536
840.97656
157.0515
-422.8884
-152.93396
237.11697
-31.058254
108.98927
310.0381
773.17645
-529.47064
364.64636
370.10107
-143.98042
369.0372
1048.4498
-251.7342
317.2993
-321.81375
-237.47644
-980.4635
766.5448
-89.14375
-258.69135
227.97946
861.2483
102.13471
-41.970573
283.72296
9.341898
-175.45802
-493.2045
106.49045
21.109842
770.891
-64.27665
514.90515
49.691124
-567.02155
56.213585
-542.5697
-227.41087
556.19147
-643.3946
67.35687
-253.6809
370.797
464.01733
-132.52278
-332.81818
-259.2062
-60.870296
42.30095
373.2329
632.08325
-268.95132
158.8011
-669.9982
36.00307
42.91802
647.5385
-152.48683
34.42815
338.73523
-128.06897
-14.262853
355.7823
483.7956
-469.83618
693.35956
-194.56258
-313.41928
-143.10764
-147.77562
464.77307
583.3779
-300.38666
-449.29034
-229.96317
645.8302
88.86264
103.19767
-507.25638
-323.9181
255.19136
519.7875
192.43349
-434.67676
594.31396
1222.8275
-333.159
115.550186
43.228287
206.13675
-433.5019
242.53218
-235.57686
-621.3785
-240.13005
204.4648
658.688
181.18434
-12.384827
700.7645
-193.36363
-345.55768
380.76508
-139.18533
4.0077524
-171.588
459.53546
-100.607216
323.7286
-179.00954
-637.2219
374.54294
-247.41292
114.86986
-300.35672
-328.4625
-76.08468
-363.9085
-337.41815
172.05968
321.8686
-407.1242
409.22424
-163.63441
33.56333
-320.5061
194.52026
327.76767
820.65247
-44.34948
-456.7447
99.55707
702.47577
60.320885
6.2470512
400.70694
694.17346
134.91217
-487.59515
-490.22626
1045.8577
339.4079
-80.60322
-338.85352
169.382
808.90845
-625.43896
574.20294
209.97957
-322.18243
-121.48695
-85.123604
25.702034
331.02695
-167.0844
100.3021
-703.98267
132.04105
572.4474
295.36526
17.382694
-450.95242
-616.2423
416.9402
275.91174
-21.751162
-316.99966
-151.825
435.25064
-1171.6016
694.09015
711.4868
-54.447834
376.2166
337.79672
59.338978
355.667
111.53272
-346.7931
-129.34
598.6133
365.40686
603.5296
-157.55309
-65.68684
150.09866
272.4546
538.5544
300.275
-101.42881
642.08984
2.0182168
-680.7671
346.28513
-585.10675
-226.26248
-942.9226
730.6376
-82.45218
-188.06609
576.6112
-363.55518
-540.3931
253.29279
-212.93973
-364.95798
195.24968
364.3999
-222.56523
-101.043076
-3.321539
721.50775
-225.18991
34.601257
175.73329
-437.26456
71.78335
-249.194
223.23828
138.90688
511.71564
2.068516
-64.17512
-56.8045
18.00935
344.6432
968.2692
1077.0896
-147.84616
-268.6528
-319.89206
91.60665
-552.7516
80.1989
-185.73763
623.7022
-396.10696
-188.28798
11.415451
4.595337
-269.29916
376.30383
596.2836
-224.3043
481.451
-598.55457
459.65768
-112.47205
-98.47866
-306.20108
-582.34314
-327.10843
293.09314
-1153.0433
343.3244
388.18774
