-147.54805
724.3745
229.99452
673.69525
934.7364
1075.7979
-768.9562
676.09143
-173.71336
-178.37682
-609.4031
-1634.3749
-748.9187
-714.8439
-335.8696
-1103.122
-1107.3683
506.34247
-74.322685
1491.6646
-308.77
-1309.6611
-558.70013
-177.36009
-608.21967
-45.24104
-1006.33594
18.441902
-543.8078
639.375
448.34937
-301.3687
465.48474
1565.5978
1338.6254
1056.2428
-133.1733
-627.36975
33.4188
-99.15373
-700.8083
-449.94336
-246.26198
509.64337
733.049
-472.23547
-59.20188
-1266.7708
-817.4569
415.7647
104.391945
62.06928
172.90654
-1441.4159
937.85504
-33.061794
2261.382
-91.53602
711.29236
-15.055677
-212.64233
-308.58224
568.5134
-490.77756
-411.59335
361.90707
-271.27386
118.525085
1894.7235
-79.24325
-499.94464
303.04572
91.386406
-150.07669
477.09198
-1767.9512
-438.4845
-1461.7568
46.11861
760.81964
23.234972
-802.90735
-1171.4607
-1093.6338
-607.4663
2232.2334
-1321.5721
1071.2888
1327.9259
707.00916
-609.2766
344.01816
955.07043
276.51556
-353.80118
199.87325
1322.7805
1282.5002
835.49536
-199.40732
-1357.6357
579.2258
-845.48047
-436.21802
-759.0713
-42.350002
4.7173615
1089.5615
-359.89615
-647.939
-1044.3024
902.48987
-4.575455
-187.54942
1203.9218
28.055529
-553.9697
861.19104
-360.06683
-1593.406
349.93872
767.8904
445.785
-192.1151
394.76358
855.37256
-801.54565
-664.832
939.40814
-479.61328
-225.87366
-95.94323
-573.5842
-1065.86
35.570763
-819.6827
-342.15387
527.19214
213.07896
816.8407
-498.18405
444.81143
-1936.7125
-1323.7163
-529.6409
1231.9932
2.7968364
1458.4998
-236.25166
-461.8823
738.232
1340.948
-213.19249
-182.97295
-4.3413796
-195.26472
-162.47406
-296.39578
-2171.2239
724.6485
449.14682
-1426.2069
-79.94844
-38.753864
1751.6346
849.8391
-278.3594
-91.49288
711.58527
-1312.8014
-514.766
-250.29912
-357.49307
617.472
406.20206
633.5759
-169.87419
563.33325
300.16708
-886.8043
270.21436
506.04486
145.33951
-355.8556
-115.24137
-360.91943
1122.2009
-565.2165
-1082.4467
398.42767
137.56328
-610.41644
303.2131
785.6411
741.15826
-707.5524
1026.2119
-403.66547
655.011
83.868744
-306.53543
1290.4377
202.02307
654.0504
106.989006
595.9399
324.51297
-818.592
-1626.6599
-919.48846
-463.0548
0.8620393
-1198.3186
-1749.2484
663.9183
1615.2528
-540.36334
1409.4414
-139.35599
-567.9471
79.52682
180.39581
158.23781
-700.3696
-465.8536
627.9017
586.0966
364.23563
1251.7313
-508.19653
-311.73947
1100.3099
93.21891
560.52295
696.72394
-1197.9047
-1564.0519
1354.2021
-692.49493
-235.33904
308.85043
942.2723
852.67377
-445.9706
1373.8585
-70.706436
-425.93753
-834.4373
-1670.9983
-885.532
-1192.2365
1419.356
448.2083
808.47815
-234.49666
505.60983
1070.8993
150.60074
-1011.69415
1084.9188
153.28506
-500.37933
589.44183
819.26935
-378.18512
-817.67285
-89.347725
76.50136
492.12634
-1321.69
536.4259
-1460.4484
-296.2817
-1489.3542
381.64587
255.12073
-966.41644
892.8696
1235.8947
999.0883
147.68259
146.7757
535.87695
945.0809
1521.8989
-1100.1183
-1566.584
-1327.5677
1310.424
-344.42206
97.3162
-71.989456
-415.23172
816.26013
-716.3764
60.929195
-178.42076
-271.6403
-734.48083
-566.00226
-722.62225
-869.3794
33.27754
-726.7833
-819.9824
64.96694
349.74838
-393.9643
-1387.8326
-39.101826
-550.25366
-1633.6486
-483.44556
236.83957
-605.09894
927.17926
-896.3084
-883.4719
-1025.6382
410.2508
-628.54553
12.592321
-536.39905
-186.19719
-38.427532
419.59143
770.8361
-614.7049
508.7139
-588.8507
131.48012
74.04136
-366.72607
552.7121
-961.8901
890.1972
821.10254
-198.1346
307.65558
597.3483
635.04846
683.9919
-408.53476
-732.5109
-348.9978
740.6623
95.62044
2044.2766
561.7962
427.3969
35.69516
340.8544
-473.8902
410.25342
157.27766
-635.92944
112.94667
-73.73922
-371.22247
95.53868
918.9894
309.0326
235.91139
-726.37854
-333.94995
330.85846
-740.50037
374.34885
-312.2303
1809.7422
408.75436
-1138.4185
-99.28149
247.97296
15.5508795
-485.7704
367.68185
1473.3265
124.58851
-1460.638
-95.6083
-248.3698
-558.4477
1009.00696
-836.7603
560.6443
-329.27484
-890.05774
516.93677
339.30286
-940.3201
-1439.5513
-729.87225
481.54
-37.70298
639.448
370.74893
549.7016
-770.44806
-250.90631
685.95074
-1456.2435
718.82886
1426.8239
-820.6604
-53.556957
-1259.7139
-58.85739
-2646.8215
1318.9257
841.03436
-855.48224
1501.284
144.49382
505.1079
-422.69617
-763.3073
694.59515
532.46356
-662.1269
184.954
1313.4272
761.35986
-139.98134
363.71808
-169.56213
688.2974
-343.23666
-954.7338
-1263.336
935.35895
-249.31987
607.0359
-282.89673
-539.899
403.15366
-166.71992
-35.896343
-1113.5282
267.45844
-576.71924
1399.741
170.87349
-46.07361
-421.7392
-999.49567
-1312.0635
40.286907
618.9849
-585.99274
-811.276
1049.1897
514.22534
463.48267
1642.8219
-420.52332
68.83404
817.2392
-686.49896
13.592452
-27.475227
-299.00574
193.2028
635.49695
1002.8433
-22.15103
-1650.0867
1090.0171
-287.22556
63.41094
-454.34348
674.02856
348.60687
-6.84509
1570.5619
-405.64526
585.87854
1673.2543
-1259.0162
-953.80096
266.56012
752.4826
-1121.8652
159.72824
166.24333
-839.1739
-841.9988
1578.767
1818.7883
1257.3179
-166.3564
1392.4187
245.9638
209.73492
478.20834
948.6449
89.43037
-621.6154
234.18794
1.3760056
-143.71756
-744.4979
-845.45355
524.92255
-904.4302
226.46863
-53.639023
-204.07166
-1282.3981
1549.6672
-942.14557
-1032.2618
-573.4124
-891.48425
1185.1082
-48.835182
379.98517
-324.10202
403.9742
418.1431
840.33344
823.0299
-861.4329
-511.1213
340.9194
-518.2646
400.1364
1402.0596
1630.5719
1455.2273
-1073.8126
521.2727
1959.1764
493.12247
161.1881
-437.47168
626.3308
698.5687
-681.44525
1845.6448
416.59845
-965.44836
173.19592
-1475.1572
1084.0267
1442.7233
-773.331
38.533237
-1086.9473
-146.26743
705.29443
52.15176
374.2976
-37.96191
-1042.8585
-254.2746
263.92828
772.74054
-1103.9448
-97.52666
1197.1436
-1852.9348
907.27313
1306.7876
-467.13757
233.12532
213.10306
-579.5422
733.5379
-74.50246
-9.388436
1316.0555
1141.7411
-90.438065
55.260216
-454.3667
463.03915
-646.51935
40.615547
1404.3424
357.13452
206.34004
1597.2006
78.13972
-1255.8208
-821.28033
-1540.2069
-798.8793
-1451.9683
788.8042
460.2429
406.65622
3.190597
-560.4509
-503.03085
1227.8494
-871.7589
-1797.8696
-469.84555
183.77097
696.5794
350.7941
-440.30148
1185.0366
-535.94727
454.41452
156.92862
-922.3749
-135.15186
-249.53758
1197.0597
389.0947
947.65906
392.74835
-275.4185
-392.80475
-126.50136
561.60626
804.3688
870.3095
-519.1287
-341.40652
332.43423
412.2462
-492.664
1176.7124
-1104.2314
392.83
293.636
-1387.7595
-813.7392
-2045.6808
-754.84326
728.9191
729.5388
-1079.5894
72.72755
-594.33307
1497.8087
455.19476
-827.58875
227.44464
-1202.0062
-323.0432
644.6872
-2287.7607
306.4478
-159.53644
