11.252383
325.15326
-36.517025
529.30273
81.78661
-194.58765
7.2268305
39.9107
261.08798
711.2738
62.18282
-515.70844
-362.96152
44.400604
528.8837
-247.30194
-232.68146
268.19562
154.15605
325.31183
162.8088
234.32806
-169.85803
251.20535
-572.58386
-275.2726
88.58439
132.09517
24.017069
1.6981517
-22.364662
362.34958
-156.233
303.01758
487.2639
248.88138
-62.975193
24.694548
-529.9835
-371.29086
5.483968
15.294525
401.27985
213.27081
427.6033
209.22383
346.49222
-240.49904
-7.24015
-284.62924
-247.37404
223.85323
-43.737854
257.36423
-226.86786
-96.61013
633.43976
89.82653
16.150711
93.28072
-427.3036
-142.1354
568.68195
-204.06508
148.19145
453.69724
-2.6916695
250.72324
351.42383
86.43602
-331.11087
19.585106
-146.20827
173.03735
-181.20697
-137.78255
-145.45782
56.045563
-97.69864
294.6101
-541.8109
513.9927
167.05287
-46.504375
-245.2223
280.57263
-4.313956
392.15506
389.57364
197.87071
389.8426
-43.8893
757.7775
-584.5018
-497.22556
532.3089
-405.291
-361.09073
158.19759
-196.35645
-464.06284
-165.77617
153.10004
-124.76926
-659.4457
-160.3494
144.06177
256.7148
-376.4781
443.36874
-420.97583
-230.60689
444.6632
-394.80914
231.10689
-31.105957
23.537857
283.00513
161.79085
32.578312
759.07526
411.12723
68.12906
-278.99832
-297.85776
46.61463
-507.30246
-105.95215
489.39914
-7.5754094
217.11317
286.5522
-405.13754
-278.03265
-211.89526
190.34607
450.2277
-343.46768
-125.97816
-274.35605
-234.20242
385.54028
-246.2426
-705.586
170.63393
17.87381
412.52475
-318.565
-136.8851
-160.22511
-88.95581
62.64833
305.44125
49.813065
-154.81946
-90.35554
-29.42903
70.84085
-332.99118
85.66007
-146.47923
-178.52623
44.523266
513.2914
19.077248
-28.087564
-63.43036
-147.2007
-41.719997
-316.1891
29.808674
167.45209
-161.67989
329.15857
-8.231027
129.39078
122.46062
406.21628
221.21222
-195.32253
-200.11032
-40.652405
-86.446465
-395.93347
-455.44333
7.312118
336.4759
-5.202794
-129.48444
422.2811
-300.64252
-28.541855
-142.56854
573.7131
425.6948
-371.7864
2.948543
43.407894
-708.408
208.24744
84.364716
63.375782
179.41635
93.96596
-101.31682
137.43845
-392.33588
601.8419
-653.4561
0.8915999
654.77454
-27.467176
-654.802
-176.48344
-73.96871
251.65294
-282.1431
395.9645
-252.87663
10.259973
61.202282
158.29236
139.85875
-830.7295
-233.58154
86.38148
-138.50935
37.375183
59.825336
-337.63144
441.92215
334.80313
-36.95382
-69.10486
397.64185
-229.01262
-65.94528
95.95621
-10.666447
-336.09448
49.23178
-173.82266
-259.3746
-375.7114
378.02695
-100.096405
120.25927
-183.11801
46.482872
16.417181
-671.21155
220.89334
-18.660355
352.37433
136.75421
-104.721855
190.7655
-351.55972
-474.49228
-222.99799
342.04404
126.333664
-142.95384
304.73032
163.3525
-546.06464
-378.04657
-248.79709
261.724
-546.0151
-145.5295
-242.43425
235.66792
419.11115
-188.68571
-262.4459
-55.095554
117.52809
452.77597
13.8635435
164.65154
-10.78392
9.076796
-222.10696
102.966774
180.49623
-382.1907
-358.159
-44.87933
-144.85854
75.219025
-239.32024
310.99524
595.7315
3.1261919
65.3363
312.15134
-283.1665
104.50991
-145.14081
-215.34157
353.52545
-475.77423
-412.61502
363.7592
-1.6290052
446.07724
-96.54338
-123.60954
-10.619552
-162.82596
314.18463
-2.4595723
267.385
-617.54694
246.18243
-186.98235
70.60565
76.31769
-383.45236
101.99305
117.70683
-1037.0056
-532.4429
-368.35086
8.533518
-25.693073
-47.17044
-232.8569
429.34735
-993.0895
412.21936
-156.5883
562.7109
-299.73917
299.70392
-386.37125
-547.4364
-285.58066
354.4463
141.16934
71.704346
-483.30258
-149.63739
-310.02924
177.11407
297.4215
452.8887
-320.92755
242.4327
509.5002
8.902227
447.8424
-14.273161
253.36488
-303.61496
-300.5841
142.92924
-459.2959
-128.10416
-81.818306
-256.7556
-435.03955
170.60188
-214.89265
163.74428
-560.86255
229.67648
-102.66412
332.06726
199.15446
-443.75677
152.08136
612.03357
82.88726
-355.18088
-681.0632
23.042984
-190.44205
-392.91382
115.44786
-140.53584
-420.9568
98.48341
-433.70938
2.052381
24.90331
-106.531685
272.16623
313.67404
239.52808
15.29887
14.8244295
33.29583
235.29214
18.787642
164.69731
639.87933
-343.6862
188.1339
-109.04398
77.05359
-59.808342
545.0856
-146.89815
-120.52403
55.3042
-487.85455
-355.78644
-70.74326
281.119
34.21953
198.81274
773.2449
-334.44647
199.18506
318.81396
100.60931
-109.17901
-88.2155
114.84924
97.946884
17.254833
182.8192
-95.55531
112.850945
-513.9939
148.01459
-459.18274
-11.016537
239.43913
-239.55385
198.52788
-17.813955
265.89093
51.249428
101.72519
-156.5515
14.248325
-154.36261
-205.1152
74.685135
301.2004
-385.89044
171.48236
-515.84863
190.12155
-33.769867
500.61966
-78.29688
236.53043
-122.48305
-11.568783
217.60742
-12.614949
297.34744
-177.09468
680.9404
-268.01794
-90.453026
-251.4126
38.519413
164.95218
30.215403
-648.26666
-623.3723
-99.86657
660.5413
-233.35843
-320.2396
-542.38245
-204.88086
133.50703
173.7186
-246.74301
-442.1011
318.39398
591.1952
-267.0345
368.40674
26.979738
251.52057
-337.55743
136.00815
-594.6843
124.442024
-70.074165
-141.80235
469.4873
194.10303
-284.8584
216.13423
12.711533
114.8039
389.37195
-228.30263
-108.223045
-386.11636
-29.0967
-620.41125
338.16537
-235.01842
-163.4545
333.75763
-255.84914
-44.12375
-106.82912
-592.1071
136.17691
-67.92263
-67.9163
360.82962
43.469627
-10.685271
368.8894
145.8549
-325.66592
136.60419
163.86356
427.5425
488.17392
-99.29426
-87.56274
80.58
95.840744
-39.563065
-246.09111
326.18143
489.17862
281.36148
-138.05113
-46.354195
163.54692
42.77095
-412.6227
-559.395
114.5269
317.2115
-172.59956
571.2488
83.70645
-564.63354
590.4289
-140.5372
-154.45448
-99.65422
-589.78436
324.94348
-258.67337
368.24887
77.78906
-208.08531
-185.51282
-454.5986
-478.1559
117.422356
137.01418
170.24266
125.035034
-240.79453
-120.68888
-631.8763
246.79843
329.06265
168.90843
-8.517847
421.5084
24.827349
333.60022
212.33847
103.1484
-82.57421
352.805
-290.02557
646.40393
36.142334
-197.49141
-125.12581
101.49411
461.12057
169.3758
232.69724
121.09589
-127.53423
-145.46053
267.0762
-201.92953
-54.41539
-272.0178
188.91011
431.12387
43.639248
674.9229
-272.60922
-155.44673
-16.758673
-190.34155
-30.517345
-21.920658
229.63586
-470.0313
84.5281
-215.79433
371.8295
261.5242
-160.53773
-188.86282
-131.01198
-16.594646
80.46796
269.78253
-204.12277
354.43954
-116.19119
222.45625
-62.998028
-163.4296
410.89935
465.5304
568.35834
-210.16583
-120.71044
-244.80542
127.53428
485.7466
-15.466
112.02829
127.18219
-424.98584
-124.296394
229.21562
-65.98883
-282.61566
-122.47026
335.31137
229.4062
182.73294
-495.0678
371.24033
29.03976
123.07546
-332.59137
-165.07408
-543.22266
252.56866
-532.6964
172.77322
-19.24988
