-1044.4729
666.45374
1343.6123
250.25299
1343.5199
1172.9165
-764.49603
761.3849
134.23048
458.92023
-623.3612
-1377.0641
-776.53796
-840.1523
-2.366967
-1857.1702
-1673.7139
402.46744
-564.34985
1826.3038
-862.8575
-897.2387
-329.8757
-557.2382
-1038.1571
121.40062
-55.414204
-282.69507
-1869.7107
194.87013
730.03735
113.23094
1385.8795
2324.034
1415.447
1142.6355
-599.293
-330.3015
-293.3868
-184.9411
-183.46877
-1560.0468
-348.99774
1562.363
649.30634
-488.41656
-265.62408
-710.2516
-1551.3729
775.8913
915.552
-64.27223
-165.15909
-1115.7356
1965.3721
-861.619
1784.1747
177.61511
782.39014
-271.3515
-473.6963
204.15643
-131.67004
-1492.8992
-344.40427
660.3717
-839.1191
85.81282
1897.9329
239.29568
-1236.9371
285.877
284.5851
-337.052
289.92133
-1041.7505
-144.48073
-1166.5753
-726.8778
600.7876
-421.6425
-1091.8699
-671.6428
-244.25266
-629.89734
2441.5732
-1517.3563
885.9783
1757.954
644.34436
-964.891
36.881733
734.18036
904.57416
-1120.2769
51.468807
1849.8319
506.30887
616.864
753.6039
-955.65344
171.6919
-1055.5938
-176.89366
-610.36945
25.387953
-315.07553
1394.9991
-180.85162
-676.52747
-1223.6405
1528.3818
-268.05362
-283.95316
1103.6335
44.163754
-875.50146
230.7443
-687.12964
-1689.4713
648.05273
285.8754
400.41428
208.4448
-355.01984
-187.80106
-628.04834
-1268.8124
425.70053
-607.94006
-787.4652
-248.31024
-802.1935
-499.99503
-311.57745
-1054.8641
-93.76583
1170.0939
139.03339
874.05585
-1172.0277
538.9392
-1665.7009
-1374.7572
-518.31885
398.2129
-234.53221
1427.5779
-836.5799
-593.2425
1238.0724
1448.6035
-696.4006
51.74082
441.83997
-1156.9797
-918.34375
-1033.7974
-2549.9307
313.885
445.86172
-1859.2312
-194.40393
700.22107
1776.7327
1312.8556
189.35057
501.24084
1692.7494
-1846.1647
225.39952
-1544.9384
-685.1544
1027.7865
927.114
-220.54137
-292.13797
295.2374
862.9982
-969.2744
-138.25444
1010.727
252.16063
-740.73346
-1167.2344
-736.7059
785.9154
467.54565
-1177.3383
-205.12675
68.231895
-1023.9525
-143.2726
969.1138
-327.38083
-1108.8464
1415.7518
417.5474
426.22144
117.78808
-524.7466
1774.2786
468.78915
1125.3729
-314.17038
439.7186
1625.0326
-432.9118
-1318.7627
-176.9922
-23.456213
896.3393
-573.0944
-2243.4758
-64.82618
2982.619
381.91245
872.41644
-227.84705
-170.89758
-656.0783
452.95743
1334.6528
-171.62721
570.5686
797.69196
825.23444
266.50168
287.03122
-488.76147
124.231316
1011.9448
43.940693
-164.7382
827.83594
-1239.4132
-2264.6565
1413.2168
-830.8545
-659.1176
294.80423
861.673
610.5155
-803.87976
1171.4498
-97.951775
-230.63654
-1075.9409
-2075.3516
-490.04883
-637.21375
1826.4797
385.34418
1842.199
-757.3139
315.43045
983.7641
289.7149
-519.8147
734.98303
900.5714
-1524.5564
81.115105
1137.0692
-264.19955
-369.6994
-147.83784
-209.32867
1264.3964
-1919.0717
469.5848
-1235.121
-620.174
-1812.3251
834.2187
-157.19162
-1268.3578
1306.9559
1261.6453
1237.896
-113.445625
154.58649
618.6068
1132.948
1345.9879
-1866.8176
-1627.2749
-960.9694
1704.715
-311.80017
-329.04593
-141.5857
-1019.3918
50.705578
-1062.6233
235.4443
603.6851
-701.0581
-1459.8488
-953.8116
-1318.2625
-1593.9504
63.47826
-1365.0942
-769.21173
-311.163
832.59045
593.7855
-1426.032
45.88302
-320.97137
-981.68506
-360.47687
966.7416
-1520.9507
2201.5818
-846.2491
-282.65393
-1312.6991
259.47348
46.77098
-381.01532
-614.709
-517.9587
-154.956
597.2072
936.35376
-802.18286
627.76764
390.66864
1059.9078
466.12164
-650.7721
940.48145
-1454.1195
986.2999
1453.9313
606.7457
518.13055
-165.18079
313.18167
1052.3335
-667.88416
-566.4218
-1068.0383
-670.3214
-378.58972
1612.0682
6.5435224
238.87576
380.86923
187.06836
-1154.8022
1407.1069
58.9488
-1140.9288
91.15264
-436.04318
566.1583
82.69023
424.33386
385.8469
471.90656
-694.6718
-284.15298
143.57378
-1108.172
-17.782848
-361.5762
1619.0382
1057.8341
-165.65584
598.347
1070.158
-940.35254
-852.3457
100.530174
485.84866
-85.40652
-974.86774
-804.5678
-365.29935
-933.70685
1469.928
-803.3639
459.4303
856.67566
-1079.3217
670.88556
468.98553
-1346.3024
-1390.2499
-642.2953
-61.719994
-24.148258
283.42767
355.00864
1460.3505
-543.00696
-621.98047
285.0243
-1379.1865
618.58325
1709.5629
-199.41983
-324.2357
-80.330696
-675.27856
-2913.6953
1823.7797
492.79672
-1118.1351
1076.4946
813.02655
1153.836
-703.9708
-559.7129
1288.1757
690.86444
-1179.3174
445.69763
1144.1774
-391.23972
-92.40076
52.63412
-186.63669
677.83386
60.4491
-1479.8484
-1092.2733
1409.7334
-67.72026
717.56
-575.17505
-287.24976
500.2882
-565.9676
139.35039
-1700.4945
-459.06064
-831.1207
1204.45
-425.93506
-505.1244
-1275.0413
-439.31995
-1812.4114
63.884274
619.1358
-1607.4723
-686.5429
1280.5299
689.7552
291.9846
1066.1515
330.767
-29.540625
1231.1182
-922.5139
-549.8823
188.27199
-1188.1871
484.67194
-592.08685
1275.6194
152.88669
-2429.4587
1350.7268
-524.4569
126.65612
315.45694
-226.93394
421.11868
769.20374
1191.2583
45.619198
1084.659
2496.7917
-868.7241
-810.1157
576.30237
44.235657
-1631.1205
161.0342
-643.7647
-439.23883
-781.9556
889.9498
1852.0024
1654.295
999.5997
1145.8466
-493.8005
-767.7998
101.759575
1158.5924
199.26848
31.938278
159.7494
42.20569
-6.8076773
-82.328735
-176.70483
1031.611
156.88554
260.1017
-376.86914
-326.37933
-986.8296
1553.2463
-1226.2238
-1143.5936
-202.62411
-296.40485
1361.965
398.81714
1206.7292
-391.03955
689.61945
712.95184
427.05484
-166.01562
-438.97205
-383.6658
1404.1086
-821.3486
965.6149
2011.4402
1542.8625
1675.9288
-1596.7256
649.1288
2503.303
195.9349
-342.56824
-591.15735
117.221405
571.1291
-1293.1353
1907.5027
1053.5746
-1192.8242
-335.86563
-1853.558
613.0448
1220.9756
-1534.7759
-244.06519
-1134.8981
42.460663
748.4248
32.30579
287.225
-1142.8717
-642.47076
240.90773
140.26935
1284.116
-52.995735
-1500.0267
1293.0236
-1993.4313
889.9236
1462.765
-779.4618
569.08307
331.82086
290.67728
758.49524
-316.62015
37.89363
400.24072
1630.769
-271.31586
-1150.6189
-295.07712
812.9757
-326.58466
-596.65436
1644.3605
-221.71872
-1018.82465
1873.7097
-492.12222
-1654.6528
-617.0657
-1550.4618
-509.84955
-1639.8939
271.67267
414.42896
124.466286
-70.61633
-462.10016
-832.9492
1118.7893
-963.38385
-1172.4685
296.57437
-367.49817
840.34735
101.24326
-342.43484
532.2881
-651.155
445.5148
302.61517
-723.651
-136.2924
515.61285
483.1757
-71.821945
92.80579
142.88812
-222.10677
-182.39821
-1.9097488
364.0434
840.53436
844.8178
-791.97656
-402.62753
709.6424
586.8742
-1125.5754
907.0378
-1148.1064
1000.397
1012.3459
-1666.9824
-318.25076
-2277.3196
-854.5618
361.3178
382.16318
-755.63135
-71.48862
-1209.2982
891.7121
-369.62796
-685.95087
92.02388
-1859.6736
490.55685
915.60645
-2784.653
231.67516
659.2856
