-83.74594
627.20856
197.70178
619.1616
928.6486
1170.3403
-791.33966
734.6238
-272.5234
-134.17091
-571.78394
-1664.9302
-773.6889
-702.5351
-322.1438
-1099.5488
-1042.7384
571.7862
-127.704414
1392.3485
-339.6145
-1388.3632
-664.0309
-219.18755
-559.8123
-16.40675
-991.05676
207.3585
-618.2304
602.99585
488.68784
-371.83652
439.93994
1622.7603
1274.8975
980.8748
-135.86833
-711.4846
-9.759845
-141.77196
-866.23755
-314.95346
-279.87222
687.19824
573.27094
-511.09302
-155.4752
-1210.0587
-884.75165
526.50476
146.89372
138.1556
149.48164
-1504.1339
834.189
41.596134
2175.8257
-224.25568
801.193
24.139603
-261.53604
-271.33072
567.6609
-472.04456
-375.87485
356.8439
-273.883
181.64728
1910.449
-140.81645
-618.75275
283.7137
-30.598936
-215.9722
527.13605
-1722.1451
-440.39737
-1531.9742
9.852224
710.99786
-9.715572
-742.28973
-1072.4982
-1171.954
-526.20605
2121.715
-1271.815
915.4773
1335.2317
670.1601
-720.4624
315.50543
865.0038
249.83122
-318.7906
144.31773
1368.3373
1343.2528
829.596
-110.87318
-1336.043
533.7929
-861.65405
-451.90564
-817.2303
-89.99473
30.3825
1048.2179
-298.9546
-676.78876
-1089.912
880.72144
-7.2793765
-304.8871
1128.3658
3.0893264
-532.9355
881.69946
-387.25595
-1619.6718
327.80704
726.66724
471.97296
-180.10631
408.6827
809.9452
-823.30426
-627.87335
952.48914
-497.42734
13.536551
-130.31868
-713.7843
-1026.4525
9.26177
-717.94476
-392.7729
500.82416
132.53564
896.2397
-473.14838
507.33032
-1969.0311
-1402.8997
-527.8718
1070.3545
-40.106895
1433.8811
-219.70119
-456.22488
758.6337
1424.6484
-268.2101
-103.84547
-15.889314
-160.12582
-82.04492
-176.91891
-2232.7366
767.6645
538.2275
-1510.5345
-15.534517
-55.06846
1716.9972
790.06915
-234.28233
-134.67456
761.63556
-1247.5145
-489.7394
-308.57855
-267.47742
638.21735
394.4796
476.6804
-216.89687
496.9182
296.12906
-884.0499
212.40714
480.6361
233.31627
-407.08167
-47.40486
-507.3187
1065.9277
-547.28253
-992.70044
270.60046
180.99167
-692.53326
282.54575
729.54803
609.8032
-624.68964
1036.8342
-229.64998
580.01056
13.949428
-215.57855
1153.0073
209.91728
753.90247
8.097342
686.651
432.02365
-821.3848
-1528.4135
-859.1794
-405.352
-101.89901
-1207.0146
-1724.5735
563.42035
1619.7526
-495.56186
1435.2804
-214.18968
-700.7279
106.72151
285.64645
272.81326
-670.2532
-407.2664
755.12366
511.0246
412.7571
1252.7144
-511.46014
-399.84494
1062.517
75.15149
447.86353
756.5173
-1210.6283
-1596.5134
1195.955
-670.24506
-190.90135
229.85802
1024.7489
737.3954
-328.08902
1357.6409
-78.59098
-383.98392
-880.36304
-1683.8043
-919.54083
-1218.155
1346.1776
442.08047
951.4528
-141.80856
471.25513
982.32983
139.5237
-947.57544
1180.5769
177.35873
-496.991
673.04407
775.4855
-408.8898
-830.3747
8.023056
75.80541
590.916
-1312.1453
579.61646
-1434.9598
-296.5047
-1500.1008
358.14032
163.22702
-921.29407
900.52747
1299.5758
1016.89453
169.07399
139.91815
532.22815
865.7519
1621.2773
-1101.6727
-1493.4749
-1370.9199
1283.0948
-258.11237
108.401146
-154.03456
-358.7718
853.50757
-777.4364
86.97405
-195.7008
-315.3623
-699.30646
-625.0666
-704.49133
-810.0516
36.27621
-649.56464
-713.9283
16.693134
403.17017
-401.61777
-1351.4595
-54.831192
-525.94165
-1602.5043
-400.83234
263.12344
-642.04364
830.393
-968.02
-905.2423
-1144.378
340.26477
-588.9586
10.3366995
-448.96863
-198.73486
-122.37696
483.90256
813.5254
-596.4004
516.4454
-566.3287
-37.875973
95.93868
-476.9366
473.52066
-995.9562
886.63495
873.1536
-235.84076
292.18054
599.0346
618.73145
707.2417
-379.22733
-744.85034
-353.5553
801.0254
114.90756
2044.458
372.13388
632.001
15.095173
356.48322
-340.8168
229.21588
254.13054
-632.73303
160.21178
-41.02766
-304.6121
139.10948
1051.8496
296.0966
16.399755
-772.10834
-415.25314
280.80066
-738.1455
315.67825
-272.53033
1670.7096
335.61804
-1124.1069
-54.85305
225.32301
-12.524857
-455.93185
328.71536
1469.8627
116.531364
-1416.1378
-87.605576
-262.2715
-500.56958
1063.7778
-737.3203
536.2184
-343.4057
-993.12445
541.1814
397.98108
-1011.30444
-1369.5516
-777.991
512.51874
-60.88743
605.17346
409.85028
690.8508
-810.86206
-307.86493
665.6201
-1259.4644
720.18494
1558.2699
-775.39417
40.97489
-1254.0212
-233.7051
-2707.7407
1199.8027
801.9971
-818.35114
1455.0248
55.778652
518.5524
-294.29504
-615.5358
763.304
603.78
-684.0481
202.50392
1319.3293
802.50696
-27.45752
271.88803
-244.78297
704.96075
-461.98367
-909.05804
-1316.9579
845.73535
-289.7728
445.0275
-338.85056
-412.88638
393.0224
-287.86792
-39.45928
-1154.7186
266.1248
-633.08307
1387.1173
135.00377
-143.66623
-392.59247
-954.4264
-1287.1221
201.7001
694.1983
-628.9842
-720.6986
1092.3788
526.2257
534.0579
1669.355
-391.79953
213.36432
807.0813
-671.2975
3.4848769
-90.210915
-345.05264
163.66473
697.307
1020.2966
-67.30377
-1660.2313
1053.6658
-310.02792
153.33038
-556.624
728.586
357.98758
5.6343184
1584.073
-427.4381
583.27454
1621.3235
-1207.7494
-1080.1884
240.11569
822.799
-1039.7141
159.73201
115.51468
-841.7468
-861.42957
1620.8995
1825.3315
1241.0435
-213.06285
1272.3298
239.7225
57.003803
421.22308
1040.8959
-8.17807
-683.7115
204.82
70.800804
-83.33478
-716.336
-709.0556
524.3526
-833.6562
262.2255
-106.04017
-112.34083
-1266.9342
1601.9801
-997.5365
-1041.8696
-602.5964
-1071.7223
1084.4474
-115.99161
401.72617
-230.3007
390.6039
457.27524
850.44147
785.7638
-928.1244
-408.0583
259.12973
-551.7987
420.46835
1382.2579
1633.9269
1420.3782
-1117.5443
525.25854
1979.2866
393.18436
58.885284
-589.27045
601.05884
733.4418
-735.8811
1804.3226
422.23117
-993.1267
156.36829
-1462.5065
1074.8962
1496.3794
-637.76953
22.487309
-987.99316
-68.84577
655.9385
78.44764
454.08047
-89.0364
-1059.5839
-205.14883
283.3896
598.74805
-1085.7698
-188.74916
1240.86
-1916.6486
832.537
1270.2539
-434.00348
207.27919
329.62573
-483.36835
689.0266
-222.76663
-63.147842
1258.7844
1062.1796
-52.125153
45.852295
-499.7941
498.21872
-606.873
-12.536615
1374.0131
375.8185
171.18347
1683.3912
111.84142
-1319.2604
-833.95166
-1433.1099
-732.8384
-1497.1062
694.6369
401.8159
462.63055
63.347973
-476.22556
-584.74963
1337.3103
-844.86316
-1785.3812
-477.9567
160.15889
522.5276
285.95715
-567.41284
1203.5194
-500.9135
415.19153
175.33665
-880.55707
-151.0535
-243.19702
1062.036
418.7814
1073.3013
467.6948
-318.849
-542.2101
-104.353516
542.74927
756.24304
781.3364
-480.2671
-365.13385
453.2502
283.6865
-590.54755
1187.6809
-983.76416
338.4945
300.1508
-1336.0256
-646.4845
-2003.2988
-709.4879
848.07153
668.6311
-973.4695
180.94969
-676.8982
1432.9147
539.2716
-763.57605
189.79613
-1199.5447
-319.1542
551.76154
-2268.9832
307.63403
-165.59299
