147.8252
970.0485
-44.440647
868.45056
850.31854
1191.0992
-655.8799
715.9469
-1.7526473
-293.8223
-376.73132
-1789.0868
-629.6559
-879.7578
-116.29532
-1176.9774
-558.7238
453.73642
-56.500027
1522.5605
-136.76227
-1497.231
-396.5636
-185.90665
-284.868
-171.3289
-905.0461
216.54454
-614.76666
820.70886
294.5023
-293.2235
398.85013
1709.1587
1154.4297
864.143
-17.513638
-727.21564
-57.446884
-51.00122
-931.095
-597.5879
-641.7421
616.9112
521.5505
-560.17896
-141.0041
-1112.6829
-1252.3931
379.07925
9.511295
207.94562
-7.0011473
-1116.6902
919.4743
520.4991
1900.0519
-518.527
541.73016
229.55086
-101.37972
-298.66125
604.81195
-268.77908
-272.08276
154.20029
-380.66364
125.981186
1821.2435
21.99123
-583.13275
478.18512
-91.726715
-316.979
277.48737
-1819.9678
-563.8523
-1637.3685
-141.13832
666.9379
123.621284
-673.414
-923.3476
-1206.6776
-657.62396
1845.7177
-1369.7455
922.732
1336.2308
517.3847
-787.2914
121.15358
749.7835
177.83838
46.48558
-85.14338
1034.0511
1352.3093
596.1789
-0.47371173
-1314.3119
283.77466
-946.3184
-593.96936
-999.3873
-135.75763
97.40112
1038.7124
-161.00642
-447.03464
-979.72687
982.45667
331.58807
-244.10773
1507.9175
-290.24182
-366.05408
768.35736
-74.93175
-1872.4832
279.29092
675.64014
414.23224
-87.34652
267.1752
634.4917
-1016.2294
-864.7071
664.3013
-478.3183
-211.99701
-11.178144
-489.5698
-916.3042
-89.82493
-512.6577
-395.25415
598.0349
187.78314
514.28107
-520.62756
268.05368
-1846.3672
-1571.2523
-663.3815
1238.9735
38.267555
1453.1661
60.84131
-446.11624
614.5813
1210.5426
-32.896927
-122.15133
53.30213
-348.73328
-316.05078
-42.912838
-2197.1536
711.9037
712.65344
-1262.6056
-78.75778
-204.00395
1821.3733
808.993
-236.10287
-128.96861
799.0767
-1294.138
-418.25293
-161.9345
-281.4114
853.52747
562.27356
623.28284
-43.038906
699.2092
374.5379
-860.035
218.5381
614.8181
460.45386
-268.69147
13.059284
-637.061
801.5518
-673.62036
-1159.2902
416.60547
-164.58661
-727.384
230.15402
757.2312
641.5895
-690.49603
1007.0596
-323.89447
693.33704
-56.034115
-359.63303
1002.9859
107.14949
721.50903
-18.83193
331.51828
364.32547
-1002.6199
-1711.1995
-908.7566
-224.47293
-30.181627
-779.44403
-1852.8984
717.477
1956.286
-428.6755
1640.5115
-505.6891
-619.53564
-57.799828
93.214195
179.91951
-730.4889
-323.64368
952.2834
586.5617
548.52
1408.5779
-269.79266
-598.0989
1176.1953
4.796468
288.1708
558.5385
-1388.9161
-1662.498
1134.3265
-847.7253
-146.49434
378.4731
1228.3635
818.0528
-491.52866
1249.1218
-55.110794
-288.40643
-764.93823
-1553.4236
-793.57166
-1534.8706
1580.2368
196.60266
812.55206
-166.23703
436.0081
1042.3179
-57.74485
-1056.5219
1105.6819
98.92107
-314.59024
555.7991
666.61127
-507.92844
-772.79333
-27.722488
206.5691
429.95316
-1306.1051
363.7932
-1165.4696
33.61323
-1183.461
422.5498
95.00438
-683.1129
812.13025
1296.5476
839.79987
130.95648
-67.1203
712.19165
885.85614
1958.1367
-660.0297
-1253.025
-1352.0919
1300.1882
52.402786
356.68436
-428.8811
-298.5112
674.08777
-769.67395
-14.762719
34.60844
-431.66028
-426.0076
-667.6649
-694.4283
-848.32196
-279.98798
-770.8702
-555.96094
84.82324
547.8795
-502.50626
-1100.4812
-123.90993
-486.0362
-1742.3971
-368.21753
290.15524
-836.49255
542.5535
-877.1237
-1075.4816
-1132.4402
627.34454
-577.36523
-65.68907
-495.25833
-135.513
77.58857
640.61273
781.16064
-1060.5133
288.603
-407.48615
-59.500725
130.85567
-572.09546
480.17438
-885.4145
932.5151
875.3627
-234.3996
190.09442
741.54553
452.06705
225.47519
-347.66687
-864.8004
-579.2979
954.2599
265.63925
2033.3503
560.56366
747.9362
-218.60286
299.91034
-95.83066
245.6611
700.8454
-938.722
190.04524
-240.1288
-431.2403
-115.162544
626.1883
137.44609
94.650826
-854.2208
-473.43915
334.4242
-738.1151
265.10358
-149.72726
1679.9253
565.1459
-1163.4075
-171.68564
165.89525
208.6524
-595.3573
383.02786
1436.3693
203.3019
-1103.3881
262.65955
-355.67093
-559.88715
593.873
-555.3172
478.40472
-238.56046
-1011.9812
489.48694
326.02655
-887.99884
-1332.9043
-709.8026
457.77008
84.282715
576.622
591.00885
893.39307
-665.5693
19.097206
614.1936
-1696.3492
690.9269
1319.2195
-747.54974
-132.58185
-1089.3846
-206.84068
-2635.3333
1031.9778
1003.42334
-653.15814
1262.505
-114.05722
547.0892
-347.30347
-777.0541
808.9921
504.10852
-917.84515
462.65048
1271.9034
579.1874
80.842026
489.4849
-67.98113
816.6855
-191.91495
-888.1677
-1285.9047
975.3993
-391.77
478.10876
-663.70135
-121.5784
651.938
-374.12308
-267.36716
-900.35236
441.01114
-536.13306
955.5524
341.71906
-62.283848
-378.46002
-651.42096
-1218.2897
-48.640644
706.3386
-873.4263
-546.07007
1160.0616
431.7076
606.9382
1722.5873
-351.86472
-5.8695645
712.57764
-379.5404
201.79857
79.59157
-233.93613
308.2049
644.3014
1046.5817
-33.549084
-1789.9939
873.0126
-102.93847
384.4009
-454.4621
617.622
321.73877
178.78102
1479.5775
-451.08167
698.45966
1629.6554
-1061.7377
-1424.8201
392.51938
950.3266
-771.71
-150.68954
42.878166
-623.78204
-958.78455
1543.4128
2050.2322
1173.8755
-186.12688
1460.8168
198.12323
256.30417
537.92694
819.45026
196.92392
-631.435
205.7351
192.6976
-64.10418
-867.19574
-555.8611
175.76953
-720.8176
285.687
117.86279
1.9253877
-1253.799
1503.1967
-649.58044
-992.95886
-537.81244
-578.24634
1005.62134
60.890255
329.46378
-138.647
469.74408
329.74872
578.00586
475.55078
-875.80115
-310.31946
-161.1351
-450.1676
383.84497
1167.0166
1645.9202
1007.8279
-1013.1071
352.81848
2177.1746
295.92328
450.84793
-668.1149
656.26337
529.95306
-654.83923
1555.8451
4.68762
-901.5157
201.92929
-1359.6528
799.2276
1488.909
-662.60925
-89.50028
-1192.5707
-10.5830345
620.3924
152.26785
246.95381
-19.056248
-1280.3428
-144.95583
188.16116
815.4696
-857.5848
-367.15332
1216.3428
-2096.0325
650.7405
1141.8042
-382.59476
510.79852
280.9559
-679.72833
473.7922
-177.13776
-439.77432
1440.2086
1085.078
59.529556
-184.1687
-275.18124
962.82324
-583.32916
-104.21549
1127.5222
135.41638
186.1644
1779.2446
58.36892
-1638.7
-650.3196
-1386.9272
-649.3028
-1452.8563
728.39276
330.53085
247.50305
55.50859
-295.5701
-517.6703
1556.9714
-1036.2087
-1899.0836
-632.473
12.23069
503.36057
7.5978484
-461.07922
1178.555
-570.2802
226.72252
318.67566
-826.08234
-57.58104
-478.19595
1118.5435
470.42947
1031.0566
292.9115
-213.78769
-240.62949
-189.52464
543.541
660.60864
972.0746
-546.4734
-561.0572
263.83252
91.23256
-757.7486
1519.4404
-746.91534
570.10254
38.933083
-1259.3502
-530.98486
-1971.4814
-603.36017
847.23334
802.1583
-1075.7103
344.8135
-604.95123
1230.329
329.06403
-656.3612
331.6688
-1048.1979
-0.8973944
529.72314
-1894.2863
289.69934
-253.22137
