-967.56616
538.98975
1169.3021
99.11121
1323.6805
987.36804
-573.86865
921.812
23.144093
565.9334
-887.5198
-1349.9259
-984.36896
-1023.6693
-179.53716
-1679.1355
-1708.9182
268.04358
-443.16498
1611.1326
-555.96594
-692.9259
-102.25701
-425.00702
-1184.93
379.09164
-625.78217
-359.85825
-1634.1344
253.61441
603.12714
193.8672
1248.3696
2174.9473
1753.538
1376.9858
-512.95557
-343.56058
-194.82718
-277.6539
-411.03128
-1455.3107
-730.90985
1348.1953
625.594
-528.039
-74.38712
-1082.7668
-1300.9175
759.7816
641.3551
-116.73913
-178.66225
-1475.1046
2036.2268
-827.53125
1711.023
-73.21679
839.74414
-435.20038
-351.8893
159.36873
142.48747
-1196.6073
-215.43011
683.48785
-765.6788
589.66895
1624.6732
73.29465
-1190.9884
-339.03278
203.23651
-165.33563
601.5658
-1363.1481
44.424656
-1321.6929
-431.79907
618.279
-282.52063
-546.44684
-330.81815
-463.667
-311.39194
2315.3955
-1376.0278
695.791
2072.191
365.9594
-812.34705
281.1327
852.4702
721.5623
-998.90466
23.451136
1638.7073
664.71136
672.64557
436.71866
-1071.2008
233.66562
-888.445
-448.52542
-831.6346
-110.640144
-263.4172
1020.2424
-24.224548
-753.70074
-1240.6947
1334.4633
-36.079525
-465.4409
1191.4373
-170.70071
-812.99384
420.36053
-467.34106
-1630.4774
849.1968
557.98035
384.60336
46.907665
-653.2778
296.8236
-647.8133
-1191.0292
699.7213
-581.7686
-500.98407
198.29663
-605.263
-810.3854
-358.8519
-1278.8688
17.885353
1016.48083
282.54422
827.1995
-678.52594
440.17932
-1299.4097
-1291.3875
-277.3596
524.1291
-74.67206
1511.2601
-419.9777
-335.14105
982.5141
1390.9188
-676.60846
19.453247
809.437
-793.05743
-975.52484
-851.3702
-2471.8992
288.04794
781.92096
-1756.6177
308.99188
828.9778
1666.0588
806.312
96.565254
371.91382
1391.9
-1900.1198
-14.853109
-995.7871
-288.8201
1105.1322
816.922
120.05236
-394.58755
363.4844
592.4612
-1419.5085
-211.69711
698.94946
-223.181
-535.2714
-674.93506
-554.30225
1209.5887
531.38916
-1059.4631
343.47482
309.46692
-1284.5659
100.99186
890.4284
-385.6718
-729.01935
1366.1475
-100.75174
372.2552
278.24503
-520.25745
1426.3848
266.1289
1330.803
-150.47789
562.3434
1179.4506
-542.47455
-1068.1433
-519.9474
113.280685
595.2872
-482.709
-1938.6573
109.43148
2609.122
46.594147
1165.1112
-210.06607
-73.96625
-450.49915
350.6423
714.7403
-337.58438
104.09699
447.5675
998.0293
428.4659
619.65717
-598.55426
-77.995346
1126.5406
-302.1672
136.826
697.53265
-1444.9347
-2294.7087
1282.2273
-732.1874
-863.5486
-82.67203
680.7079
831.47656
-477.12863
1132.1862
173.79335
-113.70353
-1244.1562
-1709.4028
-927.93823
-962.91626
1671.6826
245.50694
1578.7054
-557.82153
390.9549
890.08185
-35.91953
-388.15112
892.08936
211.86975
-918.7764
273.34534
833.20264
-135.60786
-274.76746
-280.3651
18.784122
1106.5659
-1682.0693
9.987184
-913.8474
-642.60406
-1417.0336
441.57098
-62.21234
-1067.2415
1386.8666
1111.8497
1280.1746
-228.55365
34.99148
433.8145
1018.1617
1158.682
-1608.3732
-1574.7471
-761.9184
1363.0294
-554.14185
-262.8549
335.3974
-853.4288
222.90709
-1231.0248
445.44232
503.69577
-664.2717
-1307.884
-625.096
-789.8252
-1649.0837
205.91458
-1193.5417
-804.15356
-263.50836
623.1641
231.34824
-1328.6837
15.852636
-535.6775
-1228.3871
-336.11487
962.9279
-1477.9104
2268.4292
-1021.1394
-656.6252
-975.4154
841.57855
148.02156
-31.290615
-889.79486
-834.64636
-326.81067
513.6652
1177.938
-602.54584
385.03937
311.80914
1259.4979
221.48839
-504.6783
755.9079
-1530.3384
820.77966
990.5149
322.75308
903.0269
436.64835
123.2364
618.65326
-735.5798
-669.86914
-813.0641
-174.76025
-289.42502
2311.4082
-343.5159
360.51328
286.49078
-92.04921
-971.35944
1032.4161
343.81018
-1068.5283
168.87561
-701.58984
469.0007
351.45352
848.56
446.16968
340.6513
-449.938
-499.71127
171.34323
-1130.7954
161.59782
-340.6109
1035.6611
991.2839
-528.49524
307.86365
1175.0304
-433.76718
-1011.89795
138.62732
618.6961
-347.4164
-1262.5032
-520.1845
-79.607475
-907.8171
1021.50824
-810.8507
458.2058
666.1724
-1466.4509
964.5205
665.22894
-1137.3313
-1457.7776
-857.68005
230.81949
-209.12239
99.35724
230.42082
1142.8391
-485.30673
-13.988331
230.55557
-1676.3688
424.23703
1502.8994
-574.91565
-352.59274
-110.17579
-487.87314
-2739.6936
1458.5077
545.4068
-1157.127
1360.5444
438.4482
1024.4264
-772.3979
-585.752
1323.4655
980.2158
-918.8913
752.16833
1174.0833
-149.4275
-80.13298
422.9408
-406.6455
712.5489
-117.49004
-1316.9741
-1421.551
1519.8079
-220.84595
689.8335
-898.785
-581.2872
558.17926
-538.4985
309.48862
-2131.0378
-675.27985
-894.9063
1210.9729
-41.675785
-672.6591
-1218.5375
-906.99524
-1850.0394
144.35759
436.50064
-1438.8097
-1029.9403
1176.662
535.27386
185.37192
1671.902
333.9649
81.86949
1076.3451
-947.18085
-347.98483
-93.481865
-1145.3883
557.957
-447.08328
1345.863
175.55443
-2082.1047
1649.6293
-394.09882
-235.67192
428.97433
245.90614
425.73517
639.74255
1522.2317
-404.3326
1034.357
2642.324
-924.88934
-1177.5151
393.53552
179.8313
-1287.378
41.542374
-436.33838
-396.43164
-508.21442
1428.9896
1969.7987
1535.5574
703.7484
996.0897
-255.74321
-340.5278
106.40035
928.944
196.95372
-233.56285
511.7924
123.166565
-430.7177
-165.11847
-543.75714
726.7713
-88.07683
-60.368668
-10.3004875
-267.90372
-1259.9302
1846.6185
-1260.5146
-1134.8323
-385.6169
-434.3495
1603.0519
594.09595
958.20703
-539.0924
532.07227
1029.4049
636.1058
231.2327
-185.13385
-606.21295
919.6651
-794.1569
726.99915
1648.4337
1612.0194
1848.3466
-1590.0496
443.63144
2214.1804
701.97784
-515.5877
-378.6061
206.71294
455.15195
-960.69666
1868.8135
956.68604
-1289.9474
-484.71857
-1831.4791
542.92664
1616.616
-1336.9679
-48.163876
-1196.525
-170.18144
507.79184
-115.37944
215.34389
-1152.1838
-679.7419
186.01703
299.34415
1350.343
-462.58444
-1198.9801
1023.1695
-1877.0409
973.73956
1740.0504
-793.1647
351.16437
272.2757
-55.505867
995.8864
-102.61542
17.75927
1118.2239
1464.9946
-236.34775
-593.30414
-316.5338
948.2058
-250.64337
-618.5715
1288.9314
-12.925205
-564.27954
1867.4227
-302.97742
-1633.5695
-514.0702
-1461.5774
-550.62115
-1872.2001
269.16034
392.24084
493.15198
52.179802
-305.5419
-1065.0557
1084.6898
-951.1295
-1443.1809
-169.05202
-503.35434
1107.3602
81.41093
141.23354
937.9971
-732.69904
602.7546
239.6869
-841.38336
-214.96135
260.83862
340.72537
91.70115
475.23734
728.2101
-570.9296
-627.8889
228.90285
260.13715
760.45776
801.1688
-634.82666
-288.87375
398.77304
649.89026
-1132.1608
894.18317
-1090.7751
939.8837
955.61884
-1277.1276
-294.82825
-2239.6177
-618.4715
532.85175
828.7946
-821.68445
121.34235
-1014.34515
1026.6398
-222.25911
-862.217
352.59766
-1398.4242
497.13342
1134.4109
-2818.1436
390.11237
386.5687
