-912.7081
544.7558
1149.5776
229.32994
1448.9596
1044.4786
-638.651
1000.27826
105.70114
592.34155
-809.10956
-1425.8492
-1150.5713
-956.21014
-280.77307
-1894.5054
-1684.8422
308.38452
-390.6832
1824.6199
-517.5838
-797.90894
-246.50069
-365.7856
-1203.2635
291.08267
-594.21027
-535.9144
-1716.3535
75.02215
679.2029
279.76416
1172.4982
2178.4373
1670.6798
1510.4084
-488.6308
-538.8191
-107.85387
-385.13974
-428.33487
-1338.2797
-809.8753
1134.7273
620.6996
-586.6708
-122.55786
-1005.2592
-1287.2819
691.8541
438.63068
-149.04707
-47.12793
-1450.7045
2259.3074
-841.3114
1869.1328
-98.33258
873.4304
-327.43857
-343.22565
192.50533
332.59735
-1092.5012
-146.83899
695.6295
-759.2448
684.78894
1636.5383
68.66565
-1165.3252
-321.78357
228.43071
-79.96636
548.1057
-1427.3633
-71.467766
-1226.5261
-461.51007
576.7876
-297.23776
-525.6619
-397.03735
-487.88736
-148.77237
2441.9878
-1431.4673
592.19934
1991.349
250.75017
-757.2393
142.11287
942.55817
671.99536
-993.39996
-7.3482184
1719.3878
694.1913
753.01
560.87134
-1029.8752
265.65756
-818.30554
-255.59346
-736.85803
-127.79185
-135.85912
813.6739
5.4533463
-771.1107
-1329.1055
1182.4856
-21.713814
-456.77545
1225.8262
-97.53951
-653.47656
397.00266
-383.4221
-1743.0035
786.44653
595.8628
298.3745
44.27667
-616.3127
466.69525
-813.74457
-1190.443
853.9908
-520.0479
-478.8117
185.59682
-564.8404
-707.21716
-405.7897
-1214.4688
-51.111794
959.15466
254.64648
942.4865
-643.73083
440.80905
-1388.9978
-1299.755
-312.35977
472.1564
-49.188473
1508.2758
-515.0526
-360.5286
807.6842
1432.3315
-539.39886
-7.498706
637.3756
-919.6152
-1054.838
-824.4597
-2359.7834
457.93866
849.0517
-1598.3286
302.2521
726.5784
1665.7443
782.1319
197.09889
272.7334
1186.1394
-1844.9874
152.99773
-1094.432
-355.4612
980.5057
790.62994
4.45969
-419.85425
288.94485
395.92603
-1395.9298
-151.52861
715.58295
-165.63763
-592.4139
-606.8754
-505.8461
1098.8123
483.11096
-1157.3561
419.39755
272.79523
-1268.2607
218.72722
879.74774
-251.83485
-694.814
1417.0135
-45.4055
386.62723
411.39578
-466.33652
1550.2327
389.13278
1122.1097
-244.90738
564.6725
940.59174
-466.35913
-1059.6736
-496.51556
107.75261
680.5162
-460.8848
-2058.65
275.95187
2747.2642
-17.310017
1003.5792
-97.3589
-294.5113
-493.499
220.27255
722.0484
-491.0028
121.59976
482.20984
1025.6276
240.65259
582.8376
-578.9557
-236.9981
1095.8799
-298.4574
279.3104
692.39374
-1609.4333
-2343.1646
1247.2626
-494.47333
-927.09235
-42.66945
625.04156
900.93146
-545.16876
1131.0234
270.73544
-36.0599
-1224.2432
-1604.9326
-991.3065
-849.5789
1640.9558
293.77975
1504.763
-548.77496
408.94577
911.6523
-72.92206
-536.7997
803.96704
128.90918
-815.3459
269.1971
863.93353
-121.55075
-273.60138
-238.66637
59.86838
932.0814
-1814.9781
9.41806
-1052.7467
-613.9487
-1294.0642
457.5981
-81.25608
-993.4121
1305.1809
1017.18945
1364.0748
-297.74838
67.6167
569.741
1042.9109
1218.8878
-1751.4326
-1645.8123
-669.4238
1342.6113
-527.4131
-247.93428
275.39087
-928.1209
236.27203
-1164.4553
459.19812
627.2745
-621.353
-1189.3872
-664.7858
-719.17487
-1579.539
1.9163548
-1181.6019
-794.9178
-296.38483
606.204
227.1201
-1338.4553
-121.69039
-459.3118
-1411.3939
-353.67368
891.95715
-1435.0844
2179.1123
-957.53766
-736.34076
-1041.7732
860.1114
121.20199
-231.71507
-810.22327
-687.6127
-360.51172
519.78186
1118.394
-630.30457
341.97983
210.19662
1236.6956
341.51657
-599.17303
786.2852
-1640.2313
658.5451
995.48334
202.05179
1027.5669
411.43
224.05127
617.4384
-788.08984
-563.85425
-919.99615
-216.10869
-213.55571
2346.694
-451.86972
174.19734
230.49959
99.80618
-1283.6227
1068.3204
196.76785
-923.7109
337.81827
-628.2595
465.73486
432.78473
844.3055
592.514
460.07144
-569.42926
-441.47134
156.49522
-1083.5619
211.70227
-323.73413
1108.993
751.3376
-598.33795
252.39417
1220.1445
-482.9588
-983.3767
137.6822
733.1209
-228.25282
-1347.6489
-531.2449
-228.64488
-920.858
1017.6533
-683.9256
506.91727
588.07135
-1465.2876
1133.8595
648.6504
-1160.4838
-1417.5287
-884.66846
316.09662
-45.2566
272.10837
151.45984
1156.3921
-603.3662
-107.70739
451.04626
-1688.4012
478.12048
1456.1482
-748.0451
-385.56857
-111.149254
-401.8674
-2717.1167
1664.8625
464.98706
-1186.6576
1348.7535
375.49472
1035.089
-770.7907
-540.175
1362.4987
926.20593
-828.8228
811.464
1179.6871
-138.20503
-73.09606
274.15045
-409.82224
674.91504
-102.822136
-1206.1062
-1395.9019
1636.642
-235.12209
621.7837
-736.5752
-571.7635
418.73444
-412.84143
89.61236
-2002.8533
-504.6534
-859.0292
1108.3016
32.2513
-575.38525
-993.44293
-738.96454
-1837.6459
213.11317
492.31046
-1427
-1213.0631
1297.238
437.76035
224.81747
1785.3962
336.9888
200.58032
969.617
-908.334
-279.5637
-128.94765
-1103.9524
590.7759
-394.24792
1344.2313
190.9127
-2128.1191
1667.4795
-413.10754
-174.85182
362.8352
179.25647
482.60654
548.13434
1367.937
-499.69458
1012.61615
2585.3098
-1032.4291
-907.6119
530.8265
253.89182
-1349.4852
-25.401712
-503.97684
-442.05154
-608.8135
1404.2402
1944.5547
1504.2285
720.4011
1164.7693
-249.79378
-263.9845
247.56433
855.04315
46.79595
-221.48695
502.3726
122.36546
-344.78094
-309.20245
-400.15933
883.9439
-195.54082
-110.975655
-138.75685
-240.34088
-1230.5209
1828.9042
-1333.0403
-1177.8069
-298.42474
-380.48093
1548.338
609.6924
1146.8629
-507.91064
640.3359
877.37085
755.1735
180.70314
-248.94496
-641.6682
904.8642
-752.4355
587.9437
1503.4194
1770.4185
1931.447
-1662.9677
527.4948
2207.191
444.4006
-415.78015
-273.99738
259.7805
365.04678
-867.09326
1994.0813
966.2749
-1329.4562
-330.2389
-1910.8458
556.79376
1458.2887
-1386.1421
1.1917497
-1305.3916
-152.40572
540.85706
-130.94579
166.47073
-1072.6969
-572.00934
61.754074
414.5122
1310.5183
-474.67844
-1207.2147
1175.7947
-2037.9072
992.42096
1645.4199
-957.3665
353.68036
206.42706
-102.592155
1151.7166
-259.7031
-89.67552
1158.3752
1544.5725
-366.2348
-588.7386
-473.1599
725.6355
-186.9294
-632.8043
1257.7982
-91.40994
-620.48096
1871.1168
-246.4804
-1648.591
-545.19366
-1495.2997
-508.00156
-1881.2408
330.54343
517.794
533.19714
245.90092
-339.26828
-1131.4844
1152.7993
-785.01447
-1540.9431
-154.1979
-517.5226
1086.0953
256.94666
98.273056
817.06494
-761.19434
737.6307
175.32962
-858.0794
-256.89282
50.039696
308.88446
44.426353
464.7686
657.0225
-508.8571
-565.2827
53.546825
184.93535
780.7267
764.10297
-664.7229
-486.93628
315.64856
454.58536
-949.9715
787.6736
-1023.0846
892.69824
847.03174
-1305.8746
-275.7529
-2170.2812
-511.73856
607.57666
736.35986
-891.16736
69.419205
-932.22955
1137.1245
-110.17804
-882.6951
511.99454
-1406.8433
616.78815
1165.9883
-2937.5608
353.22647
478.85175
