-448.85934
758.76886
-23.22491
409.15997
499.42712
378.8122
-255.48097
394.9507
-117.76118
-116.7743
328.446
-1581.4718
-15.835951
-401.29416
-219.95805
-913.32355
32.930435
851.70715
157.59439
915.1816
-30.449867
-1487.4829
48.20819
-101.34262
-337.98367
-246.26985
-15.458285
-289.31445
-563.4684
200.28679
-319.2014
-99.70006
66.90574
1162.9673
660.52795
939.4831
675.0438
-102.982895
-249.15482
-298.56198
-723.12286
-379.38638
-247.30486
-191.25255
359.04593
74.02112
217.17741
-439.6806
-650.7532
258.1907
-327.4885
400.77057
165.0217
-646.519
723.5236
350.51913
1842.61
-662.78894
-122.34724
-318.58154
-99.552086
448.0433
116.953476
-165.20862
-238.23352
-22.529097
-584.54724
206.83008
1768.5851
233.77652
-258.723
108.257126
-202.80548
180.08351
175.18901
-740.5478
-480.64673
-573.6238
268.57855
336.8622
-112.85367
-195.65314
-993.2117
-738.587
-1122.3362
979.3157
-1054.9136
1128.9579
1151.8209
438.54993
-386.41425
404.78778
1175.5844
-457.98096
191.64606
164.01016
600.2916
699.48267
575.29285
391.60107
-699.6268
-236.70995
-597.6772
-376.63242
-1223.1151
170.09839
1209.9236
1193.9955
-84.93728
-383.11597
-760.5315
165.9194
273.5705
-18.311188
812.2548
92.399055
619.1949
235.47313
214.77437
-1242.2471
1090.6727
76.50796
158.70757
-301.5828
248.7033
255.53244
-685.07666
-375.1794
809.895
-335.89883
-7.4611845
632.69226
-1030.7003
81.18802
-425.9198
107.056114
-239.22559
129.43562
413.55396
-189.24478
29.966637
-97.57161
-1690.5336
-1043.0603
-923.9478
1118.5461
307.23807
597.0631
74.15384
-304.92603
804.43225
919.71454
-144.2175
-379.5589
1.728262
-107.7081
-705.2257
436.57388
-1614.8804
6.5150075
828.3256
-1125.1185
69.7764
-290.0959
622.99384
896.28937
-783.60205
487.78525
553.17816
-1179.4507
-516.91
-133.94806
91.73712
427.30112
457.9102
307.77155
-11.567543
1131.7087
338.599
-811.2075
55.38994
299.94412
-617.37476
-116.79632
47.455494
-1243.4175
760.3682
-556.1329
-1042.7604
1304.8298
226.58325
-922.5637
198.64276
1483.6056
460.38303
-369.22797
195.1991
-341.02032
-52.718636
-669.9325
-179.14499
1340.7727
256.30164
427.80838
-217.3656
-118.85247
108.14346
-154.07147
-881.41815
-634.8914
254.64505
97.91885
-984.01666
-284.99106
1123.6814
1595.6584
-708.00995
1179.3453
-176.40894
-192.11166
87.944695
86.79057
400.07153
-1178.6538
-716.74963
1184.5032
-604.7341
350.21457
1110.0074
-417.03232
-366.50977
1085.2848
-545.8548
-289.24097
223.82765
-608.2838
-203.1296
287.79324
-1022.49585
-93.5029
-560.6137
290.73843
581.1791
-446.35135
926.9236
-799.07214
-354.98108
-104.29571
-1386.7241
-84.47954
-635.003
1123.9714
182.03102
591.9289
256.3527
-86.53589
502.49963
-98.60272
-343.76276
645.00555
530.8009
-433.62643
-160.28772
-6.9687943
-428.7102
-343.56512
-444.57547
-138.07149
-316.68018
-619.61163
-113.30123
-1025.4202
659.25055
-462.60373
-63.551376
-191.48499
-446.84406
443.52548
997.9565
559.92334
-227.57602
222.24428
617.5493
111.46141
772.7857
-253.70584
-1197.0343
-1029.3315
559.2867
-322.99188
551.68536
57.387505
-363.462
472.45255
-584.1904
-38.57373
715.98303
-535.0413
50.058224
-206.81725
-32.376804
336.71527
-594.4793
-1208.3557
-636.07825
-117.50318
761.3719
-669.1994
-700.47125
-370.3197
-388.53552
-417.5632
-162.06842
214.84253
-615.9881
241.44478
-649.28357
-917.3801
-623.0568
37.40715
-374.41022
8.03141
-576.6967
328.75894
-297.01413
937.0551
764.39606
-350.72714
-145.58247
581.468
-556.7011
260.854
-367.58704
1047.3553
-1026.028
635.291
491.4282
-238.0578
362.58286
1159.1715
302.7174
-266.66565
-1317.7692
238.99934
-1210.9551
599.5797
-72.54237
1344.2766
444.36572
851.70013
122.61314
806.2042
-22.64163
-649.74414
255.1546
-304.52744
89.08755
43.32111
-878.51306
27.812906
286.66052
-272.2718
406.14392
-605.43384
-888.2181
215.40308
-850.81506
347.6509
-179.61365
1278.5027
-43.950546
-548.5831
613.00037
310.6952
1238.6287
-615.3603
189.54094
1216.3373
3.9297395
-927.54694
351.60593
-450.4936
-476.26285
-134.20778
-897.5922
216.83015
-71.554695
-1015.32104
240.6062
641.6534
-214.15495
-79.682396
-376.09827
191.55644
305.83365
-477.9915
33.66497
805.0467
-1140.3966
537.84326
341.21204
-452.3334
515.21594
936.8959
-346.63507
-59.3012
-547.9652
-240.70157
-2396.9119
1003.0881
586.6971
-181.0782
416.7402
697.976
625.368
-745.28925
217.08835
160.07469
-78.30605
-807.8581
239.91373
212.43318
567.6612
56.71882
677.78186
259.91602
-9.653576
-469.90155
-897.91394
-573.59906
812.7422
-612.17334
271.89807
-698.3307
59.832474
652.57184
-764.067
-53.478424
-511.16577
-163.24492
-338.4588
589.62616
554.8407
-221.51126
-262.89423
-674.9021
-410.56482
-91.47096
684.9741
-489.47183
-442.29208
662.38153
-137.33278
368.6182
746.3649
181.34384
-850.48914
114.58347
87.14983
-488.7699
306.49396
-221.86188
-156.04866
1038.3969
636.242
-242.4679
-1589.7305
503.16904
-92.57651
-57.449116
-710.46625
-457.5179
103.75184
530.3785
811.3436
-744.67633
406.8672
1156.3279
-537.59
-757.27496
755.2803
389.74234
-951.2603
-338.23315
323.1479
-854.8952
-1033.6556
771.26135
1428.29
405.3837
-272.97043
841.0208
575.5666
-9.117348
-190.87982
-172.15388
-20.55646
-38.296234
259.44614
-2.5918775
728.0635
-396.16248
-1212.3225
683.9922
-243.12183
211.95648
-431.46713
-37.88022
-632.46765
182.4149
-448.13242
-144.5088
-339.51776
-752.1081
624.9212
-745.8388
317.178
-129.55966
876.1742
122.9779
1004.3542
543.77057
-386.84866
-381.69568
227.74472
-701.48566
-792.13403
815.41504
865.67535
491.7874
-982.4957
431.08655
1515.834
104.96503
-151.77118
281.07776
-241.1401
722.829
-934.2565
1212.0363
-336.68906
-585.3338
-216.63655
-24.944944
274.3362
964.20233
-404.72623
-478.038
-878.1668
287.32004
362.4627
489.0316
-82.026596
-155.79701
-1205.2588
-183.06099
133.17891
492.6147
-454.97086
16.860592
1260.8656
-1397.9164
727.3266
896.44305
-1077.0573
268.9151
497.7211
-764.22845
664.7594
-439.6364
-595.84985
673.63
481.4186
1077.0093
165.49687
652.4196
526.3797
48.427685
-186.97504
363.33148
484.00296
43.111477
900.93085
-112.14451
-1494.7489
-211.95647
-1253.0884
-696.5663
-1856.6846
149.91917
-38.640656
245.4189
692.68085
-343.85153
-772.1516
569.696
-349.4402
-1517.8672
-130.35837
295.70908
26.081758
156.48924
-564.6929
1055.3331
-709.5481
-244.92111
950.16504
-893.272
-181.613
-479.09216
904.6778
-79.76194
465.6269
375.60593
-307.2667
-445.47232
182.75462
594.17426
889.16425
1016.70593
-208.66388
-712.55145
460.21527
7.0117984
-1119.6201
77.44829
-564.83264
756.5906
-580.33594
-346.8955
-511.37997
-925.2006
-483.593
637.44653
723.11395
-636.638
300.50314
-856.25024
869.89374
328.05942
118.04466
-40.97023
-354.76483
-192.20282
531.1078
-1689.0476
351.62024
-90.10263
