-678.9598
644.85333
850.9013
265.90155
1325.6405
1293.7013
-658.209
1017.57513
-90.28037
266.26367
-610.42645
-1280.5706
-1050.6073
-1357.1997
-716.9252
-1847.99
-1635.1099
466.61606
-364.578
1777.316
-423.2892
-753.77094
-247.00404
-77.311676
-1561.3661
-162.3068
-1008.33563
-187.19856
-1064.1271
152.42769
717.99066
203.13136
798.0382
2029.1069
1602.5209
1224.658
-94.05841
-864.0456
-37.4113
-332.6354
-700.3784
-1054.3589
-506.59232
334.8057
726.71564
-293.68967
-120.496376
-862.02203
-993.7011
446.50156
614.2047
128.35423
-268.5624
-1320.2369
1652.484
-532.0114
2146.6062
24.862408
529.07056
-374.5351
-82.83234
91.276245
338.8614
-910.6499
-23.267366
431.47925
-505.19867
534.459
1890.6338
223.05153
-834.19055
-41.886005
334.95148
71.88665
317.53888
-1392.237
-0.6445036
-1209.3558
-438.92197
773.058
-25.656086
-693.5474
-735.30994
-782.42554
-310.3131
2513.5178
-1357.8688
1127.6438
1415.6158
770.6063
-269.64807
265.0692
867.1938
737.3859
-467.8964
-43.20984
1563.7523
817.7986
1036.928
248.23662
-985.06604
824.3405
-986.95044
-227.16492
-453.56052
-33.18877
19.85976
1228.2122
-80.051796
-855.26697
-1305.2273
1189.4364
39.75742
-578.10944
985.801
-186.15152
-500.9994
272.4321
-575.0003
-1924.1757
313.54514
677.7301
12.153177
-79.05807
-211.74449
661.6812
-608.7593
-905.6029
996.8354
-738.7594
-188.91022
-310.04633
-397.4517
-808.1505
-167.6248
-1093.6995
-65.46394
982.742
489.6139
1066.3707
-713.24774
316.5689
-1672.9441
-1424.6948
-327.09198
1146.2412
-247.95525
1587.1826
5.5290046
-527.62695
835.82135
1348.2352
-322.31882
-117.97766
197.50212
-915.60547
-581.16376
-519.2009
-2454.2463
494.19388
549.3006
-1511.7548
148.02919
564.9061
1839.1002
1066.9246
60.701134
80.00657
949.9221
-1852.8455
-97.717636
-713.70966
-282.9163
932.2073
367.3873
185.49467
-53.376427
670.16925
565.93024
-1329.4601
-74.12425
582.49005
-291.8285
-607.47766
-620.09436
-364.9088
1327.3945
-117.1461
-875.0375
513.91986
59.928467
-773.9074
4.776062
870.8381
114.65917
-926.42584
952.72784
-258.93158
763.27155
453.88962
-134.64825
1755.1559
107.37745
890.5923
-22.876787
700.69025
786.75146
-464.2511
-1790.7856
-302.19693
-363.6243
508.1224
-473.76447
-1708.7477
568.5675
2072.133
-267.86865
1212.5579
-157.74355
-179.80295
-399.61832
208.3494
707.87067
-590.2074
-124.172264
473.23962
662.69226
26.648712
653.2731
-459.2505
-630.9975
951.2326
-171.91183
332.07108
918.5309
-1750.4808
-1927.9236
1491.4872
-673.2416
-522.2827
170.90506
826.5729
783.1971
-256.17596
1228.7316
-202.00337
-506.53488
-921.9534
-1412.5275
-1188.7045
-1134.251
1732.7773
365.61118
983.0789
-554.89825
594.94183
884.669
-22.60145
-615.7388
581.0819
309.30103
-504.53
496.31754
1142.3276
-329.8196
-980.72626
-59.04921
42.492737
1062.5481
-1685.6996
330.7576
-1543.8875
-354.20258
-1207.2937
196.68073
333.59995
-1127.6781
1246.8619
1052.2491
1095.822
-263.6692
16.384058
433.42764
982.95514
1010.588
-1220.2471
-1376.4397
-849.40784
1517.1677
-274.79382
-447.27264
185.31079
-965.89685
138.37032
-901.8166
150.10458
359.31094
-207.59077
-710.0273
-458.67966
-495.1126
-872.4106
410.5948
-1023.03253
-645.42084
-234.6307
494.37238
-263.04892
-1444.9261
217.23897
-201.8274
-1462.7546
-157.11522
545.8502
-909.58044
1890.2314
-884.3029
-478.68484
-902.2418
672.6123
-223.6176
-50.130306
-1160.7441
-612.5736
34.537506
682.3758
1762.6757
-409.57056
579.2778
115.93227
711.617
271.7004
-374.74622
354.31845
-1696.1003
892.8669
1156.989
-193.22026
697.8284
-43.163006
346.1618
860.5309
-286.76913
-724.83844
-807.81665
265.2445
-95.548325
2587.105
-329.8707
279.3688
361.20523
554.0988
-794.31635
850.384
182.39964
-869.23425
617.09467
-44.80608
-185.5381
291.5146
1076.5326
592.73364
442.01306
-868.4533
-601.5879
195.1146
-885.43335
65.097694
86.72245
1589.3392
613.5378
-1102.0171
32.322395
1230.2058
-298.91855
-558.50037
232.10667
1291.6399
-124.29817
-1666.3643
-288.7167
-350.18158
-705.8332
1206.3372
-1121.378
281.73145
268.31
-1230.4613
851.0553
646.7883
-1153.8185
-1182.3152
-787.45526
370.35504
97.81654
338.14053
593.5106
903.9914
-555.86975
-50.183403
577.0268
-1103.2288
586.60876
1472.7543
-929.60754
-507.98813
-566.62915
-217.8531
-2643.645
1856.2113
810.24994
-906.6301
1380.982
372.1507
790.574
-609.23706
-738.10596
1087.6573
448.75888
-640.1692
468.30884
1030.5396
192.5627
202.53192
195.35448
-171.20491
343.95056
-153.80283
-914.62244
-1431.0604
1300.9021
-407.38797
577.6962
-474.50772
-667.09656
304.15112
-24.654238
-272.26212
-1505.838
44.440247
-434.38864
1433.2751
-262.7478
-291.9382
-927.29535
-1066.0002
-1805.432
376.903
551.0303
-1217.7544
-1213.8479
1208.0292
761.7374
122.216866
1430.931
113.951416
114.22007
1059.0322
-874.51764
2.2549105
-246.63345
-1037.0222
385.36066
162.55267
1641.2128
-28.412807
-1968.6738
1469.4594
-410.53363
-124.97459
-65.36523
323.0293
444.4366
139.62036
1726.8672
-669.75275
505.3269
2123.076
-1051.1216
-734.19916
752.6609
771.4569
-1022.4638
273.67697
-451.56796
-566.01996
-590.6108
1460.0807
1746.3572
1084.9174
398.8973
1521.6606
57.84338
-151.17273
808.7563
1279.4379
-117.96439
-319.35422
452.54596
111.504005
-51.599087
-633.61707
-498.81262
742.87787
-186.94456
224.20999
247.40463
-624.13684
-1030.1761
1787.5255
-847.91425
-1063.7727
-472.2302
-255.98576
1461.0055
567.9439
721.78076
-75.041504
651.1123
669.87384
690.0909
1019.44946
-135.687
-462.7534
339.18387
-323.08163
130.80183
1632.8242
1162.6134
1684.7212
-1310.5533
933.0631
2252.8926
232.37923
-672.72784
-310.57242
303.96994
904.30383
-868.8668
2071.1252
433.96466
-1124.6189
-255.61392
-1875.7059
1047.678
1557.9667
-1122.3564
274.7405
-1222.9252
-636.64014
219.26237
-187.45296
147.44394
-937.64996
-826.77563
-219.83467
180.39993
866.7523
-971.0214
-954.85
1293.591
-2330.973
904.0431
1100.3517
-402.48114
574.27
101.46325
-373.97607
705.485
-209.38493
-182.96896
1066.3203
1059.6406
-168.50868
33.26498
-321.7823
655.9765
-304.34146
-692.5243
1182.1161
-87.497734
-247.23819
1422.3326
-508.60556
-1326.908
-430.39392
-1460.6337
-717.85425
-1311.6904
376.3542
53.76319
496.2027
211.90523
-599.05054
-1038.4878
1238.5955
-886.74554
-2115.2427
-437.6511
-330.59372
1351.7222
518.4503
-285.43454
689.02386
-717.32117
663.6269
-51.155876
-863.61523
-83.876144
1.8666773
648.7941
-108.76955
579.65564
478.2916
-550.4673
-311.7638
-79.13979
416.6271
895.8803
902.9142
-612.80206
-336.85825
312.14792
504.15588
-798.46747
779.5131
-1188.6228
388.26566
855.4989
-1294.8073
-188.25354
-1970.7157
-659.9097
444.36307
1289.0371
-1182.4448
262.95944
-833.8798
1226.7122
114.57392
-628.9581
396.06024
-1127.4072
133.56447
851.5776
-2663.7488
839.32465
196.09904
