-1093.6096
552.79626
1319.7367
247.2869
1305.7639
1107.3665
-796.2598
818.7791
236.37001
518.1542
-844.1011
-1562.4729
-777.28375
-809.8992
-121.563446
-1957.0488
-1697.0679
303.63644
-621.2746
1775.4808
-967.6963
-1014.26373
-389.5975
-452.20462
-1090.1245
210.34082
-203.22769
-317.38885
-1961.6589
222.68195
773.64307
157.46329
1485.8026
2487.8137
1336.4609
1124.4043
-759.89966
-279.86914
-305.74875
-341.61975
-103.78425
-1690.5028
-446.91074
1607.5679
759.0783
-661.2686
-227.92554
-611.7358
-1480.3462
829.5529
899.4365
-17.241411
-50.71701
-1044.9476
1947.021
-826.9664
1685.4117
167.98138
610.7142
-242.59781
-300.37836
175.72174
28.193428
-1545.7043
-317.10956
802.7336
-854.6145
101.347275
1986.527
313.12653
-1313.0776
398.5529
135.31769
-296.8011
308.005
-1080.2189
-117.96513
-957.5696
-799.5359
521.8946
-319.85428
-1168.7714
-528.0697
-310.17755
-788.4607
2562.0298
-1519.2167
865.8552
1953.0668
683.95435
-988.5466
149.12083
843.4913
808.12976
-1077.7473
-7.6890197
1785.4498
496.05096
599.3912
802.0261
-947.10333
9.077932
-1008.0985
-241.45244
-753.9395
-35.325104
-233.05533
1339.75
-184.18167
-736.6461
-1158.4585
1569.9048
-295.1741
-264.96313
1109.7153
-44.366844
-951.6289
242.54951
-568.72217
-1577.3851
709.5467
302.89526
385.03375
240.25119
-478.8162
117.11481
-765.0773
-1286.7808
443.36978
-632.6189
-869.3362
-306.90698
-867.563
-397.63873
-447.38928
-1232.7902
-97.34112
1096.3907
145.41089
863.51416
-1212.8978
563.8551
-1648.9001
-1246.632
-519.00995
398.1925
-102.94521
1455.6957
-810.2999
-630.99805
1242.2684
1674.9183
-590.19617
85.38617
456.05536
-1058.8575
-914.78485
-1053.8401
-2580.3408
254.56346
462.59808
-1787.914
-175.56534
809.2993
2025.6102
1173.2599
270.58365
700.8957
1793.2686
-1780.473
286.74268
-1633.8741
-671.6616
1018.2654
853.74536
-128.51747
-360.1319
343.8176
702.0685
-787.10126
-140.47131
969.70074
341.8978
-683.8331
-1028.5281
-726.40436
867.27795
461.44974
-1086.7894
-189.4148
2.804493
-919.88
-220.86833
952.9649
-361.65747
-1007.61273
1404.4883
377.51263
456.03732
227.9745
-647.8465
1857.7214
603.08057
1133.7106
-45.052883
486.2585
1741.7335
-577.1319
-1373.5676
-264.76694
15.827087
821.554
-673.25946
-2332.7595
-168.48157
2856.556
468.17743
816.5177
-268.1403
-189.93533
-649.4034
465.2769
1278.6865
-206.83989
503.43137
753.3398
848.8558
15.670393
274.43887
-301.34198
217.29211
1013.355
49.579437
-136.72707
748.0268
-1219.3889
-2338.3438
1478.1918
-909.55756
-575.1791
246.39423
931.20715
392.1624
-859.38196
1179.3376
-86.069885
-293.4614
-1187.9667
-2066.2593
-412.40228
-727.34705
1865.1809
293.4593
1851.4299
-787.65607
322.05573
1127.0363
248.13292
-452.3496
726.6197
943.5353
-1676.8866
-73.13028
1071.513
-313.05426
-304.4204
-150.46114
-294.20728
1457.3752
-1781.2816
433.4597
-1258.0331
-641.21106
-1921.1735
785.12744
-48.967712
-1289.4447
1404.5388
1301.3723
1188.2561
-56.79258
190.64581
654.8782
1192.049
1460.0323
-2010.6536
-1868.466
-1064.0471
1712.0038
-272.53687
-336.52734
-195.98654
-1105.2039
283.09665
-1180.2759
142.70801
519.9434
-568.8743
-1369.0673
-963.14905
-1185.1499
-1526.3033
215.68211
-1424.9937
-659.13855
-77.82016
836.59796
511.10406
-1495.5354
-110.17756
-268.53302
-814.5697
-284.61124
871.1596
-1559.6583
2268.244
-826.0395
-319.3447
-1284.1024
235.50131
-52.612553
-370.39465
-641.15063
-460.3439
-128.43248
681.2116
923.57184
-822.3219
620.9522
399.09058
1115.4863
420.27768
-841.45325
939.21405
-1433.4882
913.43976
1476.661
589.2949
514.884
-98.148056
255.24237
1036.5641
-738.1088
-548.268
-1249.7307
-578.69543
-319.59213
1618.7125
34.39684
182.28792
339.90247
196.35658
-1285.442
1351.8857
-79.159386
-1112.1113
79.67578
-299.60745
597.0554
-135.44032
391.4801
400.3847
531.4355
-768.4606
-129.0082
185.1008
-1257.4601
-2.382361
-267.39517
1632.6975
1202.7714
-187.20694
645.0432
1108.2124
-926.87427
-901.1379
119.09071
434.69495
-116.847115
-858.0786
-808.2834
-461.23972
-982.39075
1627.6382
-780.25134
544.14014
989.95996
-977.7332
651.36365
341.3551
-1360.7366
-1291.0659
-576.4687
-164.76288
-75.28932
293.1834
318.0066
1394.1725
-457.72723
-697.4748
276.22424
-1400.547
522.7778
1720.3519
-142.27582
-200.9541
-21.741394
-597.58997
-2671.9646
1942.9758
565.03766
-1043.8531
980.6531
804.007
1204.8749
-636.62164
-625.26086
1350.7968
807.3888
-1311.7699
528.74164
1269.8876
-421.53387
42.98164
53.867172
-83.21151
612.829
21.049818
-1621.9153
-1065.9562
1543.1643
136.4572
838.49036
-906.6095
-161.13649
531.0521
-602.86304
149.06187
-1771.3011
-477.59656
-682.05524
1318.6202
-485.47363
-542.7852
-1281.3474
-470.87512
-1642.277
-57.96125
596.1556
-1668.4673
-637.36346
1360.1677
578.7401
326.03796
1182.8851
373.01913
-109.158295
1269.6057
-792.2223
-496.9261
113.27202
-1076.601
376.66614
-579.8691
1396.5088
163.62952
-2374.2656
1212.4329
-476.19366
109.07615
301.6565
-221.80708
328.2403
542.1231
1150.4423
142.60864
1194.2063
2514.0789
-871.9983
-902.7813
601.001
27.935713
-1578.497
77.91536
-670.0883
-304.8483
-544.0966
843.7539
1931.997
1651.5966
1067.0085
1008.42175
-388.13116
-764.2771
94.17297
1028.4635
306.1225
70.94404
190.62173
78.034096
18.260164
-145.94028
-174.59354
907.34235
182.88878
386.3808
-86.0915
-306.6962
-1003.1028
1622.8862
-1210.8445
-1069.7827
-62.592846
-361.6123
1417.2704
500.3107
1315.4812
-449.87415
678.17694
727.30664
446.23477
-190.11502
-399.32043
-436.32098
1409.5326
-957.37823
1043.5945
2071.8467
1446.8894
1755.3309
-1599.4187
480.16626
2643.1987
221.93227
-474.15646
-540.19855
174.51773
693.336
-1448.5297
1939.7078
1122.6095
-1322.7701
-495.76874
-1842.5486
564.3149
1232.7542
-1483.8357
-270.72546
-1105.8029
-23.713947
652.2127
-55.66126
151.04417
-1212.4629
-653.9886
178.93585
150.83655
1253.7019
-191.08156
-1453.0923
1293.9968
-1856.5945
940.0832
1436.3911
-785.6639
701.7293
392.48486
349.7101
709.9326
-386.14044
-37.430508
393.32104
1760.9857
-428.45493
-1060.1014
-250.14865
739.4861
-275.03772
-571.0821
1468.282
-82.48223
-886.79175
1935.348
-543.0925
-1696.2439
-523.3868
-1583.0361
-497.6523
-1661.646
313.43594
512.8046
103.645
-115.06143
-474.29755
-731.4746
1083.5846
-1187.355
-1324.7394
206.96361
-301.39557
955.6105
6.2937055
-179.7012
601.2982
-522.66583
361.7064
309.34573
-711.23834
-17.537157
517.8071
656.14856
136.30972
34.633057
166.79025
-423.27344
-230.87335
6.4478445
342.0321
872.3349
719.6102
-781.5085
-193.75568
640.8627
642.1714
-1199.3256
973.35614
-1207.3634
1160.1306
1005.6386
-1662.6724
-339.0177
-2248.8567
-794.5781
340.5241
520.14935
-765.6295
-72.550804
-1290.5793
808.9231
-423.7872
-729.88586
143.77823
-2019.146
281.82022
825.87897
-2729.9197
199.22156
659.367
