-455.4741
613.29297
1008.74994
383.08167
1146.3228
965.70514
-667.81836
742.3649
-48.454197
349.68326
-611.94434
-1370.1372
-759.8002
-1068.6057
-669.28375
-1452.2019
-1248.4077
566.124
-324.04483
1875.3529
-313.76868
-965.64374
-212.33842
-30.673414
-1291.1959
-96.38831
-904.31433
-85.43004
-1038.8718
235.71405
620.195
114.01942
962.6329
1828.9764
1703.163
940.7367
-87.245445
-737.1247
-78.40263
-394.98892
-769.6239
-759.52203
-556.17694
426.27863
786.5718
-562.8749
-304.60242
-925.1912
-906.8026
402.16016
532.84467
-0.48958015
-178.24425
-1435.7373
1593.1947
-470.7599
2210.0508
-110.07643
551.03894
-138.83261
-204.24883
78.40939
375.1961
-596.06946
5.5057883
212.75247
-311.62433
343.1437
1854.569
12.15554
-766.4318
-22.43737
85.525826
-241.21407
267.1142
-1517.9587
165.8945
-1466.3062
-319.26312
692.24347
83.670425
-760.61017
-858.28424
-1036.1978
-674.2594
2357.3877
-1241.6444
1245.1957
1429.6582
1008.8668
-501.24548
127.991234
929.4412
548.80096
-497.2391
-74.96745
1418.8778
1035.2592
1003.795
-4.6892605
-1139.7349
609.2496
-1204.1442
-397.1833
-229.90074
-46.83173
-65.9755
1238.9741
68.14306
-681.9889
-1775.6495
1142.735
59.271027
-611.75934
910.97955
-272.5917
-590.0055
324.0739
-651.2621
-1938.8407
265.53973
755.84674
123.61949
36.303886
58.03575
811.78864
-686.37024
-1058.2062
1042.345
-566.7186
-71.654274
-32.67836
-667.3496
-676.7548
-127.89327
-665.0199
-368.2423
763.1233
595.6942
721.3419
-472.2611
329.66583
-1710.4315
-1241.7521
-313.32022
1313.2483
111.105156
1406.5878
125.12282
-629.7238
751.14905
1348.653
-319.6551
-290.2454
373.31204
-702.73444
-349.44016
-650.33936
-2519.5918
614.6133
689.7145
-1210.2866
150.27753
223.12672
1997.4368
1026.3346
91.44799
106.548744
697.2452
-1724.968
-234.23781
-416.75287
-449.99124
1066.8593
420.4099
293.85315
-230.38177
797.5833
543.1407
-1189.4518
-320.56284
626.55896
71.36321
-662.4414
-438.94296
-168.8244
1424.429
-408.28134
-919.14935
587.3017
27.603716
-857.6031
-105.24065
951.98334
494.88406
-741.23456
885.7671
-455.4063
986.69196
240.10204
-220.93951
1602.4387
232.90776
848.6155
102.00846
965.22235
415.5413
-472.0846
-1676.584
-505.4359
-158.40738
215.64871
-704.3018
-1582.8516
775.57404
1795.4124
-165.49542
1300.5685
-214.97406
-451.7381
-305.88464
137.53937
637.98944
-440.82587
-123.814896
510.16406
773.22455
89.64487
690.8125
-720.5206
-559.10657
653.1304
5.8332396
637.9925
649.48645
-1427.9961
-1478.6022
1415.1298
-319.51022
-361.09485
365.6333
779.4039
762.5149
-226.25989
1409.6898
184.60976
-573.0507
-783.1919
-1280.6617
-1288.0847
-1064.5416
1686.7859
748.32184
814.8039
-486.1412
563.4312
1206.9247
-128.79633
-764.84515
305.03906
168.70825
-446.342
572.7645
1066.0339
-478.16373
-838.1618
-87.05494
4.8786993
1100.9312
-1465.474
409.22156
-1472.3949
-589.50336
-1419.2432
253.42046
273.9138
-959.1883
1294.9741
1055.2076
946.6394
-97.50203
-118.7343
450.63562
1059.781
1314.5575
-1483.4169
-1504.4958
-1077.1052
1359.1058
-212.52515
-286.8441
196.88307
-830.26965
273.9128
-801.34485
166.62744
-3.3449063
-93.741486
-871.4176
-611.3407
-646.9972
-1041.4268
371.2181
-730.7147
-596.79486
-316.98676
723.36334
-562.4482
-1405.7598
179.31187
-375.39566
-1680.6315
-336.2882
403.78265
-863.72363
1729.8821
-861.971
-638.133
-974.5548
584.5943
-134.22852
-244.5329
-740.7214
-454.31015
125.72039
318.19455
1562.137
-635.7676
711.7798
-69.09685
699.9562
247.52307
-240.01503
302.09402
-1547.9596
837.18976
864.0307
-283.52612
582.96356
162.34235
427.82584
589.70294
-433.0506
-717.9216
-684.0568
553.786
190.31273
2314.972
-365.27972
290.71335
186.8469
753.85754
-596.3647
783.0492
122.61278
-715.6742
524.4845
12.581646
-243.05695
260.98264
806.2159
602.0568
239.42485
-822.7835
-787.9415
276.07635
-555.1934
390.1012
165.70914
1725.4933
821.38715
-1135.7922
173.82358
1127.1459
-103.20328
-596.69
438.18588
1210.114
189.01082
-1577.2025
-243.86589
-178.42885
-654.4884
1092.9541
-1219.7244
453.79807
91.70643
-1171.6053
712.7958
440.40726
-1146.3766
-1518.0012
-762.05945
493.58115
-172.64485
396.44
370.23077
628.7652
-206.88315
-5.348598
614.2048
-1256.5549
631.0347
1300.0674
-1026.1562
-173.56335
-831.8896
-233.88455
-2684.292
1759.0009
891.67175
-964.49677
1535.4039
128.5976
626.1906
-614.9102
-658.875
1195.6841
693.4013
-630.32513
428.72705
1313.6554
378.60898
178.73155
138.21465
-202.71754
293.67932
-75.30673
-889.17053
-1297.9385
1217.587
-415.70697
709.1461
-568.51355
-522.2124
332.5233
-35.90042
-235.3214
-1662.9476
107.38925
-393.6548
1332.119
-148.52483
-191.16382
-575.15326
-1076.3264
-1605.4529
263.56454
637.9479
-1334.8713
-1161.0723
1083.2828
547.6651
387.72348
1462.6488
-3.1549942
88.10235
1057.0459
-769.4582
77.3151
-308.64264
-771.73663
352.68103
448.6701
1377.3562
-255.23018
-2004.2109
1388.3788
-425.1728
4.2243457
-437.96817
623.0397
372.6461
-0.50375557
1648.7881
-646.3935
435.75632
1981.5089
-1294.5293
-757.9351
691.1738
563.99744
-1062.1351
120.98951
-321.37613
-659.06323
-719.2123
1200.7235
1754.2731
1088.144
241.00267
1590.7657
70.32894
-72.10448
626.57654
1088.1638
-173.72017
-295.99286
345.5826
129.70003
16.732021
-827.40735
-599.8608
553.3946
-241.85898
234.2048
-187.266
-315.64822
-1200.2026
1774.3042
-878.4828
-789.3322
-507.96143
-665.33386
1566.1742
366.69016
650.56696
-320.147
587.3578
658.665
970.0323
1236.97
-84.3612
-398.98233
432.90182
-466.47113
101.84146
1580.0344
1289.1453
1418.6367
-1277.9701
757.2111
2409.4927
197.95837
-497.70865
-126.79988
759.3012
883.4487
-700.9031
2182.0767
550.9255
-1113.4696
-8.456262
-1910.2688
1142.4108
1398.9133
-901.505
74.06882
-1115.8004
-589.8678
120.84584
-84.756744
312.48953
-990.91425
-657.4987
-168.53699
-102.93132
686.53864
-861.0309
-720.1806
1623.7722
-2341.8013
879.6991
1178.1031
-246.16081
395.8781
3.1374607
-428.20654
768.335
23.900562
-48.35371
1358.0883
1081.9171
14.062413
-102.6617
-216.81665
813.27966
-255.45909
-258.038
1264.0757
170.44797
-146.80223
1643.2837
-101.068634
-1576.5378
-626.37866
-1660.134
-762.70624
-1166.3617
381.8006
-78.967255
557.31537
281.61578
-731.46857
-1001.4859
1352.9739
-1074.5033
-1782.4467
-629.15
-49.957756
1070.414
142.28844
-327.83594
744.8034
-810.2405
521.1918
14.111017
-677.93524
68.34151
-267.04398
750.6372
-83.3769
566.5949
267.87326
-467.32275
-66.09495
-101.394005
587.61066
688.3591
836.66656
-619.5608
-219.90765
372.1119
430.1017
-859.15985
687.60315
-1251.3228
554.73627
695.6119
-1253.9688
-506.1229
-2107.9043
-545.3993
364.47052
925.6667
-956.4779
127.624535
-521.06525
1372.5173
288.85364
-583.5916
638.7581
-1069.4519
45.499294
803.58765
-2373.669
684.64777
-84.97386
