-272.57773
691.32166
-110.8431
453.7134
-136.17697
302.0262
187.02725
531.5452
469.2312
-9.944302
393.69556
-1190.9519
29.657135
-10.603602
-157.37698
-939.80756
-398.72577
427.13986
-78.00691
581.6775
-178.89667
-990.1183
-174.85136
282.94608
-584.4149
-335.30786
72.17422
-124.15704
-481.52542
14.23998
-170.73134
-384.8364
-283.2179
1097.1842
675.4053
626.0162
512.75604
21.104168
25.19815
-453.36075
-699.4651
-678.1337
66.31876
176.97958
303.7331
554.31
130.73322
-373.9283
-227.19765
429.8216
-525.5102
389.66824
-347.33124
22.864685
426.59534
238.09961
1450.0056
-689.8494
-589.34235
-214.29048
-242.93773
365.93442
486.79498
-549.5246
403.91235
-5.748348
58.01422
-287.1149
984.33673
349.71738
-262.29465
282.20535
-1.2081792
262.00757
140.0912
-111.58465
-279.0536
109.49564
-83.60104
52.533806
-520.8664
-167.88551
-748.955
-373.05475
-849.48706
1026.9941
-909.6065
1099.4741
951.3454
253.85089
-366.9917
462.7289
902.5136
-1032.0527
-488.0393
233.58539
570.0835
484.56342
383.82233
-25.904411
-873.8182
-554.54016
-549.7322
-42.565796
-1131.3392
218.56738
1421.1611
906.64874
-195.35236
-114.72974
-730.4445
211.204
366.45776
114.08835
499.61502
-135.87878
185.27203
422.68234
257.36505
-1144.4413
1219.9476
234.5313
570.7858
-532.5861
59.64183
287.26965
-773.6091
-676.0589
707.99414
159.74413
-352.5788
412.97055
-863.353
-201.88116
-683.588
327.3605
-447.18765
-88.19481
299.17477
-229.93063
19.342876
-388.14236
-1440.5065
-1099.9276
-418.45935
747.3671
567.83997
959.666
258.55304
-567.9795
405.81183
888.58765
72.04807
-370.41083
-32.637394
160.00085
-430.86093
-150.96143
-1211.9102
244.77356
513.5865
-834.058
427.16196
-72.72576
198.7723
332.46118
-887.60364
442.53995
433.77164
-808.7216
-328.46506
0.5766113
622.49774
361.1261
64.509056
269.47598
162.32541
903.418
527.0073
-851.1271
-73.04693
78.312454
-117.785995
-90.55593
146.4332
-498.88315
740.0268
-454.22156
-587.7376
1087.3528
216.4052
-623.2115
-31.351883
773.2265
463.3002
-119.90277
359.23114
-247.44621
159.8086
-395.14474
-251.67314
962.8524
212.99556
375.09338
-195.32608
-137.50139
-157.18567
-26.797657
-697.409
-548.7951
830.0587
314.28214
-931.03546
-729.75415
816.2444
1442.812
-498.72708
1243.6392
54.567852
-283.29077
147.49591
505.3239
663.996
-1058.0214
-981.9699
362.29895
-615.42444
184.20293
315.5803
-690.231
-116.23912
759.09406
-51.133835
-445.6636
252.06404
-492.70773
110.70641
483.92865
-541.7803
23.922876
-375.5681
657.4114
-90.03277
-450.23077
719.05493
-475.42368
-732.63873
330.44205
-1132.4009
-106.58331
-618.4244
1040.577
-193.3778
358.72903
359.56543
4.5351887
215.60573
101.62198
-487.54376
507.606
-3.946322
-443.0918
-429.9853
-209.57147
83.88199
-953.71387
-481.5807
1.7142899
-198.86296
-405.95544
-25.23442
-1311.5323
624.42
-48.938473
-125.97783
-508.5205
-366.74762
459.30313
670.1571
235.03116
198.40744
126.59562
84.78393
232.39807
866.16583
-390.76788
-924.63934
-703.85144
284.22394
29.714151
473.68582
-121.561485
428.09015
678.9702
-216.45256
338.07748
616.24176
-672.9512
124.94791
-442.2396
-294.25055
112.38929
-922.6473
-808.43445
-16.57055
-79.24662
462.72937
-202.8478
-137.813
-175.39629
322.78973
-85.63569
-21.908358
-19.263851
-592.1641
-93.680275
-192.63286
-574.65717
-634.54376
-25.46179
-314.34286
100.487686
-916.07666
258.03986
-308.5979
1288.8551
584.8372
-138.02345
-152.74132
409.52484
-786.0048
272.98694
-157.36954
929.5018
-942.0327
746.9683
777.2968
117.5232
347.2767
1126.6725
294.4405
24.32599
-1172.7926
199.32413
-679.85486
488.12445
-18.77116
1339.1642
-107.14142
906.175
186.29376
496.78006
89.25205
-153.90843
232.14302
-89.28944
-72.098015
-28.66994
-580.38727
-71.24588
115.12982
-123.53749
561.22516
-281.24518
-958.30096
294.2251
-816.86017
293.22827
-156.5146
815.7144
259.74332
-372.8601
354.73834
248.23335
1007.26526
-457.70657
-215.74236
406.18607
-303.60736
-938.12103
275.78522
-282.53543
-465.51047
-323.35428
-925.42755
112.308174
-34.668274
-580.06964
250.88548
958.64417
143.7227
191.04935
-348.51883
-108.57688
-305.23074
-231.39444
134.01974
992.1716
-885.5238
515.9428
705.84656
-292.23404
948.44965
1016.9242
-484.24606
278.93546
-538.81866
-366.89648
-1882.5496
948.9024
71.75197
-3.9585166
538.8177
349.5778
47.260643
-615.4724
-57.34998
47.95038
-533.86066
-617.91626
176.24467
-23.923456
189.53802
280.09637
166.54533
240.162
-196.13916
-224.7433
-659.8667
-353.5919
860.58466
-759.148
19.76267
-819.39124
402.248
86.373665
-136.79068
55.5244
-149.40907
-283.49725
-32.464478
361.19162
389.47928
-191.53427
-158.16573
-432.49393
-19.600485
-299.86923
385.50098
-442.18326
-109.42017
365.47766
-165.744
497.74426
531.4847
313.31528
-729.00806
261.51172
-325.14398
-391.02872
-116.05669
62.42799
-152.20491
924.7521
285.6029
-281.39844
-1075.8928
840.88226
169.02367
207.5227
-497.6962
-452.39868
-56.258766
284.90915
727.04694
-485.59583
451.92233
1056.5182
-509.8231
-320.87372
290.1787
160.20117
-965.3854
-85.977394
110.88537
-942.78656
-756.36304
673.5445
922.89124
169.28653
56.61866
758.80194
153.6471
-402.65744
-70.99512
-635.4542
-301.19897
-8.552519
261.78738
258.69797
419.16693
-223.72728
-1074.4666
499.9946
-366.55728
174.10504
-528.1184
-13.399953
-529.2361
-276.12836
-195.05803
73.84835
-112.802055
-926.1297
349.1443
-494.92007
24.331285
175.16338
366.48022
20.350645
868.60455
651.8059
-411.52353
-318.22845
461.6999
-135.58621
-532.8914
730.34265
849.86566
406.08746
-646.51196
126.22369
1312.1504
432.18494
-153.36082
176.98479
121.08061
638.7736
-659.1744
749.4487
-304.24564
-411.75943
-287.47766
-18.56107
68.55113
567.5653
-73.71584
-457.1983
-949.94556
244.52913
272.17203
767.4672
-60.913048
248.14395
-1055.8469
243.2031
48.77833
131.34473
-84.29348
-413.42853
556.0225
-1363.3619
688.39264
898.62445
-467.61108
-188.8884
417.91965
-544.2041
308.02078
-237.11299
-152.03683
220.20073
533.83484
644.1512
375.30826
528.9961
81.66867
433.5391
85.60866
456.05936
681.6747
-18.84941
1199.5171
-241.23958
-1278.2733
-211.75082
-1028.7568
-520.0434
-1264.9467
531.49713
-277.71832
-6.8421907
586.0315
51.868294
-1051.2363
630.6468
-257.5332
-984.8434
-189.35074
444.6351
-432.67432
-42.18456
-71.94438
1323.7922
-1149.3772
-27.724476
388.28564
-312.8513
-27.850285
-439.67038
448.81314
363.03238
984.3152
252.39616
-132.86966
-582.2253
116.39093
593.02716
993.63367
1021.0284
-561.2351
-636.9992
106.65338
50.19632
-700.2363
526.599
-678.31793
1219.8356
-308.91177
-567.86444
-186.30272
-425.55283
-113.96184
420.81094
850.8883
-529.3196
174.06674
-583.64856
727.6086
151.3022
-226.39201
105.11088
-573.5705
-106.14376
535.6357
-1307.6442
307.45038
150.19122
