405.93762
1133.9711
-96.75237
618.763
1306.4147
998.0506
-668.21075
567.2335
93.74953
-213.85373
-54.072
-1729.8329
-723.85474
-1046.8658
-376.01978
-945.92896
48.691055
751.5418
246.87086
1754.7589
-62.001667
-1693.0662
-615.80133
1.4274247
-433.29468
-418.18173
-924.71185
226.59628
-567.11566
898.1847
373.17126
-355.94278
404.1888
1833.7644
824.3249
1116.847
57.85981
-555.7659
-223.06303
-80.88949
-713.2809
-768.8803
-834.99927
709.5803
314.76828
-322.3665
10.82794
-1036.0461
-1164.766
443.2466
-113.60467
414.82654
-45.40378
-1098.1097
1060.6697
416.64737
1904.219
-599.68475
539.11676
207.99768
-163.7173
-128.3573
482.6508
-173.7016
-289.37112
81.710915
-151.11655
195.29434
1824.2258
-228.53853
-774.34235
575.9373
28.525259
-268.65643
42.97721
-1707.3691
-596.69586
-1367.5237
-294.74884
627.78735
-234.18343
-649.32074
-691.68536
-1141.0332
-399.6823
1792.6401
-1246.4456
932.1942
1150.361
530.7183
-821.40924
255.36055
757.2545
3.5977075
-56.76653
-215.66913
1026.3691
1287.1737
632.7306
155.19868
-943.134
-142.23297
-1018.8459
-431.47394
-1111.4044
-52.384045
69.75527
1099.4451
-94.81027
-592.3999
-556.2193
885.4532
280.9624
-185.86182
1504.5753
-139.01097
-188.7468
514.0342
102.24714
-1750.2642
165.60265
451.96405
92.64633
118.938675
217.42355
776.4432
-747.902
-630.4211
751.3969
-288.29614
-162.16402
-89.344894
-453.2188
-964.5844
-240.70547
-230.2213
-274.62708
694.69775
805.51715
448.3113
-624.1274
93.81134
-1778.3894
-1535.1741
-678.5822
1569.6971
186.31657
1345.1486
-30.697084
-524.1722
576.37415
886.2173
338.29373
-71.04954
177.05704
-74.01975
-749.87335
-36.56093
-2263.448
461.10022
769.53436
-1097.9371
-225.44283
-83.28799
1779.7615
413.77924
-241.6773
-344.47733
489.8293
-1327.3888
-518.06006
-271.38327
-247.21268
686.316
374.2613
499.89517
-133.07489
371.43985
428.0224
-815.6145
298.24103
504.55234
323.8929
-111.27296
-88.79644
-875.84827
1186.4198
-551.1122
-1157.2719
521.4403
76.96195
-730.4452
477.2622
1113.9773
701.99866
-701.55963
809.18854
-396.11798
732.4495
-31.575798
-690.0529
855.0544
114.294235
797.65094
-114.8484
156.43823
268.2142
-879.87933
-1935.264
-774.11945
184.31505
-382.21857
-790.8857
-1500.442
667.62024
2125.2449
-442.03632
1441.473
-247.9673
-721.3109
33.523113
-25.728657
402.80624
-834.5964
-518.23596
1187.6016
166.51341
447.27847
1187.4768
-259.44598
-429.5876
1060.97
58.20761
182.3635
561.7405
-1309.6245
-1069.7148
1019.565
-944.538
-94.87892
502.9671
871.4391
855.4212
-332.2469
1251.0267
-16.67902
-322.62943
-806.21545
-1264.9454
-664.9277
-878.41565
1682.8118
633.9289
1247.6503
170.8292
462.9296
779.3897
-367.29324
-939.05695
1166.6083
150.50964
-190.97333
537.659
369.55588
-706.1271
-868.39355
-376.5886
176.07648
45.158398
-1196.8969
79.935875
-992.0327
311.2479
-1393.7284
303.71426
-216.61168
-589.9783
692.04974
1301.2393
969.8862
100.219475
227.0793
690.86383
883.1948
1688.3134
-618.60596
-1115.7344
-1189.6532
995.4629
12.609874
507.5004
-337.45294
-182.96591
659.8798
-652.9463
-156.86546
129.07861
-776.4823
-200.6996
-633.465
-534.6405
-630.97955
-237.84436
-750.80927
-596.8593
-42.50312
293.10126
-624.2317
-868.725
205.90005
-518.86316
-1407.1987
-348.5479
212.50932
-812.2473
589.75323
-959.145
-994.027
-861.13104
549.5927
-602.20197
-37.74825
-575.3359
-155.10123
67.15543
831.2041
999.15247
-1119.4385
267.3662
-132.14374
-198.01083
45.969616
-188.9493
352.0021
-803.2913
834.08734
765.69714
-463.08997
395.02005
716.2005
386.88205
-52.44532
-782.60065
-541.15094
-546.29767
1039.3479
166.3215
1662.547
618.5551
805.7419
-243.7661
363.52335
138.34256
115.7036
301.41095
-1012.74384
335.99753
-321.82007
-493.764
26.420443
716.9204
-44.632015
253.38205
-905.80927
-917.65436
393.08206
-628.8046
-110.96379
-108.9205
1528.4662
580.1046
-1212.6606
-84.91063
139.54672
361.37646
-528.0129
545.2896
1244.8065
-61.263123
-1025.1515
203.27454
-351.5488
-626.25574
633.41595
-981.95807
109.44012
-280.5144
-1040.4183
337.3516
393.6869
-625.2596
-988.3692
-608.20233
411.74075
317.0167
513.1878
620.93524
954.2454
-674.686
159.75645
873.3563
-1354.6931
435.5622
1232.4464
-790.8811
-183.00633
-888.075
-169.5458
-2589.7283
737.3823
1072.4303
-450.59445
1127.6096
-53.25935
573.59204
-598.10944
-898.9143
562.991
209.74252
-803.5194
521.027
1013.8998
600.31177
209.5544
820.4693
-24.484028
434.72577
-79.20597
-718.7904
-937.2758
954.2507
-606.5037
384.85016
-396.55927
-143.90553
552.0876
-192.61365
-80.73329
-817.50214
569.35956
-671.039
895.97784
273.71143
-294.34497
-35.45913
-619.9387
-1205.9479
-134.46657
770.30457
-427.33105
-517.9602
1138.426
548.65295
556.6022
1331.552
-68.565414
-150.69424
536.75305
-133.33513
209.1564
-12.477238
-112.85393
217.23482
431.76044
961.73285
172.8613
-1960.0063
824.1287
-306.0696
579.8023
-585.62384
480.70728
322.33704
83.19445
1342.6979
-789.9657
501.53232
1330.9225
-985.51794
-1317.1948
561.9286
928.64105
-974.88354
-150.05304
96.735214
-682.4322
-804.846
1524.057
2106.7388
1098.2074
-74.48373
1077.7001
19.346989
-58.640694
389.77225
712.8046
158.08975
-558.6244
346.52252
395.38028
264.45004
-984.51697
-943.3478
342.55447
-553.14325
197.44983
166.18663
-116.787445
-1385.9645
1457.6056
-509.08356
-868.0169
-361.06497
-897.56866
1075.3801
-276.17343
471.44937
-1.9509988
666.19995
415.9767
574.3882
550.5476
-899.6998
-295.05795
-234.04799
-529.4657
314.49362
1296.4785
1791.37
1042.1698
-1077.2388
447.4277
2324.5137
462.36572
382.57883
-799.0676
829.1505
447.78168
-434.54047
1430.3844
148.18105
-824.2594
49.481224
-952.8714
651.0901
1495.5671
-754.5368
-242.0497
-1143.0674
261.11035
846.1216
233.12709
4.729012
-219.9613
-1142.6019
-311.79678
107.356926
714.6997
-921.4695
-321.22556
1311.6702
-1632.4594
922.77136
1254.9072
-265.12247
502.93115
590.0223
-993.4526
512.7418
-162.3809
-331.75232
1427.171
850.86694
-51.408863
-282.4399
49.452087
906.71265
-639.899
-412.41916
806.96454
207.13127
36.816235
1403.964
-120.499405
-1545.154
-542.9527
-1423.3748
-578.0065
-1383.6625
876.58545
271.08017
405.09894
-62.93393
-330.9752
-473.30618
1485.3936
-1039.9961
-1829.9086
-376.7672
208.43103
384.4784
-108.84377
-739.8028
1087.6936
-607.78235
157.61604
676.7424
-945.0775
-236.16592
-354.81323
1066.2167
588.3638
875.6211
301.08884
-457.95523
-3.5060418
-165.45375
792.5026
739.2231
1041.5033
-504.39374
-351.1196
394.77014
67.10947
-826.9489
1243.1329
-705.91797
448.21976
146.29976
-822.7462
-941.72076
-1559.5173
-444.50168
655.7131
747.428
-1212.1907
176.41293
-971.61475
1133.4564
386.1543
-626.7864
252.97922
-1109.4156
251.49748
533.18726
-2113.9883
263.73526
-183.81714
