-2.7952175
8.0955515
-18.160318
-3.073311
7.3468504
-5.695118
4.0439835
-1.5140315
15.04149
-6.559259
3.2046533
1.6713895
4.136753
-5.848933
5.287713
2.8093898
3.2613876
-5.943345
0.2476846
-7.4211087
0.56881
0.6355703
-0.7989006
3.4070005
-6.5893717
9.117187
6.7699957
2.3048234
5.01763
9.39329
2.429458
-0.31598902
-2.9322164
-7.0066814
-0.89995265
13.132649
4.9448566
-1.0705607
-6.1526594
-8.073439
-1.526097
-4.0466404
-7.749629
1.590485
-8.46369
-10.61858
-3.8835654
-2.5382767
-8.9172125
5.029189
2.949435
-5.2580423
-6.1826267
0.8412137
-2.8961473
-4.727829
-3.0688212
-4.140898
-4.536507
-6.0027146
-10.03387
-11.867419
-3.3271723
1.7676711
-9.131386
-8.737892
5.7498617
-1.2482629
4.2320776
-13.835585
-5.2615232
-3.4159412
2.7128606
-1.387773
5.212085
-0.359756
-6.888646
0.31323612
4.3551073
6.974127
1.3393902
3.7033725
-1.7074933
-0.087004185
5.8934746
-6.943038
1.7301226
8.181069
7.8888836
3.2769556
-3.3724341
-4.6148796
3.2647207
3.716032
7.477445
-12.276102
13.3314495
5.156041
-1.3938127
-9.909249
4.3831377
-10.679079
-6.933437
-5.743888
0.5717733
-1.609755
2.3508186
-0.24469924
0.65299594
5.2078648
1.2316798
2.1617413
3.5859275
-10.12447
-2.8752813
2.6541152
2.5470834
1.1357467
-17.301718
16.868212
-2.6940894
-15.089885
-4.5027156
-7.349184
-1.951592
-8.868735
-2.166924
3.1330128
3.1162262
-11.9009285
-2.3579843
8.668283
-5.365618
2.7745736
-2.6802592
-5.596715
-10.974363
5.5750847
0.80045295
3.4798274
9.166538
8.273861
9.60659
2.3005307
-13.939615
-0.451586
7.8025312
0.17342257
-0.8652069
-1.8971822
8.1568985
-4.0344973
-7.9902506
0.8916408
7.2902694
0.6876464
-2.9929473
-1.2184963
9.572461
19.950119
12.283244
-4.1676636
6.255496
-4.009448
-9.642559
6.539048
7.1808987
9.693804
5.2361403
-13.680914
-0.22232759
6.558501
-4.122391
-2.6937895
2.0116055
-1.1934168
-9.508385
-8.064617
-2.0327346
4.038365
2.023178
-7.9854765
-8.704599
-6.626384
-15.45028
3.961696
-1.4469155
5.771599
-7.678766
-3.7182715
3.61089
-4.5238514
-3.6042109
8.812707
8.81716
-4.022391
-1.9557686
4.3778343
1.9392552
-14.389744
-7.1354704
-6.6593723
4.388607
-11.6174345
-0.36734104
-3.0273247
2.539414
-1.507422
2.0589275
3.2001278
5.283232
6.8549843
0.5603051
-2.3299747
6.3681526
-6.853776
-3.3047335
-3.4453056
5.718355
-0.83026695
0.533705
1.3840652
1.202458
12.639147
-11.439821
-5.392552
-2.8241715
-2.8528738
0.19207317
-8.235826
3.9492323
-0.6016686
-6.4670324
-2.0791874
-4.038648
-1.2850325
-7.6907415
-5.854843
-4.074725
-0.9197693
5.76275
7.2418737
-12.295094
-5.7181377
-3.2906537
7.4388275
-3.4608185
10.465403
3.4148781
2.671648
7.3455787
6.7153225
14.864502
-4.7300224
-2.1893675
4.314084
-6.4682193
-0.4564078
9.187064
1.121845
1.113719
8.676174
-8.090936
11.41079
13.264332
7.4636493
-3.9010322
8.013281
0.8041383
9.668041
1.3213339
2.9019692
7.14264
6.4797964
5.7664957
-4.2779903
-4.2686563
-10.64746
2.9292135
-5.8072424
-9.176356
3.2034502
0.8522885
0.13912106
-2.1743224
-5.483818
5.82053
-5.7164536
-3.830496
0.6929337
4.2967534
-3.6710238
-5.702869
15.275871
7.033178
-3.0036647
5.8529468
-6.466016
-4.1978364
11.665936
4.763878
-0.55238754
6.293516
1.642098
-13.939941
-6.01792
10.068645
12.066004
-3.1411123
-3.1571975
11.715511
-9.995952
-6.9046154
-2.8808346
-8.888673
9.053352
-6.193467
18.378468
-4.338365
-12.403381
-3.283089
4.74849
1.3959291
6.2087283
27.445335
0.7286559
8.445627
-3.3170562
-13.374533
17.777052
12.949727
6.9414463
-19.849499
1.7663875
4.3708267
6.3804674
6.701956
-4.1425457
4.9132166
5.0591545
9.413645
-4.2610927
5.4759045
4.788534
-1.8121524
-6.9847956
12.392554
2.4749882
-1.7805562
11.982891
-5.1895323
8.792528
-1.4897833
-1.6592722
0.03931713
-2.2617028
9.592852
1.8061843
6.231632
-4.8366385
-0.63823265
9.086743
-3.8641531
3.4371324
-4.080786
0.033301234
0.7773795
0.2971115
-3.3119516
2.3043828
2.0251408
5.595031
13.481305
0.91012824
5.1577864
8.442445
4.6826615
8.143083
-1.8880866
-10.807817
-0.4765389
9.87932
3.8490312
-2.967049
-0.9288544
8.956574
-5.5080986
-1.2335112
-1.9278572
-3.863868
2.378888
-4.3631945
7.1459026
8.895839
-6.197285
6.341282
5.8082037
5.6387453
-0.18911505
-0.24085921
2.9785118
1.751627
4.009581
1.537072
-3.3858888
-0.9247718
-2.3807962
-4.8357816
4.4249597
-4.1347685
-4.4522123
1.5926607
2.9084961
-6.414027
-4.0779047
-3.2145042
-3.5919156
-3.657396
-0.44994235
-1.0396867
1.743995
5.0675297
-6.653845
-5.0213227
4.1094065
3.1185644
-0.2509735
-3.4471798
-0.17698312
-0.20140529
-1.5522983
4.1260114
2.6048431
-6.481637
-3.7672892
1.1302123
2.2994127
5.9120255
-4.7407265
-1.131466
6.6350117
4.192402
2.943354
10.02296
-8.224018
-4.9677787
1.762502
3.9887333
9.244504
-0.2093823
-4.197197
6.203658
-4.992877
0.78605795
2.2292097
-0.106003046
-4.0046177
-4.8736687
-10.362745
-1.5845652
-8.796964
-2.0569334
-6.0679607
0.34539896
-3.1504962
-11.049022
