-0.32883716
0.88804334
0.31707004
-0.74582857
-0.014777465
-0.4509643
-0.37649426
0.90099233
0.6395961
-0.19976126
0.63036
0.99139714
-0.006999761
-0.8506761
-0.68842787
-0.049143903
-0.99572957
0.77827066
0.9922299
0.66409665
0.3735947
-0.5774187
-0.3017471
-0.47322068
0.3495826
0.48271045
0.87829226
-0.8002831
-0.51963276
-0.97831595
0.6566166
-0.07686396
-0.3531444
-0.88998914
0.3309008
-0.98889995
-0.27815747
0.8336703
0.43752366
-0.47483256
0.28613213
0.92865556
0.4583461
-0.8887281
-0.75352395
0.769823
-0.19296156
-0.93761307
-0.6548956
-0.20855711
0.40121055
0.41544488
0.2075708
0.15748556
0.619507
0.38780692
-0.37502462
-0.37909684
0.5429857
0.016940614
0.85954064
-0.44760433
-0.22910964
-0.65775645
0.8062246
-0.8974204
0.63385725
-0.54134107
-0.48803335
0.6208109
-0.9505296
0.56633294
-0.4471398
-0.51199555
-0.9372699
-0.06224184
0.451764
0.44349322
0.9924521
0.30157843
0.034379877
-0.25983334
-0.8150251
0.58882505
0.22078083
0.24571666
0.76167077
0.9558003
-0.6232955
0.016793652
-0.30765516
-0.12983824
-0.51502323
-0.09217732
0.15630582
0.35521305
-0.9384561
0.3741682
-0.19213752
-0.61469907
0.5083135
0.9678168
0.9577639
0.29633677
-0.28214186
-0.5999454
0.39322418
-0.4991212
0.09654568
-0.0028792536
-0.16126189
0.488872
-0.3283569
-0.57758576
0.42841578
0.09528738
0.22873382
0.6725102
0.6282111
0.7750246
0.032076973
0.67981404
-0.17038557
0.16775909
0.4094681
0.26986694
0.2654143
-0.30176353
-0.21582174
0.2536912
-0.6793667
-0.7274961
0.10567144
0.655987
-0.89875066
-0.98342586
-0.92292273
-0.5832713
0.61143374
-0.25275344
-0.72831494
0.651091
0.5558872
0.590744
0.24720031
0.8204923
-0.09134959
-0.9607637
-0.41462892
-0.24858415
0.17604545
-0.83196574
0.9819124
0.89882636
-0.46011016
0.34409648
0.041623812
-0.8061005
-0.9524926
-0.5534557
0.6969271
0.6890432
-0.26247066
-0.90741116
-0.7015863
0.89793813
0.16370136
0.74135834
0.5125243
0.765894
0.49195835
-0.64396024
0.75345266
0.27502415
0.31037685
0.2147699
0.4108055
0.08553936
-0.1788099
-0.92367655
0.2590239
-0.7410855
-0.39886162
0.25979784
0.96161574
0.75052935
0.12760459
0.1578026
0.1796026
-0.02575253
-0.5599124
0.28285077
-0.027209608
0.26629788
-0.711396
0.77157086
-0.038364746
0.97502553
0.8078797
0.13697067
-0.939645
-0.5234591
-0.82937586
-0.7478052
0.71315724
-0.33889636
-0.5890764
0.23478307
0.07154773
-0.041804194
-0.5289882
-0.48680648
-0.2209289
0.95098704
-0.5447438
-0.16667631
-0.33081573
0.21034086
0.39410236
0.54767144
0.84487426
0.1637865
0.7885781
0.41415623
-0.4325951
-0.59470916
-0.40464538
0.8414581
-0.54692054
-0.61280406
0.464356
0.31692204
0.012619264
-0.09360391
-0.39900818
-0.66405797
-0.4176481
-0.69190955
-0.41831392
0.43779144
-0.7996347
0.11913016
0.43460262
-0.7257238
-0.9833518
-0.64805526
0.5552078
-0.7136232
-0.1936056
-0.76887965
0.4068999
-0.33233672
0.38347802
-0.96376246
-0.044318393
0.19262148
0.65283555
0.50778204
0.80788535
-0.97643876
-0.16778575
0.8597787
-0.90064174
0.9815106
-0.78191566
-0.40410265
-0.11540376
-0.14621577
0.31620437
0.35272428
0.8995925
-0.9380248
-0.41283005
0.8369267
0.2570229
-0.41654694
-0.08131927
0.51428604
0.6845973
0.9333382
-0.68955064
-0.39671284
-0.51766676
0.32080445
-0.582118
0.19790964
0.9055013
-0.31779867
-0.808984
0.20391066
-0.20165141
-0.4536666
0.8373676
0.67728794
-0.30208156
0.23692006
0.24340194
-0.7174157
0.1273758
0.18496233
0.5046708
0.4634328
-0.7772291
0.6290292
0.4538024
0.33090487
0.39169315
-0.65431094
0.855023
0.7912791
0.039929427
-0.032823604
0.5733022
0.1261724
0.25743502
0.3962869
0.22290227
-0.34206474
-0.46811312
-0.37618056
0.8551167
-0.018769452
-0.7461414
-0.42328665
-0.6017421
-0.033401262
-0.81779236
0.28308403
0.94109094
0.5082528
0.8412558
0.9968315
-0.20621024
-0.415346
-0.28320852
0.6339148
0.5891255
0.2638916
0.7840645
0.36949563
0.7444152
-0.40966326
0.9520247
-0.43832785
0.69341415
0.071379304
-0.099734515
-0.5360025
0.36877483
0.9012842
0.33840734
-0.16202436
0.7155864
-0.4747798
0.4668735
-0.44412833
-0.6641853
-0.38071263
0.6690094
0.9107404
-0.9733408
0.23301518
-0.34882206
-0.76280767
0.9859608
0.6431328
0.5410254
-0.33517236
0.9223274
0.1405377
-0.6448589
0.9825653
-0.26424122
0.5994797
0.6395577
0.8730623
0.7046191
-0.55565166
-0.10311448
-0.01271593
-0.28171974
0.8734252
-0.6581532
0.595657
-0.2593654
0.64397824
-0.884063
0.40026775
0.2829334
-0.3468643
0.5011751
-0.22047052
-0.39407527
-0.8312097
-0.43465048
0.97104347
-0.7114765
-0.035566323
-0.42592865
0.610829
-0.48051333
0.9193982
0.17756225
0.055455294
0.18967213
0.9278521
0.14128865
0.78051573
0.4080862
-0.38829884
0.4449122
-0.953223
0.37043813
0.6770348
0.14242318
-0.948849
0.937326
0.14452495
0.15132138
-0.71179193
-0.027345449
0.64006853
-0.27238107
-0.22050165
-0.48470357
-0.28924215
-0.7839229
-0.2911737
-0.8441957
0.2806555
0.78489304
-0.089651726
0.38492665
-0.45258594
0.4722188
-0.9068928
-0.23775502
-0.5730092
-0.90139264
-0.80970544
-0.97239196
0.21988104
0.15643816
-0.24134062
-0.48474026
-0.070623904
0.7377378
-0.45683283
0.7065244
-0.36362082
-0.22497225
-0.4003587
-0.5961606
-0.82268256
-0.48402354
-0.89179796
-0.77078116
0.71264267
0.7992183
0.033721957
0.037869602
0.5444724
-0.48885018
-0.41827372
0.9809593
-0.45170087
