0.47288886
-0.051621486
0.93478775
0.66320103
-0.39956442
-0.109815255
0.3528852
-0.7832784
-0.9514464
-0.6890663
-0.13102034
-0.27486825
-0.22985823
0.5811278
0.8665784
-0.44725218
0.36655524
-0.074135154
0.7618037
-0.9682893
0.81045645
-0.77389646
-0.34347335
-0.57284075
-0.12845384
-0.78134155
-0.12791505
-0.99485105
-0.024278231
0.2450909
-0.46120852
0.4737172
0.4165322
0.08132131
0.7464268
0.33346838
-0.4432052
-0.9348094
0.3860595
-0.11831095
0.2992741
-0.38397446
0.3501835
0.2701612
0.46859276
0.9295954
-0.9339622
0.123983234
-0.46139556
0.25012818
-0.48027715
0.84738314
-0.61499876
-0.2005231
0.6613535
0.7593518
0.4266567
-0.30787876
-0.9157962
-0.5742721
-0.5947149
0.533199
-0.50938106
-0.25422657
0.28481182
0.5856202
-0.27014887
0.80919486
0.57748955
0.59954244
-0.7409613
0.38028356
0.18180852
-0.8869521
-0.9078996
-0.94587594
0.3740519
-0.024921931
-0.44252357
0.0046608155
0.20799494
0.6367592
-0.9722395
-0.5728111
-0.7647361
-0.06118945
-0.8932884
0.16772549
0.5526494
0.20863482
-0.5610169
0.11947245
-0.29742527
0.4091741
-0.8521499
-0.30346063
0.51619035
-0.14788654
-0.20880276
0.8471171
-0.44213715
-0.50640464
0.8578502
-0.93928707
-0.060835835
0.18024355
-0.9132738
0.79191136
-0.46157685
-0.6558873
0.9983362
0.4500437
-0.38927066
-0.34407142
0.41797706
-0.08143323
0.11926212
-0.8169057
-0.9340366
0.5503644
-0.55771327
-0.18822491
0.36178046
-0.7709659
0.91579556
0.045733206
-0.6726247
-0.18870434
-0.5318747
0.3395743
-0.6062983
-0.39533508
-0.088484235
-0.4544945
-0.15219435
0.5986916
-0.70083857
-0.2492245
-0.153928
-0.6198106
0.46542215
-0.9065545
-0.9890677
0.65198374
0.29833984
-0.6475168
-0.48223174
-0.15729176
0.50475484
-0.5960843
-0.2548511
-0.53919256
0.72341627
-0.4182393
0.8174078
0.85759395
0.2959185
0.22790469
-0.35636345
-0.2273038
0.43714258
-0.94269073
0.84207785
0.7040173
-0.00532374
-0.4075142
-0.0326471
0.8084243
0.009701393
0.98713493
-0.4063542
0.73648816
0.5595358
0.2584339
0.2003947
0.9796652
-0.53983736
-0.35738477
-0.13097574
-0.942622
0.7022912
-0.16860949
0.23163351
0.9823187
-0.5170134
0.44172212
-0.030166535
-0.43893707
-0.8259358
-0.10191184
0.82818025
0.84269434
0.9200833
-0.6365198
0.3068088
-0.22623308
0.14675143
0.6764118
-0.81502867
-0.3843417
0.26576102
0.7926213
-0.07422612
-0.16029431
0.31701693
0.19084293
-0.37612477
-0.5393737
0.70144224
0.14716163
-0.18334456
0.9316247
-0.14841872
0.26721302
-0.10122
-0.19813888
0.06891145
0.5641362
0.87880176
-0.089634836
0.5422296
-0.72626454
-0.9430038
-0.257415
0.40889606
0.26991576
-0.1482953
-0.28502393
0.40438333
0.6004356
-0.031444263
-0.64818156
-0.88944787
-0.6521204
0.6050893
-0.008751659
0.90567964
-0.32245988
-0.9085223
-0.055649508
-0.29738462
-0.81973094
0.20894031
-0.73560727
-0.011491725
0.96834457
-0.509349
0.2727898
-0.4168204
-0.04731245
0.4526967
-0.88064694
-0.93364894
0.05702371
0.70326066
0.16640112
0.7004944
-0.501389
-0.94843125
-0.9502487
-0.9338907
-0.5760674
0.9223985
-0.40117317
-0.8162685
0.57302827
0.9212183
0.14403005
-0.30724135
0.058448482
-0.55897987
0.7435231
-0.93732816
0.62706536
-0.26955554
-0.26769188
0.074552074
-0.29818922
-0.31449807
0.5855528
-0.13763009
-0.9318536
0.5547856
-0.97055167
-0.78848803
-0.040422216
-0.3923885
0.2692163
0.4653862
-0.9459625
-0.27760836
0.06418406
0.56316996
0.62456405
-0.027129335
-0.44186985
0.4939898
-0.61011904
0.77722883
-0.5513632
-0.97381955
0.8677919
-0.5797361
0.7383526
-0.5412044
-0.33219653
-0.42871734
0.12598966
0.65052086
-0.7514186
-0.35637268
0.9788601
0.3818257
-0.5879484
0.14609122
-0.7131645
0.7053809
-0.7081728
0.06395745
0.62896127
-0.3943148
-0.7086305
0.6659433
-0.47637004
-0.6411426
-0.74550384
0.5181497
-0.99828535
0.3121543
0.71181524
-0.6000143
0.468962
-0.21273081
0.7960985
-0.0402263
0.5575936
-0.038891193
-0.61533153
-0.5199016
-0.37125674
0.7003412
0.33488676
0.96628714
-0.9145852
-0.27888298
-0.92677593
-0.7271534
-0.44461668
-0.11366496
-0.8033703
0.1877725
0.050518773
-0.05922807
0.3348868
-0.64330477
-0.23361215
0.3867878
0.4808741
0.0813272
-0.8623851
0.4120172
-0.8201697
0.69026643
-0.14513618
-0.2883441
-0.6802662
0.23209289
0.4544781
0.66649675
-0.33376282
0.46657708
0.7182356
0.59192175
0.4501043
0.5614248
-0.6189784
0.57975656
0.53292114
-0.858175
-0.68449247
-0.11064504
0.08146412
-0.21885295
0.6331688
0.11288938
-0.7024531
0.959276
-0.7632529
0.35748255
-0.6837876
0.25013626
-0.14067148
-0.25165325
-0.054337323
0.20516276
-0.30337217
-0.3733152
0.4958051
0.2501427
-0.3825241
0.71305543
-0.88179094
-0.88203824
0.16602448
0.90993714
-0.56210625
-0.10610315
-0.551497
0.1399084
-0.36477998
0.6203934
-0.32004252
-0.47898626
-0.32878688
-0.72790575
0.93864137
-0.7995774
0.2503172
0.9266738
-0.60162115
-0.35924938
0.35504442
-0.8752647
0.9080666
-0.26271012
-0.13099226
0.590897
-0.37066808
0.4300451
-0.19535264
0.16539636
0.31973255
0.77165776
-0.88682455
0.019327551
0.8996838
0.7260846
-0.98799807
0.0990622
0.75617254
0.9729865
-0.45958006
0.30197015
0.5275837
0.5578579
0.93171537
-0.20248266
0.90240383
-0.33209258
-0.17686091
-0.2857412
0.041393448
0.5199018
0.7442954
-0.9885534
-0.0016070515
0.18220648
0.52617836
0.28079104
-0.20616059
0.5089517
0.020879185
-0.5556849
-0.81573594
-0.88606936
0.21220493
