0.40046227
-2.0200815
2.1099575
0.98125124
-0.31729698
3.3076937
-3.8141785
1.6591014
-5.0773945
5.300806
-4.586754
-4.5089417
-1.1137291
1.968493
-7.394763
3.3998408
2.3405313
1.8172436
3.6618915
0.22288585
3.007976
5.8034763
-0.27040434
-5.7022686
6.6839576
-5.307132
1.3383627
1.6347567
-0.019717693
-2.6041121
4.258985
-0.51052666
4.731501
-5.55422
3.7553618
-2.9328575
-0.75164366
0.027357161
1.3711367
-2.5651941
-0.2422831
-3.0223498
1.0257685
1.7580949
-5.5969725
-2.1625493
4.5143247
-2.9020195
-2.0584145
-2.5668588
6.3672895
2.7125893
4.087961
1.6344401
-4.065071
-2.7905605
2.2564127
-4.081568
0.022054315
4.705263
2.5272555
0.027969837
-0.49538326
-1.45103
-1.3752799
-1.4705997
-2.205432
0.6850604
0.28801805
3.7309103
-5.0046444
-0.1670928
-3.8148837
-0.020996004
-0.412871
-1.3310256
-0.19884801
2.8928547
0.032824583
-4.0211782
0.84898853
-6.2739496
0.6977638
-0.7445288
5.310813
-0.73147297
-0.9216038
-2.6565895
2.936298
3.3782887
6.6452827
-1.3192824
-6.3395057
1.8670635
4.234173
-2.7555542
-3.341998
0.67594254
3.6981447
-4.4255514
4.9695997
-1.237467
1.2380662
-3.5830746
0.24155593
-2.5508575
-2.1257057
0.6709995
-6.4409
3.1412935
0.8054296
2.3532999
-1.4394217
-6.0499916
-0.41687614
-4.2046766
0.2648767
-1.5491018
0.52851534
-0.91592336
-2.3805377
-0.027576447
-1.5365815
-0.7624508
-0.85219383
-0.6262114
1.1737733
0.54844844
-3.5612595
1.6296307
-4.053382
1.122119
3.2512822
-3.5594187
2.69309
-1.4161677
-6.392114
1.2191267
-3.8795338
-2.3162951
0.60171163
-6.1296663
-3.7074265
-2.570218
-6.0198307
-0.3110392
1.7311238
1.0179929
-0.3570795
4.1068077
1.8567617
1.3059646
1.3941722
1.1820935
-1.1793779
6.2818184
-7.3260727
1.1442375
0.33430326
2.742989
-5.29909
-2.593869
-1.320646
3.349565
-0.44337475
-0.68258214
3.8288405
1.3967481
2.616416
-1.2646778
-4.4769945
-3.2560604
1.581517
2.2185583
1.8365418
-1.8177111
-1.0474666
-2.9350557
-0.37889242
-4.1350226
-3.631142
-0.76362014
-4.6670523
1.8703914
0.27614617
-3.635484
-2.8909247
1.5567522
-0.53940654
-0.7218411
2.6713
3.4320722
4.371111
-5.747248
3.2455852
0.7122506
-3.2311683
0.35062575
-1.5144231
-0.21348011
-1.0060011
0.10350847
-1.6856884
-3.6394806
0.81056976
-5.9908137
-8.107676
-4.508799
8.242868
2.236526
3.253003
0.566699
-4.103573
-0.44341922
0.6197717
-3.8874052
-2.1243253
-1.5964383
0.2946813
3.342375
-6.3732357
-3.6119087
-2.267961
4.2505894
-2.7844512
-1.0989976
-2.3286455
-3.1220121
2.286308
4.1628547
-0.47686902
3.5343513
0.24376822
6.8689613
-0.37452304
-4.899308
2.8516386
-1.2161226
0.45562077
-4.1096067
-2.961756
-1.8484988
-1.6579351
-2.0316427
-2.3111534
0.17473102
0.17642629
-2.682115
3.028255
1.8139489
0.8428643
0.8961941
5.2879853
-7.1802373
4.3123627
0.945379
1.0339952
4.6321964
0.8384274
1.8515668
-3.280603
0.46796012
2.0365067
-4.0306187
2.9669065
-2.892309
-1.60534
-3.4182806
-5.503531
-1.2541525
0.20895469
-3.8376508
2.236925
3.1083732
-1.5559932
-1.8109715
-2.6073403
5.2294035
-5.670224
-6.0339026
-2.1575737
3.4185688
1.0490007
-0.98721373
0.3452785
-2.3686585
-0.5322933
5.729163
4.2794952
2.131976
-4.7453504
4.7762027
4.2222157
1.5330709
0.32989776
-5.8913765
2.5513167
-4.6159396
-2.0961742
0.8418182
4.7223005
-7.1231856
5.157884
-0.30508327
-5.4301805
-1.7229184
-0.62268555
-0.033091307
1.2646593
1.1881944
-3.1655998
0.5257173
4.371915
1.3537045
-2.9707022
0.5923543
-2.4507587
-3.1081965
1.2749591
-1.9582328
-0.6093605
1.5749812
-0.31881785
-3.3373258
-2.5403671
-1.725895
-2.8414826
-1.7151878
-7.6678886
-0.5499654
-3.7212534
-4.361926
2.323412
6.080169
-0.3204329
-0.12875342
-0.21627092
3.1440825
-6.018791
-0.29762745
5.298464
1.1693288
-0.5787227
-6.726143
1.5560368
-2.510354
-3.2566814
1.9995729
-2.023584
-1.776705
4.3982234
6.2429037
4.570972
-0.9736794
5.4868956
-0.8871436
2.6105967
-0.94617736
3.5479484
-4.098694
-0.37547725
7.9051237
8.619783
6.610268
-2.907114
11.887551
8.092152
-3.2718725
2.1296597
5.5574765
-2.8259687
0.18701506
-3.6887007
5.5233727
0.83933663
1.9923398
-4.7003613
-5.935233
-18.959671
2.442958
6.854879
-12.087771
-7.648953
-0.8482919
-1.3132161
-6.342952
9.714991
0.67036295
-5.401212
-4.5913935
1.9789724
2.8280623
1.0508142
-1.0971106
-3.3946834
-3.376331
3.869379
-3.4164166
11.647675
2.9847293
-11.563855
2.3264718
-3.7520218
3.3790889
-2.1872714
-1.5284555
1.7596799
-3.622676
7.205715
-7.160283
4.2356663
15.482901
6.439541
-4.3447847
2.4710586
-2.6768095
-1.1874902
3.947114
-3.0160768
14.142005
-4.3485537
13.3403
3.8144093
3.2018425
-3.2117193
10.269173
6.565235
5.267041
3.7467813
1.6424525
-8.878922
11.120066
-7.73773
-4.062852
3.637562
3.711029
-9.946177
-1.5499945
7.5208416
-0.80814207
3.615723
8.909655
-4.236675
15.335226
-2.8632104
3.7166371
-5.288859
-3.3673882
0.28320837
-4.321036
-0.75552
-3.7725105
2.9508138
3.1420586
-6.0144253
7.8527036
3.8388457
-0.18124318
0.9638703
-4.627702
-5.7911587
-1.2862319
-5.5854793
0.76126117
-2.808918
-0.86401725
