0.4315268
0.23653263
0.98615706
-0.70322365
-0.5670788
0.6516722
0.7338696
0.5189315
0.62067807
0.84964776
-0.91928416
0.16153401
-0.28567275
0.5147787
0.48636082
-0.47509006
0.341315
0.96349406
-0.17499278
-0.53775024
-0.7739561
-0.09391625
-0.62535983
0.30305117
-0.24974465
-0.4013796
-0.47341016
-0.005078891
0.20312506
0.8233563
-0.6930931
-0.4383548
0.4729814
0.2530834
-0.5700561
0.2573427
-0.24847563
-0.40121433
-0.33860153
-0.68578905
-0.28775835
0.07471636
0.7138505
0.022906756
0.6954274
0.048396133
0.23612863
-0.46316525
-0.7663708
0.4229538
0.41820735
-0.14081562
0.15158865
-0.20945814
0.6613265
-0.49526167
0.82019514
-0.9825802
0.009948117
-0.7556834
0.4267204
0.7057463
0.46941432
-0.6002609
0.15409198
0.69729775
0.6166719
0.24508283
0.60488266
-0.95502985
0.8692961
0.9090209
-0.92732686
0.70808434
-0.2520273
0.32742876
0.24974842
0.99044305
0.6771257
0.8741295
-0.007163787
0.81255114
-0.8878374
0.8181986
0.6043184
-0.2112332
-0.60353184
-0.09381558
0.081708066
-0.77480215
0.044805676
-0.49140805
-0.06283234
-0.5144039
0.637776
-0.3084037
-0.09290074
-0.07053955
0.79834855
-0.45584008
-0.86683
-0.5777873
-0.6127479
0.50542355
-0.13694194
0.50875634
0.745673
0.4990189
0.28826794
-0.9792337
0.85799503
0.018234715
-0.02082539
0.33756652
-0.2442806
-0.20146477
-0.0070827943
0.058896787
0.80845165
-0.4412327
0.6932078
0.03798814
-0.6891594
0.6163509
-0.22308724
-0.5604607
-0.1397238
0.038308308
-0.75767446
-0.40120462
0.73955506
0.6105062
-0.13025208
0.2656835
-0.81095034
0.13638222
-0.23985994
0.16213232
0.11247641
0.93306357
0.015957853
0.0112004755
-0.95043474
0.58900166
-0.52471316
-0.7588506
-0.13899837
-0.3605208
0.433838
0.8595723
-0.99014777
0.95922095
0.1133567
0.92493635
0.08470921
-0.6977569
-0.51504767
-0.339833
0.27171856
0.7445994
0.4015022
0.7653109
-0.99694496
-0.60207844
0.18528229
-0.91858774
-0.0030301514
-0.21332455
-0.09524239
0.78129584
-0.19213223
0.22308563
-0.6297689
-0.10302125
-0.81646216
-0.27329728
0.8865309
0.023124775
0.09447518
0.4710518
-0.45999235
0.6042415
0.46652007
0.049544003
0.005668816
-0.3288311
0.6322292
-0.5420542
0.8168517
-0.97810286
-0.018595366
0.10656104
-0.20353577
0.42490104
0.23498914
-0.42545864
-0.8650636
0.6565374
-0.9984015
-0.17503631
-0.051596988
-0.6868205
0.7303799
-0.4326175
-0.4414464
0.34699044
0.20666933
-0.7283311
0.180376
0.48260543
-0.31257334
-0.81777227
0.82179093
0.63483655
0.11055475
0.0745827
0.04736632
0.23100443
-0.45253313
0.36239257
-0.024699097
0.21667399
-0.10851783
-0.74678075
0.9757114
-0.66137415
-0.8966987
-0.14322074
0.43463245
-0.43211672
0.9221893
0.69109476
0.47234187
-0.053666603
0.98337543
-0.81563616
0.36846885
-0.26186857
-0.79619676
0.9805918
-0.19855791
-0.5240569
0.2573805
-0.5943677
-0.72840863
-0.14969891
-0.57457346
0.41268307
-0.82712775
0.5013134
0.6495421
-0.57973516
0.024409568
-0.59184825
-0.57406646
0.40727094
0.45793495
0.7519078
0.35928765
0.59075975
-0.8615287
0.23061305
-0.1934376
-0.6672794
0.4149297
-0.6103239
-0.05185565
-0.036795042
0.22121412
0.38480994
0.6565247
-0.63948363
0.8415569
-0.16880806
-0.4904816
-0.75926054
0.3198958
-0.26390123
0.50723386
-0.2641423
-0.16597499
0.2655243
0.759344
-0.056005474
0.47933945
0.568365
0.69746065
-0.7970872
0.36266863
0.78001916
-0.9968804
-0.11857856
0.6326748
-0.121536
-0.0137892375
0.07316862
0.7678061
0.3534762
0.7378581
0.82849824
0.4660889
0.60488236
0.11503697
0.023307765
0.124273315
-0.38162306
-0.34119427
-0.69844055
0.15514782
0.60821164
-0.11962217
-0.58904845
0.6135547
0.2238647
-0.55031604
-0.24674073
-0.96626747
-0.26676685
-0.60872686
0.2574179
-0.74204624
-0.4006876
-0.19890307
-0.4501379
0.23049901
-0.25097102
-0.7305714
-0.7810666
-0.4429907
-0.056117073
0.2828748
-0.71709335
-0.0009188092
-0.32524532
-0.5567486
-0.9326389
-0.13197744
-0.5735882
0.6071823
-0.31693324
-0.5489295
0.5449789
0.9100938
-0.359192
0.17198691
0.6293137
-0.19107953
-0.9170613
-0.12966505
0.3105604
-0.6051172
0.6979215
-0.8555007
-0.98313844
0.87673974
-0.06336224
-0.0350261
0.5630154
-0.13829894
-0.9981915
-0.18489721
0.48050895
0.6159181
0.3679007
0.4115542
-0.68592143
-0.5047958
0.79697883
0.545379
-0.8624859
-0.39817497
-0.7553234
0.95192754
0.21600376
-0.7863875
-0.541706
0.4829641
0.1208474
0.93882084
-0.254401
-0.12719399
0.29226762
-0.5141704
0.39504713
0.0020711075
-0.13747133
0.9748501
-0.22316311
-0.9216892
0.40366292
-0.7288614
0.016241511
0.5811303
-0.48515207
0.17020573
-0.4766736
0.69448894
0.5779352
0.64632064
-0.87544703
-0.64644367
0.25551456
0.13863021
-0.04025904
-0.030436333
-0.3629756
-0.9661284
-0.5032963
0.612256
0.35148287
-0.012958819
-0.44846097
-0.53903157
0.15242122
-0.76998293
0.78789634
0.92830926
-0.32900044
0.2282176
-0.7651594
-0.59315443
-0.66064125
0.57786995
-0.8478789
-0.95908415
-0.74249357
0.843283
-0.51711196
0.43773952
-0.34223115
-0.5574501
0.48190096
0.89922506
-0.7390386
-0.6814288
0.47788098
0.27473432
0.21118449
-0.98681414
-0.42059505
0.6491573
0.26041853
-0.41742972
-0.110177994
-0.68719006
-0.20070103
0.46030608
0.82996464
-0.033498924
-0.23510104
-0.76264
0.2721933
0.41021112
0.22468649
0.12495308
-0.69071
0.119735375
0.34877986
0.486829
-0.604816
-0.16180545
0.52102876
0.13395374
0.89838207
0.24639465
0.29019186
