0.8431932
-3.0980814
1.8997121
1.0640166
-2.7733135
-0.6221373
-3.084457
-2.6672757
3.8630428
5.276311
-0.001863718
3.7889674
2.540002
-4.953746
3.9683135
0.25095296
4.6010466
1.8410662
7.2886353
-4.852506
2.6040192
-6.193287
5.895386
-0.98440564
-2.0952258
-0.99448705
0.0395844
0.0698843
2.460435
1.3916175
-4.499589
8.472635
4.5979123
0.22459292
-0.926646
-2.9371483
1.3316213
-5.846227
-8.079279
-4.513892
-8.701303
-9.075378
0.9708252
3.551004
-7.435543
4.984645
-0.073004484
11.134512
3.689829
-4.1392527
-0.64643073
2.2600646
-3.3631933
-3.8308809
-7.495056
4.2857475
0.71384525
2.165505
3.0439506
1.2865479
-6.33187
-1.5679662
6.9669805
-3.0544221
0.15212989
-2.9461222
0.55473113
-1.6861205
0.36645457
0.0893991
0.9548833
-0.72387767
0.7219697
0.79333615
1.3172727
-2.6380465
-7.9100103
1.7714951
-2.7678518
2.4425635
-0.26383543
1.0457752
-1.0323555
-2.3600736
-0.6975739
2.2272463
2.6576462
4.0690713
-4.702438
-2.6156216
-2.825869
0.019392014
3.9480824
-1.2827098
-1.15539
-0.6159301
-1.4608316
-6.562702
0.53985715
-4.248127
-2.0098047
-3.5483074
-3.5145674
-0.48504812
5.3578672
5.0255466
-1.5685884
-3.4559968
0.4175381
-0.7167797
-4.1277986
0.25410903
-0.8343946
2.7024615
-0.38474798
-3.9712796
-5.1063085
-4.589922
-2.1286829
-5.950692
-0.80734146
0.3092947
1.0841379
4.491776
-8.373208
2.6615193
1.647568
-2.3693337
-0.14470088
0.54371023
-2.3267164
-4.992569
0.93639064
-0.17860532
2.8154516
-0.6948676
1.2251861
1.632987
-0.55962646
-1.3996009
-0.25974953
-5.1609573
3.3635492
-0.19903195
-3.2090087
7.539424
-2.1259193
2.384968
5.6428065
3.878518
4.5781913
-4.643513
3.795392
1.0014294
2.4174056
2.7586315
8.476221
0.7090161
5.659946
-11.129403
-9.239557
-4.495567
-4.280954
-4.2270412
-8.143617
0.021461487
0.83252096
-6.8542185
3.7686932
-1.2486854
3.4080815
2.0483572
5.013637
-2.7268767
1.7832657
6.1636744
1.872502
-5.899085
-5.5394673
-2.2449768
-1.8321674
9.939376
1.6269171
2.0696495
0.07550311
-0.5539613
1.5692033
-4.7361007
-2.9943833
2.6321497
-4.851906
6.8440332
1.4645166
-0.48421508
-9.742879
-4.2727623
2.1839395
-7.7612953
-5.1195507
-2.9439511
-7.6971483
0.8074243
-1.7891188
-1.0422232
-8.238153
0.9510745
8.158144
-6.7680564
-5.9919505
-3.5065005
-2.2017741
-3.132913
3.6855712
1.1628548
3.3809934
0.047542095
4.5445194
-4.5292854
3.1741092
7.0644073
5.5552764
-9.175851
-0.6573205
-2.0019615
1.3914707
-4.2429624
9.571304
-7.0881844
-2.402357
-5.7798853
0.21012926
3.5463948
5.15954
0.46159577
2.439582
-7.115125
-9.504762
-3.6806388
-0.3822989
1.2466255
-5.4695826
5.6271796
3.347392
4.662704
4.5053644
6.274338
2.7705271
0.7097688
8.837475
-13.143854
0.036090016
-3.037534
2.5593956
5.9917555
1.4390734
-7.0641346
1.5899284
-10.012019
-11.858082
-1.3650849
-10.18166
-7.5432982
-13.009506
-5.5644727
-10.806213
0.666254
1.8130214
-8.189073
-1.1885436
-3.1423662
-4.4066105
-7.983012
-13.777787
-7.348447
-10.236989
-2.1930335
-3.4361582
8.056868
2.4504032
-1.7312412
4.7881794
1.9782515
2.452322
2.084409
8.354323
-7.6111
6.0865383
-0.121813536
-11.323164
-5.0742354
-11.169189
1.0911081
-10.150722
-4.812419
4.304316
1.9843605
3.088162
-2.1806252
-5.36939
-3.024515
-0.61205006
0.33689785
0.9177396
-2.8543062
2.5094328
-1.2085354
-0.6091914
6.9981046
-1.3157778
-0.009588957
0.50431705
2.4634311
-1.6391687
0.58981717
-2.7697792
1.7623088
-0.91214347
5.753175
-0.94614816
5.30783
-3.1945274
1.9249989
-3.0722537
3.4455845
0.35541105
2.5717351
-1.3815181
-7.437531
-2.8079233
-1.9186573
-2.9460974
0.46444726
5.8095407
-1.3032259
6.398899
-0.8150356
-6.7491846
5.7560987
-0.886343
1.4681915
4.3519654
6.0936413
-3.5314703
3.817103
-1.5598652
6.4818373
0.63000023
2.6587777
3.5400133
1.7909758
-3.6700044
3.5639732
3.1260927
6.627789
-2.05894
5.1528454
0.83972144
6.471535
-0.56203175
1.9675608
0.82923746
5.324519
-1.135773
-4.870076
-0.92411137
-3.4707148
3.1597488
5.0432243
8.363704
-3.0986285
-0.4918294
0.03473997
1.5857172
2.0112948
-9.9158325
-2.5770779
-0.56480086
2.995908
-8.192554
1.6692075
0.3770578
-3.062719
-6.770854
-4.342186
3.5196972
-3.2555227
-5.0988145
-9.637653
6.7067366
-0.91854656
-2.3190408
2.5422866
-2.6724885
-2.3208451
-0.89678544
-2.612156
10.8574705
15.91385
-12.526297
-2.445027
7.508772
12.394759
-1.1128008
0.65838695
9.822918
-11.341418
-6.196892
17.033092
4.7400446
6.2256007
3.6401567
3.361506
-6.926608
-0.7257967
3.4366598
4.598947
11.094477
-14.0888195
-3.76513
5.640368
16.893854
3.7924252
-5.6285353
4.7092447
1.0989757
-8.538137
1.218271
-6.4756417
-5.6797113
3.4087172
8.606513
10.687948
6.965907
7.6059017
1.2684934
11.878882
-15.635352
3.7968032
-2.2459307
20.223661
1.2364006
-4.0090814
2.414575
13.024297
-3.5346174
-8.404178
0.89151
6.924527
-1.7809545
-0.7594003
-3.7359364
-4.708014
2.5170603
-2.7797782
-13.748453
10.76025
-4.1186337
4.245946
5.5946584
-4.442011
1.4857054
0.1416018
-4.4108367
-1.6272309
4.1947527
-3.4804473
