145.98035
408.19266
90.81413
337.27927
-9.275393
-185.54164
-6.9723697
-241.30107
93.75429
530.0702
-67.29914
-231.11871
-293.05286
-100.156204
93.32513
-272.86795
-332.5409
98.98476
113.05512
293.2779
348.97293
-5.0732517
-245.34795
-126.33464
-473.6311
-233.66663
51.101486
188.6604
-111.27789
-64.74331
-101.36078
-11.740102
-60.48793
473.41174
404.6541
10.034997
76.57651
32.663845
-446.7767
-308.43942
-62.4134
97.79399
240.31378
36.95291
293.47485
-9.119503
253.58289
-360.70508
140.68497
-385.46414
-52.41641
309.16803
-165.56631
239.18147
-207.1804
-206.40634
338.558
80.82394
-63.955948
86.88748
-250.28651
57.801193
413.8514
-139.62111
218.75572
183.5895
107.67246
297.53427
468.2525
273.45294
-234.47977
149.70456
-27.992931
64.1014
-285.60693
-354.50616
-47.59432
7.382485
-205.2489
112.69287
-566.7567
468.21573
205.32872
-131.89272
-162.09253
65.07816
-131.20705
426.27463
381.81607
-26.851034
211.55154
34.280296
616.7232
-554.99805
-26.438572
203.98479
-348.6537
-449.94073
141.08504
43.49558
-236.34897
-247.85855
123.58653
-50.708317
-453.3952
178.5978
205.46835
2.5845184
-51.195602
384.55438
-435.6299
-207.02483
373.56195
-225.59688
-40.950962
32.329308
-269.26147
330.93756
200.42596
-82.268105
633.2058
405.58203
-43.535122
-210.46921
-121.641235
79.853455
-327.04825
-142.79755
91.12215
300.41153
-69.969635
62.809193
-212.78777
-14.63208
-212.2935
118.76679
228.52269
-477.55908
-165.44916
-18.39329
-101.20177
135.74498
18.410055
-706.9388
-158.71681
-30.503916
484.73965
-602.40125
11.609302
-181.86919
-36.027725
-82.637344
504.50833
-6.533511
-27.6263
29.118347
229.50833
85.00769
-449.20096
75.87572
-159.44945
127.52078
115.949425
465.9956
-67.75378
37.396446
40.85773
-76.18108
194.7137
-279.358
176.26514
123.57583
-257.74957
137.06082
-14.185289
17.433027
106.64817
426.2085
306.653
-167.43317
-91.10604
16.933685
-144.13477
-284.78653
-408.47696
118.44341
145.40704
-56.864223
-103.9934
404.12137
-182.78407
-98.79058
-164.4488
480.54788
192.66881
-490.80374
-92.430954
-12.3456
-539.71124
368.14157
120.77514
99.19993
168.00539
-10.855008
-147.6039
120.89503
-289.64224
391.0562
-129.18471
-44.656437
414.8371
122.95364
-501.3567
-215.05788
158.8322
-85.75703
-2.8751204
185.41028
-381.8332
-62.34634
141.5914
231.3831
98.59574
-550.4793
-142.18152
-31.233448
-157.21121
-259.70712
102.22652
-299.21646
139.01247
154.39557
-239.8196
-43.472313
218.38914
-264.51144
1.1469948
162.8812
-33.14327
-421.07043
195.42024
-128.49236
-34.586002
-282.52002
484.1523
103.25097
48.684017
-155.67078
-162.16296
-160.77267
-474.82004
-32.011242
80.91384
107.46825
150.05077
36.34833
0.07888746
-274.74744
-265.9044
-233.4249
439.395
144.89087
-50.727486
374.31903
126.5225
-520.7344
20.443026
28.333364
328.02332
-515.3456
-68.896126
-376.71295
9.802204
273.1956
-110.336876
-120.11727
81.26895
-50.860256
94.50592
3.676157
-70.07714
49.42675
76.0002
-331.9543
-14.998843
220.49405
-170.76851
-477.02563
-163.83301
-166.1729
66.80576
-92.25636
570.20355
408.91467
75.48964
-94.746544
327.4439
-455.08536
327.5561
-171.04697
-207.64212
286.0021
-512.52924
-522.6808
-2.4507604
-63.64213
187.87569
-203.104
-62.297684
-144.48286
43.33203
162.90538
316.78326
256.7625
-650.9527
55.93064
-33.85033
59.780678
14.44156
-98.10271
103.016396
117.52297
-796.0384
-325.32858
60.737114
157.76198
39.072807
127.825485
-308.91968
286.05087
-678.8812
133.51103
-323.74176
436.53815
-257.03635
18.910778
-87.85151
-371.95322
-192.53107
342.8847
-24.608511
-88.35588
-427.73755
-346.5113
-120.56047
96.37957
26.01215
392.3603
-111.56978
443.3251
431.55917
185.30463
178.31235
137.63194
260.60086
-62.019325
-336.3133
193.01167
-514.1748
-47.152943
-125.38502
-193.81523
-338.41824
-203.58696
-291.39563
214.31015
-580.5493
388.95334
-328.6718
48.860054
284.4358
-166.92082
183.45448
636.25653
169.15039
-298.50037
-523.18463
67.587234
-129.86638
-271.71902
61.48256
-34.176414
-453.5302
147.09174
-347.4323
-59.32218
26.451532
67.573364
146.53088
44.23739
390.78976
-172.2242
-71.576294
-134.17323
68.59176
-79.07419
201.16064
400.06454
-369.56424
-34.41125
-200.86017
298.57892
-170.69913
301.37393
-87.396194
-152.12721
-106.96123
-427.1572
-202.99994
-68.324265
199.65845
-92.70201
22.030157
766.8503
-130.34875
402.68405
232.53947
-104.55762
-200.40794
235.17271
-130.33582
-126.53326
-67.48638
-47.603718
-138.92241
68.6339
-278.1451
35.897243
-438.0275
-79.545616
61.440613
-224.71231
169.57042
29.31801
244.46123
-16.789177
307.59393
-47.67566
136.77446
-183.33115
-213.62291
189.80695
370.62012
-444.07288
75.12961
-368.95355
362.7667
-34.43321
134.22206
13.60047
279.0566
63.70679
-184.37674
98.458954
212.27647
415.15698
-192.02428
838.3355
-341.49875
-213.57175
-40.27915
-148.49313
236.74396
25.350582
-679.67334
-338.50925
7.88937
576.6924
-180.42586
-54.86326
-329.14905
-66.52452
-38.469357
240.27303
-204.20416
-436.66568
-21.943491
521.14197
-86.05146
226.99144
-230.9733
-36.53523
-232.19995
-168.0333
-375.6332
176.41838
-259.37387
-31.450436
316.7736
245.81749
-184.20294
261.63824
-211.41893
102.87641
329.85883
-24.284103
-175.5581
-132.8641
199.3982
-757.5231
369.74954
-151.09247
16.390799
179.97112
399.82962
-124.83159
-243.40256
-347.18106
-61.575916
-115.58532
12.313897
75.950745
138.06027
203.33054
226.97954
162.65384
-349.59613
74.807816
73.86372
508.26355
216.97795
-143.37656
211.77637
87.137566
141.50221
-5.5952086
-87.30149
243.2389
232.13004
105.337875
-342.25046
-201.72993
243.96825
139.81917
-126.09707
-280.66992
213.86623
326.12592
-43.835026
246.3359
0.42269814
-5.282076
527.36926
-299.29523
27.101068
-14.834677
-453.07544
407.85147
151.7741
542.8188
87.00433
26.371105
-193.08609
-407.8773
-130.83759
133.44576
87.9913
120.53892
-0.80279064
48.146973
-187.82372
-700.35254
184.86801
398.22418
60.33072
94.36616
287.66727
103.506355
261.95212
325.61658
-123.190704
-14.517745
267.99402
-184.6659
416.5502
177.40724
89.9453
122.38548
161.05853
437.69846
177.34286
205.75836
69.809006
-208.24661
40.2282
4.4116325
54.64836
-70.70512
-173.81723
-6.4516664
174.87726
-37.181946
514.5799
-119.08575
-134.16551
78.74005
-19.4284
63.833504
-21.382357
454.60318
-341.60403
47.050533
-125.09148
343.35382
451.21985
-214.39478
-220.20761
-19.175438
10.049515
-33.652275
22.667814
-316.20486
280.61383
0.22711235
155.65068
-160.61992
-21.82065
299.8471
345.2586
370.91168
80.56035
-94.61755
-218.28252
14.59872
621.89734
-62.166206
58.700737
-122.69481
-423.2193
-69.527
131.192
-102.04607
-144.23093
-352.62973
252.62065
16.913513
199.95044
-553.2839
385.17795
-5.38864
22.108469
-224.60147
-6.207992
-158.56503
291.50882
-453.30725
-36.24163
140.88976
