-244.61064
319.69632
176.27295
477.3103
112.76459
-230.7015
56.907356
94.00762
175.05942
517.1567
99.32757
-594.9834
-382.47345
115.2643
453.00034
-312.04248
-196.82718
214.05574
165.24529
241.69751
362.183
149.69266
-300.3452
149.38025
-446.16898
-43.5169
109.77171
190.33894
112.470894
-76.27483
-41.319878
253.16093
-285.55664
492.6975
580.2079
311.53442
195.6268
40.13371
-478.23846
-520.3278
-117.74131
13.751436
467.64496
48.837605
367.54364
27.949009
589.6367
-183.2397
-134.44545
62.21654
-322.82477
102.405106
-122.49144
164.68213
-28.401094
-45.00421
823.90625
26.85254
79.054756
139.20958
-288.96252
-157.65782
407.55087
-214.5245
305.96555
343.96173
93.80705
357.00024
223.53658
101.83534
-267.0263
78.61857
42.885582
191.7217
-64.82499
-287.72113
-81.81285
-130.29912
25.931036
321.8274
-670.70087
464.843
3.7966135
-19.091545
-223.78265
343.7317
-4.8750057
463.09033
378.1556
238.78261
465.37427
-79.36742
1036.9418
-616.8252
-648.2914
452.22186
-425.32642
-335.95914
183.7397
-76.56005
-422.3452
-260.57745
131.2798
-199.35464
-799.4808
-151.54735
260.31494
313.3972
-438.8129
181.59581
-566.7109
-192.95766
527.21063
-392.03033
241.97926
-66.99057
101.013504
440.74765
226.37257
-37.157253
693.50543
518.48663
-29.57282
-453.2028
-356.9998
230.14984
-611.1636
-199.72206
437.5263
73.69333
223.80247
397.09915
-363.09326
-165.7416
-295.66522
144.34865
588.4697
-309.45782
-245.80252
-340.78552
-226.06075
424.91806
-309.46542
-568.83795
91.35608
-91.26305
451.81674
-303.2388
-11.841862
-105.63937
-99.76675
-4.1110163
454.77042
59.08309
-333.1041
-23.04583
20.713032
-17.389635
-425.1096
151.7655
-189.16042
-305.38348
-57.30715
779.35913
135.65659
61.355145
14.939226
-138.7687
71.09174
-253.13217
-52.242226
16.554585
143.59048
405.90164
-30.750721
64.59174
149.83745
380.4428
200.73273
-242.24356
-321.4659
-55.020687
-121.2854
-384.99136
-566.05035
-31.339365
402.02274
-15.777361
-100.83193
590.2811
-77.83612
30.057837
-41.838287
702.4205
451.47385
-672.5928
-204.4281
58.0636
-700.69745
47.043304
9.75906
348.20248
441.1113
20.937473
-7.99708
214.14558
-421.71613
544.9313
-579.622
-109.34793
777.2165
128.05603
-848.15906
-62.706734
-40.42814
407.30054
-223.39313
405.12738
-240.37642
-171.96585
201.6167
105.04935
109.14553
-767.44073
-155.95598
113.47172
-60.059742
106.17701
123.69191
-365.83835
298.75137
340.72867
-63.074093
-103.84557
449.09415
-393.07593
-41.863018
106.89961
-43.28528
-215.23029
12.742074
-33.846436
-76.71669
-251.70732
209.30995
-140.45267
44.956894
49.880264
13.718306
-81.1976
-834.8612
205.06982
-23.037767
250.52034
249.2654
142.00081
358.76913
-118.57831
-507.1879
14.604473
226.95107
-71.9351
-206.63206
298.5395
56.214752
-608.48395
-361.62973
-181.34387
259.03586
-618.28174
-116.21317
-171.55
360.81415
186.7731
-325.4232
-268.38724
-98.90153
-113.84872
377.05405
3.4557483
202.60332
-24.192461
-40.45891
-166.23347
155.02408
224.60847
-427.02206
-290.3567
61.89838
-136.47182
66.002495
-270.38837
422.00037
587.45294
-104.16958
32.915573
176.60431
-190.83934
183.89433
-145.96938
-261.6095
405.35132
-455.25092
-495.99805
68.21737
32.608154
495.82834
-220.17648
-222.48685
-0.8400697
14.269995
99.21946
-140.44136
299.9088
-557.88403
373.2426
-200.03806
326.28372
76.88815
-259.10254
-25.417551
66.728264
-1089.0802
-720.6526
-240.43692
73.63509
-28.882746
-96.888306
-112.32396
243.41629
-997.77594
371.62445
-94.496735
645.5203
-164.7624
168.35661
-125.06937
-215.0886
-194.00659
367.424
236.4342
-35.7191
-439.4814
-190.45503
-293.3208
325.94296
303.21774
466.078
-251.1411
268.6651
447.49963
6.606721
393.63058
-233.54272
202.97679
-357.89896
-53.75844
344.37936
-366.7835
-158.92116
-199.61249
-181.78731
-434.79346
-178.68457
-278.9245
206.97795
-517.39777
331.49567
81.57365
550.34393
108.03681
-226.29428
298.82648
484.93646
156.4557
-294.50906
-575.4362
-37.81837
-22.80375
-479.6779
203.84573
-105.76272
-307.86734
-59.11238
-359.1579
209.44
59.932873
-203.38217
212.48093
322.12488
389.83096
-132.84366
-248.21338
93.147995
57.932907
-136.9586
205.47762
698.38153
-330.39996
299.80252
65.61533
164.78972
-57.510643
436.399
-77.4273
-2.1157577
10.951841
-489.82587
-427.57114
-121.01777
350.46463
176.01724
285.50824
817.87604
-254.5238
78.15917
489.0633
-53.416836
-45.704376
-82.80812
138.59459
29.332376
44.562218
270.73325
193.3321
180.4033
-359.57
146.70615
-451.42838
-69.431465
324.44348
-165.01826
188.49411
-119.94368
209.49156
119.73663
-6.7303257
-182.17746
-6.8078084
108.69109
-81.53443
165.59358
242.70587
-231.65236
222.55788
-488.7809
166.06927
6.4802003
564.4683
-60.77511
346.48068
-38.908077
-140.94507
176.7057
-68.881905
405.51367
-218.90257
709.79694
-232.93785
-75.10996
-200.84642
-41.167137
182.12212
255.27248
-498.3706
-625.704
-104.81277
750.6103
-359.28955
-481.67126
-490.4851
-166.26161
88.696335
257.43414
-339.7273
-411.6312
255.28664
505.0024
-308.30466
284.719
23.145262
258.7453
-344.63953
188.3753
-532.5246
-185.69627
-120.08216
-177.59772
569.1003
263.2672
-293.42032
315.83746
-17.075157
87.61177
335.10626
-70.2458
49.90748
-218.29381
-61.21863
-409.83698
388.75198
-199.83769
-98.79738
312.69168
-327.267
-20.363483
-246.67874
-598.1575
261.4389
26.58197
68.986496
225.56143
-15.446024
-84.25328
311.40643
109.305786
-132.55566
74.06229
33.32431
364.20636
436.58667
-164.8369
-286.84607
-99.72548
159.10841
-104.257515
-248.21297
438.73074
559.10284
84.57259
-118.187584
-160.46135
443.53604
147.63193
-442.7284
-622.5836
220.97003
376.83844
-102.57797
492.02692
375.24197
-404.7107
712.70447
-88.86427
-192.13046
-122.760796
-378.35663
266.2192
-171.09256
190.2566
346.257
-370.36316
-138.24298
-379.03964
-522.4862
115.38277
143.69363
261.2303
-110.629005
-347.15106
1.6796833
-656.0156
281.55853
335.85202
-98.16103
19.518742
688.6391
-25.257107
261.7182
352.91785
-76.23017
-208.23056
343.1344
-301.60483
561.85443
-16.29297
-120.3413
-139.7954
225.64539
380.56592
13.542488
109.26466
170.25583
-116.450874
-121.60562
155.13472
-195.17572
98.30461
-149.97221
123.49671
288.43018
186.5784
612.8671
-299.72302
-159.59973
1.8865372
-179.18262
-85.55414
8.464929
309.157
-465.5426
-155.99298
-394.92056
288.6172
169.97737
-359.11932
-7.4496436
-163.63155
-72.4035
-135.68193
258.07556
-117.94382
549.5811
-75.51819
90.17653
-48.862133
-10.236557
255.56491
899.3784
751.1726
-358.86032
-260.72577
-137.45058
346.8861
269.4539
-23.559315
18.041508
184.42674
-570.67194
-266.9226
80.03022
-98.61255
-371.19992
-21.921837
359.45032
361.99908
124.754326
-403.50745
166.38165
136.83751
209.62567
-198.83661
-359.37308
-189.9942
266.92227
-477.8428
23.103073
128.43169
