491.2406
1163.8737
227.36018
712.62524
1289.0414
882.90845
-487.47675
714.1641
282.38168
-346.40878
-88.50333
-1765.3569
-775.3566
-905.2006
-461.94205
-812.9975
37.850792
631.5111
248.84686
1598.0747
-17.0795
-1655.262
-585.2
-129.66916
-429.27164
-541.54175
-943.94543
132.22162
-710.2449
781.73145
152.91254
-303.08734
434.7234
1749.6406
617.9003
828.54047
-113.3965
-479.22916
-95.182144
-79.117386
-752.67755
-759.5434
-774.65393
767.3139
336.8679
-254.87967
40.814342
-1026.3715
-1135.1428
358.8309
-109.20654
330.07828
115.629906
-963.0462
1053.5874
323.39316
1971.2681
-567.0673
446.86646
245.50528
-113.46451
-12.816856
311.89783
-261.119
-320.72708
86.46375
-56.950077
213.15063
1814.9988
-215.43663
-738.5174
650.65533
-23.838245
-263.97934
44.858738
-1687.2772
-471.2604
-1486.5647
-99.0335
565.86035
-166.9084
-550.6872
-548.8009
-1187.6523
-510.52264
1814.6694
-1125.2341
889.8534
1144.5371
445.97803
-807.96216
370.4874
885.0163
43.48318
106.98097
-235.10413
919.10284
1229.6339
672.14874
127.51664
-1075.9303
-371.9759
-1069.2032
-473.51007
-1258.2883
-52.974735
57.79209
1000.71783
65.02286
-708.1538
-511.05008
748.38763
357.73422
-227.79333
1505.5732
-160.7944
-170.13623
590.8583
105.72058
-1465.2117
214.70578
392.362
2.3285856
140.18452
227.68468
715.79706
-507.70465
-530.9093
749.91907
-360.13824
-190.84691
-122.350655
-368.71146
-1024.0938
-92.95678
-116.44865
-309.50336
573.3594
653.5043
253.65532
-730.81445
106.7533
-1819.8298
-1642.3766
-679.87683
1535.2362
202.22737
1353.1919
51.49641
-455.96478
318.5552
972.5617
177.29167
-159.33449
125.876045
-28.59713
-828.7956
-9.071199
-2301.7458
409.8779
749.1462
-1140.1875
-42.36934
-256.10294
1842.7046
430.5243
-429.8398
-196.29312
592.0883
-1170.387
-648.4852
-236.7487
-157.83739
726.31256
491.16132
512.0684
-152.91524
499.6727
321.62668
-765.97174
170.53314
426.556
283.1559
-154.84572
-129.54883
-730.681
1278.5057
-439.46057
-1297.8969
621.6766
-119.2359
-873.6496
456.03134
1198.969
644.19836
-647.4694
769.53284
-335.6431
694.14716
5.457781
-554.98816
826.2913
102.22575
878.7386
-160.12393
305.46143
327.8257
-779.3904
-2034.2236
-615.8769
-24.128365
-479.94766
-1009.36145
-1375.1609
656.6393
2195.2712
-396.5835
1586.8503
-263.86493
-613.0468
-68.68283
159.56082
401.89435
-942.4454
-470.0239
1068.0128
78.84322
488.04483
1111.3015
-257.75858
-348.6861
941.5188
-115.77205
165.46736
641.5005
-1160.1016
-937.67834
901.58093
-1071.4532
-212.76341
395.75958
723.58954
1048.8972
-269.32175
1136.4916
15.695136
-375.6053
-653.9775
-1461.5576
-610.86115
-931.6448
1604.8904
671.04376
1249.6075
125.5227
396.71585
753.5857
-275.1938
-893.55084
1068.316
222.67065
-354.15683
547.16895
428.3759
-804.3301
-897.10876
-314.87885
218.54764
-32.830032
-1182.6666
41.10431
-814.8762
186.5947
-1217.5333
347.54507
-170.98686
-475.46527
780.6932
1190.7213
862.3335
104.44963
28.062733
617.49133
805.5526
1498.8451
-551.7986
-1102.7965
-1139.5825
991.4725
205.08176
615.0518
-158.51265
-212.48468
603.06366
-749.6951
-106.03486
14.253176
-811.4765
-35.35039
-819.1686
-469.94308
-595.39185
-360.57663
-862.1824
-677.98346
-201.98018
273.78372
-799.9585
-863.2964
449.66788
-702.2949
-1240.5553
-285.10144
212.90022
-886.7538
522.5487
-947.05554
-1017.0709
-797.13763
507.6231
-637.45685
-86.76538
-658.19086
-312.18588
15.181227
855.96375
1120.1652
-1002.2108
259.78687
-242.97252
-257.02417
-29.623953
-21.710245
463.85352
-969.377
783.9261
744.593
-513.5793
564.8421
743.9125
448.85608
-25.06344
-844.92804
-360.1373
-427.5227
835.93604
9.316279
1623.04
534.24426
747.0434
-220.19106
202.9365
141.70612
199.07632
213.87744
-803.4013
281.41125
-107.30916
-512.29236
-0.124916315
726.1923
-88.648186
297.337
-1003.2285
-874.34564
461.29788
-645.756
-212.88441
20.065079
1736.3331
601.6944
-1200.8517
-75.31378
180.8435
351.14896
-437.183
711.76556
1202.4413
-6.464526
-1118.5713
315.9188
-406.73453
-512.4449
528.023
-961.74585
117.49415
-310.79816
-1173.1573
364.04974
373.56097
-493.83652
-792.58765
-759.15546
255.71013
432.86377
471.49417
541.4205
826.6795
-758.84
277.87805
935.9724
-1376.8547
510.69183
1213.9065
-771.7752
-233.70793
-928.25946
-311.96133
-2634.423
677.96466
937.9179
-402.93607
1065.8914
22.527718
517.1644
-733.3425
-906.45575
498.78137
172.65364
-691.85913
616.1763
950.92065
639.6678
130.10092
678.06165
-35.762135
462.8321
-159.65378
-741.0566
-896.3109
1123.7286
-652.9786
315.46542
-336.9894
-65.8929
555.01215
-274.69876
-105.20699
-837.4241
672.1135
-450.27164
789.84454
287.61722
-136.50528
56.34858
-605.5365
-1280.2617
11.706372
747.3074
-398.70447
-567.0359
1103.3737
510.11578
441.10925
1105.2771
38.654587
-257.75696
319.32806
-278.65445
346.86835
12.346989
-37.615025
345.04382
312.77512
926.3572
251.10286
-2157.317
908.8462
-158.47684
467.8296
-693.78937
394.70468
224.85982
46.753876
1285.3439
-916.79694
455.92773
1301.6823
-906.15796
-1109.7317
584.3822
852.43286
-1201.5437
-178.03293
173.53123
-811.5837
-746.51086
1492.8013
2028.1423
1053.3717
-156.9019
1153.9935
112.51433
7.2211266
448.4831
725.70404
174.26508
-568.7872
145.93504
387.2735
230.1397
-984.69495
-1012.496
394.32452
-469.6515
163.71448
187.80392
-229.50398
-1343.4863
1218.4474
-548.2994
-751.46375
-343.96936
-967.97266
1012.7571
-350.69006
653.96155
96.20587
677.23694
338.7162
564.3286
452.02304
-1066.181
-316.6388
-272.0533
-608.4602
159.71684
1387.7977
1725.8698
948.5349
-1078.3179
425.99097
2085.729
492.62048
345.1294
-546.8702
770.0354
392.27454
-588.1266
1285.3192
45.17012
-914.0352
222.32698
-983.27057
680.2675
1462.2397
-639.20386
-350.61737
-1262.8656
174.8824
757.6237
318.73093
106.73782
-278.49295
-1232.2485
-449.6756
174.38835
793.41754
-774.2628
-221.55574
1302.3722
-1655.8168
912.7507
1109.7744
-426.1946
642.5499
644.18774
-1118.8506
571.5219
-245.43054
-445.6213
1515.8297
879.9878
143.67268
-92.49281
58.29568
1076.9713
-608.6255
-561.5078
837.3385
225.80182
-161.65807
1362.1344
-153.7331
-1412.9149
-606.04736
-1384.9602
-706.49634
-1579.4823
785.31793
264.16895
466.2717
20.93397
-306.3919
-444.08057
1309.7374
-1128.4047
-2020.8837
-333.091
215.9504
374.8962
-145.16515
-840.6957
1014.0341
-746.90454
100.749664
801.4109
-959.16284
-318.6223
-371.9028
973.23303
589.4707
1066.4923
327.3122
-468.26923
120.27423
-229.52533
655.3882
677.9526
1065.1011
-374.144
-440.85397
346.55417
194.34885
-926.5422
1125.3976
-571.61896
336.92752
23.792461
-824.5906
-1072.4998
-1614.2065
-400.70694
609.2466
682.5661
-1208.7559
207.85022
-989.3138
972.39874
342.2006
-523.4218
371.88864
-1117.5804
327.86658
528.67523
-1953.842
401.1795
-145.30055
