-144.17139
680.30804
-26.00874
260.0725
-3.1254334
67.99159
78.27702
703.96075
336.3674
332.88248
316.1905
-1066.5656
-137.76955
-275.01477
-60.31103
-770.6878
-258.4456
367.6512
49.86075
517.3519
52.934555
-997.0614
-235.11087
543.0199
-459.5616
-228.00133
-136.69046
-580.64667
-625.0578
75.34617
51.038147
-177.74757
-215.19263
1085.0948
504.2001
366.66647
350.65237
-92.031586
46.768673
-425.38205
-568.48254
-454.92038
-157.84871
-247.8043
188.76852
337.13525
369.1517
-51.4138
-317.6087
241.9986
-449.81955
326.9399
-277.89062
88.4702
403.93875
77.99992
1078.3744
-564.0682
-896.8046
102.59553
-260.2741
20.373518
468.60364
-278.34113
208.88062
332.94043
289.3948
-263.83316
797.7728
229.68037
-151.68472
368.28116
200.94235
207.7307
-76.71142
-292.42395
-302.70456
-133.16759
204.59735
300.00943
-106.87684
-418.28473
-592.03534
-253.61674
-918.2997
1132.4204
-648.3961
874.9401
994.8172
218.03008
-207.85335
459.80032
831.222
-950.5725
-541.26215
749.36346
375.6352
314.0731
410.78622
-152.98183
-465.23218
-660.1368
-430.47592
-23.081417
-826.43256
201.13623
1247.5107
576.9351
-257.03915
-11.814726
-514.05414
100.044945
208.75844
-105.55792
404.7788
-2.4171646
64.69803
377.628
398.95462
-1260.0731
1227.8195
391.9141
415.30963
-393.5546
-179.02545
325.48996
-693.59235
-807.9473
518.766
-145.29848
-327.22104
301.65756
-701.2401
-305.46494
-647.51337
348.10114
-289.19675
-97.981514
-9.28724
-130.23001
-169.70874
-36.68546
-1012.75543
-816.4303
-405.34344
671.85406
706.76245
713.44507
244.70718
-410.89774
404.65518
754.9989
89.537254
-481.00162
-51.740414
21.665451
-540.853
-462.9504
-1268.3378
360.7718
367.94366
-837.81714
158.81403
110.72936
159.73125
594.8204
-715.4082
433.80884
318.12637
-750.981
-356.14047
169.28986
161.17334
470.61835
-161.6635
196.38924
320.88248
805.4757
552.53705
-934.59625
37.24246
62.82926
-175.9162
20.201164
-224.4074
-493.4707
664.1493
-326.6229
-669.0096
1258.5131
357.74902
-515.4439
-41.239746
815.5863
285.89413
-415.45828
165.3426
-105.06978
-156.26352
-257.66586
-474.3602
913.48773
455.70905
224.00809
18.01242
132.66342
-141.87592
-207.20415
-896.32996
-493.2897
517.8045
48.92077
-506.7616
-489.22824
388.22858
1159.3036
-409.58737
914.5917
-200.95197
-517.4757
166.1789
359.30768
861.9844
-1102.3484
-443.19257
236.01515
-663.1828
178.7293
136.57727
-922.9702
78.18441
573.9468
179.28694
-509.565
443.79007
-184.84131
-126.47417
327.58145
-597.44086
-132.01591
-481.98486
461.2316
-147.54593
-120.73006
839.55316
-365.09546
-594.42664
485.58536
-1115.4186
42.97272
-840.82916
1068.4594
-341.8089
399.6327
483.04242
-1.6746697
256.15134
104.40324
-397.79034
552.84644
-204.87238
-516.7493
-550.83875
-386.9027
11.019992
-951.86847
-493.24503
-262.7382
-106.61129
-275.25333
-119.58957
-1306.9872
407.2236
-27.131096
-109.530785
-397.30887
-318.74567
417.45593
959.3776
109.7032
213.83734
76.78258
-267.8742
542.40216
548.99835
-278.29086
-897.37823
-506.7287
108.428024
52.220398
378.94897
-279.17596
650.639
537.74884
-211.26624
453.27023
475.35202
-522.60864
50.467663
-601.7434
-162.13046
238.00548
-722.7211
-767.4362
62.50624
-26.380724
480.40442
-75.386925
-96.5051
-89.88273
-105.419266
-170.9805
-10.815874
0.39163876
-773.223
36.84516
0.37846112
-455.12964
-699.0413
-382.25232
33.81056
131.07155
-1220.0396
185.79338
-203.14024
965.2888
600.4278
-105.14346
-526.08435
550.9029
-1209.4492
67.38758
-122.48726
1075.2239
-655.62396
494.793
861.2555
-34.03936
166.46474
1137.4968
69.520996
140.94025
-1069.9357
294.1786
-591.5164
275.3194
-284.2532
1087.1754
83.49342
826.81433
389.22583
267.17
266.4239
-227.02914
190.26425
-46.731316
-115.261955
123.50408
-456.6202
-208.86879
-25.589178
-47.38332
153.02716
-416.92804
-1222.6305
321.57098
-768.1109
361.77286
160.57938
862.5893
144.12895
-212.28252
411.90067
115.062256
1034.2163
-426.23178
-317.46353
382.0777
-222.59111
-1026.9752
3.996432
-473.23853
-532.04913
-361.57928
-893.3399
265.46976
-274.69495
-457.1019
301.75378
884.22186
-127.212975
9.635553
-329.00073
204.45836
89.11035
71.89909
94.504776
752.41284
-659.06464
697.134
564.2612
-592.1369
685.033
995.76117
-641.1184
227.41339
-569.3249
-339.9254
-1369.3826
935.5471
-57.002598
-56.939655
518.31323
418.00418
-101.78026
-258.5715
78.2783
179.29509
-661.6144
-553.94214
-57.75201
-138.61595
623.68317
38.66111
207.69972
122.11783
-370.24048
-171.43742
-761.99817
-462.82135
789.03156
-567.8604
90.19987
-832.6902
418.59912
66.75432
-136.96498
88.01882
-301.35272
-209.19037
-16.254042
66.40814
793.2783
-328.1682
0.85931873
-571.31635
-230.76598
-113.46225
614.22644
-189.45703
157.92374
512.0555
-239.16618
401.10474
322.2159
410.73547
-446.807
588.82
-295.2594
-421.12128
-7.011194
326.95416
-10.194967
850.6829
36.384407
-415.55383
-1064.0076
921.6546
266.84567
283.5705
-529.6568
-359.4779
193.69327
157.45572
546.541
-674.6645
288.22137
1112.6067
-548.6716
-268.23007
349.85922
229.1033
-874.4955
-200.84346
116.57493
-879.85364
-556.744
676.73914
970.52484
70.89272
-186.63625
829.8704
-11.640523
-504.6904
-94.721596
-635.8909
-171.35692
-152.31998
542.2635
140.19028
441.40805
-378.94727
-848.5108
321.02744
-127.72944
89.07237
-360.4536
-104.81985
-451.5957
2.5034451
-342.88303
198.3462
26.487852
-991.4092
259.12585
-369.4802
201.62154
189.76884
444.6857
454.55197
862.2355
360.29984
-277.7707
-106.34515
741.81024
-256.48233
-401.42734
517.62354
780.5866
237.17053
-693.378
-267.42792
1198.4861
482.8482
-62.306152
-48.839485
26.02599
743.8499
-637.5514
853.58777
-104.86241
-222.7482
-365.7132
-365.75275
24.259548
662.9005
-104.96307
-377.8204
-717.41504
318.13968
370.70425
685.3637
-135.89407
91.40068
-825.04297
153.82469
-181.35255
-184.27945
-263.7075
-294.21057
682.71436
-1444.6117
738.3484
745.1191
-288.80954
26.143328
448.3882
-164.13448
375.75192
-192.6847
-316.7075
-29.590801
670.2611
512.66785
345.84415
475.04706
-146.91348
363.13516
33.71898
749.42957
508.22757
-413.6276
1440.9536
-39.351128
-1187.1324
-92.484116
-796.27655
-622.3473
-1240.0356
398.1457
-367.07532
-44.987198
523.21924
-57.542023
-996.5074
507.0197
-413.54025
-921.5683
-37.13123
451.9204
-506.33334
103.111115
-23.155363
1103.3561
-1057.9431
192.76773
435.41806
-126.71432
-182.41743
-393.65363
567.4583
222.63618
918.2649
37.05704
-78.75225
-115.37525
-11.142473
440.70114
1108.8672
1174.4548
-347.88086
-625.3929
-11.980295
-110.844315
-821.8529
149.93872
-622.2805
1027.1232
-212.10669
-686.3178
-40.658554
-467.57166
-341.962
473.4399
733.65155
-343.6424
135.37419
-411.34714
685.64374
113.34306
-105.816
4.705353
-704.4784
-175.07169
447.2328
-1266.0092
414.82028
317.93317
