45.17724
327.10965
102.09541
337.5099
103.20067
-227.00737
-72.79238
-130.79732
203.4947
681.2869
4.580305
-134.24673
-319.39926
-155.8619
288.20267
-331.43192
-287.6081
177.03403
56.213074
205.76625
455.9176
-26.616142
-173.12746
119.84553
-574.0399
-391.62573
47.97611
210.84378
35.49363
-81.89834
77.44626
143.4041
-171.92894
471.62827
474.3343
-13.756127
112.055336
-55.572784
-548.849
-343.3024
50.62266
85.978
383.63687
123.03801
390.21967
-114.30098
354.8133
-313.82153
28.79891
-342.47418
-141.26865
251.69794
-245.61388
386.0938
-58.29759
-40.385418
404.92682
166.31902
16.517809
58.866356
-252.10474
-38.67883
414.83047
-247.38942
212.42427
201.63594
125.87672
302.2709
467.51068
232.37694
-343.61407
-23.829185
26.849169
74.863434
-189.51321
-369.8682
3.2482262
-15.960957
-31.875637
191.07469
-558.5225
475.01096
311.14188
-87.10602
-122.43839
221.67493
-110.3921
440.2217
375.8333
-27.964567
249.15598
36.143112
691.0341
-574.0508
-185.01831
283.6435
-378.78464
-336.25067
90.54632
-29.803883
-379.30896
-259.22635
182.69432
-72.656906
-487.11826
-31.361298
257.673
111.32928
-190.27258
335.06696
-307.2774
-138.95085
496.12823
-185.09116
-46.955727
-101.75583
-328.17206
433.95676
225.59683
-98.51595
588.9583
418.9923
2.9343276
-269.35782
-157.33781
-91.53957
-156.16364
-87.04008
188.9017
214.69235
-15.319113
129.85466
-265.88144
-53.181736
-192.07022
0.94730735
280.57336
-515.306
-273.87878
-104.301094
-151.4812
175.51395
-104.77769
-761.7354
49.877926
90.674545
552.1304
-417.019
28.333006
-216.43361
-79.44479
-226.38835
451.2695
29.464128
-102.158806
-54.236126
132.50264
115.962006
-377.7657
80.57935
-173.8538
100.28555
143.50536
502.2886
64.559715
11.5880785
-43.493557
-230.11725
125.62322
-390.5075
300.79337
34.068386
-307.0308
197.29807
36.667885
120.82131
138.5471
440.8959
300.3747
-239.50267
-190.97989
8.829451
-133.19415
-324.13177
-382.60098
122.286194
95.92141
-30.62081
-158.86339
488.8429
-301.92773
80.04879
-292.37796
301.58313
217.9955
-498.3849
-19.54511
-71.23843
-543.9399
295.92786
123.315674
175.33737
108.900406
0.7457087
-162.38675
62.59381
-280.48914
499.72583
-210.53438
-116.52625
446.38596
43.294746
-585.7183
-163.33191
233.29448
-20.179682
-9.732365
193.78091
-367.70013
11.24526
88.59525
222.49748
161.1738
-651.7354
-141.43251
27.89254
-166.15735
-47.359688
143.16138
-363.7352
223.83424
264.38043
-152.69853
-5.420405
429.39697
-231.13902
-63.088066
162.99478
-93.667114
-365.70993
176.87978
-26.291477
-120.38646
-437.6391
462.81583
41.37327
177.51521
-241.2378
-40.82822
-118.704285
-523.6725
116.60578
-15.57699
286.32596
101.81784
61.31147
91.62231
-359.69525
-287.69574
-261.27197
488.57504
132.10812
89.87132
320.27774
142.05447
-506.18
-2.0203562
35.53002
389.1987
-504.7607
-275.84088
-254.30586
29.94101
310.52155
-115.38685
-58.72496
44.17014
-1.8331243
248.65497
24.803646
102.246254
1.8230104
105.53911
-342.6832
5.2297916
200.71965
-156.18141
-317.23346
-242.59233
-225.33058
173.64061
-127.439575
534.4207
483.97345
6.8371005
-62.177124
306.08774
-315.8888
265.23547
-121.95821
-254.01367
371.2366
-565.0912
-481.56744
137.80254
-0.9426727
298.1389
-186.35048
9.049963
-122.0308
-16.374323
242.47017
209.72789
264.4417
-591.96936
200.98297
-155.063
74.91087
93.74582
-190.39058
144.88777
215.78017
-866.50745
-434.5404
-68.543785
-5.537365
21.453575
147.75352
-316.54965
323.4028
-737.55566
227.62163
-272.84015
410.33707
-323.14227
-71.39131
-212.79181
-259.96158
-250.09521
474.07806
100.61114
-183.18483
-412.79263
-200.47685
-133.49344
139.50618
178.97232
512.89386
-250.39313
268.38144
408.75452
103.33956
354.42682
269.974
265.41492
-52.510113
-303.67822
233.23679
-571.4005
-75.361404
-89.8753
-234.00711
-399.84753
-198.10631
-400.54547
111.51828
-576.6953
325.81406
-391.05417
155.43585
147.40598
-253.9995
155.29486
799.83075
64.18089
-415.93488
-717.7905
-23.172169
-289.85248
-215.6175
237.62766
-70.29518
-314.7287
151.35454
-227.75697
182.98463
-35.785694
-15.698485
86.123535
28.165749
332.57578
-126.54987
-92.360245
-30.143803
130.72075
-2.550735
329.45728
501.45242
-508.89478
-32.29361
-121.38205
268.05273
-147.73058
296.831
-126.14135
-40.85362
-20.133972
-472.76022
-194.65875
-46.686405
224.76547
77.05936
73.73674
822.2618
-161.1829
333.8704
289.01093
-54.48582
-33.32099
20.86644
-93.92793
-54.97614
79.03993
66.974945
-104.88287
76.24927
-408.73355
151.90416
-348.97675
-60.44421
166.62927
-148.16818
172.1121
-3.1980221
229.0744
-62.575542
183.4579
1.7873964
101.815315
-99.19473
-353.69946
168.96419
396.68338
-508.92148
115.799835
-457.46292
251.44795
-145.40851
237.36066
40.3289
289.292
-45.38528
-273.59793
97.103584
139.88626
495.05887
-54.682156
864.2626
-254.87056
-228.64378
-171.0132
-126.603195
188.88618
95.19354
-572.83356
-515.1745
-2.4223752
662.3853
-72.0109
-139.20703
-445.70477
-53.618877
105.902855
180.76588
-192.65248
-467.6824
-110.31034
610.33295
-228.91202
274.41757
-364.92545
227.9351
-239.49171
-154.89424
-402.99854
79.486725
-131.17778
-63.963943
380.87772
351.29382
-121.99004
126.51573
-29.439705
95.34819
513.97235
-4.6464143
-137.09775
-128.3541
335.4067
-765.231
311.6067
-15.538424
-105.383484
173.03987
208.08334
-51.438145
-91.97573
-394.156
-11.564865
-59.308727
-1.1720977
215.76924
132.26176
58.56797
177.89775
158.06998
-373.57178
95.62655
96.66351
469.9107
314.23117
-77.34156
109.24403
85.849434
98.27375
84.49594
-109.81407
328.26883
279.34326
19.515804
-305.0322
-163.7378
239.49455
-27.792995
-223.32219
-426.97266
232.66202
295.59586
-140.68306
345.73242
153.71227
-226.12695
499.90652
-155.19868
-15.187569
22.536026
-476.99045
512.1719
-51.85341
429.55304
37.542168
-133.06367
-104.78122
-388.1347
-193.76515
261.07684
149.7737
172.6252
8.633312
-70.08506
12.872461
-690.38385
181.75945
434.84985
55.6721
-67.10521
440.73135
104.7209
212.64813
358.91025
-122.73835
-106.887436
370.32626
-104.88752
594.2126
197.08354
-63.96221
100.465805
176.3172
530.9872
26.921831
165.81386
114.173096
-180.53038
22.044853
151.24785
-0.10135758
126.07481
-233.30806
30.322432
227.7442
-52.477066
597.3097
-162.71686
19.74518
49.88311
-98.20577
82.12653
-44.54664
552.60144
-417.6994
121.39565
-115.820854
367.03937
384.9906
-284.34183
-173.18633
-12.1048765
-9.397232
19.575188
76.71356
-166.5348
229.91785
27.116644
280.47968
-218.977
-100.28116
290.17377
350.2299
342.73395
77.90598
-117.99611
-271.10443
142.07967
573.80304
-15.354023
109.26752
-65.486534
-504.4638
-70.19947
193.45628
-200.45631
-152.04121
-247.02951
321.3543
13.839777
279.13358
-712.12036
334.4008
-151.96402
-79.9679
-276.65128
-72.51927
-308.17303
300.79944
-425.65927
74.63952
180.99644
