-694.5656
448.30533
953.38403
161.61522
1375.9666
1071.6385
-886.6418
870.167
-172.99733
436.20425
-928.4664
-1199.6528
-1227.712
-1242.2637
-581.657
-1893.1158
-1590.9406
449.9483
-163.4457
2215.6611
-451.2373
-819.5634
-358.04578
-160.80391
-1361.6396
-181.5232
-947.6091
-428.9269
-1473.6425
188.85547
642.6144
434.5237
909.2603
2140.5476
1891.587
1131.8452
-247.39091
-498.8746
-163.85509
-443.975
-692.8988
-991.04156
-562.659
538.87695
854.11456
-320.94196
3.735646
-804.4306
-863.34436
721.2764
469.20126
42.42707
-166.95073
-1410.778
1780.3369
-655.6274
2227.419
-114.82307
861.2311
-493.39597
-19.323063
14.852262
340.49094
-1012.0848
-24.23202
605.59045
-281.88022
499.1818
1650.6361
238.60913
-1183.458
-173.82062
382.9313
131.83145
337.41882
-1259.5225
36.247307
-1171.7195
-190.24107
718.23486
-224.98091
-891.60095
-702.45764
-777.1359
-251.33194
2438.112
-1225.8071
1213.4808
1405.798
506.552
-148.08376
354.05463
913.40546
754.0813
-635.35034
90.34064
1711.7084
935.8594
697.896
446.7499
-908.39374
724.41406
-916.83484
-278.17038
-621.12195
78.51733
-119.200516
1354.2135
-183.21654
-1057.5776
-1061.6848
1394.8391
209.9463
-614.7828
1129.3756
-228.25706
-322.99905
294.64435
-626.5265
-1817.5857
274.73605
592.5177
-294.0872
66.30286
-421.02573
644.8368
-617.66473
-659.696
846.1991
-909.37463
-219.38777
-182.70784
-277.4715
-641.33655
-265.9439
-1006.07556
-95.99833
866.9169
537.1906
919.5031
-622.0673
146.01224
-1649.7128
-1484.5817
-290.7024
1015.5169
-205.54749
1468.9692
-131.58044
-437.79944
780.55237
1395.9968
-173.91911
30.776726
148.42575
-803.05035
-740.9572
-562.5011
-2505.0645
521.30865
564.1476
-1524.9022
86.450134
482.4542
1646.9385
981.4394
134.853
7.0060835
1124.5381
-1905.0632
-139.44705
-910.37866
-375.45804
841.35004
477.51956
327.0178
-9.906054
568.3611
439.43753
-1348.9991
-175.4357
790.561
-393.68198
-1055.4467
-494.50397
-199.74867
1128.7418
69.635376
-1082.7394
227.85646
237.24028
-745.4466
-64.345764
661.9402
-173.37613
-962.05975
1124.3428
-320.48178
488.3058
514.47455
-409.33905
1858.5521
206.25702
1141.0789
-32.007385
618.1538
949.8185
-386.4451
-1567.5223
-336.65137
-310.19916
454.6462
-385.32303
-2008.6191
711.8884
2317.3682
-423.0129
1214.2456
-195.37129
-116.071075
-607.9338
451.20676
952.3697
-600.3879
-164.57217
344.87173
569.905
112.875946
456.2384
-638.1616
-375.25555
842.6261
-38.545902
347.15036
863.42676
-1523.2809
-1830.5419
1550.959
-535.9613
-533.8874
-64.226555
566.7819
805.3429
-367.1194
1292.2347
-232.1213
-314.61356
-1002.3254
-1626.76
-1312.0682
-1080.9409
1687.7764
125.84297
899.638
-538.2937
556.2396
874.4231
160.14384
-504.63974
546.10547
331.7652
-465.93
508.98535
985.34784
-263.14264
-807.4085
-75.26491
-79.481285
990.16235
-1629.7837
186.0679
-1493.2849
-432.25085
-1413.6477
329.3451
113.09567
-1204.9661
1232.4324
1054.0518
1046.8116
-304.84848
231.07297
449.3988
901.75476
1144.1456
-1604.1052
-1369.9003
-766.5495
1662.0038
-297.89545
-361.16895
308.7866
-923.8074
-5.796402
-1065.3958
241.06157
433.62625
-417.51605
-1028.8165
-362.82492
-640.6799
-1135.3114
442.74185
-881.98486
-596.35724
-206.10463
495.70306
-199.9034
-1262.7153
277.23843
-321.72308
-1562.2131
-84.18728
551.56805
-1084.4039
1931.0717
-1034.7705
-442.79602
-777.6882
1059.967
-55.137306
83.71606
-1237.4753
-792.5913
168.46683
831.06573
1363.4778
-628.36145
501.94647
-54.636295
791.8562
182.0912
-526.8959
593.39417
-1703.3064
891.0677
1242.2985
-153.61781
747.0203
-47.14035
210.17215
733.60815
-318.9126
-434.56134
-879.1945
173.37798
-127.2175
2389.5588
-320.95416
177.14331
420.42517
480.99728
-897.0987
874.6548
31.59387
-1013.27045
562.8677
-219.19829
24.730448
406.84174
1072.0991
596.8191
461.63663
-720.49896
-542.1772
323.12305
-1007.8677
-78.56225
218.89459
1495.9442
864.2935
-990.17816
-105.87923
1035.5619
-515.16925
-420.9543
320.10086
1270.9008
-316.6937
-1562.2358
-307.74344
-576.5975
-898.1816
1389.261
-1067.4723
254.968
200.46744
-1530.1409
1122.3665
572.02527
-1269.7441
-1197.1033
-841.26917
285.75037
-85.79231
320.99988
507.2043
1151.1484
-628.8992
-98.70253
602.1998
-1426.7277
892.6853
1766.6548
-628.1926
-354.44095
-568.8089
-145.3332
-2853.6482
1744.8945
777.61993
-912.8285
1452.2277
248.70836
984.7634
-743.3096
-574.16016
1170.6866
566.3826
-762.447
442.22903
1267.4789
163.3967
177.194
188.63951
-456.3896
341.5457
-128.63324
-1257.6838
-1400.1272
1617.99
-66.98792
698.6045
-536.01666
-665.63654
290.84555
-77.23087
-141.27165
-1760.8779
-126.79324
-485.0097
1300.4578
-19.343897
-492.50092
-984.9165
-1103.9694
-1901.9172
331.33856
523.03735
-1250.1543
-1292.768
1330.7997
540.17035
305.42514
1451.7705
291.64746
171.7795
1032.1466
-791.4613
-7.085941
-272.96252
-886.422
435.28326
123.1907
1603.9224
-52.185024
-1826.0898
1508.719
-376.8937
-80.24584
41.850777
279.45398
672.67816
237.23987
1543.6127
-743.4303
690.93353
2085.8208
-1109.589
-658.7281
674.85205
582.57025
-1278.1642
208.28848
-317.9916
-656.2552
-686.432
1343.0642
1844.9828
1058.5757
542.9544
1513.0104
-14.934707
-440.8177
701.6704
1090.5674
35.047928
-233.46773
543.4825
177.5583
-48.181534
-620.9233
-513.5409
863.1972
-108.43933
59.83789
193.52277
-467.7161
-1155.6086
1713.3127
-986.9672
-1065.3174
-489.6412
-321.97815
1628.5114
709.9948
783.41095
-192.97849
803.47614
536.85693
642.33826
1011.499
-304.92587
-458.91766
307.4477
-455.92267
48.400043
1470.3281
1194.6366
1845.9331
-1536.3678
779.8087
2271.415
401.18585
-695.2961
-594.74945
185.99571
767.7532
-902.3839
1925.4768
517.871
-1198.1243
-68.60391
-1851.2117
1136.219
1765.5753
-1371.7975
190.6731
-1131.1252
-579.8083
515.56165
-202.95679
23.286938
-921.71405
-781.21466
65.21307
241.07042
962.0999
-1023.606
-1056.4513
1100.8058
-2184.0205
843.95685
1212.4116
-449.75958
434.39355
199.51595
-287.20728
928.1978
-200.9014
-179.37686
1082.4984
1443.0181
-445.3313
-185.19276
-194.67188
820.8757
-388.92923
-771.0156
1092.3074
-62.18321
-328.12125
1493.6028
-219.74419
-1298.4293
-665.39734
-1486.6947
-695.19745
-1584.3179
406.4129
204.8746
335.22647
360.59555
-699.22906
-1103.466
1261.6213
-834.4243
-2034.9078
-142.33688
-434.80145
1256.5925
547.18036
-163.89635
779.2354
-683.7378
489.94644
159.94014
-972.9709
-37.185707
217.85455
470.13657
-82.78267
574.86633
618.35626
-440.07834
-309.522
-20.165508
201.42609
828.9393
857.32196
-517.086
-527.94244
551.8675
752.88416
-837.7426
774.58673
-1101.7838
454.95773
835.0206
-1086.2476
-104.32841
-2011.6622
-720.82416
617.28864
1050.8624
-1105.7317
65.901535
-871.4433
1472.3518
-57.493065
-615.47107
535.0384
-1004.8499
293.1817
1149.4651
-2721.885
887.6784
303.3819
