-459.85715
590.7611
843.33624
414.55743
1176.3826
956.48236
-691.96814
784.80524
-77.51353
368.39093
-667.87506
-1424.1904
-812.01117
-1081.1794
-701.3267
-1460.914
-1288.1622
552.2022
-274.54086
1827.5885
-197.66385
-1025.9846
-199.90782
-104.22607
-1329.9196
-122.77717
-909.8877
-81.28886
-996.04474
226.39949
675.676
100.131836
886.5363
1869.7988
1652.9684
976.9993
-46.395878
-674.34344
-36.044262
-430.0957
-783.64136
-721.30164
-509.9916
406.2517
908.9454
-546.4323
-351.44043
-984.4822
-848.50903
444.0802
585.54144
10.301057
-216.45746
-1465.2781
1696.2678
-469.82922
2246.4082
-64.31301
475.23553
-99.34865
-184.56296
21.839102
315.15915
-620.16266
20.604101
162.28711
-354.64374
309.78687
1820.3085
36.32707
-698.2648
-107.499504
70.11563
-331.53976
295.90244
-1547.762
229.56885
-1410.4558
-305.55994
778.06586
99.75593
-737.8217
-836.7782
-1091.4591
-638.34503
2345.86
-1222.6554
1225.4863
1410.1127
971.86957
-497.84763
203.50842
933.4409
521.8494
-471.36792
-0.06590748
1326.2079
1011.2671
986.9188
-49.13517
-1126.8016
708.8034
-1172.951
-385.63193
-289.25693
-53.223614
-12.110537
1305.7623
89.1537
-612.3831
-1766.7656
1099.6105
45.35588
-502.11792
975.50507
-198.26678
-543.87195
350.4058
-679.4559
-1931.9465
226.88704
754.52374
142.07536
53.798073
75.83994
831.92316
-646.8057
-1080.0369
1032.5704
-559.22156
-122.09716
-0.13805676
-711.4213
-596.6745
-168.76334
-564.36554
-407.03152
791.02954
588.7224
729.35114
-500.6924
382.40933
-1719.8093
-1251.0428
-321.46313
1390.2584
57.495502
1394.4998
79.76268
-653.6257
759.19836
1305.9543
-258.35168
-288.0897
297.57706
-639.9099
-322.17038
-507.64355
-2476.6245
653.7619
617.1261
-1137.7867
256.3012
158.15762
2020.8071
1049.3319
128.79965
25.137861
735.9832
-1734.7894
-349.16736
-448.29395
-439.22705
995.2987
407.1649
321.0968
-205.8327
799.19867
480.1369
-1205.4556
-269.81503
571.1047
133.25194
-562.0701
-444.38947
-93.66586
1364.71
-387.12344
-936.9749
478.96487
-2.083317
-813.9814
-217.64053
914.62585
545.613
-661.92755
890.78186
-411.424
949.6914
271.91196
-234.18282
1630.8184
230.19798
911.7627
68.88364
1018.25494
419.76263
-531.9745
-1671.4126
-533.12866
-242.68529
182.4495
-690.26306
-1653.8079
760.57025
1885.3435
-186.46333
1271.9484
-336.58688
-589.5221
-277.72284
93.05345
600.2164
-413.94073
-44.85058
549.72906
805.7641
67.35267
762.0684
-859.01135
-550.47687
648.5665
-15.646229
618.06494
726.5514
-1461.882
-1443.7043
1337.7072
-371.91846
-346.9208
311.66437
781.70233
786.1276
-160.9411
1341.2849
160.6052
-563.88525
-850.94586
-1322.2489
-1222.0485
-1067.445
1619.1483
774.4126
806.82367
-545.47296
662.5148
1246.1532
-94.02463
-797.77783
336.21326
214.48639
-471.4461
597.50574
1049.9832
-512.1641
-834.4693
-41.68365
-32.922447
1106.6445
-1471.707
425.21
-1459.0529
-556.81647
-1395.5409
329.43677
345.43912
-979.2638
1345.0183
1114.6719
945.4098
-114.991875
-75.95839
525.8567
925.2295
1307.2654
-1452.8877
-1453.9464
-1005.2788
1331.2625
-225.3513
-281.0991
158.00934
-777.3064
265.82867
-758.04535
108.13612
67.3215
-77.225006
-894.0701
-616.5035
-680.0585
-1075.203
323.75647
-680.4222
-530.2548
-343.9927
743.3203
-563.3634
-1473.0654
110.95759
-417.61792
-1775.358
-313.05823
412.8155
-868.7903
1702.0615
-894.5676
-665.14124
-940.0002
679.08453
-193.8181
-284.7919
-718.58923
-429.42465
117.479965
379.87494
1522.3363
-579.6581
704.2242
-201.41304
642.7363
205.90916
-213.76741
370.41196
-1494.5657
824.76227
764.27856
-376.70047
511.95758
207.12936
436.67715
596.8382
-462.2032
-604.645
-689.34375
596.85065
148.0371
2313.9014
-293.21954
270.09732
231.92351
729.71576
-543.5667
793.68536
99.84593
-788.8139
601.0222
61.76896
-291.9436
193.0321
834.521
667.2354
162.46327
-789.82166
-792.1848
288.00293
-603.7386
471.86316
63.42134
1666.3716
865.5957
-1180.376
151.83986
1034.7511
-93.55657
-600.4298
430.65884
1191.7618
158.55522
-1504.1683
-184.78769
-260.55316
-641.671
1148.3184
-1166.7671
395.6126
77.30282
-1135.5753
675.25616
461.2705
-1116.8563
-1573.4469
-738.2023
505.8424
-236.69485
500.7379
351.6196
695.4507
-189.28168
37.73347
564.7423
-1259.0226
673.02295
1287.1942
-1036.5044
-196.94652
-801.45496
-212.0261
-2664.2788
1706.4901
898.958
-949.915
1454.0117
127.37033
583.75055
-581.60693
-662.9387
1270.3557
689.9299
-648.8438
398.35184
1273.5743
390.18243
300.46414
113.882996
-200.74884
339.14038
29.280489
-847.9406
-1279.2043
1222.5275
-435.0559
713.1918
-541.1774
-602.8652
332.5993
-38.808395
-197.57991
-1676.4252
237.54929
-419.73315
1340.3982
-51.106197
-174.23674
-608.408
-1007.15564
-1573.215
331.32776
751.77386
-1239.0591
-1164.552
1114.7981
592.78345
336.8767
1399.544
-72.01428
113.42269
986.0994
-779.2092
115.42364
-283.69296
-709.6454
342.06412
483.5455
1409.7125
-250.45555
-2097.438
1298.2496
-486.57977
17.383848
-523.8465
561.65985
394.4393
-13.586459
1623.2355
-659.994
438.75275
1920.2804
-1292.1134
-696.8573
662.34454
601.3879
-1058.1782
70.4515
-265.20294
-587.47577
-836.25256
1165.2333
1701.8845
1181.0232
245.17238
1508.6094
82.68267
-148.84572
651.77686
1096.7543
-150.66295
-288.7701
363.11963
196.52379
-61.153767
-788.44336
-733.8599
543.8837
-232.63913
198.65454
-218.35953
-245.24591
-1213.352
1692.6678
-908.50726
-727.7001
-432.96756
-676.61554
1454.6067
311.53156
607.5138
-330.86353
596.1475
683.6385
934.19324
1229.4111
-102.8703
-376.91098
426.36646
-543.2264
40.806892
1592.5133
1245.0116
1260.4244
-1239.7312
825.3654
2449.2454
187.60783
-479.26355
-154.8256
761.1451
856.4904
-713.49036
2270.6174
586.2592
-1154.9437
-38.467644
-1990.961
1100.8492
1349.8414
-900.5853
97.647896
-1126.5406
-621.85126
72.93338
-115.81477
286.2395
-851.98804
-688.5997
-187.13446
-26.28616
718.4772
-840.03064
-774.0748
1631.6759
-2311.8506
851.85425
1166.7758
-198.52849
402.85715
77.3369
-472.13287
887.6979
44.976486
-58.905766
1418.7632
1085.8752
8.981791
-114.223976
-314.17966
737.23944
-223.03067
-256.55167
1203.0353
138.49509
-102.893074
1703.9778
-129.05725
-1617.853
-676.44116
-1625.6692
-845.0846
-1214.7301
411.52484
-35.577248
525.8674
210.10367
-738.83105
-984.533
1380.5023
-1037.1632
-1735.4426
-513.0185
17.678354
1085.3138
165.51999
-326.9042
796.89386
-843.8793
482.3494
-25.156923
-642.35565
139.18764
-302.4674
785.61505
-159.53664
653.68524
253.29703
-485.98657
-62.067123
-104.212746
529.31384
728.4405
782.4384
-636.1584
-207.28542
425.25635
432.76358
-811.85834
792.2379
-1171.3063
525.9081
671.3873
-1246.3877
-495.26538
-2058.1367
-602.49567
407.71695
918.469
-982.43677
172.1903
-561.0906
1365.8665
321.57004
-555.83575
500.72382
-1113.8094
-14.748659
877.4075
-2422.8843
680.24854
-64.27096
