-224.71565
666.1314
86.428375
306.22412
-178.50645
191.72824
202.84668
636.36456
348.43372
232.68153
451.74652
-1192.6884
-58.10262
-136.99817
-55.74954
-923.6421
-313.6473
279.826
-50.076904
542.6863
-27.492872
-953.6113
-275.92725
290.742
-464.35745
-341.80402
79.10288
-447.8055
-618.6845
128.4695
-125.541245
-259.16125
-290.23743
964.4251
670.3668
588.48706
355.79065
-31.524714
213.00859
-299.704
-588.6765
-532.0087
-108.478264
-47.873962
163.79672
303.60922
242.20244
-190.90523
-218.51166
437.52927
-448.95352
339.8109
-295.67975
201.88837
510.75763
382.0286
1101.8234
-737.6801
-865.3488
0.028775454
-309.59198
151.17613
546.62225
-400.39468
381.6129
280.492
199.18062
-487.1772
933.97406
309.79425
-213.76369
202.31854
192.86282
245.78743
-38.880623
-12.143919
-341.24597
-101.66521
-86.40756
355.70044
-103.16354
-321.05814
-622.55994
-185.73459
-923.72076
1119.2432
-786.12054
880.52966
899.78375
92.75991
-341.31906
442.1955
816.7376
-1026.1177
-427.08838
442.44424
451.25165
330.89856
410.5426
-168.27692
-552.28156
-664.2663
-482.8516
-101.271255
-1137.1725
286.5584
1325.9766
619.2172
-281.47903
127.1786
-680.6702
152.31512
241.69531
-161.16518
551.5618
-81.866516
11.450489
349.42877
406.72992
-1177.2242
1319.7896
317.01834
477.56836
-377.08148
-212.02072
370.2683
-657.629
-677.7404
467.93805
27.839064
-332.96295
400.32706
-643.54956
-286.51044
-642.95435
416.67303
-356.51102
-43.60995
131.35965
-260.24686
-121.74585
-130.68196
-1149.4344
-1025.8341
-256.7818
590.6728
733.67395
890.09094
13.793107
-439.31522
540.14667
958.83234
-9.826686
-476.92218
-18.356865
-70.382805
-566.4871
-235.6923
-1192.8588
325.78363
527.81213
-840.86505
194.73956
5.8584943
291.4683
511.99203
-821.48
456.98553
418.5434
-678.1458
-219.05545
129.18404
201.62886
351.82562
-192.86325
234.56342
215.51392
792.95306
696.7105
-1023.1135
24.352795
48.75083
-190.56618
-34.148094
-128.84451
-526.0132
652.12286
-199.90227
-685.25366
1065.289
168.42706
-549.3308
66.33994
746.8574
315.05093
-331.37692
300.9043
-191.5395
-0.9420395
-242.51717
-569.973
1057.4108
503.4503
277.17914
-17.421633
205.71158
-322.95212
-143.02675
-761.7654
-492.66827
691.70404
232.84218
-620.32684
-545.44147
633.6243
1221.5701
-489.43066
956.17816
52.502617
-434.06888
96.51771
396.17346
718.3427
-1029.0223
-618.26
317.51935
-644.07715
146.5527
69.44182
-847.42615
-81.06581
662.8798
105.96739
-553.4679
243.13342
-382.3789
-74.588974
391.4775
-568.46625
-80.640656
-540.6471
493.9353
-157.71028
-300.9035
658.77734
-304.03915
-647.8927
472.92487
-1140.1995
25.404932
-755.932
1071.4257
-297.6297
568.61584
400.31003
46.29035
94.2231
-1.9666224
-439.98126
621.9514
-68.788445
-474.43524
-383.69696
-347.69858
106.74054
-978.8441
-483.63055
-182.59782
55.38651
-394.4425
-106.93472
-1320.3617
426.21262
38.47837
-82.91636
-348.83905
-277.29636
476.13962
812.8305
185.9934
212.24565
78.28645
-205.54286
364.88815
541.662
-219.31593
-990.53503
-569.70386
323.37854
42.26067
385.4469
-240.42632
529.6724
502.12183
-119.69394
364.49667
510.9272
-452.12296
54.345837
-546.561
-189.48978
248.13403
-766.18243
-672.3456
11.845011
60.992134
491.81253
2.3011522
-279.75925
-47.815258
-36.19619
-267.6657
117.0848
-25.922464
-850.41254
17.600977
-131.51515
-463.10095
-563.5779
-321.1847
-249.54562
142.23706
-1117.0286
175.91539
-288.66513
1035.2106
649.7346
-47.659325
-385.92395
534.6238
-1062.4003
37.909508
-277.14145
1085.6278
-625.19617
542.4836
715.7076
-52.293472
299.02182
1181.4951
200.87234
129.23685
-1128.469
151.84674
-805.2588
298.00424
-249.0503
1258.9559
-154.56604
857.721
242.77687
208.33821
187.1341
-226.84142
243.7224
-52.665874
-3.4669032
174.31117
-545.2856
-252.35442
-59.972103
19.833984
421.85837
-402.52588
-977.8889
394.63394
-865.22955
254.84248
109.75184
871.7379
232.44456
-261.088
409.9348
40.649437
1114.3252
-374.55664
-301.63193
294.2366
-263.07916
-1160.9309
183.97676
-349.3334
-549.08044
-413.36612
-967.4103
208.84015
-201.42923
-365.00613
360.1656
1125.1973
67.00681
105.313225
-316.68228
168.51064
-157.60245
-77.199585
-41.794075
758.15375
-817.2167
738.69507
654.4683
-586.1512
657.57074
1027.8853
-526.04205
405.20734
-564.7975
-330.49753
-1428.3793
823.3907
-22.01149
11.579809
473.19464
458.31372
-76.48109
-411.09097
38.396076
142.23589
-671.3372
-604.94006
132.89241
-208.2655
465.18973
213.35532
236.76599
120.44118
-311.74332
-362.54333
-680.3133
-313.4781
872.00287
-571.9321
65.52762
-888.1956
493.79443
251.76967
-266.5168
97.25923
-163.20195
-203.88594
31.555729
52.498886
677.6951
-229.01067
-138.46036
-629.85693
-119.29245
-49.24308
493.47556
-312.23856
37.1326
417.91183
-339.2212
438.14914
431.95306
388.06827
-636.1245
479.54477
-308.40256
-319.31842
-71.59222
239.39488
-140.75534
896.0121
152.63145
-292.0537
-1033.0354
1094.4253
434.99118
444.19183
-595.3277
-369.03638
148.77571
243.25496
861.9602
-681.4815
428.6977
989.9624
-405.00113
-260.60892
363.891
270.31763
-987.87823
-107.23121
-0.0029156208
-915.7134
-591.1657
737.8195
787.33936
62.01592
9.41669
808.9802
67.98514
-383.68262
-216.47086
-605.3629
-191.09132
-211.66394
428.07196
212.1619
288.20786
-297.65732
-906.2938
264.39157
-278.36432
135.09451
-473.60004
-147.15578
-502.258
-180.62978
-283.03625
79.581955
14.4529915
-905.74854
212.44604
-487.40503
144.17775
148.47328
381.40936
400.05338
994.9094
421.93137
-342.2836
-182.9749
455.00244
-176.5982
-489.25485
598.7664
824.96533
364.17273
-834.0644
-181.01028
1325.511
493.0679
-160.76172
116.67797
-118.69323
650.8967
-723.1305
889.02704
-135.90477
-186.21353
-135.27243
-256.23627
-68.09696
548.4533
-139.93529
-350.56403
-807.77673
326.13712
310.46252
644.7892
-97.33679
268.11127
-835.1083
329.11304
-19.732475
-120.413925
-166.13693
-348.9017
620.1758
-1508.6057
808.3597
736.98083
-303.23334
113.80133
394.05063
-389.83813
343.62515
-279.66324
-190.93428
-52.8071
415.79022
454.18213
291.434
323.2026
-12.626458
471.98666
-26.275812
732.5785
665.69165
-201.7017
1236.3413
-230.33551
-1213.625
22.515684
-908.6065
-470.81564
-1390.4799
453.7245
-279.41925
-75.63324
601.1634
-62.73956
-1075.0809
451.94052
-352.41815
-917.81744
85.98432
459.95996
-505.56845
-94.06644
-128.482
1217.0938
-1085.8123
72.04125
294.12894
-65.61408
-104.35452
-385.89285
473.03802
330.6414
1081.2512
231.62093
-223.83287
-277.56036
-25.725494
671.11304
981.6299
1096.4017
-352.89456
-635.468
138.54471
10.279833
-753.104
326.74805
-793.36725
1197.0382
-110.39505
-749.8845
-163.44247
-390.6413
-345.30112
365.85828
611.51556
-467.94104
59.51786
-385.36288
596.27716
95.2088
-140.75436
48.788456
-794.8381
-197.82059
569.48804
-1287.333
314.63934
292.99194
