-245.04866
262.71564
45.778263
466.91193
389.2172
-38.894375
90.56196
54.575745
387.16058
481.71097
-3.9913666
-654.41956
-516.91693
147.91286
244.19833
-700.7955
170.99062
268.93634
100.87105
-12.726941
497.9478
-19.7708
-179.07112
347.7609
-377.46777
-112.37624
301.8627
-114.1564
173.27261
-93.13647
-117.76566
-28.587893
-305.74203
445.35062
534.8771
429.57617
152.05893
142.34348
-521.121
-530.66
-456.81793
-93.22844
708.88074
-84.96089
475.12482
101.5019
377.80005
-66.12603
-180.7229
-17.177721
-445.91083
-79.88219
-140.30765
91.83975
103.942345
276.10226
921.17664
112.6325
-77.95806
48.716618
-363.81992
-196.8479
607.33185
-207.38744
240.89725
443.5215
310.53406
350.68857
333.6632
66.996666
-275.11404
159.89755
18.86969
18.97925
-78.04759
-399.2442
-252.61877
-184.01433
419.0071
291.47162
-583.0396
258.2443
86.641975
104.20214
-502.20483
265.47662
184.8906
274.87985
382.63803
226.26103
356.24255
97.306
1278.0101
-766.74805
-557.8234
466.13565
-126.687775
35.475624
335.19672
-126.511246
-325.22836
-285.53442
98.16505
-377.94617
-845.3708
-141.96631
243.36055
425.88223
-638.2538
341.9448
-648.29974
-322.84296
612.1077
-452.80157
-111.56418
-121.35619
-153.14865
336.7371
-261.37405
-172.67213
986.8207
557.9492
-145.22409
-635.2133
-309.6034
97.98741
-385.2211
-156.50452
287.29257
-136.3041
325.22937
322.09286
-478.3495
-43.69075
-492.68112
209.68282
231.53046
-393.13647
-64.10195
-270.2466
-44.91263
204.39671
-465.8143
-406.32803
313.4488
-110.53235
520.0411
-5.4455824
54.732224
-64.84061
-140.60722
94.699104
128.9168
-230.40065
-353.84024
197.08455
-141.01799
-143.3872
-390.56097
-51.68231
-7.1101146
-340.15744
107.072624
417.2024
-178.5761
-79.870865
-261.2526
-347.4719
-10.703668
-392.88068
-109.19514
398.27728
144.20573
376.536
-503.61343
201.19438
64.50916
332.80316
180.6331
-322.0639
-390.02682
50.12949
-271.07013
-325.3405
-315.119
80.48742
505.97498
-82.04949
10.461134
679.7561
-159.96242
-114.159775
-282.26523
719.4659
551.98724
-530.2324
-333.85364
228.45163
-620.1399
-87.743965
-34.96377
67.73684
663.7012
-97.12742
-41.313652
529.58984
-192.3348
148.00117
-718.12537
-368.13794
753.75146
-177.21645
-669.1252
7.0225263
57.236866
414.7874
-373.55478
433.06815
-353.04813
-516.063
171.38225
115.59479
261.1662
-884.0041
-282.68863
97.09495
-76.02225
284.2704
245.66417
-348.48328
293.78903
355.93375
-82.61638
-145.95538
526.9225
-397.4622
-195.89412
181.63774
23.730759
-285.7285
-146.7942
146.89137
-182.14883
-584.6747
450.4976
-91.526535
-144.50644
259.6183
-221.74257
-130.43668
-711.2456
376.95953
151.1384
487.11383
424.5471
132.33739
184.25957
74.99675
-344.45078
65.45844
199.89098
-264.668
-139.56055
341.95648
-11.165965
-629.7707
-331.85355
-305.97928
101.60686
-204.08737
117.267204
-232.11183
626.6189
103.4161
-351.60977
-451.5988
83.168625
-44.024998
319.8765
-256.11584
39.33799
-258.68158
-24.609854
-286.92157
237.29036
276.5276
-337.91177
-489.36096
-98.64931
-193.08249
42.66644
-434.14258
573.4277
664.547
5.2410693
-21.414486
93.13844
-212.26736
-99.264015
-527.75287
-257.07025
632.89056
-557.2663
-710.7487
203.99255
154.20515
340.61624
-260.4442
-262.0137
-58.84805
-304.3972
15.74505
-122.29937
409.18137
-645.2986
377.2364
-45.154568
277.85107
-68.01417
-282.24075
-166.49106
169.03648
-741.22614
-598.8872
-104.74805
125.50455
-128.80653
187.44725
-293.65356
488.34167
-1086.9686
209.14996
-123.81415
580.4445
-43.893265
286.53113
-33.750927
23.533834
-169.82578
486.53592
152.15948
-29.157612
-268.33453
-105.04154
-520.3408
142.8028
453.51126
240.67032
-35.368687
219.92737
624.21466
-2.0119922
258.0402
-136.64317
102.52298
-413.72513
68.83981
403.688
-380.83423
-122.43218
-312.44702
-261.78326
-309.75534
-131.9986
-426.36673
84.3292
-689.4868
435.51065
-14.169273
436.37833
273.92728
68.87279
313.2412
368.74506
520.2968
-301.93906
-676.755
131.40794
-301.1803
-709.39685
78.328064
-249.57027
-158.27835
-247.47595
-493.64203
351.94354
-125.38198
-352.47385
530.69244
582.7249
379.99115
-281.39148
-25.226395
123.82756
43.79397
-308.85846
224.2121
606.5677
-126.18994
172.65886
85.262344
6.8182473
233.04955
557.1717
-70.77466
140.86432
-28.283884
-265.57526
-421.82007
243.83736
114.90576
408.39005
196.3483
878.4032
-180.65297
11.075244
403.8923
45.157364
-143.69995
-135.21675
162.98123
-80.4985
343.39935
227.12428
161.95947
269.71103
-337.89804
199.9336
-433.587
-296.98032
574.1907
-482.54782
96.27772
-149.21748
54.671513
298.82272
-94.53197
-88.13515
-59.78783
72.07138
-134.88722
334.54865
428.56775
-485.40222
65.70319
-552.45135
239.06284
-16.175554
755.9137
-157.32027
179.25256
-46.052048
-225.76842
164.05693
-10.365797
412.8581
-262.74283
609.1407
-201.31113
-120.306
-189.47385
133.20816
464.04636
189.8578
-542.5987
-484.76038
-154.03369
788.3808
-317.4011
-388.48306
-536.8885
-64.60983
-157.80928
361.34402
-309.3454
-700.4133
542.89355
916.98474
-300.27014
30.48616
252.05211
354.454
-540.9237
113.18894
-110.70531
-382.06708
-251.1543
-388.4391
571.22595
-2.1021745
-406.1096
472.54224
-77.09143
-147.08932
453.37216
-121.987274
-66.920715
-309.03427
83.912704
-320.36267
68.79874
-13.670846
-155.74109
233.62924
-355.0498
106.43357
-282.9908
-639.3327
343.2484
-31.371288
5.0478935
304.3763
-8.934956
-369.6526
382.67917
-206.37335
-210.9116
150.57527
238.991
297.1934
692.85126
-30.545387
-285.03043
-67.88376
242.87361
-340.4614
45.20369
417.34604
403.04855
92.72578
-274.63464
-381.757
554.1332
418.95978
-371.09732
-381.64093
368.96432
559.24243
-170.41751
661.87744
173.88152
-504.4131
561.38324
79.14502
-10.047378
77.95599
-509.6834
168.02785
-294.1565
181.57759
514.7632
-385.32367
-76.61217
-461.43552
-473.90698
118.612404
79.06504
171.60031
124.509094
-339.3307
151.84091
-839.9416
255.48442
397.73206
-212.60214
-11.453516
627.98486
154.90598
30.573261
211.0442
-216.43735
-264.132
481.06436
5.336192
630.98444
-135.95776
71.48515
-164.35695
435.05835
275.1186
221.74051
-124.25136
303.59573
-68.95581
-380.11807
317.76562
-360.3557
76.7606
-552.1811
611.6328
240.80473
44.18587
626.6063
-486.28598
-150.92847
366.33725
-168.07074
-21.838703
53.794796
376.10278
-608.1467
134.9422
-27.336002
515.00354
108.0476
-151.27563
82.13221
-352.63348
-199.20485
-213.94394
224.85287
241.23027
479.7252
-285.65826
-16.656977
59.60383
-98.90135
332.4508
775.872
715.92566
-46.652687
-78.921326
-236.68414
404.56363
7.8985567
-34.692345
-236.74252
244.9767
-376.98868
-274.1181
6.998874
99.61962
-263.4822
205.42651
499.79654
180.44615
199.14595
-491.1072
43.444466
15.982861
94.77057
-147.34349
-426.3849
-50.217487
454.9018
-668.6176
-34.878742
-80.012115
