256.70514
1091.3619
88.171906
593.27527
1101.7084
982.5878
-309.07626
772.21796
161.20743
-64.953354
-89.533775
-1566.1073
-412.82593
-817.75104
-200.02158
-1109.886
-155.66805
845.4766
-35.139187
1357.0665
-129.81442
-1615.9572
-262.45923
252.28464
-467.66278
-661.7998
-478.3218
562.9606
-278.40402
667.36487
72.1081
-363.05405
83.105225
1474.0269
655.30884
429.41605
184.09673
-362.82083
81.786514
-211.65572
-727.1522
-791.8671
-382.36584
991.57806
167.3985
-495.71796
286.81128
-739.0781
-1052.6619
300.17422
-115.854385
714.42285
26.759882
-486.61472
1281.5312
455.77188
1882.2771
-785.33
147.06923
194.7723
-137.9528
136.2129
553.0899
-373.06107
-411.68967
313.65408
-693.20856
253.32126
1986.0886
-255.96672
-541.7087
569.28894
18.043938
-51.46113
81.925446
-1799.3595
-605.7926
-1115.5454
-56.22225
298.34488
-21.030369
-861.8986
-823.1212
-1073.1002
-510.93622
1508.6099
-882.1381
1001.4562
1272.008
562.1684
-669.6417
644.5595
1159.4652
-346.4143
231.15839
-283.1349
883.9886
1370.2899
764.20447
160.0558
-791.54926
-500.59225
-1216.8033
-778.25256
-1435.147
-177.02821
223.90097
906.6929
66.40662
-818.9307
-891.7743
254.36497
467.95715
84.57295
1197.0913
111.6795
-226.06538
684.64044
-175.36903
-1509.8287
555.8905
444.2747
162.74927
52.50339
323.75064
547.2641
-415.36328
-566.3739
924.3837
-328.046
-115.649445
146.0927
-550.9172
-925.68646
-164.01329
-252.80833
-589.87
330.6325
338.35132
103.16319
-394.20862
316.08316
-1863.5885
-1358.676
-679.7336
1137.9742
148.988
1324.7509
14.396922
-599.7296
574.84344
727.6247
36.4088
-470.78537
354.50955
-251.6629
-460.7207
118.90369
-2430.8494
626.721
944.8416
-1051.4873
-93.84123
-431.34482
1632.0443
487.21036
-690.2244
13.6673765
307.33987
-1318.0183
-606.7472
150.62315
-159.01352
717.3236
442.79163
503.74594
-44.691925
979.11053
685.17633
-1068.8939
105.155914
470.3513
170.18243
-551.81696
-342.16455
-721.84894
1225.1829
-274.25745
-1199.9346
976.56757
-9.399366
-1428.4716
289.84766
1523.6559
639.25037
-606.3735
729.02405
-623.6917
344.53543
-24.453524
-185.67589
1065.4674
259.0096
726.6644
-434.47806
161.3432
310.30365
-689.88336
-1836.9778
-794.5087
-117.453415
-420.94577
-832.6385
-1061.0448
1049.6642
2003.012
-458.8408
1430.4108
-131.61333
-180.38527
-127.31453
192.60568
132.25623
-600.33057
-640.0638
1184.204
-315.37473
298.90103
1116.7173
-217.73335
-186.24303
872.4984
-41.602924
260.26132
674.6204
-1062.2041
-985.4644
1014.6117
-1230.0531
-221.68596
193.64622
297.6642
1072.925
-303.50516
974.1144
14.714496
-405.80594
-556.9265
-1262.9039
-254.4413
-921.11786
1333.5022
796.7394
1271.6288
164.41116
423.56528
881.3246
-299.98474
-719.80316
981.03766
337.5029
-531.9792
358.81696
392.94666
-638.37537
-616.43146
-221.61952
-100.872055
-327.05927
-933.756
-3.6315107
-710.91
348.85947
-1116.7538
362.2582
-558.23413
-444.50128
609.4086
1273.5403
836.1134
38.04245
24.306984
465.5382
816.62384
1616.1423
-486.79318
-1088.3646
-835.07166
628.197
-14.408579
602.29346
-129.87141
-71.96808
602.2195
-799.5172
-275.22516
90.015724
-1005.4085
313.61896
-599.4447
-303.86948
-171.71799
-89.641235
-1005.3619
-569.75073
-382.08575
461.6348
-620.4914
-796.07416
-337.76218
-873.2132
-995.19073
-356.76178
189.93846
-911.7357
506.64648
-788.84357
-1054.0916
-725.25903
389.66318
-595.87476
184.7346
-484.69327
-293.5009
-200.33281
1036.1727
914.2943
-847.4566
16.579454
-342.97385
-388.05103
52.35367
-76.43711
551.0814
-842.6708
682.9553
1048.5814
-405.10416
591.34503
851.8553
261.53452
136.60353
-1022.1926
187.00691
-621.5473
777.13074
-1.8325639
1439.284
320.22375
1151.4617
-339.0224
644.32056
284.98648
-52.443314
187.9869
-841.18945
386.9034
222.9963
-658.8186
31.319424
729.3126
-286.3345
183.5762
-815.67114
-945.8045
408.23145
-812.13776
-220.46701
-156.22853
1283.2848
332.5029
-838.77313
-136.42435
292.36703
722.95233
-432.4073
978.56195
1158.9451
320.10056
-1043.2526
5.494228
-588.83765
-702.18536
355.61942
-1080.1989
257.91733
-139.20926
-1123.3097
664.01666
421.49725
-338.15393
-733.8191
-522.73566
388.96368
466.2392
129.95647
345.0925
426.70636
-873.7994
183.5419
871.14044
-1245.5356
363.08817
960.95264
-253.02649
-261.05222
-438.2249
-330.9195
-2680.513
1127.3168
851.0914
-60.2275
742.2076
420.91928
770.1548
-1141.384
-527.61346
140.67111
279.31235
-715.6644
490.03482
720.5695
875.9534
367.59763
873.7743
49.894558
164.63527
-131.21573
-975.82245
-533.579
1083.7374
-658.6498
50.586155
-366.83893
65.19361
526.629
-631.07996
26.775017
-676.0362
401.66556
-386.6642
840.973
325.78705
-165.0052
249.47998
-592.1191
-1467.222
8.077398
283.53458
-320.69537
-675.247
1065.5293
104.13732
164.83287
1009.2671
103.67002
-482.55222
596.5339
80.73157
26.103287
134.24287
-11.231472
293.3206
406.62308
834.2221
192.08105
-1891.1549
658.01575
-249.77516
510.6858
-430.7016
88.7437
206.14737
128.99503
1231.0985
-1065.2722
386.4205
1203.4867
-912.87854
-1144.7234
945.8462
972.01385
-1108.2709
-345.46964
-52.63323
-1071.1642
-958.20233
1248.9403
1895.9644
898.45935
-31.311655
957.15137
126.866295
462.18167
505.97238
719.45154
264.86697
-313.83566
437.92877
477.65918
180.84695
-868.99023
-918.3897
402.44748
-613.853
213.11177
206.97284
-80.349106
-1188.694
865.56903
-437.0863
-467.7857
-64.551125
-1146.6115
806.98627
-345.00992
558.6404
-289.47763
955.1294
316.02963
845.27264
306.1927
-1017.6411
-257.6985
186.32735
-810.60803
84.09123
1109.7249
1506.018
784.6081
-898.40247
620.0571
1722.8738
459.9706
284.53763
-197.58313
601.65295
425.4166
-393.84076
1151.0612
-78.9026
-887.7582
254.68608
-986.33344
628.5674
1357.8241
-504.15314
-493.988
-1041.1355
373.11755
499.95316
361.6332
10.985308
-112.24763
-1181.0641
-411.7573
359.95633
725.2896
-428.08746
-365.34592
1189.8812
-1365.1368
1052.646
1075.3126
-615.68365
609.95325
479.12955
-1017.64813
518.46533
-311.42517
50.515354
1448.6576
553.16205
613.66406
107.42494
117.252304
733.3299
-341.5184
-252.04445
682.36505
412.39862
-187.47505
1193.0967
-263.41785
-1527.6715
-588.97186
-1420.0494
-784.3101
-2057.2087
435.41034
415.8761
309.5038
181.93976
46.879433
-587.43756
1055.6278
-686.74963
-1779.927
-140.97192
-22.784084
171.57748
-210.505
-893.6887
884.34534
-574.90326
138.78937
1015.82935
-1096.1079
-599.9141
-540.9198
1038.73
196.8639
854.8363
134.4748
-201.52917
-210.13725
90.427185
492.3316
1005.4168
1210.4778
-108.71564
-271.76065
526.77094
-165.58266
-1392.7548
763.63855
-756.6381
616.0177
218.7948
-1331.1265
-1154.5558
-1475.8772
-245.45532
657.6503
1008.8318
-572.34424
96.97392
-705.55817
1044.0139
216.52818
-458.02707
133.01985
-940.283
558.1458
847.76465
-1727.4874
665.1172
-75.97215
