-319.62576
794.15186
-133.89496
484.5912
142.44127
514.72876
126.093506
406.66617
506.3897
-156.61848
586.7637
-1487.7216
51.733047
-169.02647
-211.89911
-934.4273
-249.6058
651.45264
-49.889507
527.0819
-45.93599
-1108.1217
42.631516
91.39153
-570.3545
-351.2595
-158.93524
-1.0677441
-387.12958
55.086643
-388.54492
-400.68335
-241.78358
1060.0392
622.9596
793.96326
532.56366
-28.465467
-1.1885374
-388.80338
-466.43875
-828.3982
-152.98228
121.28082
357.37283
303.41153
71.09239
-507.98444
-284.9594
332.93707
-370.14505
435.9316
-379.88983
-11.539033
435.1082
429.588
1535.2747
-790.1559
-553.8709
-147.78069
-145.29424
551.44324
446.002
-503.0521
272.5995
-33.045013
-95.54235
-89.608185
1034.6543
458.1742
-86.32855
128.34938
-196.77858
362.89093
111.840675
-196.74423
-292.05057
24.27713
-96.028206
-50.22153
-568.24896
-273.43277
-577.66156
-525.74634
-783.8449
872.6424
-726.08636
1321.56
937.1919
251.94653
-316.07312
360.35892
990.00415
-942.8634
-348.58185
229.46375
468.82663
493.50412
475.28384
236.79262
-971.7148
-387.27698
-326.11865
-249.8127
-1250.5398
221.9269
1475.5066
868.45685
-214.65323
-111.14724
-841.9233
45.6077
521.8848
29.446354
427.19128
-88.82718
279.52548
481.2336
351.56723
-1218.5455
1125.0479
102.32586
300.5069
-540.6605
29.162539
361.42776
-776.2983
-507.39517
771.5066
174.15427
-99.2105
470.67184
-840.1561
-305.89392
-708.34357
505.74792
-514.86835
-86.8887
272.2636
-177.73375
76.41519
-278.6301
-1561.6805
-1075.3431
-603.0603
866.05994
759.821
818.69525
108.3744
-541.8955
612.1467
969.11896
127.852234
-352.50958
-183.4963
164.69617
-694.0706
-118.74666
-1356.0778
275.56705
506.4016
-942.65717
351.39633
-60.469162
312.00662
476.34006
-823.09467
464.00037
602.77783
-967.4541
-375.92554
-81.31736
502.73907
363.1051
168.36494
449.34323
80.01269
1040.2736
446.86716
-915.9838
-283.9537
29.666092
-247.79005
-161.29231
227.50417
-746.282
866.4767
-494.79526
-800.0128
1322.0164
163.12253
-351.2134
-12.8552885
820.00854
620.6408
-106.59648
294.6091
-345.13168
27.975836
-385.10608
-333.29565
1161.6139
-30.372389
210.61578
-143.79227
-153.81187
-40.40902
-124.895226
-728.25415
-671.95776
700.14813
165.3662
-1070.6676
-547.8386
793.68225
1505.393
-435.94388
1102.3204
-18.524887
-348.18726
143.72087
442.55862
617.4855
-1115.2086
-894.47516
668.0807
-679.9949
183.87833
467.08203
-550.7685
-28.595224
949.6818
-17.020155
-607.998
154.64735
-691.9408
8.489379
363.2704
-780.73584
-17.13103
-553.68933
486.68515
76.14468
-364.99304
631.7711
-643.5423
-680.4272
95.875824
-1330.814
7.1916485
-579.30835
1209.463
-57.818886
472.3523
419.86304
66.92993
174.9413
28.181833
-536.0238
718.26843
185.95131
-494.1957
-457.4626
-250.53964
99.55214
-677.8199
-397.5613
1.131711
-433.5035
-330.54913
-114.89311
-1322.8922
601.5552
-89.68443
-78.83094
-485.21927
-270.68173
473.9445
997.783
173.50475
178.80032
12.660024
123.42892
144.39825
812.4923
-384.37704
-740.98236
-649.38934
308.1945
-3.784229
381.08426
40.853466
410.1421
776.5066
-271.16797
285.92172
679.73944
-767.2497
20.686123
-384.20517
-204.04036
139.72098
-925.8565
-1061.8862
-301.9318
-121.98063
676.7029
-263.014
-122.58574
-218.05249
206.52126
21.914444
54.98015
-17.024303
-581.8588
163.4484
-244.95897
-630.5597
-568.74207
-75.12484
-372.4548
78.05339
-720.878
297.4418
-531.87695
1287.7953
689.89
-184.69653
-58.59269
385.48538
-786.57104
321.75568
-94.38515
956.18665
-929.8297
779.96277
639.0538
279.61273
405.9888
1067.5385
282.79935
-143.73808
-1118.874
148.61208
-866.99866
374.418
110.80383
1274.2257
102.0621
738.37177
125.98016
366.32886
243.46762
-121.39065
93.47534
-208.74947
61.632355
-317.501
-413.74603
24.456978
46.28599
-98.66351
489.0787
-303.25296
-922.48944
317.77466
-589.3862
297.43555
-290.1116
652.7743
285.40555
-475.4977
525.944
134.94032
1159.0658
-487.17572
-97.03993
491.35547
-496.9289
-1046.6449
146.66745
-186.58698
-596.4895
-460.48178
-1100.1396
226.95111
70.19768
-700.3943
267.2065
801.13934
8.801304
-15.938016
-222.1823
-143.77141
-234.04926
-274.30408
117.765396
921.72485
-1022.45166
424.76373
615.56354
-237.83434
876.3202
1032.4288
-534.9467
93.70873
-302.56985
-367.3593
-1836.2451
882.5245
218.2003
-40.070354
523.81647
578.3864
113.79459
-527.7134
192.58174
-37.108055
-416.25034
-874.3691
313.78876
56.29555
279.1384
188.13974
247.69356
139.68797
-304.92776
-171.08102
-912.69403
-387.69446
830.184
-801.4734
198.8815
-969.3475
268.7888
219.57243
-485.71594
65.90513
-93.027504
-149.02339
-202.9186
472.9908
503.22543
-122.473335
-34.740044
-575.18604
-151.31676
-307.45367
531.61096
-350.70007
-258.97958
283.38388
-265.8466
471.9144
388.52307
530.08685
-772.25824
232.93971
-103.068535
-468.94925
-106.4504
66.24539
-199.1008
863.721
295.6284
-358.32062
-1185.5363
793.5391
-37.606243
-45.46178
-551.231
-335.7401
-19.004164
308.0889
864.7914
-591.7908
643.36487
990.6165
-362.57755
-500.86755
479.302
34.54679
-953.5961
-158.67201
148.5891
-908.88885
-763.55414
617.1571
1029.9928
343.83597
-12.048408
756.8972
131.07922
-313.98862
42.678066
-480.2617
-179.53148
129.56047
113.0162
7.0348845
682.10156
-423.46918
-1209.94
450.82172
-233.11227
177.71417
-530.6419
-157.4486
-625.6346
-105.382996
-394.5252
5.1074843
-125.19166
-939.8858
447.45264
-360.52786
-62.142944
197.96394
629.0998
32.78182
964.011
579.43646
-242.73254
-402.057
393.9396
-253.47325
-495.24695
686.1255
803.9714
574.3245
-747.14514
227.46713
1264.0364
285.99066
-258.4993
17.115097
30.83503
527.83276
-887.6238
764.36896
-214.69278
-393.98978
-357.47754
55.762863
164.5661
634.2074
-173.67139
-551.84375
-904.8673
174.3746
174.69128
785.14264
-188.06189
182.58012
-1018.72614
273.33316
-140.30872
325.89215
-89.984406
-208.06038
718.9595
-1302.5479
902.5026
847.58716
-531.8419
-351.64267
266.77402
-690.6688
278.50467
-447.62436
-255.86377
340.9759
370.15405
711.7082
260.97656
539.89514
80.2179
461.50784
-133.13101
400.02374
747.9747
51.438747
1369.8596
-310.1389
-1355.3611
-130.18156
-1002.9714
-639.33765
-1448.6296
558.9236
-268.9397
153.39952
653.56274
-2.8489094
-882.6783
641.6533
-188.95343
-987.96857
-319.32535
559.9993
-562.7464
118.67785
-187.89247
1313.6073
-1090.5452
-195.42429
576.8633
-429.61093
-14.347608
-305.96988
494.77585
353.2855
836.15924
370.52795
-120.193344
-580.23114
15.691172
611.9644
1086.681
1101.5457
-351.62378
-675.4591
225.11139
78.868034
-532.7605
544.1983
-701.1062
1244.9341
-364.7416
-480.67593
-81.58142
-650.1591
-120.72322
306.85675
794.6914
-587.7102
177.03946
-679.9208
839.9616
230.60452
-252.75037
181.19199
-312.33286
-281.90826
540.22504
-1448.2938
245.94983
168.15018
