-4.240492
351.50513
81.95569
530.8812
121.617775
-263.629
44.830654
69.89514
185.86943
660.6166
111.08559
-455.49106
-322.3663
-31.037752
473.42972
-266.12207
-128.83795
366.50635
175.1966
205.19754
279.6725
258.22812
-164.9754
236.51637
-456.19327
-210.40482
-9.747707
15.679784
123.93543
-26.555014
-22.796032
158.56645
-266.5107
498.90997
583.32886
274.13684
240.29025
76.19294
-453.04095
-455.42752
-141.09312
61.24487
335.65665
232.05008
438.72232
78.11006
391.66138
-268.85538
-95.9671
-68.47557
-253.50758
124.18273
33.450974
131.45851
-184.62585
-26.69993
686.34827
-36.248436
-55.713036
36.592056
-330.75235
-147.1675
504.58948
-195.67616
365.19458
435.46042
9.922271
408.95923
205.49342
24.315277
-167.1758
94.84845
-17.743437
208.5072
-124.311195
-94.2929
-110.33033
-55.147068
-18.501598
273.7715
-469.60037
447.777
-47.083252
-52.48516
-293.2082
333.63254
-48.074875
332.76297
418.368
155.66676
397.89996
-110.80868
989.54205
-589.8365
-503.51508
437.01547
-471.205
-383.3552
134.06676
-138.56488
-483.78876
-110.13507
289.70425
-120.10342
-709.11633
-99.614845
118.54295
328.13657
-386.67365
259.34583
-433.7267
-165.58774
503.85663
-471.32315
173.93575
-6.7566185
-22.307386
441.1251
179.66537
-76.65213
761.6237
459.74622
105.00993
-355.83487
-378.62912
146.56639
-633.8718
-249.26115
492.81616
103.75528
284.44153
335.18408
-343.1279
-242.67761
-235.83173
170.7402
482.2795
-442.81683
-276.64835
-205.74507
-242.01447
434.8671
-250.60922
-631.47174
112.41563
-52.869827
415.0458
-259.94003
-31.51884
-49.095455
-111.72952
17.528759
334.02298
131.15564
-131.47382
49.055367
-67.94245
23.458921
-330.9695
249.48404
-91.07429
-289.0402
55.462303
570.72205
42.187798
62.46539
-65.753044
-125.61915
56.591324
-234.40492
80.97117
62.60105
-37.893955
414.41916
15.357156
58.449394
134.00902
382.42316
332.37366
-240.40578
-327.93442
-15.430081
-121.15934
-402.05704
-566.49524
16.161093
440.8419
-66.280876
-73.3925
538.54694
-138.69655
-135.21248
-139.10529
666.381
530.63055
-492.15762
16.457504
118.34474
-767.93695
117.81982
31.336954
247.40776
328.05142
19.8052
-101.42801
195.5506
-363.00955
597.8605
-613.3057
26.055464
682.46014
-6.5810146
-861.10626
-97.782135
-36.904766
324.5252
-190.08826
399.2815
-182.5836
-147.58408
-42.28621
155.66917
130.30162
-826.4468
-131.94579
175.93259
-150.07846
-12.743531
-8.327928
-290.018
411.31113
348.43466
-35.15043
-88.06232
499.50757
-306.87726
-64.555275
52.919994
-13.559066
-318.77887
95.99218
-89.772194
-190.93268
-312.44214
296.91638
-200.06445
-59.912167
62.827274
87.195694
-41.687386
-764.3147
53.78538
-89.04316
277.4652
194.61667
73.9884
316.73398
-282.15314
-500.96848
-93.602844
247.34222
55.11361
-161.9892
188.61566
66.793816
-575.4096
-260.425
-133.82697
315.2267
-635.7019
-232.00258
-189.698
245.50482
302.6845
-270.07086
-217.56883
-22.674898
6.94311
392.61942
8.31197
174.06973
-91.55291
-35.209435
-253.31787
86.37495
223.18735
-419.12646
-356.1924
27.315237
-134.77985
96.44608
-278.64172
378.84607
549.5295
32.002388
-6.2969604
187.68085
-282.5997
103.683395
-55.549183
-228.95811
440.3743
-366.46576
-426.98367
169.81084
41.140335
487.9459
-51.17093
-244.62897
7.558351
-14.9307995
180.65848
-116.55158
321.40695
-582.61237
310.27493
-202.99136
201.64177
36.730053
-368.49362
28.594692
-29.885483
-1149.3342
-658.49316
-259.7253
48.48541
8.471858
-128.21614
-66.68455
358.89688
-1049.6455
351.00662
-226.28256
603.5871
-156.95949
200.00847
-246.09898
-318.46976
-285.995
243.08415
262.57523
-50.56715
-499.43314
-159.13751
-285.78925
189.28787
289.5385
434.99866
-311.38885
263.36475
575.0808
43.15776
387.25885
-51.039154
219.38464
-384.5061
-116.57607
336.01996
-415.20673
-25.820574
-69.72257
-268.71063
-411.84564
-62.753857
-166.18472
150.36333
-463.84082
268.41943
54.477524
432.04208
171.87479
-376.0424
141.9779
532.764
136.68777
-399.78687
-598.0394
-65.59646
-145.3907
-455.54562
70.311554
-132.85542
-393.44247
25.226994
-482.53503
119.39336
160.28981
-113.31046
277.13135
293.18988
264.26077
-62.674072
-7.342616
-23.906605
144.98445
4.3301706
245.67668
769.577
-308.33157
228.04427
-37.157524
147.70714
-22.37072
438.46777
-92.8365
-62.622086
-61.8963
-600.3366
-346.76077
-17.535707
272.26804
72.71203
369.77042
817.2317
-217.67586
133.60107
438.39767
-17.985683
-97.378395
-25.88976
70.63272
119.260735
40.084175
198.92981
63.594116
252.09949
-371.23648
200.9486
-523.2388
-63.17196
174.31541
-183.36525
236.96722
-82.43134
177.30898
154.1993
39.12349
-152.10603
-68.54247
-8.889648
-98.255714
65.06093
267.30957
-307.27005
176.53195
-638.37384
116.17825
2.4935567
512.296
-128.08461
256.0069
-90.749146
-30.586143
204.07712
-63.630806
289.2841
-270.47543
681.0819
-176.78001
-100.45626
-201.82253
46.835888
207.48708
154.24115
-593.3942
-658.32465
-207.89969
721.47705
-276.6495
-455.67
-421.87527
-207.26778
145.4658
261.27032
-282.09607
-425.39642
237.50377
561.8894
-191.7038
372.09595
-19.787539
269.2758
-302.2233
209.2784
-634.26337
-48.76345
5.49812
-238.52776
494.13623
138.28566
-321.1643
172.44672
-3.190776
130.57692
282.96054
-74.634
-29.87088
-372.4469
-10.823114
-507.74957
303.81693
-153.88419
-197.05992
430.1731
-353.2663
41.42253
-183.11812
-631.0313
253.4579
7.138732
4.5529494
237.60637
-7.252678
-183.21466
330.67862
249.37491
-209.55853
-67.35701
160.49669
318.69232
519.8747
-174.80814
-144.3284
-8.169375
78.66859
-145.9825
-197.56548
304.5839
650.203
-10.203335
-117.180984
-105.38075
239.98523
155.66165
-294.8271
-559.9555
243.31804
456.66647
-166.25642
573.39813
199.88565
-437.28452
598.0561
-54.47121
-204.68921
-122.84877
-467.66592
314.8451
-282.32968
224.82797
239.86343
-360.4409
-237.69998
-411.80768
-367.82166
120.26062
129.15337
160.82394
97.78772
-341.562
-89.13358
-691.2471
271.7134
395.1103
-30.194244
33.211327
502.0245
37.261642
249.83804
229.86339
11.025444
-163.93488
450.2803
-440.04272
623.3334
-37.882053
-284.83777
-150.75471
111.082695
440.6982
61.26082
196.49771
205.63412
-66.5719
-130.96121
141.65784
-209.56161
70.770035
-295.51385
202.19637
292.07977
165.83022
652.74426
-462.78546
-149.00406
68.74602
-105.55463
-96.630035
58.76196
399.4775
-566.22644
-15.887759
-289.65347
374.44495
182.11168
-307.55194
-67.50136
-94.04714
74.07008
-18.255428
310.7863
-183.99509
469.98575
-155.91264
282.5787
-112.40031
-42.963467
278.20895
617.83984
672.7598
-395.97043
-138.64941
-183.23924
203.10667
357.09857
81.57643
59.187737
239.70299
-588.32416
-148.93553
88.52642
-45.017414
-349.36777
1.7281303
341.70004
214.52249
142.3384
-451.17944
207.33195
50.452976
162.1799
-355.10568
-250.62181
-332.52954
192.90433
-490.4111
157.39116
-35.533867
