-654.43164
623.4305
862.14825
278.4594
1353.4089
1335.9897
-711.8736
1043.5604
-20.108488
327.41492
-655.11115
-1343.2799
-1091.2026
-1331.2516
-732.2159
-1849.8657
-1643.2167
485.81516
-340.91153
1839.7808
-422.5861
-722.59143
-207.0544
-123.93494
-1546.4573
-156.21596
-956.18176
-162.92448
-1087.1647
149.7437
680.07043
203.16586
793.46344
2030.8767
1600.5905
1220.2046
-134.98303
-880.1148
-10.656484
-340.69348
-664.38434
-1022.47955
-528.0674
322.98233
715.3325
-309.65985
-91.00013
-875.09033
-963.02356
443.41278
604.38904
108.22511
-292.1797
-1310.1627
1682.3424
-567.5018
2185.1575
36.140938
563.82336
-332.6193
-78.731865
177.66797
333.65305
-909.0407
-18.914484
462.46957
-562.43494
496.2572
1852.7695
259.1475
-876.55457
-80.3829
354.09158
61.435966
244.76015
-1391.6477
-18.968075
-1206.345
-434.14444
730.8614
0.9818722
-718.5999
-738.8476
-789.3497
-301.9434
2560.6243
-1358.971
1094.6627
1399.7899
743.01074
-304.14435
281.98566
851.76855
682.8007
-444.37247
-35.070465
1551.6699
815.9107
1021.81384
196.84567
-937.7845
752.02856
-991.0297
-285.77893
-425.88242
-22.532314
-25.849886
1258.427
-59.89136
-842.0628
-1284.8706
1180.671
47.869118
-570.15704
953.81586
-186.56993
-465.14645
275.23904
-582.3707
-1933.3932
295.214
671.2711
22.800709
-50.748608
-248.74367
703.8855
-609.4472
-849.98596
958.1112
-798.84235
-180.64355
-297.67844
-412.93857
-816.9188
-170.33499
-1071.6066
-41.07034
1006.7855
545.5902
1016.9327
-711.1799
316.02432
-1688.3453
-1433.86
-331.77435
1118.9309
-252.28989
1607.3916
14.589859
-598.6029
908.2101
1384.1838
-301.32095
-72.44362
287.20312
-905.84424
-601.799
-529.4977
-2452.2524
503.29623
559.5085
-1443.391
120.35185
552.1865
1809.5952
1082.6963
53.809856
102.98997
943.6171
-1887.0004
-55.082726
-781.4566
-342.80728
941.74
399.56464
257.72513
-47.843
681.0864
568.3325
-1382.7974
-71.546
610.28033
-277.50723
-636.6312
-585.77844
-368.13065
1290.1931
-117.89677
-844.97943
526.1707
60.652237
-776.37915
-4.6498313
844.6242
92.0017
-953.7158
967.3764
-307.22833
748.42725
443.61847
-99.830826
1729.617
76.99836
876.64026
-61.8948
691.07855
770.1902
-427.0964
-1799.494
-269.49496
-303.83218
529.4349
-435.82462
-1747.0527
578.6715
2077.8572
-267.89313
1214.9612
-217.15967
-246.19563
-401.5552
261.72073
755.7672
-584.628
-173.36621
459.35757
731.5908
21.4712
613.0369
-465.96997
-606.2248
927.93695
-199.02888
375.5229
920.7423
-1807.1515
-1929.9285
1474.4655
-666.2118
-553.7871
145.22743
794.0051
760.7571
-235.86562
1211.8335
-206.91661
-465.07492
-895.2527
-1376.3755
-1127.5343
-1150.091
1730.1945
327.53687
972.8181
-605.99445
562.97864
871.5092
-36.722687
-614.2701
592.9673
339.17108
-481.0061
494.9681
1185.6461
-326.63568
-1009.2878
-28.357555
15.267027
1097.2957
-1642.9056
325.06204
-1594.7677
-341.5504
-1248.2429
243.63635
335.7705
-1153.9911
1258.0337
1080.9231
1102.8097
-217.65587
-4.7123985
457.56793
969.20715
1064.067
-1234.601
-1441.6959
-888.1545
1523.9016
-217.14821
-519.3669
193.78389
-946.38605
133.14552
-888.00006
181.42484
349.85626
-236.03923
-754.13715
-468.88022
-517.2019
-847.82214
312.6794
-1022.9163
-577.3075
-257.8425
448.49512
-288.76163
-1409.6024
194.29623
-174.51294
-1461.1696
-134.9625
560.06573
-903.91785
1926.1896
-854.944
-484.17047
-877.8532
689.60846
-210.54332
-11.760844
-1159.566
-588.5782
44.177303
698.0046
1749.0011
-459.08447
563.4506
107.15516
726.6425
292.93777
-384.88885
392.22525
-1671.4635
904.7505
1199.9155
-173.41423
682.901
-37.754047
343.6415
819.86847
-256.833
-733.75653
-834.67865
267.2768
-105.51066
2633.5
-308.13788
261.87662
407.04764
500.479
-834.25336
891.98737
190.6718
-903.87115
572.2779
-35.438
-184.3794
271.73874
1045.6788
592.57526
449.8812
-834.92584
-597.81824
192.82219
-886.43945
41.278885
50.640297
1602.2416
605.4199
-1158.2622
-17.136513
1171.0569
-287.94666
-584.054
240.38818
1325.8821
-114.312935
-1681.6262
-287.97287
-355.71103
-689.02997
1216.5764
-1035.3796
290.69492
230.12929
-1217.4038
829.7823
549.1065
-1147.5847
-1183.6565
-757.6862
323.0573
102.58062
345.27408
588.266
934.5758
-563.1416
-91.068756
595.553
-1175.5906
592.5005
1484.0591
-873.3343
-500.93008
-585.3341
-213.40872
-2661.3157
1848.1948
814.7986
-933.6426
1380.8844
385.31873
764.9211
-608.0046
-713.42285
1109.2053
466.53983
-580.2121
494.30786
1027.0095
185.95764
221.69168
199.4531
-159.91599
310.1813
-120.357056
-927.2786
-1477.0946
1347.7223
-353.2277
555.66425
-455.8702
-674.66156
308.69635
-32.37045
-234.56248
-1526.0507
32.238953
-394.19986
1463.4368
-290.64233
-257.61462
-967.3036
-1070.9647
-1829.3022
422.11792
599.0418
-1203.4979
-1221.9108
1233.6173
734.0861
110.8526
1421.1825
89.68415
94.156235
1027.3492
-867.0922
37.385937
-249.62685
-1041.7372
371.368
125.25048
1679.9568
-34.66266
-1942.7432
1472.9355
-408.5506
-131.24818
-106.84148
343.97043
454.1961
100.690346
1717.9783
-672.25226
518.87695
2140.4485
-1065.2383
-739.2318
716.6308
746.6954
-1065.7804
278.56656
-448.34955
-565.8326
-644.0959
1473.5774
1758.1196
1115.7697
423.20853
1488.8082
25.092955
-200.01158
778.46857
1285.3706
-146.82927
-367.42838
505.2412
82.577385
-16.258837
-648.49054
-410.58273
708.2444
-158.14716
211.52951
285.13242
-583.6911
-984.7622
1786.6626
-874.0243
-1111.3519
-474.49734
-238.09962
1465.2317
605.7758
707.07117
-76.78495
645.05664
714.7752
722.478
954.02405
-155.15181
-402.18707
323.73843
-285.51852
119.34386
1634.6826
1157.4818
1694.3092
-1365.8109
948.33856
2285.396
239.27167
-725.72833
-321.2883
352.5929
909.38354
-890.3406
2048.2124
478.72482
-1144.5779
-248.35867
-1870.9072
1043.3048
1540.1522
-1189.7653
256.2943
-1184.6057
-621.18475
246.25371
-181.33505
137.54999
-962.24176
-839.34485
-246.68962
189.38837
906.4376
-993.5496
-969.15967
1314.031
-2276.0776
846.22125
1095.4065
-359.15903
559.44165
130.35829
-367.6879
708.6308
-220.5367
-179.37393
1138.0978
1119.1663
-175.73967
33.35685
-340.56458
679.39777
-232.41864
-709.8203
1163.003
-88.00653
-235.14793
1407.6261
-551.8487
-1330.6462
-447.89066
-1487.8158
-672.8403
-1327.3666
395.08826
32.013287
468.16403
221.81612
-590.9887
-990.44476
1243.4
-871.9453
-2107.2651
-387.47733
-337.83807
1359.8195
496.16977
-276.09537
704.70764
-742.3202
625.1221
-71.41102
-821.2904
-37.67001
5.3582077
649.29626
-81.23381
557.10803
545.7048
-532.6456
-262.5277
-73.20721
463.14368
903.86774
881.1866
-606.5816
-354.45816
326.52176
510.0108
-805.5536
781.5439
-1261.7024
374.08316
844.9012
-1271.7983
-219.33878
-1947.1327
-637.6863
433.3399
1317.5332
-1135.1746
275.57132
-870.82117
1261.6174
147.08629
-614.7045
443.8441
-1077.2504
128.07317
851.3044
-2675.598
891.5686
217.86188
