-255.05682
343.3604
235.99265
326.5326
-8.715089
-214.05537
23.029509
493.3279
654.1286
538.8816
424.03012
-824.9288
-10.831951
-36.218124
-332.10446
-528.7764
-180.35188
204.99677
165.93695
256.38657
365.24823
-538.8104
-325.91284
608.7383
-621.47284
-149.45511
237.2016
-270.5829
-186.42882
-47.261524
36.74369
-516.8633
-307.38898
741.899
343.7171
432.66245
129.0889
-127.11109
-47.399403
-712.7136
-642.0589
-339.36752
162.2252
-241.25333
470.42972
207.09067
542.3966
-179.60985
-369.40594
-75.89502
-432.66885
242.6171
-386.6397
206.48734
-131.27544
479.24716
1083.2557
-265.35468
-272.52652
322.59457
-165.84695
188.87428
630.38745
-305.33975
400.7254
218.82056
263.79156
-22.719927
419.74744
56.396793
136.37259
473.3239
-182.46515
106.43687
-198.21414
-268.329
-675.2768
-257.9154
315.0644
177.26259
-415.95706
-49.92518
-372.8156
-319.98218
-900.7435
587.2543
245.84984
706.66675
441.10623
134.17123
196.95374
207.03398
1181.6278
-954.3091
-414.9781
500.07004
366.58618
432.80344
279.86066
-82.04663
-201.10175
-240.43864
7.229116
-117.34339
-631.6669
45.689808
614.7169
261.02878
-49.402187
311.39444
-560.80536
-217.99702
471.02704
-326.0803
78.09379
-188.87201
145.71114
283.28995
80.74476
-371.42316
1124.8547
430.2203
162.99197
-698.6616
-684.57947
-20.4681
-837.511
-609.0485
467.52667
-216.70915
187.6963
105.21392
-1045.1049
8.803555
-532.703
320.7316
-329.97818
-73.845215
55.24261
-260.44702
-44.51794
61.257114
-646.78436
-547.199
-184.82266
288.59286
593.0007
428.48102
-55.695385
-379.72467
3.3871014
84.25073
8.2095375
-270.60855
-222.04037
278.8639
-473.27695
-410.46674
-863.30817
-24.846975
198.39374
-403.42084
462.34555
336.50406
-179.00937
-160.08586
-418.6339
182.35504
229.02092
-399.83582
-330.1029
516.748
117.300644
439.1204
-467.2468
267.5339
20.594124
707.8833
467.68018
-553.91064
-183.56798
237.92471
-70.19954
-230.10052
-263.8579
-443.12888
924.27405
-492.252
-332.13214
972.63934
43.14906
31.64136
-395.46213
704.501
412.89896
-438.1685
43.95758
75.38199
-309.5887
-311.4456
-125.77686
423.7636
193.83095
206.77516
166.39143
446.04486
-260.25098
-107.55029
-781.1001
-465.79016
890.5274
89.03328
-1008.6705
47.974308
168.98824
554.0518
-379.25375
785.82495
-519.20447
-474.9084
299.21066
126.11376
418.6247
-848.27765
-260.55933
45.43147
-562.8496
607.77356
50.644638
-476.33316
332.54538
97.560905
60.884552
-206.76936
502.66992
-543.7826
-61.731087
118.22711
-373.08173
-165.63762
-143.7262
413.98413
-125.35659
-292.43298
818.6022
-230.53683
-251.04411
302.69006
-848.68414
-18.757467
-981.0232
658.40955
31.521553
633.79236
428.84412
35.77638
-133.28578
-305.12546
-321.0416
335.62057
11.221733
-613.538
-217.91168
171.5728
-235.06386
-490.14127
-338.89578
-488.88562
311.30603
-163.13173
33.887077
-754.5344
378.67862
298.4144
-3.943569
-469.87683
-99.76523
-96.7083
813.17346
27.295408
-112.56233
-344.61273
23.389727
-179.92427
365.4124
93.149895
-505.7812
-476.75916
-364.26358
-144.44035
53.06043
-265.72403
996.1415
351.4605
178.1563
297.33624
237.15727
-34.140186
-301.97775
-426.18427
-333.8349
446.2514
-591.67
-483.43878
394.27948
335.34244
301.47336
-48.65581
-188.04524
-293.8163
-427.0087
50.9652
-93.53923
233.98624
-590.52893
154.25288
11.694065
-178.32127
-451.28613
-448.2534
-174.40585
263.3133
-875.2374
-266.66602
-161.41595
468.2922
109.05556
194.797
-386.1141
698.8504
-1104.4087
-317.0265
-79.87396
869.7626
-180.33275
491.5578
617.5218
-195.22374
-77.38337
679.5327
467.58475
185.67526
-495.57953
13.263707
-308.33145
181.77664
83.98183
427.8027
-15.991433
270.21335
457.79086
28.139215
421.64178
163.50105
-125.24504
-357.5637
255.54805
14.872175
-402.83875
-275.35025
-257.93433
-181.48433
-274.55133
-636.9136
-1018.1428
507.42346
-710.5876
375.8508
94.73123
555.5298
545.18896
-104.58976
45.10749
390.81177
597.7429
-483.5683
-551.7694
183.35188
-202.86696
-648.4771
-51.43102
-155.73055
-304.32175
12.845052
-531.00977
283.4393
-131.87311
-486.87964
513.7919
789.1317
134.38148
-407.57895
-79.06247
244.66411
-32.648098
15.647623
255.04831
817.12274
-533.83234
376.2704
367.47995
-164.92116
335.18152
1011.9327
-225.24586
399.82507
-288.03412
-217.6501
-974.71246
706.6394
-73.01127
-219.29929
192.97212
793.26276
127.19223
-66.96558
315.84912
-29.642818
-141.7461
-439.0299
111.548515
43.202286
803.55804
-2.6598034
467.60532
135.06047
-518.83624
-23.039995
-568.5543
-284.54645
543.2415
-638.05646
52.119545
-287.0071
342.30814
528.6506
-145.57695
-323.34216
-225.39435
9.609763
-20.825111
409.13782
488.6383
-230.46776
190.00702
-614.8152
71.10187
-17.043676
656.38464
-104.45308
39.23325
359.5291
-152.40686
-7.0823717
345.96445
426.974
-442.5156
626.8407
-186.9637
-264.77856
-105.71771
-106.702255
408.4906
600.3424
-252.11423
-402.98734
-225.4087
636.2603
124.78185
-7.374484
-595.0669
-368.4104
257.79727
562.07275
193.31142
-441.34326
537.84314
1194.9592
-335.3557
48.408607
66.25191
199.65875
-519.59705
307.46375
-253.4474
-539.2328
-256.9422
134.07695
716.2593
125.71831
-147.64099
742.73047
-103.662025
-304.74753
369.57736
-149.58717
9.716651
-132.09366
492.81506
-121.11702
310.3196
-143.2547
-600.58167
415.68954
-273.86197
96.06156
-224.8168
-388.7376
-122.718704
-318.16592
-233.62466
129.10298
276.46146
-381.1844
429.49066
-121.41309
-50.54949
-311.27634
151.23543
298.40356
874.82074
-37.740406
-483.58084
195.2739
678.40216
33.001274
63.14271
440.52744
690.16833
192.17253
-505.77774
-427.95593
1078.8995
368.3597
-72.04549
-332.11682
189.26419
808.6381
-599.7449
595.4856
208.3327
-314.92145
-150.30855
-35.46168
151.89082
211.22488
-129.74464
105.83069
-733.2184
102.95452
629.5435
317.7288
82.31731
-426.78458
-656.4745
381.451
230.30363
-54.378334
-253.23834
-107.63619
406.68225
-1175.5565
681.201
737.2293
-35.86967
389.88086
338.29715
61.87437
301.50827
60.668434
-272.18668
-89.45328
561.65765
330.1353
623.13495
-98.34805
-54.762016
129.8979
361.45853
586.0485
207.06592
-73.10065
556.45624
-20.763052
-667.29193
315.18808
-524.64624
-196.82722
-943.832
728.36066
-83.61621
-158.14206
593.26624
-429.5402
-551.3296
188.90652
-222.19003
-309.9431
108.300224
304.65677
-276.97137
-136.2312
-45.924168
650.6243
-164.7786
74.56604
142.01483
-509.5577
84.05917
-265.6877
279.52194
177.53954
560.014
18.526402
-96.909805
9.524811
2.937666
391.06262
916.4675
1062.023
-152.07329
-254.89597
-322.30984
58.07297
-517.33484
77.101906
-176.83415
571.7008
-378.27792
-314.75058
3.607432
86.429405
-332.67706
427.31393
515.5942
-178.74577
458.9452
-597.59045
437.5576
-114.34331
-60.766064
-374.89276
-561.4692
-331.35123
328.33502
-1143.3011
385.72614
351.31494
