-85.23906
354.6707
235.85315
351.04407
246.92685
-269.61
115.06252
463.0748
736.16846
720.9871
220.18864
-755.56067
-210.39525
64.05597
-231.13168
-503.98718
-74.79724
236.75916
1.0739982
142.25717
345.96765
-543.0442
-209.21999
380.06198
-603.2289
-113.48375
455.72586
-95.42881
-144.62415
7.5964823
51.24137
-380.54037
-269.15582
835.6906
585.10223
273.20996
292.16272
-12.255611
-168.10626
-656.91113
-791.0944
-253.2271
418.99506
-319.57913
500.31845
169.81761
467.28146
-130.81929
-396.1765
-191.03307
-655.83636
41.519382
-169.13966
55.707077
-248.17055
214.15144
1111.872
-362.40927
-54.55687
224.20752
-137.0819
49.95529
720.0273
-248.75266
508.77103
396.40372
365.3154
88.25439
390.65366
-24.20947
3.032498
337.84958
-235.02391
45.996212
-236.22682
-441.2258
-517.82294
-202.39006
318.9422
126.15627
-540.81525
7.5014033
-149.99034
-164.35562
-726.69196
543.7075
41.263588
524.82837
272.95892
140.52812
106.82038
254.22798
1016.93945
-1044.9727
-231.13716
365.31177
174.18877
269.3967
260.36316
-101.34483
-106.45397
-265.74307
117.006424
-354.75967
-629.9167
18.053871
692.1634
237.14145
-337.4647
453.6315
-511.13983
-69.439354
400.96985
-472.9896
-27.052258
-268.89157
57.99084
388.7744
-39.496
-140.03606
1156.5707
281.34076
224.23676
-661.582
-553.7115
-240.4498
-875.8956
-547.8909
505.51068
-163.88988
105.17422
315.9099
-905.1825
112.394424
-813.78485
276.52515
-129.68527
-226.47778
117.87799
-507.88403
-212.3573
99.5622
-563.34534
-492.1149
79.54453
155.86507
610.15497
112.81212
59.125412
-279.8824
54.768547
93.16128
90.125916
-320.02472
-244.4333
224.65314
-321.4804
-345.71887
-728.82715
-75.29026
-29.406843
-550.4988
195.84918
284.60355
-30.76623
-64.049866
-544.0368
66.585846
193.82568
-175.13124
-207.1918
376.27026
66.769516
444.17984
-491.92218
294.52277
4.977938
650.93274
344.8807
-337.07324
-10.187788
246.18697
-43.214527
-371.1632
-331.9401
-148.537
818.60486
-272.66492
144.42642
957.51434
121.26895
-110.77293
-455.80148
497.91174
476.72168
-686.2387
-129.72594
184.221
-353.11472
-219.59766
-231.54716
205.61891
489.7746
165.78093
278.64066
252.37398
-225.9392
-64.709724
-815.5464
-613.38513
882.6325
30.069036
-795.2968
-119.92974
105.725266
375.7871
-267.4091
700.68933
-600.74243
-487.14417
354.34946
129.13437
291.24966
-894.49725
-142.275
45.18293
-503.1298
391.60983
160.61613
-697.2647
362.21085
453.01297
-191.07018
-147.87823
374.88733
-679.3134
-37.10044
299.72534
-209.57521
-203.10133
-151.43167
246.22177
-247.70912
-499.39545
701.8825
-293.412
-255.63434
245.33519
-815.55
-35.320705
-1021.38104
634.03735
0.6044755
559.63763
413.61908
34.800426
-9.699111
-67.02588
-185.68161
193.62967
27.619083
-574.4428
-145.90952
393.12552
55.330765
-681.45447
-278.5911
-373.75485
331.1388
-178.03113
156.11087
-612.02295
539.39215
215.49577
241.02756
-364.45538
22.042963
11.253898
522.31177
-173.75021
132.44336
-286.96796
-118.83387
-198.33214
357.64136
123.06761
-305.30206
-550.26697
-243.35982
-64.56928
60.007725
-394.0932
942.84753
392.09708
221.26143
185.52621
60.252865
-195.20761
-401.68365
-474.49194
-328.45663
227.0265
-504.18445
-620.1411
154.62778
215.74103
206.5606
-178.35599
-181.75554
-247.97232
-389.62802
-11.657003
-32.12951
287.26083
-561.7444
319.21683
145.06104
107.30123
-204.57765
-293.21954
7.00561
142.8953
-776.34247
-535.4014
-154.2172
334.98776
-111.82511
331.71606
-205.74423
700.5268
-937.9856
-55.07599
-42.857677
828.99567
-290.69638
488.752
338.72488
-205.31924
-108.54358
425.2054
267.26212
90.45219
-565.15955
18.31886
-389.92493
106.55525
-15.888264
374.93527
-83.54729
388.11383
519.31323
-118.62669
491.65
8.083861
-39.100433
-257.61844
106.802025
215.91096
-309.2934
-306.56473
-248.94345
-308.99164
-420.94876
-583.5062
-855.5521
244.3611
-605.621
401.38437
89.4374
765.7454
464.73563
-181.5983
162.36246
416.68732
669.8568
-385.45593
-509.8873
170.51546
-396.3085
-707.4442
-194.62137
-112.50786
-227.83208
-173.92305
-445.22806
351.1012
-218.907
-634.25854
745.5373
889.21124
119.78662
-503.69803
-118.30229
99.599846
96.85114
-71.88372
130.08168
681.23706
-391.60425
365.51215
378.0711
-207.25482
412.3842
766.8082
-154.86089
180.61903
-117.50464
-113.65712
-864.8122
636.43677
-206.63048
-116.33455
358.72476
910.82245
-8.498948
13.79067
313.84595
-2.7293823
-251.80748
-456.24
179.21431
230.30717
601.5416
11.284559
462.17676
213.25182
-329.61795
-123.97816
-425.7033
-208.66272
567.8559
-634.9612
-52.063263
-343.7869
250.03288
613.62726
-100.37146
-33.60949
1.5391839
43.05044
-24.017174
505.918
575.9217
-289.831
282.77957
-567.4278
323.9523
20.73667
793.6316
-186.90398
75.15771
309.2914
-230.41164
82.7016
277.71353
469.12585
-391.83972
579.8378
-343.20328
-160.09712
107.28434
72.1935
359.98947
339.045
-298.6673
-572.81244
-313.9492
623.6034
-55.354584
-178.86246
-484.3698
-333.39163
379.1018
632.7867
15.104164
-313.64282
484.61676
1007.8348
-251.0829
-105.191605
387.5945
169.53117
-510.12637
178.37093
-208.45294
-526.81635
7.9183593
47.35607
856.81506
84.24134
-121.57194
628.4177
-96.35624
-322.91495
359.10928
-196.95508
-39.129982
-56.130962
322.748
-152.60577
333.84634
-47.85642
-404.21115
217.1977
-138.89526
29.616104
-156.03471
-392.8726
-19.839878
-343.75272
-200.38263
200.97618
241.78725
-430.9198
622.3385
-166.50598
-290.60083
-25.531136
101.52311
508.47137
847.29767
67.59764
-405.40372
248.59183
453.0421
-268.6395
-6.439698
418.03745
678.8894
88.889946
-401.51242
-531.40497
933.43475
499.26617
-169.52715
-456.8828
326.15088
593.6017
-423.52847
766.9823
194.90585
-468.06024
153.70929
25.77005
145.64867
27.038372
-412.49368
219.1651
-662.1487
280.65598
570.4131
212.69894
-12.172209
-542.9415
-549.9661
191.7959
385.02765
171.06706
-112.82077
-249.86333
491.06277
-1098.7158
593.6948
650.0222
-34.560307
157.10164
367.17465
-68.293816
314.61462
7.0646935
-138.5859
-246.62375
531.8473
238.89622
721.4018
-137.37645
60.128475
118.92747
316.35602
556.40546
283.52744
-153.28616
358.13135
-43.79241
-752.41516
369.24994
-516.0662
-33.08743
-828.22125
696.3134
-167.09055
-221.40138
515.92145
-443.6384
-550.2693
170.63333
-256.76584
-261.15295
202.14476
278.76602
-208.29518
22.614046
89.48708
807.75824
-58.655315
-101.356346
268.8937
-466.77643
-134.8789
-210.61398
163.19215
173.46283
644.21234
-199.5829
-175.77116
18.767342
-60.691402
582.26105
945.6844
1003.1596
-78.871544
-352.1043
-336.09653
298.0869
-277.59982
3.4160442
-263.6646
542.6429
-272.23926
-234.30586
-11.003154
150.93137
-290.3958
257.53918
636.919
-67.73447
158.98
-454.99365
469.00803
-51.497066
109.545784
-326.7834
-355.8295
-339.7261
424.78015
-1251.1647
15.763676
192.20691
