-1198.3684
650.69214
1117.6808
131.60268
1012.1502
1128.9298
-828.82465
663.65436
153.80421
465.1001
-818.55255
-1303.7378
-815.8721
-915.8199
-35.31176
-2043.0364
-1772.157
233.71571
-656.55493
1634.732
-838.93866
-870.42664
-354.5426
-510.8693
-905.6854
189.83441
-264.15363
-306.6357
-1763.0042
172.99477
695.7954
372.8008
1483.3656
2020.8486
1680.0316
1070.968
-466.65887
-410.20746
-311.26697
-346.82538
-280.70728
-1780.8203
-431.5064
1663.7074
623.073
-487.29443
28.988428
-787.0086
-1379.6478
581.0544
750.11096
-254.97731
13.849674
-1343.5276
1840.3337
-763.47217
1854.2395
31.249008
678.895
-587.82837
-516.23553
441.4573
62.679756
-1515.5695
-130.42825
656.2335
-767.74554
274.786
1973.6915
14.737616
-1213.7361
34.709373
89.96412
-205.5056
283.39917
-1283.2277
37.07664
-1205.8547
-670.0058
506.38586
-388.85138
-1087.5795
-544.1884
-164.43686
-626.39465
2279.436
-1385.5886
767.4132
1864.7308
339.34244
-972.51184
-100.11586
968.5901
925.03326
-1028.0397
129.22525
1647.8304
559.5896
666.32404
708.5917
-935.3229
183.45312
-938.24
-276.6995
-475.42685
109.852715
-241.08676
1340.3539
49.45296
-606.21545
-1149.6389
1548.0244
-221.79242
-360.22964
1125.927
28.79837
-1024.4926
347.92126
-279.94128
-1444.3096
687.24054
416.2464
253.34741
141.9918
-591.96924
159.60617
-662.3013
-1158.4318
720.62836
-528.82654
-601.5992
6.126937
-637.2267
-670.2523
-57.381634
-1131.7961
-156.51312
1082.138
206.469
840.61676
-1168.2164
607.5946
-1498.1881
-1368.3507
-325.35892
439.46835
2.8484116
1271.1852
-763.32874
-573.6448
1116.1298
1616.2737
-875.13354
91.00372
675.5147
-1082.5514
-1190.578
-844.87354
-2488.9312
284.47717
649.6561
-1757.9766
-36.82223
740.959
1871.0345
1119.5123
114.34274
499.92407
1387.5231
-1926.6644
359.1678
-1191.0083
-408.91837
1093.3027
993.2818
10.351144
-431.97647
239.3745
738.0216
-891.14374
-192.68298
680.9703
166.28595
-600.76184
-925.83014
-667.7956
915.7352
580.4578
-1150.1757
251.61726
265.96478
-1010.179
-47.20966
798.98395
-537.0413
-888.8333
1412.4923
151.24525
434.0656
259.99377
-513.4454
1640.8859
403.22336
1269.6263
-337.6886
562.17847
1398.3768
-328.59305
-1245.0223
-488.9729
79.92761
882.4942
-435.64517
-2293.2378
131.59637
2848.5977
169.71555
1212.0477
-359.66776
-127.28417
-399.71835
384.97006
941.1368
-95.828865
218.37686
825.8487
1024.8275
475.2578
409.6458
-568.492
72.196754
857.14307
-170.26532
155.67276
882.76624
-1217.1145
-2451.7598
1257.4283
-953.67957
-762.8717
29.57145
708.83905
695.8839
-665.1327
1160.5249
29.624403
-468.91174
-1246.8536
-1905.6523
-749.89374
-626.6895
1738.2742
276.73145
1555.4023
-654.64514
474.79553
903.34985
-47.987633
-521.0948
907.57434
796.8453
-1422.181
359.06433
1019.8232
-196.76697
-477.88712
-458.22842
7.1259346
1042.1082
-1925.7546
149.73091
-926.39667
-654.4765
-1751.4963
756.12866
-59.550858
-1037.0801
1320.2817
1141.6193
1237.7576
-89.03813
-24.911354
462.14163
1246.6222
1219.1558
-1782.7229
-1763.0583
-924.2054
1350.2399
-408.4576
-358.5299
-30.280266
-762.5278
102.0366
-1222.4496
291.79468
560.222
-776.3907
-1463.17
-939.8565
-1287.8479
-1676.7847
115.39427
-1266.1532
-934.9772
-332.32822
818.0536
311.6289
-1359.872
-31.041742
-270.084
-1216.3129
-303.66708
771.7961
-1370.3696
2144.9968
-855.1503
-526.36725
-1159.9541
611.5425
-123.80918
-217.3639
-788.1297
-678.75824
-136.71585
700.60895
1171.4404
-620.6574
709.32477
215.41092
1139.1964
194.8599
-688.87415
684.926
-1428.847
1027.1019
1318.2249
380.03552
748.24457
29.504335
123.719955
911.22406
-657.13995
-516.49347
-1117.8466
-361.70908
-86.87804
1852.2435
-276.99774
367.27933
348.91467
-7.3055344
-1270.8866
1278.436
21.824083
-1069.8994
5.369977
-463.2907
382.35434
144.63383
411.1089
417.48682
443.48102
-470.34518
-509.4962
197.43193
-1157.1936
-28.110865
-479.5095
1387.9196
935.35895
-441.92804
396.78903
1057.2719
-642.9443
-829.52026
158.87424
653.0163
-326.58417
-1021.28265
-773.14526
-249.58275
-1121.9961
1188.2971
-815.22516
459.33032
778.43286
-1221.7896
815.2514
516.4425
-1302.6064
-1457.0533
-662.4983
88.50929
-84.27864
301.08752
-21.261314
1401.5526
-460.79102
-321.4471
265.34424
-1663.946
662.0404
1550.4087
-359.1401
-138.14552
-116.75295
-755.7365
-2951.3174
1736.6896
391.66922
-1132.8644
1170.6525
692.71533
1272.7546
-494.1642
-349.7833
1406.3907
695.7123
-1242.3
521.62915
1077.644
-337.0368
-130.96074
182.31444
-263.78333
695.26855
8.847576
-1411.0474
-1065.3264
1442.5533
1.8919094
763.6859
-473.61093
-288.03882
518.094
-608.49097
203.44319
-1995.6486
-654.2098
-662.43054
1301.7845
-170.38426
-553.4239
-1202.5507
-571.8289
-1819.9564
265.59772
609.89075
-1516.5704
-682.7897
1100.5099
538.91547
22.59653
1463.6959
169.19388
27.48742
1091.3842
-1011.8545
-301.06
14.909528
-1078.7108
353.51752
-580.0718
1596.7039
235.38087
-2279.6936
1337.1843
-582.0171
83.67464
464.06723
-111.38885
529.1781
835.9612
1254.1437
-192.66672
1139.4596
2801.075
-794.4517
-1107.6935
517.141
126.50621
-1604.0503
173.80975
-507.9259
-647.87476
-754.7312
1254.3167
2072.157
1547.4409
738.1822
1139.8444
-337.3153
-603.74225
115.25512
991.92957
479.82413
38.800606
257.72723
84.59446
-82.57585
-112.73548
-245.14955
909.65735
45.556286
-57.8248
-48.203957
-302.04147
-1049.5265
1662.6007
-1255.6318
-1194.0104
-50.486652
-347.88968
1415.7979
492.72495
1075.5527
-652.4806
631.8883
810.32117
809.9538
-85.7465
-323.7231
-408.5223
1103.634
-620.0711
883.0458
1932.5768
1737.5228
1614.9983
-1518.4565
637.45056
2393.2432
370.57782
-454.24548
-471.5834
301.31833
378.2102
-1355.7867
1938.9735
1044.5902
-1141.3606
-539.4717
-1846.7471
838.05743
1715.2911
-1300.5197
-151.24051
-1164.3069
112.3377
784.49646
148.32259
465.88403
-1427.9854
-691.0307
235.13966
222.32378
1213.0333
-330.66412
-1279.0629
1178.9102
-2012.2565
728.5729
1582.8281
-752.1575
745.911
132.38435
319.6568
1170.8464
-146.71698
49.092667
754.875
1415.3727
-440.56064
-927.70996
-256.80615
903.4367
-332.22467
-670.0548
1591.6838
-27.07684
-747.20215
1866.5779
-423.1868
-1532.8062
-247.27155
-1556.8942
-664.7557
-1567.174
152.19542
453.1481
210.75626
-209.60007
-287.30975
-647.7543
1113.08
-709.8539
-1108.6438
146.28316
-293.49173
874.2244
133.00868
3.7758985
865.6616
-565.2211
662.51355
172.8681
-827.78314
-185.37926
468.33493
400.1877
-146.36258
264.88782
325.0664
-271.314
-327.83496
139.09015
329.26688
835.4284
865.8534
-714.90295
-424.5014
703.60876
663.3281
-1225.454
774.1274
-1298.0508
1019.3685
968.75775
-1637.7324
-251.78009
-2268.6482
-962.357
525.4907
609.84265
-891.9765
-97.83047
-976.9675
947.29034
-186.1374
-800.28125
190.83461
-1554.5153
249.15445
1155.3
-2658.8054
326.3277
471.3096
