176.46667
433.35895
66.89112
362.11047
-77.58323
-247.6235
73.41358
-243.84727
43.22643
539.25165
-106.09899
-186.57532
-264.06168
-42.895885
192.094
-209.15422
-379.17865
112.47704
55.2024
316.39413
267.1859
-15.356176
-313.3434
-15.067557
-493.96133
-172.48013
85.23004
138.69745
-7.0222645
-51.385048
-49.953827
43.948437
-121.937904
558.4564
447.77148
61.084087
-14.8060255
-3.8601432
-460.82483
-307.5909
-90.438416
180.5736
237.75168
145.9327
234.22551
34.943787
180.558
-373.8402
153.99944
-310.2519
1.4883332
259.47284
-154.73885
211.5758
-233.13503
-260.90366
348.9443
64.99453
-89.69714
15.82856
-184.62328
125.6588
371.33182
-106.12893
283.08765
126.4945
89.08923
252.38356
413.32224
173.20715
-176.38022
149.20084
-113.717094
121.265816
-281.64584
-436.90808
67.64206
84.531906
-121.85162
102.310234
-578.5497
419.10803
121.03589
-63.059517
-69.26566
77.874825
-6.5655437
342.9676
373.449
-28.777363
139.97572
68.44228
613.912
-479.302
-22.751698
188.76036
-361.2097
-442.91815
141.18907
-19.57273
-132.32457
-232.10466
116.58999
55.551113
-504.55182
166.36603
173.64786
-57.038925
-40.331543
341.10663
-345.363
-184.19052
358.99924
-162.58478
60.679638
6.8850555
-254.61545
295.74582
187.12135
-193.8463
536.00116
373.2448
-127.16847
-246.58597
-218.12903
97.27441
-368.34116
-159.59392
256.72946
233.63345
-81.75138
57.19141
-161.94589
-11.603841
-245.90834
119.343636
252.28494
-409.47784
-173.441
-53.705425
-118.04334
191.69977
55.215405
-721.0146
-109.39204
-47.061287
404.5605
-556.5306
37.91033
-106.268234
-75.013695
-45.382114
465.28476
-29.307535
64.98286
5.5869703
274.09357
77.233315
-473.5677
57.289326
-66.879364
157.11818
209.79926
471.5633
-79.095184
-50.93445
65.603004
-146.46632
140.25446
-220.1516
119.96597
178.9625
-190.21172
130.11218
-54.464825
111.04065
26.468275
402.17642
291.4102
-184.47803
-201.89192
-81.697426
-203.78839
-323.1202
-499.87827
106.07528
134.56668
9.312783
-33.574226
408.3179
-213.5747
-85.45565
-197.57336
486.05695
321.0828
-522.5838
-59.321476
-102.49117
-539.6306
335.52985
178.54329
191.10645
150.16388
88.188095
-72.27386
160.10301
-393.22418
367.46942
-59.37856
-74.98988
344.81738
154.41667
-554.0187
-292.86755
140.30913
-109.74866
26.969496
235.50427
-293.3483
-171.1212
109.136894
155.56587
202.59361
-468.00687
30.312422
-39.2042
-201.44734
-313.06885
38.803425
-158.85764
35.11713
199.89958
-296.39444
-29.54093
198.26665
-175.87422
-9.093066
254.03638
26.042526
-341.7555
313.99503
-295.49307
22.348892
-214.62236
450.00366
32.21447
141.74457
-119.16434
-172.1853
-60.666496
-463.22656
34.964745
126.22209
157.80594
201.34892
95.106705
43.774887
-306.15894
-250.39667
-125.978775
339.59198
9.6531105
-18.8035
383.74976
166.32625
-498.57782
-84.56172
74.08259
239.26526
-508.78946
-97.299736
-353.82324
-20.715622
247.0805
-65.45825
-86.69626
71.79688
-45.58189
101.12709
-20.090902
-8.19861
108.520966
87.1313
-303.54965
-120.7576
145.1503
-87.959435
-493.44644
-107.83804
-21.008593
40.546883
-85.38418
631.53735
383.12393
-49.246853
-65.12704
302.7131
-471.04996
290.21417
-141.95415
-201.13187
234.0137
-480.76556
-467.5082
-52.012608
-36.80942
183.67494
-170.97939
-28.442467
-131.89
-46.726967
154.99382
367.44214
167.20287
-628.72235
34.85763
20.24688
44.399597
64.61075
-120.49152
54.19317
53.874027
-801.66565
-376.7527
118.31269
70.14614
-86.579895
58.12674
-268.42227
306.26987
-682.44934
93.83495
-352.5437
358.50146
-214.47952
-14.180723
-18.08767
-352.11322
-186.46648
255.98883
-37.67365
-56.940296
-482.41324
-337.4102
-159.26231
147.11864
35.059025
293.21857
-94.13067
464.2454
384.24124
124.73305
141.60474
71.72002
225.10846
-4.685221
-266.28595
258.39108
-528.8362
-34.023785
-125.31886
-176.24133
-242.5466
-177.94572
-260.3071
251.23141
-513.6889
236.00272
-434.01257
61.86842
210.15681
-193.84354
191.1517
614.9986
313.20935
-199.749
-529.6102
-48.246258
-157.38641
-140.95026
71.2595
-33.230213
-310.52484
102.88271
-399.48343
45.02823
7.001173
10.111428
134.31667
51.167477
353.46042
-174.493
-76.515854
-61.75799
74.17614
11.284417
272.94574
391.76398
-268.34286
-113.67855
-133.85779
260.04562
-215.23152
279.54492
-141.76971
-246.35329
-90.20711
-422.98807
-110.23247
-50.845177
155.97589
-143.29042
-12.670443
715.21716
-140.62238
386.2118
225.74399
-130.6713
-122.68214
243.7515
-168.6245
-154.67302
-111.59252
-118.04992
-222.82715
182.36417
-257.80658
-128.42708
-389.90936
-13.054506
25.861149
-207.18808
100.802635
7.4585023
269.71548
-42.570625
355.10217
23.713755
49.516056
-150.90976
-219.07362
136.73189
320.50583
-486.0648
105.53921
-380.29428
474.75064
-1.7336147
114.12051
19.324348
254.44183
154.50677
-109.44648
107.97229
211.86708
410.21545
-341.57355
701.0647
-295.1875
-162.94016
-24.708355
-105.940285
183.66214
43.058636
-655.3823
-412.52155
-14.2491455
548.20447
-178.04404
-39.80727
-358.8759
-122.63027
3.7865648
173.95204
-98.17398
-461.45615
85.896614
501.1086
-120.08789
159.73682
-305.24225
-149.19807
-254.55338
-129.58914
-334.97217
347.1961
-268.69968
-76.73808
295.9936
260.0188
-169.65503
329.32645
-268.449
66.266106
262.24365
-11.338532
-172.24437
-118.30587
240.15443
-683.1444
319.59695
-134.53406
161.62442
129.04512
364.1378
-140.9902
-305.86273
-240.80956
-78.8518
-53.68217
138.18396
152.74986
134.04857
206.09047
172.30392
180.40582
-304.43658
109.98723
7.4364557
420.01733
283.82047
-138.3378
136.13939
85.77358
166.17146
3.4075515
-42.20623
265.2865
115.57588
41.72732
-345.18036
-260.85965
252.25896
41.636833
-17.769865
-188.8702
224.23122
410.8899
-69.04213
286.8821
-55.81996
-3.590204
556.4871
-268.35184
-40.014107
7.3437023
-331.05606
438.97192
94.755936
461.57178
60.563
-66.78292
-140.46796
-368.20975
-28.486362
106.257095
54.96855
133.6777
21.207706
93.084
-93.397446
-609.7777
93.177444
407.22696
-80.88866
-94.81075
252.67505
137.6298
219.98392
344.3399
-131.68797
-10.81285
228.9573
-173.99393
389.14206
185.50282
118.927635
231.9371
131.3202
341.0814
235.48056
130.69122
86.1769
-110.94189
80.42541
-68.32614
15.142633
7.4113193
-14.338086
-46.66584
230.06451
41.76788
473.83002
-108.65957
-228.08069
77.0891
-14.7845545
92.360886
29.930933
477.30267
-399.6566
98.1359
-143.39812
308.34866
380.3491
-288.57272
-187.21509
-67.259514
67.90465
5.285256
73.316216
-281.96228
286.249
63.62895
78.42317
-171.13446
20.66676
349.65582
327.0148
347.51233
119.44338
-155.3675
-136.34929
70.55531
508.40247
-52.44271
28.906502
-125.28484
-408.438
-82.811424
120.73483
-117.055046
-106.99582
-294.5296
208.57948
-24.937553
120.046165
-545.0898
363.6233
47.419983
-37.17853
-219.84653
-40.911995
-172.74596
270.87457
-477.3539
-24.570942
-18.549097
