260.11865
1128.3911
51.99295
607.2628
1038.1462
1008.47754
-342.9519
831.63477
96.05781
-81.238396
-75.259636
-1547.9303
-463.17075
-821.12177
-249.6575
-1095.4764
-145.14178
839.11237
-50.59117
1351.344
-99.94347
-1624.7542
-249.5697
280.81238
-448.209
-657.2843
-490.11707
615.82416
-278.2215
683.2889
61.595787
-348.21805
107.36582
1459.2013
660.5693
437.3908
239.41763
-368.1995
98.972374
-193.72128
-752.07715
-791.25507
-350.10144
978.5273
205.79678
-466.28125
291.95755
-785.3916
-1061.0969
308.07706
-154.93681
754.5282
59.90002
-543.8408
1281.9338
469.10428
1845.2489
-797.108
163.22855
246.80223
-122.833626
123.15471
588.71466
-405.91022
-427.4937
267.22644
-621.95184
275.00427
1948.7483
-289.87344
-588.0587
617.6712
-48.33365
-50.44128
79.478455
-1799.8314
-598.7669
-1167.0209
-55.08703
331.67477
-26.834623
-883.69507
-794.30536
-1087.9128
-503.21936
1473.0748
-901.0654
987.6968
1340.1345
526.8247
-683.27075
658.3242
1115.9972
-323.88297
194.85068
-293.49664
899.85535
1387.5029
778.7507
171.61037
-770.9416
-546.95496
-1189.295
-780.95215
-1409.1532
-208.72693
209.97249
883.0469
51.68385
-858.3871
-868.7427
276.85352
457.88223
87.797966
1186.6072
116.969284
-195.43416
696.69775
-202.86357
-1490.7336
546.9431
439.9184
146.80667
59.434284
297.76547
491.07678
-466.4692
-535.1248
885.84106
-296.48566
-168.92545
100.57854
-524.7968
-951.6048
-162.52173
-250.16672
-590.9712
351.644
321.80402
70.52814
-343.0962
276.29242
-1899.6754
-1392.2572
-690.43384
1195.5215
167.93102
1304.5668
29.59256
-619.8871
580.2614
749.0149
35.850536
-479.33145
395.9603
-265.61185
-441.58603
131.28467
-2431.0454
628.70416
948.4113
-1060.0028
-78.830894
-407.4198
1671.6443
549.8771
-720.3658
0.17290163
331.37518
-1337.0933
-619.35065
151.20589
-133.01949
718.8127
422.54462
476.5999
-5.288871
981.5886
687.70764
-1042.321
117.214966
465.18152
216.74774
-533.3519
-353.66763
-715.10486
1230.228
-284.00378
-1214.4926
943.854
-1.0710063
-1404.1602
334.3033
1513.4972
617.85077
-606.0187
735.1872
-608.6839
345.41507
-12.118721
-196.14447
1018.5908
233.65799
719.51434
-447.42044
151.35107
274.0241
-706.67566
-1823.1572
-786.6294
-81.62921
-431.25906
-840.32306
-1064.6517
1072.7671
1991.1882
-470.33347
1501.1832
-155.40263
-211.89702
-152.38826
168.6448
123.4699
-626.0391
-633.6951
1195.3842
-364.72888
329.93054
1088.5878
-233.38116
-183.47029
921.6896
-78.29976
200.91762
737.599
-1036.7278
-1009.85767
1031.0184
-1232.2258
-199.16646
210.70743
263.78146
1081.5846
-285.37006
934.1539
28.90945
-431.53967
-565.8724
-1256.442
-278.2395
-878.54645
1346.5939
741.78046
1293.555
172.15675
398.19034
961.94476
-316.1178
-684.8635
965.16626
322.41064
-504.4435
335.84924
372.68854
-714.89484
-635.81903
-187.03369
-106.16149
-359.09515
-910.0133
23.266428
-679.5486
324.7855
-1152.9159
409.4256
-594.4057
-479.59778
665.0946
1226.051
826.5142
43.5731
57.110474
506.2512
817.2933
1643.3777
-480.42297
-1091.6614
-802.4777
620.74805
27.973606
616.3343
-131.83978
-90.16811
626.6679
-781.35913
-284.8925
67.3619
-1030.2797
287.13742
-615.57355
-316.18845
-161.48483
-121.91734
-1016.6732
-540.2664
-350.9156
461.574
-621.22925
-769.79504
-311.20117
-815.21027
-980.9397
-331.03854
213.81313
-936.66754
489.73236
-834.0735
-1012.1871
-718.7463
407.3159
-608.7712
200.9846
-480.59088
-308.7805
-203.51222
1020.8831
845.2361
-895.54175
25.562502
-329.33057
-379.5238
59.192204
-83.02294
566.94135
-843.66266
740.79266
994.53467
-390.9923
573.78467
869.8847
271.2659
132.79384
-982.3664
177.21024
-570.59393
766.79156
-25.196926
1473.0592
331.1283
1138.1223
-321.90686
683.5335
282.11093
-78.36547
209.7179
-820.9463
386.9994
211.17072
-653.9928
43.57601
744.8428
-270.95322
164.13252
-842.9084
-918.7434
440.4149
-806.314
-208.58687
-173.9297
1293.8917
299.90256
-863.699
-133.54211
275.09283
733.6392
-456.0983
974.38654
1186.7533
307.475
-1048.0497
36.207607
-550.2692
-723.92114
316.16647
-1065.5361
282.42508
-186.98515
-1089.2891
691.67834
451.6606
-381.92825
-711.9118
-535.5671
421.3698
442.48666
171.82898
308.26657
431.41187
-878.9584
210.97705
927.18884
-1255.3228
364.7289
966.4534
-313.1686
-287.86252
-424.7621
-308.84915
-2698.6238
1101.9708
831.1878
-74.94001
744.95557
382.8472
752.30707
-1110.5435
-525.3578
136.15422
240.55502
-718.5988
489.88028
729.88715
867.2894
319.3278
868.41766
91.66129
203.51741
-108.76179
-948.9087
-488.40747
1067.2853
-610.58514
31.399496
-377.97223
37.932568
476.09277
-637.55035
-38.68667
-728.8937
388.13028
-356.47302
820.0474
362.88776
-168.4696
226.59087
-630.16315
-1418.445
-38.29831
271.97876
-299.46368
-660.4202
1071.7205
121.472305
162.56554
979.792
139.53105
-491.51672
637.548
71.48178
42.582935
170.8288
-48.056328
307.98602
377.52893
819.75543
208.63397
-1838.1495
631.14777
-284.41418
487.68103
-404.0453
80.45409
234.05069
42.146996
1207.686
-1093.2827
378.0602
1219.992
-937.064
-1117.9415
961.83636
958.1459
-1085.8285
-355.816
-64.75427
-1073.2773
-950.24567
1296.4373
1902.2694
864.32715
-63.626343
952.7899
99.41487
455.3934
517.51355
720.5303
273.62634
-371.3372
460.7575
430.36362
162.82153
-851.62286
-970.49493
450.69678
-576.0813
179.4416
231.4723
-130.28381
-1204.9242
870.94714
-462.58133
-478.91525
-110.66904
-1114.1609
811.52606
-317.69443
512.5957
-286.21396
1001.9387
354.07047
829.52606
245.91878
-1002.082
-249.88403
148.12659
-836.1521
103.38929
1113.8916
1467.6505
746.2189
-886.04065
594.5646
1734.8708
485.1264
289.31622
-198.4218
593.15826
417.9643
-398.0293
1140.4738
-73.64998
-903.776
273.08667
-978.3344
658.53705
1301.6571
-458.5689
-472.68192
-1005.5833
324.55072
448.69635
388.38702
17.606905
-74.636955
-1151.5864
-432.66922
368.6757
747.17993
-461.7816
-378.696
1165.7396
-1394.4375
1036.4282
1105.3451
-630.811
623.1238
521.9723
-1035.8561
530.2833
-285.68713
11.793658
1429.0428
543.48694
607.9955
128.69847
97.746414
761.3026
-349.3982
-238.9616
677.4555
412.53488
-138.67558
1131.5532
-290.48047
-1521.9924
-584.3353
-1475.1696
-820.61566
-2035.2053
497.15717
461.69534
290.49582
195.99753
14.760683
-643.42285
1102.1802
-708.2335
-1747.2975
-140.50203
-6.7523823
184.3772
-160.05193
-907.048
841.45306
-558.6106
129.92253
1012.1747
-1060.5215
-557.01276
-543.62585
1040.9744
242.72446
884.49677
173.79501
-255.5873
-187.48929
79.557594
479.76752
951.56903
1223.2717
-145.76047
-266.72113
511.1606
-127.97822
-1420.807
782.46423
-744.1684
613.3614
176.36943
-1293.364
-1164.9889
-1446.526
-255.49863
678.97534
957.2471
-616.8521
130.14926
-705.33246
979.819
220.38742
-449.5244
134.15312
-943.69653
567.8479
893.7657
-1713.4076
676.62695
-76.162636
