-986.2902
669.9958
1180.0786
188.40077
1004.393
1294.8065
-853.28656
714.13947
60.156536
428.0353
-793.5928
-1391.2415
-837.8417
-863.83215
87.01004
-1992.7767
-1772.0171
258.21378
-672.92505
1748.4076
-899.46484
-879.72205
-258.85492
-570.3435
-890.03503
63.120804
-279.42496
-346.47278
-1803.7994
261.2544
616.4522
249.83289
1433.2661
2085.1357
1646.9674
992.8617
-476.89984
-348.53415
-337.33408
-233.22589
-304.3581
-1765.1268
-382.6348
1667.0576
660.42645
-507.05362
-118.06952
-794.6116
-1454.9762
651.96765
805.1936
-132.53392
61.079617
-1252.5425
1966.1029
-926.78595
1796.4221
30.797476
713.11884
-523.71924
-548.10925
369.0574
-4.872327
-1595.2484
-231.44629
596.29913
-730.20245
246.62422
1854.0377
76.67499
-1131.4147
167.51949
199.7777
-243.03473
249.33257
-1194.7843
27.848742
-1242.1062
-655.7724
510.2315
-342.67325
-1090.4574
-519.75055
-112.904526
-647.85443
2295.0146
-1332.5381
792.46576
1788.4626
459.7427
-1038.4606
20.100845
849.3869
939.607
-1039.0028
165.082
1791.4901
556.677
620.15015
765.7516
-1009.36444
198.39148
-1008.426
-290.32996
-524.3462
40.709652
-285.17035
1364.1667
66.66233
-664.13196
-1243.6683
1576.3794
-251.87833
-429.5864
1084.5131
-29.635733
-979.57654
176.78273
-493.21103
-1445.6022
714.8185
319.48822
267.55072
168.32939
-523.0617
75.4799
-578.7656
-1239.6156
585.302
-548.9934
-699.90643
7.0008
-610.67377
-608.80273
-102.29241
-1166.4274
-129.3091
1140.7582
237.5395
938.86884
-1205.668
768.522
-1519.7009
-1304.1616
-392.86426
334.10223
-67.16849
1223.4618
-882.1259
-520.01935
1120.9148
1625.5203
-933.15454
62.637688
669.7543
-1056.9598
-1076.4718
-843.1249
-2537.4824
242.09015
573.8964
-1729.6875
-109.27498
652.14136
1829.1553
1153.7225
204.23796
315.5014
1348.9327
-1897.0206
264.3517
-1167.9542
-537.8526
1148.0037
955.3007
0.36075902
-298.97858
231.05449
733.1142
-978.7961
-197.13446
572.00165
187.72159
-719.5131
-1072.2823
-710.5102
897.6532
615.788
-1185.0011
155.11174
203.34508
-986.16473
-83.24476
851.8438
-588.0277
-921.53204
1495.8804
281.32217
487.2902
207.68216
-555.9092
1706.4038
477.23248
1172.9923
-216.48679
578.82965
1455.4547
-292.79965
-1350.0139
-488.41647
-24.161125
905.80304
-419.26572
-2166.6775
22.357182
2836.0728
292.2911
1193.7661
-269.4607
-148.00821
-430.0869
471.75714
1064.7037
-57.360863
343.15875
764.19214
995.2547
518.9358
385.16913
-640.7036
53.644768
945.44403
-55.389248
180.10442
907.5482
-1174.3923
-2545.383
1317.0317
-914.12335
-841.047
83.92859
797.4519
633.8886
-756.99255
1191.1232
-116.43184
-388.0946
-1117.4839
-1996.1462
-609.4362
-702.88196
1948.539
97.78556
1632.8318
-844.6064
330.4646
994.75684
91.61488
-332.74594
814.66614
912.8997
-1365.7521
281.82593
1040.2397
-241.61145
-442.71716
-304.16095
-75.70757
1058.1091
-1942.8104
193.71664
-982.4296
-665.7697
-1807.2612
709.58923
-161.80788
-1100.003
1399.431
1171.7968
1139.6722
-191.40034
81.27836
477.0434
1116.4464
1125.6913
-1777.2031
-1739.935
-882.8643
1450.6707
-390.9553
-351.10794
-93.913
-882.27075
59.924118
-1265.8368
285.4145
660.6276
-729.26605
-1470.6349
-858.9159
-1430.6735
-1661.48
131.73347
-1355.9153
-851.00555
-311.023
798.88226
423.5775
-1386.3436
-53.2331
-332.6736
-1179.8163
-231.8003
852.8141
-1253.198
2153.8684
-784.8515
-369.63647
-1090.7356
545.58765
-61.744175
-231.44466
-715.3908
-672.5658
-166.22505
668.69684
1156.4313
-697.47314
671.4274
267.23233
1101.8556
383.74652
-742.45966
715.0319
-1374.9567
1056.4701
1392.1453
422.51468
705.43097
-37.382233
102.27324
1093.8715
-621.84735
-463.49567
-1213.2234
-452.68353
-211.482
1790.0676
-209.98581
384.54575
469.56973
42.092396
-1248.249
1287.5531
-4.061286
-1067.9355
215.13379
-399.82825
388.97964
191.40965
358.4489
421.90427
313.3932
-486.65128
-506.07004
31.788584
-1217.2156
-95.07238
-393.66907
1541.1934
1069.3282
-349.58322
452.21384
1030.2617
-701.695
-813.5701
211.18788
541.52924
-254.13246
-926.3928
-671.1231
-392.67236
-1083.5627
1312.0762
-782.5297
482.24014
736.5967
-1182.9928
858.76526
496.42902
-1264.2489
-1412.3203
-674.42114
167.58221
-120.17011
388.0259
129.24983
1259.9414
-422.0819
-445.3085
304.05673
-1588.2201
642.268
1552.7527
-337.65967
-280.94006
-188.06784
-643.8042
-2714.389
1731.7799
499.90506
-1264.966
1043.3031
769.533
1170.4705
-536.84607
-494.74527
1307.7831
713.3149
-1256.299
604.30176
1142.3525
-377.57568
-50.1628
55.971176
-236.6018
677.74744
69.279945
-1426.0677
-1056.3972
1482.4731
-69.962166
706.73956
-409.66434
-215.39058
456.49402
-625.16724
137.8587
-1898.0009
-603.2429
-802.1708
1287.2245
-177.6138
-420.46436
-1172.7993
-581.9329
-1814.0133
165.83696
602.5933
-1513.6155
-753.6711
1101.972
585.66437
152.6292
1340.4254
197.12653
134.40228
1068.9409
-1035.9163
-237.66646
7.3704214
-1169.8411
510.70877
-610.1544
1434.8545
329.692
-2213.8179
1385.1091
-637.88446
61.643467
400.79633
-154.10184
637.83307
768.6443
1174.6172
-142.96947
1108.4667
2693.6868
-611.77704
-1030.2797
503.95724
-44.49629
-1528.6816
104.75938
-567.7424
-449.52472
-795.5913
1119.3981
2005.314
1537.4829
714.3338
1099.4172
-367.89572
-601.8553
139.14542
1116.1713
422.0826
79.06719
280.34738
99.88977
-128.74374
-79.39205
-315.7189
1033.7633
54.149567
7.8061743
-193.01733
-269.77307
-1067.9691
1674.7777
-1206.2765
-1153.7756
-52.96919
-428.9177
1351.0359
429.00443
1097.5131
-540.29254
597.2383
676.10333
612.88776
-245.83342
-401.5027
-437.35324
1192.7382
-692.4504
886.2765
1942.673
1706.2769
1623.0369
-1584.5912
732.64105
2504.0356
251.88438
-449.7626
-625.2821
125.5458
445.52246
-1362.1313
1887.4452
1066.7876
-1138.2388
-531.25543
-1899.5547
722.39954
1583.7988
-1297.0134
-171.32976
-1124.8813
36.962177
583.08466
49.161854
351.44687
-1324.4558
-691.6371
136.83003
223.53972
1239.962
-247.35893
-1422.9513
1169.7109
-2045.4644
830.1066
1650.5525
-730.84485
668.3029
150.58386
333.44113
1027.9696
-222.3402
-66.31176
682.7493
1535.7639
-376.2889
-989.08514
-305.0701
928.423
-393.51102
-665.19995
1470.6207
-78.43241
-805.15485
1789.9891
-336.7973
-1550.132
-232.00154
-1580.4067
-666.9096
-1725.2491
203.86829
477.48618
225.90631
-107.15896
-279.73373
-671.1984
1145.3572
-771.1654
-1102.0975
264.96704
-313.2131
814.2084
25.368233
-102.88116
821.05023
-410.56622
552.0763
165.65883
-1025.2283
-267.92352
569.4222
361.05447
-104.789764
230.28984
119.65161
-128.50633
-319.9116
203.10008
319.3063
811.89996
931.07184
-730.5448
-491.35922
723.4658
591.27515
-1300.3555
718.1972
-1271.3208
1109.1738
949.871
-1557.4036
-149.6434
-2329.894
-1043.3607
454.76865
530.49567
-828.4303
-82.828156
-1187.2883
854.2116
-98.00711
-638.49005
184.29999
-1615.8634
331.44525
1039.4774
-2784.2688
139.61783
384.10574
