-221.80579
669.1695
236.37248
603.53436
1028.4706
1068.7661
-726.8111
789.6235
-238.44716
-228.37581
-671.4515
-1769.4565
-701.7085
-695.4036
-429.21967
-1204.4546
-1059.69
540.07074
-21.012321
1534.3589
-383.55084
-1383.2272
-450.10892
-147.23866
-517.8802
-64.61563
-825.8671
27.404688
-639.1472
653.2794
396.556
-327.13657
355.13736
1491.404
1391.0769
1004.50726
-30.428823
-659.0806
-25.987324
-199.41905
-722.8155
-528.73145
-286.55466
481.118
701.6177
-534.46356
-52.35646
-1269.3584
-749.08936
384.50626
19.05974
0.37967443
-22.032606
-1532.8744
1006.35565
-7.305078
2287.621
-120.02099
576.778
-86.79126
-235.73683
-271.85648
508.6039
-593.1612
-450.60602
360.03308
-232.23964
143.42606
1890.7555
-87.466644
-544.6005
313.57904
105.43645
-85.226364
383.49292
-1912.4395
-195.65341
-1299.532
-13.648368
695.034
80.244804
-741.32764
-1041.6798
-1128.3655
-540.48047
2203.8904
-1327.7733
948.443
1380.5273
687.6105
-658.843
438.1293
1061.5955
447.79053
-532.814
283.8897
1423.182
1401.8033
809.87256
-178.92307
-1321.8994
686.7576
-954.599
-481.6153
-706.7194
-62.685158
3.949339
1112.8358
-539.8915
-749.5724
-1233.6975
895.1966
4.370249
-307.29214
1203.8088
-19.602938
-526.8777
858.7666
-279.43826
-1578.2603
254.16057
896.51294
486.88058
-182.2157
309.69025
915.0714
-718.7714
-620.2365
920.3339
-621.451
-385.1933
-9.966607
-742.5987
-995.4535
-7.714198
-789.64526
-355.7239
476.14932
226.5661
832.75134
-666.6902
475.36606
-1858.0233
-1203.7411
-618.9213
1325.7712
79.63953
1547.7518
-213.67285
-455.82428
777.5497
1417.2277
-125.68522
-313.84946
161.3006
-244.49974
-203.4953
-349.9335
-2205.414
706.75507
506.30713
-1470.6028
-40.583996
-38.106743
1688.2971
853.46106
-220.26125
-146.09534
545.19745
-1346.2096
-609.33203
-109.38621
-274.1227
742.3252
342.03165
668.7404
-191.38928
483.38974
273.18842
-986.005
220.22249
667.9397
118.44386
-418.40152
-211.08357
-350.94424
1267.2499
-518.37665
-1164.7039
284.81427
143.85022
-651.5751
367.7999
682.94714
689.4805
-700.2686
962.3711
-415.70392
604.2618
193.3128
-266.3682
1328.1368
89.70475
562.92163
167.4488
756.98413
226.77666
-826.7052
-1526.7762
-891.2063
-555.65424
37.860966
-1219.8774
-1699.6533
674.18
1544.7959
-437.4123
1357.9846
-172.51201
-638.79675
53.12079
208.73393
28.928253
-614.1257
-415.31064
542.4057
564.96674
323.90863
1280.3163
-523.7143
-325.5914
1046.9438
81.4532
538.16504
711.0656
-1085.0167
-1495.2417
1400.5411
-603.6933
-265.3917
327.00128
993.5281
751.7226
-386.85263
1439.498
-106.40271
-332.90668
-942.81274
-1537.6168
-1020.3998
-1244.4307
1432.6013
420.2414
874.6792
-243.17267
498.9469
1104.8153
146.66933
-1115.4166
1065.7157
173.83833
-425.98917
533.37024
771.15533
-378.28265
-903.45795
-33.404926
64.30079
468.09265
-1217.0361
579.8951
-1459.0461
-148.9429
-1383.8218
358.14496
409.85938
-865.87634
1040.6582
1216.2251
1026.0096
181.2974
74.64625
556.55896
979.08514
1474.7656
-1245.1014
-1675.3107
-1257.749
1310.2722
-368.86096
59.109406
-184.59795
-502.55814
802.7495
-758.44684
109.71605
-196.78983
-225.48508
-788.842
-472.95377
-785.5041
-1053.3599
84.61899
-569.2213
-764.13525
69.207016
486.85452
-289.42578
-1495.3927
-79.40694
-417.38177
-1554.2997
-436.106
280.62515
-623.4432
1056.2726
-838.08215
-908.67303
-976.1206
396.40454
-634.9921
-8.583432
-458.56378
-212.99664
55.033833
425.62927
824.53894
-647.9325
607.36835
-473.61078
324.53326
50.65615
-349.3979
404.3661
-1016.452
821.4332
807.9938
-159.04095
342.026
582.6793
660.6704
668.3948
-383.60837
-571.5729
-337.94415
747.764
270.44177
2044.8586
384.74454
332.71143
-32.446507
325.88055
-498.9806
483.75494
202.26854
-661.02386
79.721085
-104.371284
-333.83392
49.65832
966.71893
349.2092
280.00665
-733.32007
-391.13443
267.73367
-800.1423
305.17056
-105.7159
1804.5115
522.6975
-1072.5366
-80.76715
428.822
-33.53361
-507.05725
387.9922
1373.3032
56.89543
-1649.8872
-187.4933
-153.24031
-513.23004
961.37726
-807.53284
570.4362
-225.81891
-893.08575
577.7439
318.23096
-918.9327
-1423.0283
-669.50146
508.63522
121.396416
663.9442
269.54172
515.2139
-763.9249
-198.2577
741.7368
-1396.6984
675.8765
1433.4359
-863.9978
-53.62472
-1179.1185
-28.533358
-2623.8809
1350.7964
696.3333
-903.5877
1581.7236
64.07254
576.12805
-390.78055
-822.26337
880.0111
629.9753
-695.7247
282.7866
1293.0078
743.84717
-47.884922
375.87766
-271.32776
566.28375
-356.79352
-917.579
-1245.2802
1017.22296
-208.09613
602.7987
-268.02353
-508.25467
342.8584
-66.29009
-145.82018
-1285.0422
293.53763
-396.0319
1355.3245
94.83058
-82.2149
-575.49036
-982.2959
-1332.0394
115.43169
539.2612
-525.19745
-901.48816
996.4594
552.65753
443.91147
1763.3916
-389.07626
254.19502
852.4655
-675.57043
-128.30661
84.818245
-383.7273
241.51117
648.0468
1025.8513
-25.258652
-1727.6658
1101.1075
-318.49878
53.16515
-497.57773
668.9866
449.4
14.824139
1598.9746
-463.1832
505.22018
1770.6626
-1330.9639
-955.26697
284.94775
732.22815
-1093.0468
164.49031
196.86725
-809.56616
-895.4649
1538.4779
1805.3318
1274.7043
-249.7115
1428.3677
145.80449
255.09084
489.3329
847.5704
6.7982426
-561.96655
285.92792
-9.404248
-160.94656
-664.47797
-825.9847
647.28674
-807.5555
108.39858
-70.98761
-206.99097
-1286.8313
1469.1329
-847.0746
-966.28827
-624.06836
-744.0678
1228.1421
-102.12369
516.57214
-232.97198
439.39594
291.51892
980.5667
816.83624
-681.1278
-519.74896
414.5843
-659.5687
366.78558
1416.0741
1679.8832
1503.2914
-1106.9214
510.34903
1978.3888
507.73077
61.458435
-219.04494
551.4153
747.822
-800.4167
1797.0593
360.14978
-1008.3197
99.712875
-1381.4463
1106.6656
1461.025
-872.2835
47.730392
-949.7172
-181.44751
671.2199
119.17213
450.35706
-93.20419
-1013.4516
-166.99396
237.50734
802.118
-1032.2952
-243.83519
1215.5422
-1891.3822
921.2058
1282.1938
-391.59506
200.2498
272.57217
-529.5709
682.25
-63.78191
32.6465
1488.0609
1209.1133
39.189
-84.676346
-415.37988
490.7682
-631.3365
79.93632
1335.3647
212.06255
119.21264
1603.3014
-10.011634
-1251.3457
-759.0774
-1580.8976
-778.6746
-1470.2019
824.5546
424.31708
397.9102
125.9022
-566.4666
-506.22168
1192.9774
-883.7697
-1707.817
-539.1804
205.42496
704.67456
404.8381
-454.12396
1184.451
-523.99005
370.5415
79.70778
-784.4533
-88.83261
-292.93652
1235.4738
315.80136
868.2012
503.43835
-381.63217
-393.7471
-80.307175
469.1762
888.44867
927.00574
-565.001
-408.06284
267.09286
438.47644
-555.8123
1049.8293
-1149.9956
384.4541
443.77502
-1337.977
-650.6563
-2020.4612
-784.93774
590.3503
934.08624
-1058.5691
213.25484
-631.98175
1352.3746
428.01788
-815.01526
249.3663
-1233.8031
-248.91742
575.87756
-2333.7678
198.76753
-6.8127394
