-758.11707
525.8158
955.8426
157.22676
1404.558
1135.769
-939.40955
886.3102
-165.31792
454.71713
-806.39575
-1217.9675
-1226.3546
-1091.543
-565.2642
-1943.7224
-1530.8262
462.32855
-166.30266
2322.2026
-522.2365
-878.01605
-368.3677
-89.45605
-1359.1394
-136.21574
-868.42175
-410.08582
-1470.1874
13.935537
622.84863
359.61343
1064.9773
2168.0637
1897.1686
1145.7673
-411.03418
-474.1594
-228.63791
-533.6153
-612.5415
-1089.6589
-519.7291
523.13196
863.94684
-204.9815
1.6791911
-840.7043
-1018.7505
678.2353
487.23315
50.355568
-219.5726
-1435.0602
1731.1667
-661.8373
2117.4854
-105.460976
855.3086
-468.7441
-135.32368
115.97308
322.7952
-984.2332
-0.8671777
768.05597
-432.23303
389.89502
1574.2102
182.07802
-1214.4626
-330.99554
278.3665
199.12447
444.52747
-1398.59
-70.511505
-1194.1971
-200.63188
760.29114
-200.24905
-713.1804
-752.5234
-716.37067
-240.68262
2451.0874
-1233.4486
1149.3268
1343.0996
567.6198
-53.439266
335.2612
1060.1793
646.213
-727.3156
38.95053
1673.7649
920.11096
689.0595
416.37936
-986.6679
582.5603
-913.84314
-231.53236
-636.5269
4.341399
-28.813263
1380.5813
-90.481064
-934.68225
-1125.6453
1320.059
150.83397
-565.8198
1077.8556
-39.13238
-325.46695
405.07034
-569.24384
-1769.1454
253.5342
642.6189
-317.3734
68.28784
-392.67908
629.2526
-571.48016
-812.93085
787.3245
-889.15466
-306.9187
-115.45148
-234.76865
-676.69653
-302.25574
-1044.6473
-97.84953
780.2375
552.525
854.69446
-529.6836
123.58145
-1505.7076
-1459.9293
-277.61383
793.7223
-133.82622
1497.8439
-117.14408
-277.36343
877.984
1324.1248
-310.04773
121.25539
343.82028
-888.2881
-814.61
-585.07587
-2558.0154
566.874
645.4391
-1541.864
204.76256
440.16144
1570.3062
1013.0171
182.83186
77.22077
1162.6423
-1967.6611
-96.55647
-917.02716
-353.7841
912.1027
650.8752
101.19451
5.4133368
604.7257
462.27872
-1344.7487
-102.86402
804.36597
-297.23175
-799.4491
-460.44766
-276.83273
1218.7341
49.798504
-1156.2653
155.23456
139.12033
-935.1152
-16.008419
644.9854
-186.54297
-908.72437
1110.6852
-195.50043
468.39734
572.575
-347.26584
2018.8309
285.20367
1295.0577
-58.879063
522.1833
965.2278
-357.04984
-1479.4071
-356.3483
-223.18855
556.5039
-355.48706
-1939.1876
508.2514
2549.2266
-370.4706
1252.8401
-149.59161
-162.52122
-505.29877
367.0819
920.5957
-526.09827
-301.9086
316.671
648.8064
141.71336
499.94455
-620.63275
-373.0501
780.8404
-29.125326
427.66663
896.9007
-1549.7549
-1933.1932
1543.9166
-510.2445
-671.4779
-61.421375
480.94583
870.3395
-348.3152
1436.6189
-228.14137
-312.93362
-1073.333
-1594.1278
-1264.6439
-1112.614
1709.6904
-19.92083
1008.8833
-632.6793
337.4155
861.00775
234.13718
-363.42877
412.21622
286.47916
-429.94907
429.267
948.83826
-209.46687
-833.2872
-164.86809
47.181103
1026.5515
-1601.798
224.10814
-1491.983
-561.14026
-1384.7886
316.30634
65.60449
-1093.7609
1193.8102
1047.4061
1121.3938
-209.65005
154.19254
455.694
884.24713
1272.6852
-1628.3788
-1330.8875
-699.22986
1687.8805
-406.7239
-387.60037
253.3693
-915.1246
137.80368
-1043.6012
321.2526
594.3014
-450.28027
-1028.5491
-419.34302
-461.79486
-1200.7354
441.6227
-967.72595
-683.71564
-266.13855
575.6401
-95.56329
-1509.6279
239.29341
-331.79156
-1493.9722
20.053682
401.2922
-1039.9318
1863.9723
-1046.697
-385.91797
-995.15967
978.24976
33.24547
15.673173
-1386.4473
-758.8018
116.87657
951.3945
1376.9723
-743.9773
590.18854
-22.457878
892.8109
238.56412
-529.02985
665.438
-1651.1882
753.3416
1184.4109
-35.30041
957.17163
-25.351828
247.3325
706.76935
-472.3033
-415.8759
-872.7232
112.72851
-143.75279
2525.0417
-293.34216
-10.411366
404.63953
251.84833
-809.66235
935.0191
66.3161
-1096.4417
461.87714
-282.6268
102.88752
576.0407
1030.271
651.20544
551.1592
-807.01526
-623.7583
293.68204
-1022.762
-7.4358788
355.67514
1472.7083
822.7235
-937.73315
-128.47046
887.8307
-541.466
-457.39572
478.7132
1192.8798
-334.7341
-1512.4075
-343.66922
-484.90747
-878.61847
1381.9176
-981.72064
223.91083
188.45871
-1713.4534
1075.6487
598.40186
-1300.6398
-1315.0485
-903.1504
248.81734
-44.11107
397.6297
350.75424
1124.7441
-716.51715
-65.00803
662.9176
-1351.5873
793.3656
1678.2568
-475.6837
-321.5389
-568.79517
-80.528046
-2857.8542
1654.9637
601.4343
-954.46155
1500.004
309.56992
899.95856
-767.76056
-539.22876
1282.0548
679.40656
-853.14874
512.47205
1264.8912
183.55812
28.896757
250.3476
-522.0546
323.33395
-48.03467
-1323.6666
-1521.0315
1563.903
-7.3972855
691.94507
-513.4625
-639.6862
213.79404
-126.23151
-33.430492
-1813.188
-182.04155
-551.1165
1384.4598
-30.54334
-532.3626
-925.22894
-1169.2458
-1811.4042
277.4661
580.38995
-1289.657
-1272.2168
1240.5626
476.15836
368.6119
1449.1696
395.97052
225.11348
1053.1777
-793.088
9.519162
-255.05878
-892.6145
391.0203
86.85859
1575.7642
-174.3114
-1819.7904
1568.0421
-374.10794
-80.46776
-60.17498
355.94336
687.7095
271.48535
1522.7183
-745.87067
741.43054
2117.4058
-1109.3539
-665.98663
510.93207
572.36597
-1373.379
149.15103
-359.85733
-673.45874
-730.1982
1336.6399
1860.0062
1153.6151
464.24524
1607.1674
-6.1543913
-418.76135
629.6976
1047.5778
80.413605
-193.88359
512.51184
133.4377
-138.86412
-650.3264
-397.51193
905.0264
-21.662115
-14.43222
91.18064
-377.68817
-1209.9648
1755.6018
-978.0645
-932.20306
-470.89398
-288.12015
1546.6836
560.0302
897.607
-177.95874
824.2097
594.2185
521.298
986.68304
-392.2498
-511.57883
521.133
-549.73456
82.14712
1405.2292
1154.5839
1821.1299
-1479.5465
777.95264
2328.2024
461.28604
-543.7673
-634.7234
329.67642
775.7593
-898.4515
1853.2979
636.27344
-1338.9222
-27.399977
-1822.078
1033.6835
1693.6344
-1400.0763
136.41989
-1179.9731
-452.13715
528.73303
-159.30772
-59.154404
-827.37555
-849.85077
112.17518
193.32045
1071.4133
-983.30457
-1141.5348
1147.9769
-2203.4734
879.6006
1183.4564
-637.7486
489.46344
263.41205
-381.06274
915.22455
-233.85703
-155.18352
946.0618
1493.7938
-444.45264
-336.87048
-164.19223
744.9285
-391.2795
-665.3204
1188.9218
15.220423
-541.29767
1452.6813
-123.515
-1295.2759
-826.81775
-1575.8433
-727.00446
-1663.134
345.97818
264.23798
354.11713
252.29927
-536.25665
-1202.2585
1270.4901
-791.3649
-1955.7782
-163.40364
-302.2491
1242.5378
606.5246
-176.54999
777.51935
-646.97906
451.0066
147.83347
-846.63245
-108.50079
233.47882
508.04868
-89.87151
411.18393
587.3713
-321.2855
-418.52618
36.52951
248.12407
772.24146
885.24475
-622.2241
-560.5947
567.2328
774.98834
-846.1577
689.7526
-1082.6111
536.0324
900.768
-992.3437
-142.43324
-2127.399
-703.11475
660.6321
962.80707
-1186.6992
121.80302
-830.0849
1424.3761
-5.3948374
-823.6092
466.38904
-918.7965
436.2543
1175.7444
-2844.6694
684.79675
448.89587
