-301.13245
415.19168
-67.25075
350.4967
-150.15811
-199.9048
-4.319935
511.19107
398.62674
545.6692
347.62656
-1000.7922
-146.05101
-212.9593
-311.68192
-774.8973
-130.21182
187.87593
11.372072
423.90344
575.5952
-970.5506
-380.62967
740.1168
-592.24524
9.870298
-198.44334
-382.16135
-307.15106
-15.311351
-210.30467
-76.428986
-321.17868
885.2451
347.4691
318.32956
274.79874
-217.99117
-47.089867
-677.3325
-767.7442
-162.9676
-121.06876
-183.07893
80.362976
197.14699
265.10672
-14.00508
-273.353
30.559603
-444.40533
229.0698
-328.85834
255.3972
148.83527
348.78653
1214.559
-543.7474
-762.6767
205.11086
-382.0845
159.78235
609.81555
-200.39307
200.21823
452.42938
335.5292
-277.86862
722.4727
135.38501
-91.76909
244.36401
65.104355
93.34298
13.39429
-19.192604
-423.55426
88.47397
585.981
258.41937
-252.93155
-201.74301
-236.57039
30.88808
-838.2335
1001.1687
-166.3451
646.8788
625.1434
68.02971
-41.207047
206.66347
951.1893
-1055.543
-660.528
684.161
367.87048
385.24753
310.71835
46.82423
-416.42157
-569.5466
-33.952953
14.324223
-525.9016
41.09299
1016.10077
429.00607
-242.8847
215.26874
-359.30545
-135.34363
250.2552
-396.28604
407.26096
23.171474
-11.030064
317.314
349.1134
-936.92706
1160.818
490.15045
423.4654
-664.11237
-365.02826
74.403435
-724.12
-604.18054
611.5744
-148.6329
69.897736
190.50256
-885.2428
19.31983
-494.642
235.99316
58.32094
-162.74078
273.93262
-381.46353
-80.01668
-78.35393
-825.44257
-624.45764
-28.593163
328.58615
488.73148
648.8396
157.4855
-769.3537
335.7964
658.5446
-23.88283
-202.91933
-251.16739
-2.3469725
-533.6035
-621.3188
-1265.085
369.71082
310.1274
-708.78906
1.9630489
321.27505
95.42177
353.57904
-546.18146
357.3689
194.88733
-616.4859
144.88889
518.50397
27.474697
432.7706
-594.9325
176.33926
299.79355
636.0958
259.94922
-690.909
-207.90126
267.32773
-257.4286
-98.429474
-220.5145
-256.38678
712.08374
-237.32922
-428.8375
903.6972
164.14322
-437.44724
-217.22392
1011.0961
699.4851
-320.33505
69.57372
4.177076
-294.88345
-288.50848
-264.1596
784.7168
394.09818
216.73642
-120.118706
270.39178
-153.67146
55.30951
-687.0378
-219.19809
732.8018
26.66064
-465.34793
-41.16759
345.65076
850.3966
-581.6154
910.7426
-357.4847
-197.08466
185.7875
444.4067
871.1976
-902.77203
-449.507
140.43253
-692.5419
75.084885
115.2779
-609.715
307.70056
319.6731
81.39471
-522.2057
326.36603
-502.01175
11.981619
97.99659
-671.9961
-124.50182
-435.2165
367.9411
-257.47733
-266.31772
912.3566
-274.14886
-205.95592
252.48878
-967.8688
19.753275
-768.0504
730.6962
-328.91345
479.87717
367.62848
139.98961
-2.225091
-20.633612
-429.74008
531.7521
-87.38962
-753.1598
-442.53024
30.355736
-86.89448
-738.2173
-226.64806
-414.61603
141.7104
-278.54593
-198.84496
-1035.0164
423.9099
328.0733
-218.25813
-448.3433
-248.68196
49.032097
795.6774
35.910713
226.75682
-268.71793
-89.97031
180.07976
603.8402
-169.0433
-807.0055
-659.3225
-279.7555
-57.967884
47.100513
-321.054
697.048
531.3353
-269.80743
177.64676
434.88324
-253.80835
-191.01707
-365.8355
-177.23935
308.0672
-825.04285
-667.0885
244.95836
44.808155
526.9855
-27.334322
-305.11395
-311.35486
-252.40842
-111.20804
-275.1611
76.92914
-672.9207
72.79859
60.01798
-228.36462
-658.72144
-170.33241
-231.41403
121.67888
-833.8406
-170.57599
-276.60822
637.71136
504.45718
-174.42496
-373.0245
713.92395
-934.299
-140.4754
-163.4947
1019.0629
-664.60016
608.9802
861.988
5.277405
338.48108
1126.6359
361.9675
26.678284
-863.6457
17.41789
-356.34482
339.4102
-373.1488
576.19995
-98.19362
483.7267
343.45407
225.4357
479.37875
84.73681
-93.56433
-192.9806
-4.776549
75.83033
-409.9373
-630.97107
-307.9111
-170.30956
-43.2514
-504.69214
-1167.0565
516.3678
-724.4814
309.54803
85.63406
744.5882
404.53412
-336.24615
346.04803
384.8486
846.7176
-485.79968
-268.93582
124.12409
-309.86285
-889.3234
60.397026
-80.824814
-563.4299
-198.32712
-843.5038
61.267925
-275.99323
-223.70016
440.16614
616.3618
-12.512486
-391.40857
-161.86461
276.97556
-100.6162
-76.201164
399.84653
885.3661
-463.16916
386.30914
646.47565
-611.71783
211.6438
1048.2281
-442.9963
439.47507
-549.6549
-60.51586
-1160.4579
794.55237
-137.91685
59.25483
230.91907
641.28546
66.73215
-129.51459
39.31806
25.371828
-244.0094
-604.6171
40.077168
5.444906
846.6034
69.04889
497.44812
45.997353
-404.96765
64.595726
-657.3996
-359.26157
799.8363
-331.04865
68.27065
-465.4882
582.40894
355.71274
-85.661865
-106.76643
-423.7332
-82.82691
-7.6507955
266.24295
678.5322
-123.39835
-15.269249
-636.67236
117.52538
-83.31205
907.1339
-169.26506
174.66568
476.2948
-153.66168
214.73949
349.17288
325.557
-444.09375
679.3893
-82.35946
-279.85727
-158.21468
107.1975
328.49802
714.714
-252.40857
-493.36417
-675.07605
804.15466
162.56546
129.34726
-671.1593
-589.566
186.44684
285.78244
349.22168
-384.41702
420.63367
1045.0363
-266.2736
-44.768673
389.75323
184.90512
-739.197
198.74797
-135.92863
-639.3507
-461.6998
405.81683
779.8727
177.45251
8.299587
959.561
-227.77078
-299.6719
317.95413
-386.2004
-111.7413
-180.86603
868.63727
139.24002
372.6079
-178.46944
-874.6934
230.77695
-226.13687
245.96718
-213.8319
-182.92252
-443.3785
-253.19211
-317.68768
147.45175
225.95604
-890.2115
256.7629
-77.86015
242.53928
248.78697
486.87033
508.7643
909.0141
130.70064
-334.66415
233.59894
879.7451
-135.34767
117.342766
599.75653
923.34216
46.391224
-650.78485
-218.03004
1387.7129
612.5872
-101.78423
-147.45555
136.52264
598.11176
-815.99146
457.28268
-17.436129
-430.17313
-185.90948
-414.39142
62.248425
664.5789
41.005436
-163.06369
-760.92206
181.38518
783.52295
296.75833
-99.820366
-242.80475
-1160.8856
321.4982
127.87913
-20.82015
-175.74539
-99.52976
260.25284
-1473.916
951.86584
640.64655
-170.1597
140.19519
602.89954
-133.53047
662.7294
-44.650837
-368.3083
-39.426636
605.1871
658.06396
689.87036
-78.741516
-2.5431368
217.6751
150.67497
898.46985
616.55164
-412.5202
810.7203
30.500492
-815.0182
123.901695
-663
-613.78094
-1231.1918
728.1289
-298.80533
-56.83337
733.38025
-139.06424
-797.5104
338.52878
-161.67574
-368.34607
157.59857
181.38528
-175.27304
-297.66147
148.20935
985.5844
-529.54596
-101.652885
308.09625
-196.37456
-96.292984
-281.73245
320.54843
154.18533
777.36597
0.82254195
-41.93321
-110.196945
-96.40938
374.78726
1101.7749
1162.6615
-332.006
-427.68924
-6.2855225
19.754944
-695.14935
324.7557
-206.6347
715.65796
-415.83685
-313.48398
253.58606
-238.82814
-419.5755
586.5846
656.0724
-327.24533
330.1441
-732.915
676.9438
189.02768
-87.36016
-132.05023
-826.06525
-186.83647
287.13782
-1219.397
245.06548
349.49393
