-27.102531
598.7042
9.80307
390.364
-53.124634
-60.417786
13.238747
751.9892
446.59818
256.78912
363.03668
-1019.823
-101.06125
-309.02118
4.3528852
-673.5354
-238.86612
439.2234
21.331234
539.2556
32.684208
-1001.7214
-215.71266
513.03564
-587.772
-291.9609
-176.82921
-532.7244
-557.6333
171.06894
119.78482
-206.66391
-196.89311
1159.404
534.67487
362.44006
468.0616
-102.94123
-70.66237
-581.3603
-590.63025
-576.1778
-187.67632
-259.11478
93.857254
320.15585
349.1972
-40.579655
-256.71777
114.63828
-409.4445
185.25543
-313.41174
102.2644
321.40347
145.06827
1165.32
-496.95303
-981.83746
189.81514
-355.00247
-46.008503
539.7911
-175.36938
155.7248
412.9098
242.75998
-356.51074
798.34546
253.69655
-107.892914
391.7781
273.848
166.60507
-131.03647
-293.21893
-265.56015
-14.564932
296.2629
260.88013
-114.069885
-382.27838
-508.3296
-180.10074
-829.2918
1129.1996
-559.4682
808.27905
966.766
266.17346
-49.365955
416.39926
812.0839
-922.9467
-556.60724
688.65137
239.43744
353.8042
361.17032
-87.852264
-463.2991
-664.1333
-307.0425
-20.83733
-728.8476
100.9838
1245.6224
626.8562
-267.92697
71.68823
-577.0687
38.228935
260.7259
-192.13475
404.2125
0.30503452
-38.320274
349.47107
215.08575
-1229.0771
1278.1078
394.41943
455.1562
-339.4811
-81.51347
279.06888
-541.8386
-831.1112
499.7781
-265.02112
-269.70496
138.39684
-742.00574
-307.06754
-574.29895
304.89355
-84.06966
-17.907251
125.440155
-231.72142
-143.04143
-14.889836
-1036.6855
-770.8384
-301.2069
628.0642
711.7456
688.12305
233.21568
-362.29202
468.30167
790.2614
131.10501
-475.79373
-9.465688
75.47414
-583.6649
-494.2606
-1211.8851
386.0614
468.99146
-848.8471
156.51042
73.02185
155.29956
459.6217
-524.1691
413.3493
237.18814
-699.5642
-411.02304
200.22472
245.68962
445.96558
-271.60385
192.83748
424.47058
723.4135
550.3421
-894.85376
4.435912
31.935217
-290.45728
-102.019745
-250.99193
-397.3676
625.5026
-289.02344
-534.1735
1056.6105
364.1331
-611.8733
-123.4191
915.21545
352.86472
-350.62332
291.46155
8.366324
-159.28409
-163.23529
-433.8687
1115.4535
505.43637
218.85625
-64.81234
279.4363
-196.69086
-196.98405
-872.56934
-399.54416
424.74414
6.731535
-438.32764
-472.51617
313.54727
1118.076
-483.7899
953.3253
-244.43848
-393.95865
5.991045
416.56796
823.4877
-1075.5205
-410.27786
276.9422
-585.1071
21.904676
84.62434
-930.4291
133.92886
557.6183
213.99326
-545.9265
335.68787
-284.57526
-96.93631
348.36288
-492.2838
-201.6752
-500.44376
468.01593
-86.048996
-84.78077
831.1291
-383.4341
-547.4685
436.53458
-1116.9009
89.34525
-799.6749
984.12054
-368.93396
346.02698
495.17798
-77.55718
239.5023
50.806534
-454.77673
445.91068
-170.01942
-627.46875
-496.19296
-272.52945
-20.72128
-938.3521
-443.63046
-230.55856
-38.77056
-285.04022
-164.3654
-1313.5299
406.94937
-53.3425
-28.689425
-397.34424
-332.59875
412.23712
896.53125
3.4066703
182.05286
113.14182
-278.29327
448.61823
508.4601
-301.27768
-897.0254
-632.936
75.2141
105.339615
371.88254
-326.47827
704.5465
515.5226
-237.74345
476.66492
405.47876
-440.9006
102.11432
-546.7909
-110.77463
291.2691
-670.66595
-747.7532
138.553
43.66901
456.82962
-73.902405
-53.426228
-138.69759
-231.31767
25.417313
-110.05723
105.128746
-734.70435
157.42348
-36.338596
-354.9373
-593.4137
-260.96997
228.78877
99.278046
-1081.1268
265.9056
-302.44632
913.94556
571.3506
-112.45684
-419.47366
505.4099
-1146.6907
63.124542
-159.33865
1103.124
-570.0446
708.3943
982.68805
-33.39583
165.72397
1086.0829
-13.087795
199.7936
-955.61017
290.28275
-648.5966
167.14131
-328.6307
1000.801
130.4891
787.06177
465.2366
241.38297
334.6681
-125.61291
194.47198
-76.13532
-88.82786
74.71262
-548.15106
-224.81006
-91.74855
-97.65269
192.754
-368.2124
-1251.4047
346.03537
-751.24316
432.14493
103.569626
702.68066
199.69888
-357.8838
486.91058
222.23767
963.22626
-485.31235
-310.2965
315.3439
-330.2514
-886.12274
22.152336
-272.34735
-619.6795
-366.08368
-855.39557
275.41238
-271.26404
-491.52118
354.75208
756.5911
-111.1694
0.70662165
-325.83743
180.55304
82.8523
34.349716
72.03307
765.20874
-534.06525
726.95166
593.00006
-694.0492
736.6309
1123.9386
-599.9845
261.0666
-576.12836
-302.58395
-1295.5061
890.25415
-27.655361
-25.062231
466.32858
392.54507
-145.72447
-302.7697
17.36219
75.75296
-598.83673
-486.8587
-4.0326304
-82.681274
553.74786
-4.181772
306.60812
111.03438
-297.1035
-250.2681
-773.37524
-415.61264
746.82074
-541.338
282.8426
-773.28735
425.51694
-45.240368
-108.66965
-0.7821517
-479.67633
-217.30368
45.39643
-43.61758
842.7663
-224.37994
25.98617
-600.1832
-230.98856
5.6409183
581.9329
-150.98361
155.94814
496.7926
-281.16772
290.79428
246.35725
400.4347
-456.26334
603.1786
-326.5882
-508.42422
-98.41278
250.70758
153.1545
796.3237
10.523871
-382.32257
-1077.8119
940.5263
274.40555
173.35385
-458.43036
-407.42883
218.62863
280.98724
485.3947
-615.6447
260.65924
1036.8978
-632.5072
-128.6293
384.46085
222.02592
-809.27734
-102.114136
190.16754
-789.72144
-432.47372
585.96185
938.1335
81.55702
-199.16922
904.4071
76.98333
-485.85867
-131.17198
-601.9366
-30.093962
-88.529945
593.9608
149.16788
367.24442
-355.00143
-805.5282
278.66986
-128.91418
204.08586
-396.48972
-104.29189
-327.16544
89.25047
-278.81888
244.39682
-3.7830174
-893.84436
232.3734
-221.32433
232.59622
228.43317
396.2246
488.96457
953.18933
307.2955
-320.12802
-38.71667
771.2446
-148.4172
-362.35754
499.94812
807.07336
155.40959
-697.2903
-344.3803
1123.8948
479.8857
46.673515
-38.59822
67.89289
736.46747
-659.24927
714.72675
-167.44167
-282.4972
-373.10104
-388.91492
37.75887
554.393
-50.50733
-353.9597
-735.1793
321.9672
493.07654
597.53906
-142.31905
20.640888
-900.90393
136.57718
1.2232223
-273.29016
-350.13486
-301.0151
743.2769
-1463.6392
748.4611
639.5886
-344.58154
-39.085342
469.85123
-158.52249
545.2307
-90.65361
-285.9618
-28.47678
739.3327
583.379
485.22665
459.2443
-210.79485
395.20773
-12.046006
741.1635
509.72885
-438.3551
1344.9438
-8.898869
-1096.7972
-1.296201
-777.8971
-491.0651
-1199.4155
442.92252
-407.38052
-44.070522
467.14624
-184.07047
-922.6684
524.3925
-374.79578
-959.56665
-9.450091
619.64996
-432.20154
75.8651
-39.199436
968.06744
-1013.9957
175.77408
553.09216
-78.019005
-139.02171
-347.97986
352.80502
309.30127
893.1303
74.53289
-197.40227
-87.63355
-57.484768
371.0673
1178.9966
1207.846
-398.37936
-623.98474
-101.8243
-151.57732
-762.5854
72.77773
-666.0681
864.48456
-289.34097
-587.71375
15.850141
-431.33307
-447.2457
549.20325
799.7027
-455.78085
168.45438
-513.09406
686.3526
108.09894
-111.78589
122.49168
-730.6119
-81.62408
427.14267
-1297.6007
518.1228
332.53705
