-329.81924
263.00983
239.94748
523.6825
369.53412
-233.51004
105.57351
-0.60280895
494.0158
463.39346
37.574757
-824.5991
-326.6353
65.45755
-107.60601
-502.34863
-39.206738
328.93942
-36.764088
134.12592
562.23865
-262.12778
-296.19916
345.35803
-383.1319
-157.805
460.09195
-40.840527
162.89992
-188.64584
-30.106928
-161.63483
-391.44574
544.7675
578.268
439.84128
310.51947
107.987175
-478.3638
-680.02014
-714.86176
-150.63194
621.2265
-180.63876
432.35635
126.13557
441.75613
81.857124
-351.6141
22.146059
-718.6275
-109.65579
-246.081
-66.25482
-4.55922
282.17035
972.42456
47.552055
-14.871425
113.074165
-367.23016
28.383293
681.50867
-316.7403
248.5862
285.6663
467.4209
399.1
249.55424
85.82326
-236.00186
347.4956
-157.90814
96.34219
-31.998592
-205.47714
-304.35867
-230.10329
358.99997
187.02565
-702.49475
11.079653
213.3169
-139.24083
-668.6496
264.86386
124.224846
220.43317
356.70084
238.10902
324.567
174.65782
1155.1206
-957.2916
-331.35443
501.13733
39.278244
281.0882
347.78018
-287.3969
-270.88266
-23.178839
173.46965
-312.6646
-828.65607
-49.78353
487.67975
161.21953
-550.2543
341.9918
-585.8491
-127.17115
573.14716
-482.5788
-92.014404
-204.9397
-40.27543
330.4218
-48.591476
-271.51248
1195.4064
262.69754
-69.513565
-647.7279
-462.08768
-56.396732
-488.4398
-406.3859
451.4641
-163.63722
107.01902
353.81232
-670.81555
92.31283
-549.2184
164.71938
157.48123
-415.11877
-40.41684
-520.0749
-183.36429
245.87497
-532.2581
-360.68643
118.77232
-64.93918
521.23334
23.81615
0.47873616
-298.52502
-133.2569
45.119923
133.33215
-275.56158
-484.0855
192.09149
-448.90213
-193.49556
-651.98584
-73.62157
-84.722496
-345.98795
106.515114
304.65082
-140.94563
-112.16721
-381.4418
-261.89725
226.88907
-377.19186
-166.58102
360.17722
71.23548
593.03424
-301.30276
143.9
245.63223
505.62604
220.53287
-308.94608
-225.06978
228.5184
-329.49207
-171.37527
-440.53445
30.485662
653.347
-57.421345
331.74088
706.48584
61.811653
136.15704
-461.05826
673.4495
493.79678
-813.2803
-187.33728
204.10138
-492.42636
-113.983925
-131.69832
-107.0783
679.38055
-72.42529
48.85916
486.364
-237.9859
27.51574
-674.56244
-619.84766
740.2401
-153.093
-714.2366
62.34085
94.84967
464.89456
-333.89392
630.37
-415.0405
-511.30167
124.50543
219.36458
251.63132
-946.64655
-147.59691
83.0929
-152.27768
428.86707
151.00938
-510.71472
293.82593
474.54633
-135.75014
85.60688
391.8394
-454.0989
44.01681
274.1959
-67.81216
-279.2107
-108.059875
-91.389786
-155.40143
-632.72363
565.4692
-67.38408
-182.46451
212.40779
-486.39673
-11.945362
-858.3269
580.6644
245.56134
417.5467
348.87958
138.55829
110.54556
120.65247
-281.57846
35.33815
255.42952
-404.48386
-61.529316
526.7446
13.795577
-518.5388
-197.5557
-336.473
170.79846
-60.822113
-40.411587
-340.9999
454.3596
61.77172
134.84355
-366.66602
54.65506
-99.2864
511.7532
-142.18025
65.25831
-318.88733
-219.57404
-57.12856
251.4831
216.66704
-280.03787
-558.1065
-187.91872
-85.13094
67.53846
-254.54271
676.9243
623.2812
114.29056
203.49922
-24.531233
-240.07109
-305.75232
-552.5101
-217.68602
273.0845
-619.90186
-836.9255
214.03131
168.18181
317.27167
-267.4796
-247.06567
-262.8855
-267.63824
30.612324
6.5249434
254.91115
-627.80206
369.18158
-19.561245
166.26419
-9.644612
-193.9921
38.519566
230.64679
-714.46826
-552.65857
-170.82852
281.65933
-214.44893
444.947
-188.47849
535.4165
-1235.7467
93.69918
67.42471
783.59534
-220.94136
353.6577
-5.8506236
30.86842
-143.3428
485.47104
116.924385
59.881283
-447.62048
8.004278
-517.7504
107.11549
318.47986
165.09445
-154.2188
101.93106
627.0075
-178.31827
319.18643
-155.59798
32.262276
-473.80508
134.45502
226.48994
-372.5003
-387.60718
-456.44748
-486.93762
-313.14682
-381.32718
-641.31744
181.33409
-624.0004
453.59775
161.04645
701.6246
471.26416
-87.4854
216.72913
448.99893
517.36707
-308.59988
-610.7759
152.3033
-452.4349
-678.88086
-155.27472
-144.81476
-261.4847
-133.79839
-467.96973
464.04184
-232.029
-460.34216
761.29517
735.3196
242.31866
-457.50397
-138.75264
124.79115
2.4475307
-230.28111
218.91249
694.16364
-354.56134
243.91763
346.06195
-129.13531
340.02872
746.8764
65.484215
155.57733
-113.74608
-247.05751
-677.1562
215.11003
75.192795
303.0068
268.0511
1014.6362
-189.20886
-102.58823
319.17822
21.30682
-207.75777
-435.97766
109.97362
-63.39302
403.13242
134.19884
359.50366
118.63449
-302.06714
153.42296
-391.76617
-300.33533
645.91406
-625.9109
4.6406527
-324.15283
-44.293106
427.80542
-216.87971
-101.94403
-100.18707
-15.790134
99.3849
471.12927
530.8652
-295.7951
112.41939
-449.0591
266.19946
-43.85653
628.2194
-305.56567
172.45726
47.76534
-398.87366
202.49997
132.86835
460.7247
-304.8096
663.18134
-218.70506
-187.87509
-38.67661
-11.567356
426.19955
187.41437
-493.6603
-508.8737
-164.51141
920.7749
-143.7926
-457.4139
-564.3238
-160.9273
0.7094791
411.52737
-63.03937
-422.28992
483.7339
847.3244
-146.75313
-46.743042
360.47186
93.95855
-441.37155
184.58311
-75.455475
-316.33463
-65.947975
-242.72911
643.2747
162.45012
-327.79517
426.29135
-55.49498
-225.89043
499.96396
-18.163654
-76.34016
-158.10107
163.11516
-336.1881
66.091896
-87.8448
-349.73126
101.64755
-56.352882
79.08822
-206.0858
-628.2609
321.20758
57.78897
40.224083
126.21372
81.79356
-517.37683
539.2039
-237.45778
-372.93494
105.96984
-19.856232
339.98923
752.2875
-71.00345
-289.40515
-17.360823
358.99878
-492.62302
-5.3786445
320.7582
456.47162
169.006
-267.9941
-427.31137
814.46814
468.03308
-291.7977
-411.99005
196.19748
662.50085
-335.5761
909.67487
289.2981
-410.81412
310.94336
135.87085
105.21324
161.39433
-758.20807
224.16214
-471.06558
142.0778
371.0855
-127.31477
-48.16113
-517.4901
-479.9696
92.88274
190.96593
279.4346
93.53213
-354.696
316.5954
-1006.1481
388.28046
619.1742
6.323271
15.790671
425.74078
120.391014
223.07672
139.0213
-81.19473
-233.21532
395.27368
6.380604
476.80457
-102.42543
-124.36152
-243.42319
345.85474
332.83484
199.7351
-108.81659
540.9273
-243.73611
-561.84686
588.9456
-634.52014
72.42306
-632.7062
637.2522
35.645645
-23.386925
539.8403
-506.66306
-538.7285
437.4599
-204.80815
95.66123
118.962524
407.59357
-240.51035
39.111355
-91.90453
707.60785
124.79989
-33.289455
162.24709
-514.1944
-72.47207
-58.80207
228.48558
136.78049
516.0808
-342.0279
-35.296387
102.88008
-33.31622
364.30872
676.0053
708.3158
-57.575344
-229.26442
-314.8897
437.81128
-177.41418
-30.859482
-303.21808
288.47427
-329.92807
-191.50229
60.163624
117.88264
-317.50888
90.52185
543.13336
12.528876
19.239754
-569.9908
292.5136
97.15266
188.462
-204.5297
-339.0458
-115.270294
602.48364
-1075.6682
-136.27733
17.621984
