-410.3451
474.1241
849.2295
291.05692
1128.8739
1055.0635
-813.0907
846.1762
-152.38295
224.8685
-616.6638
-1463.0952
-784.6904
-913.8673
-628.173
-1374.036
-1215.215
776.2043
-131.41483
1797.0247
-88.01076
-1001.5327
-145.6474
-65.0065
-1002.5695
5.0646214
-872.1671
-179.57413
-910.3618
210.12602
582.60846
66.47023
759.11694
1805.8419
1669.1522
1010.65216
-198.65146
-509.96988
45.365044
-479.48236
-743.09045
-713.48944
-395.88184
408.18744
882.3881
-490.1577
-272.50818
-1035.9594
-797.07745
257.8656
468.36035
27.193829
-200.03539
-1403.0869
1534.5787
-291.367
2098.8833
-67.32875
524.1682
-148.8806
-223.29414
-134.80547
397.9143
-671.93744
-139.49443
163.70828
-207.15376
365.71686
1760.2518
111.108986
-455.3788
-64.76025
-13.695856
-419.84662
517.4853
-1514.8142
-22.141802
-1481.3982
-262.3237
676.5147
98.35866
-885.3346
-820.6925
-1128.4398
-667.27856
2256.5151
-1145.8561
1317.0186
1423.9446
1005.7952
-611.13074
326.78595
1015.8488
400.25934
-500.11414
107.68733
1300.8627
967.52655
971.43646
-50.947517
-1101.3035
660.3821
-1107.1528
-307.86594
-238.03403
11.330158
27.21661
1473.0177
-22.30049
-838.463
-1622.2416
1163.6783
225.10696
-441.3271
1099.591
-49.092556
-595.81445
549.07336
-678.6459
-1888.2361
54.04579
713.97784
225.96188
130.58893
42.909065
1067.1251
-752.6238
-804.6798
1052.0907
-568.0748
-118.52259
-94.669014
-683.71277
-657.0082
-308.9691
-613.246
-322.11432
623.46094
392.05005
893.4154
-575.8278
473.81335
-1784.1472
-1412.1636
-290.30115
1131.6589
138.78334
1436.0797
-15.120538
-741.4467
943.9685
1293.7532
-180.69264
-324.6521
366.02637
-453.1382
-390.39743
-354.80948
-2457.7566
787.97705
643.4079
-1070.4998
111.21812
75.46132
2071.0115
1014.74634
347.6025
-13.803942
932.505
-1577.4128
-365.69586
-351.92676
-140.69913
1011.19244
303.46933
496.009
-174.60747
629.19073
500.678
-1240.4454
-212.47667
543.30554
228.90594
-461.55695
-633.8343
-49.95794
1131.2102
-426.48425
-1065.2981
520.7398
170.3006
-766.28094
-192.4737
859.1908
600.09204
-609.28265
910.0018
-417.0295
891.3771
260.5255
-100.794815
1464.4015
206.59648
936.97296
112.93089
897.6118
458.5352
-578.83386
-1630.5045
-495.3694
-319.0304
298.67856
-653.50116
-1610.0344
809.1709
1829.4839
-298.34116
1177.8757
-303.00916
-595.16565
-125.70136
30.4508
266.45535
-437.1281
-18.757654
674.1834
670.00433
25.247766
832.963
-856.1076
-492.98587
696.00305
-84.17359
372.17572
751.5091
-1264.731
-1359.7203
1062.7416
-266.90295
-329.9298
435.24814
821.27386
716.26685
-243.76585
1301.1295
98.08873
-555.6831
-708.61206
-1282.9264
-1121.3937
-1013.1648
1477.8672
698.61615
765.9538
-589.439
688.6276
1147.7421
3.469064
-745.48474
610.9637
184.60764
-434.16968
664.3076
887.12115
-498.02017
-765.96466
-85.5546
4.3978558
904.1901
-1298.048
424.57434
-1384.4651
-585.1504
-1395.7599
267.52985
442.02066
-1001.8989
1276.5393
1112.8154
857.0759
-70.50362
24.449158
659.26575
749.54553
1278.6256
-1405.0171
-1688.5707
-925.95844
1294.1198
-391.95743
-266.38223
53.868732
-500.72754
448.55347
-742.83405
52.676826
38.151447
-119.39492
-969.032
-664.15924
-659.67206
-1049.3091
53.15793
-566.1029
-359.02243
-454.24274
762.7049
-584.6395
-1485.6946
-112.48897
-356.3397
-1785.8741
-512.64935
399.0367
-753.46423
1423.5374
-795.03143
-692.8301
-957.81494
549.23395
-223.69122
-181.56891
-804.82904
-660.63965
98.200165
372.6668
1236.21
-465.80838
705.8709
-415.05554
558.09106
78.07112
-456.65488
164.40326
-1556.57
821.40674
627.4816
-189.36758
416.46317
268.98087
627.9688
431.87726
-411.90042
-725.22705
-802.5194
645.7506
-1.5384607
2116.7122
-224.25105
352.70584
189.28339
557.4319
-458.79474
659.1105
208.80179
-765.73376
310.2256
81.7029
-271.69293
-38.05725
932.76764
585.4438
93.476006
-737.381
-798.5999
395.7646
-633.54803
347.31335
-25.081665
1729.9386
698.3452
-1227.8365
260.78925
964.4104
-116.30769
-521.83545
344.3887
1093.9275
99.87412
-1490.0675
-245.74178
-312.51083
-664.6799
1101.9052
-1272.0511
376.0572
125.977615
-1008.5686
493.33368
237.63669
-1115.7559
-1573.899
-712.4884
436.3317
-153.35696
485.3159
497.3356
463.8228
-297.57965
54.060043
625.1102
-1275.9678
741.475
1277.8546
-920.0223
-101.75879
-921.0561
-182.57422
-2651.625
1710.9213
921.27576
-840.483
1346.502
66.3916
647.40656
-455.34006
-872.7496
1121.8851
681.30646
-746.3675
320.72433
1193.6947
399.2823
184.13992
218.17946
-112.078316
311.79108
-109.19797
-809.8679
-1374.6709
1274.2837
-357.85052
991.2494
-469.9282
-632.1012
197.77611
-252.89746
-175.72655
-1648.8615
122.33143
-335.36545
1287.5496
-156.64073
-155.35304
-707.7574
-1116.399
-1453.5396
294.20316
781.25586
-936.8949
-907.7698
995.62994
704.69183
411.0939
1507.4423
-91.43351
159.9498
950.0435
-712.8318
-46.1735
-73.52485
-640.4348
488.36545
495.85233
1379.5831
-113.75342
-2074.1404
1268.5024
-601.0472
-22.996906
-474.27347
529.0077
365.7964
-78.96205
1598.1555
-867.43494
436.59695
1893.305
-1248.6873
-685.30884
484.06494
775.69714
-1070.4104
70.0263
-164.65497
-760.1247
-841.51654
1366.9526
1658.4578
1263.1215
237.65059
1593.6683
-35.777996
-72.49273
554.9477
1001.73016
46.07018
-451.01056
363.11777
219.72426
210.23587
-766.5058
-708.4415
543.218
-528.1351
211.11534
-67.973656
-127.66833
-1255.5184
1615.9327
-928.1923
-963.873
-518.9202
-675.79425
1490.1271
-9.776026
556.3051
-292.34592
664.3062
484.35748
833.47797
1014.21326
-9.528097
-387.37106
346.3138
-647.6199
244.65637
1443.0438
1249.8815
1337.4176
-1222.2599
620.4726
2384.1868
153.29175
-481.85184
-197.86397
641.91785
1020.5674
-987.633
2118.232
549.8795
-1081.3749
-94.33607
-1738.6315
920.7922
1384.8376
-857.3411
136.34225
-1107.472
-597.5569
108.572174
152.15591
400.50357
-686.3229
-700.9545
-318.50836
178.1128
948.32086
-930.0135
-545.94135
1556.8341
-2203.8364
796.02234
1299.5344
-136.02332
271.05435
111.268715
-527.67194
910.0523
116.8151
-87.11577
1493.4431
1091.202
85.7627
-67.96205
-142.54407
681.9736
-248.81424
-17.17895
1191.7874
143.20503
-62.878334
1818.4148
-267.4398
-1511.9385
-732.8242
-1577.9573
-854.4881
-1264.3496
366.06735
254.53017
347.90326
149.02135
-620.1274
-891.0188
1410.8629
-1213.3392
-1736.4872
-531.8797
178.91179
1020.35004
77.99994
-368.6986
819.14294
-653.98944
523.7761
-16.864689
-654.83575
119.45375
-310.05856
889.0491
62.1481
870.41876
420.57272
-665.01556
-185.44392
-113.64967
464.9064
1005.7789
960.276
-780.3242
-343.35187
282.4004
426.26678
-830.1587
879.3725
-1152.266
468.11017
555.51166
-1329.9181
-605.3177
-2048.5017
-755.0513
470.47778
733.058
-1019.4894
139.22385
-408.25427
1239.393
158.79909
-489.01523
361.77747
-1177.4622
-269.0009
825.9901
-2469.077
358.5179
15.778728
