-46.124
346.63535
-49.152077
427.01602
170.03888
-170.51312
114.13362
-221.88036
16.337767
584.8918
-21.81031
-349.0595
-210.51607
-66.063896
-34.082306
-227.09198
-356.7608
252.51149
-114.86166
310.31183
-10.136457
-66.43748
-256.863
-28.617527
-478.92096
-42.00818
66.68396
-28.198551
-81.609985
-71.92856
43.51078
-24.918549
-80.818954
482.03848
458.9398
94.99598
105.23487
-28.53798
-396.07498
-457.74866
-106.00636
249.36678
132.83443
119.058174
70.874825
99.381714
-36.006817
-251.97858
81.772026
-286.89893
204.36595
220.67276
-40.03908
301.94604
-62.426636
-192.32529
279.0406
64.46536
107.18257
194.46938
-36.537865
388.97205
163.8281
-144.63152
317.09467
142.1332
1.920181
257.47272
138.64133
-14.737657
-109.131714
296.19095
246.84749
55.871082
-199.82759
-335.69977
-73.4209
41.46857
-52.315975
102.89038
-401.755
398.27307
285.1949
-83.51704
-15.062859
-65.72842
53.76168
167.87965
309.49503
101.10099
-77.61432
67.012436
475.63184
-390.45175
61.004665
191.994
-330.0297
-293.1157
86.21136
5.3981175
-199.63316
-172.75458
-0.23123741
-112.74735
-475.13553
192.0073
192.58525
-64.35468
13.390863
326.48315
-287.54245
-101.32549
455.53192
-97.35298
-84.897156
-2.7223797
-70.8412
115.52866
146.4538
-21.60534
329.69986
468.0967
8.150161
-56.035507
-174.45328
-2.545876
-368.39325
-82.142
213.69635
263.6945
-167.6229
133.01378
-84.36535
120.700485
-253.06789
269.7206
251.03133
-217.74332
-99.45011
-152.92729
-214.41547
182.27255
-22.644176
-326.81216
117.75431
-87.09056
137.76593
-425.06088
90.77646
-196.41618
-145.70058
-307.4014
365.73492
148.22787
224.48846
-4.13455
301.1648
-13.490709
-521.12
74.98459
60.742317
87.2288
104.59334
311.24133
7.962529
35.802197
113.33056
-84.91574
-93.099686
-140.66032
-64.03535
220.60387
-136.09412
94.486694
17.771654
-25.020678
87.69655
476.15384
217.96794
-140.11505
-152.29991
88.05081
-119.450584
-317.50742
-367.41425
-30.555325
-109.60353
-50.78684
-48.846516
556.459
-260.66138
92.833954
-94.15905
602.06976
334.4282
-466.481
26.15143
-44.049572
-388.41666
295.51596
114.2141
189.05324
113.93946
153.38669
-59.238297
7.7109556
-534.1049
227.38634
-136.55345
-11.961147
266.0898
147.50168
-459.92288
-261.16824
-130.6816
-26.930912
153.73656
56.791607
-175.03305
-55.99345
142.16983
233.42007
248.78777
-313.10022
184.19244
99.93969
-299.7634
-307.77676
-92.01059
-47.76795
-3.5761342
-46.616814
-228.8617
20.001207
150.39815
47.01142
-49.4415
252.00662
147.47572
-216.88327
229.87006
-193.80818
-12.651896
-237.45891
46.42772
-22.973293
218.26
27.065514
-43.65044
150.5794
-209.77448
-148.27272
55.58817
292.08945
279.92883
197.704
101.23935
-358.71582
-348.98123
-17.345655
161.80869
118.283646
-165.01547
465.58893
122.17736
-471.92493
-33.89731
126.443146
54.181347
-365.72195
-87.33653
-311.64035
51.67225
214.82367
26.508276
-54.675728
-3.3142238
-28.316673
68.24901
-43.246677
16.95171
99.46399
-37.991764
-249.33656
-27.885267
62.02828
-14.511421
-259.51123
-152.84111
-11.265802
-14.640415
-147.34198
371.52444
168.5915
-137.4848
-152.29172
187.49864
-297.3584
131.48718
53.168846
-10.304984
284.82812
-390.56293
-442.98206
137.44647
-5.874652
98.480225
-238.26566
83.42715
-143.92064
-229.32188
85.22399
287.36777
150.75072
-349.669
-50.371956
195.97772
53.343678
132.4625
-201.44142
187.22957
-157.23392
-635.3446
-349.37195
208.30519
113.248276
9.197981
117.46358
-111.00667
257.01953
-442.44296
143.09944
-290.8436
214.8976
-122.83583
65.31306
-133.1834
-290.47958
-124.2392
285.22498
23.773443
-61.816906
-339.03455
-150.8166
-229.29536
76.39131
54.862236
170.55057
-53.075146
447.37613
428.10345
182.50403
113.99868
167.56566
280.3934
36.294052
-312.1884
89.05781
-518.64514
53.74502
-148.44559
-135.40811
-184.43857
-92.803665
-317.623
351.67517
-418.338
249.59138
-459.05002
123.97704
171.48038
-188.08913
193.48431
479.54895
460.0543
-288.10007
-96.166626
170.30188
-84.39824
-45.97256
77.355965
75.072815
-244.62003
50.59812
-340.09543
-73.33784
17.14658
-121.44531
-3.8800902
3.5145078
392.6178
-81.7835
-107.41892
-188.72131
-41.09589
-41.533394
188.72911
392.82608
-330.29504
34.319206
30.124807
344.6414
-71.940445
5.2330294
-123.03714
-318.0061
-94.79278
-92.29539
60.230618
-57.229855
204.99736
-72.89234
33.5816
578.95953
84.26065
332.7779
25.577991
25.21241
-25.332981
253.14917
-140.06439
-153.96068
-183.64249
-131.31087
-252.87108
0.83061504
-255.8369
-89.48195
-323.98276
35.23111
-102.55313
-136.36952
-21.405727
-52.67594
248.0445
-10.409183
264.38544
-121.1124
138.45798
-182.49594
-260.1704
190.38823
213.21826
-449.10483
115.83989
-276.9495
329.2521
-329.21326
-210.94727
34.62448
134.48576
253.99677
-93.019066
33.882427
223.20012
265.40915
-332.66418
575.95984
-271.21237
-271.5154
86.462906
-58.242615
324.0081
-180.75848
-537.89417
-382.1969
-204.33272
476.1217
-135.02872
-165.14325
-202.87106
32.55204
-20.555285
163.24776
-73.052895
-499.89618
65.87684
414.0268
-97.42635
32.18434
-238.82715
-144.33086
-273.54144
-66.20961
-250.2101
250.0692
-152.05667
-45.24239
-57.52845
157.961
-151.5582
121.24962
-212.22194
82.889946
266.43256
89.616905
-14.492752
-5.591388
168.2875
-749.46136
360.97702
-147.03868
142.68446
-57.91457
283.50253
-191.86539
-346.08508
-163.20813
-107.30532
-9.155956
263.3216
107.07595
22.891634
90.24212
174.51422
-7.75782
-95.475075
47.801384
-170.2359
262.01126
336.12762
-107.18342
-271.99435
-87.420425
215.66524
-42.213997
-4.288545
48.676388
243.90622
117.92054
-176.19583
-193.62907
15.136156
53.051205
-32.41397
-123.58002
216.31117
405.589
36.578438
204.54471
43.96533
-8.875976
560.40265
-92.23822
-24.735317
81.08736
-288.1526
290.68362
29.946022
364.94073
-26.431734
-148.23563
-152.65433
-311.569
-50.730927
217.14148
65.15586
237.38138
-118.467384
146.75757
-127.75611
-561.2584
135.94545
387.60715
-164.51112
-179.78467
279.5689
245.96297
201.14568
354.36676
-20.090483
-60.719093
180.96913
-219.35233
427.71237
213.38733
8.073614
342.1828
-68.16257
125.72737
178.97162
4.2360897
47.228874
-107.08558
43.879982
2.470515
-111.02687
-102.63099
-6.4301615
-231.25179
237.99072
82.581604
276.38812
-293.71317
-63.22781
192.90384
142.68004
50.449562
157.7081
471.94073
-201.68832
-216.01741
-1.9380859
315.19495
486.45126
46.592175
-257.99603
-39.3983
48.383987
-4.824067
-80.70514
-259.41678
458.46497
104.752975
90.89562
-205.98376
74.64402
187.2277
236.88474
251.4765
52.467102
-258.41336
-127.318695
-170.17706
459.11038
-144.3091
42.063557
-190.80278
-268.0658
120.5582
123.43976
-155.94308
-112.54575
-344.37326
127.73702
-165.83946
-5.629051
-353.84982
76.18536
-60.9516
73.43551
-105.837524
3.3620667
89.81549
223.01096
-452.32083
53.9004
170.70125
