-476.78683
628.4071
773.9493
351.9914
1163.8085
1009.3745
-770.74994
866.70593
-102.301384
194.19012
-642.4952
-1404.9031
-817.25
-1038.58
-671.0908
-1397.6672
-1190.7427
658.9789
-221.77705
1866.5573
-104.46604
-1052.1543
-211.32948
-81.62142
-1062.9132
-124.56046
-817.41144
-115.65964
-964.0148
209.85495
566.8293
119.53746
765.2801
1898.0203
1701.6942
1019.3389
-146.27742
-624.79425
75.298996
-467.2691
-766.3856
-701.6066
-427.92413
302.59552
809.78
-476.20508
-246.30418
-1017.8264
-862.5242
388.55786
501.14337
25.205011
-182.8441
-1461.8978
1583.1722
-350.37558
2101.4866
-4.950824
517.19855
-41.108017
-152.15494
-119.48511
390.6617
-650.77106
-123.19583
103.44189
-326.28775
307.28604
1773.798
12.510572
-515.21515
-44.970528
4.711388
-381.6863
416.0082
-1469.5311
75.30839
-1400.2119
-236.67502
744.89545
106.07995
-790.713
-776.3293
-1089.641
-684.56335
2330.9062
-1204.4325
1233.1732
1436.253
947.2344
-483.30865
242.10123
1005.45807
420.71252
-473.2493
66.2952
1299.3586
911.6786
893.905
11.235135
-1067.1478
691.5099
-1166.0677
-324.7583
-217.87451
21.727333
-150.12271
1365.1018
-15.507157
-768.0279
-1760.8696
1309.7195
161.90948
-453.4371
1044.2095
-129.53604
-628.67535
524.7084
-650.7863
-1858.106
167.18117
694.79266
238.59816
140.107
87.821335
838.8445
-635.67065
-877.25854
1004.1521
-496.0767
-159.56444
4.130827
-770.00635
-736.353
-248.2005
-666.63135
-333.6509
754.1516
493.5928
792.6771
-483.1084
449.26984
-1841.0596
-1305.0387
-401.50943
1165.9507
74.95127
1387.6772
59.273003
-713.46625
796.9057
1287.7721
-333.53107
-376.6798
327.38168
-505.92654
-378.65176
-350.26822
-2499.2324
837.61053
668.5171
-1060.8262
128.15335
104.902626
2130.9854
1000.3541
243.82175
48.373165
819.5022
-1634.9023
-316.90887
-315.7113
-223.77666
973.6183
314.91885
411.5702
-139.9787
557.69336
532.86646
-1245.1919
-200.07956
557.1164
162.35164
-504.59494
-498.88266
-140.52309
1251.6414
-408.08438
-1062.9529
568.5701
60.952866
-753.08875
-221.37779
842.9812
581.096
-629.7233
855.14905
-408.96915
904.47394
309.4007
-166.03256
1401.1738
177.74301
907.06305
82.97088
922.43976
387.73224
-570.32635
-1658.6191
-475.10974
-288.38678
183.93825
-703.6707
-1576.0764
739.623
1856.7559
-228.39389
1226.2942
-270.4087
-560.25214
-218.31334
-15.493113
386.2255
-457.98712
-34.261765
660.70233
741.40393
-72.42855
731.54645
-864.2594
-525.2481
667.169
-170.5503
444.42752
792.5581
-1305.8098
-1374.426
1101.9613
-368.9471
-296.7042
341.53482
780.24634
766.2831
-176.36147
1279.6102
109.67819
-555.6636
-726.6944
-1232.5326
-1120.3904
-910.126
1550.0175
755.786
790.51447
-509.78156
670.4733
1114.0378
-10.678738
-757.39166
517.2945
231.71124
-510.70337
611.07117
1003.47437
-523.3188
-785.24786
-64.43406
-60.934856
938.13074
-1457.3573
476.24402
-1448.577
-576.1565
-1315.9113
364.5244
462.41177
-1135.9644
1285.4906
1072.4108
863.2476
-74.08779
-57.568977
660.80585
807.60486
1391.7155
-1386.1
-1558.0215
-905.7159
1392.5239
-406.76825
-183.76492
63.188126
-590.40576
336.3207
-774.77545
-23.923445
0.0054802895
-144.58372
-846.13
-664.17444
-640.1407
-1039.5668
103.143486
-644.0178
-487.91855
-437.5504
796.5414
-502.59177
-1513.1134
-13.187447
-409.4596
-1778.8843
-473.4477
453.1688
-754.54156
1455.9983
-801.4116
-551.3437
-948.7406
601.1405
-156.34904
-240.01726
-825.7219
-620.2015
100.540184
352.03714
1407.5496
-495.19376
683.7661
-339.04456
513.1726
146.09059
-378.9216
153.79297
-1585.1782
825.05176
622.31915
-220.06474
451.17444
212.77904
507.36942
571.75665
-415.18173
-650.16254
-796.1837
592.7355
119.344376
2182.8757
-299.0262
280.98404
156.21887
531.0052
-546.23065
735.7498
169.22775
-814.56287
375.5127
67.96672
-282.7508
6.2935596
887.63855
614.36414
22.5093
-763.23206
-764.0418
485.50015
-756.4717
364.40805
-24.480095
1763.4366
761.34814
-1265.3522
204.96486
1017.0176
-191.61531
-471.14993
407.9469
1110.0903
146.96378
-1479.1372
-201.66965
-262.37982
-639.66736
1173.9441
-1215.2034
475.4429
110.93991
-1136.7921
556.80164
282.13538
-1078.3174
-1547.9849
-697.10144
402.82135
-124.70519
567.13403
356.81595
577.6953
-315.19693
89.54003
677.527
-1256.9137
713.16595
1215.8171
-917.8711
-62.96481
-940.30676
-186.57576
-2670.7808
1753.4984
982.22516
-922.27966
1396.6234
171.66908
588.4908
-503.9499
-820.1742
1276.664
653.3197
-695.3067
352.58548
1211.6818
403.48193
215.59009
228.89821
-107.823166
411.48355
-14.646426
-833.6027
-1314.6697
1271.8417
-465.36588
961.38025
-518.0624
-701.9422
179.93916
-134.52887
-154.36667
-1669.8413
201.32567
-481.79065
1379.1599
-69.95373
-201.00735
-668.1204
-1029.9662
-1571.1586
337.2102
782.59753
-950.54834
-970.7251
1121.5753
695.2863
412.1735
1479.4696
-97.39033
221.18309
922.3442
-770.18854
-30.606356
-70.30144
-637.17633
461.32935
650.2956
1359.6096
-126.57284
-2025.2114
1254.8049
-608.3867
25.728687
-616.71735
456.87524
418.49664
-14.166555
1586.1179
-809.9242
404.75372
1927.3824
-1329.6804
-647.95544
482.79648
749.4716
-1012.23596
82.045815
-193.34505
-767.265
-825.4015
1339.5757
1710.57
1221.4796
197.82912
1490.8312
50.993305
-236.45874
578.59503
1076.0597
-8.747444
-568.99023
364.13315
185.95013
203.2025
-770.5708
-768.8543
427.31778
-434.3592
218.41815
-220.1668
-127.19803
-1220.462
1618.0374
-892.7854
-873.47577
-529.5936
-719.9447
1504.7418
119.24515
635.88196
-221.36018
600.231
503.85635
819.61066
1089.7284
32.36358
-425.18045
360.6767
-683.7899
248.9505
1447.7211
1305.1455
1300.5321
-1199.9694
667.19904
2402.9617
228.90749
-578.5319
-240.44455
713.9695
1030.8282
-929.34845
2177.9016
577.95184
-1060.2795
-38.637386
-1833.1982
888.26294
1416.3022
-793.38715
141.05264
-1144.887
-548.2975
154.405
106.5588
358.33838
-744.2613
-712.694
-197.46819
86.64971
907.62695
-899.25323
-606.26337
1576.1658
-2238.4175
926.3702
1314.5013
-51.632633
296.08182
-62.76321
-480.77106
821.1787
153.8702
-144.92426
1453.7936
1010.1837
16.645405
-116.57728
-277.7592
671.02423
-223.79701
-139.7815
1106.9393
76.10366
-89.20754
1882.218
-196.7594
-1561.6823
-673.14453
-1609.8798
-965.6454
-1216.0552
392.58987
151.00037
378.82092
141.40797
-597.2546
-981.38116
1508.4263
-1102.745
-1716.1315
-634.2627
179.95561
1008.7948
169.68712
-347.72403
811.0061
-732.2851
440.66327
14.188717
-695.55927
111.73333
-265.7805
881.4962
31.472782
705.18945
317.87885
-605.2604
-161.10612
-154.70692
466.243
905.42224
797.3509
-743.29584
-312.99008
400.38385
402.07956
-738.73914
994.7692
-1114.1498
417.5694
459.92963
-1263.8385
-578.1944
-2087.0667
-728.14545
416.3457
713.8409
-1013.37366
175.68964
-414.95044
1236.6708
146.9661
-516.0737
327.182
-1132.5288
-236.45445
886.3345
-2411.1777
463.38617
-55.33038
