-398.69742
861.35925
-157.8607
500.03735
508.4964
350.89304
-175.8786
342.70364
-124.417145
-97.709526
240.53654
-1632.652
-94.03536
-398.25192
-217.00032
-936.3148
-17.083248
834.61255
227.72595
964.87604
-51.059715
-1591.3762
-29.895884
54.951138
-326.52963
-253.05081
-129.60811
-205.56892
-591.474
37.525707
-368.86606
-84.31388
-33.528385
1234.2456
657.0394
1041.0782
634.4226
-31.967941
-100.49903
-309.62793
-804.1968
-382.66153
-235.19536
34.7488
459.8
103.55628
203.82211
-520.6003
-615.2548
341.21304
-356.8974
338.4695
-66.264015
-581.9951
690.382
388.7677
1807.1722
-636.1217
-130.13344
-183.2238
-130.1701
540.3595
212.93779
-181.93016
-198.07776
-204.15451
-468.7838
131.72803
1628.3466
321.06577
-486.60483
261.51392
-170.31076
275.1393
106.135826
-623.5336
-459.25122
-531.4144
133.90128
321.42084
-247.9938
-229.71397
-923.63776
-563.55743
-986.6644
884.0575
-1122.2218
1191.0247
1097.4485
445.09888
-322.7927
275.41855
1132.7648
-484.1109
74.756836
190.066
626.57513
764.78186
616.2072
531.6694
-777.5432
-239.96645
-451.11127
-409.44736
-1226.5217
116.03299
1100.2023
1305.6589
-17.451693
-296.5239
-728.3106
91.222534
351.41742
97.8251
814.4229
258.6491
714.0033
237.90308
117.47508
-1208.2313
1123.8351
4.66359
224.09291
-397.0122
205.63927
269.51196
-757.2678
-351.57608
863.92163
-360.39835
96.01547
708.31226
-938.48505
-16.534374
-436.5265
66.70405
-276.3761
55.6865
430.97025
-128.54982
-65.008896
-121.125725
-1729.2836
-1069.5289
-712.46106
1142.5026
380.63446
660.209
102.549416
-232.11215
772.5657
818.8402
-24.245005
-310.166
83.04799
-41.035267
-739.20685
315.4508
-1466.3221
-69.605316
733.38086
-1012.7455
159.72258
-265.71588
697.27075
866.49603
-686.20605
562.86743
598.78326
-1162.4368
-624.83575
-40.819332
204.60814
652.6088
324.53616
339.4136
85.89851
1167.41
418.6349
-805.2576
-120.62291
196.14343
-677.10913
-152.07475
166.6643
-1132.3569
686.9904
-590.0044
-882.65955
1408.0256
145.78697
-873.10583
318.5913
1372.6567
430.92282
-309.82736
148.91223
-343.35315
36.70979
-650.73975
-364.1464
1319.2826
82.40015
500.59097
-313.26703
-74.56933
133.78764
-181.32568
-992.1534
-588.11365
259.6731
203.2769
-1009.5377
-222.9848
1052.7518
1805.2065
-537.9307
1144.9457
-219.14917
-138.59743
168.55841
123.99033
418.6067
-1274.8854
-690.0708
1076.3589
-642.04956
405.49683
878.7106
-618.32904
-284.81042
1113.7128
-581.9918
-401.354
183.34357
-673.22864
-294.3867
267.0489
-1057.0743
-46.456787
-560.30206
317.7985
329.20132
-542.7396
769.3637
-806.51807
-233.38289
-20.323803
-1524.3055
34.78066
-608.90686
1301.9537
53.195374
599.16656
259.5431
-41.834805
359.2524
-32.25389
-223.0281
640.43243
438.0273
-320.5488
-169.22629
50.018764
-322.44522
-326.89673
-424.7911
-74.59499
-348.93988
-583.64734
-12.990829
-1155.919
766.59503
-397.8833
-82.78423
-217.222
-456.6893
396.4939
992.65405
545.9568
-287.97165
225.20992
491.52286
239.68364
744.7374
-230.84761
-1131.4672
-992.53674
480.85962
-140.91272
499.89877
13.449107
-275.55362
497.57428
-512.98895
200.69318
763.6431
-583.49603
94.99001
-192.24571
-60.851196
473.9298
-736.4181
-1165.9523
-699.32544
95.31616
764.83405
-432.86514
-718.9319
-446.25577
-235.68787
-460.60544
-135.45813
275.50595
-591.99664
185.11533
-539.1594
-898.42645
-685.9466
-53.926067
-519.9909
167.22055
-718.0235
250.54929
-292.23703
1253.886
804.64575
-265.4265
-111.1309
524.6139
-483.43832
273.51895
-245.67319
1034.2177
-983.0769
800.49603
488.649
-111.62834
348.33853
1211.1422
155.11093
-241.44717
-1195.8865
276.253
-1236.4196
711.01447
-169.8575
1361.9087
439.03036
967.5807
46.474533
651.9998
132.17264
-520.8121
350.77844
-315.91565
85.21373
-68.989006
-945.60394
191.53418
192.09549
-173.63174
515.77386
-576.38605
-919.07166
261.34796
-1001.9507
484.48413
-131.01295
1115.9945
13.04719
-519.74817
528.76306
337.78943
1224.3802
-516.7724
81.222595
1087.9366
-39.36124
-1064.2612
259.6649
-423.7181
-509.56097
-97.51851
-915.90875
164.09474
28.848967
-986.56366
164.19049
564.4333
-157.66028
-116.85455
-238.5488
12.542955
276.82343
-455.30344
-66.97343
749.83057
-1185.65
580.42004
320.31415
-483.3877
591.22797
884.64954
-249.0824
-74.325745
-357.65976
-195.4762
-2279.711
1074.4106
586.7396
14.356186
527.72943
748.11444
514.76685
-777.4116
-43.518627
104.04771
-156.96155
-829.8099
389.71002
266.91718
529.8109
213.05219
707.4879
162.36346
-143.28395
-384.07062
-660.9517
-514.8363
800.23035
-571.6437
189.96785
-722.72473
89.170746
621.64264
-739.5556
18.791508
-571.0093
-344.62344
-289.9406
609.42957
424.90753
-250.70804
-317.6835
-429.13693
-461.9533
-119.65635
535.11176
-445.2446
-395.17
571.183
-30.590958
301.8978
652.4041
305.63116
-892.92883
170.76093
83.46244
-622.7316
353.2669
-97.80781
-63.583138
1037.9058
670.9462
-396.2098
-1525.304
537.34534
-74.36753
-71.014786
-619.07855
-488.34442
150.87393
492.7536
897.2452
-720.9104
403.62894
1070.6023
-395.46274
-664.76404
716.24176
257.49463
-982.7171
-337.74435
339.3335
-796.5809
-1050.9331
738.1259
1332.5116
357.09195
-306.28943
709.3341
713.1015
70.524345
-158.99185
-140.58073
35.832054
-20.647873
237.48041
14.082592
770.0299
-439.81024
-1262.2307
590.7855
-219.78212
165.67642
-469.72107
-8.169769
-558.77374
291.33792
-411.46255
-152.60425
-340.59622
-686.2139
730.47107
-684.0185
241.45898
-139.3399
898.69885
70.602684
1049.5522
640.699
-437.147
-549.11926
279.5677
-628.88367
-758.4194
999.3683
685.83813
578.274
-834.9182
414.1274
1462.1089
176.19748
-139.87206
222.03171
-192.77264
637.7538
-1033.8768
1221.527
-453.1059
-527.5297
-199.1687
28.454422
403.29318
1074.8253
-332.14984
-460.66135
-809.5921
308.7339
305.81943
576.221
-52.778133
-74.54882
-1266.7361
8.40139
106.00878
429.9246
-468.50378
-80.059525
1322.3625
-1280.9113
914.8977
854.1258
-1004.82117
340.31656
430.27145
-695.8716
483.35184
-530.77936
-401.54742
618.7542
510.82474
1048.7645
94.52491
656.50964
361.82098
-4.0478024
-221.07666
429.15488
641.6595
1.5181403
1015.9623
57.600117
-1361.7783
-248.96132
-1289.9976
-530.8915
-1812.4784
160.29099
-58.526833
413.8688
624.34424
-335.54758
-724.83356
494.64062
-231.23192
-1334.3479
-166.89522
288.42093
-94.33687
269.619
-403.90115
968.0679
-698.96094
-216.99011
920.9298
-793.81805
-107.76735
-509.68417
768.5632
20.59333
520.44727
205.44185
-355.64713
-356.5709
117.55943
555.0908
1012.13983
1091.02
-117.794464
-854.61725
415.64212
4.686718
-1125.6177
308.7125
-733.0647
864.45074
-512.71155
-464.75354
-586.7285
-891.4927
-401.8899
674.39404
918.8396
-712.80695
340.98184
-941.5273
959.42053
147.31534
336.56802
25.488932
-473.076
-261.34534
558.8737
-1740.6582
237.6321
-48.755817
