-235.94669
452.1603
152.8096
299.86792
-217.18811
-220.30368
-157.41838
427.3897
449.31946
624.9768
454.43625
-975.05676
-108.87714
-80.57308
-433.49625
-639.96
-224.04375
219.70247
-60.031937
444.4538
434.58795
-620.68365
-409.014
842.0866
-675.0936
33.617702
256.70465
-362.11102
-194.98238
-76.118576
69.88066
-434.0659
-347.01038
860.7171
454.4669
476.6016
279.26047
-198.63213
-116.65197
-496.31125
-682.3786
-333.74237
-15.379248
-167.16176
218.97894
129.23329
447.0476
-133.23816
-353.5024
119.229034
-456.04562
309.0922
-475.5915
325.6367
-108.257935
403.07526
1128.5388
-484.8309
-547.09656
260.56445
-272.4392
116.273056
471.56805
-163.53265
386.52728
316.2932
345.1609
4.1819353
674.8174
210.4253
53.022003
330.42215
-16.956656
137.5021
-205.82608
-161.28813
-448.6692
31.5968
529.8587
295.53864
-298.67468
-108.02631
-461.84787
-130.95625
-1007.72546
826.35205
165.16588
673.38696
436.69153
236.81094
175.24556
230.93997
1191.655
-810.8956
-600.1231
474.8532
297.28513
402.92435
213.7033
-302.18314
-345.08505
-552.4283
94.124084
22.341053
-375.7967
204.87524
799.0082
244.2131
-203.98657
401.41443
-529.1388
-63.01506
399.71487
-284.09818
456.43182
-316.51202
89.04786
280.57812
158.26587
-580.4728
1116.6787
471.95288
129.45175
-787.13446
-475.84174
-109.995255
-718.7854
-770.5675
522.4427
-182.0918
156.93419
39.995544
-1086.152
-29.652302
-474.40692
257.7387
-95.78996
-20.883759
269.2273
-205.68697
-91.315674
34.6983
-664.5142
-496.91617
-113.05021
389.87274
581.20087
455.81
29.710703
-504.15973
101.88372
227.75734
-119.28558
-339.91833
-89.82134
246.06651
-601.8098
-643.1627
-1066.7323
166.65393
260.3251
-424.70535
172.12112
421.40924
-51.088837
32.73933
-630.82684
262.02353
74.82079
-487.92996
-185.5522
458.0104
329.02484
423.9394
-584.14294
275.80157
119.9961
793.23016
536.3852
-606.8648
-139.13693
377.09146
-299.6948
-205.32104
-210.27826
-406.72546
795.3253
-437.26825
-228.73122
902.4574
-68.336075
-140.85034
-261.00735
818.3801
613.2182
-542.53094
30.196173
126.14533
-236.17395
-300.84763
-226.2372
556.2999
275.443
295.4794
-123.83285
526.17645
-154.18187
7.4551315
-623.85266
-185.76495
859.183
49.94309
-717.73474
259.23016
341.9529
689.9798
-369.35437
745.8552
-416.66537
-209.16902
125.983
355.49335
614.90894
-853.47864
-367.72754
42.281475
-518.06195
449.30493
58.305687
-719.2561
201.92017
246.20348
163.84647
-546.00757
493.86307
-676.98254
-174.72327
74.16653
-583.3441
-245.89487
-182.09901
438.1499
-354.47797
-244.01593
916.8206
-497.19205
-138.07167
239.98245
-842.1386
-72.38749
-988.1356
694.0911
-96.68528
717.85834
318.2048
-120.78597
-180.8206
-207.96988
-439.1414
487.24957
130.24727
-670.2275
-272.56592
58.939262
-212.10268
-450.5602
-257.442
-415.3718
194.50719
-282.8531
-111.71083
-795.7903
446.3498
279.387
-34.283035
-291.8039
-279.21738
-91.505745
896.80426
54.096428
54.993694
-317.3892
112.671364
-98.282
593.24536
-26.708776
-747.1256
-490.07468
-363.1391
-121.620895
-39.057228
-259.19434
794.88715
427.30295
-143.46399
193.22845
350.56595
-89.15788
-381.77386
-508.13303
-293.34738
409.4705
-726.76276
-495.31223
266.48825
55.069542
240.5404
62.028454
-232.26077
-260.04034
-263.8784
60.182762
-178.77663
151.69933
-550.6761
168.3368
-161.32364
-107.05203
-415.3934
-351.98444
-142.46248
77.25363
-1015.98804
-285.72504
-191.04256
830.13776
173.63388
-66.95207
-393.7986
682.1148
-1044.361
-161.08327
-398.8913
828.5424
-337.59076
506.24063
763.42773
50.19111
129.98567
898.97455
378.12302
184.62006
-704.1786
-184.05806
-288.3313
197.95264
-236.89987
494.69263
-97.8524
351.22662
403.67038
93.37838
355.31934
-55.063457
-132.27466
-389.4556
-135.7932
25.470295
-343.60184
-401.2653
-278.71008
-222.28804
23.740362
-696.4797
-1112.1731
383.1734
-804.2722
322.20285
64.533424
817.6118
314.8789
-277.61676
238.01974
482.16534
796.0909
-576.3138
-449.32626
177.31798
-177.76361
-653.2105
-120.21287
-85.65754
-327.28348
-39.477177
-533.35443
148.28972
-252.3876
-260.54657
617.3172
723.4651
178.15633
-434.87112
-107.649055
346.2398
76.019135
-31.17559
394.87473
922.1073
-430.3894
411.8108
490.86826
-454.6567
427.4468
1151.2329
-366.4824
464.38052
-438.14166
-147.97888
-976.80286
708.8959
-168.90756
-224.4238
172.79073
757.4263
-40.0098
-39.05504
276.43256
-19.850233
-365.35776
-510.16168
37.217804
-71.02141
795.49817
-135.26167
497.61813
67.7216
-507.79742
-1.2204423
-723.36255
-378.7171
705.96765
-466.04736
99.94064
-513.46075
242.62389
378.96317
16.776363
-262.06577
-282.7344
-25.061749
144.28868
274.9216
547.853
-229.90437
13.924622
-522.29285
143.66747
-30.02479
797.62866
5.788409
18.330889
255.98074
-220.20456
128.92764
438.5061
423.30524
-587.8071
572.0258
-224.93536
-410.8777
-141.58441
8.657177
388.77777
617.7388
-222.4504
-511.03345
-414.91888
564.8045
64.02177
14.326535
-513.3656
-417.8275
161.54295
405.25955
191.68929
-439.9904
609.05615
1097.0284
-443.41312
-5.43657
175.55203
218.2075
-512.53986
456.59335
-267.8043
-593.62836
-426.14032
276.2236
736.02905
268.7191
-95.26195
675.7818
-283.51288
-436.246
317.29633
-263.90396
-213.8482
-133.08635
539.1344
113.3604
258.0043
-260.3796
-903.3094
306.00397
-254.08313
184.5756
-341.87985
-346.51205
-181.12602
-272.8314
-395.26028
64.35159
245.88185
-649.0318
380.1977
69.26658
47.96043
-192.82695
284.92517
421.3506
984.57605
137.29364
-269.784
173.65501
880.8848
-28.15225
56.832977
381.8467
584.5015
264.8081
-507.85333
-344.275
1047.2257
530.213
-116.85995
-265.08258
144.24348
831.7262
-759.099
471.37476
168.48602
-443.4526
-43.8747
-309.62216
-42.855762
468.5508
-107.09144
-38.284985
-808.54443
242.39526
617.86774
144.38788
-225.50726
-284.87082
-998.5783
459.77173
289.2026
103.714294
-146.58716
-177.4957
491.16425
-1221.2645
865.4832
681.3333
-3.772102
241.58018
459.03513
-68.53935
546.94495
-24.761574
-534.7774
-8.078257
568.9116
597.27026
622.34985
-116.179756
49.19093
29.977444
221.02025
649.79016
513.4385
-308.08798
778.07
-64.10819
-566.38696
335.63126
-622.4509
-357.97714
-881.959
656.2584
-213.71985
-68.13251
729.9426
-286.47684
-435.16824
151.8338
-224.70741
-380.6509
253.12526
275.0708
-156.11082
-83.70066
40.775417
862.2151
-334.14307
-51.44925
185.57214
-232.05936
79.01879
-389.76572
172.2575
-6.124735
682.0409
-91.0974
-47.070053
82.65926
-43.213177
225.28949
1025.305
1049.4547
-259.3882
-364.54416
-182.66771
-62.15998
-592.80664
191.36162
-281.80768
607.29144
-459.71338
-256.91144
95.02106
-209.48026
-474.76984
546.51495
696.77856
-207.69917
430.89218
-711.648
593.7024
-91.04448
-212.60411
-385.5183
-676.5704
-250.63591
465.1355
-1154.5077
279.98846
286.80194
