320.7554
1109.659
-114.41917
643.87915
1254.7212
918.2877
-698.2898
583.7323
61.69996
-191.92314
-162.12167
-1778.1613
-670.7574
-976.91864
-365.69104
-929.54956
82.83146
751.53296
168.69875
1704.189
-88.60661
-1725.842
-726.4925
24.691933
-356.86102
-378.11438
-934.3764
190.1619
-652.2477
946.8612
271.32074
-293.6895
481.4586
1834.2411
851.7822
1180.3864
58.52364
-503.84027
-187.40335
-160.2553
-705.4089
-688.18176
-910.9253
625.1677
291.36655
-339.2532
20.89281
-963.99994
-1239.2166
489.5021
-102.53351
364.64963
-34.273525
-1070.3738
1153.6797
453.06534
1941.1388
-666.45264
544.17084
225.26004
-181.5887
-152.69684
592.00165
-202.29242
-219.95143
67.9948
-195.18134
248.0647
1705.8176
-153.43822
-791.1194
584.2448
73.277565
-396.16888
68.447395
-1877.1766
-494.53473
-1346.6179
-257.14023
612.625
-237.65288
-651.7908
-729.91693
-1235.2637
-383.3792
1630.652
-1275.1399
913.72534
1273.3341
516.1685
-871.6716
216.24854
890.04913
96.27553
-119.775475
-195.14938
1073.3365
1380.4176
676.45557
223.21417
-1028.7905
-93.32862
-1097.5876
-493.20343
-1249.7502
-17.625425
101.18099
1183.2147
-114.99458
-590.8544
-544.1428
817.5985
245.34862
-205.39848
1621.0845
-154.95451
-107.60409
640.7042
132.03958
-1808.8794
158.74261
501.90616
140.90132
112.17525
159.40942
694.19635
-690.0091
-696.2012
610.9535
-312.492
-239.6523
-108.70257
-432.66013
-799.0692
-109.00082
-218.5512
-187.17029
666.5445
670.0699
400.205
-553.00714
148.99228
-1770.8793
-1532.5175
-646.33704
1514.2952
87.130745
1275.5759
-33.668694
-562.31067
596.5485
1004.2786
298.18103
17.37649
270.04074
-13.326741
-679.3158
24.237133
-2190.6094
498.1817
746.1552
-1088.2188
-219.22401
-126.78795
1849.7332
526.325
-198.16855
-351.45566
589.80554
-1253.9761
-554.64154
-277.90775
-237.67908
664.9939
481.41016
457.27597
-117.995865
399.8058
553.45233
-747.35046
297.78616
493.51523
355.38965
-98.46106
10.086864
-882.3449
1116.6383
-596.0626
-1149.1335
568.30273
113.70057
-718.1874
525.9366
1038.6606
612.95905
-716.01025
862.09656
-361.62454
778.657
31.144741
-669.04517
923.7885
53.37477
772.31006
-6.2295647
132.78818
170.21692
-852.5874
-1893.8741
-736.21265
210.36812
-334.98657
-814.41
-1493.5842
570.85504
2026.1035
-375.92126
1518.0485
-299.07587
-657.22736
-44.536087
26.107502
354.82465
-776.5537
-589.44
1138.4164
255.16844
441.82263
1144.4495
-271.13705
-456.28076
1108.5406
-13.636638
119.04839
676.1304
-1316.7457
-1179.2698
1025.5204
-889.19147
-60.824776
451.96933
944.16223
799.9121
-246.30179
1283.8956
38.773582
-284.60275
-781.28394
-1353.214
-708.96216
-969.3101
1577.7031
529.12634
1242.396
80.715004
507.34827
919.8972
-334.3515
-1001.861
1111.5979
192.81699
-260.74405
523.8149
434.52457
-763.6739
-805.26654
-326.82547
123.75768
67.87962
-1198.7441
79.888176
-1033.1184
372.5024
-1408.1464
297.54636
-96.055786
-596.4398
664.8482
1250.6818
872.58704
209.99481
106.299255
778.76483
915.62256
1742.6299
-564.89557
-1240.0596
-1223.6427
1090.5881
0.36419952
423.8968
-427.50732
-130.63467
600.693
-725.17993
-123.17817
91.86257
-767.3487
-138.07921
-711.14746
-559.2848
-748.8208
-380.64783
-700.54895
-541.1715
-38.65201
294.2622
-610.35315
-899.7731
96.45705
-699.1761
-1356.8241
-360.0823
170.75206
-759.77594
484.60605
-894.7072
-1080.5703
-992.0491
459.6452
-624.50085
-71.32336
-737.3123
-170.89723
46.06312
800.891
939.83453
-1111.7458
335.1354
-137.8391
-277.96313
76.69337
-178.95056
307.79855
-784.73975
824.97577
725.35114
-346.8742
499.95755
752.6157
344.5405
-27.153263
-757.58936
-580.1974
-549.9299
951.03864
181.9725
1790.9496
630.82446
824.12805
-234.62964
354.1178
49.919624
136.34784
353.505
-882.646
338.49866
-262.5119
-466.04193
82.802895
816.34
-150.10196
224.37305
-793.7381
-778.9821
360.3825
-689.77655
7.865944
-121.99168
1641.5685
631.74286
-1123.1774
-61.09843
159.62837
391.14975
-594.28644
444.46426
1219.0084
20.271587
-1094.3271
263.06735
-380.60577
-631.7684
548.6543
-946.7016
98.7964
-310.2907
-1141.6714
513.83295
319.43686
-612.511
-1050.2441
-546.33124
437.85507
265.74387
555.6764
621.8357
935.4388
-632.24
102.24036
799.2739
-1437.2378
499.1877
1181.8064
-830.4327
-230.43553
-1009.4577
-193.84866
-2607.2395
843.6517
962.39777
-411.8529
1199.5406
-39.289272
651.0147
-695.18445
-803.2798
632.41986
215.74747
-820.52264
607.9224
1028.6682
529.04675
126.70881
686.9543
28.251759
581.51886
-204.37827
-786.5828
-994.3048
1031.6537
-502.22952
553.7893
-363.56976
-181.73349
522.8824
-213.90002
-221.81563
-805.1943
482.82263
-719.7661
906.91797
479.85025
-280.00882
-44.80466
-634.6792
-1186.4976
-97.67436
761.2354
-358.66714
-671.50806
1079.1206
472.08475
585.4743
1451.7526
-166.76312
-93.68675
510.6024
-201.8693
200.3089
-1.4798989
-158.43623
260.84982
378.8313
989.4278
113.81058
-1951.7609
1031.634
-255.30641
526.65765
-583.90564
504.55048
363.75464
15.704442
1402.3947
-789.5612
535.1713
1384.4365
-1088.9285
-1326.5573
587.9472
884.8651
-873.5529
-223.50337
98.84681
-703.84186
-884.9803
1615.0948
2080.252
1082.5587
-159.84239
1120.9088
142.07043
-58.66768
449.47598
792.08026
198.30698
-541.54144
368.13123
400.4384
265.45862
-963.5192
-847.81195
379.79184
-441.78513
166.48126
129.58415
-45.773403
-1362.0323
1487.2075
-535.6123
-813.5138
-340.6764
-837.22095
1052.0989
-166.86821
462.10846
16.962484
724.2125
271.95282
524.02637
550.78674
-938.4189
-387.42172
-236.00578
-586.84344
236.53566
1230.5714
1766.3137
1129.2898
-1009.3236
498.85623
2320.6157
403.3426
315.71188
-847.8807
757.27405
347.75287
-441.53146
1438.654
102.33119
-964.22546
-10.821386
-1033.7822
779.5255
1550.3322
-721.00916
-167.90862
-1144.4092
205.16098
814.0503
227.48805
-2.914166
-120.54089
-1062.376
-288.1163
77.54045
614.03394
-817.26404
-318.5596
1224.6193
-1801.8585
946.81635
1118.753
-260.04123
522.14014
521.1033
-912.2304
567.3986
-123.29352
-365.3601
1358.2185
790.4418
10.249317
-250.20535
6.002676
860.832
-681.786
-352.7684
870.0158
221.10469
63.29014
1458.1135
-110.58065
-1580.0598
-596.24194
-1411.9126
-777.7051
-1367.9875
1014.7889
251.10204
399.88574
-157.13713
-352.26
-477.38348
1496.953
-953.9215
-1757.6594
-476.98392
108.772224
411.66357
-184.65976
-808.8974
1075.7734
-554.20154
72.705025
612.67487
-898.993
-214.85172
-341.59344
1105.1112
690.32764
990.9364
159.13489
-353.45566
-68.43465
-258.22763
734.00995
749.4066
997.19025
-497.38586
-440.8138
421.4877
175.67053
-870.4148
1213.6089
-740.3337
409.674
42.33441
-833.73413
-969.0741
-1640.1564
-495.31433
649.07886
816.1276
-1097.081
340.6234
-781.0885
1273.9507
476.02737
-649.5771
215.89226
-1124.07
261.09378
588.8345
-1995.7322
257.4134
-187.14474
