-261.3563
407.89944
63.654377
255.03711
-34.905807
-195.65256
-75.64893
541.68585
403.9733
545.235
223.35974
-989.98627
-225.01683
-342.42636
-199.0991
-653.8637
-80.689514
347.32736
-111.15267
611.6451
317.13235
-1034.9432
-462.75174
715.385
-535.7053
-152.63806
-83.73946
-388.89062
-347.28195
70.6616
-173.77927
-207.79405
-168.49928
1029.363
376.76022
189.80264
172.51057
-46.990967
-21.774471
-671.8388
-580.1525
-260.0632
44.223774
-245.84483
47.75129
241.77225
260.58304
-34.401688
-125.179276
-85.09984
-333.84933
255.36758
-388.94016
372.62726
231.32681
260.0036
1299.9563
-648.4318
-724.58704
232.9899
-427.3407
42.546764
528.72534
-99.539116
114.15059
411.86807
258.72174
-273.72302
929.8222
232.31586
-122.87598
298.9433
53.31494
115.81454
9.114384
-58.905388
-429.07
-43.559074
530.48706
251.27522
-43.75918
-146.68233
-341.11932
-67.339516
-958.67944
1227.8087
-273.87683
790.0488
696.93756
190.56255
-87.97201
292.328
843.95966
-1121.7212
-701.5049
592.8432
336.19116
500.14886
402.7863
16.652338
-443.5165
-560.2878
-84.94854
-167.03638
-612.6315
35.55092
944.30646
386.64957
-357.66098
-31.371983
-416.44196
-186.88145
155.07019
-385.49805
264.5991
68.176186
-18.025042
342.25018
251.75581
-1001.94104
1097.5841
380.11765
309.57364
-494.02258
-218.8536
161.77586
-802.4956
-635.1903
495.19077
-113.91607
27.023401
74.508705
-791.42834
116.043396
-534.60004
228.41907
17.682888
-145.22287
191.61084
-300.58582
-106.42334
-132.16528
-740.9982
-637.34656
-86.27005
352.53543
678.02716
557.95544
92.46592
-487.72836
506.933
721.5482
78.10845
-306.94507
-264.35254
107.43514
-506.5073
-531.7775
-1156.0115
348.35052
387.9759
-752.5913
-1.8167887
223.86848
-2.728338
570.0446
-466.8189
428.62308
212.67535
-609.9412
-72.750244
390.43774
187.90456
504.1309
-445.08432
195.2702
336.15427
468.7622
378.7041
-737.2132
-16.961687
172.68352
-174.74667
-226.99586
-190.38194
-301.4244
869.3997
-218.78337
-518.29626
853.4028
269.6274
-436.41647
-236.38306
1031.9004
447.69525
-400.03177
208.92508
-39.28169
-328.60672
-7.2301645
-337.06235
1000.8374
379.63287
132.8806
-146.915
230.2663
-116.5975
-143.52301
-747.7978
-319.7748
519.179
-3.250092
-383.72107
-206.78285
397.9005
857.528
-616.81354
896.83795
-423.89932
-130.39569
165.33607
405.4876
882.5678
-1005.85254
-441.1093
149.63875
-694.3732
50.141422
269.88904
-722.7261
183.7392
293.35907
136.80385
-603.5049
400.13116
-369.34695
-0.60408235
285.23975
-477.09973
-197.94066
-467.38394
381.72263
-196.8639
-218.5667
844.7709
-320.80057
-216.7924
282.27856
-1093.1019
5.9186697
-805.5571
750.91113
-276.0401
265.86676
514.6382
88.21066
158.53331
-3.419996
-385.75677
463.6786
-33.718853
-582.8747
-371.00836
-115.95305
-85.26972
-780.2953
-193.40707
-394.78647
-12.782782
-357.296
-300.44217
-1115.9352
515.03143
174.0288
-108.14625
-437.39566
-223.93808
237.10483
778.9754
32.40282
233.81955
-90.247086
-170.98854
174.79749
511.03134
-166.68478
-828.5645
-647.4274
-184.37689
138.51244
172.07304
-283.6272
668.6979
502.55005
-56.544918
202.58199
411.63
-462.86224
-62.783657
-363.82895
-232.55188
304.0263
-736.6998
-589.7562
273.5372
35.640015
326.0833
-166.70592
-161.8005
-272.83582
-209.18764
-135.12627
-231.63632
88.00222
-740.56836
51.240406
127.916046
-306.03616
-691.18005
-181.90771
54.828533
151.4251
-1084.9337
87.67106
-299.3779
702.8841
372.6809
-137.91162
-349.01727
815.1005
-1001.8354
-4.0369673
-113.710045
1073.1682
-587.79504
548.9061
850.3148
-127.006226
226.32237
1043.4773
90.867256
146.56708
-859.71515
1.772633
-472.88742
204.09718
-313.2689
609.6429
-72.874016
598.3769
393.19913
65.728676
340.87054
113.092316
-26.061527
-266.16788
-44.343628
38.575848
-320.71252
-525.9124
-347.33023
-161.07878
44.956604
-474.19626
-1272.4521
434.84564
-775.71375
307.81818
53.286354
783.95184
338.7248
-304.3464
375.68906
401.28745
875.98395
-392.41953
-301.69238
350.79263
-329.9035
-855.9861
55.486546
-169.9895
-586.65454
-158.51505
-786.5008
148.15395
-297.42932
-334.9351
447.50772
683.02423
36.872147
-270.14716
-364.789
441.2311
27.43444
-155.29434
277.6315
812.2965
-334.54028
516.10144
819.01556
-613.1528
539.084
1081.9757
-314.3344
313.9553
-643.156
-138.77371
-1144.7992
777.5258
35.505642
82.17724
329.72064
529.18365
125.171844
-261.53427
-60.449783
200.65964
-264.52863
-566.54126
43.30156
213.434
719.6134
35.686077
302.40356
34.75368
-435.05548
-69.61012
-833.1425
-554.55054
845.3213
-404.19876
110.8582
-524.896
476.03333
123.75635
-95.110916
19.05004
-433.9505
-227.62262
-79.514336
292.97107
650.27246
-101.06687
-28.454296
-646.91345
-79.63688
-55.315975
760.2817
-210.0421
308.93616
509.92154
-192.17224
332.7103
353.9213
247.88838
-179.49878
583.14856
-181.21642
-330.6979
-225.02353
166.75421
340.86395
768.54047
-324.5029
-525.81885
-781.72687
872.68365
286.48996
17.132347
-640.31903
-496.8584
272.35077
239.25433
334.64676
-388.7383
364.51575
1066.258
-438.8651
-78.262375
360.6883
223.0233
-709.8461
130.38069
-41.02685
-628.8541
-516.13544
485.89032
948.2966
122.17664
-127.391045
1021.9997
-223.96024
-246.11945
194.65427
-566.7271
-164.23553
-133.68231
759.19543
163.68053
446.19473
-359.5141
-838.2366
202.28493
-274.15155
258.53287
-365.24344
-25.272093
-409.0501
-48.78634
-279.1039
347.0886
106.593735
-908.3644
277.54904
-124.93622
443.4176
281.83884
493.05392
507.9506
808.7386
244.6124
-415.4399
161.9732
890.7168
-35.709587
-7.1594563
400.55927
1090.2473
230.82722
-743.2979
12.752738
1143.9668
682.5422
-31.728153
-86.345665
109.67568
600.87054
-840.90924
428.43945
-220.84784
-419.11844
-406.0557
-319.27405
46.224987
659.3616
-56.51508
-294.88803
-642.66376
356.86172
493.75397
308.18042
-70.349686
-204.8082
-961.127
229.00621
86.28943
-238.1979
-253.89294
-153.87129
489.3631
-1410.2383
840.6192
671.1099
-119.60246
294.66946
669.9868
-126.37145
637.257
144.4534
-409.26727
115.215836
639.5123
673.4068
656.96606
134.46544
-11.821669
186.39175
165.68848
798.8024
643.8547
-466.12442
1020.80945
149.58452
-892.529
46.702892
-806.9861
-619.3757
-1244.8652
678.3934
-333.77478
-7.8940773
625.447
-100.644585
-917.47974
382.13492
-125.105484
-686.97577
103.85588
361.64722
-228.12668
-222.42224
75.97976
1044.7917
-673.4213
28.052307
219.61157
-305.04953
-121.48998
-540.76196
394.4373
114.51604
879.096
52.62252
-92.90541
-68.465385
-12.04554
411.9917
1028.6647
1065.7284
-285.94357
-358.69452
-119.793045
144.1233
-675.59564
116.76807
-380.75174
642.40497
-369.989
-453.63504
176.14484
-357.2315
-416.78604
661.40326
757.0206
-437.6477
219.44609
-662.62573
728.2807
239.68933
-57.9649
-44.468513
-782.4672
-225.38173
252.54861
-1147.6449
285.4861
321.92386
