-179.0334
658.6823
-16.955425
319.5651
-106.00181
175.54187
193.97968
587.45886
348.71503
178.93362
417.55157
-1092.8657
-110.45284
-261.03864
-178.03326
-744.839
-297.21588
358.98557
102.114685
465.40814
6.2949715
-1064.5363
-216.66142
388.9987
-411.13986
-252.41042
21.826962
-567.5161
-703.0592
101.479385
-42.619247
-180.19833
-299.6518
1063.3364
596.7078
566.3416
457.40854
17.801443
29.835297
-220.8991
-522.1137
-547.66016
-140.35727
-236.37347
189.97493
319.8013
348.9759
-42.639214
-254.76118
347.8208
-398.0928
265.93884
-243.13068
216.58238
408.7905
199.29323
1006.7685
-546.0311
-881.3049
67.81553
-250.91037
76.89301
505.3744
-332.56567
246.19647
329.64435
166.93263
-269.83005
891.78156
140.52773
-239.52208
267.78186
272.44464
237.67816
-153.08235
-116.76902
-373.04367
-101.45454
95.85005
421.58755
-140.79675
-436.4581
-594.3565
-266.81516
-1002.5893
1218.7194
-644.80237
866.0285
1031.523
63.746677
-256.19107
436.55243
902.4773
-1056.4622
-460.53964
598.9662
408.75998
363.47736
341.9424
-144.42293
-504.72647
-628.9231
-404.09634
-2.4262998
-1029.6012
271.17
1210.9103
631.4999
-242.25706
67.74436
-605.7914
9.889642
248.6539
-143.43338
402.5769
-62.84686
-18.147278
319.19556
424.69016
-1282.9487
1216.4546
307.81174
512.0601
-346.88696
-200.76656
378.42767
-638.41187
-770.66394
550.41
-147.74785
-318.71942
350.20126
-668.26886
-296.80832
-707.045
314.61465
-326.59482
-128.27702
42.241226
-264.62048
-107.13803
-59.496826
-1076.656
-904.06525
-333.69604
637.5588
704.20966
782.1513
53.97655
-340.68573
525.2649
810.7187
54.587
-450.29785
12.777747
-31.732635
-565.3124
-394.07962
-1243.8999
332.5795
385.3503
-848.0515
225.38272
54.08274
214.96454
623.8443
-820.86475
478.46942
311.4105
-848.0709
-257.4367
159.09044
208.75069
435.27
-294.51465
235.81685
282.3423
889.62714
590.4432
-1008.1557
-19.283295
1.8883448
-145.40807
86.59975
-149.06335
-505.03958
707.3084
-293.5919
-643.916
1212.8104
206.288
-574.25714
20.46944
868.7826
284.52084
-533.3715
217.17563
-126.00688
-119.972206
-200.45789
-513.91766
880.2461
368.4536
230.81703
68.26052
168.19885
-118.79833
-149.92274
-893.00934
-288.6576
645.3752
78.9975
-645.929
-506.68164
464.59927
1157.8446
-359.8831
963.6148
-1.3895333
-603.3006
160.84842
368.2435
824.82385
-997.0933
-544.49146
257.51303
-613.1847
219.17732
61.203953
-941.71515
24.597176
664.3712
139.80164
-517.7828
284.684
-241.11162
-104.79573
442.26462
-597.74097
-81.13538
-447.96674
440.3896
-161.48405
-257.20023
785.96716
-314.74014
-649.6055
571.6732
-1109.7406
37.05649
-795.31854
1079.7902
-392.515
451.79544
420.91278
-7.102472
235.20152
144.86116
-496.63788
577.14417
-140.81204
-511.343
-525.6453
-369.33078
31.132212
-889.4493
-510.86237
-225.17273
-71.120674
-252.47417
-145.0568
-1377.2847
391.09332
63.39777
-41.839012
-332.8517
-294.41824
473.0429
920.3161
226.04271
261.03217
34.20877
-118.32455
517.0594
554.1202
-317.217
-977.39825
-417.17642
187.09958
-41.45412
352.21155
-248.67006
603.14435
584.8708
-152.70723
424.55753
533.51794
-471.0035
40.606396
-586.5851
-117.826836
176.397
-691.67664
-814.2932
-12.508047
-19.338688
522.4553
-32.064163
-118.27707
30.947855
-116.2701
-171.70023
108.676956
-48.396866
-734.34204
44.433197
80.57237
-548.85126
-680.2955
-407.93076
-100.115685
88.94187
-1159.4153
258.32535
-176.9762
911.8416
686.2271
-12.401452
-492.3935
463.79416
-1054.485
53.176414
-137.83627
1020.2543
-594.68207
454.10983
818.42865
-46.754517
229.25786
1117.3209
159.63347
111.86506
-999.3185
255.20186
-662.3295
173.5134
-208.07695
1162.8074
3.4006896
869.2388
292.83566
200.48001
221.34105
-141.37134
201.02344
-138.48087
-124.558914
219.83772
-562.74335
-270.03775
-21.66736
28.309353
255.3962
-411.60645
-1120.048
309.40665
-873.7711
369.34195
179.1516
876.8404
132.11838
-186.31537
362.11136
77.71756
1117.8962
-439.57123
-415.20544
390.30814
-81.5593
-1143.0526
157.09938
-337.7926
-579.0245
-347.53427
-947.16455
228.73611
-299.68362
-452.52783
278.7908
927.1167
-94.96244
42.726967
-349.33813
150.55339
-53.518875
22.68765
26.279861
806.32404
-651.044
619.7829
628.31616
-547.40576
609.2425
1011.5105
-541.0502
310.6117
-583.84753
-374.60495
-1398.3257
840.01483
-99.78135
-39.270058
546.0999
470.3718
-58.192516
-333.65118
73.280205
163.9368
-605.6982
-604.5128
-26.635967
-131.10345
622.9861
184.2761
122.70393
216.388
-358.76602
-193.35635
-709.5068
-402.87497
850.2084
-589.6409
71.3774
-885.57776
415.01523
121.77569
-187.80693
154.09053
-254.46165
-59.871742
74.65554
96.50404
726.10345
-216.35147
-17.920689
-572.5061
-98.69906
-69.43991
624.00195
-308.82605
105.53944
413.26556
-380.48016
467.72794
336.3402
379.17624
-521.0415
465.5311
-320.28458
-392.2052
-67.14524
299.17087
-47.70191
866.53204
34.086044
-442.2111
-1100.0197
1054.2239
273.563
313.3509
-535.90356
-386.8455
159.04713
210.67087
667.21313
-729.3263
371.3882
1088.094
-403.50366
-226.09198
324.64468
145.07913
-922.7285
-97.3217
49.040974
-921.9519
-559.4605
664.2784
950.48413
91.08598
-99.15613
797.4434
-46.41718
-499.25705
-162.66635
-704.50854
-215.46384
-159.53894
368.69836
38.71313
368.7476
-387.36722
-821.3377
334.16443
-126.63462
136.56958
-374.03818
-91.38634
-404.7476
-105.3252
-283.3377
146.9816
21.041067
-913.0706
356.78876
-487.11588
131.1905
118.66476
447.84985
390.0366
878.70776
444.9933
-256.7779
-120.609085
542.471
-282.80362
-390.18668
602.5242
871.97156
233.27097
-680.92126
-234.76248
1295.1782
521.9648
-47.940342
9.114258
-100.58156
743.9898
-708.0715
834.3631
-51.29202
-163.26338
-295.41898
-312.51074
-95.813446
559.83
-82.56512
-381.30463
-737.86395
279.29144
227.37645
783.7302
-84.74289
94.362976
-856.7942
148.61642
-33.91948
-139.10423
-170.4508
-275.78653
731.92926
-1446.04
726.709
685.0358
-255.63507
-27.724213
393.20935
-258.24222
331.64453
-285.55853
-285.22244
-48.108276
634.63794
477.82184
323.87955
364.46332
-133.2323
391.00748
-68.446526
699.1722
525.29095
-308.9836
1376.711
-80.32917
-1149.3364
-19.048187
-897.0571
-608.7587
-1331.6985
392.0623
-301.56357
-153.13179
606.24176
-126.46574
-1042.4403
397.13617
-390.95334
-1031.5842
85.3084
545.4974
-435.24713
-96.73702
-123.46723
1101.2098
-1065.1016
120.01712
458.01398
-86.140724
-133.6829
-302.65393
546.1263
226.10406
962.31726
138.40099
-175.39275
-171.7391
-22.699736
606.71136
1078.0354
1128.7382
-334.34097
-636.15765
141.30559
-30.314816
-772.2057
156.46797
-745.8783
1197.0002
-145.14491
-667.0262
-15.660755
-507.35986
-282.35828
422.0628
735.374
-404.94403
65.92149
-488.95883
698.04816
182.62477
-192.94312
-93.61727
-761.9987
-160.34329
518.0442
-1147.8099
326.65643
246.12444
