-322.48907
911.8813
-58.48846
412.4437
543.473
261.52698
-44.64196
362.10034
-62.53602
-170.14201
264.40488
-1482.518
-75.63124
-292.69965
-90.16575
-959.12244
-71.004745
671.4654
186.05408
876.2735
20.33842
-1391.2236
93.722664
-100.647415
-246.21552
-217.58858
-138.69727
-271.21033
-523.58624
179.72624
-348.1017
-205.78398
-84.80987
1134.5088
774.3865
1097.2968
572.64294
-54.195396
71.62832
-347.26938
-729.34174
-453.64764
-227.80817
-84.953804
407.94742
337.07663
119.70156
-595.62885
-519.84454
301.05624
-391.29987
334.51416
-227.7555
-478.6915
675.7442
273.1886
1754.1592
-589.6954
-108.79252
-155.93672
-203.77386
497.04547
375.20404
-212.43156
-150.67126
-171.30484
-308.67752
68.072395
1599.9078
391.68506
-394.67953
333.74603
-228.88339
420.3701
33.66281
-666.80133
-492.19107
-452.78897
-55.030315
324.77676
-398.79953
-216.33406
-871.1757
-458.58173
-832.9442
726.13855
-1108.7427
1162.3593
1027.5101
319.4278
-491.26926
197.35707
1002.59094
-594.67633
82.05492
250.1147
572.2832
620.9736
616.8972
440.97803
-844.7379
-285.44537
-410.2524
-396.16144
-1197.3604
171.8537
1103.1998
1177.4268
83.17952
-142.49979
-671.71027
264.23688
418.64633
67.15353
773.64844
269.46213
645.71356
200.67493
199.62741
-1118.1846
1125.4851
16.418917
276.02463
-408.33316
250.28874
312.79657
-799.1548
-397.87863
821.5961
-290.32898
-151.01689
584.43835
-923.27795
67.71677
-534.7381
145.71358
-398.1219
29.34116
487.85364
-99.88846
-146.15433
-154.278
-1755.4218
-1042.1727
-800.2158
1283.807
511.0869
632.4457
51.692574
-248.21317
901.7525
893.56757
65.110344
-346.59125
32.637753
30.477594
-761.48596
295.56763
-1434.3217
-72.2764
759.6883
-971.48303
314.7628
-328.67142
758.7792
847.36896
-622.9233
395.8034
597.186
-1192.5797
-515.4343
-55.382233
305.91553
714.6391
305.9293
306.00156
26.30823
1266.2957
383.59503
-878.2059
-193.99648
297.15524
-762.75714
-201.4731
219.06306
-1071.8147
702.21783
-659.4725
-966.01276
1561.3588
143.38547
-728.40283
308.04498
1329.1733
372.56033
-480.54327
163.85754
-350.88266
-100.31772
-634.7825
-341.91043
1389.1989
169.29294
361.23468
-394.62225
-91.84117
-42.38638
-53.09298
-955.8107
-659.59985
243.27141
209.72725
-853.47314
-307.98846
1186.0084
1713.0698
-481.85733
1079.3665
-289.60095
-219.14757
-14.3627205
174.83528
435.53308
-1365.6051
-770.61993
821.7781
-625.75543
344.8546
877.0247
-431.6342
-142.36884
1187.1471
-621.8819
-397.78192
310.0049
-580.2141
-197.50027
353.47116
-880.9451
-9.597163
-416.78833
405.43872
257.40573
-429.5293
715.06177
-598.7143
-346.99167
48.233
-1658.89
49.98381
-645.0048
1283.3519
77.16406
704.24603
461.12506
-169.17467
354.994
-76.97833
-454.2312
714.78235
259.7072
-357.38968
-216.33305
-83.31807
-322.0634
-325.4384
-483.32812
-123.29017
-329.73785
-613.86285
110.02662
-1166.281
745.87146
-320.34125
-71.83874
-293.39673
-409.04782
734.81744
1159.4628
516.46814
-332.48776
129.75162
440.72253
257.38675
711.74603
-101.08551
-1027.04
-1039.7979
392.45093
4.59193
574.4718
-54.174
-139.97786
427.63632
-486.83966
151.24461
634.67535
-650.77435
122.89935
-150.6204
-4.1416054
357.8377
-771.0844
-1114.859
-865.50055
-128.78656
793.6469
-441.81668
-655.1362
-421.7947
-156.29694
-442.13303
-184.66243
226.00476
-606.4826
188.12259
-491.9562
-1069.8031
-720.40845
15.833735
-446.00717
153.9497
-757.72736
255.35735
-268.574
1314.1531
823.0514
-252.97386
-75.302864
483.528
-571.4493
266.79263
-251.41423
1148.6991
-816.9263
597.29114
509.39197
57.35501
399.9729
1113.9901
291.9374
-324.7599
-1146.7085
362.32486
-1123.4336
529.67664
-32.46264
1516.6938
330.5757
857.4051
3.0966308
637.9556
114.86931
-456.48096
420.06384
-246.20992
197.97987
-14.766709
-759.80396
114.13213
199.09793
-351.6206
368.80505
-572.3456
-804.45337
134.53246
-871.3207
304.2339
-78.68258
1000.4846
30.879395
-377.70154
499.28964
277.71582
1156.7458
-363.49768
-20.584124
1096.3602
-149.44629
-884.54443
99.177345
-340.94437
-591.8823
-136.72072
-967.87964
168.24243
-42.1863
-985.32263
221.88927
422.23132
-227.68198
22.641092
-92.31284
44.790157
182.01111
-544.9
-41.11194
722.8123
-1024.0726
608.7946
329.49066
-346.28482
639.2568
828.0021
-416.58847
-118.72195
-458.31348
-345.89478
-2037.8468
1007.85675
560.41187
-2.2472253
472.19125
800.10767
519.9249
-812.981
-6.6039734
-2.92531
-136.06596
-825.88513
434.30753
223.02687
404.27966
311.8844
561.2459
289.1026
-295.62433
-400.89395
-706.69666
-476.1186
848.6378
-616.2235
248.90372
-681.4783
206.27394
544.2057
-731.6808
-54.09329
-573.83057
-354.05142
-153.15437
734.3008
463.73193
-95.33399
-295.56528
-639.8707
-263.69464
-187.78516
340.3488
-405.66028
-355.9943
637.09705
-32.105648
217.45683
619.39935
259.02594
-986.7997
161.18333
84.249405
-628.5288
270.9145
38.982994
-42.92042
1015.24335
771.0006
-555.85846
-1727.9116
590.96216
24.867493
-7.042438
-522.87
-594.39825
99.52834
340.0277
864.6141
-761.59094
529.6589
971.57227
-418.44696
-494.8481
733.4192
190.26654
-979.12384
-329.76636
267.51544
-823.5461
-839.8697
691.1802
1435.062
265.40295
-238.27168
892.1725
491.3692
57.881924
-7.893679
-100.04923
4.720823
-144.86812
262.28036
1.7223563
851.94324
-438.24243
-1399.1224
592.87683
-334.27695
167.88872
-556.202
-203.94907
-485.0994
272.1306
-286.18628
-212.08023
-148.60518
-670.4556
583.99
-609.554
119.129196
-55.052834
856.58057
62.440533
965.6941
580.79425
-352.98325
-394.71405
248.08856
-729.24994
-648.7837
889.5002
716.20624
691.8926
-857.77435
261.7609
1262.0437
79.88031
-222.93092
265.0388
-111.279816
505.9865
-1083.067
1111.5583
-398.05646
-583.38824
-327.51416
16.6044
398.21274
1331.1106
-331.6299
-479.3247
-825.13324
431.90857
220.11624
544.95087
-17.047602
-56.06258
-1189.0037
15.469747
-41.085815
404.9102
-290.56268
-223.08238
1268.0208
-1178.743
799.2234
823.2343
-1026.611
151.9323
437.99643
-716.2369
451.7704
-390.83456
-312.21545
409.33942
462.5183
858.83075
235.26987
842.92035
332.38614
117.991
-294.62256
496.22913
777.97864
19.625198
1009.7144
19.43708
-1500.1594
-193.67763
-1402.8038
-786.6074
-1582.7993
294.5518
15.718574
142.01202
595.7812
-396.5191
-825.1089
464.95355
-267.84357
-1425.0212
-156.43611
438.46906
-214.31757
295.92285
-353.21625
902.56415
-743.8148
-266.66705
830.1056
-770.5474
-124.41371
-467.31018
813.0786
153.83675
550.6014
344.1608
-97.30193
-450.38266
-28.386137
523.18024
1048.1173
1115.8658
-237.65355
-776.4562
389.78906
59.39087
-965.9559
227.27113
-737.7033
973.61145
-502.95737
-448.37277
-557.8835
-848.4596
-352.51535
605.83685
925.05035
-583.5415
369.05182
-854.8826
817.782
256.0431
169.44432
114.11832
-228.45354
-158.24841
673.95264
-1645.7758
245.79929
5.3156185
