167.30223
860.7565
-8.830973
773.3502
911.8409
1171.9545
-764.77545
842.389
30.497572
-186.98743
-416.34756
-1716.3813
-771.2056
-678.21564
-170.4027
-1045.1163
-697.23804
436.71906
-150.26208
1344.6073
-259.0808
-1477.7672
-510.9717
-228.8158
-509.80057
-141.59357
-955.12415
175.84236
-796.1867
752.6385
419.5674
-304.18912
383.1875
1621.444
1188.6549
1155.9978
-86.45862
-721.11566
144.32555
-112.53269
-993.77045
-358.38153
-838.4196
673.35925
342.47052
-600.1561
-88.34261
-1035.2578
-834.66016
384.1454
212.05064
124.02468
-36.08616
-1352.0839
788.9524
408.52573
2222.234
-415.02875
635.8818
96.364525
-183.47763
-291.76025
517.6915
-560.39325
-341.83325
189.08524
-207.5536
156.3901
1722.628
-36.437515
-557.80493
362.99176
-84.99995
-365.69504
128.91576
-1680.1191
-626.20447
-1549.7446
-134.8844
741.0651
213.48991
-661.06287
-961.2587
-1237.5775
-534.2955
1965.9509
-1425.7869
819.9967
1280.9133
511.26376
-744.852
1.0458512
727.2898
243.33713
-235.43617
-30.124222
1131.8579
1210.2482
765.17456
-10.6312685
-1086.1023
431.9507
-823.01337
-399.16898
-797.83234
-35.61445
10.178938
1087.4471
-173.20335
-451.31073
-1117.0114
946.5434
208.87988
-183.28821
1379.4866
-222.6494
-491.89825
967.23004
-5.24216
-1675.9952
253.08237
671.2823
568.82104
-285.8148
315.21814
585.749
-1014.02264
-724.1455
736.2635
-490.9709
129.55252
64.08544
-601.3865
-861.2615
-106.5279
-694.21704
-584.8077
443.43695
180.85725
692.04047
-308.64133
356.00116
-1955.7394
-1469.1489
-657.2777
1160.2736
-104.86809
1390.6892
-70.76662
-321.6291
571.6846
1229.1292
-133.05511
-64.557
-26.257284
-287.67654
-350.9568
-51.941166
-2157.2634
888.31256
737.33307
-1324.917
-130.68849
-208.65164
1693.6747
887.2397
-330.5052
-58.21003
721.07996
-1056.6135
-431.83475
-191.18886
-235.27731
796.2998
428.10522
521.7904
-196.49171
611.8007
464.25787
-879.9692
262.21454
532.21643
374.55862
-454.27353
31.185183
-468.77585
899.2923
-610.2171
-1146.1615
266.91074
60.071777
-672.0707
323.45807
731.05725
654.9057
-748.1126
1019.2975
-298.45447
677.41473
-79.02589
-281.95117
1074.3864
163.86832
780.7649
37.199047
544.29095
445.4404
-849.6048
-1730.3777
-882.06036
-424.21866
-232.44681
-947.6966
-1790.2006
554.1803
1925.6704
-386.837
1523.683
-356.39578
-646.4998
75.81994
132.92014
195.24129
-701.3551
-349.3206
758.3323
539.01074
449.69165
1204.9447
-349.8082
-441.20374
1112.5164
-68.75035
321.915
718.3623
-1467.7596
-1742.8656
1077.0062
-846.4323
-163.93224
424.01324
1194.6584
778.4562
-352.99518
1442.1852
13.209355
-290.6932
-811.4273
-1763.0261
-735.8356
-1506.1713
1575.2971
307.6499
924.7306
-388.78183
553.55084
1069.2352
-81.29638
-969.2383
1093.3712
61.211456
-287.5056
595.51807
733.1764
-430.195
-695.9573
116.97069
-17.293013
611.7675
-1463.7902
515.5368
-1453.2317
-63.649773
-1238.2511
449.64157
176.06168
-808.2519
899.21704
1399.2642
953.3887
109.15303
129.65295
456.79648
815.0298
1711.4321
-977.6226
-1399.8726
-1303.652
1062.5552
-42.025806
390.72623
-294.97327
-201.94658
628.8539
-894.78217
128.51509
-167.03142
-234.8946
-547.441
-642.08826
-853.7735
-782.2058
-187.9815
-836.6155
-447.96503
116.08748
461.9159
-517.90015
-1318.6437
30.32316
-646.3832
-1794.703
-430.83325
326.15762
-744.1188
750.2328
-1025.4205
-953.46
-1207.5729
443.94406
-459.4839
-53.152847
-469.90494
-172.60071
-85.37808
557.5893
737.42316
-890.9926
381.8984
-356.8431
-89.387344
62.2532
-514.8008
413.28455
-1078.1384
1072.3007
883.4723
-258.21484
260.2599
577.3728
463.08853
345.45724
-398.346
-795.1789
-479.84158
996.8064
136.61288
2196.3667
501.11774
702.67523
-303.06757
337.1605
-222.00784
406.09863
452.8931
-697.2508
264.1264
-56.87846
-335.36752
37.61401
810.23645
113.62827
19.590002
-827.33014
-683.2793
307.12466
-783.0276
392.11725
-180.7371
1700.7123
393.2615
-1286.5316
-243.39336
224.87338
259.22852
-498.17722
375.48157
1432.8811
285.585
-1239.023
90.15236
-396.04358
-547.2543
842.23755
-671.0145
440.24667
-315.84555
-1112.2928
511.01297
286.6566
-977.47217
-1318.6627
-789.3915
462.8716
64.421684
593.6264
537.5274
789.96185
-638.382
74.536606
697.7269
-1471.4813
763.6819
1236.4602
-834.00354
-196.47089
-1053.054
-237.57672
-2778.7856
1106.4075
910.44995
-741.56177
1379.8248
-90.39934
497.78308
-265.79547
-639.5113
853.08417
722.777
-953.5426
542.0595
1286.788
902.73895
-12.602278
468.5278
-201.1152
721.3455
-183.20967
-905.32135
-1248.1721
857.0584
-400.01523
415.77734
-557.93036
-345.71594
646.8239
-328.45364
-228.1223
-854.38385
414.1413
-593.5538
1243.8184
189.2316
-187.83745
-418.25488
-927.7939
-1311.5262
-11.919759
892.7909
-983.8912
-643.86816
1270.5436
574.1114
731.71277
1686.413
-343.40952
11.098682
781.5959
-438.47614
91.87923
-46.52817
-256.15823
278.01105
588.1278
1108.2874
9.619127
-1692.3411
952.4083
-171.83563
217.60463
-580.8121
850.2837
259.6645
-48.16373
1520.4642
-606.9403
751.29675
1724.4103
-1036.5764
-1381.75
386.30527
857.8686
-929.88715
32.481792
9.551917
-800.1661
-1045.5005
1558.8933
1933.1886
1174.2241
-217.45554
1429.3477
115.63724
312.14105
702.30597
970.8938
-23.763895
-499.20932
161.46593
-42.891678
-132.31955
-744.37415
-591.88806
297.43405
-824.9384
392.40295
37.430992
-27.040329
-1111.0558
1563.184
-761.75555
-1024.6387
-559.2491
-852.6394
1055.9436
255.45801
355.8696
-32.28297
457.29858
363.38287
762.3019
620.768
-744
-329.42276
-142.7122
-395.0046
264.003
1256.8324
1591.3303
976.49615
-1191.2122
375.63412
2008.1704
374.51398
263.58615
-618.10535
472.93832
617.9706
-691.85297
1829.9095
63.21007
-971.0157
-28.556358
-1491.4249
1245.0336
1538.508
-613.7677
131.37206
-1098.3732
-16.474579
709.2833
109.90754
547.05096
-149.78062
-1159.593
-81.37247
93.11024
715.8569
-932.94135
-434.80792
1279.4899
-2057.4937
669.5009
1164.7097
-411.64508
564.7805
259.7101
-634.0302
471.1619
-265.89297
-242.39589
1377.0498
932.1534
-15.806778
-89.134995
-490.83408
748.2738
-648.06976
-169.91139
1257.025
263.1161
9.57277
1606.2324
146.53941
-1572.4182
-662.5858
-1418.4574
-646.1545
-1469.2017
576.9717
371.342
373.5394
-8.113563
-441.2758
-797.94635
1467.9424
-873.1977
-1714.0558
-512.974
218.20703
634.41003
122.945305
-462.91525
1153.6969
-465.7461
386.11774
205.94093
-917.06036
-108.5493
-231.3751
1055.3732
436.24762
1006.5002
470.78104
-246.59265
-507.00394
-73.10249
533.2148
637.5894
680.2999
-643.2885
-554.6382
199.35765
206.80498
-680.7312
1458.2805
-788.0922
588.5321
-18.814796
-1357.5758
-561.7625
-2018.8671
-493.2241
755.4318
827.03375
-982.1078
288.84396
-650.2733
1298.9247
594.34705
-638.1461
319.55405
-932.2345
81.62661
488.6854
-2146.7368
496.97205
-193.06073
