124.438965
1036.9169
-95.23806
780.9051
991.00824
1091.3958
-603.42224
620.03125
9.782997
-287.1265
-297.66003
-1835.6907
-567.9545
-905.9167
-249.94144
-1088.9557
-498.40067
481.11002
104.582886
1538.0562
-169.09666
-1578.144
-480.74396
-210.22775
-307.59943
-284.64362
-981.92035
187.5251
-632.68695
941.09546
272.75934
-339.00595
412.78296
1681.9324
1082.2325
835.0687
-71.63955
-696.4677
-77.46179
-83.62459
-929.33075
-572.78516
-730.1579
628.45795
395.27045
-424.64288
-128.51204
-1122.6285
-1162.6042
492.5021
73.38363
242.98581
-66.14692
-1072.7122
982.99225
536.8656
1905.1688
-554.68243
536.4677
109.59956
-72.18032
-304.11813
758.5313
-308.71478
-204.81483
15.607784
-428.95844
302.8026
1830.7921
-41.04144
-624.47174
502.58615
-40.728016
-357.71738
257.80185
-1952.5718
-471.19598
-1579.0604
-115.925545
722.99023
253.98148
-664.3856
-878.505
-1038.5046
-606.53076
1776.6217
-1332.9554
797.86127
1386.1727
601.7544
-757.3727
320.73172
746.5265
125.04935
-2.488113
19.98337
1029.8302
1279.9296
588.0426
-28.563334
-1277.6321
225.56395
-968.3758
-648.351
-1064.6726
-187.64244
6.904939
1173.3987
-222.77129
-445.38092
-948.7931
886.1969
382.6097
-284.22366
1475.9438
-288.79047
-308.4182
752.70245
10.555789
-1842.3447
214.7246
697.0781
280.36264
-106.49693
242.94223
626.24023
-991.0774
-877.07556
753.8422
-471.5041
-207.11343
13.86548
-514.7092
-909.1167
-12.053207
-488.55814
-327.1949
786.2598
212.0851
492.43945
-455.50626
231.72237
-1850.916
-1669.2441
-694.3855
1191.7787
104.736305
1388.1931
48.049553
-405.12836
646.8441
1205.7306
-3.5746229
-121.69549
43.805855
-335.59894
-332.0477
16.761631
-2193.498
691.2756
724.7471
-1222.7968
-25.435139
-130.90866
1813.4978
813.17883
-276.65887
-186.73103
818.09454
-1330.9075
-444.46948
-66.463295
-320.23962
798.354
602.8832
589.64264
-8.566625
693.8348
384.22058
-797.7049
255.37097
548.91064
431.12466
-262.97498
21.527246
-588.132
727.52966
-694.79266
-1040.5453
380.8921
-169.86955
-870.73914
217.94463
797.4366
739.2311
-644.92413
901.64655
-350.2893
696.8165
-76.861084
-342.10345
997.77716
100.01579
676.61884
49.311874
429.055
331.07913
-993.50854
-1799.4937
-844.84235
-124.93423
39.494404
-845.87476
-1770.6917
635.55615
1875.5559
-391.91516
1618.0297
-458.35916
-634.3208
-81.67603
118.95379
149.30359
-760.3863
-297.44232
967.88416
471.90015
510.18655
1304.8082
-324.1931
-623.65686
1083.4785
-67.274635
310.12195
538.2144
-1485.1605
-1699.0612
1127.496
-833.24335
-139.23293
418.16077
1143.3885
843.56744
-475.7426
1264.5698
-41.477634
-275.46228
-670.6253
-1519.0995
-778.75854
-1508.9261
1738.2322
273.84003
938.0012
-88.0116
385.09164
1035.6143
-139.01437
-1116.7197
1128.8683
56.428093
-218.48814
637.0831
632.03595
-554.07733
-819.8923
-71.19201
180.59087
369.11203
-1218.0194
358.61145
-1136.4202
47.024704
-1263.2118
454.29544
163.0508
-637.9453
822.9738
1280.606
913.20654
184.39658
-103.733376
750.2315
894.4557
2049.369
-550.0304
-1255.6116
-1316.8009
1302.7274
28.335014
372.07227
-393.09634
-365.89627
582.0159
-800.43695
32.35535
82.2905
-394.83466
-290.07623
-651.3824
-731.3946
-850.4789
-250.17648
-741.4517
-598.4004
27.430864
535.1554
-584.068
-1042.8094
-135.73839
-574.19025
-1723.3938
-310.08948
302.13446
-715.5879
555.0361
-885.1893
-1169.0566
-1142.3422
699.4009
-573.28845
-118.69338
-559.6269
-9.444963
27.70587
660.1002
793.0265
-1054.078
341.87183
-424.8171
-91.293755
106.53748
-457.0617
427.2845
-790.0391
966.0725
937.72955
-310.73468
243.84792
663.43646
382.51758
180.61961
-477.9541
-781.2457
-498.51834
1023.0096
334.88058
2081.5881
559.50714
658.0035
-233.59184
398.40723
-72.07729
173.37749
690.70074
-897.8109
231.69997
-303.4533
-518.16986
-133.3278
660.617
44.97321
131.0442
-812.2125
-460.57956
319.30603
-773.0498
362.16727
-100.9864
1654.5725
546.9005
-1147.9994
-118.10203
103.07643
201.87979
-664.09875
370.32782
1378.2394
213.6705
-1007.55194
277.3611
-347.37796
-617.5849
510.99963
-680.9005
489.8433
-290.05908
-988.16174
432.0244
262.44418
-767.05646
-1377.4017
-580.3258
457.48596
111.145325
580.206
620.4797
867.2273
-731.7365
59.49948
682.9752
-1754.9984
593.5796
1313.0197
-729.7173
-188.18034
-1087.3324
-203.41399
-2655.4482
985.97675
1003.82495
-636.8426
1234.619
-17.282974
493.9445
-405.56546
-796.5682
816.9698
515.43823
-977.1668
513.6565
1242.5881
635.3164
123.597
504.6614
-155.73001
883.22955
-212.8934
-836.4163
-1299.6516
912.12463
-398.72247
507.07004
-538.16504
-209.19043
611.53345
-390.53625
-179.72746
-926.0729
455.1852
-594.9875
957.0325
369.60355
26.696684
-244.36263
-609.38226
-1322.9528
14.562631
717.92096
-774.1952
-605.36127
1186.029
408.29156
480.4291
1625.9749
-351.69366
-157.01158
753.90497
-379.80734
203.52596
-26.090963
-126.83083
266.5574
601.85315
1075.5366
-69.279144
-1871.4152
884.5789
-127.004524
305.91425
-541.1093
555.10895
357.54904
158.15135
1528.6848
-554.8053
646.2053
1594.3207
-1036.6196
-1382.2238
421.61185
966.1426
-733.16077
-217.62851
120.945175
-578.22327
-923.3654
1560.3889
2051.6106
1169.0363
-181.06473
1428.6202
233.92621
197.24956
470.86896
774.71313
216.09468
-634.32184
231.0325
208.94843
98.8358
-840.34705
-649.6834
181.50644
-572.8229
357.90686
115.09942
24.028236
-1286.4478
1533.2091
-592.98444
-883.0994
-472.0088
-581.32574
963.1164
25.91202
376.70102
-36.809513
456.75394
299.2876
560.29645
500.83133
-998.6685
-319.85577
-120.40428
-435.39185
247.06157
1224.2482
1656.0161
1106.1277
-927.9634
351.8421
2283.3574
280.3612
477.2701
-708.0574
604.51654
352.72736
-610.357
1515.9646
118.547516
-912.27484
213.94617
-1272.1481
833.45416
1518.8018
-644.6852
-214.294
-1120.5728
1.3648655
672.5861
111.35647
283.5168
14.261372
-1173.3059
-191.42896
151.67543
769.9698
-859.2309
-366.18396
1275.8326
-1995.0775
689.0072
1195.7056
-382.7336
521.0802
355.33704
-723.0776
439.66937
-120.12774
-467.65234
1423.609
1083.4022
29.895334
-145.23653
-248.82677
998.6566
-630.8515
-63.250904
1172.479
153.23476
150.273
1628.2668
45.25859
-1600.9358
-662.4841
-1390.6699
-648.10583
-1427.2173
794.7161
263.81418
187.52167
25.31668
-389.32135
-386.21
1577.5901
-967.19916
-1871.4855
-671.38275
51.319187
483.02158
-13.557522
-494.1704
1174.5896
-648.4472
133.20117
298.23907
-826.1922
-163.58151
-431.4344
1079.3169
475.66852
954.52454
268.72702
-285.88715
-326.7915
-149.75554
554.868
559.3517
972.972
-567.4089
-516.9348
233.49538
122.827225
-762.45245
1587.3427
-711.54456
574.8958
93.692276
-1097.8525
-526.60645
-1850.3826
-675.59357
883.5244
785.0632
-1081.7668
333.85358
-568.4804
1266.0167
383.0654
-626.96075
314.65054
-1036.3138
31.28437
542.4409
-1943.7155
291.28458
-251.11385
