-64.093025
309.3436
-110.74649
416.66595
123.070496
-173.01256
153.7021
-157.78702
-6.5692544
572.97894
-44.268867
-405.56525
-192.49237
-65.53495
-82.60305
-242.61862
-322.3614
188.12605
-113.39929
353.54584
3.9946818
-51.084774
-211.66216
36.562595
-480.85242
-98.192795
33.425964
3.3771245
-91.701775
-66.315506
18.615557
-12.05365
0.2948376
487.92703
410.8455
100.3395
78.51957
-40.56595
-369.674
-440.25256
-138.38141
243.13246
76.0737
101.9839
163.83426
141.75314
59.52035
-305.88217
152.12775
-265.38828
196.49536
162.0861
-39.58394
286.96677
19.352507
-185.3523
302.44025
129.25124
151.3607
184.81018
-70.2933
406.1013
241.93279
-35.407158
292.44073
101.319214
31.392485
295.49164
162.43192
-1.556057
-134.08223
345.72363
226.59357
13.533545
-164.77458
-329.89496
-70.71387
91.99764
-47.727787
76.104225
-332.97183
356.32816
307.54282
-76.02843
-72.81607
-105.361305
82.15447
174.0876
247.78487
63.80356
-119.66847
153.71306
508.8809
-361.1389
116.154396
228.63338
-281.18878
-269.83344
75.592285
-58.23136
-232.58269
-148.2515
-53.49524
-185.7819
-435.88882
188.57288
186.2898
-7.948888
61.14235
349.24985
-323.14163
-99.98064
405.36725
3.5510747
-152.438
66.49712
-52.900116
25.667637
125.60223
-80.40511
287.0516
449.98795
-9.276561
-67.09145
-199.32703
-34.8262
-370.55243
-80.173355
200.72891
254.05505
-225.65218
212.19513
-87.36291
159.02437
-278.87302
267.64743
288.85883
-206.68742
-107.29117
-183.09398
-177.62381
213.25638
-54.34828
-327.59674
121.068756
-30.748789
130.83958
-302.79004
87.366165
-236.20898
-125.79684
-293.2034
357.59436
139.0815
230.33101
65.78147
287.98016
-78.55916
-497.92557
117.4056
70.2896
91.48321
132.06006
286.01276
22.48226
44.832497
127.18605
-48.767033
-116.810135
-59.399303
-133.17754
262.02155
-91.88258
39.22285
129.83904
4.462514
136.96423
508.33905
245.8164
-162.55243
-98.31202
128.60687
-98.876915
-357.92755
-396.1214
-156.91821
-99.27272
-36.22009
-118.061745
575.93695
-235.04832
65.53709
-122.84909
612.7926
324.4937
-497.09302
19.762005
-73.54152
-485.44867
383.9653
83.458275
203.47635
84.506935
118.31445
-7.412639
-7.5716696
-505.15817
171.7757
-137.99078
-94.46526
216.19754
110.86244
-440.72263
-216.11755
-176.58362
-33.1026
157.0668
103.593414
-207.91458
-33.15413
173.45706
271.6904
233.3197
-296.33493
182.31981
148.10423
-273.22006
-266.2466
-36.390633
-104.33468
-33.27434
-76.904015
-208.24724
35.13849
125.55152
65.54329
-26.007267
269.9761
103.09555
-226.7767
164.51233
-191.64519
24.83809
-184.57423
7.9445443
22.932863
190.74765
-55.9595
-22.904453
127.261215
-208.60535
-181.21631
80.527695
298.23865
267.43402
171.24902
65.357414
-361.15903
-341.19763
-18.19714
87.78717
128.07976
-91.45278
458.05597
156.98529
-505.22452
-15.087069
214.0517
59.743835
-352.18436
-90.789246
-350.1883
34.438347
186.64139
-21.007687
-79.38144
8.610979
19.06359
-11.990831
-24.179256
-7.698977
70.33505
-70.69891
-241.09308
86.328995
-52.911236
13.055544
-290.7607
-91.54093
-11.452645
70.92364
-155.64397
422.92453
141.79091
-136.37744
-141.02574
212.63129
-338.61877
152.89107
100.26371
-15.7520275
230.25949
-391.70587
-456.76727
135.82964
15.868249
107.803085
-191.07559
64.39821
-97.85918
-282.41336
16.941309
233.11337
183.84732
-357.76617
-103.53588
202.78206
23.72752
91.99239
-154.10748
137.77327
-125.5322
-583.78644
-302.3338
218.23776
82.557945
-103.19134
127.09928
-31.443516
199.56422
-388.88803
241.09741
-268.14658
201.21202
-70.9257
-5.53875
-58.899357
-272.74368
-81.099
263.9142
-14.036087
-27.779812
-325.03674
-124.66809
-211.26009
57.972168
83.91056
221.59209
-89.15818
389.75327
473.2416
186.68594
168.63774
179.64973
279.42535
-52.63625
-321.2116
24.572838
-461.8009
-69.41986
-180.98965
-71.28258
-137.11328
-118.62249
-333.99496
271.2648
-367.73117
224.0974
-482.50333
103.90944
190.93666
-200.75264
153.12408
531.0718
448.54752
-270.54834
-59.435852
155.43097
-76.40841
-82.23064
69.80469
78.651215
-241.44463
91.16869
-398.38797
-58.125652
-8.421424
-89.580154
34.983444
27.500353
414.3293
-55.34732
-200.96999
-101.007774
60.6288
-69.4453
218.39322
408.604
-333.8444
73.03635
65.85526
387.4334
-118.24412
55.41184
-74.88054
-288.1671
-78.325386
-135.56355
60.34826
16.299215
195.33577
-93.71536
-19.003529
537.9343
130.97072
278.749
35.99428
30.645159
-58.60676
310.7754
-153.99516
-200.67157
-177.85567
-166.18063
-322.19333
2.7936835
-311.80106
-134.81757
-203.32121
38.215515
-83.91225
-149.47217
-52.87274
-66.20947
265.10138
-0.5591848
291.31192
-102.2388
114.317825
-223.24289
-300.0644
188.89417
215.99867
-380.09482
17.240402
-237.27641
312.8864
-321.86588
-134.22061
37.612442
104.57694
264.68387
-139.94322
-34.408794
177.40102
249.23216
-341.7872
645.78723
-240.91502
-281.67877
151.4392
-52.77009
340.35706
-172.96182
-555.8323
-320.07004
-127.37989
435.51837
-186.55595
-179.01724
-253.01163
30.579905
-15.055417
77.24719
23.459585
-470.4753
84.23132
371.2906
-87.02078
27.198149
-238.0638
-115.50123
-280.9732
-4.763076
-278.55215
181.52785
-178.56929
-158.61238
-29.378225
171.21405
-77.859
96.476814
-178.6331
-41.336773
251.05827
153.45848
-44.69738
-57.50169
194.072
-676.7607
375.63202
-180.22363
113.74917
-102.230156
327.0432
-224.06993
-308.27444
-85.629456
-97.35655
6.747652
358.29596
94.87581
48.78309
122.69692
84.374435
-72.77128
-88.877556
3.9838119
-167.84271
248.12283
272.04834
-96.109055
-326.14688
-136.62903
158.46103
16.320004
5.4289055
-48.305405
209.79121
131.67992
-177.44739
-198.3764
-17.361187
38.539803
-13.470033
-92.985344
248.38698
368.99594
-13.3910055
113.17929
-3.495179
91.88595
498.38794
-160.74915
-27.541512
157.72533
-316.13004
238.56831
7.6495643
333.6468
-6.857472
-165.03972
-146.7918
-279.3422
-57.32677
202.24808
83.39448
284.3323
-102.24279
109.813095
-132.07352
-548.02637
125.74021
327.401
-123.33396
-186.35233
293.52444
228.97339
198.66142
287.94992
-19.412006
-68.249535
161.55864
-200.75897
407.84366
228.67455
-7.942467
288.42502
-28.113785
69.75596
193.50179
51.332127
43.22168
-28.799099
81.01828
41.937584
-116.76271
-19.063847
-3.9382575
-165.96349
227.94618
65.92583
226.9775
-310.81192
-49.55776
99.62589
176.33331
61.95844
148.78284
450.6009
-158.059
-197.09953
18.05792
331.0465
428.47763
37.399933
-284.57138
-93.83013
17.948612
-19.770012
-79.829346
-215.2613
481.02267
103.321144
73.37086
-214.35094
70.564316
167.68987
228.55255
258.215
35.25698
-197.91873
-129.9931
-208.90012
430.12445
-122.059
91.00801
-202.18854
-218.03802
160.21703
194.57315
-183.72797
-140.79607
-364.606
123.53809
-148.93027
48.12033
-320.9552
62.861473
-88.23722
121.83953
-71.972885
-34.406662
104.80273
226.98915
-396.06046
47.215397
169.81935
