-441.06094
880.8563
-17.539852
580.1271
434.71384
378.2108
209.48228
197.70528
-54.954586
-213.78532
255.74089
-1503.5237
-16.511799
-96.56318
-141.96927
-1096.9834
-7.970696
798.33124
140.79135
660.0257
39.005028
-1316.9946
2.775817
-25.456007
-394.36505
-347.99744
-5.4909825
-17.377552
-712.7409
0.38196993
-428.9961
-519.2591
-122.44169
1036.0118
614.7199
799.60535
632.9149
-81.59043
98.565216
-681.7966
-591.1332
-813.85486
-161.64998
8.802563
438.91132
377.6038
79.86894
-344.14264
-391.5249
321.00293
-138.04823
578.0875
-393.78928
-240.97763
505.04532
388.61862
1694.1848
-653.222
-258.73706
-72.320946
-241.63776
526.5917
369.99768
-301.80356
162.21295
-136.09505
-18.711164
25.553644
1445.6648
295.7345
-91.770935
349.72375
-210.16563
341.55756
-28.606783
-410.32407
-434.56372
-218.3225
-111.59491
199.0662
-623.2809
-65.03107
-581.3097
-375.5714
-629.94977
744.6382
-952.6165
1305.288
906.09296
251.5225
-399.56494
256.99997
895.7063
-832.3005
-239.18433
441.03323
633.5405
675.1998
663.2563
398.26392
-909.25024
-379.36655
-202.1932
-383.4407
-1140.6693
104.525024
1442.563
1156.1514
-100.5419
-147.77493
-758.068
162.2456
438.1341
55.59785
766.164
59.487892
452.71597
383.77283
189.68933
-1094.4401
1011.58765
70.02575
357.90088
-561.125
37.89823
466.7848
-810.23047
-437.03857
766.4189
-86.05174
84.132286
435.90552
-879.0929
-109.44847
-465.23727
510.97784
-375.1998
-114.17975
274.87662
-139.92413
65.317955
-110.89143
-1817.2666
-1051.9349
-722.0802
1015.7783
525.16583
836.65826
168.83218
-353.61707
713.567
1023.9508
206.5441
-322.39664
-35.4269
385.56058
-744.8908
173.50348
-1660.4248
147.84651
652.5866
-1057.5063
383.10895
-73.48059
669.7569
805.451
-664.5148
617.2336
627.3024
-1216.1562
-355.96304
-235.80714
496.1688
354.93427
211.08063
314.69095
-72.46144
1194.0919
189.01025
-849.8498
-75.37144
175.78305
-351.00357
13.333414
222.00345
-996.55493
778.85944
-764.17505
-769.1101
1603.3894
261.02786
-573.8722
48.003056
1304.8796
495.91776
-510.46753
361.11148
-332.20816
-188.6935
-420.3599
-46.943535
1282.1451
258.49374
315.10602
-187.19728
-147.56418
-62.978607
-266.31436
-807.9546
-607.3715
600.9284
441.3783
-956.9023
-513.90753
876.6412
1322.5006
-235.59029
1082.959
-104.99786
-145.68776
87.141075
157.35709
800.4834
-1224.0581
-1038.184
487.805
-802.91724
72.091774
565.0757
-411.9191
-159.50336
944.6743
-205.17944
-660.2854
50.923862
-767.33795
-10.671361
398.2865
-686.12134
-133.08066
-455.0061
553.45044
-8.645597
-464.6119
792.8098
-677.14777
-563.03406
193.23392
-1586.6018
109.60479
-612.926
1333.0803
254.52599
500.086
524.80695
-227.59177
407.7846
148.55965
-545.72815
760.3266
291.27393
-436.25314
-202.68523
-226.27017
-64.20783
-375.95416
-432.7554
-8.494229
-429.2533
-295.60706
169.1981
-1386.3055
718.4834
-254.91876
-66.65314
-310.97797
-322.0886
580.6819
1189.5626
443.7777
-186.87437
103.326294
414.3007
39.187263
730.9535
-456.49576
-840.9828
-773.0974
595.8157
-0.66013646
562.4722
72.05726
-79.78829
629.5041
-481.6416
231.55795
634.44684
-660.55615
-76.0938
-135.60364
31.245594
328.18106
-702.7104
-1011.8638
-648.82935
-204.8503
405.38913
-330.13052
-414.5988
-360.4724
-26.158356
-110.92044
103.545815
179.48915
-509.06546
165.3348
-366.01755
-828.4714
-506.4085
-15.451275
-459.9762
124.31786
-521.5913
436.89438
-637.1159
1282.8262
733.9603
-255.39558
-77.23632
514.09515
-859.9992
122.5986
-159.41034
1117.5527
-735.5115
783.29425
460.86972
288.507
274.1719
1226.3713
229.02206
-406.81223
-1139.8605
320.91202
-980.6018
328.2828
31.753462
1306.8069
309.04248
680.161
-60.00691
385.7444
156.25089
-169.27582
328.8598
-174.13448
-171.32613
-160.52429
-543.3096
186.18845
7.0992665
-125.98224
559.1195
-543.63086
-823.908
146.2912
-655.5482
203.49988
-174.56468
783.85236
243.90562
-591.75366
490.7558
317.98654
1138.9204
-412.7228
-7.653893
849.8319
-330.56927
-1117.8312
149.04741
-334.59485
-595.7674
-253.38441
-884.14056
94.56684
-3.0075989
-731.80414
231.73244
413.29797
-29.358318
61.87406
-0.85101986
-152.57883
-138.78078
-293.2855
231.11021
857.4743
-922.9914
581.214
476.73532
-444.85773
795.47534
936.94385
-524.0738
103.10856
-385.97217
-287.56705
-1988.6287
1065.432
466.9354
-73.84978
343.29507
632.669
315.16693
-681.0895
57.66939
20.211094
-88.09322
-827.1411
249.84575
103.842674
208.19481
9.565517
551.9581
163.43962
-243.49037
-371.47678
-876.1866
-375.94138
848.41583
-603.63086
488.72284
-708.03424
13.07575
276.64014
-676.8263
-75.77081
-262.3476
-478.17395
-374.37796
831.1441
582.6737
-235.61258
-167.7564
-847.15247
-287.99872
-75.00796
388.6168
-506.74356
-279.8318
411.6797
-277.92606
250.3745
550.9319
292.29675
-896.83453
218.20471
10.972976
-755.3174
270.78522
16.427294
-100.18089
1354.6254
554.6768
-575.0782
-1556.1892
724.1331
-51.257885
11.237957
-439.52945
-388.20844
-53.612053
429.13278
806.3275
-743.93933
638.04694
1148.7844
-371.54227
-424.2117
436.85907
64.2275
-993.76715
-350.57864
-60.872616
-840.72955
-795.9562
715.9522
1288.1855
398.74063
-64.77273
943.66785
271.21878
-245.37434
61.82489
-184.87437
-157.20486
-15.684488
294.63773
113.606964
780.02936
-559.3071
-1468.0842
536.4555
-395.99142
64.01834
-441.833
-187.40355
-461.69882
129.40329
-311.2529
-140.94957
-123.88361
-1006.0746
422.69885
-523.3853
-77.29991
235.8684
803.9443
-13.888038
945.5271
518.54724
-246.8769
-348.4596
146.63393
-579.47644
-712.068
726.208
715.8632
578.05347
-750.2471
193.75296
1291.6039
-70.45694
-406.1816
305.38544
-198.58403
576.627
-1059.1389
921.92035
-364.6386
-509.94168
-320.98898
-71.063194
374.34015
1031.3949
-340.4827
-678.71216
-789.1323
202.07262
309.6837
683.9519
87.1937
25.710424
-1235.1138
206.8626
158.94272
353.16132
-232.52792
-154.85965
944.0931
-1214.2778
777.3608
732.6349
-840.0558
-295.4893
416.28702
-964.4129
400.0158
-253.041
-385.1397
263.3307
331.98074
933.9991
179.91412
803.8263
252.00066
325.88977
-102.110756
452.80997
841.82513
-101.46687
1075.9612
-334.3483
-1256.4684
111.09011
-1346.7213
-665.79694
-1582.0583
487.35745
-113.452095
-25.62598
725.3139
-209.35141
-1042.5494
519.053
-291.93457
-1140.8966
-241.04865
585.20386
-228.98781
275.4671
-194.78749
1060.2666
-872.6767
-238.59457
850.9483
-783.2151
-78.73897
-334.74423
716.50586
362.71133
640.70776
188.3588
-179.74721
-470.06857
118.47431
565.36487
1015.57306
1001.3102
-335.27457
-613.5695
341.6059
-46.66399
-833.13556
515.7405
-618.54
1232.3445
-368.47083
-436.57028
-160.40172
-873.20917
-150.56621
609.29297
685.0131
-655.53046
246.59189
-699.266
739.7917
265.72034
-40.70567
184.9081
-305.73505
-344.7165
464.42645
-1376.2654
180.05728
293.71436
