106.004906
400.44962
88.81775
343.4005
32.31033
-210.37648
-86.56147
-206.52228
6.6807575
504.0104
-63.966206
-210.90602
-266.2326
-99.6484
179.03404
-230.60863
-321.94336
121.01604
69.194954
233.65169
354.9773
-59.44648
-190.56581
-78.97005
-473.08337
-230.75246
105.222786
204.34262
-66.89849
-82.067184
-70.66649
18.208324
-132.88037
450.25018
426.64423
-34.996628
34.792435
34.49618
-523.0245
-304.1905
-43.294746
108.71026
253.22597
19.512812
333.8178
13.31971
271.29468
-349.158
141.41116
-268.43988
-69.66201
327.43842
-165.74786
216.25592
-180.2906
-217.84032
324.33566
100.52981
-78.40204
100.44195
-237.99397
36.293797
424.61014
-173.29929
201.39407
193.84367
38.979633
283.1558
501.2904
263.31366
-253.516
152.21472
-24.609348
74.31475
-290.57373
-307.847
-58.540104
-16.373453
-198.86829
108.18022
-545.34534
484.34924
242.79468
-88.42736
-157.10619
81.20205
-145.25479
481.2133
364.52332
-72.50545
214.70718
15.061959
607.2423
-533.55994
-50.700283
172.54745
-373.19418
-399.7474
124.608894
19.867146
-218.68636
-221.44751
161.0209
-53.783756
-447.61588
135.18358
248.57047
23.384918
-116.72911
343.74002
-411.93225
-224.66307
319.85883
-195.18523
-18.033813
58.413254
-279.00912
358.15497
201.74635
-63.896423
634.18463
401.0523
-0.8229753
-193.04489
-122.121216
87.40411
-353.5388
-161.32744
97.54735
267.6227
-83.7467
52.860844
-237.00578
-44.38398
-284.79752
135.55128
227.12527
-465.73276
-129.07117
-4.0506516
-69.299835
138.25183
28.341755
-751.66394
-196.47958
-63.034824
452.78357
-603.4132
22.143833
-186.29529
-60.367867
-93.12677
526.1719
-2.6980839
10.581314
36.754475
191.65352
74.635864
-416.2243
93.3657
-172.72995
184.34184
184.7179
473.7864
-37.2486
48.515007
98.08291
-62.640907
129.58336
-301.2767
201.22546
89.225075
-243.97281
179.13214
-75.48756
79.63855
163.41005
394.2958
284.003
-170.63359
-105.17083
37.6466
-146.99486
-269.42355
-398.7586
118.42246
145.89418
-79.087654
-140.57022
402.70837
-217.73547
-106.32608
-226.79407
452.68213
215.64307
-494.3698
-98.68794
-46.811813
-574.7707
342.84927
125.784836
110.76781
153.89307
3.6172893
-101.576775
126.87249
-320.92957
431.45206
-150.58583
-72.4634
407.17087
142.96254
-520.99207
-178.3389
156.87375
-119.09595
-2.1801147
170.38876
-397.2344
-37.04438
114.002625
260.09177
121.95004
-562.64856
-171.47766
-37.87412
-141.687
-223.01674
75.88477
-356.54184
133.85786
195.09552
-242.84538
-29.926962
180.32878
-266.7069
47.670883
183.26476
-40.205975
-387.31036
179.25047
-80.400246
-45.06358
-321.95547
494.1117
70.38686
25.242098
-190.72644
-142.40309
-144.41176
-449.22766
-46.98139
101.59101
134.98647
163.62756
73.929245
33.584366
-274.90695
-317.31473
-259.21686
422.97092
120.79136
-54.79984
359.75937
88.47477
-536.8237
11.066372
36.66465
341.71475
-525.23724
-70.09806
-325.13293
-26.337057
259.71722
-129.89175
-145.48993
84.080124
-45.19539
111.57905
-21.792664
-106.2462
105.33969
37.981216
-388.19385
6.4893093
172.44843
-106.42164
-453.77142
-169.56017
-239.97972
99.78864
-102.9384
544.5259
372.63107
12.179747
-90.50131
321.12888
-430.17618
317.4612
-125.12489
-203.0836
311.87964
-517.2898
-566.6421
-5.9783926
-77.80421
242.1146
-187.9606
-55.846832
-123.39064
56.589863
144.65536
331.54675
256.71884
-631.56903
120.57987
-85.12774
72.03428
27.20768
-169.71518
96.344185
139.8093
-788.43713
-335.5333
58.00224
129.41638
-3.4131188
117.78222
-299.30948
281.56625
-681.32544
181.0837
-310.699
436.1431
-237.20724
-10.031399
-66.39057
-372.86557
-230.51817
357.61633
-32.15533
-127.58119
-417.46432
-326.74628
-94.48909
112.62882
40.22766
380.6384
-88.31382
477.61374
414.44922
185.29431
218.45195
176.82013
263.8162
-69.286476
-371.6358
203.33229
-525.0385
-87.90195
-95.887314
-217.0926
-319.29507
-204.87665
-266.16553
214.658
-572.43365
407.79376
-361.51114
68.501526
244.43484
-156.77414
230.28874
642.1719
170.19016
-303.86484
-557.50757
71.38389
-208.63477
-254.86122
52.772484
27.420677
-422.21735
119.587204
-276.84714
-37.234695
35.58193
16.851963
89.760765
4.303767
416.1782
-150.21638
-96.22869
-150.74129
69.25172
-94.54947
224.27681
410.4327
-350.81174
-44.531822
-198.57196
261.62354
-172.33527
316.3704
-111.40413
-117.75426
-106.81
-473.28354
-195.59518
-42.289486
158.27307
-98.51155
59.292854
741.3605
-149.03865
418.42206
225.00801
-134.0705
-221.41663
186.82661
-172.04121
-106.88811
-89.39698
-58.72805
-144.90576
87.61867
-334.2374
86.697914
-466.36932
-102.13005
88.20467
-226.05852
192.25223
-11.9454775
280.13864
-1.6058544
279.44986
-37.645126
166.86018
-138.23598
-187.27771
178.74817
380.32498
-463.93185
41.712536
-358.465
408.54776
-39.89943
151.6797
7.3756537
320.76196
117.461716
-187.19722
41.09746
180.29053
383.55768
-169.77643
805.4996
-350.5603
-199.2638
-42.309376
-135.87491
272.51013
61.84899
-650.2965
-377.04132
26.855694
518.77826
-142.85654
-115.27461
-345.8474
-42.314507
-42.655052
223.68658
-209.01675
-434.5393
-75.2144
493.89313
-103.679306
226.15001
-231.4309
23.869677
-215.37866
-181.15082
-452.48868
127.75289
-231.66434
19.624292
368.5693
269.15384
-129.64612
213.44672
-198.90862
82.27002
386.7071
-7.26551
-173.55115
-108.01507
226.68755
-766.17004
389.4075
-153.35292
-35.53416
188.28476
345.9361
-141.60793
-201.68613
-308.69632
-58.132217
-114.985886
36.362328
104.08731
150.4716
193.62209
201.4932
138.3286
-367.3562
95.23458
57.733955
464.43826
252.26709
-90.51776
177.24202
98.68709
124.35976
-1.6117799
-95.882126
334.66742
283.07504
117.08571
-342.98132
-209.23338
248.80638
153.34308
-109.31317
-278.16632
226.62181
351.15268
-92.35215
248.32225
1.3790568
-21.806366
541.018
-273.33304
14.5589285
-5.612275
-524.89954
401.80313
88.91975
569.42676
41.68259
-3.9177172
-211.55527
-407.0948
-124.79406
134.64978
107.56681
136.05423
25.39968
46.72653
-191.07387
-665.10126
179.17787
338.7645
51.630383
52.836308
260.218
112.72705
194.1874
328.551
-140.78441
-55.609344
245.12874
-180.53165
485.43475
168.2556
87.054756
143.81778
188.06575
482.73764
149.22511
199.49478
66.85863
-230.81209
12.000039
7.650244
40.239082
-35.49168
-185.42596
-44.53996
212.16006
-42.401005
501.8251
-84.68248
-117.33362
46.20689
-19.77651
90.6487
-53.213375
498.3082
-371.10446
86.288345
-132.03601
398.75522
417.47937
-234.22641
-192.80846
-9.638752
-33.421425
-32.52487
33.152996
-274.7907
265.87064
34.971565
195.95193
-188.57231
-60.826584
334.3769
369.31888
354.7353
81.70506
-91.234924
-174.31981
72.49266
603.5452
-76.1105
101.56137
-107.86849
-433.90598
-93.42154
177.61143
-110.48825
-92.962135
-289.7974
269.71692
61.26433
236.38081
-583.62134
359.09747
-13.090929
-38.415546
-250.6311
-22.835781
-179.4151
282.6304
-421.97882
-64.34247
161.44652
