-427.8544
432.42932
602.4106
414.9466
1213.5665
1268.953
-570.0683
741.8302
-139.72014
9.808081
-686.0535
-1416.4924
-1029.1057
-749.42755
-639.0231
-1306.0953
-1002.8507
554.2718
-121.04652
1724.9489
-190.09608
-1201.915
-295.39197
-31.733446
-847.2623
60.97063
-960.4401
-11.38949
-775.1827
337.9885
310.89798
-171.22499
626.41156
1628.3884
1730.4695
878.0759
-71.497444
-478.50058
128.73328
-581.4501
-701.03253
-494.95197
-266.13263
435.58405
529.67334
-470.08255
-236.63708
-1138.7972
-703.8265
248.0928
356.42334
-113.726944
7.224306
-1506.9285
1202.7367
-298.7892
2072.8257
-45.81777
557.4136
-272.76892
-438.31488
-237.8954
555.44165
-663.5339
-229.64125
285.14062
-322.11066
389.9475
1894.6963
182.04948
-285.4509
163.12364
78.65349
-491.52002
356.85968
-1582.8932
-234.10616
-1231.3578
-230.42183
825.5203
53.41775
-800.41974
-777.8044
-1138.8186
-496.60583
2400.1257
-1219.6666
1106.0343
1405.4938
959.5224
-763.128
233.00743
1080.4589
420.4606
-511.06238
320.22787
1435.6672
1264.2985
1097.5116
-214.95465
-1180.3896
607.268
-1031.228
-408.50543
-393.3239
-180.0129
40.34646
1560.1033
-200.30049
-819.9333
-1535.9072
968.95746
165.84554
-512.29504
1109.3204
50.621487
-523.7976
518.6839
-639.33997
-2040.0408
332.9769
870.7568
275.21335
-158.16797
119.58382
1104.0178
-615.73474
-822.27686
1005.49695
-709.55414
-198.6825
-241.65634
-593.0688
-954.8288
-141.14655
-452.90314
-480.43066
605.6127
274.02695
685.9925
-445.0878
468.09546
-1686.2468
-1418.6698
-502.7592
1274.9604
38.02994
1637.2814
-27.9209
-631.7317
989.30334
1288.424
-163.98897
-96.008934
296.82138
-231.23648
-286.00287
-269.24692
-2279.3088
657.2313
503.06924
-1195.8263
55.55304
224.93356
2060.0352
925.14325
415.3053
-106.77314
782.68964
-1550.5714
-468.86703
-284.9388
-193.92996
976.2099
537.3406
557.3174
-52.459167
512.2701
498.32016
-1315.2838
-138.65182
372.7306
-28.806255
-706.7768
-279.66574
-60.1784
1188.5641
-574.6045
-977.45905
401.92136
94.558464
-547.1606
-54.416965
816.4833
612.26636
-718.1112
933.7915
-360.56314
764.90656
291.24353
-286.2361
1362.7194
36.04584
915.48706
125.9725
806.2902
253.40308
-451.6562
-1488.1835
-474.93323
-393.35892
267.37613
-788.5998
-1727.4989
661.203
1710.3427
-329.47974
1214.7778
-285.9699
-484.51898
-111.21392
182.193
182.8088
-594.599
-100.67215
470.46802
569.68463
-1.6546307
1100.5574
-880.99506
-444.3993
642.06964
149.7384
323.655
737.44476
-1333.4087
-1515.1636
885.56165
-397.60367
-363.65976
527.88434
959.0583
662.10504
-230.56717
1347.9119
30.85158
-207.58234
-825.7982
-1400.7235
-1016.5974
-1168.5396
1193.9158
528.6125
729.2254
-363.37808
832.6519
1088.0778
-19.960783
-812.72815
775.84467
71.10166
-382.9877
719.2233
828.67755
-485.5499
-760.7493
-342.19467
-13.164152
583.0896
-1211.2153
556.4728
-1593.2654
-348.87814
-1337.6598
363.38367
370.19922
-970.3316
1239.7183
1131.118
956.4564
-36.37474
-14.628773
515.55664
843.4033
1367.511
-1229.4235
-1514.6417
-1039.1594
1375.8503
-422.90613
30.311747
150.89128
-613.7963
565.3228
-784.12024
113.66011
169.21843
-103.76274
-1053.1823
-473.5775
-803.8561
-856.7244
117.122215
-550.6912
-517.44196
-313.6642
560.6234
-665.86163
-1385.2656
-99.74651
-321.52075
-1746.5219
-321.8626
325.64896
-769.6529
1187.5962
-836.34076
-784.8025
-848.17957
560.4156
-289.0194
-70.71655
-699.3173
-381.65662
94.52543
444.3491
1181.2104
-426.53387
687.78455
-517.5227
283.15375
38.404083
-552.39056
398.76917
-1382.9819
767.5972
652.0582
-118.84642
471.2518
381.79828
827.43225
458.58917
-490.46606
-430.63446
-652.4019
842.19305
4.012287
2136.2937
-6.7361107
358.07117
129.58624
368.0001
-435.27786
714.2018
288.69116
-692.75055
115.82582
-150.37961
-370.37646
8.685432
971.65265
562.63806
206.45062
-696.3241
-640.0931
215.1688
-654.1987
334.1585
-142.25203
1834.075
766.3635
-1164.9011
261.17673
885.0367
-214.59874
-685.9192
475.6967
1145.0693
56.581833
-1658.3044
-247.6226
-216.80467
-663.4641
1290.5631
-1052.203
499.95337
-188.32257
-1036.1648
648.87445
421.866
-1110.9375
-1545.9764
-929.4136
538.7006
-113.90679
528.201
336.57053
519.69403
-322.24332
-143.09764
825.70557
-1368.3945
834.01215
1345.3053
-1003.9291
-56.913277
-967.423
-2.3389513
-2897.4573
1544.042
783.8251
-842.60205
1509.6921
54.62017
552.26825
-451.20483
-868.7287
909.41797
607.58295
-765.80963
324.0919
1311.5508
641.9558
50.466373
174.44644
-64.5639
493.31033
-257.60376
-890.6563
-1256.2401
1294.7273
-150.63506
892.21826
-455.06534
-656.57654
193.90204
-88.168625
-195.57378
-1621.7856
98.22672
-406.9837
1361.4243
-21.25879
-106.2349
-681.6942
-1009.9834
-1343.1296
299.34436
747.7592
-824.66595
-747.9506
1141.8711
754.093
324.00592
1628.3569
-193.53665
304.17975
1014.7472
-697.02606
-180.72903
264.16833
-420.07382
325.364
474.1655
1194.8168
28.672071
-2091.0784
1234.8817
-656.6473
-51.004868
-620.6928
572.47437
503.25037
-1.6466761
1406.2656
-708.79016
702.8485
1853.4407
-1352.7303
-841.4584
362.8252
668.86615
-975.9683
108.49846
-86.571884
-930.27496
-815.67163
1382.16
1636.4761
1267.5511
-95.83936
1560.5679
66.37169
-27.129759
597.0428
800.73505
-162.97723
-422.9432
297.15222
108.48376
-31.163347
-722.4907
-659.1844
592.8203
-911.51587
290.59766
-59.843296
-108.93703
-1422.752
1644.4014
-908.4216
-993.22815
-452.09143
-737.11395
1233.3475
0.7811583
594.4258
-259.60614
584.9222
597.2902
860.3454
999.5908
-89.75063
-614.2353
454.091
-520.64545
271.50244
1437.7832
1378.6921
1293.9963
-1373.8795
636.1556
2141.1865
268.3888
-325.7065
-366.40906
618.54553
745.13104
-847.7494
2013.4308
389.33762
-1042.3303
-99.875114
-1648.8683
963.2936
1318.2773
-776.483
235.3491
-1057.5428
-341.31747
327.09625
324.85654
299.30707
-384.71344
-689.82916
-398.68054
174.8681
739.2683
-997.1235
-564.7341
1438.5673
-2049.5095
853.93274
1224.6282
-571.092
283.78473
132.18646
-438.50665
669.51495
186.7961
-46.88323
1473.8315
1102.0759
137.5589
-38.246353
-352.92285
683.08875
-538.205
-18.971155
1408.262
418.88467
239.3523
1950.441
-281.54037
-1401.2882
-711.5827
-1483.9529
-676.9322
-1173.8428
479.0678
514.19214
320.46326
122.94385
-640.5215
-430.58398
1430.1863
-1053.4224
-1910.2526
-650.38336
83.582954
858.66534
277.10626
-416.5326
922.51245
-540.3802
550.2888
-7.992046
-495.84814
-7.52994
-299.00757
1168.0741
197.88646
859.52155
509.6899
-450.41403
13.675634
-51.038452
541.7946
944.129
1101.7727
-528.22504
-402.76422
180.464
527.9892
-808.8283
953.3775
-870.0659
455.56192
638.5016
-1217.7816
-424.6672
-1976.8018
-824.69385
594.4854
856.12933
-907.75287
348.49597
-511.61414
1256.9784
255.27473
-735.0578
325.03647
-1253.402
-260.1551
979.28955
-2494.865
278.0336
108.81236
