184.48166
951.58844
-17.770435
750.44543
896.2078
1130.6097
-699.2706
714.5782
-49.048435
-205.37119
-438.76157
-1783.9506
-542.55927
-794.9601
-222.41096
-1079.0385
-521.72034
456.12158
-85.00478
1466.1958
-177.79976
-1553.2797
-454.1905
-269.4813
-310.5776
-183.87683
-894.03973
226.64294
-706.52344
828.48987
394.52463
-372.50912
362.9406
1689.0117
1174.8695
965.03125
-70.74922
-693.6352
-108.603775
-49.74236
-906.2343
-485.3661
-732.4
637.4388
456.6846
-637.23706
-84.86417
-1062.8113
-1214.1045
408.16788
56.327446
153.5923
21.592657
-1133.0028
954.98627
494.7222
2015.2728
-500.07724
591.644
217.45642
-217.7333
-326.1604
585.6653
-502.01962
-251.74542
195.12721
-318.21317
105.74972
1747.418
134.96126
-567.0687
446.92365
-172.54553
-267.04974
281.28275
-1863.5918
-658.0057
-1676.597
-94.675804
602.0008
199.51285
-721.8532
-907.4048
-1209.263
-722.6651
1864.3008
-1373.0262
896.9129
1199.268
521.41205
-728.15454
74.67811
790.3644
167.18282
20.61023
-176.6248
1129.4474
1326.9022
634.0948
59.732872
-1257.0543
260.30695
-892.57336
-477.35284
-898.25226
-164.12984
132.42216
1041.3838
-143.46487
-453.3614
-1049.4703
989.2776
346.5001
-304.5528
1447.4869
-277.87286
-290.36407
864.728
-67.55255
-1849.7465
319.56766
672.91547
496.04474
-140.54132
270.56137
616.8612
-916.83716
-901.93665
700.82837
-486.07483
-68.48364
-90.34308
-504.9465
-810.5131
-25.63002
-547.4527
-364.94077
608.35504
212.88353
575.4419
-457.89423
346.34232
-1833.3987
-1555.8873
-648.76953
1262.4824
-18.25765
1516.0275
-19.79822
-378.5813
629.1974
1111.2552
-47.439957
-70.711266
54.77708
-344.51404
-350.45947
-17.227404
-2136.3633
851.2649
702.3219
-1288.9604
-121.28501
-200.48917
1785.8397
911.9756
-144.46973
-68.7145
774.87524
-1238.6597
-428.557
-170.39961
-265.01797
820.9019
558.52106
590.5044
-96.51923
650.6547
406.53085
-843.8688
202.73782
500.9941
401.6711
-192.62398
50.42345
-560.7728
858.54065
-640.5573
-1134.709
339.1931
-154.50911
-706.64453
208.10617
778.04565
677.58685
-646.39923
980.2546
-276.71228
597.85223
-103.367096
-319.27798
980.1048
73.737755
749.85535
-46.582428
392.43585
417.78046
-956.4607
-1755.2269
-922.44354
-185.59209
-134.64445
-834.35706
-1850.1855
667.39435
1955.6218
-446.47513
1674.2347
-491.6804
-577.80347
-36.051983
106.44157
146.00891
-752.9042
-356.55423
821.4656
482.6869
503.27237
1345.9143
-290.55124
-543.1198
1197.0752
75.09232
174.78131
534.9348
-1330.039
-1688.3416
1114.778
-826.2785
-177.42857
265.9162
1239.0024
793.3856
-462.8824
1319.5232
-116.1156
-338.44238
-750.66516
-1572.069
-860.54895
-1450.9116
1613.885
184.25185
773.9861
-260.02026
492.90195
1025.5299
4.6527615
-1019.1999
1140.7137
123.4283
-299.09387
566.1929
674.6662
-526.8188
-699.99615
17.474308
140.55574
515.7161
-1300.0499
325.77768
-1339.0519
39.904175
-1148.4763
471.2374
153.47733
-663.5287
884.0565
1241.1407
842.9979
29.311054
-63.559784
696.84753
949.311
1941.094
-729.963
-1335.734
-1339.7079
1247.2228
25.050283
343.77652
-400.0001
-264.9786
667.49817
-791.56555
-88.69769
-34.78437
-357.9674
-490.3713
-621.8243
-838.0979
-757.12146
-234.20085
-746.6839
-511.648
56.926983
561.6274
-548.706
-1117.3342
-97.47714
-478.21295
-1715.203
-413.17697
263.49985
-915.97516
633.9731
-858.50665
-1091.2186
-1136.3636
569.6468
-551.45654
-38.78072
-576.7054
-131.4893
137.06053
630.8981
767.44446
-1030.5553
352.50253
-474.88852
-37.095146
129.91193
-516.46045
445.88928
-931.5539
1041.8556
900.6565
-251.71568
151.36829
712.6733
454.8482
225.26791
-345.7099
-853.159
-518.72614
1032.9292
243.96233
2161.9473
630.3561
777.8702
-240.36804
380.052
-47.790962
307.21225
707.6874
-855.39
255.09299
-187.86346
-355.46408
-65.40431
586.37024
128.85179
81.63322
-786.6636
-551.5641
394.0916
-730.4037
271.06277
-197.46713
1687.4767
533.2767
-1224.7075
-254.71788
172.18826
251.86864
-577.5401
355.90915
1443.3126
174.00882
-1148.4993
250.54903
-328.74344
-570.8428
609.63135
-568.6094
501.40662
-311.35562
-1090.4231
406.3154
294.46152
-887.3564
-1324.1893
-678.7271
493.2363
63.071594
571.2058
548.4308
849.3407
-716.6783
32.730705
536.9389
-1647.0984
640.72534
1331.6685
-753.80115
-181.99333
-1122.012
-149.59377
-2633.342
1052.7201
938.88995
-624.70905
1265.9614
-187.48293
503.57605
-318.5901
-724.9678
799.2222
536.3864
-830.15826
487.44965
1212.6146
661.0681
69.7118
464.8732
-136.9449
783.54694
-188.22421
-935.36206
-1288.3086
888.94385
-403.2003
519.35724
-709.84485
-157.89752
658.25195
-437.20715
-166.5774
-877.25903
532.6789
-573.04895
1001.66223
300.1796
-78.90173
-350.3226
-703.987
-1284.4988
-81.692955
658.331
-861.60144
-571.8336
1155.9993
414.06314
649.5874
1661.1343
-329.42874
-10.360936
697.39905
-359.2774
211.24995
32.54019
-258.8448
328.12564
549.64575
1111.005
-5.8089786
-1798.0208
883.54877
-118.87961
284.78717
-435.33356
688.2801
172.9151
64.61078
1467.8584
-474.83405
676.1585
1652.1138
-1080.9679
-1426.363
329.7179
918.66736
-831.15753
-102.71483
14.054054
-626.8622
-987.31976
1575.361
2058.5254
1204.3267
-206.33952
1487.8868
204.3778
240.34842
589.6038
798.60626
125.64508
-552.1025
250.6014
65.699135
-99.614876
-751.4247
-546.08295
177.57806
-720.7294
250.82504
53.83085
-54.63047
-1190.3784
1503.4952
-687.1076
-1013.00397
-583.51965
-605.50824
1066.4297
246.20125
376.33682
-170.66087
447.59363
385.72406
608.358
451.8151
-885.16833
-242.38037
-185.0452
-429.79846
332.64084
1182.1102
1693.72
973.33044
-1038.5121
301.2848
2093.331
320.94598
457.95148
-611.939
679.1427
525.17596
-742.7769
1561.8788
71.64245
-868.734
175.94122
-1431.1627
1013.02826
1576.8451
-638.47516
-13.487136
-1213.045
-8.389277
557.98224
165.50693
295.77466
-29.601177
-1251.0051
-152.50446
168.85887
867.3856
-939.64514
-350.32147
1343.3813
-2131.5286
603.8976
1135.4552
-395.42792
482.92892
347.47958
-571.7282
604.12427
-194.2599
-381.65338
1494.0985
1057.5942
33.34022
-192.33524
-357.897
892.94476
-604.7531
-103.155075
1082.4042
159.25954
278.79257
1727.7839
53.048412
-1639.6761
-703.1589
-1340.3816
-683.0005
-1571.9758
691.3947
314.05762
285.1639
-32.67423
-391.23328
-483.24857
1528.4152
-995.7945
-1862.5945
-707.56647
109.19212
557.4328
42.980293
-427.7975
1185.264
-615.0156
285.22113
390.7289
-841.8131
-32.22312
-415.30765
1111.893
474.27866
1014.4386
285.97003
-290.7287
-282.53387
-214.36931
622.2189
625.733
885.95557
-551.2061
-655.5637
185.96063
70.86268
-759.55347
1470.5277
-776.86194
545.3775
-36.840286
-1235.0607
-547.61456
-1963.2787
-650.5508
761.69904
767.3978
-1029.5631
462.38492
-620.7831
1165.3036
363.34808
-697.30054
299.17514
-1029.8741
48.742706
463.7835
-1928.026
397.4351
-255.45427
