-552.976
616.29987
941.8386
354.79507
1127.6193
1090.6836
-766.753
674.2104
-34.14521
381.9176
-591.4176
-1180.521
-769.66797
-1113.1912
-477.787
-1620.0787
-1379.5186
394.3959
-466.22528
1875.0042
-440.73807
-709.2614
-298.64484
-147.28561
-1279.2683
-42.388805
-845.1458
-125.9795
-1064.4287
238.38777
714.08093
1.6168349
813.23834
1894.8569
1538.803
1090.6907
-223.59845
-818.79474
-167.1095
-462.41714
-822.37305
-1025.5834
-542.03125
374.21002
755.3083
-475.31802
-498.9044
-856.3043
-1042.0106
464.53998
534.5299
67.12103
-164.99312
-1284.0912
1571.567
-463.29126
2043.4521
-68.9622
570.0281
-132.77959
-256.09995
125.86204
437.30582
-693.47516
50.350693
293.7398
-291.20984
505.34344
1981.249
158.93526
-727.6072
-193.33177
199.55383
-232.76395
207.81761
-1418.8429
108.82388
-1372.9088
-330.39023
802.23956
167.33144
-768.2039
-858.6261
-978.51764
-677.2409
2427.6423
-1252.2771
1099.6506
1500.14
889.1454
-524.8431
129.43007
870.5569
610.66125
-586.46155
33.237297
1436.6307
936.38525
1044.7426
-80.869026
-1082.873
804.61096
-1195.3773
-432.07922
-376.12775
48.26496
-36.10743
1277.0972
62.32324
-548.7243
-1553.0762
1164.3374
265.62686
-498.2056
925.64655
-111.00251
-636.7505
311.845
-684.8884
-1862.7366
309.21176
906.551
-62.402336
153.6331
-103.98408
709.5181
-679.5791
-1106.2993
1025.6458
-693.6529
-0.28245604
-122.04757
-462.077
-739.085
29.921314
-803.00385
-269.64575
758.4461
557.43604
836.08704
-516.0651
445.9542
-1661.5089
-1147.7115
-457.55078
1293.6499
-123.45519
1584.0897
73.96108
-630.3055
782.1253
1224.9097
-162.73741
-222.15123
159.0934
-877.9292
-506.74637
-410.5366
-2339.4263
472.2587
671.0528
-1366.5232
252.30244
190.2758
2055.2422
968.2001
184.57948
255.5754
730.16327
-1911.7024
-186.54373
-499.2398
-240.57156
1021.9084
408.1093
233.90614
-121.11873
817.5644
498.99384
-1035.5728
-295.51932
577.6261
-82.63451
-685.7625
-414.6519
-308.39606
1469.5565
-277.3834
-895.7129
581.2132
-22.792908
-933.61664
-96.5668
892.27563
293.52893
-715.3347
877.37964
-375.53345
854.9856
462.78384
-161.38202
1629.8638
213.16362
972.71387
82.411606
934.24054
580.02203
-611.2965
-1756.9187
-400.1706
-147.33936
293.10413
-601.33856
-1524.6008
741.36206
1832.2003
-85.09465
1214.2157
-127.65736
-258.3251
-378.95697
78.33386
589.4428
-511.37384
-185.405
553.82684
756.8163
119.59868
683.95483
-561.86584
-483.11572
750.9612
52.85
700.0772
778.1791
-1501.0792
-1549.9385
1548.2908
-490.03732
-320.2747
148.68108
782.2167
812.1294
-124.278046
1248.9569
63.545322
-568.522
-910.3522
-1354.7731
-1266.4827
-1107.9211
1741.4093
618.2286
777.8028
-475.88516
491.0962
1033.434
-237.65262
-651.4063
500.60464
179.94247
-527.4045
452.958
1123.9843
-243.87047
-922.07416
-168.85843
-16.314028
1081.6155
-1346.1023
398.60486
-1464.8722
-610.8009
-1358.5938
268.70496
390.46704
-1042.4802
1265.3136
1011.85254
940.47003
-200.59651
-35.311928
415.5542
1052.8209
1339.1635
-1154.0865
-1358.6874
-858.40967
1479.9445
-166.4126
-372.3228
105.24444
-705.5675
302.912
-887.3804
143.27518
157.80411
-248.71457
-884.1864
-559.57776
-583.54254
-977.62317
299.1148
-924.0735
-530.19556
-367.04724
755.93646
-408.2527
-1385.1401
335.93155
-344.6657
-1627.856
-213.59035
336.78113
-854.08057
1724.6677
-957.95386
-664.3767
-920.82886
586.8895
-119.33463
-215.09885
-909.8644
-513.648
99.34749
418.46323
1537.4988
-431.01172
690.956
-24.19905
715.38257
277.31003
-241.52824
303.65793
-1590.5962
1036.2275
1117.6052
-437.92548
610.5076
132.11894
340.595
612.74646
-375.86566
-700.53503
-765
468.89636
58.80366
2384.8904
-300.47443
357.91464
194.70816
729.99664
-611.57056
1047.355
165.02942
-749.06305
419.99698
-23.01609
-171.75844
425.7189
818.1632
485.41028
263.2545
-864.8983
-587.2964
201.07187
-764.28595
313.59943
273.09174
1540.5597
858.9964
-966.06604
77.2937
1203.7423
-194.9897
-619.1125
378.31277
1173.956
13.407402
-1701.7366
-353.64392
-254.19194
-665.4783
1200.7861
-1162.1888
375.64136
139.54388
-1249.2506
639.5731
394.12137
-1216.8789
-1445.7927
-717.2532
562.1413
-93.60044
519.0364
428.0493
707.79193
-303.3055
59.007988
636.66174
-1329.03
558.24854
1646.8391
-933.56903
-255.7513
-757.02014
-290.87747
-2589.6147
1731.4344
925.7935
-782.83606
1403.572
268.51413
621.1917
-848.1239
-641.14966
1170.6345
548.15765
-710.0796
592.98334
1111.4221
372.7303
201.00116
279.00134
-217.78629
389.31903
-45.305935
-895.90247
-1251.884
1263.1766
-299.37845
650.367
-610.3878
-609.39404
389.7635
29.974094
-237.73676
-1569.1663
170.33492
-420.79565
1354.0946
-145.9298
-202.31303
-589.7237
-1044.1328
-1555.5531
406.2709
660.5895
-1187.5667
-1090.7307
1142.3317
581.5904
258.95013
1542.8987
96.432144
42.037888
1050.8828
-755.4187
47.12108
-358.15958
-851.48444
481.9389
390.3001
1398.7079
-195.8922
-1848.9341
1445.7164
-408.18704
-11.76869
-290.44098
381.14423
451.41873
11.892494
1731.1711
-667.86346
495.45734
2125.9312
-1226.5566
-901.01624
821.58514
660.29846
-1237.5332
152.97125
-401.16486
-512.81067
-744.06995
1098.7517
1890.0621
1134.7728
375.4646
1578.2057
35.23397
17.843443
516.9616
999.0015
-248.58737
-383.28162
317.1849
114.495575
-63.139362
-816.58887
-619.6287
534.2189
-170.86296
175.05705
-171.33318
-443.36703
-1150.0585
1841.2704
-960.0252
-889.0452
-477.70624
-505.2032
1551.0558
452.68158
677.0351
-78.27726
645.9937
778.65045
886.7621
1204.4658
-104.13396
-467.81213
319.4999
-431.56903
136.2929
1476.209
1397.025
1484.5593
-1166.6382
845.22614
2354.306
229.46591
-615.9993
-180.78664
542.75867
765.42786
-790.0115
2252.8738
513.1861
-1233.1797
-174.93954
-1987.3602
1112.0527
1725.7633
-1051.3253
13.443791
-1211.3756
-536.6792
73.80919
-106.122665
306.9251
-1021.452
-688.14166
-73.47934
-82.24188
704.8196
-1058.1971
-946.9302
1580.2358
-2189.3372
866.01904
1121.2786
-210.11877
429.14484
-7.286338
-576.9217
616.52344
-130.53474
-145.93132
1198.6688
1135.8286
-197.68938
-59.793583
-145.32109
845.13916
-414.75232
-360.59705
1162.4945
36.600803
-156.96452
1716.0707
-179.25623
-1480.7112
-601.1352
-1556.0546
-844.62744
-1218.6036
281.90927
69.90946
651.9908
171.871
-670.97784
-1117.0718
1435.1168
-1133.776
-1982.1653
-597.5257
-192.21347
1118.383
266.979
-238.41008
577.52747
-676.2993
687.66876
-41.030914
-933.02185
32.223183
-107.9773
619.6844
-217.12074
563.6591
353.9055
-373.40964
-128.01027
-98.89415
565.9466
888.2065
674.1867
-582.0525
-70.42995
380.7489
469.5507
-681.09607
752.86884
-1073.6825
571.78107
814.054
-1171.2278
-503.52542
-2305.6592
-519.8527
265.2055
929.43176
-1178.3575
141.06613
-675.7451
1437.2533
265.61035
-701.1129
549.02716
-1028.3049
74.29879
934.5758
-2703.5586
614.3496
144.98431
