-805.0258
493.90018
840.1181
121.802895
1395.4868
1090.5518
-892.11316
720.09436
-114.17357
469.95636
-903.6194
-1136.1239
-1094.7802
-1030.3208
-476.60925
-1689.3112
-1449.3405
318.7777
-170.55827
2079.8994
-299.1986
-795.3551
-355.93216
-409.97162
-1380.143
-41.266666
-765.8096
-439.63474
-1459.4781
-76.07338
684.39105
276.75702
1093.822
2093.9304
1855.0686
1219.6096
-621.848
-542.725
-238.80669
-559.4744
-448.5455
-941.03436
-893.9871
836.12256
833.13696
-411.2706
-202.08907
-837.72455
-1185.1486
600.8194
471.45535
-30.085173
-272.49713
-1502.0186
1943.2438
-656.4271
2095.236
-161.907
988.0613
-502.60245
-237.9319
341.9752
383.55884
-1219.2698
-56.90824
694.605
-662.3677
374.50735
1651.5161
260.1984
-1122.7501
-231.84398
317.38397
16.113821
506.87424
-1711.2972
-291.11502
-1118.8904
-227.66554
710.70337
-200.03566
-739.8746
-529.1726
-668.5783
-4.2294517
2428.0325
-1387.1759
828.47296
1468.0057
316.66052
-207.78998
253.61249
832.53
585.4952
-771.8752
222.12032
1449.544
976.2766
760.5489
320.06467
-1084.8737
656.80383
-1003.1555
-293.56055
-616.6578
-11.9169445
-134.59595
1118.0562
-125.507805
-655.81305
-1193.004
1206.511
125.34633
-560.7103
1131.902
-94.12653
-286.50098
460.1145
-493.53467
-1734.727
258.64734
604.5583
-116.61003
11.236544
-303.27875
547.2962
-736.1321
-991.5997
780.2146
-684.46423
-407.2125
-42.6278
-471.29196
-627.9966
-291.3993
-1102.7406
-21.010826
983.4683
433.79892
863.4468
-483.17212
307.30283
-1474.0433
-1546.2659
-299.7525
735.9375
4.9342284
1579.5203
-207.24689
-459.5645
863.3026
1193.977
-323.47372
74.57284
601.65375
-816.11395
-942.02496
-550.5146
-2486.3643
481.1586
661.962
-1556.8596
256.81555
544.9065
1678.5308
910.12115
188.42851
252.76566
1178.237
-1961.8396
-97.716644
-736.65704
-186.8696
933.991
807.1122
134.15228
-67.33913
436.18945
375.40112
-1250.2466
-222.95123
785.95966
-236.65918
-915.5664
-494.53275
-315.52292
1146.5542
227.56097
-1289.7518
335.72614
233.09438
-1070.1799
-91.46182
727.4508
-429.47525
-805.1234
1151.1488
-74.560524
401.79022
662.68945
-465.69473
1969.6632
157.58553
1220.6041
-146.66573
536.7388
766.0787
-596.57263
-1292.7422
-434.02258
-19.39975
699.1893
-304.86777
-2021.5836
563.82275
2502.6404
-289.33893
1332.2588
-45.26399
-206.65527
-435.1716
122.43557
860.9151
-564.40027
-217.96518
327.16687
785.672
278.38684
586.19336
-591.2294
-216.5483
919.4753
-185.83253
405.03406
825.36786
-1744.9745
-1941.5238
1378.8007
-603.31934
-1013.8136
-221.68329
546.6436
684.5393
-405.3573
1225.7783
-38.818485
-149.48125
-1215.3446
-1672.4484
-1048.7542
-912.09576
1467.8556
113.06999
1262.9867
-458.64777
418.0871
824.1708
95.556244
-516.1142
454.80774
99.377014
-653.1862
384.8807
753.03577
-266.27066
-673.48566
-170.9522
129.91316
1008.19824
-1840.0665
22.009266
-1312.0569
-570.6678
-1272.6575
333.97305
-3.2947094
-1000.8621
1241.0073
1160.5144
1117.931
-152.54852
102.887825
606.4152
1094.5077
1200.3503
-1565.3145
-1398.6753
-549.83716
1562.5391
-422.0281
-448.35562
154.29922
-923.3437
104.69197
-859.69025
404.68567
616.2157
-616.8361
-1100.3269
-562.2428
-491.06277
-1328.2804
159.4371
-945.64294
-631.9344
-219.70732
487.54465
158.78667
-1544.281
159.85422
-266.50812
-1396.1816
-165.29526
425.35086
-1129.9642
1942.8668
-900.41833
-653.6408
-912.7103
755.2213
58.305782
-63.73461
-1091.9388
-750.05426
-37.176815
715.1403
1484.8328
-833.8818
478.47278
14.214954
859.3089
379.1069
-627.65967
874.3295
-1748.086
844.595
1205.5913
-26.594809
841.2963
104.275246
126.02501
696.4934
-507.23334
-439.9278
-850.7816
-219.9304
-71.66777
2388.4172
-390.40482
-139.9805
362.63718
290.6885
-1166.5942
1067.2994
6.558784
-907.10834
414.94962
-347.35562
286.16043
660.1772
965.10803
613.2025
690.97943
-571.87
-647.6891
333.6194
-1007.4633
88.46537
176.3718
1229.8196
950.385
-940.4519
112.12696
728.0376
-473.48105
-647.0475
376.88647
1142.8689
-199.23163
-1224.8479
-612.0379
-277.22968
-892.6193
1273.6487
-737.57733
483.6175
456.63367
-1553.3787
1098.0438
670.0639
-1254.4698
-1238.319
-880.8682
245.72205
-149.9853
430.82413
221.78581
1245.9954
-833.56635
5.4214396
652.6955
-1388.4985
742.1631
1488.1711
-653.5952
-500.2444
-524.8251
-127.32306
-2775.8154
1657.7467
596.47675
-1156.6781
1549.8341
201.79095
974.42737
-893.6686
-563.6026
1183.6177
736.39526
-622.1274
486.253
1254.4052
45.245495
-112.95965
132.5321
-515.5549
414.44733
132.45854
-1315.5016
-1422.9135
1572.5643
-67.01359
653.79315
-728.0829
-698.8933
222.15233
-201.7415
-19.53821
-1767.8296
-348.20898
-664.45154
1277.8702
-72.09116
-488.8172
-894.68646
-1275.1053
-1883.8861
157.26764
559.7366
-1210.6093
-1224.0227
1429.561
568.7892
290.25732
1680.3951
286.34418
59.949265
772.8004
-879.71313
-210.80579
-192.78706
-830.781
508.2791
-92.314606
1423.3428
-46.31139
-2019.2031
1474.3811
-330.89676
-126.49683
130.57675
320.49994
608.6892
422.1603
1456.1707
-654.75397
806.4046
2377.1238
-1109.8043
-827.4024
400.82697
519.7913
-1251.5806
122.90906
-436.12454
-597.0006
-610.5563
1340.2563
1824.0428
1204.5
287.7931
1552.383
37.588013
-615.59845
479.449
1017.33826
79.377815
-277.3851
337.67627
188.62305
-74.60852
-443.319
-499.02524
814.1447
-27.725813
-115.70876
166.97462
-543.4817
-1031.1118
1695.5594
-1115.9874
-986.5237
-172.26071
-314.68057
1531.027
552.83246
960.3082
-214.18681
781.1722
640.65454
493.8291
876.9233
-379.00934
-532.32623
601.2386
-728.681
342.1998
1505.5928
1419.1423
1989.4702
-1582.6412
769.39453
2092.7466
422.11807
-301.9114
-524.38544
252.54678
710.2877
-1005.97076
1936.9259
802.03656
-1220.3828
-97.37855
-1607.2394
957.1298
1553.5977
-1354.8611
130.0703
-1181.7045
-524.9992
387.84137
-116.0162
118.57203
-959.6511
-595.6794
47.576817
165.12183
1116.2673
-921.7205
-1186.2705
982.76587
-2201.9849
895.07697
1258
-777.09436
328.81433
282.17215
-256.64188
880.1503
-225.92386
-123.8292
1097.5907
1525.2798
-356.1028
-311.86688
-135.52838
867.4747
-370.52637
-832.527
1090.2169
62.734173
-474.96893
1629.3582
-3.3205156
-1494.1273
-685.78687
-1410.7233
-734.521
-1634.7496
405.45407
367.41513
264.1874
136.25386
-441.2312
-1176.2235
1269.5234
-742.8735
-1807.127
-133.76941
-355.9266
1267.0863
628.14417
-138.6737
649.84906
-536.8835
544.7592
129.17764
-879.63794
-258.24823
327.6963
501.02722
44.74642
270.53976
668.0793
-274.03952
-636.3043
53.087196
160.46002
766.5111
783.8997
-629.7389
-489.1389
379.41815
614.058
-834.11566
731.7873
-1162.3556
835.7128
657.65314
-1259.6394
-225.63898
-2353.0566
-675.3339
593.37256
802.72174
-934.671
237.99107
-922.6115
1480.3296
-9.468294
-652.1234
527.07635
-1038.8627
646.14624
1189.8424
-2999.9849
484.18973
476.61942
