-103.46755
297.74594
240.8818
449.2165
198.41136
-190.83673
233.64273
163.118
555.47064
581.2756
71.02365
-707.6698
-232.33868
16.524702
-51.965496
-503.23587
-41.59448
285.2577
-144.80887
82.27055
425.58057
-365.16568
-313.07358
451.13663
-406.64053
-142.3706
488.68143
15.13814
-72.45845
-60.73694
-65.12782
-378.40546
-355.9542
743.02893
679.12036
235.14763
374.12054
57.6744
-342.09512
-641.8714
-611.76807
-340.6329
446.2076
-140.44437
426.81372
42.890697
470.0736
-71.53752
-364.12134
-22.347698
-722.02985
6.797774
-347.8965
21.659328
-226.3687
144.72736
947.5098
-52.897163
104.354195
251.26462
-255.21289
42.436546
636.2627
-386.7294
460.81036
219.2575
393.52484
203.82054
268.91544
87.97858
-63.48003
502.26047
-123.265755
202.1279
-134.67645
-424.7684
-479.07593
-264.03818
281.82474
157.501
-617.5717
119.811455
129.7663
-276.90012
-627.832
432.30966
19.834219
458.61493
331.8999
168.8762
165.90236
260.44968
1006.2422
-903.242
-260.14413
391.24878
88.855835
364.5158
206.35747
-108.95088
-258.43207
-183.02428
-56.977165
-386.55026
-675.64136
17.181656
442.49805
313.21918
-354.1343
462.1514
-593.16284
-156.72977
455.97336
-455.0189
-108.506096
-297.40527
24.726683
430.6729
-101.52826
-209.57063
1243.7198
244.4482
-33.40459
-654.2376
-351.30057
-113.07044
-598.3206
-489.8719
340.52936
-125.14429
43.819317
321.63165
-644.61884
142.04796
-823.7803
240.07642
44.68003
-312.6128
-107.95347
-506.61575
-332.2861
107.0632
-536.8841
-384.4483
41.24956
-50.782513
533.4457
163.43697
88.18846
-418.74832
-103.508286
164.03526
10.678472
-266.84012
-411.11993
285.91013
-425.68646
-195.49904
-709.72675
-74.722206
45.968906
-390.88162
96.286865
351.53745
-76.87564
-97.74928
-430.67313
-214.01796
274.55685
-199.82037
-128.52837
298.45172
29.503958
418.56384
-370.6699
149.23602
206.74963
583.8069
371.70496
-382.61237
-28.351017
258.69254
-125.550476
-338.39856
-456.8054
8.743005
745.19775
-296.45132
264.9777
975.22296
171.79535
65.34797
-476.619
554.0197
596.54443
-847.6426
-46.65442
245.8668
-518.0642
-223.29234
-234.60062
101.46206
573.1546
123.239204
90.01267
302.4126
-296.73715
13.685801
-736.0921
-554.76306
942.79205
9.811275
-803.9309
35.577045
56.200233
309.67813
-290.91907
636.988
-489.11844
-562.9908
327.09003
220.54787
318.14554
-797.8895
-299.95557
173.11546
-276.11307
484.01422
149.10757
-633.1456
203.06204
445.93137
-145.31927
79.93757
290.05835
-567.6242
34.982353
327.18277
-43.271763
-196.87642
-48.35108
81.82325
-182.13043
-684.43176
586.85345
-201.76175
-294.42783
237.38089
-683.28564
-4.806784
-954.6994
698.75995
201.49437
508.51752
430.06714
34.303722
-36.159344
-34.02868
-257.01202
156.09193
239.3201
-409.13092
-119.53976
452.57718
-30.218313
-565.19055
-116.78227
-239.48386
267.4063
-138.0931
118.48494
-649.7251
323.04056
211.69984
212.66054
-329.37115
-45.68963
-64.016754
513.2695
-70.5447
49.00768
-235.49805
-316.91943
-193.33492
264.88596
188.02843
-266.59396
-505.79614
-138.15645
-121.517525
52.392685
-384.14954
789.6199
437.0233
200.4595
313.55103
9.610354
-237.98749
-297.99112
-683.07697
-341.01938
295.0479
-594.90955
-728.3565
271.78775
81.92456
348.67706
-248.81552
-257.9205
-310.39166
-202.46521
-8.078469
18.976551
344.92038
-633.9735
452.14752
188.18256
35.720863
-113.685555
-423.25833
112.8598
130.34303
-771.2429
-509.04553
-131.93501
297.29745
-27.898096
404.29007
-45.87865
614.6266
-1149.1523
188.42416
-39.225792
825.7179
-304.10294
413.89932
157.57542
0.15201831
-130.88545
471.301
50.04382
108.10625
-449.10315
68.59159
-483.86636
129.87834
51.35489
133.85431
-45.29381
320.58282
425.0595
-154.94664
354.47858
-154.17975
84.14515
-371.20425
115.30185
253.88156
-395.26462
-305.38025
-405.82578
-460.97626
-459.14975
-407.47766
-843.69226
300.3297
-493.76468
466.35364
216.17387
777.52344
497.11743
-110.43875
166.57405
506.39014
607.5499
-301.74658
-717.76794
132.915
-380.90836
-707.8231
-177.24016
-194.39165
-220.37195
-178.27039
-545.6074
328.31863
-199.2801
-488.34442
662.3347
821.38275
195.8444
-489.7125
-54.543144
24.253326
-49.48325
-256.05917
263.67578
604.4387
-290.20493
248.11736
259.38986
-143.37389
453.80936
799.24255
10.489251
166.6148
-167.72707
-167.71556
-751.49756
395.37018
-37.826134
24.768423
423.4957
887.743
60.589672
-179.6202
424.23383
-20.104471
-199.76959
-537.9745
146.61507
148.40858
638.63403
214.47072
454.21204
136.7898
-330.15268
-103.93217
-424.29636
-260.19467
551.05035
-707.9969
-186.30617
-372.1313
185.814
499.98325
-128.59566
-150.41428
-31.832235
10.062614
-37.457283
503.59457
486.9749
-208.7059
173.91606
-572.0169
197.47188
54.52741
664.2607
-269.4844
240.15295
205.01321
-206.43288
72.95013
256.14407
438.05328
-331.51297
601.2784
-331.46878
-148.0876
46.30001
133.34813
298.60175
222.2506
-388.48425
-641.26373
-362.0963
692.0775
36.5758
-381.50558
-499.9662
-215.29597
89.108406
530.3934
-68.91468
-329.775
418.33768
1062.9697
-257.36728
-63.306305
405.28174
285.9354
-534.7709
259.01065
-172.5179
-360.94913
-57.91507
-44.93029
807.7272
110.645775
-328.89273
543.1267
22.022747
-178.00955
469.62262
-230.5826
-2.4534762
-57.238613
93.28924
-159.97157
169.91164
-45.599148
-395.58112
212.83199
-3.5851173
79.77599
-220.92538
-534.3137
208.90448
-94.10563
-96.66949
105.003944
180.5202
-564.9334
567.5903
-159.03526
-301.66956
68.076744
90.31707
362.06122
747.12946
-22.718756
-337.50604
101.74516
454.95197
-542.0095
52.07733
500.68347
521.02094
149.64323
-267.37817
-368.95105
911.1073
545.43536
-186.17564
-433.51865
340.31305
694.95044
-338.7393
869.34863
226.3525
-546.3534
174.0569
159.41739
144.4678
179.08234
-551.942
297.75528
-514.1073
197.66373
509.01816
51.404903
-62.266483
-438.72116
-555.5496
106.82463
238.0079
298.45322
-81.360085
-318.74014
428.71616
-1220.6685
478.20563
432.59863
9.801989
186.80212
292.59787
124.75246
241.59949
46.192883
-155.38866
-191.24911
512.8462
169.39523
525.2374
-101.9778
-80.75092
-35.21504
348.15472
493.37192
238.28264
-96.24688
586.61993
-204.62547
-566.29663
430.65533
-582.948
119.22684
-831.50775
854.8419
50.95975
-137.13159
521.6361
-385.24994
-516.9618
244.77385
-217.21817
-196.87535
155.97449
354.36655
-249.21684
92.405
52.36856
644.71564
13.124725
-118.18577
237.06464
-659.3404
-149.50792
-152.48627
207.32332
35.932747
562.9246
-265.9325
-137.15399
150.36345
-49.31084
479.47897
673.2505
830.4914
-77.80161
-296.37927
-178.90671
358.54022
-251.0254
-52.106895
-192.31203
316.53217
-259.63205
-233.39102
-26.33552
101.10299
-143.61162
203.008
683.2258
-7.496023
68.19543
-577.9797
442.0383
70.57074
210.6856
-77.34896
-298.8596
-184.75722
501.19455
-1166.3794
-89.57645
-51.406395
