427.03186
1143.0321
-136.62886
618.8753
1293.0414
1015.51044
-638.5835
576.7644
99.114075
-234.83084
-68.62065
-1709.7908
-716.34094
-994.1455
-352.17184
-934.1861
51.723854
757.90686
195.45116
1715.0271
-119.89024
-1705.5328
-651.52344
-16.155558
-425.57855
-394.68674
-866.91675
281.98315
-562.95404
858.8548
355.19193
-326.56293
448.10013
1797.7556
871.12384
1134.1683
24.494907
-527.0287
-231.79942
-86.77039
-686.2813
-722.49677
-832.75684
702.618
340.21432
-342.9414
19.993004
-970.6686
-1141.8677
482.5795
-106.61605
385.78604
-55.78042
-1108.8246
1113.2563
443.07455
1951.862
-590.1424
501.18475
214.1412
-167.65465
-103.549736
513.6258
-213.22496
-314.92633
43.426933
-183.23772
239.92526
1821.2168
-201.98799
-780.25275
651.15173
39.99845
-292.46848
40.42605
-1718.2174
-607.1921
-1400.1063
-272.61072
608.83954
-191.8081
-653.6605
-657.1818
-1144.6616
-404.65634
1785.3884
-1287.1564
936.70514
1177.5875
511.96286
-810.3123
215.01787
717.4865
-0.7351048
-54.484955
-169.969
1037.803
1310.0233
650.89575
144.41936
-980.1962
-122.71346
-1115.2588
-456.75912
-1119.206
-36.053684
50.252163
1150.5717
-130.96521
-577.7452
-592.59125
884.82776
244.91594
-174.15877
1556.1287
-154.40732
-145.35799
511.34952
96.24098
-1765.8331
224.95944
458.28754
113.04905
100.946686
189.41238
747.80554
-712.7679
-622.6061
738.4491
-295.5338
-157.10616
-140.61249
-475.9522
-944.0943
-183.99678
-261.91403
-271.87253
699.547
745.26337
448.6727
-645.5461
72.99236
-1780.6962
-1505.3579
-725.5279
1532.223
154.78172
1400.9702
-7.7309537
-546.973
610.47754
916.20435
335.40723
-37.279984
185.99294
-49.283825
-784.4841
-49.26692
-2283.4026
476.58047
780.0199
-1137.785
-175.72096
-64.09993
1850.8884
476.68192
-246.50986
-348.27747
525.7067
-1285.7421
-515.9839
-246.34059
-232.96461
682.08
445.6905
553.57684
-128.12538
388.42188
462.8709
-797.49493
343.1649
527.2858
319.93558
-148.30693
-64.71918
-910.33673
1193.6083
-566.2107
-1206.9613
525.167
54.851894
-734.6926
503.5471
1124.2351
708.77325
-721.1
895.4653
-356.33017
734.80615
3.6052575
-679.067
893.0858
150.41254
802.54596
-54.283188
137.34862
279.82126
-892.4256
-1924.3859
-759.79565
223.58162
-398.4519
-781.9331
-1480.8995
631.86865
2111.3755
-457.2225
1450.0161
-292.48663
-688.2082
2.9232955
-36.92709
356.34213
-823.11926
-577.38055
1238.7516
112.9158
463.76123
1212.9518
-264.50735
-465.5909
1092.5597
29.061274
178.39903
590.9939
-1296.9069
-1043.4833
1041.6445
-872.73065
-39.957726
499.0219
852.69946
860.5144
-317.78873
1255.5565
-13.880008
-314.28903
-819.5753
-1287.1649
-639.3493
-875.32367
1654.0349
615.74554
1212.9183
170.61516
507.73627
831.3403
-337.4533
-936.3961
1197.5804
185.70148
-201.96259
561.17004
352.75543
-712.594
-839.64496
-407.00937
141.24036
62.14684
-1223.2728
152.23529
-1027.6252
262.74237
-1398.685
273.29984
-203.48485
-572.2622
688.9518
1282.005
980.17535
96.01644
200.52216
690.205
870.13855
1668.7084
-635.4375
-1183.5549
-1202.0671
967.245
-7.789357
535.46826
-370.90915
-206.06842
620.787
-688.79596
-102.778175
78.754974
-782.3972
-181.37971
-694.9745
-584.877
-677.43
-227.34198
-720.01215
-579.66943
-84.73026
357.6257
-624.05725
-917.99725
180.40474
-584.94965
-1381.4111
-361.48026
233.83162
-757.135
562.3798
-958.2478
-1000.7809
-907.24164
504.5202
-627.2297
-61.105038
-618.09155
-171.81688
16.52568
852.6729
987.89685
-1113.147
269.54144
-133.65346
-225.22714
44.52187
-214.84975
356.34293
-838.1484
815.4201
761.48944
-451.59198
452.27664
716.00964
345.15833
-29.787893
-746.6164
-600.1582
-561.2616
959.0878
157.4926
1708.081
573.2837
755.1033
-214.24127
378.1833
138.8099
104.21529
277.4968
-1020.94824
336.9619
-315.2953
-515.71704
56.249825
727.56195
-103.86384
258.0434
-920.02435
-873.66034
387.15784
-667.0204
-100.312004
-93.44514
1549.5879
603.33746
-1201.9126
-70.47321
157.87665
415.35892
-564.62036
545.96967
1216.8262
-78.731606
-1073.4088
230.89688
-419.21124
-660.3164
650.1245
-962.13385
87.033745
-246.83632
-1049.8219
355.37656
424.37753
-560.91547
-1028.2355
-623.89526
406.007
255.44781
567.02966
648.64545
874.3109
-686.66113
114.67442
853.3605
-1369.544
443.80228
1189.0671
-747.3139
-210.73792
-900.8164
-177.02269
-2590.687
743.97266
1013.0771
-485.74545
1102.0109
-59.622196
593.26843
-666.1219
-867.6823
548.6965
196.33955
-840.6824
531.69666
1043.7738
578.00507
210.69669
724.08923
-47.649704
402.06552
-95.50847
-757.64014
-960.52325
983.5999
-596.7238
438.5704
-438.36676
-142.74515
567.932
-197.34232
-137.40385
-832.85846
569.616
-665.85034
919.3604
353.5753
-262.85184
-1.2790978
-686.38525
-1234.6827
-105.64161
802.48676
-341.22922
-567.72656
1131.6572
520.9165
563.29517
1329.766
-69.47032
-107.354004
508.13992
-140.67952
177.31511
-17.957964
-130.2861
264.06436
429.41098
984.21106
171.64174
-1895.5248
847.0512
-309.50726
585.4958
-528.6045
473.57407
326.90576
51.205776
1361.8651
-845.57263
516.5359
1268.9647
-1001.9023
-1320.5314
553.1927
955.5515
-920.1677
-159.37576
77.057274
-668.38477
-812.8122
1512.0767
2129.466
1128.3691
-103.05602
1094.0895
87.05721
-33.07701
403.34048
709.44135
146.60115
-578.93713
365.0065
419.12183
195.57318
-1001.5395
-961.6142
329.65167
-519.9821
218.19412
208.24806
-73.15067
-1390.4926
1432.5691
-549.37305
-832.1159
-357.92078
-873.91785
1017.073
-237.56754
471.01572
11.923538
647.69104
398.05853
620.03455
564.1138
-932.8132
-329.64703
-229.16902
-544.38947
266.57684
1284.3457
1780.7217
1080.4673
-1024.1295
484.18228
2315.101
456.4793
342.17273
-783.39087
863.5844
428.5118
-468.88806
1401.0518
165.02066
-866.06036
16.983238
-960.2477
685.98315
1483.2993
-724.7952
-213.35454
-1187.7194
241.8732
850.7519
212.23041
-11.457672
-175.28516
-1113.7234
-310.37787
141.56711
666.2867
-900.36914
-324.18192
1385.6923
-1642.2588
935.52484
1252.3967
-296.94492
527.8317
546.6602
-986.9598
509.81433
-124.19806
-381.4595
1419.8339
817.29315
-20.107702
-268.70197
61.38394
841.3941
-653.7246
-389.22647
832.2382
234.23064
45.89973
1426.1862
-119.62574
-1548.4122
-563.3968
-1377.7133
-598.5456
-1366.6613
903.77747
243.79028
371.36368
-71.044174
-363.066
-481.67548
1486.4818
-1027.4918
-1816.0391
-368.11667
161.21109
396.24
-103.04387
-766.18274
1115.0072
-562.42865
145.15433
687.32214
-943.1305
-247.05136
-329.74338
1064.4739
636.5309
906.4792
266.71152
-457.4556
-42.817158
-173.20367
767.26917
739.0267
1058.3975
-495.55505
-372.3351
406.13712
24.547504
-790.6495
1239.3684
-773.7754
477.61438
156.08604
-820.80707
-909.5115
-1595.8405
-481.5399
681.09625
779.4063
-1183.3326
194.89119
-920.4829
1158.592
379.78882
-672.88806
285.42444
-1080.4921
246.33847
542.6949
-2007.4132
256.18567
-185.4774
