212.11812
1022.6057
-118.389084
606.5614
1219.2781
1054.2106
-731.71686
539.8204
53.350666
-162.39215
-52.579517
-1800.2837
-658.0364
-1060.1033
-268.00555
-988.3829
-4.326456
798.8727
278.89966
1567.7722
-184.51628
-1696.1658
-706.75525
-111.07268
-242.68927
-343.47708
-1151.9966
268.63632
-668.8596
967.99054
323.15088
-270.10455
468.9995
1644.6366
985.4093
1005.92676
126.63377
-727.0365
-167.07346
-131.07158
-797.3142
-687.8618
-918.45557
588.18256
228.89523
-203.50812
-98.34721
-1067.3993
-1196.2721
455.3661
-91.348694
365.88358
47.619617
-1087.039
1055.5167
460.5568
1997.433
-751.45654
521.04224
267.97385
-177.73569
-56.128807
525.6092
-330.0046
-176.0623
129.39583
-263.06485
371.46173
1756.4065
-123.75736
-762.30597
575.7131
61.768314
-389.42636
41.74563
-1960.7517
-419.3931
-1285.5519
-173.2848
575.0311
-95.36911
-734.653
-686.7891
-1098.6283
-518.6155
1530.9138
-1305.9521
841.978
1330.4923
513.8199
-766.4812
189.25862
802.5301
224.25134
-140.65459
-164.07088
1075.188
1305.0613
620.30646
110.5067
-992.2028
33.242973
-1038.6267
-537.65173
-1254.1276
-58.734886
113.145226
1163.1132
-225.27823
-659.4597
-574.25073
873.3986
172.5924
-253.96082
1610.9779
-306.10632
-131.77544
592.4947
103.718414
-1878.7627
351.59515
663.3221
131.27333
60.074043
74.99438
640.5104
-721.9818
-652.76575
672.27563
-340.5766
-116.44764
-36.97592
-591.8493
-911.63513
-261.93835
-189.36873
-296.33908
749.32367
473.62994
359.0873
-497.88794
103.02014
-1805.369
-1571.934
-658.1229
1345.1151
180.45012
1350.6941
-7.98822
-588.51685
634.4696
995.4976
266.04388
-48.975346
351.41
-201.5302
-608.7165
-34.52471
-1999.685
511.2139
642.7605
-1136.0591
-206.16238
-118.59239
1859.8784
623.52405
-150.74248
-266.32443
689.2893
-1248.1234
-554.40857
-178.62766
-226.08418
625.05426
637.64
440.96185
-128.46397
374.03336
439.62482
-551.0111
171.16379
430.7526
398.8418
-19.985394
43.994743
-914.4869
945.1078
-521.40454
-1130.963
523.50256
58.47319
-669.3724
409.50192
908.2793
540.3258
-678.8346
922.1988
-521.9787
696.01166
-53.74532
-590.8807
944.3399
-36.36982
787.85803
68.07451
172.40666
232.80908
-875.91095
-1791.4603
-762.4418
177.35168
-218.80008
-910.91516
-1556.1655
592.5252
2008.4785
-366.2032
1481.1285
-366.3531
-566.6128
42.239006
97.88891
232.18532
-805.5264
-595.53235
1085.909
403.52625
465.06567
1184.263
-291.51266
-416.26074
1265.1694
-48.277702
120.4467
535.79047
-1367.7412
-1329.4346
1078.3303
-958.9656
-132.58035
354.23395
932.8236
867.2858
-299.39352
1310.7253
-16.926498
-381.06964
-729.91064
-1355.326
-755.69226
-1177.4154
1593.1344
484.7049
1096.546
31.799047
453.6899
897.8504
-311.11642
-1062.3463
1065.8761
229.31726
-299.27335
558.0655
391.88983
-670.9763
-632.8095
-242.34134
81.70456
158.71843
-1173.1727
215.29631
-1028.829
265.04874
-1461.0797
241.28123
-172.9456
-630.19745
857.72815
1290.9167
969.24963
260.93167
-108.463234
717.69366
809.2667
1922.0891
-579.25543
-1284.2794
-1235.0802
1177.7053
99.16199
395.93408
-415.43417
-92.27032
576.40784
-705.0406
90.03406
169.6942
-761.645
-214.76245
-626.0998
-495.7282
-800.1067
-342.88547
-797.44257
-542.9234
57.560646
273.75824
-536.88074
-876.67725
26.310858
-638.66315
-1408.4014
-359.19324
118.20781
-773.3735
428.7289
-766.86255
-1139.3451
-906.61285
423.9783
-705.7473
-227.6516
-632.962
-19.049124
43.11288
693.1598
830.3846
-1103.1742
419.2315
-315.3909
-94.40262
4.0284076
-321.51315
313.7473
-719.8655
871.9825
794.524
-393.70987
411.56952
743.3826
354.1378
-71.93122
-671.5163
-472.0935
-510.62347
955.64667
210.64963
1855.813
657.3973
702.11487
-154.68758
315.4623
-26.139309
270.3998
482.1196
-790.1436
367.212
-271.28696
-480.1019
39.392826
692.71204
-208.40887
16.689632
-794.419
-737.9279
456.66556
-694.50854
68.86507
-209.07913
1666.2354
595.1376
-1184.1843
-73.9667
71.848
331.89243
-838.70123
410.27606
1292.5131
82.720695
-1070.5696
196.89615
-350.50256
-640.77673
406.19672
-949.84906
158.10533
-298.8638
-1064.6864
433.94986
283.8517
-653.6225
-1113.4442
-632.4776
371.08325
315.8357
649.4787
704.72406
908.306
-652.27325
-17.859985
749.9224
-1611.7219
504.68933
1196.8867
-775.8458
-148.05742
-1029.7621
-222.93832
-2614.0005
921.9815
887.34424
-454.20395
1127.9962
-22.534962
663.7152
-534.06683
-770.82
582.1479
356.3462
-940.18646
645.1496
1108.9111
544.2157
198.49751
679.3349
121.119606
676.8618
-143.39021
-738.11847
-990.4008
1118.1724
-555.3212
690.0233
-350.51077
-283.70496
494.84857
-158.66327
-258.04715
-977.7081
476.9008
-778.7728
885.66266
402.71973
-147.9635
-33.190903
-599.289
-1253.5046
-20.24224
842.1442
-473.13895
-658.5418
1125.2367
382.69827
575.02856
1494.381
-194.58571
-82.66694
528.5292
-342.98666
89.73993
30.465504
-65.38095
208.10895
478.8346
991.2643
52.0397
-1875.8107
977.4006
-261.3733
397.04623
-586.3858
412.84293
378.55917
14.95891
1458.6982
-815.2446
642.5768
1517.0587
-1161.1416
-1374.3365
479.53226
893.26764
-926.21735
-195.37796
112.32366
-668.2702
-855.61865
1561.4526
1986.2638
1019.4829
-197.0364
1150.2839
-7.989901
-128.2077
356.6047
769.6871
190.2444
-553.9272
216.8138
425.05087
227.19913
-1029.894
-771.47516
360.47668
-406.6904
359.27545
114.47878
-32.24169
-1275.6858
1556.9253
-591.3972
-842.1279
-371.50717
-728.9019
1083.0198
-156.07675
479.38474
-22.737318
758.79535
301.962
550.8531
537.6256
-879.7639
-304.10184
-256.5294
-538.406
272.33453
1264.166
1655.5593
1026.9753
-961.6866
539.342
2208.812
420.29468
418.97418
-763.38275
673.14716
345.01218
-518.89087
1421.5713
95.49617
-1129.925
135.15956
-1176.013
745.14294
1548.4434
-627.32544
-73.87286
-1121.8307
306.89117
907.4007
250.30916
79.69085
-14.117709
-1072.2422
-289.32654
51.397213
585.4024
-842.13556
-369.275
1004.32837
-1856.6218
926.91907
1063.6447
-247.38383
486.80493
521.4656
-808.6916
501.61838
-105.72511
-329.32803
1331.9584
981.04846
173.61136
-192.02455
-176.61046
890.58496
-642.46924
-302.88385
836.5568
185.77611
9.602103
1437.6147
11.839399
-1632.6648
-607.6831
-1481.9752
-728.35095
-1439.6598
1003.42303
228.14928
340.50043
-171.24239
-372.79904
-376.51782
1483.0632
-887.06915
-1739.6821
-487.6871
80.32575
321.52777
-187.16086
-746.5771
1096.1008
-603.5645
135.825
553.65576
-780.97925
-317.97485
-461.10953
1112.3983
600.4705
1010.0849
114.52845
-444.52005
66.38565
-298.5605
669.1885
633.9725
1111.1332
-520.02905
-356.88617
359.31906
265.11694
-816.6415
1340.6393
-766.9068
497.22925
67.931305
-965.9676
-881.34393
-1677.4656
-491.3912
732.786
831.03845
-1135.5724
315.26697
-831.0987
1288.5785
402.08917
-508.0721
178.15395
-1057.6609
171.28322
526.80396
-2028.394
315.31476
-185.56204
