-403.53442
399.20786
767.9599
334.70795
1199.1077
1075.163
-762.5338
741.33386
-146.54245
72.705696
-633.2952
-1497.588
-908.46436
-824.99927
-646.60223
-1372.8994
-1137.0355
862.7283
-69.24552
1755.2996
-128.10518
-1073.328
-167.72734
-72.96152
-977.44775
-95.42722
-905.7141
-101.11078
-801.5766
255.2254
517.7845
-100.17503
606.34863
1751.3779
1624.2766
938.8264
-121.11794
-478.4197
58.49741
-482.14014
-776.5422
-640.9096
-363.72827
424.05554
756.2618
-427.98474
-324.65347
-1091.0564
-612.8239
281.93997
473.13098
5.6882854
-39.202457
-1319.4806
1515.4135
-244.50578
2073.3062
-140.51453
560.4147
-229.02155
-198.9081
-241.21814
456.85397
-766.9712
-163.08762
184.6515
-303.2472
263.02084
1872.3855
128.47946
-380.89087
74.922485
26.064224
-470.995
454.38635
-1585.3047
-173.15897
-1369.8779
-176.50833
800.49384
128.31602
-770.11884
-825.3475
-1065.845
-705.86176
2408.4116
-1130.9822
1229.352
1445.0009
992.33606
-538.25867
247.02406
1197.2607
362.74112
-554.86163
214.88905
1382.4354
1092.0554
1069.9413
-194.94698
-1050.8773
648.2459
-1039.1874
-365.7357
-319.10757
86.51309
-135.6316
1551.1146
50.97433
-810.7222
-1462.6072
1159.4403
211.12595
-441.6443
1104.136
-161.40721
-481.88498
509.75278
-713.26685
-1900.9049
216.27382
677.66144
255.01968
154.19987
46.578583
1030.7139
-846.51685
-832.33124
1029.0848
-552.6733
-31.991325
-166.41928
-663.89233
-801.6948
-292.66885
-631.53534
-408.23392
544.47205
321.2867
707.83655
-440.7252
451.33777
-1820.8021
-1462.8223
-221.28914
1185.1993
137.55095
1534.3384
19.450045
-701.7687
1100.4102
1258.9669
-237.93494
-320.47293
417.65762
-367.21225
-341.09854
-393.2618
-2412.8655
871.30444
659.27954
-1166.8525
165.98645
160.74406
2061.1008
992.4571
415.8741
-85.52969
899.2561
-1622.9308
-393.5962
-393.80408
-129.00334
1001.96716
271.36407
664.2005
-195.29584
550.4548
496.4899
-1278.6813
-227.25795
511.17932
180.63011
-499.0861
-604.9811
46.30437
1146.8828
-538.6971
-1053.4761
425.02356
127.25459
-741.279
-169.13867
937.6147
629.3895
-608.48773
1011.7935
-369.1905
852.89325
283.93015
-191.02206
1557.901
108.43508
861.4437
171.25984
834.33875
465.5504
-607.75964
-1562.7881
-466.89032
-387.79852
266.98648
-855.66675
-1577.3131
647.9072
1848.1779
-303.67383
1174.1432
-300.87286
-541.7793
-164.45457
68.45321
249.70355
-479.8103
-98.3244
569.67676
632.2142
95.82277
883.2314
-909.4239
-554.3679
643.6992
-142.42134
316.90665
759.50916
-1281.0472
-1402.6564
962.3949
-227.99782
-351.06094
418.6465
775.9616
678.7175
-317.88928
1317.5989
53.278282
-501.5562
-668.2947
-1335.6182
-1163.4341
-1081.4424
1454.7849
609.7458
784.16064
-465.77216
760.7538
1013.7937
113.33017
-663.5026
631.78467
107.71032
-369.08737
660.59283
883.8009
-580.06
-788.2535
-194.42834
10.347017
843.982
-1252.1304
515.54474
-1451.8673
-514.89795
-1420.4761
210.62556
429.55902
-976.08685
1274.4882
1054.3798
861.70703
7.1352997
10.945278
572.5885
660.8857
1243.189
-1466.2657
-1569.8159
-1061.2101
1396.3512
-470.66052
-242.10173
141.3185
-500.1132
411.12457
-711.23206
79.36624
-52.61336
-61.963966
-990.4741
-630.74786
-573.0115
-1032.6598
79.7631
-606.3462
-342.60718
-533.22864
777.6057
-629.44366
-1486.4701
-50.753418
-478.59717
-1724.2681
-431.9103
401.31766
-764.6747
1425.3472
-814.44727
-672.6317
-888.68756
551.82184
-303.70892
-41.026344
-869.7562
-540.7424
137.4891
327.4171
1191.748
-471.2906
755.4532
-452.1621
439.9035
202.92828
-550.51935
226.35445
-1488.1759
752.8113
689.3013
-170.25374
411.6599
343.64227
678.9292
442.45758
-524.5504
-715.2259
-769.6144
751.0739
5.8456283
2234.0383
-170.85365
441.3418
239.01317
484.3962
-432.64975
719.52435
287.6294
-889.632
268.03183
30.856594
-297.9296
-118.67858
959.2366
558.9041
95.51471
-879.95087
-636.02216
305.08716
-534.2948
355.2211
-42.6901
1682.4479
687.2
-1311.2819
266.91827
1136.3059
-229.68903
-552.5899
404.54083
1203.5247
-40.49429
-1591.2118
-205.37665
-374.7567
-688.4681
1200.0902
-1178.4247
408.4857
98.61792
-963.2572
421.89398
254.3697
-1087.4384
-1546.9943
-699.4065
470.0095
-174.92584
532.3093
457.7221
563.5861
-188.31815
59.1691
782.9523
-1317.4442
766.8637
1301.5006
-933.4192
-154.88512
-934.0821
25.73917
-2831.6987
1682.7954
990.32056
-789.5625
1428.3701
115.34045
592.72797
-383.32516
-914.2414
964.8708
505.96008
-711.34296
279.61356
1126.6454
549.8646
160.63458
238.55591
27.65611
333.62006
-280.1993
-826.22217
-1332.4117
1194.1133
-386.8718
924.1728
-471.40283
-699.59863
207.43007
-117.85792
-310.2018
-1658.8055
109.182076
-437.32596
1271.3142
-230.8674
-144.66042
-710.641
-1095.8849
-1483.7697
290.8183
779.8066
-1024.466
-854.1634
1128.3905
749.8862
489.21454
1613.055
-189.47136
252.42282
1048.7902
-672.21216
-111.80727
-117.29956
-648.7483
492.35147
457.6668
1391.2538
-160.60457
-2208.3762
1261.44
-586.0315
-206.17986
-553.81213
584.16736
414.85254
-64.51884
1586.2925
-880.91296
585.45667
1826.502
-1199.2708
-837.7576
439.51315
774.32367
-1055.3932
269.19205
-164.31194
-833.40375
-725.848
1246.2068
1734.0369
1243.6735
157.07133
1637.4824
-110.579994
-57.45895
673.29834
901.49207
-21.82055
-548.3985
398.11194
223.50534
197.68835
-787.0868
-522.1687
526.26416
-619.63043
172.14015
-73.5247
-129.47934
-1245.1243
1748.4209
-832.90405
-927.44867
-549.435
-732.47986
1368.8352
34.960285
538.97906
-239.28343
650.41046
514.9245
855.4518
884.4463
53.031483
-423.57675
303.13403
-597.27515
252.67493
1528.4232
1217.3964
1318.8563
-1381.2382
657.5808
2216.5193
204.38667
-411.21967
-321.18643
666.03735
935.06854
-1035.1829
2087.3018
379.4936
-1086.7168
-31.689983
-1718.8641
947.41907
1477.9629
-766.4437
169.1272
-1231.7104
-454.7845
185.27101
138.18306
345.4952
-512.0759
-667.15656
-357.6939
-5.578691
881.75494
-941.51776
-612.7216
1404.8125
-2194.2378
783.2753
1279.8812
-271.5978
280.70013
157.70737
-538.14636
894.7835
218.87617
-64.39372
1498.3727
982.0535
123.30842
-46.680443
-166.69252
681.6214
-411.66693
-104.72869
1256.3615
207.35387
197.55507
1781.268
-260.58752
-1592.9043
-696.48206
-1541.1796
-788.08154
-1298.4523
390.94836
368.5425
282.1615
45.43446
-590.88666
-767.2185
1415.9642
-1241.5115
-1618.0632
-537.56604
102.56367
1036.482
140.12997
-407.54553
810.6132
-539.5058
524.7535
-18.030571
-456.6207
22.72543
-361.76196
881.654
70.42948
804.84955
530.637
-528.9051
-184.30429
-156.36374
548.44763
900.1995
1043.2693
-791.64215
-435.33725
409.74295
444.27734
-775.49524
908.68
-1102.3966
398.60648
627.08887
-1253.5203
-590.4332
-2094.2715
-848.6507
579.65686
848.66455
-1114.6702
192.25278
-516.91296
1230.8246
186.41353
-642.6449
389.92023
-1212.7952
-230.02724
854.2931
-2444.3699
331.75372
16.931864
