-366.9467
237.03587
235.76338
487.23416
394.67435
-229.24707
59.820114
12.134345
455.87582
419.38318
99.42392
-857.1869
-346.65475
62.37551
-41.261005
-579.1926
45.754513
313.2383
3.345426
8.217
570.5662
-168.39017
-247.87154
271.67386
-393.52298
-121.3283
317.9747
-122.757835
130.7025
-73.17735
-10.591605
-236.12137
-447.35226
485.83072
599.9465
437.75687
406.27304
148.94955
-568.07544
-605.9271
-719.907
-11.929536
595.77234
-136.80603
504.00195
44.78828
414.71655
68.65481
-319.1883
226.84071
-615.1346
-108.24003
-187.99239
-23.64292
12.900987
219.2911
895.5587
75.74636
-108.02151
102.219955
-466.65118
-98.37559
741.9457
-353.26154
281.48422
283.20786
417.4128
350.8903
295.49963
78.97392
-290.39966
308.02563
-53.179607
-13.592649
-78.37469
-206.97067
-308.2051
-266.70428
396.78592
171.183
-748.5145
74.753235
224.77315
-142.04533
-595.8905
166.10104
95.58074
305.00214
346.57388
265.67523
395.9504
56.893658
1248.5732
-885.26465
-453.43423
433.1427
1.6653645
102.31954
361.8771
-247.6332
-333.6851
-8.222311
212.89925
-347.26083
-807.43854
16.049994
510.26852
194.69255
-548.60114
348.82736
-552.35815
-129.1965
642.16864
-391.3282
-79.48185
-172.24202
-115.97119
355.19012
-52.926804
-263.19656
1184.3691
282.54666
-170.95105
-725.7949
-498.94922
-78.11957
-533.73315
-369.9687
478.09683
-169.54854
182.01143
330.8928
-706.03424
76.13637
-518.696
203.03621
200.40755
-393.23804
-148.88925
-442.5197
-120.82288
227.49237
-507.8916
-312.30722
152.22984
-146.44518
501.12537
-28.810549
25.296484
-212.10884
-144.09676
103.874565
75.25419
-247.73428
-410.83133
144.63603
-383.1296
-193.65497
-619.2594
-70.15125
-71.10256
-287.23917
185.10262
426.4156
-159.5989
-190.38647
-337.27692
-293.23975
241.88322
-394.71735
-121.93757
361.90692
102.11992
714.4628
-386.88614
224.80023
148.47403
453.26236
259.219
-333.53018
-380.499
131.71213
-240.49312
-240.90904
-369.4158
-53.173798
637.4357
-126.23032
307.51318
719.49347
-60.535072
129.05675
-377.3597
666.49365
562.8633
-790.22864
-214.98521
209.14241
-528.43054
-110.48151
-118.08511
-88.553375
676.5299
-38.36796
78.99117
494.65857
-274.01523
87.387436
-635.69116
-592.8456
714.93646
-230.60878
-728.9729
-27.659678
108.85608
455.53445
-450.14035
542.7099
-410.03433
-556.6612
165.28128
180.93832
169.95714
-1018.9972
-151.8385
183.85736
-241.20802
406.35156
126.32285
-507.77643
274.04355
454.51715
-73.49601
117.27748
504.2515
-423.4936
94.42775
257.53903
-61.62443
-201.51126
-187.67093
-58.344345
-168.83685
-558.4703
602.9967
-46.833145
-149.11761
162.69264
-525.2822
-42.490562
-790.879
495.00748
214.7651
492.56778
354.73148
115.752556
136.59674
95.53226
-280.23325
3.0694506
222.24268
-383.49957
-7.5652905
431.7359
34.0729
-512.60144
-307.09296
-450.04803
158.91144
-63.67711
52.086933
-370.45407
419.3077
92.87283
-13.3257475
-389.8024
-2.8327563
-168.50287
438.70587
-105.55842
63.02035
-308.566
-137.76773
-19.12877
242.85655
156.89914
-275.46127
-580.23145
-180.30524
-156.07448
20.496572
-319.0607
634.7549
662.0115
11.627611
194.06454
13.587889
-220.14212
-268.9848
-450.8819
-214.28995
335.1584
-629.2455
-845.2496
113.55342
175.26099
265.79916
-254.11546
-266.59848
-238.40407
-305.86945
82.10991
29.274204
262.89832
-531.9502
477.82025
-39.13085
244.25008
-74.23217
-252.52362
-47.596745
184.35635
-756.34814
-518.0258
-191.63136
206.43666
-153.46655
369.18805
-203.18071
588.8374
-1174.0581
171.33295
-11.276089
773.48505
-201.64742
298.0834
-12.0571165
55.711544
-161.77739
481.7977
94.90385
183.9743
-452.92642
-22.625647
-515.76154
58.44041
277.65335
194.83176
-135.75136
140.95311
721.09326
-123.02459
285.92853
-178.98286
73.065094
-418.39038
108.412895
281.49362
-392.41483
-323.35712
-435.6033
-413.89136
-352.81012
-301.12796
-568.2057
190.73523
-670.7285
431.11993
39.28305
658.3351
389.5331
-50.267567
93.9014
366.0504
541.57623
-241.18504
-666.1677
121.98847
-401.75888
-642.56934
-77.20787
-91.01051
-296.52032
-274.0805
-490.34756
435.19415
-253.37935
-390.08453
645.65546
679.5735
178.47127
-350.6477
-132.61923
67.94067
-6.9199104
-196.22057
239.10594
734.7009
-400.52878
259.47928
213.65613
38.919395
413.8169
674.0625
-19.752083
154.13237
-102.61379
-305.7593
-618.7852
194.91475
132.14937
278.6807
223.56317
1074.0286
-268.4978
-76.021225
404.41956
-39.664604
-104.57512
-458.02185
129.3002
-49.45231
322.27332
177.1175
324.47247
118.20888
-263.44418
260.48642
-402.44745
-252.71011
565.55927
-602.8133
-42.06061
-290.5863
-32.58219
449.2067
-53.504757
-156.49565
-25.28965
55.31206
44.95169
473.4544
541.4256
-267.769
48.553288
-475.88968
134.51265
-0.081674576
670.54803
-189.72147
269.44534
-47.12856
-302.22
249.2872
107.21941
507.93356
-394.7386
558.0886
-176.24466
-270.30997
9.513292
32.724773
519.79535
236.98645
-482.9777
-559.40894
-113.35017
938.7201
-184.33344
-478.49478
-666.7414
-200.1921
37.41111
381.52393
-120.87225
-505.88184
475.57553
838.3777
-150.04887
-8.430037
307.62274
131.14116
-490.10504
232.9579
-138.86699
-266.84256
-135.68533
-217.16931
668.4346
148.2852
-397.6103
425.3066
-69.96596
-237.32835
513.93585
-28.27874
-143.86365
-113.76896
214.58615
-356.76675
34.430473
-56.67916
-360.4189
47.680992
-202.79747
68.67833
-191.2523
-561.92505
292.98212
-24.71141
-18.818186
195.9647
133.20454
-432.96274
469.70404
-182.6896
-287.42563
94.23619
87.831696
280.318
791.4709
-150.52057
-334.21527
-23.046232
374.13647
-478.29205
-5.9784946
265.84222
393.6622
209.85034
-258.516
-419.2189
801.08923
458.5716
-294.6482
-267.82288
258.49725
667.1849
-326.94067
870.14984
257.154
-390.92535
327.9983
119.47875
55.207478
134.49287
-601.53125
264.46118
-352.7175
100.29423
476.37598
-189.2797
9.941866
-485.0069
-530.02344
76.14539
198.3029
260.45032
115.95852
-236.33011
287.77206
-894.78845
329.82434
601.3648
-53.93967
-42.067272
467.10132
118.04942
151.98602
233.53224
-17.594992
-326.42587
407.65448
137.65523
593.2862
-118.06834
-25.538063
-178.5445
348.31696
282.43835
279.95633
-115.51398
480.55893
-150.97285
-563.0874
463.1218
-572.47003
16.521824
-521.58636
643.66815
89.207596
-30.328474
562.77106
-468.6948
-500.77493
377.49088
-260.53604
88.982765
61.969036
472.16013
-310.98523
139.52933
-60.438713
705.0661
110.573814
-24.525457
30.068264
-554.0702
-80.62587
-91.03904
196.50919
212.11514
509.53247
-341.89166
10.396885
52.71776
-23.909891
354.03247
746.66394
645.07983
-167.03114
-228.83987
-276.397
406.78134
-224.30348
-39.671036
-283.0959
228.91095
-389.008
-285.264
90.96432
94.05036
-327.86127
101.43575
439.30783
34.20325
51.084404
-595.4271
229.0691
34.388412
-0.6491257
-140.90627
-425.98904
6.2256365
581.6727
-924.2134
-197.46162
25.154316
