-126.51717
491.9853
245.42618
217.73064
140.3103
-199.6914
104.21149
510.7011
688.0729
606.0489
341.99066
-706.92395
-54.1941
-91.002495
-222.20615
-558.50397
-69.182335
211.01617
36.219826
239.99872
357.47498
-579.03156
-413.79755
505.7681
-687.0359
-83.69995
217.61609
-142.08289
-176.01872
-5.369526
38.33883
-524.16003
-317.77142
849.12604
398.17056
409.78183
182.39871
-53.035423
-65.764656
-723.91504
-647.19464
-389.22586
162.33017
-216.1227
404.3703
161.19102
545.7289
-205.84541
-247.5566
-179.30247
-521.33875
156.2888
-395.99557
281.19446
-192.78957
396.96945
873.0886
-283.85715
-222.80104
285.5028
-191.12874
194.22238
604.3417
-331.7186
401.32022
295.1727
297.04764
20.3082
310.47577
-8.339434
21.514612
469.9621
-59.83894
97.19395
-158.08669
-359.04694
-672.87775
-288.16278
301.16754
134.70645
-443.15213
-66.37563
-400.5878
-352.26895
-811.92267
597.1969
259.8634
738.0891
416.8905
102.17543
179.73059
218.44118
1188.3425
-951.7833
-365.1731
455.09094
335.17645
420.69006
313.40317
-2.3284779
-180.19873
-192.07251
-87.46021
-185.40964
-652.02014
1.0420059
616.35046
274.32785
-94.59065
259.656
-531.10236
-158.62488
373.84967
-388.50635
45.4869
-205.62874
140.82822
406.20584
155.55405
-221.71245
1181.6736
295.54037
168.31854
-644.9088
-683.27124
-138.19394
-990.0679
-580.6901
507.69418
-77.669785
204.94977
142.29309
-993.3439
96.90885
-654.19196
377.0534
-307.83282
-96.92841
-20.134655
-319.79483
-119.30111
135.73232
-698.6375
-563.1992
6.546232
128.88
533.2425
324.71606
30.715569
-336.6564
28.291594
199.64218
6.7373285
-300.48526
-185.08372
308.88626
-377.03885
-501.05417
-826.036
5.5661054
102.58493
-537.48425
375.49097
302.9461
-194.34476
-96.92504
-516.32336
16.252998
228.56175
-354.29572
-389.68155
499.76633
-44.946136
404.29007
-401.5293
338.03918
27.084248
762.22845
494.63373
-524.35956
-108.14182
139.05063
-41.256866
-327.67615
-229.65038
-324.31766
954.7151
-439.7959
-256.9676
919.2666
8.3098955
-69.35781
-432.25217
574.31775
368.4914
-556.7809
15.243364
247.2468
-398.2696
-255.78307
-150.90239
344.58548
225.98871
262.9779
180.28856
455.7875
-279.89774
-38.96428
-795.54755
-532.73944
843.87354
40.559105
-916.3288
-14.773251
221.55994
582.09296
-387.48932
787.65967
-519.97253
-546.6685
283.71146
182.20854
409.14972
-988.39435
-236.25313
3.163286
-503.757
449.02466
-48.01046
-564.9231
346.52896
140.1969
-33.193314
-111.83852
477.474
-689.45374
-60.035763
129.81905
-287.90552
-218.0294
-150.40692
313.93658
-94.56262
-364.10608
804.1719
-250.33488
-261.07013
211.79276
-997.4855
57.247078
-1000.59875
632.44244
-7.5863843
587.0219
400.87976
24.508018
-169.95786
-211.12617
-270.75333
341.25665
104.18
-657.6113
-234.84778
245.88713
-146.91566
-587.07135
-314.40225
-485.85773
285.45016
-174.76357
4.1193314
-645.9966
327.2732
332.27036
103.557045
-396.93005
-117.48656
-128.10333
624.08167
-89.26631
-63.450066
-390.4587
-65.25437
-109.57383
319.283
57.372395
-426.05716
-405.4567
-264.87613
-95.66297
96.67161
-268.43634
1037.5333
467.3146
66.69926
210.405
142.5644
5.1301503
-326.3466
-603.3861
-285.58633
420.09888
-554.34937
-575.5107
312.23178
254.78296
258.26675
-108.738335
-276.1329
-258.98672
-383.04828
-14.192938
-99.19754
250.39427
-595.35443
153.86208
37.141014
-143.1721
-407.56082
-359.26056
-68.73069
152.20569
-911.56165
-354.09833
-142.88419
461.65884
23.19823
308.3895
-441.83615
695.7628
-1103.769
-141.05917
-70.352455
848.7738
-246.70082
525.4181
596.0526
-252.06638
-168.4491
634.47845
515.5411
162.72708
-598.4348
28.15157
-312.60858
184.54556
10.855307
498.68057
-111.73644
365.57526
433.46167
-81.1617
425.2754
179.52196
-53.108234
-240.26755
155.1994
155.77524
-274.76752
-277.53134
-224.68742
-303.39304
-427.46982
-611.89575
-1027.9423
359.76434
-628.31683
440.77063
156.89726
515.7591
568.62134
-157.6028
224.42445
511.95328
568.65234
-425.47842
-552.87897
261.36887
-177.50716
-636.64954
-150.63866
-143.65955
-297.16373
-121.992065
-542.7241
384.76175
-167.50806
-444.95724
662.5693
822.67914
253.9048
-392.53857
-27.677223
163.01442
49.622402
9.767792
277.01346
678.8826
-553.5778
370.60376
225.54892
-145.68086
406.13757
864.6736
-180.94217
381.59595
-229.18262
-260.03525
-879.6428
730.6461
-77.0611
-145.14084
380.62698
721.39307
116.09313
-10.114427
280.44424
-41.29111
-160.46388
-471.1032
94.41935
-22.200142
813.2907
-18.501766
419.7529
120.11203
-488.84552
-135.37782
-546.57684
-319.12115
544.1244
-708.4439
4.8846755
-292.1621
271.27417
593.1583
-53.240944
-225.81653
-205.34827
-6.1399183
-69.21786
509.4852
551.4044
-332.7177
215.26004
-619.34985
119.34493
84.16245
819.2616
-152.07632
-11.846315
347.73306
-144.60188
127.7936
337.40143
369.09604
-391.70633
589.5564
-224.7701
-274.80457
-69.33652
-135.78096
424.31824
686.87964
-319.1427
-533.3606
-298.7066
636.4726
45.365555
-111.485596
-647.20306
-402.78964
270.74448
632.45654
302.91727
-308.80203
480.5858
1117.2137
-348.28796
-66.63241
78.707306
134.03285
-595.72986
314.26645
-259.48376
-450.96454
-290.91522
140.208
696.8799
47.45455
-121.0013
725.1502
-174.66309
-384.88092
415.89667
-146.59709
33.599106
18.604692
547.40936
-205.75992
302.60565
-76.1081
-624.0029
373.5131
-240.77155
73.88646
-195.28992
-356.44394
-27.454172
-314.28326
-228.66681
67.376305
219.46545
-471.8667
468.71216
-60.92678
-174.20421
-262.39197
95.923965
356.3049
856.37506
49.886208
-379.33008
348.1222
572.8989
-125.90966
-39.612816
397.78638
721.3806
158.86382
-429.2375
-616.5732
973.59784
340.75653
-173.48698
-396.409
209.1436
643.4581
-495.0639
623.5137
252.7461
-432.7139
-31.589184
111.60557
223.24304
136.91647
-179.05257
126.67439
-694.2138
178.3081
675.2903
321.60046
140.77258
-461.02924
-617.9174
326.73502
284.13422
-18.732216
-256.5755
-262.22287
329.26062
-1028.9753
643.97424
786.22833
-75.30549
295.49008
361.15945
-18.860977
266.68753
74.56478
-246.21223
-0.41954112
580.0093
244.87961
653.51733
-79.18359
-69.33042
201.41837
332.3016
646.32404
323.7734
-155.6547
420.4215
5.363634
-721.7404
291.50513
-571.0261
-18.444874
-892.7817
797.2156
-101.245415
-109.6422
587.2035
-332.22147
-467.2752
119.07586
-211.00941
-280.2146
141.2017
199.32268
-267.49554
-104.33671
-12.087033
582.62714
-151.53148
67.03453
166.31166
-419.20306
22.137314
-248.95229
277.23907
205.24599
519.11475
-43.634388
-69.63252
-37.364117
20.580364
356.3596
997.4466
1096.0116
-166.44478
-206.80972
-291.82025
84.3423
-519.1558
2.3892112
-128.2062
644.0612
-322.19336
-259.15164
93.99019
91.373726
-391.08365
334.62253
745.7612
-223.02698
338.74692
-599.5456
486.83643
-78.73381
15.380543
-341.91925
-625.81305
-378.17435
386.41367
-1169.664
256.55057
380.03
