-368.6066
1096.3638
-246.62369
321.3219
825.2335
665.2917
-148.00238
586.7372
20.029917
-381.32034
273.47372
-1258.9285
-184.51059
-650.54175
-392.08685
-1254.3179
-199.5293
1263.7216
-98.33766
1254.3856
-221.18442
-1654.643
319.77377
108.103195
-295.22012
-567.385
-285.11612
-72.60518
-582.23175
254.85399
-175.19864
-504.37427
-72.773476
1372.5767
880.183
771.3882
331.08923
-8.779581
-363.56335
166.40642
-475.65005
-701.1173
-117.053894
307.96533
146.18501
-623.06976
127.22886
-675.48254
-633.21533
234.86679
-130.86742
460.22244
-132.46432
-153.71637
1123.964
145.88786
1983.2633
-665.04
-68.94057
58.873592
-226.60632
12.5273
317.60413
-93.42325
-480.09625
383.06256
-417.14404
-211.75034
1588.6534
-74.047714
-544.31915
268.39127
-118.785576
96.46267
248.90761
-1161.463
-770.7781
-618.847
42.260136
267.05515
161.26016
-811.7521
-735.3319
-1094.573
-551.2261
1081.8627
-1121.2432
1275.4053
1505.3834
591.0528
-584.3662
780.92114
1033.7394
-328.37137
172.89328
-84.3608
565.323
1085.6674
818.8661
279.01093
-904.4895
-415.3392
-1216.6984
-619.48444
-1413.9003
-225.83992
474.90344
1149.5992
-215.1715
-538.09753
-765.79395
297.52237
83.42402
141.85796
1089.4585
69.48006
572.50543
335.0781
177.04207
-1106.0696
845.1255
207.2061
-47.66317
-298.317
399.1944
540.7979
-716.5903
-359.497
891.0547
-304.90268
162.75226
452.73538
-1058.4844
-313.08337
-70.83679
-0.5051713
-243.02432
232.16927
629.70355
-290.2646
-194.76796
259.09503
-1849.7584
-1301.087
-515.007
1129.8711
68.968025
878.8622
154.23106
-632.883
669.6112
718.8737
2.3675606
-437.7731
387.01202
-77.7173
-582.63074
325.78345
-2127.015
516.0055
1204.377
-1074.4424
-103.00196
-417.10455
1398.0028
658.00543
-740.80084
352.44833
418.83145
-1290.1737
-460.64688
91.75084
-115.30978
593.01984
563.9249
319.15793
176.40384
1157.141
281.34656
-881.5621
-50.09618
585.74677
-400.04556
-309.72812
80.8138
-750.48785
1149.514
-417.93362
-893.3376
1255.6521
-43.451603
-1191.5288
287.20203
1466.3633
518.33606
-720.0576
660.0904
-306.1887
64.31196
-237.2768
-184.3605
1677.4615
210.94217
739.31696
-380.44855
113.076096
99.981575
-331.97647
-1488.0068
-829.9338
186.52695
-415.83392
-848.17456
-732.7962
1069.5708
1929.3425
-509.66888
1282.5055
-201.12303
5.2814317
-270.3765
255.6962
463.51926
-877.87103
-716.3054
1062.4329
-270.58563
148.33698
858.41925
-254.1089
-451.37064
1038.7104
-513.32306
188.6679
561.0142
-954.7935
-720.314
547.6634
-1031.9005
-379.54233
-102.54741
453.37143
974.2087
-438.65237
843.5354
-419.16382
-403.8256
-221.27339
-1277.7639
-51.263626
-494.13916
1358.3337
272.78983
883.715
412.94003
50.394405
868.37494
-469.01602
-586.9619
679.5756
395.5017
-838.96014
-80.8197
514.89197
-976.2684
-782.33374
5.10647
-141.94722
-310.17422
-944.0487
-40.229202
-711.98193
117.50167
-1022.9149
140.65213
-388.42325
-642.62067
502.50867
1117.3673
509.24136
-3.0770545
288.60672
766.4648
344.695
1081.5659
-565.0878
-1238.751
-913.9234
679.6624
-124.88363
711.4614
128.58063
-13.836793
353.93097
-478.17963
41.99151
234.40436
-543.94196
-64.77538
-275.10925
31.618309
-65.23929
-164.91684
-1008.18585
-621.84937
-342.088
558.7451
-314.43213
-662.30096
-190.87857
-320.36383
-934.72955
-225.33943
149.54453
-798.70306
337.4759
-772.4764
-883.31665
-768.2973
156.55478
-567.2957
-50.962044
-304.93497
319.31284
15.599834
761.1442
854.81476
-839.7704
-126.92169
155.42754
-417.10403
199.18613
136.29381
660.61316
-825.2148
1220.5997
661.75085
-510.317
696.3358
780.1559
543.1384
168.62314
-1221.3121
110.32809
-1067.7515
390.2816
179.21281
1115.1494
348.62924
1162.3937
97.800285
725.9947
259.04593
-459.5831
71.81138
-568.1847
54.49426
-132.49713
-667.5315
44.915737
514.9523
-416.66312
18.738441
-448.84467
-796.9939
41.291435
-804.1043
-17.877817
-287.34546
866.4728
220.6684
-644.63367
447.513
300.4515
926.86005
-892.4492
464.214
1409.42
154.9436
-1111.3365
153.1208
-526.0061
-428.645
71.158226
-1110.0261
537.28235
-288.565
-989.05634
475.0889
390.67722
-157.5544
-583.9551
-689.2904
379.59827
477.0822
-153.54642
272.66092
322.90854
-1134.3397
530.3707
407.39322
-1149.4915
589.2182
432.9845
-214.50874
-36.02573
-678.8939
-337.19412
-2598.0046
1091.2441
699.9237
-303.29465
390.6339
319.3546
754.128
-816.5736
-330.04355
130.47304
-15.950314
-843.34314
434.74707
188.95811
645.58356
470.388
1081.266
-134.3523
-141.61975
-596.3463
-866.74695
-601.52216
1152.94
-673.20294
67.99361
-554.90204
187.6029
692.5235
-823.61536
71.09887
-620.4878
41.68806
-408.39404
816.22504
334.5821
-196.94395
-149.17773
-531.868
-1010.0613
0.3153535
422.25778
-291.1938
-510.3118
953.153
-41.508343
170.11993
964.7537
-247.30508
-767.6546
240.63853
295.06476
-174.53111
689.8611
47.725906
-10.44811
825.7122
714.41815
101.675415
-1636.5189
644.9217
-336.4562
104.25782
-811.8202
150.71043
360.71536
146.20702
557.427
-969.3556
466.9619
950.79553
-1094.3105
-770.771
736.6485
859.0479
-942.65314
-88.629
100.476715
-688.08026
-847.48627
832.8612
1618.8873
658.8848
-182.81017
753.1576
318.24222
60.43128
186.89058
174.43787
278.8275
-371.74518
363.16272
193.59897
534.73895
-803.76996
-1074.68
496.0231
-439.5068
-113.198814
-344.69785
-273.74835
-909.81
227.35394
-927.81244
-562.49225
-506.37137
-1185.6753
813.504
-682.7843
420.1439
-13.388334
913.2426
382.88983
1079.5044
441.82446
-764.1585
15.841514
182.36836
-848.0163
-487.64456
953.4155
1133.0541
311.02386
-911.5929
664.2566
1779.0581
381.14154
-7.0693254
112.28015
180.59532
424.75494
-533.28754
1217.686
-382.0358
-711.8659
354.32123
-688.26636
465.1256
1465.9276
-548.5844
-435.7874
-1020.7906
175.08345
426.68118
535.04535
275.74692
-113.21734
-1143.5063
-573.1307
13.026104
520.42926
-429.01492
-304.26575
1331.4758
-1239.7634
727.3019
658.4694
-929.68353
568.97876
340.8049
-789.7039
252.04315
-419.74408
-48.05397
1225.6003
486.40704
822.78503
-164.52689
500.73972
417.59665
24.450445
-175.07036
764.14746
554.3153
-43.866596
1064.4159
244.83751
-1551.9108
-872.5083
-1482.4343
-852.79987
-2122.5627
461.55206
277.6452
175.96185
646.2384
-338.27097
-713.47864
1032.4064
-623.5289
-1322.1127
68.10266
189.85951
105.81075
235.18298
-565.77496
720.90533
-1057.2622
-147.44548
958.8533
-1141.2227
-229.88147
-333.71533
926.2326
-59.891342
661.1936
169.37282
-529.0988
-255.45589
326.04556
510.88022
1009.1256
902.04034
-32.137474
-368.37766
826.3795
91.64625
-1242.8181
364.62085
-783.168
540.0282
45.753452
-947.7057
-944.545
-1371.9354
-25.853756
1197.6489
1020.6108
-473.69998
367.4211
-578.11536
1000.30505
152.32343
10.164894
-132.41824
-421.00647
107.44971
882.92444
-1682.6074
658.1008
128.4652
