-314.85468
855.71277
70.566826
483.0773
617.43555
230.2478
88.500175
365.3861
-101.98311
-222.96048
232.89581
-1554.4839
39.59603
-244.38358
-70.329865
-1003.0243
-2.6466513
611.78796
218.21234
816.9403
0.034241915
-1436.6255
58.70407
-83.98101
-291.15695
-313.59198
54.44122
-259.50464
-525.86224
199.75537
-371.29803
-298.79797
-105.91694
1128.7589
630.42804
1149.9978
721.6114
-5.5035305
149.35622
-398.00732
-552.15094
-507.61768
-272.9869
-23.32479
347.3453
260.62183
103.98339
-682.56036
-604.65924
208.61957
-408.62125
350.76715
-324.25436
-523.11066
638.80963
279.43896
1720.8964
-561.835
-143.28403
-11.485297
-275.9677
441.4157
416.42813
-204.739
-139.49332
-124.82501
-154.42882
6.607535
1539.2478
428.7361
-286.1301
474.8435
-327.40747
294.33557
-3.4229703
-524.75385
-403.35577
-413.3908
-84.18834
191.81807
-387.06876
-310.3905
-766.65784
-342.90424
-736.3149
844.2506
-1096.5917
1270.1312
1002.6841
447.05988
-560.9341
172.41559
894.692
-607.86676
51.813736
272.54117
597.33575
646.35913
616.94055
389.23038
-768.2298
-238.37299
-379.13202
-432.64273
-1135.4967
187.9395
1292.4338
1128.5751
2.6155329
-138.64215
-647.3349
334.68262
372.00504
74.86753
805.5044
303.6935
637.0216
261.43857
213.46007
-1149.2666
1065.926
42.931004
247.26665
-455.5287
267.92688
326.98004
-748.84076
-353.2649
778.07336
-225.51212
-91.35973
624.7355
-953.5817
-140.34517
-442.63995
215.45242
-401.03317
17.344507
456.55966
-140.78474
-125.88201
-94.6201
-1702.0774
-1175.6774
-796.77686
1240.8561
409.01993
582.35236
113.95072
-300.06094
855.94763
917.35016
137.52798
-418.10483
-7.2685504
237.06017
-830.27997
161.13939
-1471.4475
95.86182
710.7451
-1055.9598
408.43723
-258.0915
649.1903
831.8237
-544.8448
496.0311
591.0709
-1091.0673
-466.11987
-91.44446
352.912
667.77686
201.30287
260.27045
33.20339
1263.6896
175.59901
-889.6962
-111.74325
262.5347
-645.3693
-264.45316
318.39038
-1075.9161
781.2453
-710.38324
-931.882
1654.0714
95.48177
-555.3449
300.85162
1331.0706
356.69116
-486.22162
133.6864
-405.60382
-103.213974
-597.6042
-293.66428
1448.0393
181.2971
396.2505
-364.6903
-140.45538
-45.613686
-139.53862
-806.2955
-616.8848
353.9977
187.36789
-775.778
-431.49982
1040.224
1577.7059
-300.5772
1052.8422
-360.49698
-205.85582
-40.226013
130.84529
523.313
-1362.1815
-797.47504
840.78455
-594.75073
329.73285
816.9786
-340.51498
-154.64867
1128.1151
-618.1298
-487.9797
137.51422
-587.4759
-274.59174
408.67145
-749.4938
98.3724
-431.58224
350.70392
234.64218
-438.7448
852.8556
-739.89343
-297.6566
74.85384
-1761.3737
67.05824
-602.02594
1270.271
239.22513
668.7952
380.29605
-281.822
417.4332
-83.97022
-487.903
550.9965
212.30753
-408.01367
-273.38208
-56.014767
-216.0456
-306.2117
-355.74664
-54.694733
-273.11542
-568.39935
277.8118
-1306.516
566.3488
-344.42828
-97.73949
-352.8498
-312.20444
734.1716
1179.3121
431.78653
-387.41705
149.35834
449.06494
232.98918
782.8547
-197.04152
-984.54724
-1068.1335
477.52213
-41.254875
603.3005
-103.87575
-197.2818
432.7587
-462.63538
188.77322
547.54675
-739.1131
-104.51697
-166.06705
39.10014
174.16966
-840.337
-1135.3964
-818.4849
-67.54301
639.94104
-440.17896
-533.3761
-332.23538
-136.28862
-388.91614
-150.76657
196.40193
-578.45886
224.84995
-525.2864
-989.23676
-637.493
-27.58213
-577.0025
191.84744
-689.3717
380.30634
-341.28082
1331.9657
584.806
-260.75842
-143.07916
415.1877
-616.8979
292.61505
-185.99101
1133.0114
-857.4807
549.46606
635.36005
207.24219
434.5946
1233.0891
307.71732
-250.49995
-1206.1768
408.7863
-1134.5221
401.47992
-59.66116
1438.4893
330.1695
897.1787
-7.4922247
706.4163
150.28214
-471.37503
410.4003
-226.00691
138.09479
-37.825768
-694.38245
163.57709
190.91927
-177.2744
584.7116
-497.17715
-780.6472
299.43994
-868.20447
295.3333
-151.86919
924.0594
157.25546
-430.51862
443.8169
333.24545
1212.6156
-425.9645
-41.380802
1162.2142
-137.01006
-919.3324
138.6733
-376.10452
-643.04364
-170.53233
-943.24524
178.72882
138.30197
-952.146
257.1113
262.86356
-149.19618
42.826706
-84.210106
82.01739
41.970398
-470.99106
22.32637
893.3333
-937.8497
537.50775
434.39218
-470.07208
685.8854
914.7525
-476.99164
-137.24329
-497.1861
-493.39706
-1968.5743
1094.0968
556.9909
-55.04512
465.66245
765.909
457.37408
-937.0924
147.94183
-30.508656
24.486826
-636.91296
359.77344
159.64197
389.5717
198.08104
596.6331
239.6882
-168.99174
-433.3994
-683.1678
-515.3065
814.90137
-496.33572
219.98428
-610.38983
190.25839
441.3074
-704.1353
-74.66571
-514.93005
-383.08868
-311.92517
740.432
478.39844
-204.25536
-255.73463
-783.449
-330.90735
-225.8234
362.91833
-551.5095
-375.15378
473.39792
-154.2949
187.88873
546.0771
183.9189
-952.71405
156.1157
56.57989
-660.4586
376.59885
-90.952576
-127.24914
1157.6127
665.95557
-504.43484
-1659.6799
811.2822
34.084778
-44.156754
-484.33463
-474.05145
48.85737
415.51013
838.9188
-711.56354
709.8595
1138.0403
-389.17035
-391.33517
566.7907
232.86087
-1058.2516
-309.13202
219.4162
-897.6595
-811.6521
683.6322
1538.1636
252.7348
-96.988365
802.213
503.13605
36.385487
-27.601433
-130.97989
-47.675922
-74.39512
283.31528
83.57654
795.3943
-354.68774
-1434.9767
577.8703
-252.64006
89.22654
-579.82385
-152.22948
-455.88083
278.31982
-297.06186
-176.62386
-183.19409
-706.5772
458.4445
-620.3192
-21.75822
-8.493986
838.4676
37.86305
988.6902
524.81525
-296.1478
-439.55948
193.17819
-657.49786
-674.71564
874.293
742.63257
621.23627
-856.70447
224.17407
1373.9014
-11.598185
-219.14488
321.7161
-66.33815
533.98285
-1095.0214
1076.0519
-445.3792
-566.8772
-314.4155
-43.54188
443.71414
1200.5256
-296.65985
-471.4878
-839.30115
427.1937
447.9094
554.25354
24.891508
-72.988365
-1281.654
104.99631
33.135185
357.52957
-363.03134
-226.67946
1258.786
-1231.9474
900.2018
887.6665
-903.4193
-62.07614
488.54898
-737.15015
525.02356
-215.83502
-323.9274
425.68106
349.70642
876.28326
266.25247
887.1832
304.77325
187.10214
-175.90163
485.3297
792.5916
50.62437
903.71265
-43.22942
-1386.8136
-123.350204
-1552.5388
-847.738
-1511.6378
375.2996
34.272125
143.56543
609.96
-366.50858
-906.2622
434.64484
-240.48465
-1348.6061
-189.72032
445.95218
-284.9346
402.86765
-257.89673
834.5167
-743.8163
-118.924835
789.8145
-820.7241
-58.977455
-382.00134
803.8066
308.32742
596.7838
336.92578
-158.11472
-485.13058
16.618774
628.7447
1132.7423
1079.7823
-225.1513
-794.47046
393.30814
51.1805
-1054.6755
362.91687
-753.9305
957.881
-493.86075
-454.92734
-602.84875
-703.95154
-232.11774
550.0322
919.1417
-641.92816
378.59464
-887.3581
846.8508
191.55022
94.87309
105.7001
-315.219
-147.71725
592.74396
-1552.8722
295.00134
219.4284
