-243.40672
670.95984
7.5195026
296.12054
-268.28824
183.46124
178.23648
655.6329
323.09332
186.64783
414.4173
-1147.1053
-130.36006
-118.353546
-45.15591
-915.2399
-364.25922
209.19856
-45.741486
532.0426
-52.325462
-977.40656
-205.73647
258.77914
-409.87476
-304.09998
75.58226
-417.59262
-487.35294
66.271614
-30.259579
-319.58118
-227.01337
873.1024
610.7748
641.3157
393.1984
-43.04405
203.13268
-300.67575
-608.7979
-571.9074
-67.074356
-5.892536
148.03664
369.04288
287.93927
-212.71077
-289.8938
364.6062
-455.07138
328.57477
-302.68484
158.04686
483.40854
334.32126
1052.3004
-756.4359
-798.4051
-118.18705
-280.5246
118.058464
584.06903
-377.72464
361.62466
304.4218
179.73776
-562.47095
980.3665
356.6175
-259.616
168.60068
244.39952
97.99285
22.146803
-94.95865
-340.82095
-17.22621
23.880688
379.46713
-103.21596
-352.7479
-614.59766
-147.20995
-999.2486
1063.6042
-761.2355
953.3168
865.6184
58.350872
-355.39856
535.599
832.3916
-1091.4106
-400.2024
478.4876
470.8607
403.62964
475.20554
-155.51044
-599.512
-638.28455
-434.182
-169.24995
-1186.3268
286.29813
1317.096
589.3657
-303.50024
106.28116
-791.5841
137.0686
211.64587
-91.55017
464.2859
-71.546394
63.089737
300.81985
382.83936
-1074.7227
1369.6509
325.80612
514.6746
-400.06952
-160.65196
350.59805
-698.3201
-735.22955
436.2409
-35.219856
-336.27512
407.2219
-721.5164
-249.6391
-653.5243
394.40897
-320.8571
-25.298857
204.26897
-292.8594
-99.014046
-120.82916
-1215.3203
-1028.1758
-324.06573
602.5509
725.7698
852.11414
78.619896
-377.24924
553.37085
941.1771
-21.851809
-514.8451
-100.026596
-78.64793
-456.85013
-152.68103
-1248.6919
258.4232
514.6153
-849.9349
162.2192
-82.18378
314.8244
577.4186
-896.22656
471.2186
367.35098
-713.45
-225.78156
241.81944
241.57866
323.82324
-170.27902
371.52744
161.46873
850.9414
701.2943
-1002.40106
98.51849
103.20239
-321.06497
-14.249113
-79.60723
-445.90036
617.2561
-233.07199
-662.37604
1062.3253
164.49158
-604.33295
24.206358
749.6425
388.5142
-370.9946
430.14755
-267.7128
55.024162
-272.23636
-630.5657
1072.8846
456.79483
370.21405
-20.429087
115.30458
-355.4534
-152.6522
-808.6347
-550.2393
670.3883
212.89255
-692.2387
-468.0759
722.0864
1258.3119
-583.349
1114.6072
82.03278
-392.12
108.978355
356.7133
714.0892
-989.4754
-686.4716
348.17252
-666.777
158.5268
107.36856
-776.5019
-180.47256
601.0155
28.188036
-551.721
284.2906
-392.77548
-60.33788
438.30807
-615.1061
-87.932556
-429.72064
516.63007
-176.61433
-300.59576
664.9839
-338.27203
-604.84686
469.59265
-1230.5922
-18.526276
-614.61774
962.18787
-255.70172
475.1141
354.0874
123.47834
115.7376
-25.266228
-456.4015
614.77936
66.180046
-425.61792
-428.5935
-357.53668
42.28867
-958.5778
-540.58545
-196.18478
110.45568
-480.75647
-103.0013
-1259.691
503.52985
9.402359
-6.0129538
-448.0267
-319.46985
550.8046
773.34906
107.50635
213.0719
79.87296
-212.89737
439.64438
603.0026
-187.11456
-967.4572
-555.0485
333.18875
-33.37851
396.9653
-178.13924
497.4477
484.34433
-242.88834
220.15869
592.0784
-442.16742
92.007256
-502.9628
-123.583435
256.65103
-847.2913
-692.1833
-29.318933
98.43597
581.0787
47.89795
-196.36707
-42.848904
1.5933695
-164.31941
115.57863
-24.118708
-833.84393
-6.3325253
-95.494194
-515.4398
-583.94415
-283.32382
-252.59958
153.7121
-1066.5295
134.43903
-349.48477
991.9586
629.93756
-86.95891
-327.05008
513.67175
-1067.2498
84.50866
-298.50955
1126.3679
-608.1434
547.1804
683.9182
8.939768
285.13745
1214.6348
210.85384
76.027466
-1121.5695
139.88223
-788.72906
374.6173
-192.18164
1351.9954
-163.12675
766.05273
246.03212
207.08615
140.61023
-254.61447
158.89175
-80.60957
51.297718
153.14627
-550.98987
-277.3782
26.505175
13.223493
409.75958
-350.65317
-968.11993
345.38608
-845.67755
292.5837
5.2236824
889.636
168.068
-301.41785
321.14352
66.65086
1099.8295
-386.02448
-202.12825
353.69662
-343.0498
-1144.3019
230.22218
-288.65625
-529.19403
-344.3191
-1008.0863
234.03189
-112.20657
-383.0563
344.32263
1082.8192
106.742096
126.2812
-332.3182
117.418175
-166.12822
-103.44121
-32.15292
793.05554
-817.1486
717.1572
675.0083
-609.2261
704.1878
1073.7327
-545.83813
419.08975
-526.08875
-284.3616
-1501.7429
843.2605
0.29442847
8.394961
455.0563
462.46533
-21.658724
-427.91956
-10.823429
206.31155
-645.96136
-600.4646
75.734436
-176.53148
394.29526
256.7129
278.38864
155.66885
-335.03275
-387.13766
-609.8857
-322.2965
891.75775
-620.5224
51.103962
-816.5946
465.71213
257.51373
-287.63037
50.121162
-241.81805
-300.6285
5.430478
41.64292
584.14874
-253.72548
-152.55255
-590.34845
-104.97252
-63.025753
442.69907
-393.43616
3.6003883
403.95627
-350.69998
441.0134
301.6412
424.93967
-672.8821
432.80173
-368.4875
-380.4131
-45.234898
341.62375
-147.74634
882.80975
188.40459
-361.24765
-1023.86896
931.69385
364.2267
387.35187
-534.3502
-368.00708
44.54417
184.01492
819.52026
-705.50574
414.12628
993.44385
-446.71948
-311.62344
376.4435
214.98135
-999.98773
-110.29581
52.316246
-952.8932
-675.3087
635.976
826.48285
64.428635
-57.99318
786.35187
117.895775
-351.37256
-119.99681
-603.97174
-184.92567
-198.64948
404.7311
207.6984
280.13477
-244.98422
-918.7407
276.75012
-277.40015
174.50598
-517.1407
-45.00706
-395.20306
-100.30226
-290.72397
92.77562
7.5236316
-949.29224
180.8074
-548.78986
101.80746
150.09009
375.11557
395.78665
962.6912
479.29053
-263.05988
-180.24371
508.26538
-102.65697
-388.17618
633.59143
902.56885
361.46408
-863.44055
-7.88723
1304.9553
493.49704
-154.96263
107.426956
-114.09461
659.6399
-649.48157
874.8644
-232.43521
-175.75877
-77.31271
-227.99234
-86.978455
514.2497
-91.708206
-288.67755
-852.96277
224.6343
350.2717
618.10187
-21.781101
387.14392
-920.68164
311.06448
-36.02495
-111.90857
-36.83486
-399.0379
614.3988
-1426.1788
771.21875
645.5685
-302.84866
5.512308
282.34973
-448.48395
295.93335
-205.86386
-257.35406
-30.64989
453.86185
546.521
345.47464
359.96387
-1.2991226
545.7224
7.3955975
753.2259
661.036
-134.19235
1260.3038
-122.71931
-1179.5956
26.672539
-873.2152
-508.4685
-1419.4965
515.5025
-350.90814
6.7055244
668.37085
-13.001662
-1120.2191
417.4431
-383.84332
-988.6545
148.77637
442.15372
-477.8183
-98.59689
-193.14758
1222.7897
-1202.5203
71.30159
215.28455
-154.64532
-133.59575
-448.02444
482.5703
340.37308
1076.4045
270.73328
-265.80176
-255.41895
-18.155172
652.8868
1033.891
1138.942
-402.45605
-693.55035
91.48286
87.61809
-783.0768
298.8524
-761.6245
1262.6449
-199.9606
-772.2799
-142.07079
-415.42563
-345.62158
360.06406
624.3181
-541.31726
88.86136
-370.26334
548.53564
67.61037
-139.2074
30.994427
-769.32025
-58.262844
590.7113
-1394.5177
366.942
233.60603
