235.85318
1129.0072
65.034294
603.1245
1082.9818
1040.9618
-383.5104
787.7329
111.34297
-132.57747
-108.053185
-1599.2662
-467.27725
-844.0617
-246.59479
-1139.9141
-147.251
844.7653
-22.78828
1363.537
-119.82101
-1609.2025
-229.76054
301.3702
-419.04852
-599.86774
-510.2789
579.61224
-319.8817
670.22876
63.072754
-368.47476
153.34999
1527.699
679.9021
490.06082
170.0095
-341.0761
71.15705
-156.97598
-686.0602
-719.069
-363.97168
1000.17065
154.47621
-418.64008
302.74994
-717.6973
-1113.1409
314.74533
-235.98775
695.2615
-8.435122
-530.1766
1288.1624
486.0836
1885.6605
-874.866
144.43683
218.85919
-120.61933
125.25539
560.2191
-427.77417
-511.02765
190.4086
-626.7546
271.4122
2012.2544
-239.69562
-596.11566
671.5958
-7.060969
-143.75972
39.532616
-1695.0966
-574.6452
-1267.6523
-13.575505
342.45947
-134.12686
-834.1769
-728.97363
-1071.1102
-450.09317
1472.3306
-851.6741
1058.6564
1312.1936
523.94336
-732.79266
711.38556
1142.316
-227.59308
149.32266
-287.8474
867.4595
1284.6249
861.86035
166.50674
-782.5111
-596.06366
-1147.4832
-821.82056
-1443.7261
-228.6639
211.02504
935.15985
30.622057
-877.61957
-852.4194
334.69394
437.10498
67.967926
1226.5785
116.614
-197.19919
649.11414
-213.8029
-1535.08
614.31335
449.8291
184.54605
110.84058
377.17444
574.1348
-460.17627
-510.72818
904.69055
-331.08618
-85.11899
103.55008
-454.79944
-919.45197
-98.67111
-243.40594
-587.94257
344.16977
372.7026
37.37452
-475.66794
196.11224
-1864.0829
-1351.2306
-644.8302
1263.769
138.87344
1254.7639
80.126335
-612.5256
600.38715
730.45636
9.381002
-418.31223
423.2215
-217.40706
-530.6671
87.011246
-2443.3176
583.5312
959.728
-1155.2421
-55.85943
-456.4621
1693.1311
615.0524
-683.6339
14.339351
379.83463
-1364.6919
-647.6478
150.51013
-143.30054
736.4165
461.93915
456.15097
23.973457
981.34607
714.50397
-1013.5061
171.42462
463.49313
190.669
-478.22073
-351.43567
-679.6162
1234.8539
-300.1082
-1225.7681
915.1335
-42.96277
-1319.8799
334.93207
1459.3192
719.9036
-620.6323
813.9428
-583.78503
356.11136
-53.603596
-190.45358
976.93835
196.67143
686.0022
-368.80328
157.36691
255.40437
-712.53546
-1801.1945
-770.6964
-29.869007
-498.4447
-831.88184
-1120.2357
1041.4688
1954.6211
-501.48212
1496.6338
-213.08258
-285.75116
-113.537704
77.4471
103.08457
-628.4069
-555.6167
1200.3848
-351.95798
361.56674
1055.1108
-201.07549
-217.29286
888.2907
-52.557873
236.53096
745.23785
-1095.1028
-996.617
1094.9
-1228.4956
-238.05074
212.16925
316.38486
991.697
-353.62793
970.7539
-4.481862
-526.7545
-524.5355
-1278.7971
-282.3868
-870.47815
1381.9813
779.4703
1250.5249
176.08414
390.65387
917.47064
-297.72662
-733.9166
1047.418
356.56915
-466.88388
339.3595
353.59634
-730.2003
-630.609
-231.12585
-142.42679
-349.47668
-888.0785
-42.2622
-789.73236
280.53818
-1120.7893
398.38766
-571.2961
-362.73056
614.01294
1235.5966
849.7698
38.264095
85.04469
569.3528
807.8719
1603.0851
-616.1664
-1094.7297
-771.86945
658.1465
76.09788
542.7902
-114.10201
-92.46341
594.7864
-731.756
-296.44397
137.15681
-1045.8062
234.22714
-586.77936
-279.18488
-128.33566
-96.00527
-1001.5286
-565.0424
-389.63162
444.15335
-625.2328
-790.16815
-210.92874
-846.48706
-1048.9775
-385.1113
235.65756
-919.80066
476.95535
-814.6246
-963.5346
-673.93695
444.65848
-664.8118
192.78368
-523.08716
-339.83054
-150.83124
1022.4628
840.9129
-936.6349
103.79631
-285.53217
-279.63684
79.47556
-43.59175
622.38885
-893.6896
722.29987
993.5103
-381.47345
569.6031
900.1076
303.5226
101.91379
-991.4714
92.43236
-578.6105
871.3932
1.449296
1492.4698
349.89468
1133.3574
-337.1592
710.3921
292.2896
-52.64771
246.64748
-841.5189
356.02728
169.836
-603.288
141.22118
717.6155
-165.79343
157.76703
-906.1901
-953.984
456.36084
-849.7845
-199.18806
-149.93013
1301.3912
380.22528
-871.57104
-160.76035
314.309
775.99817
-427.1112
1012.1374
1167.7255
347.70923
-1069.365
34.715435
-514.7113
-715.62317
306.1682
-1049.451
229.20236
-190.55264
-1162.814
717.2645
472.14227
-379.02484
-674.3662
-597.20734
403.6886
481.43967
206.62933
223.48976
436.12164
-882.6315
250.7359
955.86444
-1273.2289
375.3981
914.0263
-296.883
-367.07413
-427.01517
-329.7169
-2652.235
1135.9119
968.2084
-32.130424
726.11743
378.0817
666.42523
-1082.403
-512.13715
84.2101
283.19727
-663.7047
520.39886
684.4871
822.1306
278.90283
865.4459
46.176598
140.86354
-123.12148
-1001.27295
-494.0067
1057.5404
-640.4598
97.0997
-410.06155
36.47552
466.2174
-579.28424
-54.96494
-750.57935
405.87735
-360.8281
757.03644
359.14664
-97.187195
272.1754
-662.1476
-1423.1029
52.962902
381.01273
-350.9334
-728.7354
1073.2941
145.3026
174.8258
923.3851
219.3996
-496.37454
643.81805
30.529634
86.35422
139.15953
3.9260497
226.70932
397.40082
816.16766
211.59622
-1874.0743
677.4283
-324.99887
494.1635
-455.40945
142.65442
226.67465
44.90625
1214.5107
-1109.7543
421.22354
1234.4961
-882.4204
-1122.2211
915.88654
1050.0781
-1067.7914
-350.38254
-128.0578
-1064.4597
-968.9335
1313.0669
1928.6218
889.76385
-58.358093
974.21564
165.50787
454.86472
510.70935
693.66156
232.54468
-389.95306
402.80762
324.918
180.58884
-875.97314
-977.40393
449.23523
-525.4265
212.00871
301.9193
-152.46509
-1231.1619
900.01
-411.42218
-588.52893
-128.26584
-1140.8406
788.07684
-367.45047
498.7792
-302.8029
968.7226
304.08255
746.1009
196.05519
-923.4979
-253.34448
134.0586
-808.18317
86.7967
1104.6573
1403.8215
703.54926
-913.3222
608.11005
1708.0864
512.5028
332.06726
-180.88405
588.7182
428.49158
-380.75058
1164.7441
-123.26741
-890.58136
256.48605
-982.67615
631.36395
1295.7932
-524.22516
-323.2359
-1006.55194
370.1382
398.02185
300.81305
-27.963636
-139.7354
-1219.498
-437.60037
407.06226
765.69946
-547.3082
-386.2792
1192.7571
-1451.1278
1037.9894
1027.8708
-632.96747
646.4052
503.2382
-1039.2351
566.05347
-309.72964
1.593014
1434.212
474.5428
655.6247
99.659706
39.13618
758.79584
-430.40988
-265.18677
770.82526
345.7371
-118.015175
1160.3333
-234.71623
-1519.4615
-563.98413
-1470.1647
-808.5331
-1988.2621
464.17706
477.9593
280.57147
213.19595
-44.09878
-706.53534
1101.1227
-731.3852
-1749.387
-138.6821
43.15159
190.91711
-166.18109
-943.5157
891.9229
-643.7075
162.10013
963.9477
-969.1213
-495.64664
-535.4168
980.8962
216.22043
907.31464
110.88386
-253.73965
-137.77542
68.65057
478.7979
944.9206
1216.896
-46.10825
-298.10898
558.2628
-106.11607
-1407.1229
801.2696
-668.79846
585.6374
113.456635
-1342.7227
-1150.1492
-1465.2607
-273.63376
638.97565
886.25354
-693.6319
94.80943
-744.61633
972.96027
245.5614
-451.93835
141.95192
-980.38745
511.22733
900.62164
-1770.9257
636.06287
8.552703
