-923.978
430.60165
1379.1606
358.10388
1290.4952
1190.3192
-574.11755
782.8481
490.9875
395.16193
-645.9981
-1335.915
-751.0423
-905.7241
-84.055115
-1961.0438
-1846.0559
169.62283
-522.9993
1787.2466
-1120.1952
-1084.6708
-352.07693
-482.26462
-1136.6622
368.99707
-132.7579
-268.8917
-1906.3993
156.53976
703.7364
225.00462
1229.1097
2520.1006
1485.4651
1228.2113
-592.8849
-183.17311
-169.17757
-482.94382
23.882204
-1667.9067
-594.16
1500.0194
1032.4777
-709.88135
-194.55322
-557.31067
-1417.1249
650.5643
1024.6627
0.8958529
-87.076614
-932.2903
1919.5094
-945.24115
1697.169
355.1713
520.6588
-160.54468
-139.73996
127.136925
-74.315216
-1676.813
-82.52364
929.0567
-1092.5898
144.74854
1739.5269
199.16759
-1134.8671
319.10547
-38.599377
-246.18044
342.65817
-1126.9436
-156.15952
-936.3488
-732.75775
705.4762
-194.68733
-1194.7354
-483.68527
-287.86484
-696.4157
2620.6804
-1683.533
849.9017
2027.2935
682.252
-1085.6564
177.56592
742.6498
862.3637
-1022.27466
-72.62047
1752.5293
516.229
759.2149
561.2831
-1221.6927
227.6088
-892.283
-148.2868
-798.58936
-42.036255
-241.59424
1225.0146
-90.85511
-728.21356
-1120.9485
1577.3108
-378.2402
-229.36282
1311.1533
-142.00322
-874.169
407.97205
-564.7677
-1701.4011
878.9506
401.57294
426.80884
272.04218
-599.60767
-18.039095
-863.4206
-1201.2197
437.52124
-690.1141
-1132.1185
-734.17615
-990.70435
-476.4457
-314.05878
-1295.768
-69.566025
1061.8376
138.90373
972.4368
-1103.933
347.5003
-1761.8071
-1127.6865
-539.9444
425.41855
-219.89037
1561.8724
-708.03174
-615.1459
1406.2299
1683.9023
-588.1148
309.58905
377.47284
-1042.7101
-987.539
-988.6217
-2567.591
180.65729
490.9312
-1979.0944
-230.83432
712.65405
2034.6035
1368.9388
414.33084
617.5862
1694.4014
-1571.6342
27.30572
-1691.1808
-791.32263
1114.9878
845.5332
-169.78693
-396.6277
256.12442
810.12164
-776.56
-156.49733
972.9502
228.36823
-539.37555
-863.9618
-880.7741
927.46155
442.1526
-869.6945
-168.18153
46.997627
-809.2107
-109.23688
996.5226
-211.40657
-1050.2855
1323.0688
206.17894
439.9353
349.18713
-628.0311
1586.4275
677.6982
1090.6323
-24.574408
641.2232
1752.3933
-725.1168
-1562.0173
-201.21828
127.4386
752.5486
-827.21576
-2277.7336
-80.8744
2886.5105
586.6426
827.9696
-51.80631
-382.072
-647.3814
429.35068
1366.6584
-215.97954
541.7895
711.3486
909.71356
-85.327194
196.75958
-260.36227
158.25064
1078.4182
73.11658
-155.71661
654.80566
-1124.2881
-2349.7793
1559.1262
-649.66455
-503.77124
264.59558
869.20135
340.5683
-830.25336
1204.6315
-79.429985
-209.3344
-1232.255
-2000.6708
-583.85175
-502.311
1812.8734
198.22581
1750.1443
-729.7469
306.7394
1264.5326
380.80545
-565.7547
820.29266
786.70984
-1793.7704
-49.878086
1040.1854
-298.73047
-366.97015
-197.2407
-180.15613
1399.0802
-1886.5712
539.89496
-1272.0848
-598.28265
-1917.8451
711.0793
124.5315
-977.43854
1525.5787
1442.0596
1136.5326
-147.72098
207.02852
775.14343
1235.5511
1376.954
-1941.5814
-1899.9241
-1114.9954
1808.6239
-75.74166
-332.81674
-97.93925
-962.54364
311.85333
-1513.4928
-37.434505
514.74866
-633.9214
-1610.7384
-689.71124
-896.1327
-1619.1696
392.0521
-1332.4435
-775.2952
20.070068
912.02747
581.127
-1414.2842
-189.30981
-279.08228
-820.8568
-105.66235
850.7503
-1533.3228
2360.3813
-781.4705
-383.01486
-1096.9086
242.8324
-216.36336
-469.49692
-566.3797
-532.08466
-32.693157
560.8148
784.35254
-869.00183
592.7082
615.34283
1071.4987
87.760765
-805.6335
904.89294
-1404.2126
826.7387
1531.6515
298.18408
600.6466
-214.79758
266.76328
1007.4506
-702.8886
-711.8253
-1268.9082
-707.92596
-174.0654
1765.6205
-72.69987
104.60298
271.2174
366.53345
-1385.3157
1538.1771
-245.60118
-990.8956
-53.705734
-463.51837
320.76257
-58.31906
196.65659
450.77533
516.91095
-613.597
-8.953369
61.61764
-1161.4008
349.9327
-483.7829
1460.9681
1006.6265
-129.73993
558.166
1145.6984
-951.44086
-945.0974
52.83368
418.32776
-153.06073
-682.1396
-846.7142
-402.46262
-979.7371
1807.1266
-380.21832
457.84155
931.3683
-1024.2963
586.68756
440.2128
-1199.5317
-1147.8856
-660.20654
-376.6831
-53.428097
331.0794
404.5099
1600.1703
-563.12225
-422.98444
379.78464
-1171.0781
471.95172
1784.3903
-206.51656
-152.95447
109.79301
-596.59595
-2693.8203
1809.0898
522.01215
-1021.22784
949.3128
753.5946
1262.8766
-622.40564
-575.46497
1503.8306
691.8211
-1138.0793
590.17175
1301.7539
-486.31592
54.227303
82.961655
-46.320557
736.7648
-109.57496
-1683.2953
-1015.54974
1693.8221
147.84175
1009.5872
-772.99976
-212.35037
378.41052
-705.28625
-40.457336
-1753.1213
-625.4414
-644.20404
1371.1217
-509.18265
-700.128
-1180.3287
-593.8727
-1590.3215
-18.359377
715.8295
-1437.1469
-750.15
1505.5181
486.04938
99.64413
1169.8066
415.65982
79.47986
1273.9352
-687.78204
-381.17007
380.9185
-877.2338
343.5281
-426.63727
1217.4076
221.68175
-2413.8418
979.70874
-462.39642
81.66301
204.66652
6.499313
354.22067
550.508
1229.4812
330.06503
1260.6898
2628.3398
-575.96313
-1010.5078
567.69775
-46.78838
-1616.6674
363.17236
-787.7059
-420.42404
-430.73837
759.30664
1847.7526
1677.004
876.18317
1072.7432
-359.4323
-820.5256
168.29407
1125.732
348.81134
-0.3076799
302.47568
-29.098312
19.807592
-123.43303
-88.09245
1009.7549
91.992256
482.29254
-183.7873
-270.73785
-797.9582
1603.3135
-1315.6465
-1514.4562
-126.83443
-129.41017
1586.409
518.7652
1289.1515
-727.0594
693.11194
554.972
422.79987
-122.47617
-462.1188
-502.062
1464.4005
-849.0631
756.9568
1771.5059
1499.9324
1732.249
-1696.6686
469.2809
2756.485
124.97125
-809.3926
-532.45654
475.5149
775.08026
-1600.5986
1827.2981
1226.2306
-1374.1475
-647.41534
-1752.0073
489.92758
1203.925
-1578.7787
-408.96866
-1018.47815
41.117805
588.3439
7.22633
90.10879
-1208.8275
-620.40796
203.66231
217.12428
1168.8256
-211.13606
-1404.9777
1262.484
-1755.2247
1237.7529
1365.1279
-675.4037
753.3648
718.97205
450.383
803.4514
-450.91678
-27.649115
408.2272
1955.3262
-371.37177
-976.7888
-77.07824
734.8154
-301.59363
-663.8173
1419.3479
21.578915
-1073.7615
2143.348
-468.64548
-1563.3741
-642.59076
-1485.3121
-540.2667
-1728.3763
346.6448
381.036
72.04078
-15.789433
-523.1592
-909.7726
855.3885
-1061.812
-1227.02
306.9641
-344.04105
894.54584
-183.52853
-127.66045
644.5407
-728.2301
491.97574
220.14113
-602.8774
-363.0487
420.3251
721.4749
291.96527
26.344032
189.58653
-336.0761
-84.442894
-6.9350824
527.89056
837.07477
822.6607
-854.3068
-137.32156
485.77463
668.3725
-1173.2339
1115.2595
-1136.9882
1302.4421
1000.73425
-1787.4719
-471.30347
-2200.2908
-835.8804
349.2313
468.66016
-863.9706
-244.20901
-1383.2141
951.9895
-662.23566
-712.0577
169.83565
-1917.542
240.55438
882.4903
-2862.4697
263.48727
695.08325
