380.91043
1188.8179
173.52205
759.25977
1173.2543
887.56586
-425.35846
515.0392
189.17851
-31.753744
-149.33269
-1726.4238
-449.946
-816.8559
-349.3919
-1067.5095
-42.502335
848.8583
129.57211
1549.951
-122.76363
-1519.626
-204.65688
21.144188
-358.5048
-412.67328
-601.7335
475.16852
-373.78748
593.49915
29.745724
-368.29956
210.40378
1734.9923
633.95197
539.0815
163.69298
-313.16235
70.64586
-124.54403
-715.8834
-625.59686
-561.659
886.4922
180.79666
-326.93634
139.10066
-792.9681
-956.70215
383.20343
-103.345276
530.8462
86.730545
-608.1995
1255.5936
347.58234
1966.575
-710.78735
296.83054
75.41518
-5.7817535
66.85045
575.3212
-393.01712
-280.70694
116.64515
-496.42822
284.563
1778.4309
-369.99384
-640.2947
734.6119
89.282814
-368.6124
129.40256
-1754.829
-562.8263
-1485.0565
-61.324944
397.83484
-146.02467
-527.1102
-704.4739
-1042.5562
-292.37112
1592.2739
-971.68585
931.0174
1235.4259
690.80096
-843.91315
473.33145
800.8624
-248.48494
158.68947
-353.92957
984.1155
1314.7743
791.0373
250.53905
-791.556
-515.2067
-1245.0795
-656.6966
-1488.2883
-277.39276
216.83687
918.58484
23.167063
-994.36224
-821.11383
480.26065
368.96732
75.9179
1216.1641
-22.378569
-270.98883
635.7175
-110.20305
-1388.5676
582.67914
345.01218
186.40924
76.42609
351.237
676.1204
-478.53827
-594.81555
1023.20935
-228.69269
-206.10655
100.898636
-465.8411
-970.49915
-219.16083
-182.2695
-499.82904
397.3376
460.88922
99.7389
-562.08887
283.79517
-1754.3295
-1257.1332
-823.9865
1272.6388
308.14566
1459.0306
-7.911972
-413.9524
503.15964
825.4359
154.06177
-385.63736
430.19165
-123.259636
-560.8232
-149.23785
-2221.9492
480.69232
802.16406
-1219.5178
-111.11487
-400.35104
1770.7225
652.1081
-768.539
-85.41979
550.6177
-1290.2944
-704.7617
97.75125
-71.9665
589.55597
366.6155
425.30026
-80.38969
676.057
528.62256
-814.29047
132.54192
514.15314
107.5872
-414.25983
-232.81863
-658.9943
1139.8345
-304.94543
-1431.3352
871.4149
-175.74487
-1108.2643
437.6535
1321.6775
603.79724
-636.1348
824.1326
-491.61374
543.9772
-141.7158
-313.44925
1025.9987
228.34909
804.73926
-402.4732
278.42593
224.00465
-619.9495
-1724.2802
-786.89886
29.253788
-574.33057
-1023.00574
-1132.9904
1025.7283
1932.3955
-407.0427
1553.1996
-301.17236
-358.51062
-63.543373
115.860405
139.02869
-800.26324
-510.7535
977.68805
-154.99464
570.9233
1182.9183
-203.63014
-561.89435
1101.2937
-59.92284
267.08237
601.4464
-988.7027
-1043.1335
1069.6484
-1018.27045
-314.14297
314.22964
427.1268
997.1672
-383.30505
992.7715
79.99909
-509.7936
-465.63147
-1080.3092
-215.68314
-959.84515
1339.5603
743.9016
1466.0847
189.6736
334.58804
779.83105
-190.55849
-769.33295
855.963
335.69543
-517.7746
363.31128
452.28946
-721.4914
-675.7871
-428.32916
-22.413677
-346.98618
-1023.47375
7.1154027
-897.42926
269.98013
-1203.871
417.3953
-357.0176
-466.19107
730.5694
1260.9348
846.4355
13.974753
85.79624
620.07025
930.0361
1665.5782
-421.7902
-1281.2214
-940.6819
898.0379
100.06182
720.9991
-195.40973
-285.3594
664.9688
-677.82983
-302.08887
40.547344
-918.67834
186.65654
-687.85474
-510.9652
-427.74176
-58.015026
-820.2036
-700.31415
-459.5315
439.8326
-676.46844
-1040.3263
-122.01541
-914.6919
-1060.3455
-451.94055
46.103268
-909.48596
678.7105
-933.644
-895.73615
-705.5181
439.7476
-840.1096
-46.525185
-604.33844
-123.16753
-45.419426
827.44507
785.08685
-1073.7001
221.10764
-250.25938
-368.2977
72.53804
-141.90417
586.8296
-998.7434
667.9785
979.67334
-489.5282
658.14014
905.37354
68.075775
73.51029
-1008.7098
-9.477676
-476.19565
967.34717
247.34119
1590.4996
431.47714
1015.8386
-322.7647
643.0867
273.62204
188.10287
267.12845
-738.42725
432.5165
37.639175
-574.98315
-163.13577
768.4106
-50.28221
91.11181
-832.09686
-838.8664
584.7944
-666.1178
-211.5145
145.31639
1691.5034
403.93848
-936.7217
-179.8182
152.47284
709.74146
-634.9834
977.5453
1143.2216
275.14185
-1091.5427
283.65656
-607.59546
-654.22705
332.40305
-932.9973
212.13788
-286.70755
-1021.7338
648.16833
563.53766
-496.9951
-730.1352
-860.4756
372.9621
378.8972
225.47417
204.96918
686.1843
-841.2955
283.14975
1015.1782
-1335.6829
345.04077
1087.249
-386.5641
-319.7737
-540.43256
-326.82935
-2672.1182
956.5656
902.81244
-143.0503
1081.6592
396.45667
601.40704
-1114.4778
-578.99506
254.23851
258.85645
-802.4231
495.6765
693.5324
620.17773
332.01022
898.1844
127.34463
221.49753
-156.51942
-1045.0479
-654.535
916.97437
-674.8806
149.02051
-501.10712
-13.27695
585.4745
-410.18475
-91.23736
-890.9604
489.7739
-595.0069
946.37726
284.65076
-155.60712
10.159839
-411.64557
-1349.5634
12.934216
441.89282
-457.87854
-749.07855
1051.899
145.54597
245.17691
895.14185
328.28467
-557.9067
499.11926
-62.3756
222.73471
228.18718
-127.57792
343.63123
348.36484
770.4322
250.3699
-2042.3627
800.61786
-357.51343
240.85901
-395.3399
79.72921
262.70737
104.15747
1117.5554
-918.7125
314.59872
1405.0785
-1026.1942
-986.2173
692.084
832.59625
-1115.0209
-277.41095
-65.77615
-1115.7483
-729.4488
1238.2389
2148.3398
767.58936
-107.23272
1093.8066
305.08035
360.53632
462.80685
595.49225
276.527
-469.92505
272.90738
372.0931
217.89261
-1038.8335
-1105.3025
279.36755
-506.17743
210.65506
210.82524
-80.29413
-1221.7266
1080.3877
-508.1304
-749.6138
-36.066654
-1068.1643
941.8788
-519.1471
680.9784
-270.2239
1096.6635
257.7335
717.1267
210.07822
-981.85205
-223.21489
135.06311
-789.79926
-39.545406
1134.4064
1470.8461
931.14655
-1076.7231
503.27606
1895.319
596.6622
497.30963
-234.55972
704.2402
590.09564
-523.9607
1186.7352
47.990265
-813.1777
229.10605
-1004.68146
626.8741
1219.0161
-468.16458
-233.72455
-1174.2861
414.1482
514.3675
261.64722
133.1216
-215.36607
-1127.1746
-686.0947
391.5922
526.59674
-645.3655
-322.18726
1130.3264
-1377.4213
905.885
1002.0733
-611.27423
471.80835
448.45526
-1042.7047
502.8621
-231.07077
-339.0279
1531.1045
675.61255
360.7364
118.46086
-199.99983
758.5489
-398.24176
-437.8176
982.93866
229.11288
-177.05792
1274.4943
-224.90321
-1600.2168
-601.7956
-1530.4044
-773.01874
-2063.7188
536.43994
559.367
262.21014
29.62281
-208.29512
-701.42834
1073.587
-850.93195
-1785.1201
-154.3605
186.87363
148.01596
-138.56741
-982.31055
894.4909
-776.34375
120.211784
806.55634
-777.12286
-282.66373
-499.79276
889.23865
350.1089
984.3676
36.027767
-167.1721
-67.92145
-110.47221
616.9861
887.60614
1180.8124
-165.4896
-377.88724
311.31573
-51.220337
-1231.656
1029.5844
-708.03937
564.19403
-39.319225
-1199.9847
-1056.7423
-1463.3662
-223.40385
555.8115
919.96124
-893.1507
-59.93087
-652.112
1137.8245
237.08432
-562.1584
186.64352
-916.5056
519.4202
609.13837
-1820.692
527.30707
-40.81608
