-349.8267
484.0088
826.6916
343.9786
1179.9088
1104.2678
-767.9817
796.3042
-178.05424
127.05865
-581.79
-1534.6125
-842.34894
-845.58673
-672.73883
-1360.4989
-1203.6747
817.8676
-142.15958
1719.0443
-124.51877
-941.5341
-178.81569
-95.076744
-980.42413
34.00013
-958.30646
-151.88246
-840.8811
170.7551
541.0039
-1.9142256
674.65247
1706.4792
1596.1609
950.1501
-144.29625
-525.71826
10.674058
-481.06723
-735.14966
-605.09094
-280.21326
444.29056
892.11127
-476.40848
-300.55
-1027.8156
-712.6326
283.22205
473.3369
68.34204
-163.6833
-1406.4216
1568.4816
-151.44254
2116.019
-121.63193
565.8229
-131.7838
-210.55406
-191.42668
523.15063
-693.37164
-175.58986
146.70908
-283.96524
271.4863
1794.3662
126.58348
-440.20078
-11.563431
-30.672438
-480.77515
502.9779
-1510.087
-106.37139
-1387.3918
-297.7915
713.7839
189.66296
-813.9231
-780.41205
-1100.2761
-669.9373
2416.8345
-1129.8461
1292.9697
1452.1178
976.7685
-498.1937
283.1132
1141.2914
402.1488
-609.6656
110.363625
1275.6932
1050.6205
1044.2322
-100.46613
-1035.636
803.5564
-1092.106
-317.90182
-274.38654
68.82042
29.555986
1541.7114
63.5091
-832.0729
-1553.5212
1085.3285
231.09357
-441.5144
1103.9565
-88.52876
-532.9329
578.8564
-715.1921
-1900.181
90.98916
668.59796
228.892
130.0392
77.59843
984.45935
-846.0547
-845.9936
1001.5325
-594.1557
-85.891335
-115.67493
-631.6794
-693.8649
-284.78876
-604.81335
-387.48444
618.5684
391.37628
776.2625
-526.46844
460.9589
-1767.6561
-1395.1625
-300.0268
1224.8698
92.690346
1516.1561
-32.63531
-703.9862
1010.7628
1309.7078
-189.67061
-344.79053
358.98624
-399.0765
-434.6465
-435.4222
-2397.0261
794.3751
595.179
-1135.3953
121.838715
136.00987
2028.3237
976.59235
364.2265
-3.7934475
897.46155
-1574.9664
-350.4252
-322.08014
-144.61803
960.85736
377.88232
540.29205
-222.10262
634.9753
549.34564
-1253.5347
-204.099
545.8696
153.02097
-430.18256
-592.0709
-7.731775
1176.0758
-383.89255
-1012.2868
420.17825
153.183
-757.4979
-220.4859
887.94507
553.6775
-618.74567
955.6564
-449.24466
929.0211
194.07286
-111.30328
1464.6481
197.07372
937.7687
169.10051
852.3207
415.66754
-521.16205
-1597.9097
-496.56723
-344.85995
259.2215
-698.4044
-1600.1337
700.4894
1820.6069
-354.57404
1204.9391
-305.73804
-614.9704
-165.7625
56.839397
260.52335
-478.79022
-83.77614
613.4221
681.1467
96.974205
793.00684
-868.023
-564.8941
598.09784
-160.59996
390.6562
782.05414
-1330.1858
-1364.551
1033.3751
-262.6523
-286.12085
369.5589
732.6418
677.1679
-228.90594
1283.6215
42.123512
-521.1901
-752.33136
-1391.7933
-1126.6827
-1083.3079
1438.0908
669.356
810.3514
-532.8982
669.4289
1121.5369
88.58566
-740.90924
624.6374
115.41639
-357.16202
678.97107
876.295
-470.4243
-804.0491
-178.65019
-18.5055
890.09485
-1292.5891
375.37207
-1351.352
-579.7148
-1343.3949
240.70676
377.84848
-947.34326
1260.9626
1092.0714
818.29083
-117.898994
-30.655931
588.1258
730.5154
1251.2277
-1413.0992
-1609.7551
-964.8584
1346.1469
-382.95163
-229.2831
91.69646
-469.11746
416.18878
-708.8334
47.21719
40.526794
-95.51263
-955.96893
-611.8615
-625.2114
-1060.6842
5.1398363
-619.1313
-301.09256
-491.81097
760.198
-637.3862
-1445.0533
-15.223005
-387.97577
-1758.8824
-458.20792
368.5958
-700.1581
1397.8494
-808.7925
-724.94666
-926.6617
525.0621
-243.93439
-95.10743
-795.2483
-672.36426
122.62263
343.26666
1220.2521
-463.78894
724.0501
-406.46747
417.45505
105.43924
-499.52216
127.24351
-1568.024
770.16077
631.644
-197.79196
383.37842
300.09158
656.6374
456.20486
-422.17868
-708.13074
-755.5531
606.2274
0.6600275
2189.2708
-249.6848
385.60913
248.2959
467.04916
-510.45602
710.58563
218.47656
-838.7779
327.5029
40.302696
-271.42767
-54.80275
952.3473
570.0925
83.20772
-755.8731
-718.4903
375.37988
-477.04993
425.05923
-35.711044
1731.5398
789.32056
-1317.3126
365.75266
1004.4074
-191.29031
-602.18494
367.47617
1107.9769
85.015366
-1562.7024
-226.8943
-275.99567
-575.6916
1131.3718
-1208.7399
385.64844
115.14906
-1013.7313
456.83282
284.34833
-1001.14655
-1573.6691
-713.9537
505.77274
-247.64674
466.07767
465.9565
506.31775
-318.26523
25.337696
682.11566
-1320.2108
706.8452
1257.4146
-921.1194
-88.74126
-921.07477
-92.5898
-2772.847
1681.9811
991.95374
-891.1523
1371.0751
131.35179
616.5197
-386.65128
-865.257
1021.9259
567.0757
-813.0305
254.43767
1170.756
372.72107
184.83238
231.89488
-17.979342
319.63058
-201.13422
-814.06085
-1319.7598
1216.8632
-321.5019
1027.1471
-437.6695
-677.81256
283.87076
-171.48979
-191.74083
-1629.5032
91.872505
-403.18228
1276.3802
-212.7193
-165.51047
-620.23303
-1076.8016
-1476.4283
264.49228
862.8606
-1047.8794
-872.27356
1015.4109
761.2258
445.36325
1499.2563
-134.65602
134.7053
987.56726
-716.44385
-101.958786
-101.36309
-668.27686
530.1264
460.61957
1405.4232
-88.07026
-2155.0974
1317.7775
-591.05096
-65.38141
-505.2799
616.6096
403.21796
-182.5019
1547.6647
-904.3601
516.3127
1855.057
-1193.0624
-779.74384
407.2321
738.6624
-1076.4729
181.8087
-205.15794
-759.3291
-728.0417
1300.34
1633.4318
1233.5468
198.72304
1661.3776
-58.70217
-116.2386
574.17865
946.0166
-16.85614
-501.2093
419.6293
255.8792
196.80537
-775.78925
-620.3314
522.97076
-598.04663
217.42581
-80.93976
-164.39513
-1298.4745
1736.3446
-857.1792
-919.39703
-544.9197
-718.4307
1496.737
18.143991
550.617
-290.69537
686.72485
472.79926
873.7495
994.32104
0.9928926
-401.5003
274.8231
-686.13916
211.4354
1509.643
1149.2396
1310.5145
-1306.5919
598.26154
2275.038
172.33664
-386.68124
-265.50723
618.62195
963.532
-994.21277
2160.0312
499.25986
-1020.35223
-10.754444
-1741.3785
968.3469
1445.4392
-789.1329
164.13692
-1142.8435
-494.47498
130.82271
106.13882
387.61594
-591.5875
-680.0514
-354.06958
72.77722
993.6309
-970.72375
-555.2067
1496.1353
-2190.2976
728.06555
1292.0657
-213.05437
247.92535
70.74241
-521.8756
909.0767
139.88899
-125.09113
1463.5394
1020.9562
66.93185
-29.90802
-199.52202
741.0687
-319.88797
-33.169502
1189.3242
156.48926
64.685005
1825.5411
-276.85098
-1568.1337
-715.72577
-1594.4088
-780.5599
-1293.7133
366.18884
258.3433
304.38007
86.0654
-640.99835
-813.799
1424.2631
-1232.9834
-1666.6594
-508.40622
160.87154
1035.6954
97.14689
-393.80673
805.4121
-583.9819
509.8456
52.042027
-571.2826
116.976715
-340.44376
942.0889
47.790756
863.76434
438.2396
-584.6634
-194.98425
-89.56849
500.22803
912.25824
955.1738
-683.636
-390.66144
309.6158
425.25287
-860.2798
883.2289
-1100.5183
484.18195
603.4729
-1243.6536
-601.7876
-2064.5762
-781.42725
527.0393
747.319
-1112.4246
151.46884
-463.54422
1151.1304
232.95335
-623.9326
328.5688
-1166.4479
-299.5601
870.41473
-2442.136
351.95905
21.999563
