125.1894
1046.1569
-66.79568
786.1386
963.305
1134.2571
-631.389
656.18335
6.7302876
-289.5086
-294.91522
-1830.963
-618.36646
-926.5074
-210.78885
-1122.9622
-501.55124
470.69992
67.976654
1562.9534
-159.49956
-1588.4438
-453.29547
-235.56186
-314.52585
-246.23111
-967.2766
236.1213
-606.08136
891.76196
270.92206
-293.2092
429.14957
1686.0867
1110.8573
843.90656
-124.97947
-697.1513
-87.207794
-99.50353
-887.21124
-539.9501
-646.5223
606.02234
430.83255
-436.37936
-114.825874
-1139.3246
-1223.3829
448.1103
55.98382
253.44164
-97.77463
-1133.2349
961.5196
561.1661
1963.3848
-550.71246
551.47595
120.21198
-82.64301
-341.11765
720.66595
-337.99988
-259.6372
39.05146
-433.31613
271.15884
1807.9634
-47.112034
-622.22174
482.53818
-57.205017
-304.27148
271.35828
-1901.2646
-484.97202
-1598.9369
-118.08349
712.7789
191.84665
-612.3761
-907.88574
-1065.7751
-606.6727
1858.5703
-1324.5907
830.2666
1367.1746
573.8532
-765.00854
251.67802
778.69324
181.49046
21.730892
-41.025284
962.8207
1311.8647
589.5877
-19.186098
-1294.7723
232.77344
-974.2975
-645.55206
-1043.947
-207.60677
19.93735
1174.4406
-229.44838
-413.75467
-938.6922
881.6067
375.17703
-306.8457
1514.741
-347.18106
-336.81967
770.01825
-50.469875
-1850.4413
253.51732
678.92706
289.8456
-111.93609
289.87817
585.72675
-1031.5553
-913.5794
752.36334
-454.46225
-173.74191
31.893587
-486.7068
-905.0403
-38.099316
-470.4357
-299.4816
735.6165
200.72592
501.4879
-458.1029
237.34581
-1838.5792
-1652.1173
-648.0017
1243.9276
94.53298
1378.3677
2.5939035
-401.99625
667.11896
1156.5916
-15.167035
-89.982475
57.36175
-366.01157
-333.6808
54.14696
-2208.8933
685.09235
715.48065
-1246.4729
-58.961605
-154.70386
1842.4795
864.09204
-235.18312
-220.57748
811.4444
-1313.9915
-422.96655
-60.214973
-340.05878
841.6584
603.6535
589.8454
-37.877064
728.68317
397.19034
-772.94464
221.64282
581.57874
452.8691
-245.01497
-3.6965642
-654.9713
747.1209
-711.1996
-1055.7727
390.15247
-192.4118
-828.5738
238.78882
796.01666
660.3274
-698.77484
908.16925
-302.2508
669.2393
-79.21179
-346.5409
991.36053
132.60382
700.57117
4.960775
369.26056
360.58923
-1023.82336
-1785.7781
-837.4723
-162.65073
31.048374
-829.7357
-1775.5975
655.5679
1894.7336
-387.5399
1656.1659
-453.74704
-614.5688
-93.69432
189.63391
120.4314
-762.00525
-305.81995
971.44037
500.72528
528.35187
1361.7064
-314.574
-619.4059
1087.6134
-30.09141
285.83813
527.9976
-1437.5358
-1687.669
1141.1329
-816.6578
-123.79309
385.7314
1163.7373
859.1353
-478.88776
1254.7195
-19.489199
-329.872
-677.7681
-1563.5334
-801.2683
-1517.614
1695.4127
259.6664
880.9052
-100.53795
442.26425
1036.9937
-147.2429
-1126.9672
1087.0524
55.82193
-287.97375
595.67847
636.3791
-564.8074
-817.00085
-116.66072
201.61157
390.47125
-1289.4293
414.4849
-1173.6483
34.098164
-1263.7577
490.76636
121.27468
-702.3388
848.88
1231.2373
886.6797
167.58513
-97.45306
707.4632
893.05994
2039.4598
-609.4791
-1273.8888
-1301.7332
1282.3973
-27.027365
337.03638
-338.25964
-351.19852
587.6166
-764.5168
44.00076
66.56773
-360.33612
-323.98596
-615.7125
-704.489
-827.95776
-286.07312
-765.06433
-574.4646
-1.9551437
597.92084
-545.30945
-1038.9204
-142.94102
-520.51636
-1729.2422
-318.99524
291.56918
-757.7378
525.63153
-898.17255
-1147.6321
-1123.7976
680.27026
-589.3399
-146.51425
-535.7999
-27.905
18.008825
673.3165
731.50616
-1064.3003
349.4277
-416.5739
-42.806355
93.95562
-431.96674
421.62814
-771.4228
997.4885
911.7727
-344.5828
202.55357
694.8064
355.04205
230.11739
-437.71326
-778.0989
-585.6393
946.67896
304.59793
2027.9589
543.35077
645.82196
-224.09335
394.94693
-96.878815
171.65631
698.6628
-868.6855
187.22093
-294.57278
-515.1197
-189.75592
658.30835
123.16523
141.34322
-829.2752
-476.56458
364.74194
-769.2354
344.12964
-109.24588
1621.658
582.105
-1188.8439
-148.9075
88.09372
159.44977
-635.1064
364.16757
1408.2002
194.51385
-1027.9257
249.6012
-345.3774
-593.5324
531.9272
-678.86835
491.66336
-256.21646
-1024.692
472.28168
273.6222
-807.01135
-1357.158
-564.31104
415.29947
84.50767
569.1431
608.10504
896.485
-715.2484
50.137722
660.94696
-1772.8473
633.03864
1335.7018
-732.31586
-192.89282
-1111.8295
-245.82104
-2653.1406
1036.758
988.3443
-614.55817
1246.5143
-51.612698
466.14502
-384.67252
-831.64954
851.48126
530.60126
-977.58417
452.932
1231.1271
595.41705
87.939835
504.79092
-137.37004
841.4499
-143.96884
-863.0188
-1294.1241
930.9137
-428.68143
527.15515
-577.01514
-153.23737
641.91504
-409.58493
-191.21986
-936.6353
441.52496
-596.6278
952.569
317.41248
-17.867332
-283.29886
-635.5063
-1293.022
7.062585
732.1592
-777.16016
-596.52594
1161.8629
469.40125
517.2075
1665.2008
-389.3258
-124.453735
757.4812
-348.30112
224.92441
26.557074
-171.062
267.35706
643.17926
1054.9543
-76.81449
-1832.8525
894.7371
-129.97952
394.74408
-512.064
583.33105
375.116
148.39343
1479.0455
-520.97015
646.75037
1597.474
-975.42096
-1426.892
382.1101
956.05176
-740.84576
-170.87082
121.27416
-514.54596
-941.92645
1547.5082
2063.6816
1140.2582
-216.88383
1429.4458
196.32204
214.04346
483.9469
803.3589
195.78369
-655.4539
224.86853
198.31407
-2.1250367
-849.1155
-629.18854
171.34662
-646.42474
350.5662
78.34826
8.321833
-1244.7637
1542.4617
-619.7168
-893.4641
-486.48727
-590.7014
1007.86865
-0.9485798
395.68472
-73.39089
461.77728
294.88483
559.94727
474.2802
-969.3693
-251.30023
-164.9807
-415.006
329.72635
1240.2994
1630.6272
1068.939
-970.19775
317.2424
2262.57
293.07748
442.88812
-728.05206
612.11456
380.3295
-580.0218
1529.7524
108.352455
-951.23376
186.13943
-1313.4941
818.258
1506.2014
-654.31433
-177.77051
-1098.7148
2.7372348
699.2544
135.79822
224.13922
56.90963
-1201.7015
-165.13051
185.36226
794.1648
-843.6571
-351.15503
1204.884
-2011.9933
704.28186
1184.9711
-356.16803
544.8799
321.84625
-739.3406
422.9348
-162.96909
-465.38004
1361.6483
1038.9514
66.215904
-133.9341
-222.18614
974.78674
-598.0168
-81.14642
1157.8962
140.97482
128.56972
1665.1829
42.648476
-1616.3119
-658.9019
-1346.385
-595.48
-1444.89
805.71857
281.51917
217.52617
39.007347
-371.85187
-433.88113
1556.6017
-1033.8787
-1877.6819
-693.6814
13.316256
486.9071
-5.095626
-469.23758
1181.4362
-650.14844
203.46155
316.58762
-877.2151
-115.029175
-475.24515
1092.9076
470.7016
950.8391
303.8366
-261.17575
-252.93828
-162.4589
558.35565
610.06946
955.8716
-569.67676
-536.42596
232.16853
142.39497
-733.61487
1541.4517
-720.7177
610.777
112.34874
-1145.2822
-547.138
-1903.1534
-628.4753
858.8757
783.9242
-1088.2877
317.4634
-542.44385
1294.8522
379.2551
-572.46313
292.60913
-1052.6299
4.4796524
584.41974
-1947.1345
249.63005
-260.08743
