321.13095
679.24
84.21356
501.04968
965.6619
852.12555
-252.6785
876.2082
209.17264
-113.683655
6.119688
-1500.5393
-445.25394
-916.2187
-409.48352
-1188.0691
-71.78428
1064.0201
-67.92313
1275.5092
-72.32006
-1760.7256
-168.31197
346.58716
-432.12265
-466.71515
-305.88025
127.692635
-407.29193
390.40997
78.25592
-494.23495
-114.496086
1388.274
607.83234
657.4993
344.09512
-149.01202
-127.27458
-53.28206
-756.2222
-748.44495
-132.12537
726.1627
256.72397
-502.2552
298.59644
-802.11597
-1120.4598
379.32996
-107.770485
661.2211
139.91574
-484.8157
1369.8955
340.18958
1859.312
-850.783
262.30853
102.270065
-204.83517
94.472336
611.29565
-350.915
-510.89108
201.34291
-794.88007
183.14168
1771.3982
-215.52748
-502.84622
439.6229
-23.761356
-102.31934
32.70596
-1678.6378
-583.89996
-1073.1287
-178.54982
234.40767
-48.75721
-757.53735
-1000.5431
-1110.4368
-485.53528
1385.0835
-939.95935
1202.363
1298.5359
676.74695
-745.21387
421.79166
1091.2964
-339.23337
247.32997
-274.84134
951.9684
1271.15
984.3692
93.96243
-917.89856
-374.12634
-1299.7084
-860.7472
-1437.9596
-98.778915
228.34628
1024.5443
-75.16017
-662.98505
-848.7779
338.57593
417.15292
238.80617
1077.5494
85.040596
-44.73391
556.0806
-200.44357
-1349.6246
592.70685
462.25766
136.60509
-13.759074
396.16348
559.0268
-329.03958
-540.8804
926.4871
-19.786787
11.2131195
281.17535
-810.0245
-818.9164
-65.783875
-170.74869
-522.95
322.3801
472.83942
-8.633707
-77.891785
236.98148
-1958.5605
-1446.7048
-567.5601
1106.7385
87.74601
1148.3665
106.04673
-419.72043
547.63745
803.1273
-10.418886
-600.6939
247.29114
-69.14577
-544.9155
317.3241
-2421.7532
710.9049
973.5351
-1107.1095
-29.972343
-282.8212
1663.0068
490.06155
-662.2322
-13.340323
213.09518
-1279.7777
-624.4777
219.96066
35.104958
850.9874
440.41632
301.94894
53.410816
1043.4744
544.8301
-1196.3745
47.151176
475.85107
137.82643
-546.3591
-179.03568
-586.9064
1370.2584
-559.21484
-1092.1659
1098.9523
150.59029
-1378.635
220.47049
1261.5818
582.93317
-452.48825
634.391
-490.76297
202.88289
-90.57875
-217.50635
1258.564
334.40143
940.72974
-312.4162
-0.42383552
367.3736
-536.40674
-1848.7578
-837.75903
47.703533
-538.6882
-778.86035
-992.8531
878.80426
2094.7542
-426.22717
1454.2825
-85.989395
-212.53055
-293.79047
161.93616
394.53305
-711.4632
-701.793
1186.8438
-72.465485
193.46042
916.0352
-417.29565
-290.0489
754.4546
-230.10727
237.2534
679.0528
-1006.3873
-827.2018
878.3233
-1205.5068
-390.40765
129.1399
397.6516
1066.0677
-336.78668
885.1464
-101.52886
-434.14346
-431.57037
-1299.6245
-92.750084
-882.2046
1435.7078
541.88306
1164.3665
456.52396
256.0216
976.83936
-664.12933
-886.64325
1018.287
411.40054
-625.38116
170.22935
419.0056
-698.4657
-832.2797
-223.93076
-26.705738
-411.37357
-819.54266
-150.49211
-635.95874
237.36348
-1258.2229
439.49142
-521.6489
-434.84015
351.0768
1079.108
898.32025
-4.798799
179.82248
392.48734
698.9042
1282.6482
-596.8795
-1222.5597
-826.0994
751.04065
114.54042
567.2954
0.13954234
1.3120159
538.32904
-789.1223
-306.43454
259.50595
-829.0105
338.96793
-578.2908
-244.20915
-77.92783
-66.27858
-879.2426
-466.6832
-725.6655
319.56607
-366.6803
-795.2432
-232.13693
-805.2664
-997.2426
-335.13745
232.3471
-780.5535
429.52988
-736.59686
-956.23016
-615.5753
240.05998
-525.4276
261.2862
-277.58112
-92.94868
-228.40013
724.08704
998.6193
-756.2308
-128.06801
-255.91417
-324.6121
-4.3789315
5.4935665
494.77383
-1002.2817
923.88605
1029.4631
-488.26617
707.2866
764.7025
394.33167
-7.4289
-912.94617
119.43633
-802.9807
641.62866
31.08145
1285.1954
348.82385
1137.4363
-419.90457
699.0647
280.76263
-41.749252
101.325554
-655.70825
347.277
-45.8942
-648.29504
50.572884
633.50714
-380.75266
177.8392
-706.9184
-833.7248
366.0605
-816.89294
-48.48564
-251.35457
1165.2896
413.3531
-850.7323
-46.06859
320.56186
671.9999
-549.60065
818.88965
1301.1641
185.33586
-1037.0864
-27.201231
-636.809
-644.7684
226.58943
-1008.46735
463.5614
-159.4046
-1010.4217
646.07886
195.33421
-334.98154
-844.7076
-593.59955
288.15207
482.8747
14.621769
286.42496
422.64517
-915.7753
449.4543
767.90393
-1221.1738
231.11853
818.3036
-218.73259
-278.03882
-303.7429
-363.0275
-2566.8748
1120.1517
643.2981
-269.43698
631.6378
352.9547
808.60443
-1110.955
-515.9411
238.42708
202.87502
-718.8974
348.85144
534.0066
900.0904
524.66534
942.68243
129.57718
241.05519
-336.69086
-935.44073
-678.8531
1135.637
-557.5849
12.984722
-494.44064
317.10257
688.148
-661.41846
-58.13426
-656.5667
293.68326
-412.1717
743.52985
340.10886
-189.53548
129.17924
-394.39282
-1144.278
26.334597
288.22073
-304.08005
-601.40875
1062.5431
200.80394
158.66583
1045.0645
61.151463
-697.65063
478.18008
38.604958
-60.659595
444.22055
-24.181137
102.48257
356.48474
894.30273
272.83798
-1724.7029
734.8292
-276.18533
275.34894
-554.4041
94.93167
153.57281
192.86342
1077.8358
-999.59265
343.06613
1259.3431
-906.9428
-1140.0198
1097.466
762.5142
-1242.7484
-250.25278
99.64562
-910.5237
-1012.8268
1084.7927
1868.1876
735.8032
-115.03495
879.4412
162.48131
478.3323
353.232
576.44305
343.65167
-245.19481
540.6119
334.99744
314.4065
-859.43475
-1059.458
128.54733
-771.09717
216.25575
41.318893
-58.6371
-964.28406
685.3845
-584.8778
-400.93207
-320.92172
-1205.133
725.7514
-553.48596
415.015
-56.22462
874.19305
349.08685
893.7428
335.07956
-753.5293
-54.071953
170.85681
-843.9141
44.392506
1017.05945
1320.7212
514.573
-1199.4917
697.0641
1712.8397
278.40536
128.41772
-222.72731
527.6103
675.45886
-528.689
1294.3966
-143.60844
-888.1645
581.1837
-809.30676
669.51935
1299.5154
-452.0284
-541.07574
-1005.28436
263.80164
490.75153
502.71863
195.13765
-68.318146
-1202.5853
-397.39523
587.2549
455.839
-446.81607
-205.7848
1146.8003
-1209.6443
785.4093
1062.661
-766.7535
597.50024
346.18173
-919.6747
332.1643
-329.14825
-39.841213
1447.9984
389.35034
684.7771
158.86815
262.912
821.05145
-248.51294
-127.83208
824.40906
657.1368
-290.71976
1113.3478
-83.425224
-1537.7484
-627.87885
-1346.3181
-653.7473
-2230.3586
461.2301
269.47552
45.599384
214.0074
-163.34622
-532.6603
1183.2328
-707.0564
-1743.2726
-202.42249
264.3552
266.0701
-194.54474
-840.3516
985.0192
-554.1249
188.02715
891.16235
-1140.3046
-272.73148
-655.13385
931.9055
67.671364
656.29584
231.00325
-202.37505
-491.0869
274.82962
558.2616
1069.551
1209.244
13.60245
-298.07153
560.3477
-157.78964
-1360.0115
767.7462
-781.0006
529.79407
277.3489
-1143.2631
-1147.4534
-1493.6295
-343.12698
752.1934
981.28107
-363.04117
289.82104
-701.42163
1157.3931
307.9287
-160.50812
-167.59178
-738.0864
434.91406
965.3579
-1750.3995
484.9968
27.70113
