-444.4895
782.9988
-74.85532
357.9402
729.0473
299.15314
-215.8872
490.5862
-59.67026
-214.29767
50.579247
-1482.3844
-71.13668
-518.9421
-280.46826
-960.47504
-141.04353
972.268
-54.090176
1116.6316
-222.33968
-1448.7426
-15.367143
-42.453167
-323.50797
-256.40027
-17.747387
-140.87907
-754.2007
258.72375
-207.35898
-407.78302
23.454071
1318.9707
621.9198
834.0432
556.1367
-89.90896
-262.45758
-123.722664
-571.4875
-611.57764
-306.0864
-229.45447
517.3351
59.56848
398.82803
-602.4232
-648.96326
267.01944
-87.793785
580.5915
-5.587165
-173.0989
820.2338
223.19267
1899.3832
-833.32605
-79.772354
-330.74258
-202.49072
283.13232
244.78119
-211.0326
-267.83334
19.60708
-426.62335
-94.14232
1535.7186
-68.19039
-269.50275
65.34046
-314.3233
217.36401
327.8324
-699.5748
-461.72107
-611.9945
134.04396
380.95538
123.523
-343.52933
-926.7108
-819.75525
-855.7951
899.4671
-1044.7474
1024.3844
1094.0594
592.48944
-569.3266
622.33453
1213.1956
-438.01276
274.25165
-49.95703
545.87726
874.7619
612.3041
545.33124
-872.0199
-266.6605
-840.11194
-404.95728
-1280.9393
80.46431
1017.2373
1257.1531
-88.55635
-347.4241
-842.5736
43.79854
317.86325
152.98256
847.6687
261.83386
593.15674
394.56207
169.96994
-1307.1277
973.4257
-49.40563
-41.048054
-378.98196
165.54245
392.92285
-744.7005
-467.63437
842.1242
-240.68387
-37.413773
450.20016
-818.5309
156.28432
-375.2379
-10.852576
-312.14154
176.09859
428.34332
-136.06265
-146.33348
98.33884
-1695.5339
-1096.0703
-590.9637
1095.337
124.25328
760.7921
332.53683
-543.2759
805.9652
537.9183
-239.9714
-430.98148
207.59581
106.89806
-671.5846
444.75464
-1798.6497
244.95619
926.99945
-1239.722
115.0713
-313.4381
797.969
583.3704
-634.7375
180.0744
539.49255
-1291.8208
-386.08304
110.49744
-146.0783
503.22186
565.10284
221.17072
-148.77286
1017.0058
214.27048
-938.1762
417.61646
429.15466
-517.81555
-409.13742
-27.003382
-1081.9957
911.27527
-402.54477
-960.83185
1364.4896
76.167465
-1111.6055
261.9929
1350.9827
462.74365
-541.26904
314.3572
-363.90216
-168.56718
-611.9304
7.579123
1313.8207
266.04803
284.73676
-106.49721
80.11665
160.98193
-393.99298
-1295.3011
-629.6977
90.01433
-184.55586
-982.2153
-404.69754
1211.9487
1771.5492
-523.0595
1292.0216
-156.72827
-20.164703
-176.72018
68.66407
487.5958
-1069.4568
-766.6679
1011.84607
-426.33566
255.06053
1255.594
-385.91757
-476.12314
1102.612
-471.5224
-43.2661
157.66998
-636.2334
-228.54514
347.67972
-881.5521
-226.39731
-358.29724
585.0309
696.80994
-537.7062
928.7775
-744.8502
-564.42395
-76.16239
-1368.8536
78.636475
-637.6472
1372.0868
212.44905
702.8483
188.96982
11.788471
560.62537
-199.42
-374.03622
520.67096
543.36676
-499.54437
70.6986
190.9439
-732.41766
-472.68503
-235.85803
67.78803
-394.74954
-760.1487
-90.012146
-1012.9479
395.20187
-753.77454
103.87569
-141.63673
-428.29514
623.17645
1075.5258
487.5255
55.592804
393.88455
787.58765
226.68065
909.49036
-357.53192
-1334.2913
-961.56195
614.7328
-171.37628
679.38556
3.866587
-213.47754
473.35196
-439.50378
-217.19232
435.12796
-446.08514
121.68703
-290.15955
78.42774
-60.355633
-376.85507
-1449.9199
-796.2873
-118.78274
626.3047
-590.948
-748.2677
-389.93915
-572.6769
-618.79535
-294.12704
372.38327
-735.31744
409.0296
-766.68677
-953.6103
-546.8404
280.66263
-442.86023
304.14255
-576.3337
303.7331
-67.9187
953.18304
750.6337
-647.169
-113.77504
331.8842
-586.58826
269.77496
-3.7670162
951.7926
-1016.57513
745.72876
844.7591
-361.39487
708.6104
1226.7719
207.7257
-162.79889
-1246.8348
163.44635
-1113.0178
653.8092
85.62395
1295.3444
186.2907
1038.2334
111.635994
641.412
80.95295
-535.53314
185.04585
-299.6861
89.752945
2.8923986
-608.7294
163.07262
249.85185
-182.44217
232.12161
-534.3947
-755.30945
119.13348
-1016.63354
288.79053
-297.10782
1143.1586
23.45169
-471.68567
460.0526
290.60263
1218.109
-747.6249
453.19183
1258.5881
3.0155423
-1153.346
299.07568
-648.96155
-555.0234
-125.111046
-878.44354
337.49734
-232.47044
-1101.3951
262.1859
667.6558
-245.06229
-352.09317
-359.74344
359.2496
276.3344
-210.3789
228.63182
525.1181
-1175.3145
527.33154
496.90674
-595.058
576.8491
835.62006
-42.45364
-23.619057
-705.48865
-119.58273
-2550.7612
1013.73846
429.36908
-280.32214
439.8395
761.4446
553.68756
-765.8111
-64.74757
116.31381
-61.23209
-857.04346
64.591446
226.3311
220.24727
127.00815
997.93195
-39.144497
-128.34071
-592.5476
-899.53864
-714.67163
918.7905
-698.7661
26.01293
-828.3587
160.13736
789.3828
-838.0886
-110.50958
-502.91916
-118.429794
-327.86053
489.46115
676.5146
-484.8291
-110.944046
-681.04193
-653.1417
-78.59962
640.8307
-362.4791
-191.2597
773.48016
-330.44696
369.8131
686.42834
72.26123
-753.7854
221.80759
55.411087
-419.17307
681.3683
-217.22697
-36.540043
935.32623
645.70087
-99.09648
-1596.4495
449.6032
-184.08353
49.152805
-766.0091
-202.47813
96.63353
477.18213
738.99725
-817.6096
404.1019
1143.8279
-824.21454
-846.25574
721.3466
804.662
-1006.75385
-114.72236
-7.8994646
-884.5039
-928.06396
678.47
1300.185
425.69135
-300.6504
1113.8763
405.53983
-123.20947
-33.27401
-315.52737
-14.364088
-234.89198
302.60507
99.343666
625.2881
-713.3304
-1082.3943
626.15643
-365.89612
329.19174
-328.5937
-175.89743
-797.63495
165.14346
-544.9694
-457.38443
-423.92508
-951.5209
692.81635
-763.51965
287.286
-226.8586
855.24506
479.2978
1257.2184
524.78406
-541.7801
-325.67416
213.40059
-791.3721
-646.0867
870.359
1064.1342
619.673
-944.09143
480.77264
1637.7203
284.90872
19.924053
258.13913
118.01501
864.7014
-926.33026
1313.5671
-326.93558
-627.16656
-33.9945
-249.6561
419.6571
1399.3148
-279.7335
-334.92776
-1010.15875
460.0693
358.88403
791.9998
110.513504
91.60547
-1052.7333
-149.08893
394.57672
422.8046
-421.64758
-360.29706
1354.2552
-1423.0294
585.4741
786.35187
-1022.41266
467.8565
334.80356
-745.79974
407.9587
-342.15863
-314.39285
704.47296
455.28546
907.4815
-99.289116
567.5128
328.77988
-207.20468
-118.29204
468.29205
395.88138
-50.36498
783.8247
16.042852
-1496.5845
-536.8188
-1167.3921
-370.59317
-1827.6965
245.61554
36.834362
397.0612
533.6313
-137.87872
-580.4989
676.17267
-497.50903
-1394.7056
-134.18288
359.28094
37.63748
30.177704
-639.02094
945.9331
-810.43384
-246.5003
1142.6888
-1003.9691
-184.3677
-348.56555
1089.3118
-0.2022444
521.31775
349.792
-559.86383
-451.72916
335.29694
546.5653
868.71576
895.99493
-201.88152
-447.3501
716.82294
52.587383
-917.5308
25.711542
-697.3017
747.4638
-299.71964
-867.3548
-616.6151
-825.59326
-584.2373
982.26935
625.81714
-426.14188
360.84604
-808.4756
960.0495
305.01236
-117.598564
30.710306
-503.92618
97.552475
625.99664
-1707.3502
314.36227
-35.17317
