-875.32855
583.7885
1171.2428
223.30257
1394.0847
1027.6198
-671.35547
936.1997
88.60192
565.9399
-828.0588
-1393.9154
-1094.7452
-989.2288
-225.06157
-1704.2825
-1601.171
244.10289
-391.1086
1729.0858
-508.36554
-753.76135
-234.28227
-436.65
-1131.0754
331.22137
-641.06213
-416.71115
-1691.614
59.56662
661.9702
302.22778
1193.1173
2158.2776
1696.772
1503.0565
-506.1568
-503.95044
-187.16815
-260.64587
-424.74948
-1362.6504
-779.00397
1253.7454
718.88715
-592.5342
-103.38569
-1093.3937
-1287.9202
649.1175
470.42117
-161.5315
-79.85441
-1394.9954
2295.791
-807.6897
1905.6775
-68.37807
914.631
-375.79947
-385.54703
222.58096
258.85
-1203.6652
-243.42593
709.14526
-774.0918
630.05334
1643.3644
32.49236
-1171.8474
-360.86304
176.1338
-122.77279
510.10724
-1356.3726
-107.42113
-1252.0942
-408.41428
553.39575
-227.3074
-569.15533
-448.03903
-563.658
-195.89436
2376.0823
-1341.5817
639.44385
2041.577
323.63373
-708.98584
130.3904
887.58136
646.50775
-1069.7457
40.439995
1750.3079
660.90955
743.60834
448.9954
-1022.1735
279.3255
-891.04364
-287.78806
-763.0616
-120.71159
-208.7426
857.698
19.556982
-750.33356
-1316.277
1212.9081
-19.17574
-506.4879
1262.6222
-136.61806
-751.87366
403.22113
-356.94208
-1716.5281
759.3673
547.1855
309.8149
-14.156925
-643.4279
482.25662
-705.7788
-1195.5944
831.89734
-550.2221
-448.61862
139.38683
-643.75946
-704.23004
-340.3051
-1234.524
39.812126
912.4314
330.92056
934.4916
-683.30707
453.00372
-1401.7239
-1250.5352
-375.26175
568.06836
-84.68913
1482.2786
-496.14703
-396.459
928.46857
1374.5474
-525.09045
30.152815
651.41736
-847.8411
-1062.877
-870.33417
-2377.867
422.85544
896.69025
-1629.8987
293.24094
734.09155
1704.3992
794.99225
185.96446
300.7512
1255.0525
-1881.8695
83.31816
-977.4744
-407.15848
1042.9899
681.8746
74.53276
-345.48083
319.83456
362.45105
-1332.133
-294.8476
682.6549
-237.35347
-516.74756
-597.0947
-526.11957
1145.3309
458.32126
-1129.2982
364.71515
177.54878
-1239.231
232.76312
824.4888
-261.732
-723.18243
1470.6443
-41.51139
352.05872
330.397
-504.85455
1601.0793
276.19672
1158.4177
-189.58536
524.6595
1037.3517
-418.3129
-1077.2296
-542.80054
64.74852
695.0414
-565.1953
-2116.152
189.26685
2749.556
-12.26919
1081.2552
-157.13354
-214.06158
-543.1847
241.35378
741.32733
-442.55908
138.58803
473.47635
1001.3611
322.1163
624.2856
-562.9363
-237.00693
1115.0549
-312.53094
231.14188
686.0073
-1553.9706
-2362.2886
1293.8174
-623.29767
-918.5325
-62.88178
640.1321
734.4548
-501.7509
1129.9369
243.08894
-5.7513933
-1252.2493
-1646.4882
-953.2129
-857.6249
1689.883
273.32294
1533.0194
-546.34235
352.8607
866.1385
55.175217
-508.8234
837.8222
240.45312
-861.3218
290.46555
842.4169
-83.680595
-257.0371
-268.07278
63.669956
964.3025
-1785.9343
14.216583
-990.01337
-752.3111
-1355.6892
442.55026
-109.110825
-971.29987
1362.4185
1019.895
1314.6682
-319.74243
73.27978
399.74963
964.32416
1243.9142
-1689.5184
-1621.7444
-734.6077
1251.1697
-544.9368
-304.941
278.81308
-902.0456
236.42377
-1211.5692
484.01495
623.84906
-588.3301
-1246.0175
-686.0097
-765.8416
-1534.9943
178.8635
-1192.1191
-793.7611
-235.73071
648.11633
197.04997
-1372.8265
-85.361305
-576.12946
-1355.4691
-281.25198
909.21643
-1399.2996
2195.5667
-946.7691
-684.04395
-1002.7119
751.41943
94.96699
-167.58119
-849.82043
-774.5019
-332.02774
523.9355
1159.6057
-536.6145
424.9843
236.49483
1239.3851
267.3348
-513.20905
752.4374
-1629.4667
706.81836
996.8929
269.31912
806.289
394.70316
206.41399
649.4922
-704.3817
-611.45886
-874.2084
-217.21443
-242.84389
2372.1414
-454.5566
297.27484
290.23364
10.974791
-1203.031
972.0352
219.1541
-991.14825
161.55388
-724.56323
471.9872
437.267
754.15924
598.7351
404.6387
-615.68536
-452.95828
191.37906
-993.6102
161.9592
-368.3267
1046.9825
839.69714
-571.99554
316.4483
1250.1139
-549.0609
-1064.9941
203.6442
671.43677
-294.1267
-1367.6957
-552.89996
-223.51549
-894.48926
1040.6907
-723.565
578.0938
482.60257
-1484.0654
1058.2714
635.885
-1131.5701
-1431.4167
-830.7705
256.7311
-64.76675
213.15604
157.97734
1091.9763
-547.2775
10.209059
355.1895
-1626.8134
448.68805
1474.4313
-733.79553
-376.90958
-95.45302
-448.77148
-2781.478
1562.5938
476.54346
-1099.367
1343.2214
357.87054
1063.6675
-796.73627
-582.0959
1410.8251
856.07776
-880.0841
696.4639
1231.3315
-195.6791
-171.84698
282.8609
-421.207
797.34717
-50.630486
-1301.7897
-1439.4663
1641.664
-237.18387
632.7166
-727.42285
-618.5724
524.4482
-487.59128
245.0959
-2053.2773
-596.43445
-847.0237
1207.0917
-4.458995
-613.3707
-1097.872
-775.9422
-1818.9191
158.05661
556.3197
-1491.9587
-1151.4895
1192.9989
472.18762
234.26149
1733.1703
333.71075
182.55089
999.9874
-913.08307
-335.95883
-104.286934
-1099.5438
482.43185
-340.30975
1307.4834
174.09557
-2132.3079
1599.5009
-382.16644
-246.21182
306.139
107.49079
457.38956
562.25085
1371.4338
-506.23755
1012.67426
2596.7256
-1052.2257
-1081.7205
492.46808
227.66716
-1293.1785
-21.314957
-483.72064
-471.87756
-559.05414
1440.535
1913.1642
1464.048
763.2512
1087.5006
-205.22537
-282.3406
124.64942
837.4183
113.636536
-349.66327
515.3587
182.83922
-308.07248
-334.1086
-456.8591
813.9377
-215.66954
-126.9379
-116.41411
-301.99228
-1228.7012
1817.4824
-1385.7048
-1168.389
-286.5846
-447.62698
1604.8093
539.9281
1060.2931
-599.6651
578.6189
1015.477
708.39734
169.19247
-242.97244
-569.61554
892.7296
-799.3907
688.00433
1536.7777
1699.5096
1848.6726
-1701.3531
510.74835
2116.1792
510.837
-452.62384
-409.19916
231.88013
387.96704
-879.46674
1847.5674
935.04816
-1234.6404
-325.06485
-1861.8015
532.41156
1478.1576
-1335.4037
-54.156013
-1298.4354
-161.63123
575.7667
-118.51477
174.76001
-1039.4562
-599.35223
52.46322
373.76993
1333.6361
-528.34375
-1151.2281
1186.4594
-1978.4932
973.2829
1585.861
-973.3925
499.58286
319.66086
-38.17439
1135.6772
-213.46983
-2.488028
1141.6143
1434.5399
-311.2119
-668.197
-408.34494
720.8581
-131.71117
-641.1444
1271.5533
-144.88928
-544.3016
1850.0355
-300.12292
-1695.9789
-571.2998
-1557.3253
-518.455
-1887.9713
265.9151
485.1076
544.5383
226.71281
-321.39972
-1096.9324
1161.9791
-900.0063
-1510.7911
-219.34517
-491.0368
1145.8623
203.43793
49.5441
843.4191
-619.80566
681.2115
188.01059
-874.5179
-338.32404
73.83115
316.38968
67.37977
506.09955
631.12646
-433.14438
-687.7996
196.87567
187.07622
798.15674
761.23395
-617.35803
-432.20844
334.7367
580.08185
-1080.7655
867.7484
-1057.1528
877.7522
893.7812
-1214.2922
-261.70966
-2225.263
-624.25446
564.7302
723.13855
-853.24695
57.354782
-968.33606
1098.6736
-229.39764
-811.40497
507.8722
-1418.4056
561.2058
1111.9014
-2985.4468
325.7376
478.8774
