-241.39215
388.24307
30.76781
266.4421
-50.26727
-229.3341
-83.15759
539.8399
378.81778
556.27094
235.53008
-1029.2279
-202.12767
-384.56082
-260.624
-626.22614
-44.312183
392.04727
-108.69824
605.37933
320.2926
-1016.95715
-484.94125
740.8002
-520.13544
-170.21416
-78.98234
-312.71927
-391.62805
33.429802
-186.26543
-234.70929
-216.59758
1045.0956
340.94757
259.18872
239.27931
-87.04482
20.380527
-713.2101
-546.3891
-296.0927
135.2882
-288.46228
35.581383
203.269
269.91245
-45.077377
-104.16521
-106.04679
-369.57675
244.4836
-427.8904
371.794
243.4165
288.44907
1276.5574
-631.42554
-776.5826
215.13707
-430.8897
56.280685
555.0669
-145.672
90.910545
450.87848
235.80037
-224.12315
942.4997
239.98732
-141.12167
320.13715
33.13094
142.21155
53.86619
-82.376335
-425.0139
-32.140396
546.6378
256.88562
-40.585667
-140.26189
-366.82285
-123.522675
-962.77704
1220.4026
-304.17624
766.1759
710.0411
165.38638
-171.99492
273.9657
863.90894
-1102.9355
-722.7543
589.6651
341.8967
473.80728
434.09967
9.641936
-403.3982
-524.20746
-92.364845
-205.48045
-637.3376
22.793806
975.28015
372.6369
-313.83664
-21.70871
-475.76392
-150.09018
125.06119
-427.77997
224.56937
29.525297
-18.50136
353.60345
235.01733
-1018.0759
1126.4935
407.66772
307.37903
-491.44427
-273.44095
206.15552
-792.1025
-669.66205
486.84485
-168.61444
-21.251438
88.65426
-767.7782
97.737434
-558.84045
199.23492
-42.138287
-159.0133
188.79361
-325.50403
-181.0255
-188.25587
-767.808
-672.94604
-85.05985
302.03824
684.50006
587.0137
124.526886
-485.4813
577.3669
740.2297
105.96872
-310.46832
-247.3696
72.59195
-510.30447
-563.9564
-1175.962
353.79825
393.40094
-746.9823
45.412445
289.26953
39.212257
564.3192
-467.05298
433.27982
216.07669
-619.8382
-91.9403
386.8779
183.41165
504.12344
-441.41827
160.74846
311.88684
434.01187
426.33224
-721.183
-9.175327
178.77542
-196.98647
-213.06128
-167.11427
-264.23676
850.9493
-197.30016
-418.52695
851.10205
283.6551
-443.9811
-247.53168
1039.0365
449.20517
-368.71832
185.60718
-82.94835
-316.50958
22.678696
-295.12323
958.2148
378.5282
139.80203
-146.24449
208.28633
-140.9117
-151.38454
-813.1155
-370.54242
519.7668
24.053434
-455.4961
-240.5571
396.75217
787.28925
-580.5864
892.3734
-472.89633
-139.9659
136.463
415.06152
874.63696
-1060.5261
-449.82858
196.7226
-693.0454
39.236103
313.19882
-771.8141
199.93744
327.40778
150.12973
-639.6924
449.8805
-374.93402
-22.738699
316.05145
-508.35773
-218.83331
-433.58035
352.4055
-191.67479
-175.89676
839.54315
-325.3132
-219.91656
310.6018
-1102.9203
-13.164177
-832.15063
705.49927
-293.19205
235.08951
538.89276
122.000656
173.21329
-40.66637
-346.10364
435.78757
-49.96026
-559.0269
-377.44232
-105.69587
-81.27247
-802.05304
-183.142
-412.57745
-37.899868
-409.97665
-292.501
-1150.9587
522.88513
164.31139
-140.21321
-388.05798
-231.87445
210.53094
748.0078
87.54822
232.08067
-133.68973
-153.04395
174.80598
491.30005
-189.31306
-853.318
-631.49066
-128.23482
179.77347
208.63956
-264.18622
672.3789
521.964
-81.31234
257.07315
404.66357
-410.75827
-86.37164
-351.2326
-212.13629
251.09682
-770.2442
-640.8232
267.82147
53.09397
342.58786
-187.48811
-90.91696
-318.62695
-203.02756
-95.542755
-231.6705
84.32996
-726.52576
60.796684
157.82706
-315.28455
-706.5826
-226.36372
85.516464
175.53212
-1086.358
69.589294
-297.0332
724.09454
376.09937
-154.59232
-319.87448
877.7609
-1039.4763
-24.557241
-171.12206
1060.7294
-560.2107
567.54095
821.64
-142.7165
209.68483
1046.9431
93.500404
172.7171
-880.3551
54.32862
-473.04895
198.98686
-322.99747
615.1064
-32.181545
600.506
413.3164
71.455
290.1624
88.80449
-36.92255
-236.94695
-38.260967
8.606691
-356.90552
-488.60428
-330.05188
-137.86057
64.912994
-473.42093
-1240.4089
425.82596
-769.63684
341.30768
75.452545
779.3598
335.2863
-274.22842
359.6921
398.20724
898.9727
-349.58264
-311.9167
331.28613
-303.70547
-829.8011
31.385427
-178.29492
-591.4082
-163.44554
-782.7584
168.54228
-278.78445
-358.74457
392.73163
683.0263
-16.240246
-272.34393
-335.25513
412.249
34.370945
-139.77011
289.42624
774.05585
-367.02417
570.8758
801.2011
-553.0191
552.5201
1067.2673
-337.73703
273.92816
-648.1042
-154.22409
-1190.1527
791.4776
-20.917175
93.689606
340.2138
512.1676
128.39557
-330.9393
-49.066673
248.84993
-332.31573
-578.62396
70.444084
170.32083
729.4572
42.88921
311.16745
22.989246
-424.56277
-103.26699
-856.3101
-525.68506
803.776
-429.09662
139.6966
-537.53845
423.17892
78.61574
-107.323296
9.878898
-402.79187
-244.40123
-45.211697
318.07385
611.2479
-110.90909
-50.518505
-642.7397
-53.509453
-16.535604
816.7076
-148.00995
328.09348
521.77496
-193.56519
287.30145
363.8801
250.48528
-223.41364
558.9017
-211.12714
-349.43274
-246.50563
189.08084
361.56454
744.938
-322.38193
-537.96094
-809.36664
840.64526
262.05988
49.473526
-606.0694
-464.77188
270.8815
195.3422
332.34567
-452.0834
326.05304
1071.3973
-416.9695
-92.59893
381.51547
221.5574
-694.885
80.14567
-20.860989
-627.5027
-500.61542
455.31912
904.51025
126.01549
-163.62236
997.86554
-221.65471
-238.8845
209.6285
-613.74384
-88.46918
-81.892075
714.88855
198.8904
502.29108
-323.19077
-866.1724
206.6506
-240.23497
253.4357
-300.43057
-17.828281
-376.79907
-30.251303
-266.8497
314.14005
93.341064
-909.56
240.48808
-98.18526
434.61447
301.78204
458.96127
432.95132
735.546
251.55995
-438.53198
136.38283
909.19495
-68.72487
-31.929749
396.8211
1096.8661
243.65965
-804.4204
43.55386
1196.4924
620.01984
-45.220886
-106.92497
62.952744
622.16364
-788.0025
461.54147
-229.99474
-373.70114
-376.89606
-297.77985
96.07963
645.64886
-85.27601
-267.77008
-659.6739
340.67194
461.89557
366.37927
-51.107677
-211.1115
-935.95245
177.63435
56.107002
-172.28574
-246.22714
-112.31624
539.8538
-1392.7253
821.07385
702.4299
-149.0659
263.0124
662.28345
-103.962234
607.5902
135.27463
-402.50922
72.8058
636.4386
690.77545
617.25854
155.31908
-36.976173
176.59308
128.46002
833.97
674.4516
-445.47662
1035.5654
127.247986
-971.3487
93.25915
-825.23846
-597.601
-1233.1578
674.6376
-338.50192
-11.732063
631.15564
-57.907215
-935.255
392.4134
-148.23729
-651.86444
120.995926
398.0028
-233.95496
-206.32492
77.85845
1021.9824
-744.0955
63.031055
246.78249
-272.2195
-183.56836
-485.66028
374.8633
134.30006
847.3581
56.748383
-153.50304
-15.087005
-13.444963
403.41803
980.4022
1040.8439
-249.67659
-430.73856
-123.70258
80.363365
-648.27264
156.07172
-449.41412
725.1754
-395.88937
-444.30362
205.66002
-379.4938
-410.5404
604.5784
754.85767
-459.21606
171.58847
-596.2232
731.00946
248.37663
-18.872013
-4.806877
-761.3625
-233.6664
207.74295
-1193.6605
278.5886
297.8458
