-308.26746
1057.1542
-158.43677
342.68237
916.22284
618.28156
-136.30153
588.085
-43.094807
-401.22437
352.92035
-1337.108
-114.67103
-638.6193
-371.89383
-1324.3535
-173.62442
1276.8268
-23.162111
1231.0388
-266.60864
-1668.6787
339.44022
166.74057
-257.56046
-536.89844
-276.74588
-88.54105
-573.16833
240.74744
-45.444756
-525.74084
-19.198235
1359.7877
921.1035
805.87085
372.08054
39.364807
-341.50342
119.27771
-558.4628
-699.8244
-56.582493
406.87415
96.807045
-614.651
204.09592
-666.6163
-683.8859
229.98456
-44.29779
388.30008
-296.49548
-157.92088
1194.275
244.34412
2046.4462
-737.83563
-115.70015
-26.652641
-273.94708
17.049683
209.3773
-126.03979
-528.60095
298.98328
-387.55304
-179.2296
1618.3029
-48.562035
-494.42462
190.17032
-83.4831
89.60564
214.89105
-1245.3032
-814.66833
-530.6517
68.7526
250.74846
69.75663
-741.2946
-699.31525
-1069.5233
-539.0578
1143.5077
-1023.3901
1193.2216
1571.3073
672.97345
-660.6252
762.09924
1042.9968
-348.68115
146.33066
-183.2952
558.33264
1174.5469
878.5963
172.99638
-892.8168
-406.01343
-1230.9883
-639.3758
-1405.1974
-46.92258
471.4121
1106.6584
-163.6749
-516.61975
-761.1458
274.70303
143.27394
122.7753
1085.8296
76.392235
641.832
291.72885
92.46387
-1026.0875
840.21765
219.83823
-57.854195
-278.4477
406.4273
565.3418
-697.90674
-407.20123
886.44073
-264.36145
144.42848
437.7478
-998.65985
-374.13022
-184.80495
1.2464812
-242.14018
241.6681
610.0756
-266.55893
-193.56691
313.80145
-1843.1857
-1333.5496
-523.6087
1216.1066
30.009165
835.9139
170.66179
-688.64026
705.7186
682.408
-87.517204
-442.49182
368.6704
-49.723694
-604.8032
313.1671
-2085.7188
544.82153
1145.5145
-1056.1471
-106.65072
-409.64404
1443.9055
627.3196
-738.25085
345.49005
390.46024
-1240.6274
-597.65924
59.057663
-230.0795
593.77795
621.3735
298.02063
134.5599
1153.6619
244.30795
-963.3416
-104.23633
660.49426
-344.25034
-344.33484
4.204241
-619.87573
1087.7168
-428.02826
-940.8882
1336.1305
6.644002
-1198.9668
275.14572
1497.8088
385.04263
-753.3564
608.8269
-327.83032
49.801807
-219.95831
-150.49905
1767.3577
277.7546
716.5092
-369.07877
91.07843
106.53185
-385.2549
-1510.7847
-822.73096
209.22757
-356.9941
-829.5476
-764.60547
1065.3242
1971.3105
-557.6752
1282.7004
-118.567795
2.017626
-306.25336
240.4189
368.3722
-866.65186
-667.58234
1104.7762
-187.86385
199.01141
914.38745
-283.4164
-448.23087
998.9996
-540.91113
191.39778
551.89703
-948.34796
-796.574
521.56683
-959.8114
-366.18747
-175.95148
499.7456
942.1109
-440.80835
816.4717
-429.90216
-436.79684
-140.61414
-1320.3662
-22.936453
-418.4552
1403.9783
181.07819
927.6784
425.4176
82.028465
948.262
-390.05353
-581.6743
726.2758
397.519
-843.11865
-33.576973
516.5696
-856.251
-748.0229
-12.736712
-62.032887
-318.7955
-895.22015
-7.1813273
-637.0046
127.704544
-1060.7034
179.05247
-348.37918
-655.4112
430.15262
1159.3789
565.98737
109.44961
346.34787
672.981
333.77597
1068.3712
-564.3447
-1183.3477
-933.33325
789.6082
-186.16696
763.09326
154.73604
-28.329044
437.988
-552.1801
-67.84761
202.95535
-558.11884
-32.920143
-229.72318
-26.974264
-46.75731
-77.8576
-998.84314
-588.718
-251.16019
627.8147
-276.2869
-750.81647
-206.55885
-328.8743
-879.52924
-174.1385
87.434135
-822.68445
318.31387
-788.69293
-814.9242
-797.22504
220.60811
-601.3261
-12.864491
-297.63947
287.16028
44.90126
712.04614
788.13464
-772.55414
-162.69247
64.938065
-344.0216
117.31878
157.46364
579.3175
-810.6476
1261.1763
592.7129
-344.84348
709.89935
787.606
680.7307
158.32251
-1227.8806
151.5863
-1002.11066
331.4996
145.65904
1104.429
335.12744
1186.0575
58.69036
706.34814
292.3571
-442.90652
136.08313
-658.7223
119.71972
-127.02077
-600.8338
30.948423
546.35223
-470.74692
81.39589
-399.71884
-828.01056
31.630331
-811.72485
23.043169
-264.36792
975.2419
173.97952
-616.9311
441.7366
352.48004
842.0971
-913.6617
512.62866
1374.5104
144.48405
-1031.9795
110.086624
-578.91266
-418.25882
60.16497
-1145.9863
545.1582
-192.39809
-992.23334
503.82373
323.58783
-163.14552
-652.4968
-704.9162
445.77768
447.85147
-118.86202
269.33304
299.97946
-1178.3536
531.7126
342.2157
-1084.3827
554.3098
417.23917
-203.89636
3.0990696
-657.6751
-284.33298
-2524.4934
1046.5664
749.9558
-330.57648
376.0842
285.91135
753.3913
-850.8103
-368.14917
178.6028
4.384593
-747.6719
393.87396
201.98126
632.6605
444.3707
1086.1243
-116.79024
-89.67229
-510.28546
-912.80817
-589.0372
1136.5609
-678.64154
45.198383
-534.66266
183.61702
741.47003
-841.36774
112.68466
-628.7266
64.30238
-356.50497
789.75366
339.19867
-218.35854
-77.31776
-485.18402
-985.22906
37.721035
397.71637
-277.09528
-512.0782
971.41754
-29.471449
201.68066
991.818
-175.40994
-798.5324
301.1979
236.24982
-216.89731
701.96924
22.508158
1.5072122
789.19226
723.34393
151.16486
-1631.9374
767.29083
-448.34125
161.197
-765.1704
121.14388
287.97955
120.14357
634.7738
-909.57446
497.83658
959.25574
-1143.2767
-848.8038
798.4709
867.49603
-965.4299
-145.39563
64.790375
-720.2062
-817.79974
838.6142
1609.115
718.57184
-236.24475
807.5953
196.9718
96.18723
182.90587
209.53256
245.76686
-353.9428
457.7905
235.78175
419.43195
-751.7809
-1105.2891
449.03888
-361.87115
-0.769384
-251.88466
-257.29282
-841.5372
208.8623
-874.2637
-518.7834
-529.5238
-1193.2864
816.7159
-622.3243
421.70697
-51.383247
891.8596
430.4782
1072.2523
460.4585
-686.8339
19.737139
224.93672
-811.01996
-470.1684
861.3019
1171.6901
307.8366
-909.6508
591.72455
1844.869
323.8808
66.70393
118.28962
210.69662
382.36905
-520.52014
1147.82
-450.90103
-746.6321
394.25006
-686.4791
502.17184
1386.4093
-452.52716
-539.0029
-1024.2574
177.12376
423.443
483.73697
294.3562
-158.95027
-1110.4639
-539.21014
103.916695
533.8442
-371.87808
-202.17728
1293.4535
-1300.8694
713.89404
770.6816
-952.019
615.2287
356.7973
-853.59485
200.57101
-548.8012
-34.12384
1255.5806
453.85956
753.2263
-43.913425
440.4292
398.74973
28.893524
-197.36253
793.0807
503.29553
-43.177647
1072.2719
274.94833
-1593.8705
-835.0486
-1454.0515
-796.1005
-2207.445
493.46454
200.36754
211.12456
608.11414
-185.84836
-709.6194
1009.5333
-649.143
-1316.8835
50.76085
233.24222
120.32705
301.45447
-601.487
784.75964
-975.7332
-129.12608
946.9965
-1080.5194
-283.0969
-351.49103
934.9733
-130.47412
744.3167
203.13707
-547.826
-216.54802
273.78702
515.1101
1023.2698
985.5173
5.518919
-335.92606
753.8951
100.65468
-1352.9806
353.607
-812.9903
527.1248
53.52183
-991.43774
-859.0589
-1271.9128
-0.30181766
1211.9896
892.1948
-486.422
344.1422
-734.58234
1060.2806
115.03029
81.71667
-169.82951
-461.27582
88.26039
852.5124
-1642.986
707.47595
84.18725
