-311.79105
498.02805
474.25015
426.84598
1109.9888
1218.5859
-579.27185
727.23474
-47.48118
36.48484
-794.318
-1436.8542
-988.9182
-778.942
-706.16943
-1329.9263
-1032.9233
543.2663
-137.91798
1681.7229
-99.34473
-1226.9751
-293.25067
-65.65337
-830.0406
3.9704218
-907.574
-55.08827
-797.19147
387.1342
350.04172
-148.99739
468.24155
1613.1215
1754.3984
878.441
-99.73414
-567.38947
96.82851
-483.95108
-684.7839
-466.47528
-359.52167
462.88678
565.86237
-428.6197
-245.95895
-1117.0359
-660.192
323.36014
319.72668
-30.220896
-119.881195
-1441.0059
1195.1003
-255.11617
2121.5688
43.956314
493.74765
-253.32097
-413.80743
-215.04604
541.24927
-711.6127
-303.16364
268.20505
-242.44052
408.20776
1881.7971
178.70644
-291.70154
165.46548
51.057884
-463.4756
345.82172
-1575.7255
-167.0396
-1253.5817
-333.24646
893.6673
100.72303
-813.55566
-853.5301
-1117.0889
-531.29425
2329.6782
-1207.9358
1096.2025
1488.8287
931.0351
-749.2155
188.62769
1005.6456
470.10196
-451.81174
279.32617
1427.5101
1276.6013
1087.409
-294.07187
-1241.5803
603.46893
-935.08716
-442.1972
-563.1386
-152.4406
38.733902
1502.6998
-202.24854
-900.3633
-1510.7509
975.9772
127.36604
-453.13904
1112.8236
80.70181
-500.95584
438.76627
-625.8336
-1965.1621
287.65756
812.95874
235.71863
-173.50905
161.856
1073.1311
-657.29706
-821.7652
964.8261
-778.6942
-155.40648
-134.214
-672.94244
-939.8106
-119.8712
-547.0302
-434.56775
501.81488
378.64236
685.5258
-561.9085
350.42404
-1787.9313
-1343.8782
-529.82
1262.2523
-19.667288
1546.1014
-105.75457
-521.6952
999.8809
1269.4442
-224.39098
-44.651684
311.63208
-269.53745
-183.80743
-163.6408
-2355.5862
691.1242
475.13864
-1243.6102
27.926592
125.04249
2068.0708
861.88086
366.65134
-10.528631
768.99567
-1441.5273
-517.08484
-254.21155
-140.09583
913.51227
479.9404
591.6779
-110.50043
419.1147
419.61322
-1340.7445
-196.54167
353.06058
-102.13871
-674.015
-307.70175
-104.60485
1143.5383
-581.8942
-977.6522
444.40958
135.0648
-510.50217
-81.27361
749.3992
496.04013
-691.10675
904.47754
-263.09027
691.6438
267.36533
-309.79898
1375.2936
-15.133376
942.69385
123.00529
794.6992
156.11378
-455.4009
-1572.6392
-480.62637
-443.75467
326.30914
-877.3017
-1728.6809
737.99274
1651.0146
-425.7515
1213.0942
-312.3672
-571.6379
-17.010292
211.77814
131.56429
-583.1956
-136.85754
465.15082
484.1512
88.98739
1029.0032
-837.7016
-380.12
658.551
45.789833
313.76236
691.2388
-1283.2413
-1504.9404
937.674
-530.8373
-488.8236
419.64352
936.90076
627.6876
-277.48996
1347.0063
-41.43534
-173.61742
-899.20306
-1409.7157
-1034.9213
-1107.9858
1133.035
463.46356
806.17053
-420.1296
825.82574
1001.2068
18.78834
-866.6181
752.3972
67.299065
-386.891
730.2064
750.71954
-339.6746
-741.7625
-361.77698
33.28691
506.53906
-1191.637
560.37354
-1560.3965
-348.3815
-1241.5872
386.4019
447.83704
-955.89105
1184.5837
1129.6385
1012.1652
-45.84786
138.71169
600.1138
887.104
1223.1448
-1264.1764
-1597.9402
-1100.1962
1358.6168
-487.013
-13.12571
124.04091
-633.068
567.62854
-778.79736
110.32859
135.24193
-78.495346
-987.77545
-470.97134
-818.0968
-872.43195
118.11797
-557.4258
-615.5773
-231.71216
598.3533
-584.5463
-1389.4797
-76.55396
-431.85406
-1669.8435
-332.20557
314.60452
-670.8837
1140.6632
-863.9204
-790.6234
-852.2322
580.1562
-303.52277
-84.56668
-697.7394
-245.25427
168.28712
405.54434
1146.2079
-437.55374
678.4804
-556.5836
355.7443
-88.91094
-536.2784
336.621
-1289.1713
783.6011
657.4479
8.904267
469.37433
358.88992
802.00214
506.51602
-557.77795
-427.20703
-640.97626
836.0581
-25.51929
2127.336
4.9778376
278.54996
140.51302
435.19012
-447.10507
722.8296
317.1875
-676.6799
185.20451
-108.08256
-352.6285
71.39754
977.64825
570.83093
127.01653
-699.94604
-705.0386
185.9295
-640.80084
292.54343
1.9740951
1898.9813
768.3815
-1116.8245
193.95578
809.4148
-206.7828
-676.196
382.88342
1082.5046
43.489704
-1670.1915
-208.19731
-187.43477
-675.04175
1205.635
-994.99097
470.03638
-208.32368
-989.17255
734.42676
588.51
-1134.7115
-1616.6399
-925.34955
592.7106
-99.56343
552.3905
250.50565
595.88556
-405.2589
-152.70622
790.1794
-1369.5977
750.8972
1381.1685
-940.82886
-143.2028
-925.75616
-0.99704313
-2871.403
1548.4956
705.1828
-848.6009
1562.4724
53.770718
536.8128
-469.4945
-834.25757
860.4483
558.7897
-716.7148
337.48563
1416.5968
671.3204
87.944145
276.7785
-84.03115
448.87512
-303.14627
-931.94275
-1220.311
1243.132
-198.25758
876.93555
-486.85413
-572.7823
310.083
-150.9154
-213.23216
-1595.1475
36.41629
-344.36923
1337.3829
4.5912485
-226.19066
-702.8963
-971.92346
-1323.5587
365.3379
826.4449
-876.4094
-804.4146
1178.3511
761.5441
377.85785
1571.747
-262.45352
297.1179
1078.6085
-729.89154
-123.07547
212.79872
-440.19653
273.40195
404.6402
1146.7627
25.052406
-2079.3894
1171.9635
-751.10046
7.8764668
-657.68304
492.97546
541.5615
-161.4711
1413.3098
-608.7856
653.3163
1883.9376
-1328.6709
-966.4015
343.54443
756.0279
-981.4792
154.61115
-86.96662
-997.13104
-885.517
1381.7123
1704.6257
1261.1852
-161.95805
1498.3252
89.65938
80.99035
536.1638
781.3244
-158.07332
-393.98068
301.313
65.33718
60.043674
-726.79486
-669.005
560.3835
-928.23193
384.65048
-145.42464
-174.70837
-1369.9084
1634.7175
-877.4925
-1018.0327
-401.25397
-741.3666
1333.8209
-22.419489
609.94476
-306.21643
506.77203
550.075
933.4565
945.71533
-301.01697
-529.6603
391.9622
-488.09995
270.73642
1440.747
1450.4039
1364.9417
-1361.8907
698.87427
2058.8015
294.41394
-233.29166
-302.28323
662.407
788.6682
-874.24615
2038.1375
361.20798
-1102.404
81.92063
-1615.5289
1028.3296
1273.9856
-870.7923
189.03223
-1087.7908
-373.64117
295.2976
293.72098
264.1312
-325.45166
-684.85535
-407.92316
155.62221
779.04425
-1035.7999
-539.17773
1480.9194
-1998.0483
968.3599
1281.5533
-642.5704
211.26933
131.76248
-400.39212
739.0856
212.42133
-51.440674
1489.2762
1108.909
221.44826
36.870792
-311.27298
759.5956
-642.27637
-41.382942
1375.024
394.1173
225.52977
1817.6411
-383.05084
-1339.1713
-722.61975
-1476.2185
-760.19653
-1266.8923
526.32416
404.2742
322.27753
191.33356
-601.4226
-529.8768
1468.5612
-1006.7429
-1898.5596
-617.7691
138.35063
852.2445
296.18283
-474.94955
955.4748
-379.5569
490.56372
62.25636
-553.18176
-34.928074
-300.73077
1172.0919
235.17007
800.3728
485.31323
-367.60574
-47.51875
-97.01178
535.2421
864.4509
1061.0573
-556.9033
-263.64963
174.03824
434.06805
-805.46436
880.7217
-744.43066
497.23444
598.4265
-1215.0583
-520.8886
-2033.106
-777.11096
659.78186
904.4035
-972.55536
287.85593
-655.337
1201.729
381.37958
-692.362
344.67645
-1191.3818
-296.3414
832.00885
-2515.6958
217.46828
59.058834
