-86.86791
380.27094
152.24887
327.14487
237.59169
-287.9706
178.6593
409.46964
679.5652
567.5888
182.24588
-733.2234
-291.95056
4.28009
-163.47583
-521.3591
-8.696481
315.79227
-57.485542
62.681274
438.83615
-494.598
-258.74203
501.10168
-603.43555
-84.542496
395.2863
-98.41939
-169.0217
45.149994
-19.855553
-355.10944
-335.70285
773.6193
592.7476
200.2568
384.54776
10.07695
-229.50058
-617.10333
-605.1746
-254.28864
471.2952
-333.5988
505.7101
161.86682
503.73038
-112.73926
-447.71667
-84.63568
-704.7647
37.989807
-245.25655
-16.08231
-284.16248
122.47923
1018.7755
-178.45189
12.425298
221.13774
-185.56216
41.51516
637.205
-358.56436
443.01935
353.84152
327.66962
63.476906
325.47675
118.602295
-63.113457
468.3378
-235.22365
133.02014
-194.1953
-474.08316
-519.8646
-240.60043
265.38162
129.86948
-580.3193
-15.742754
-15.287121
-225.3656
-683.1023
452.04187
4.552167
470.56137
354.503
160.44937
181.11569
256.4312
979.842
-910.3814
-242.96986
336.5386
171.69351
328.2282
192.78915
-113.063515
-232.5917
-250.46886
73.351685
-438.54416
-696.86566
-89.90357
603.5689
414.19516
-319.01807
463.3809
-599.3396
-74.507385
391.96872
-424.44943
-35.35328
-246.04364
-18.457766
411.4813
-65.10563
-117.67912
1324.67
281.71985
89.293045
-660.38855
-428.61966
-136.74832
-687.97217
-609.20123
484.99005
-181.09315
211.18631
331.03833
-770.93884
166.65955
-851.135
214.82555
-41.61242
-272.5127
-35.04697
-415.6338
-216.95345
51.263824
-621.6657
-453.6176
51.83204
43.373676
527.8421
181.25392
52.87938
-363.52805
-15.719804
73.11892
-29.650656
-372.4991
-258.16046
325.51776
-441.91714
-289.72534
-608.3132
-30.676956
-8.223663
-487.80804
183.4228
257.04376
-94.520706
6.6165233
-456.21872
-112.978195
206.29036
-160.0692
-161.753
331.43945
17.635197
367.71475
-459.79187
361.4059
143.5945
567.57855
411.32422
-300.38577
7.247208
203.42088
-73.02112
-388.7252
-470.27295
-66.77243
781.823
-251.49698
156.13179
912.7339
107.317955
-49.53227
-559.25195
567.26117
493.94406
-690.193
-47.62809
201.24847
-384.85605
-155.53235
-274.8741
182.58157
460.2536
140.55214
174.53352
298.02667
-275.04108
-16.327879
-805.40594
-526.2363
873.9366
69.22915
-788.2173
-61.731785
67.29348
370.12234
-234.75795
692.4864
-625.77905
-628.6588
477.23132
126.35523
319.85477
-850.63306
-246.88379
127.498985
-381.315
440.14005
212.09299
-684.3462
277.98163
521.7839
-181.61884
-25.821627
335.63733
-700.156
37.918854
296.21356
-104.66742
-174.87889
-26.095856
154.63785
-223.2236
-580.6977
570.4167
-276.76227
-229.37108
335.3713
-761.09735
-164.03123
-1024.0867
678.09106
80.429955
556.1373
421.36502
15.806623
-0.58755517
-47.482346
-185.38414
203.1116
157.61111
-463.35056
-128.33533
457.18216
3.5964916
-587.4639
-160.41977
-235.75003
396.91074
-87.85475
215.93599
-541.316
342.2856
179.0371
182.95786
-293.75842
10.535589
-59.424587
518.6493
-83.18022
144.05156
-196.92288
-194.04024
-154.64264
304.61758
188.4984
-236.54259
-471.79916
-268.12967
-122.19636
101.583084
-348.3577
809.57056
411.26974
235.4069
187.09981
48.097256
-257.08517
-333.99457
-569.0896
-363.11176
237.32553
-521.46423
-667.5182
257.35077
118.18206
250.51335
-364.973
-208.08725
-296.05078
-363.4389
-102.213165
10.931438
345.9434
-575.69275
377.12155
97.07454
78.19964
-206.49155
-343.52005
-3.2862647
234.10118
-611.8143
-433.71725
-132.16039
249.64365
-39.346264
343.22104
-154.0684
640.126
-991.87616
31.263899
-51.558792
859.7098
-314.9908
430.45093
222.91603
-76.73834
-123.08636
449.32794
131.62761
117.17924
-576.32086
99.582085
-510.19434
106.0009
16.327696
343.132
-108.96296
279.64963
439.1021
-89.75548
487.68872
-79.4416
31.708334
-370.4364
150.50922
210.23375
-302.10815
-303.63892
-218.56348
-445.2137
-451.85193
-451.99875
-848.81903
323.0705
-542.2758
330.18912
199.93524
771.8375
459.70465
-161.24998
150.40697
431.82825
519.0832
-280.972
-635.51685
146.87296
-296.139
-684.59283
-209.58054
-211.41597
-240.83034
-224.29149
-433.90604
335.7542
-197.83775
-466.24567
663.8408
902.7056
199.44756
-504.18387
-91.99214
68.41094
49.969578
-203.59106
270.56537
643.60974
-383.4783
309.39026
380.3408
-113.479095
494.55988
807.4975
-50.594383
229.90727
-85.95993
-190.36751
-892.26794
371.76144
-167.8004
-71.3867
469.47226
896.7686
17.096622
-33.56998
386.81137
19.811346
-299.98
-452.85358
223.39325
130.43109
581.3823
155.69795
456.75073
267.89395
-237.44939
-70.36722
-474.90732
-249.77673
572.90625
-701.4717
-94.63533
-318.34317
266.0474
622.91394
-117.67427
-109.73209
-28.627598
24.372246
-59.76543
547.2729
497.29276
-192.50647
270.2861
-672.2456
207.28215
-82.40685
786.6288
-127.59482
248.68073
221.00232
-283.1191
50.836155
271.50504
550.0889
-331.8873
472.05646
-356.58447
-174.45143
116.53171
134.58643
386.82654
238.43672
-355.1861
-647.9096
-289.00018
657.9447
-120.990715
-211.21716
-450.94604
-290.891
260.54132
599.3943
5.497659
-346.77042
375.148
896.0672
-280.2015
-0.048626244
342.90778
188.00238
-500.84567
260.38397
-143.468
-471.70145
24.09489
-61.69902
788.9162
131.46848
-182.1049
493.7997
-59.146004
-264.52582
313.98947
-187.15565
27.344463
-47.21031
102.42551
-132.12337
348.8071
4.557764
-426.40265
288.1628
-131.64745
-30.146797
-229.95924
-347.7546
153.55917
-219.07898
-118.57329
247.60507
259.30228
-487.52032
601.3423
-177.46196
-282.20966
48.815742
122.19955
408.2992
752.73834
36.373062
-293.55582
203.48314
513.3199
-459.1551
-55.78581
496.37363
551.62775
151.76463
-399.98093
-384.0862
991.24915
467.76956
-186.01978
-561.37335
319.8382
621.4547
-452.17197
836.63947
251.73132
-450.64987
108.83165
-18.538454
133.43044
44.639534
-471.51337
227.79218
-586.69965
269.7824
607.8478
164.26697
-78.743774
-475.19284
-612.57294
124.95936
286.1633
226.7034
-247.28534
-328.80118
565.97955
-1183.3905
585.96515
566.72504
-10.441441
205.84247
334.73233
46.266464
280.6277
115.45709
-98.071625
-286.65155
569.2572
117.83797
617.2729
-154.96538
57.524918
121.72974
392.3074
580.3103
221.23074
-178.03188
577.7483
-109.68807
-684.9156
351.58847
-389.384
42.030857
-775.3251
839.0852
-59.06456
-234.66795
565.2905
-301.94614
-521.13525
244.21962
-246.3275
-224.985
208.58209
405.35287
-292.77115
161.8083
-10.739505
728.4819
-43.340946
-161.9892
342.024
-522.20325
-101.46945
-233.57324
148.44781
83.136795
512.53827
-138.36952
-123.07864
85.077415
-52.7787
522.82526
813.03796
897.299
-19.540749
-314.08588
-245.46259
316.41312
-298.0906
-96.76822
-82.6455
503.36975
-287.45465
-196.62407
33.938545
76.80615
-251.84253
204.95827
641.43225
-91.31689
148.34862
-438.5745
590.8304
-10.039153
176.678
-185.41187
-272.61044
-225.89574
437.03503
-1196.2766
-31.449213
-8.455682
