-200.77469
747.9712
-21.42576
373.93628
-256.21017
281.8908
69.236565
615.92096
385.36124
-22.358984
299.28217
-1084.3969
-87.39056
26.073816
-102.17507
-860.7327
-422.17676
352.69897
-128.25548
475.5639
-48.830257
-925.04974
-174.56644
165.60263
-589.92004
-359.66086
176.23405
-169.21104
-570.0603
43.87877
-197.76372
-313.69244
-245.88603
980.3724
694.2056
508.58105
500.16772
-1.6371326
84.28738
-375.6125
-615.3675
-692.0606
-31.935408
126.933205
245.45372
374.885
146.00385
-352.1313
-269.8461
365.24582
-376.39685
345.54764
-321.41077
110.60398
518.41974
351.01813
1312.9762
-713.6034
-697.2272
-60.784866
-342.53702
250.228
493.0231
-478.6157
281.03018
137.87976
-20.748013
-366.3678
956.0193
511.23657
-168.91104
287.96637
15.231719
95.628
129.69368
-214.52072
-342.15112
81.66981
-190.14314
105.10161
-343.09055
-232.36101
-633.99646
-376.62408
-897.98303
1013.657
-902.9836
1102.2136
855.6193
136.62938
-401.40768
474.878
894.04846
-1114.8601
-438.59552
187.71773
542.1685
496.86444
394.45288
-35.434814
-798.04346
-481.68503
-496.50845
-10.668389
-1106.1129
276.41788
1448.3102
736.7418
-308.50916
18.947676
-769.1888
112.84399
366.15158
59.544296
521.6193
-185.96939
51.017155
502.8487
329.8303
-1057.6381
1188.0393
245.24416
425.96936
-528.1576
36.15216
373.17987
-709.4745
-683.921
709.373
80.230644
-252.14883
419.27933
-794.64856
-237.24983
-711.8921
349.7899
-342.94214
-72.52133
241.70575
-248.51093
16.097776
-236.42267
-1264.6189
-1150.6017
-502.88455
717.4696
638.1799
985.7357
262.43704
-479.59262
429.95703
788.1647
35.371723
-449.1663
-94.841446
166.58229
-541.57855
-173.72197
-1234.0144
355.46045
575.5562
-821.75616
343.45236
-58.798878
335.5601
302.79813
-881.89935
536.1167
419.29636
-842.42303
-393.71585
69.53022
427.73138
417.93112
-156.97055
367.4732
142.02916
927.26685
687.38995
-940.85187
-30.332352
5.3592396
-176.10423
-10.326615
155.92317
-436.21802
661.5348
-462.4827
-654.99005
990.416
209.30118
-617.27386
12.095226
783.9153
421.05148
-193.5863
438.80225
-305.44974
119.81874
-330.62183
-402.18414
981.04834
159.38358
456.0449
-114.9247
-82.82341
-248.4799
17.46587
-635.13666
-541.2253
740.1886
105.76579
-802.88715
-599.7156
799.6313
1382.6646
-550.0336
1103.549
7.18777
-318.05032
95.657555
417.8762
659.58356
-1021.9291
-858.10925
345.2196
-643.5652
121.65789
198.95023
-777.8368
-217.80582
729.2649
-21.987442
-428.54514
393.54056
-426.23953
69.99106
569.61383
-526.8646
42.84891
-492.27563
613.7542
-51.325176
-388.07565
839.8924
-356.1623
-645.9293
365.24094
-1177.8993
-131.75891
-720.51636
932.9351
-152.25928
357.45483
431.36902
108.03042
235.37892
156.87439
-539.55756
489.0225
-122.11403
-449.85504
-423.2644
-234.6919
16.97596
-997.66223
-462.3068
-69.29419
-145.48691
-450.98032
-146.449
-1289.5626
584.2065
-102.80353
-104.9783
-596.7746
-410.75977
525.292
790.76337
140.41977
206.87646
86.673874
-3.1502185
420.55048
705.1343
-350.7669
-1016.2795
-706.1557
305.13086
-60.59274
491.5583
-110.34655
379.83435
571.96
-229.42708
288.06003
593.8479
-498.11218
104.9895
-380.99872
-339.16742
278.8623
-850.0809
-758.3017
-60.953487
-77.173615
414.24884
-164.58374
-133.73672
-42.848183
87.04102
-144.97516
51.882866
-114.612236
-768.0278
-149.55013
-131.40681
-589.9029
-653.6359
-266.95975
-273.17688
74.11719
-987.1382
236.24916
-270.51938
1173.8477
559.17676
-149.8939
-223.18564
452.98846
-905.06976
198.38652
-89.51954
1038.2692
-849.80286
712.5783
804.852
107.53948
300.88547
1162.4012
308.90753
82.11037
-1214.8574
126.76146
-729.9333
387.3999
-115.095566
1335.2937
-63.810623
878.10504
27.28003
284.62418
-9.411801
-92.93138
276.40103
-131.94817
-127.5152
40.220974
-503.08893
-64.95207
119.40254
-76.34561
503.6146
-310.95724
-933.8094
347.47568
-811.0189
369.9286
-7.163697
831.87573
171.78107
-423.34964
400.39426
226.08293
1074.3881
-407.25748
-246.69856
290.73148
-236.05725
-1019.5149
226.84598
-327.79926
-386.43814
-323.68115
-890.602
161.75592
-75.15252
-533.98914
175.1025
969.99786
202.55934
170.53487
-304.64163
-47.717167
-272.22665
-205.7198
97.39544
875.8479
-846.37494
518.1311
745.92053
-379.0671
857.2153
991.99335
-411.55753
211.84296
-522.5308
-334.17557
-1595.2832
898.1007
79.70844
66.05984
478.9773
297.25323
6.196639
-578.70435
-40.298107
59.361214
-582.1621
-653.29297
56.874893
-145.08994
205.00604
227.72249
267.35242
178.38794
-222.2116
-314.96136
-563.4708
-327.09827
859.26636
-629.6711
-26.096525
-673.8548
439.16803
191.41975
-171.82446
16.922436
-208.78275
-219.37537
129.87033
228.13828
439.72366
-197.60852
-209.92497
-527.6163
-142.59134
-223.50177
326.42398
-502.44717
-40.22651
360.5133
-207.97736
539.386
447.52216
375.1206
-769.6557
245.24684
-337.83975
-453.80408
-16.363373
282.17612
-216.52347
908.8325
290.0259
-309.78326
-1118.219
972.67413
286.45758
191.75114
-417.74002
-416.75412
30.581333
329.91913
667.02905
-575.7765
373.5003
959.99054
-557.3558
-340.2216
315.73895
190.27116
-930.83673
-85.70245
119.68947
-1108.9484
-750.0655
681.57324
791.7727
194.31491
97.32339
814.3129
221.96002
-452.36612
-18.23608
-598.0554
-231.71579
-52.689552
308.00357
312.61118
371.42447
-218.45155
-974.9022
493.46375
-300.50742
234.97878
-501.25977
28.524336
-459.99026
-265.8002
-189.31645
97.6342
-73.62146
-944.1722
348.15128
-504.69162
63.200264
219.35765
381.52478
151.84352
908.45184
591.21686
-420.65817
-255.07019
559.48285
-68.26372
-485.53113
742.5462
752.05347
390.314
-815.51874
0.398067
1290.2866
482.7949
-99.83298
148.67003
-88.43242
643.71423
-633.6205
771.2758
-254.93106
-188.75555
-326.93933
-164.86557
-9.075757
560.32074
-21.995674
-269.8869
-992.29956
211.37273
212.304
769.87054
30.51555
401.47214
-1003.17737
307.38388
-35.282356
-7.204257
91.51759
-270.95682
579.7788
-1291.1156
710.49805
819.71606
-338.79742
-137.58577
374.40762
-433.0651
287.4429
-78.666176
-204.54747
129.14388
507.85413
606.4678
371.3061
400.25986
9.334756
409.17087
-8.671765
548.77466
714.921
-148.17665
1285.3579
-188.1779
-1233.8195
4.2889204
-1010.8413
-429.076
-1265.5344
580.1192
-283.49268
-0.270783
755.46265
-69.89635
-1026.7075
472.98224
-220.30464
-950.42285
-73.087654
507.7437
-457.5372
-93.93988
-127.18198
1262.2603
-1191.9648
-23.047527
297.25394
-160.79825
-207.61649
-523.88544
456.43655
405.23642
1051.4531
312.15686
-218.41693
-555.2599
67.27157
601.6169
1041.2157
1034.9589
-539.5757
-589.5214
142.2489
107.29686
-599.4137
313.30762
-681.7813
1287.7566
-202.01384
-740.8173
-98.81666
-429.87585
-195.099
400.96542
709.03296
-535.3523
123.577965
-477.97708
601.86346
192.15056
-150.71745
171.18352
-647.91187
10.767713
542.7257
-1482.4912
293.88336
267.3114
