167.10194
1065.829
-73.0315
619.65173
1203.8729
1127.2535
-701.5766
474.80887
93.09347
-100.93857
-23.37861
-1782.336
-649.3041
-1042.7024
-237.73587
-972.17834
-73.78554
746.3245
251.24754
1515.5447
-113.19624
-1684.1854
-783.8268
-114.14575
-197.42096
-347.82465
-1100.1425
235.061
-784.16284
946.87317
272.27933
-253.563
507.27036
1684.5864
1060.8752
1020.94916
111.262886
-788.1521
-181.54683
-140.47375
-858.8411
-606.89136
-901.1307
614.04956
309.459
-238.46033
-111.25736
-1077.1113
-1223.0992
462.01706
-95.31628
383.64627
-7.889408
-1084.1416
981.5925
484.97327
2023.8783
-733.2326
547.3538
229.91028
-161.48907
-97.150024
548.2546
-283.6989
-164.06244
92.065575
-246.02243
357.8166
1808.4374
-121.90986
-771.94556
530.24945
114.09347
-364.7304
-89.35379
-1982.4723
-460.00027
-1355.1206
-105.18108
562.797
-28.304882
-749.6964
-792.26013
-1015.1463
-494.90594
1540.2592
-1295.7963
848.3777
1307.0754
525.99884
-734.28656
252.32634
838.5435
302.9789
-133.81097
-90.75805
1035.2373
1257.2057
589.6619
52.813377
-1019.5225
36.328033
-1022.1045
-541.5479
-1269.3308
-32.743427
101.137115
1160.6266
-162.74036
-536.9919
-594.7943
874.3024
194.80087
-283.87274
1634.3684
-276.2289
-138.27232
581.501
143.72818
-1869.5939
316.11646
596.7527
125.26461
47.13625
34.76243
597.3517
-766.9175
-684.688
688.7814
-389.8386
-122.06812
-79.76096
-538.6352
-885.59296
-255.99869
-195.30064
-244.33519
709.315
460.57806
427.77954
-475.76126
148.71948
-1789.0195
-1561.1052
-712.3884
1295.8062
146.47124
1354.1846
-27.781872
-636.78754
675.11945
1051.0022
223.69727
-65.56293
265.94485
-311.5307
-661.33606
40.70569
-2014.6624
496.9669
616.106
-1098.6246
-192.50783
-134.95433
1843.224
629.4628
-176.14209
-158.59966
671.35645
-1233.7963
-529.0669
-171.41544
-189.65892
712.1316
573.63165
490.4861
-156.60619
431.2169
441.50272
-601.0808
143.12383
483.27835
297.9483
-31.336794
73.72525
-855.51385
918.2709
-487.6236
-1118.7732
481.62567
43.880634
-735.448
391.16177
853.5418
605.598
-715.207
859.9838
-521.59534
704.11
-17.793596
-552.5972
970.2639
-29.813978
766.21936
89.07724
113.95016
283.47928
-948.1557
-1836.7462
-748.7987
39.374268
-207.12573
-961.4169
-1539.919
594.19476
1999.4863
-386.65216
1495.0316
-433.39023
-555.00934
20.29716
110.24639
207.10698
-778.0298
-577.2907
1043.9236
358.09872
471.0447
1188.7755
-269.43448
-428.38397
1209.0009
-30.211653
178.8313
556.3613
-1362.177
-1351.6783
1062.4536
-962.3504
-129.1183
334.81384
993.6087
943.2769
-288.7381
1272.0182
-41.872417
-404.5692
-728.02924
-1421.2074
-722.3309
-1233.5355
1574.5142
400.74332
1107.0734
55.00763
355.49216
943.6193
-368.34497
-1046.5065
1118.0985
150.23795
-264.02527
576.22687
362.43338
-615.6907
-654.82526
-315.49017
108.78365
129.88702
-1166.5325
307.79688
-991.2745
219.33823
-1360.9829
295.3921
-167.91232
-676.13934
871.751
1322.4651
980.9688
299.15704
-189.3371
723.48047
769.9436
1969.1031
-579.3573
-1267.1285
-1207.6488
1203.8182
86.87639
462.68607
-479.94827
-38.533375
547.8093
-606.82715
94.522095
126.991486
-711.04297
-238.81874
-653.6684
-400.25647
-759.4529
-274.59094
-785.6131
-591.88403
27.773449
277.06805
-572.0515
-878.145
77.10307
-586.32806
-1438.864
-359.92212
71.72827
-795.10913
475.37238
-832.5506
-1086.3934
-992.5148
400.8924
-721.10785
-191.3999
-643.6227
-52.365
11.199863
660.5288
868.6504
-1062.7289
360.4518
-344.98337
-56.058014
15.006332
-384.345
293.67792
-748.4802
864.3159
840.2357
-356.27463
391.1926
780.9654
368.13846
-61.051064
-655.0801
-473.81256
-512.3198
928.7422
259.10925
1893.4144
646.03937
749.84955
-202.74007
395.49503
-19.863264
238.69807
568.49854
-865.0703
326.00888
-276.26285
-426.7933
52.17516
641.9977
-154.06804
4.1683807
-860.98425
-725.62213
410.95633
-668.08685
61.00218
-243.27437
1661.0098
656.1124
-1195.9526
-37.8041
87.75126
318.58157
-861.22095
436.99756
1388.8386
118.044014
-1092.0054
199.66432
-347.09894
-610.3465
412.37543
-909.2344
161.30049
-317.99048
-1048.1365
443.79074
276.4697
-676.3179
-1096.5189
-609.95856
439.905
378.80286
614.7614
732.4535
890.8115
-667.33093
-5.0193157
719.2426
-1650.5747
491.62866
1248.2607
-843.8515
-168.21053
-1065.094
-253.46004
-2656.0415
829.96014
881.6239
-486.99734
1142.1947
12.270326
634.69324
-500.13867
-777.87177
561.2136
335.73514
-956.0499
542.413
1147.6346
515.93665
141.20903
705.645
83.68465
729.4088
-62.619392
-695.3746
-1067.9108
1183.8033
-524.26263
726.60626
-411.2668
-247.5072
504.32468
-154.86162
-211.22499
-988.8521
513.22614
-768.6311
901.11053
389.47025
-128.54541
-4.37356
-591.2771
-1302.5715
-30.280521
796.9021
-454.9956
-688.3969
1129.2491
370.34967
611.9928
1522.1969
-196.5583
-13.595134
566.7867
-374.66412
104.34515
58.838364
-100.76936
203.05176
525.4838
981.7369
-11.02147
-1806.8345
944.7709
-290.42175
373.65607
-585.9511
481.48627
350.54602
58.33139
1428.2549
-794.1272
615.77673
1548.0432
-1176.1425
-1376.7607
467.13492
943.59595
-863.9258
-211.17291
134.07478
-706.50854
-816.4437
1537.7305
1888.8223
1053.6593
-216.73444
1145.7491
-1.458414
-113.46842
378.51053
781.9185
212.94559
-555.554
230.08871
405.5648
255.04616
-1012.4825
-733.5155
363.3136
-372.197
423.45865
227.29015
-43.99704
-1233.6028
1581.3381
-561.67584
-825.6944
-372.8748
-799.3647
1048.8423
-109.31398
456.6129
-48.48174
782.40234
291.86383
516.88617
580.81757
-907.32916
-338.68082
-305.9569
-505.0074
198.16537
1220.297
1662.3502
990.871
-958.6361
445.76865
2274.1487
400.10065
369.95242
-735.9576
761.25366
318.98248
-508.6732
1472.6467
102.40896
-1147.0315
129.10089
-1203.5686
755.4062
1550.4382
-623.62854
-124.70709
-1076.715
283.22766
847.6183
216.5331
95.84935
-5.6502085
-1158.3401
-320.1708
38.32908
561.32465
-818.46857
-328.7222
956.3376
-1899.0059
862.2019
1046.1371
-253.37325
482.5155
540.67584
-817.7066
496.83118
-108.60685
-399.7221
1414.496
1026.632
117.228386
-142.02467
-120.893524
941.79724
-654.6588
-348.0648
802.94226
132.27957
30.061762
1397.2075
7.5461874
-1607.1307
-559.2281
-1515.2006
-765.90283
-1387.1802
1005.9734
252.82275
289.15134
-209.35298
-368.73264
-346.29678
1576.8394
-898.0739
-1814.1533
-452.43698
81.45734
361.7813
-143.4007
-753.9005
1127.4321
-600.5334
182.10658
510.51828
-764.32513
-258.6811
-462.33514
1106.5952
598.6441
997.2713
171.98676
-412.20822
58.800976
-312.20206
709.60706
590.41876
1119.2831
-498.45044
-352.07263
334.09888
197.11298
-867.79224
1351.1222
-782.1042
547.5247
9.306154
-956.8289
-834.24524
-1647.9149
-459.2926
700.0424
812.837
-1124.2681
345.9983
-769.0305
1269.4003
385.28802
-528.92633
158.6022
-992.27527
198.28749
554.0577
-2013.3306
276.7533
-119.27454
