-913.1607
483.89
1097.4137
97.24043
1180.293
978.5995
-577.1083
771.6172
-63.418983
514.6554
-777.3796
-1207.368
-858.5471
-790.95447
-217.73766
-1743.0732
-1659.1462
185.75102
-638.17206
1570.9419
-605.9484
-730.1862
-131.01096
-514.3913
-1219.8971
261.24417
-498.2839
-376.33734
-1519.7678
248.9482
700.7507
226.83177
1425.9219
2033.8405
1916.951
1325.6176
-467.47867
-508.2913
-164.71255
-483.6703
-353.63678
-1555.0833
-767.17523
1350.1554
729.48846
-518.30115
-92.22399
-1058.3088
-1251.1746
756.54224
594.65906
-201.74486
-101.666245
-1455.0096
1924.959
-639.5335
1865.6843
29.558489
727.0648
-369.0971
-389.2016
258.80008
49.686646
-1213.3905
-232.54855
759.3684
-763.95264
473.50543
1806.0018
93.972275
-1311.696
-113.23874
206.71942
-138.92795
420.70657
-1213.2544
-56.28138
-1408.835
-732.8416
533.2935
-380.94867
-575.96906
-388.37247
-282.35544
-315.0061
2464.1948
-1454.6753
744.7624
1999.2864
365.48587
-877.3031
128.5415
863.1441
789.8234
-925.6017
56.23759
1731.8376
613.47345
642.23663
474.94077
-889.4099
217.91208
-1130.5317
-428.03748
-740.7616
89.05924
-310.04443
1142.0927
-69.69685
-846.0762
-1393.6373
1425.9738
-117.61114
-322.1568
1090.2797
-185.55539
-1091.9546
441.43677
-321.38913
-1555.7882
765.308
422.56445
148.88075
40.280754
-729.24335
352.68332
-584.7126
-1186.0829
704.2874
-402.62024
-471.66843
48.552147
-643.8312
-881.78613
-364.79208
-1382.1183
168.70671
1096.852
265.38205
958.9948
-818.7099
446.256
-1321.4972
-1248.8195
-453.0989
543.6292
-21.58984
1493.263
-592.46094
-554.79156
1256.7919
1594.0708
-686.9241
-93.03185
752.2368
-804.4325
-1082.959
-776.2127
-2260.8357
393.22607
868.3424
-1819.3827
30.97474
699.46136
1870.608
856.8994
40.010895
354.49033
1256.3573
-1846.3403
67.101326
-1125.7997
-335.48795
1073.1213
862.9768
-34.41573
-564.0027
385.42834
434.65536
-1254.5983
-313.2966
772.14526
-263.90097
-415.13287
-744.79645
-494.8791
1236.09
611.24097
-1007.49286
414.05756
278.63654
-1240.937
254.6163
741.5596
-501.57336
-792.4913
1442.7328
-101.85155
366.18475
253.88487
-577.953
1442.5419
166.94
1199.0585
-320.90125
589.3119
1322.1763
-574.98914
-1097.7007
-497.41437
227.86891
815.65063
-577.72284
-1904.7343
-41.20836
2749.007
219.28955
1186.8177
-337.30817
-136.27968
-394.62302
354.76004
760.6739
-380.05295
78.53457
525.53436
1052.9153
425.98212
670.6537
-547.8165
-120.77259
982.5667
-343.9672
119.46308
634.53296
-1481.8044
-2458.62
1272.0297
-685.7166
-769.7953
-310.01843
653.242
775.7898
-627.4929
1205.198
214.04773
-44.928593
-1048.1229
-1813.1931
-779.189
-876.8588
1839.4807
227.37674
1559.4482
-614.2491
416.42767
1032.6266
71.73411
-312.9239
907.9411
597.5573
-1150.0033
268.1374
868.5436
-103.02603
-230.7208
-441.77332
120.1491
1149.4994
-1603.587
41.405716
-907.4791
-531.82605
-1552.3146
434.86093
-5.6099195
-1124.6185
1360.9148
1266.3346
1163.8999
-39.354836
174.03552
491.17877
1094.1329
1088.6584
-1689.3333
-1427.498
-903.47504
1378.205
-532.9753
-311.4525
128.32565
-809.7731
199.67203
-1212.542
442.47116
573.4196
-764.8581
-1216.3846
-799.5329
-1035.3379
-1596.5222
285.7075
-1350.6239
-924.9524
-243.06007
782.2295
358.82108
-1361.8473
-116.2522
-400.29327
-1074.1433
-451.52155
818.0043
-1409.4788
2233.5684
-928.7315
-608.4794
-910.5844
672.90814
61.032352
-192.79173
-954.87317
-984.08673
-249.58861
556.0681
1024.6077
-531.36426
451.79306
342.45578
1451.8455
353.5769
-622.7069
756.44403
-1443.8943
870.07935
1221.4045
408.32056
712.654
1.3352485
66.06225
588.4132
-988.20935
-713.14966
-857.15015
-210.48125
-172.76033
2125.4224
-357.2871
371.51834
296.1206
29.403622
-1090.067
948.062
271.35117
-978.67633
54.337914
-541.34546
417.04395
309.76904
600.23987
628.9361
508.23306
-416.29004
-553.072
253.03116
-1111.7599
122.81235
-329.52362
1047.38
914.2732
-274.0507
364.9271
1200.5503
-522.45233
-1066.6914
108.7893
566.5898
-348.7153
-1195.2703
-404.2987
-270.32175
-885.50275
1091.8561
-679.84515
344.55417
631.8607
-1415.8655
850.41437
570.3131
-1249.2279
-1404.2756
-1049.3595
275.2928
-140.65921
260.14755
108.64116
1222.083
-587.5931
-181.26736
301.9676
-1610.0411
586.4188
1462.0353
-450.47104
-256.71674
-104.945076
-584.50977
-2723.9106
1513.6906
460.52176
-928.25885
1248.1221
539.29724
1027.248
-754.004
-529.6712
1486.9781
910.6272
-1041.7972
758.35126
1071.533
-197.29845
-196.91983
357.4377
-414.11185
605.48755
-123.866425
-1348.301
-1378.4065
1554.6552
-194.37286
716.0934
-716.89465
-370.57544
594.8908
-477.29916
156.88766
-2151.095
-614.6999
-1088.3345
1174.4176
-50.07307
-640.20905
-1277.4889
-923.3755
-1842.8083
59.627388
433.5008
-1587.2058
-931.3703
1305.4042
527.36755
159.93471
1636.8525
141.59091
160.26685
915.9385
-917.4026
-416.18692
97.10049
-1214.9518
503.23016
-556.93915
1461.5461
222.88326
-2202.6428
1381.1117
-371.26376
-138.41924
428.42004
247.47188
438.31583
688.7656
1393.7228
-287.54504
1183.3728
2716.6858
-916.1503
-1148.9417
310.18512
71.99318
-1387.6005
-74.646515
-715.2387
-394.15683
-545.97723
1441.7479
1943.347
1430.6355
852.4534
1040.8805
-81.72974
-418.85876
169.84766
904.9283
294.49896
-267.46857
334.77603
242.96246
-269.9469
-55.56958
-414.54953
815.5566
-8.352121
-54.2618
54.6771
-294.64285
-1304.8414
1744.723
-1268.2593
-1087.035
-287.69272
-385.0668
1523.0488
483.7796
868.35626
-515.4992
539.6439
758.236
833.5519
134.38896
-123.3675
-495.9816
875.112
-738.0092
686.6387
1671.8994
1696.0162
1840.5677
-1543.8132
628.487
2369.444
536.1478
-467.1858
-388.23923
310.94345
303.3668
-830.056
1747.6307
829.7633
-1260.1194
-596.55505
-1648.6421
713.69336
1713.4928
-1277.4106
-97.52643
-1151.3906
-38.26836
496.66235
88.84293
153.8047
-1204.274
-666.3067
275.44717
323.1844
1226.0912
-358.94504
-1155.453
983.46466
-1932.4745
954.7006
1609.1333
-824.42236
495.1222
168.02686
81.46223
1049.8866
-13.612603
159.98116
1053.1156
1355.4794
-306.4126
-589.24567
-312.22983
800.3207
-239.35165
-715.9143
1355.8977
65.33834
-298.28638
1905.0559
-530.89795
-1540.6432
-555.5023
-1604.588
-574.8056
-1737.6426
264.7681
431.57385
457.2794
-75.13737
-347.48392
-767.8727
1052.8853
-818.5317
-1418.9136
-58.807148
-412.55615
846.8166
114.92308
174.20595
901.5546
-844.4724
701.9817
143.6005
-916.357
-126.979385
422.90808
438.65533
36.7249
426.7095
603.1424
-500.15424
-595.88995
285.59167
324.42133
735.349
870.90106
-517.30475
-369.7463
450.62296
566.4612
-1231.2418
1008.48303
-1101.4568
827.23285
895.0423
-1354.0933
-201.84283
-2149.254
-599.87244
588.83246
760.5871
-727.3463
49.65643
-924.36426
897.9676
-194.27567
-773.20197
241.13065
-1452.1807
475.39755
1153.5084
-2770.603
366.28177
510.17108
