-614.9136
695.5482
749.1935
295.6309
1283.1257
1098.4692
-708.92017
799.09845
-130.92282
416.30203
-652.5902
-1215.6489
-809.28796
-1181.1108
-625.06195
-1841.8265
-1608.0693
450.3738
-445.3128
1835.0049
-462.9308
-628.3901
-194.47836
-173.54181
-1301.7815
-101.38613
-1021.7498
-260.31006
-1177.8015
263.10275
755.47455
24.3186
840.5727
1899.5312
1628.5083
1201.636
-103.24606
-901.46466
-165.92953
-359.24088
-783.1282
-1087.5958
-535.2979
446.13937
719.48724
-380.93732
-273.25055
-903.0093
-962.9879
376.361
569.0861
28.41111
-274.2244
-1334.2585
1632.1161
-454.46198
2168.6135
109.5985
588.56287
-360.7833
-173.80782
-7.9727306
366.44058
-736.1897
165.29811
371.9809
-472.21323
480.7437
1891.3928
201.97047
-663.35297
-80.960884
223.284
-162.23074
318.4788
-1493.4132
59.77329
-1225.5848
-313.8172
870.694
107.87
-694.78455
-853.52966
-797.55194
-534.9268
2558.8923
-1144.4414
1167.1992
1494.7788
904.6041
-458.69028
289.95404
891.1999
663.9389
-610.9631
-31.534435
1509.3615
801.0651
1063.2047
126.81688
-955.3053
636.9109
-1045.6803
-398.4387
-396.92557
-109.2519
-36.069008
1116.0922
38.95532
-583.4359
-1495.1617
1174.9083
236.57706
-537.8604
1050.5177
-159.58543
-576.7011
346.50183
-750.67004
-1795.0824
260.5982
812.8097
0.20591176
-25.49265
-165.50629
763.5279
-688.8259
-902.22485
1059.892
-691.7376
-109.88611
-318.62604
-538.1164
-655.89355
-116.30687
-946.8423
-93.12699
782.4482
480.418
981.8497
-517.122
416.0726
-1602.2451
-1200.6626
-491.80847
1218.105
-152.86336
1549.3474
170.77277
-443.76346
811.5018
1263.919
-308.66092
-200.86655
150.93996
-1023.37354
-531.07336
-432.2989
-2391.636
520.0162
733.8944
-1525.6652
139.82884
321.2087
1921.1168
1079.1055
219.01512
127.92239
863.4542
-1866.5135
-79.522385
-683.9372
-362.27594
867.4809
469.61075
219.69113
-72.68884
725.79236
557.50946
-1144.5938
-174.44997
621.2559
-96.80796
-723.9848
-537.6747
-327.12805
1307.7842
-171.02457
-875.96136
567.375
7.5099483
-916.38354
-56.713966
910.8991
208.12834
-805.0211
945.48224
-285.81586
759.73035
554.7057
-66.23942
1745.368
63.565422
916.2805
-28.684908
963.6136
628.5571
-442.55817
-1872.0509
-358.84183
-281.5743
449.70688
-463.00604
-1484.745
550.34827
2012.4121
-180.61858
1220.5609
-48.0249
-209.67017
-560.49176
253.78273
537.8305
-580.6228
-37.948868
486.60925
720.6022
141.63992
609.07434
-586.704
-603.93195
841.265
-136.6938
525.9588
832.02924
-1641.7474
-1833.3721
1534.4589
-632.7907
-392.86877
63.949486
729.0738
919.3823
-187.20314
1282.3987
19.354221
-658.12683
-904.2456
-1297.1005
-1224.9539
-1080.2032
1730.668
620.83374
945.509
-527.2428
650.67255
977.3534
-200.4592
-722.1916
568.24365
179.8408
-532.36896
433.43964
1118.8617
-317.54587
-1018.85
-63.541027
-37.41743
1026.9061
-1607.2118
344.7324
-1453.0825
-534.79626
-1302.6991
272.90338
365.20306
-926.03394
1342.4022
994.44525
1008.0315
-172.64247
20.210886
536.69885
1068.7847
1282.1849
-1163.2146
-1419.6547
-783.979
1578.1528
-245.67271
-273.7263
78.344086
-831.70306
231.67374
-1014.0781
185.48946
387.2382
-382.4077
-861.3553
-478.36887
-475.06696
-965.04456
312.59723
-973.3471
-671.67194
-410.90207
560.8273
-346.32852
-1475.0428
290.22296
-323.9203
-1600.614
-183.76743
462.37878
-905.4857
1728.1215
-916.6441
-350.911
-865.1666
642.6226
-157.56874
-184.48878
-1091.6421
-505.1058
32.756283
611.1284
1621.0248
-459.9848
656.60394
157.53246
689.7301
317.89557
-390.68607
350.05634
-1614.5331
849.5387
1123.1277
-239.75125
593.81995
94.80789
455.7977
676.36115
-214.2788
-737.92017
-840.3387
369.10114
-134.64473
2458.5752
-232.86107
271.24127
188.21275
533.1978
-613.1109
978.4517
228.6897
-973.0411
543.8453
-22.130411
-174.28104
347.6826
865.6796
467.34402
377.99402
-897.2159
-649.0076
311.1581
-823.0341
242.24472
98.8196
1452.1948
848.6706
-922.43164
0.9131886
1115.6941
-228.94402
-668.88824
334.73337
1331.67
94.07459
-1532.0597
-352.39075
-359.20737
-744.1447
1276.7935
-1291.2323
357.8518
137.96727
-1331.369
771.77515
580.24365
-1150.5182
-1325.3872
-769.748
475.48938
-111.45126
465.94244
525.93835
825.8439
-437.25348
-48.242836
574.0509
-1192.8289
640.1521
1459.4045
-928.9988
-334.71988
-646.4563
-294.42084
-2612.341
1811.9242
807.9871
-906.70135
1375.1155
419.4349
573.4251
-617.8733
-629.6156
1095.9229
477.63605
-658.78894
627.3012
1227.8011
383.73383
307.72455
275.66626
-183.63516
319.87683
-104.905556
-845.70123
-1363.4625
1200.9833
-420.90912
651.0248
-641.2037
-657.2526
460.62836
76.426125
-344.92633
-1539.8812
83.18332
-519.93024
1387.5803
-103.60423
-121.7312
-814.3182
-1002.9328
-1705.2294
413.2136
606.64606
-1091.0197
-1161.1732
1219.2788
703.1222
209.02374
1352.3624
194.46909
168.93494
1156.0773
-898.1239
127.06718
-423.64557
-955.4484
498.4739
256.7536
1599.545
-101.64705
-1800.0027
1517.8716
-313.34344
-77.435326
-214.044
379.71045
352.5099
32.694862
1768.1788
-601.8893
465.25192
2092.3047
-1263.5283
-786.0617
855.8135
592.3918
-1240.7687
307.4344
-601.5846
-532.66046
-723.67303
1296.7756
1816.2056
1231.119
381.66864
1710.9613
145.38033
-13.28381
642.11676
1036.5359
-75.21325
-505.8556
396.63467
165.06674
-133.62265
-675.18823
-588.7763
798.4184
-150.36714
176.91019
52.934067
-655.6532
-1193.1123
1850.3945
-974.8419
-935.7493
-494.66678
-321.75742
1508.0066
530.8456
762.325
-35.31686
490.34235
776.6329
676.72406
1060.254
-146.5931
-638.15845
368.9587
-318.66705
159.52655
1577.09
1292.0934
1622.2096
-1329.4363
963.6159
2184.7996
246.5307
-618.6792
-243.71295
439.4265
772.25336
-795.7401
1902.5238
582.55676
-1058.6229
-263.8935
-1795.9414
1098.7109
1716.846
-1055.6512
175.03224
-1254.0154
-504.92822
239.60912
-84.87708
280.42307
-1081.0306
-682.8033
-118.28817
-28.834599
731.5983
-884.74
-934.72516
1469.4546
-2271.6768
922.0397
1104.0276
-282.13358
543.6452
-1.0769334
-432.93167
702.4878
-160.82738
-215.68001
1100.5352
1158.7844
-359.32547
-14.519997
-169.84425
728.3993
-358.8488
-579.2547
1147.2677
80.11623
-268.01895
1776.8993
-325.49146
-1454.8584
-551.9415
-1500.821
-626.8645
-1315.5891
230.83481
154.7223
523.15717
237.57274
-764.33154
-1094.4285
1309.3092
-1057.7236
-2095.8696
-591.3776
-266.1724
1224.1951
400.28082
-347.7453
582.4676
-625.4499
664.36945
-57.45208
-959.50586
-40.84801
14.091354
669.07996
-224.13185
665.44965
276.5023
-563.2437
-276.17804
-3.228652
535.59283
882.4492
703.3464
-455.88617
-306.51086
376.19916
436.74576
-740.8537
780.35565
-1149.9271
519.83386
836.46906
-1309.251
-336.65836
-2066.8625
-599.7322
411.52338
1156.2091
-1172.6816
108.16873
-769.4278
1330.14
124.90656
-692.512
383.47455
-1125.3212
-60.706436
946.03
-2537.8064
764.1501
203.05986
