-450.33157
576.76117
967.34796
368.79764
1128.4558
1027.8132
-645.06866
776.8812
-15.099581
299.33356
-609.40424
-1382.7522
-789.2847
-1037.3226
-638.1638
-1493.1031
-1246.7067
566.05084
-342.3119
1832.0026
-337.3629
-987.58527
-231.00378
-56.47136
-1305.1936
-120.247955
-889.126
-75.74825
-1055.0449
237.1347
702.525
126.19557
948.3493
1814.0923
1675.2343
942.65985
-32.728477
-731.38086
-158.33656
-451.95578
-794.5609
-804.1168
-557.6893
418.92358
849.9436
-552.39404
-350.90277
-925.6335
-907.8218
461.11932
453.49884
41.087822
-264.5247
-1425.0747
1582.5295
-481.27536
2171.627
-89.39657
577.9184
-213.38268
-217.97508
110.61305
370.7687
-584.9074
0.5154288
216.69963
-368.01974
362.34235
1866.0654
43.501728
-768.38153
-90.605064
123.37969
-182.30746
318.0657
-1451.2662
123.29533
-1494.2168
-279.3751
759.7168
98.047615
-769.86914
-875.08887
-1019.98846
-660.0136
2354.9827
-1234.1733
1203.3971
1368.5842
989.85547
-520.11255
128.68108
951.7413
541.07874
-452.47003
-86.99143
1429.4353
1007.92255
1011.54443
-1.8339366
-1116.6138
616.202
-1181.1017
-392.4239
-248.64604
-86.814064
-6.7714605
1223.7533
109.6265
-633.12744
-1733.9214
1148.545
51.494507
-569.8025
905.8349
-259.98993
-622.2346
299.12512
-608.9853
-1943.2775
203.57364
731.6905
195.59222
107.54005
28.713902
805.32605
-684.9865
-1085.4917
1044.13
-552.47815
-47.34746
-66.665405
-719.92584
-664.8071
-129.23207
-684.31744
-354.8254
770.11304
564.8604
715.2549
-465.1603
293.80807
-1701.059
-1241.1934
-317.01462
1300.9777
117.22791
1413.8445
111.39177
-659.4565
832.3807
1384.469
-349.94824
-250.47406
362.01807
-701.4406
-359.9783
-649.13275
-2488.985
616.3401
653.34265
-1219.9673
122.73785
265.43225
2037.9757
1045.1891
102.38942
106.21492
687.1107
-1733.1091
-258.31952
-425.1441
-400.50296
1122.542
406.9965
298.66025
-194.71677
801.3823
514.46423
-1174.0538
-364.53693
614.7388
41.83862
-638.29266
-441.786
-186.22302
1481.0383
-420.88095
-963.8604
582.43994
1.1259162
-856.17847
-84.2626
909.5707
428.94318
-779.32153
855.3324
-459.4508
945.5406
280.5951
-194.31306
1606.1376
245.59663
844.4171
109.22861
1005.6413
389.78186
-506.26138
-1651.6768
-525.5599
-157.9767
257.69345
-738.5455
-1650.4374
817.3971
1758.06
-193.1983
1265.2954
-189.01462
-475.188
-297.43982
130.24237
645.9286
-459.49164
-114.72955
510.90134
773.6639
62.491577
709.34973
-716.6474
-578.0562
647.4593
43.971992
684.75684
631.88855
-1403.1078
-1430.537
1407.1416
-287.56183
-318.05673
353.43256
761.5623
731.33496
-263.334
1412.8939
190.86334
-563.55914
-721.1044
-1344.9497
-1269.5625
-983.64044
1679.8451
753.63763
802.61224
-492.35672
499.2384
1221.12
-134.53386
-810.6053
342.39886
183.85808
-482.95233
530.666
1039.867
-451.87357
-823.7778
-90.05286
-24.207142
1090.399
-1452.5852
397.8939
-1496.1658
-623.459
-1411.68
201.32037
288.1761
-960.262
1321.6921
1066.929
983.5809
-58.64081
-94.58051
462.2871
1073.8018
1257.0496
-1447.6604
-1483.5985
-1047.2448
1369.0016
-226.48682
-276.50668
213.6918
-842.24927
253.10614
-787.3038
132.05751
26.349049
-98.960785
-848.4883
-574.6097
-657.8491
-1040.2589
373.87128
-704.92584
-553.6909
-333.76083
774.5638
-606.13354
-1354.8379
214.24075
-363.2117
-1745.693
-336.08423
371.6015
-869.6246
1716.1292
-898.84595
-613.41956
-1012.9595
647.02686
-90.47887
-224.26639
-765.2205
-458.96198
127.70285
360.4425
1517.2396
-615.11395
687.8466
-58.758812
660.6764
195.04208
-280.59592
292.7172
-1568.8501
824.7887
900.2628
-280.41937
583.24603
144.38206
438.35883
599.00397
-447.82397
-698.60016
-722.04877
580.8696
216.53584
2381.5225
-344.6417
273.10657
163.43571
764.5318
-576.71906
823.9377
143.19563
-743.8964
497.00317
1.8195806
-263.04767
289.97
832.63086
538.8213
235.72658
-793.1902
-786.8894
260.30368
-572.1167
400.06284
150.41933
1694.3357
867.8163
-1117.6613
155.25208
1097.0741
-214.8394
-610.967
402.83188
1232.9608
117.817635
-1564.6631
-243.52573
-207.18439
-683.6906
1108.3497
-1249.6069
476.37683
87.57613
-1192.8698
698.4887
413.1872
-1118.7202
-1531.1274
-753.0786
552.02496
-167.08607
418.66708
370.6197
661.8061
-205.10088
-52.629486
569.6647
-1264.8191
611.5378
1375.4349
-1014.49524
-160.79448
-844.96277
-226.79622
-2678.9758
1754.5844
891.8952
-956.677
1560.2953
137.5871
637.85675
-581.54474
-666.8585
1199.941
702.10803
-649.3918
497.09845
1312.7238
357.03888
222.47922
111.500984
-209.58704
373.62775
-113.232285
-903.5924
-1305.6763
1201.7722
-433.53058
722.5367
-629.30963
-548.87714
278.90015
-82.34897
-197.48523
-1645.9741
171.08983
-386.47937
1313.4823
-186.91039
-181.07327
-527.55237
-1129.4417
-1609.5438
230.49634
677.49744
-1365.7753
-1172.9873
1128.6735
552.9552
364.0431
1448.3038
-18.428411
61.225067
1040.9456
-750.945
54.5414
-292.7275
-759.7304
410.89288
469.8472
1402.1461
-193.63448
-2027.9034
1332.7231
-413.13882
-0.9864852
-383.988
653.9304
412.4149
5.2550874
1672.0144
-648.6101
468.0644
2012.8302
-1313.3667
-731.4021
701.079
592.3394
-1101.2738
137.63422
-351.80487
-688.5995
-732.5133
1183.9263
1765.9747
1109.3254
255.9696
1638.6174
79.161156
-93.64212
661.1155
1111.2163
-178.21178
-349.5037
360.75552
165.26791
29.533703
-762.47546
-619.9378
523.9648
-268.26562
254.26138
-218.65552
-341.5757
-1248.6453
1791.7714
-895.0959
-775.4738
-463.30777
-673.7473
1580.669
396.14148
619.4378
-305.0454
526.80023
671.0741
970.84717
1225.7472
-70.54491
-364.40384
390.4129
-501.732
86.21443
1571.9576
1287.017
1403.6312
-1219.4836
785.6218
2428.2327
273.8987
-518.7501
-133.4658
761.223
907.66846
-700.6605
2188.873
543.67926
-1155.3506
-36.87344
-1946.7239
1157.6842
1452.7836
-919.1008
93.80105
-1107.3604
-624.91986
79.77164
-119.94263
355.15244
-955.2814
-672.3761
-191.13011
-102.62649
716.2636
-846.35974
-676.12305
1577.807
-2343.9795
859.92664
1233.0247
-286.59485
423.7658
-1.4357805
-449.7577
737.4805
26.977318
-80.943665
1347.7189
1064.0126
19.310602
-70.716805
-221.61665
880.43536
-276.68912
-256.7323
1239.6285
169.11789
-149.80069
1690.6892
-92.19553
-1581.595
-681.2181
-1622.4501
-848.93274
-1146.2742
352.24295
-19.797544
528.8349
306.6062
-675.21045
-973.3623
1360.5197
-1140.0334
-1784.509
-585.75073
-52.82443
1068.6289
176.09761
-363.58878
701.98816
-787.931
542.82556
-13.498949
-695.7421
44.2368
-253.38487
729.4413
-123.607956
564.7027
294.0423
-493.73495
-81.64297
-57.853622
582.5108
712.3746
807.15247
-647.57666
-216.82518
347.9613
457.95016
-869.41846
735.70685
-1248.4193
586.183
697.3684
-1221.9747
-510.03275
-2043.9132
-537.8316
344.7998
926.46655
-954.75903
125.06829
-544.63586
1319.9828
275.06857
-581.80066
625.9384
-1064.3961
67.68452
840.79016
-2420.449
673.13116
-84.881096
