-206.8967
752.57135
26.259464
269.65073
-185.75717
227.55316
127.5379
634.69885
356.59985
222.20467
558.87445
-1049.9908
-87.32386
-226.71783
-67.23799
-824.7708
-306.01782
264.91904
17.25471
575.03345
64.675735
-976.1894
-250.44284
325.8427
-473.72726
-277.6856
56.459057
-508.6956
-657.7603
100.26284
-106.44305
-144.8234
-302.94254
1048.1088
640.70856
658.5903
378.43942
-26.625483
77.21408
-288.85028
-564.21576
-567.37964
-113.968994
-89.110214
228.64848
360.31308
326.53006
-83.67259
-204.94095
424.0996
-436.50836
252.35202
-277.2853
282.12814
413.12738
316.86774
1043.9988
-653.40155
-841.63
105.55915
-319.69745
169.64651
530.14716
-307.25824
263.73492
252.42738
194.9356
-359.2314
990.3771
273.497
-303.79572
253.93053
214.65062
281.75195
-104.82325
-37.955853
-338.14285
-72.902664
-39.49237
296.94818
-116.66251
-319.7043
-618.82007
-222.8766
-1065.9034
1145.844
-721.26636
874.5104
931.6614
69.969955
-377.08875
411.2878
775.71783
-1013.4194
-475.8758
534.3134
453.20236
392.81207
322.15036
-222.02705
-540.91486
-672.03577
-469.59302
81.95882
-1199.688
277.12445
1277.691
630.737
-297.0821
103.37455
-655.23846
101.84739
155.83289
-192.62102
456.08368
36.598488
7.0815706
360.1143
325.85873
-1323.5739
1380.4386
378.18
506.57285
-357.86954
-158.0822
337.42047
-665.1162
-698.42255
483.66647
-137.35896
-328.8843
388.10297
-662.41943
-370.8737
-693.5069
391.52667
-366.49786
-56.99639
40.296925
-286.0677
-123.775246
-105.670525
-1135.6232
-930.83276
-315.27826
650.4929
709.927
925.8686
77.61097
-381.16922
535.1883
944.82434
-0.091002464
-473.19006
-27.184269
-67.81934
-476.80054
-285.4295
-1194.6188
274.29782
465.82187
-877.1906
213.8119
-63.955544
210.0201
542.0414
-875.90027
419.21945
361.53308
-720.9983
-268.5277
150.55934
208.56572
447.5821
-193.17873
271.8608
265.45782
856.6522
731.54736
-970.8442
5.0524406
-9.809374
-215.07076
23.651539
-135.17137
-565.51794
732.56305
-264.1832
-660.32385
1090.3704
107.50216
-550.27826
41.979286
779.70624
277.40668
-400.0549
304.1244
-215.03471
-46.16266
-279.79724
-606.16003
957.3735
400.96277
227.09103
48.968765
158.06708
-314.65112
-129.58446
-760.1969
-461.6929
660.6818
205.27596
-603.1607
-566.4747
608.9312
1187.2766
-366.21198
940.1805
-0.42584628
-467.99457
100.17673
414.73843
755.8689
-1016.2311
-598.15295
289.5199
-627.9324
156.48105
47.889668
-969.9274
-51.44543
681.45215
61.19854
-548.66345
241.44339
-349.15527
-63.732727
502.50934
-611.0281
-118.411995
-472.24457
530.42883
-139.88551
-328.3128
692.01526
-300.38492
-539.5688
488.67386
-1198.37
61.046215
-816.75635
1054.6338
-360.53207
477.7418
354.76187
-62.523136
118.902336
11.561997
-484.17227
591.926
-84.332924
-511.6433
-404.96945
-387.4026
116.7724
-933.2555
-466.5266
-166.69243
61.107
-407.02716
-95.750694
-1368.3291
345.44098
-5.0850163
-66.176476
-363.18082
-267.81897
438.7139
770.0966
161.0465
208.67738
73.89862
-269.5365
468.22977
501.53864
-250.79782
-977.4168
-548.0716
238.78618
36.399136
335.40555
-332.55923
584.02747
542.3886
-110.85551
379.74884
555.13544
-460.54883
21.436298
-592.30084
-198.0055
211.80699
-772.7264
-752.61224
29.77545
142.96768
476.19992
32.849346
-230.85747
-31.194809
-71.73875
-233.03969
117.95774
-66.10474
-802.58685
-35.45384
-97.54269
-493.95837
-597.94775
-357.02344
-207.40437
152.64447
-1155.1299
222.73402
-271.13193
943.1802
847.78827
-81.90316
-429.8805
456.44272
-1032.9363
77.52721
-207.89272
1105.9397
-622.681
508.70673
723.7664
10.9492655
324.76453
1096.6589
231.91145
113.54166
-1143.4993
251.29721
-806.33356
265.7889
-273.63577
1214.8416
-119.30364
870.56226
304.0563
165.78786
222.05202
-152.27243
230.13464
-45.872765
-42.31129
216.3928
-494.02536
-333.5828
-46.8375
10.097672
295.83606
-386.31223
-1026.7551
342.91812
-826.09985
267.68994
206.83687
828.2905
183.09274
-227.11589
412.85217
6.129724
1057.2871
-449.02386
-351.47827
377.33313
-128.47035
-1157.0363
170.44653
-392.97787
-482.6245
-393.38864
-972.09735
223.22739
-243.2443
-352.0825
279.5167
1030.178
-48.032593
71.19506
-324.6996
186.40472
-185.36006
-11.824522
-21.652199
840.3811
-766.94806
649.13196
584.54553
-564.35443
606.50867
990.21277
-522.45593
362.83408
-582.2291
-406.25937
-1335.1
844.38354
59.560726
-47.333897
411.0282
409.01917
-105.48954
-392.16272
47.07056
251.51309
-603.41644
-592.3608
62.091362
-156.25804
504.92673
230.0844
239.93979
172.32475
-325.47763
-310.76584
-702.2274
-323.87717
904.0891
-586.1458
36.28623
-917.773
465.6733
168.43869
-289.27942
129.53601
-233.56888
-156.17166
46.3743
8.360263
720.7467
-227.31459
-84.52899
-566.03394
-260.5114
-35.361435
598.98566
-301.00793
54.044353
391.48322
-355.00458
423.86182
347.18692
389.01428
-598.8819
518.2213
-290.02054
-382.8107
-63.823143
297.97342
-133.61584
929.75244
69.25087
-280.68054
-1020.4762
1018.59717
323.588
435.9249
-577.10516
-401.9634
192.46053
219.57329
807.9933
-674.7874
433.10995
982.44745
-389.4374
-247.81953
363.1693
226.77258
-972.82587
-47.316727
-10.617244
-905.1331
-549.68335
726.80664
797.1679
61.697746
13.047608
790.94415
54.216915
-442.51474
-146.07468
-655.98566
-193.23236
-169.30092
437.81354
151.54834
337.9611
-364.86758
-906.39825
307.66806
-254.85645
105.25815
-450.3683
-120.96606
-430.33682
-207.97816
-292.58316
114.4483
48.27108
-932.0936
317.66495
-456.41336
162.29732
139.46632
484.9497
434.84647
914.0856
373.16116
-325.287
-147.1427
555.74133
-176.60347
-386.01447
582.6279
883.321
297.03384
-720.803
-257.9596
1245.5251
462.8397
-104.08067
96.12031
-193.87617
710.43146
-692.9491
865.5184
-133.89752
-131.52817
-174.23479
-243.71635
-61.821053
528.84204
-77.97816
-336.10477
-743.9904
282.63693
254.34712
703.4218
-104.61676
192.64104
-908.5768
229.72464
-44.855663
-144.86565
-180.36958
-333.31317
724.82623
-1474.575
806.76636
733.8885
-366.20917
81.42565
337.3906
-326.53787
385.7438
-318.20782
-237.73103
-42.995594
481.84106
513.8506
256.22888
359.712
-29.940224
390.365
-62.824688
800.88385
706.8132
-198.85713
1348.8644
-159.89227
-1197.93
36.354336
-973.0421
-575.44104
-1386.1656
402.3569
-309.03308
-90.61879
508.22827
-123.36846
-1003.2469
403.29648
-329.3965
-994.1631
95.97928
429.5049
-500.70248
-80.57803
-153.72289
1141.6259
-1072.9926
84.12092
349.72232
-141.74191
-45.17515
-356.81937
500.1271
305.28815
1059.5381
246.01236
-168.67043
-276.85776
-67.911835
592.6911
1051.2423
1076.3007
-376.3869
-673.9053
136.06097
-42.165848
-707.1801
237.20758
-728.50104
1212.2883
-144.79738
-704.5425
-180.6465
-436.4264
-328.6769
415.30188
704.0823
-489.2749
76.53329
-425.41037
635.9019
103.84921
-175.724
-22.790012
-793.7265
-245.28925
556.6633
-1233.5922
308.25705
274.64957
