-11.045068
343.18616
23.380829
322.9419
-131.63997
-276.64166
-78.33244
-132.02058
188.41953
642.68713
153.13824
-305.3015
-192.75342
-98.71257
378.2712
-232.14067
-288.3043
259.92465
231.75685
294.48514
239.02733
104.06237
-218.687
183.1607
-663.6454
-408.0092
139.40204
-17.800951
82.77534
-110.43376
113.188065
190.3511
-108.31654
433.69806
569.7485
72.06014
24.31289
100.413246
-546.9787
-368.55774
63.732628
102.48527
330.19662
191.24806
494.24396
67.35478
355.4051
-189.0465
72.37145
-405.5007
-212.14197
243.32234
-172.89803
282.42
-179.3015
-115.443695
477.55453
219.75957
-31.97347
66.04756
-323.70712
-26.431225
403.56998
-307.76123
215.83147
387.00653
183.21658
230.8434
437.1422
160.8083
-375.65308
93.98561
-30.076706
96.88285
-261.9757
-314.9247
-10.626749
-111.27634
-122.22154
212.2957
-550.4715
483.81448
145.28561
92.871895
-115.11835
250.7837
-67.68807
425.22943
432.2122
97.56164
441.66287
24.897524
681.111
-661.067
-213.54382
392.91684
-537.2855
-308.47797
58.572853
-171.244
-476.18256
-208.41257
28.417269
-51.67286
-669.5884
-100.31084
179.24828
185.82541
-271.2902
322.35385
-462.59363
-103.95737
373.1727
-367.1065
-23.999262
-131.02321
-197.56456
387.20074
217.5421
-95.070244
581.68866
434.27646
-4.4092093
-317.35364
-235.88728
-96.67727
-369.36194
-82.77488
468.95712
160.56702
112.76985
293.36258
-359.42834
-110.58016
-296.098
133.7633
337.435
-380.2389
-28.84437
-174.86302
-162.43507
446.8827
-160.90443
-678.0915
-8.343027
71.90513
506.9961
-305.33636
-122.48304
-185.7705
-150.43352
-105.442764
371.46185
-67.50523
-100.176704
-73.86934
-21.524391
96.55835
-526.99884
133.98117
-84.044846
-23.425222
122.2729
349.22427
71.77312
-152.78249
-108.75022
-185.68817
42.343994
-502.4845
277.49048
-52.659866
-188.857
214.37819
120.49331
75.410934
245.35612
592.00507
410.52963
-249.37202
-295.90598
83.94395
-60.75802
-415.99106
-436.90717
-18.603779
203.76605
-68.291794
-107.356255
502.63675
-298.62366
25.173002
-221.87364
355.49002
268.56528
-422.69833
65.95835
-118.84245
-742.6777
220.81763
190.68575
12.181711
91.22662
60.502678
-165.51445
34.603806
-327.06104
467.75586
-400.2452
-110.63584
660.3927
-84.26641
-616.2098
-221.09822
26.01429
41.052197
-216.7814
238.44267
-221.32327
57.777096
5.630639
275.92163
239.93161
-629.12915
-145.08582
29.768757
-257.55536
-21.116789
48.593525
-404.11118
443.8907
340.83032
-214.44626
27.938639
388.28656
-176.01707
-20.154058
22.71967
-111.46532
-376.5263
216.02515
-135.02086
-36.72136
-401.18558
394.5417
-70.64179
215.83746
-301.16214
74.5769
-166.04416
-662.02295
175.10359
2.647961
423.83383
67.742645
20.224327
225.3052
-301.80154
-235.46774
-281.07593
508.45865
151.19814
-9.401937
278.59018
185.5925
-498.08136
-133.10356
-118.242355
235.0529
-507.02603
-195.65688
-178.57211
90.55015
364.9833
-257.15128
-72.89761
51.512333
78.05934
411.22278
-97.093544
142.52777
50.41199
113.46784
-340.07172
26.334002
154.12715
-297.47058
-385.6071
-96.61534
-287.09055
86.842964
-212.02988
482.23788
437.31094
-16.256876
74.12357
227.40994
-291.85544
200.46893
-97.15754
-288.18243
363.61664
-579.32965
-442.08337
292.3971
-14.146268
418.55185
-116.02193
-220.73651
-99.16773
-105.76257
372.23743
96.38946
232.18797
-634.5542
192.09265
-81.86013
129.57248
89.67696
-269.14404
131.86017
180.55107
-862.8304
-538.6444
-224.35973
-93.25421
-8.034032
4.557208
-204.28879
392.11697
-845.5895
329.77982
-301.72665
602.80005
-323.5497
159.93353
-310.0059
-401.3031
-381.23557
425.6611
175.06133
-53.530483
-373.97165
-157.3157
-282.27203
203.56387
252.36867
525.45435
-184.32414
234.09378
397.76514
114.53532
304.79364
-10.909107
111.94716
-26.87157
-306.97952
191.1213
-483.2186
-190.19405
-57.745663
-237.2574
-474.0587
20.370024
-415.38144
171.98186
-593.55896
289.38843
-248.65843
235.38828
143.45465
-388.20578
206.72061
784.2247
156.59413
-308.39432
-639.9145
-7.493577
-289.76166
-327.14667
166.43074
-183.5747
-384.99362
207.30077
-354.0204
174.06757
-43.63977
-117.40765
253.58705
65.66737
300.08218
-33.349384
38.894592
30.59487
104.43194
64.648155
326.39993
613.27094
-469.152
36.257225
-58.02362
63.803364
-61.683502
464.52112
-237.9738
-28.531742
30.702488
-464.88394
-238.98282
-86.538925
250.94183
-40.3465
124.3073
751.1037
-159.88954
238.9291
347.63626
57.50359
-46.630276
-46.285206
-61.18116
48.50683
141.44968
100.57408
-215.37845
140.85999
-517.8873
143.09409
-244.53241
-90.21459
211.68695
-210.977
135.7987
-112.27422
266.95847
-102.00331
139.45605
22.071772
17.601755
-200.5556
-391.03848
33.57366
333.3992
-484.41522
198.3447
-505.40704
118.46604
22.894186
295.4284
-74.62765
393.50043
-150.33105
-27.28223
79.09895
0.9640608
419.02185
-28.735033
782.33136
-233.29475
-212.76433
-256.85043
-149.01875
130.3706
55.769966
-799.75336
-615.28644
-94.59888
642.8472
-87.35042
-233.22981
-521.9993
-75.38929
68.71956
137.59163
-211.64616
-352.61584
61.77997
651.0713
-310.11682
309.79492
-308.31003
274.36066
-389.5585
42.85636
-374.23657
220.31235
-59.111702
-39.751034
434.29614
277.43088
-203.6396
113.046036
-15.299057
84.659454
522.80383
-141.46568
8.887642
-248.61891
253.03497
-713.55743
397.2222
-146.61203
-122.310135
238.40727
-179.9757
26.822874
-112.83717
-400.136
197.25655
8.620927
53.234245
284.43628
44.467873
-34.251934
107.15729
165.97818
-325.7672
56.011925
128.05386
601.38776
378.1621
-102.67431
48.29528
183.49704
0.40587258
9.900039
-275.53885
405.86276
361.54572
82.08662
-218.82121
-82.129585
244.33302
85.46208
-331.7019
-516.43585
133.26146
235.73286
-192.38968
522.37695
33.419083
-482.69946
601.8554
-142.19186
28.466387
31.987392
-535.15393
377.8789
-146.3468
313.5515
74.08114
-200.94766
-97.24936
-460.15454
-353.50958
254.11996
15.374791
89.30104
146.31824
-146.49542
-44.320213
-630.32806
141.89493
305.87173
110.82898
-62.394188
461.5861
127.04394
281.7776
229.66176
-14.349168
-129.78716
264.9979
-134.94946
566.91187
-40.03542
-147.11575
-23.33494
187.55928
499.34183
-60.34392
248.47253
132.16434
-109.11657
-4.4582973
105.25058
-155.35031
-21.303553
-241.48752
-91.56344
328.89938
70.36709
589.68915
-163.7168
-81.54289
-12.873568
-53.626987
30.919325
78.81645
441.7237
-424.26566
38.633987
-284.8625
528.77734
383.0473
-178.01927
-265.311
-22.92293
82.97948
94.30761
175.1262
-315.17865
366.07748
-96.68033
280.1693
-174.74046
-153.06905
380.05115
402.19672
403.13235
14.716774
-33.306564
-229.63226
229.60126
506.77414
46.251984
181.13803
86.15286
-456.30902
-102.12089
262.2477
-223.60173
-307.9051
-211.56598
303.63202
99.62077
327.24396
-604.0012
329.75873
-154.6321
5.740528
-287.8006
-51.642754
-312.15326
216.86505
-395.91806
65.44139
185.77977
