-318.0106
412.3924
272.6059
438.3694
1042.7277
1063.0646
-595.7796
889.1012
-100.04262
-13.457567
-714.5878
-1568.4055
-912.0774
-758.52136
-675.87823
-1440.5343
-1033.9056
456.41605
-73.855644
1685.7264
-176.40385
-1296.0839
-317.02377
-105.23228
-721.49585
-7.645485
-902.11975
-170.01668
-750.54364
378.48444
209.61871
-138.82784
412.40765
1588.7665
1513.4402
971.15576
-8.992426
-598.6887
180.81699
-529.9975
-626.0484
-616.90155
-385.74634
523.66846
443.1924
-555.7603
-382.67197
-1247.04
-721.9444
199.41093
210.65393
64.15289
-14.280565
-1523.4272
1237.6904
-41.244984
2160.1157
16.37515
552.87415
-191.69672
-480.14255
-254.34943
543.85974
-717.22516
-316.27155
298.59244
-261.0966
415.14984
1857.21
137.36595
-460.32565
181.91074
105.01804
-459.545
276.78378
-1751.4102
-170.39159
-1308.131
-305.2702
844.84845
96.23808
-795.10156
-1050.4227
-1048.2527
-556.1828
2346.7498
-1301.9595
1046.9507
1471.3136
813.04877
-774.47894
150.7257
1023.4817
508.4277
-411.5296
358.68268
1386.493
1242.9973
1003.82947
-258.02808
-1238.1555
605.46533
-980.77435
-494.80063
-711.81726
-51.520283
-65.800446
1420.2306
-401.64774
-927.1088
-1407.9263
831.8711
58.975533
-395.5059
1062.9474
25.340445
-656.5063
734.396
-558.7542
-1903.4559
305.71295
811.209
303.56927
-172.20297
-18.779873
950.0128
-621.02313
-806.7658
894.814
-620.15607
-301.3079
-95.81472
-631.217
-882.5544
-140.99034
-567.6164
-425.67825
486.75336
387.50494
732.0084
-573.07367
459.73468
-1605.3119
-1253.5216
-560.75696
1217.9677
-5.039342
1595.5391
-82.566505
-473.00204
907.68463
1336.7539
-159.36305
-11.525375
243.13152
-152.4003
-149.94246
-151.04897
-2316.0308
704.12213
352.11987
-1164.6139
27.469738
214.35771
1903.1439
895.3625
319.22873
-56.678623
762.78516
-1427.6555
-551.86896
-115.99713
-108.40764
715.90204
558.3042
652.7659
-183.53325
475.9811
258.27252
-1235.2919
-139.93773
317.22714
-145.60376
-681.81836
-354.4236
-24.32473
1076.4548
-720.23346
-964.64417
295.1082
208.71541
-628.17395
132.76904
764.3272
581.0022
-725.24786
904.9669
-340.5781
691.60175
177.39117
-332.76624
1414.0497
172.55399
821.3612
12.805259
857.7848
233.85922
-480.3824
-1588.2054
-601.76794
-495.4564
350.515
-930.4521
-1763.8235
696.9243
1643.4967
-485.20303
1164.762
-155.17828
-653.38434
-44.3423
263.4074
20.166796
-644.0025
-267.41965
455.83005
455.42935
89.12659
1048.1525
-801.86615
-402.54843
653.0428
71.957596
352.42035
708.4766
-1134.086
-1372.2144
1090.2798
-565.43475
-574.19727
348.62042
971.75934
640.18604
-289.63043
1471.8411
-83.829865
-206.2363
-934.7585
-1411.6913
-1055.8738
-1194.6011
1204.532
463.56924
726.2902
-300.19302
688.82983
1084.3031
67.756424
-954.236
1005.7004
2.5856173
-335.24966
763.03284
772.71686
-314.2244
-813.71484
-361.964
5.5452814
435.86316
-1124.4651
243.84616
-1697.5079
-352.16998
-1268.4519
421.84436
274.92905
-880.4446
1205.8213
1197.1844
1162.983
55.63704
185.71791
499.2706
1003.24243
1257.2832
-1263.5367
-1604.32
-1060.4559
1388.7327
-427.66504
-10.076671
15.244236
-598.58636
679.8201
-836.20905
281.3404
54.002087
-180.88344
-929.96606
-415.23212
-825.29474
-883.9635
156.91272
-494.79916
-581.1293
-102.82642
510.67288
-470.6487
-1440.2937
-47.054337
-454.30402
-1662.3115
-459.232
253.53511
-572.6663
1102.9697
-820.9516
-828.2161
-829.97644
683.74603
-369.2949
40.622208
-698.55023
-304.75888
220.26509
423.07916
973.48566
-461.2595
614.8418
-436.39636
487.6174
-226.46025
-367.87494
411.04166
-1259.6569
689.29944
664.90356
-59.585373
503.87994
281.55182
844.4263
547.354
-522.02014
-432.9496
-573.8297
803.0368
69.18079
2100.8835
52.755703
312.3045
214.85548
536.2023
-362.87213
659.5421
305.92474
-581.42914
237.7252
-126.78303
-310.28687
87.105194
1031.9669
488.77213
183.46039
-705.70605
-703.90106
158.62971
-697.621
181.19617
-30.222443
1672.7335
713.46204
-1210.0128
168.86305
768.6736
-130.42644
-575.7157
383.71283
1236.7678
135.81569
-1546.1025
-144.41275
-271.56366
-673.7964
1166.8278
-1026.078
313.20932
-146.89072
-1118.983
678.7746
525.9845
-1018.46564
-1433.9266
-854.1351
519.21686
-50.789505
634.8053
294.17307
609.0265
-485.97
-118.795586
847.2634
-1325.617
786.9023
1326.6495
-887.13416
-208.82669
-974.6168
-114.71587
-2838.2336
1473.9983
686.22125
-891.354
1640.4434
20.211502
651.5864
-464.80286
-808.74005
866.355
568.15137
-720.2833
357.3058
1411.3754
556.18243
-2.7341375
196.6884
-222.51227
381.96033
-330.5863
-938.48413
-1011.8226
1247.0585
-243.34088
823.1058
-307.2047
-645.76416
430.3169
-19.679665
-113.898506
-1451.4299
110.12536
-352.54846
1362.9761
39.655422
-191.42229
-805.14264
-1094.4119
-1262.2101
294.95673
819.2613
-793.12054
-865.4599
1133.7126
784.709
356.49518
1654.2605
-254.09943
294.1971
923.5861
-742.34937
-230.35896
211.45016
-442.44662
244.00429
551.5707
1175.4331
60.819252
-1977.0913
1120.981
-591.27484
1.7161157
-534.2831
476.63333
418.383
-32.771683
1542.1093
-587.9975
564.2719
1894.7603
-1317.7872
-935.13116
313.94406
730.1617
-1017.1919
222.73676
-160.75098
-967.5748
-903.3766
1367.598
1768.4672
1272.608
-236.81612
1536.327
106.754654
109.10651
594.35675
865.5843
-60.776375
-424.0737
269.2441
43.71152
-3.1917715
-759.79785
-584.59906
667.82837
-858.8477
267.47665
-48.24183
-195.95386
-1315.3455
1365.5372
-821.03705
-1056.3281
-559.4084
-766.40674
1397.0114
-21.899923
740.0651
-318.37955
601.19336
505.9543
970.4222
899.2291
-408.8362
-419.68997
415.32028
-425.18933
315.93555
1549.761
1492.3242
1471.3015
-1238.8633
549.3212
2011.4978
323.5497
16.951937
-418.9827
570.81903
793.0985
-903.80286
1970.801
311.5907
-1209.3837
6.2106333
-1564.4751
1049.4233
1282.4475
-828.4524
242.08315
-1062.9152
-350.02838
459.57373
350.48776
296.42932
-295.14197
-683.0613
-365.14362
213.94269
767.31024
-991.2622
-499.61948
1348.0132
-1945.8435
1006.61206
1298.3234
-478.50595
209.1019
212.27528
-509.51968
703.0421
111.75798
56.672493
1526.1265
1196.5251
103.097946
-137.29532
-396.4021
661.0144
-683.8506
29.329706
1341.194
254.11676
304.11636
1824.6039
-382.10565
-1293.4591
-797.53
-1466.2006
-729.9099
-1292.507
572.50195
526.17615
441.99722
68.236145
-639.6973
-539.35126
1353.6847
-934.8302
-1973.6874
-549.461
124.66491
984.5965
341.34882
-607.0203
1001.1363
-405.50403
455.28717
119.57741
-765.17694
-52.72568
-384.3934
1228.8295
207.0209
784.50104
504.75473
-438.9295
-137.4707
3.3119066
522.6909
882.50757
979.1384
-554.6425
-201.35077
142.36699
531.1945
-720.5396
1054.268
-910.86334
522.5101
561.03107
-1198.7058
-471.7223
-2134.8594
-748.31213
591.4522
826.6512
-917.99133
306.4995
-637.90015
1230.6324
473.87125
-644.58936
298.58627
-1190.2834
-203.26439
663.73346
-2430.5295
284.2079
30.455677
