-151.82364
211.1471
143.73936
150.43756
-4.8725257
-62.537567
-131.23166
-6.3860226
-47.694427
442.1088
66.6847
-230.24603
-149.82687
-37.851482
-177.42506
-310.3215
-300.32068
178.75296
-164.71106
153.42534
-215.4141
-22.834854
-225.99075
65.35943
-442.90015
-57.046486
-72.66396
-77.93259
-224.68575
-88.67322
122.58135
-244.34369
-70.87393
321.09756
36.636894
-83.687614
35.739487
77.25311
-311.99017
-345.4619
-248.26207
33.52671
252.46889
98.04342
222.71861
20.077671
69.445076
-240.93991
99.95683
-269.73126
-47.35095
310.19214
-27.994564
162.03494
-20.213404
-272.28455
199.6744
96.62348
-21.15667
10.938247
54.93923
346.35336
155.9862
196.26083
326.36227
98.817245
-119.65381
186.38634
152.0884
145.53905
-28.688484
168.39699
180.9082
145.50676
-134.69081
-207.10219
-99.88791
61.605774
-18.589483
183.41849
-113.19609
373.0985
217.2163
88.31024
63.614532
16.629017
-20.898333
61.063717
47.55665
-126.61373
-159.99754
186.45076
447.3754
-348.9031
155.06639
177.56958
-116.99556
-4.985773
76.2297
-43.20917
-319.40256
-154.8471
-52.500484
-5.132542
-383.8427
53.948853
205.51636
21.310814
-107.34051
433.70602
-434.08423
75.93256
319.7661
-27.794907
0.23990154
110.375565
-29.204618
-92.29341
107.87259
23.012327
107.99401
362.06866
-73.42624
-85.57144
-176.63037
99.12015
-230.27032
-83.11835
68.65607
186.63503
-345.5285
338.114
-179.6632
189.39828
-177.0118
284.91544
305.45596
122.557625
-94.98836
-94.80691
-175.59334
148.93222
80.61196
-91.49387
-21.251408
-63.3301
182.22731
-197.62816
147.20901
-416.49493
20.512167
-287.68378
421.85245
20.96293
185.76753
177.14255
31.208632
41.77421
-198.60925
153.62172
49.52406
134.55116
51.065292
220.02806
9.416488
-71.79329
167.78899
53.62363
-14.656193
6.9683504
-266.67224
243.14844
-112.6738
137.43488
-92.60999
-24.17282
-138.77763
432.5006
147.02486
185.6121
-88.81409
140.3404
124.31917
-139.97002
-202.41171
-105.575325
77.28766
36.143536
-137.30939
286.57962
-187.47025
-7.387968
-160.11919
382.35333
145.48036
-333.6655
-107.9556
3.0380545
-395.67255
303.2106
-21.357777
-86.202446
168.32965
88.979065
220.25648
35.748093
-365.55142
95.06518
-92.51844
-227.536
150.59381
156.23276
-254.34409
-93.340385
-178.91112
-140.89258
13.823248
117.96431
-92.3043
-20.205332
266.06897
178.81047
186.38486
-317.20425
158.03702
-75.9279
-374.0233
-307.16595
-34.122536
34.364815
-69.74556
-112.044304
-64.82486
-119.20654
31.008677
10.996763
93.54186
153.74731
74.67
-242.5042
241.07828
-198.80959
-33.4574
-81.21924
-40.235325
-174.20943
133.70274
-115.73934
-44.28974
24.03791
-186.67429
-49.11793
72.19367
288.59726
253.58018
53.026775
-7.217966
-366.07632
-351.31723
91.13994
68.11856
145.49374
6.175569
347.96262
193.71338
-278.64493
-116.958496
60.624386
30.980257
-205.88438
-143.33571
-285.28574
-121.28951
293.05463
-3.560524
-159.9783
-94.76363
162.51782
85.31497
-134.55606
133.04387
-53.671577
-23.783073
-218.13365
190.70049
-89.13469
77.78961
-146.7192
-83.14389
177.46713
167.51428
-242.45299
229.06004
18.130424
-31.23501
9.750329
267.77005
-178.38072
242.1362
66.70253
-248.01416
74.590996
-310.12555
-383.45865
-56.808605
-185.36304
372.55847
-95.15981
-189.73659
-60.846554
-260.8702
31.742096
320.78677
215.52672
-133.64664
122.77511
214.83167
55.575893
48.911335
-179.66046
33.211178
-123.994896
-495.34912
-232.03333
202.44603
26.265457
-77.48494
196.9168
-178.79549
116.43661
-447.0564
22.40215
-166.86523
30.794432
-44.72559
-136.71521
-22.254972
-228.13235
-56.120674
248.19098
-61.629677
77.54087
-311.88248
-123.46234
-133.99318
10.438844
32.912865
205.33028
-127.58519
120.50509
261.20987
46.103886
23.811386
101.90667
252.40163
-56.408943
-153.19815
9.799526
-282.39694
-171.4506
-294.38693
-18.263134
-196.18857
-155.4915
-304.7956
207.68597
-246.72044
-145.59735
-364.0006
54.995426
308.1567
-165.17754
279.5796
452.31842
433.16046
-206.43588
-42.790493
88.27888
-58.27398
-74.1276
-142.01605
-99.34246
-280.97772
-27.02439
-232.83759
190.89897
-105.80278
-244.31146
-164.6665
29.740524
394.46417
163.5618
-178.14592
-244.1826
-54.914513
54.31227
63.82474
406.2279
-152.19414
-86.19627
42.224308
378.66443
-84.74329
-8.148209
92.00956
-196.11476
-27.727686
-19.118662
-74.26191
113.15195
270.67172
-116.36577
-37.92139
462.51672
-4.878957
270.49734
27.692797
20.085453
-153.1301
53.100918
-157.5169
-142.43427
-82.88403
-195.348
-394.14944
105.50309
-134.33467
-129.88747
-47.89603
91.87881
147.76784
-74.58596
11.499588
-38.2268
186.01204
106.7226
157.33347
-292.5026
104.58103
-224.50446
-320.12054
336.1933
302.32996
-210.2619
-316.96274
9.330672
152.9326
-309.11615
-56.335804
-16.084894
125.064804
269.98013
-219.16237
-41.97535
188.69592
137.19821
-299.97113
518.54626
-243.71037
-303.5598
111.34553
59.394558
196.3907
-52.82316
-414.37436
-438.09525
-25.193205
334.95782
-368.99442
-32.184887
-123.111664
-36.317406
85.54083
74.44249
-97.07028
-182.61467
-119.82266
315.61072
23.83215
49.68126
14.276532
-363.85352
-252.82137
-47.83329
-384.33777
73.20086
15.564319
107.02591
68.69006
19.02496
-168.98792
17.690742
-28.532436
-128.53699
257.66046
166.43
-14.999031
-72.05626
323.15582
-535.23596
263.32022
-230.91896
104.53889
-128.9854
202.31802
-159.19006
-103.18812
-8.864587
-49.316666
32.564667
230.2058
-54.891373
-142.10744
60.777283
104.49026
-115.42627
-27.625652
17.215984
-116.63176
308.49127
313.5562
-73.58575
-280.46222
-184.26268
-41.004364
74.985016
89.33768
6.464991
50.25147
-105.83206
-167.55334
-54.337795
-69.12059
-38.0031
-14.868419
-125.70846
213.10023
-66.34913
138.49141
45.314644
65.38562
271.2413
302.46838
-183.30792
10.666908
-18.57065
-256.78427
370.30612
103.78604
251.68633
-170.60712
-131.43748
-41.41001
-55.14138
44.54976
38.098843
-95.774666
288.0636
21.867073
104.43955
-204.70093
-436.40784
141.75153
328.87772
7.6492357
-184.53842
263.35117
54.92162
74.57358
112.6345
99.94396
-82.06177
283.56223
-296.79282
270.0017
76.57914
-64.361694
117.210304
5.972513
75.64916
22.295708
10.638033
-58.29799
-52.057426
-15.559056
8.178601
-203.11888
-101.461945
50.399807
-190.46046
143.41774
27.164175
-51.18375
-467.0442
22.124924
-88.79974
152.47456
54.652546
63.61889
422.4858
-76.40843
-115.78951
153.05045
162.86673
253.34479
39.188408
-462.2805
-75.829956
-70.51344
-71.49742
12.706198
-116.073044
485.6161
106.114944
52.254406
-237.20894
-52.396584
132.83537
359.70486
349.53027
55.03528
-34.0321
62.09712
-113.53242
258.4078
-55.83444
2.809712
-186.43259
89.10891
352.77673
257.29974
-159.55623
-208.40904
-245.39444
-38.198948
-50.617165
72.971344
-144.56679
181.23418
-71.449974
-10.545376
-9.047188
62.84673
209.17743
84.33351
-382.7551
50.19965
152.787
