362.4306
1208.1257
189.76105
763.6583
1145.0903
963.535
-486.19714
619.87665
231.0338
38.658382
-148.30948
-1650.9282
-363.6871
-941.16675
-431.28
-1030.647
-232.94095
789.1742
82.04582
1512.9229
-93.30521
-1592.8765
-174.54816
111.48299
-366.49026
-464.6922
-630.9113
542.82434
-277.54694
581.4387
20.243223
-442.09824
151.35107
1698.2096
671.31244
509.9665
87.21058
-435.0243
29.672812
-200.26883
-739.919
-655.02637
-575.81836
956.01324
179.04616
-263.70166
142.25214
-736.6139
-1084.7007
466.4799
-28.45181
490.4574
18.828928
-539.91113
1219.9742
357.60135
1977.6951
-670.7538
213.85869
54.67476
-97.843185
61.936783
506.23523
-345.45724
-411.22333
190.05879
-625.6411
186.23566
1725.9092
-434.38953
-642.8009
636.48553
140.68585
-306.73886
75.09964
-1765.1656
-563.78723
-1222.4937
63.897594
328.90988
-117.32605
-590.19507
-746.1566
-1111.6848
-361.58868
1594.1106
-1002.4729
918.5891
1304.983
602.8924
-784.076
499.54138
889.11176
-185.08487
78.9906
-333.87222
940.9063
1360.9016
741.3255
163.56508
-834.2857
-486.4805
-1149.2168
-678.6175
-1464.0375
-223.89609
161.23149
909.5664
1.5117445
-963.40045
-718.1434
433.5377
457.39154
181.69214
1283.8164
-32.714245
-204.17998
722.3659
-16.569689
-1319.4514
522.1933
364.41974
220.64938
5.6311336
362.48834
732.5063
-451.65607
-557.2787
986.1372
-222.95078
-162.771
83.16504
-446.5084
-945.87115
-290.28796
-123.0827
-530.83984
350.72852
358.98904
91.40678
-627.52374
169.93658
-1663.9464
-1352.0729
-774.2633
1183.265
304.44116
1329.0398
92.82391
-485.67496
490.93967
837.606
112.89861
-451.20865
505.49908
-120.7842
-531.0207
-131.80716
-2194.8142
515.21735
764.8373
-1207.0043
-172.2272
-344.05655
1658.3624
641.0659
-731.6017
-52.657436
464.2826
-1247.8682
-695.35333
152.06166
-97.56915
632.52136
414.84827
450.51077
-125.970566
723.96747
578.6856
-870.61487
64.30048
403.9865
178.14314
-463.79953
-280.29468
-640.4888
1155.1987
-301.83542
-1347.5905
941.3812
-237.98022
-1208.5618
482.28568
1416.5234
560.06287
-628.7974
814.9925
-451.47382
547.8914
-156.55893
-290.69177
1147.577
193.4637
812.47705
-343.02954
250.5222
223.48174
-575.0644
-1710.3567
-879.5066
62.631386
-481.5133
-1040.2426
-1130.2942
1004.69684
1923.8378
-522.06
1574.4379
-159.35703
-397.1782
-22.968607
112.87128
90.92085
-705.888
-486.24777
1014.9992
-205.742
563.89075
1161.1599
-167.10333
-474.33945
969.8827
30.436342
276.21918
630.4953
-1048.245
-1076.9254
907.16046
-1075.5914
-330.6775
342.12213
386.569
896.5139
-306.16974
1031.0769
74.12108
-536.0141
-486.96756
-1210.479
-218.23343
-923.49274
1387.6119
737.20166
1376.4877
138.81487
377.62915
929.88794
-224.42702
-776.1873
893.20184
302.98987
-630.74677
342.81726
517.24725
-569.9936
-678.6089
-326.3395
-73.689476
-402.29312
-987.91425
-65.28758
-960.96356
248.52367
-1175.7069
472.10107
-493.81427
-471.46436
777.51086
1261.771
828.56433
30.88168
-13.462213
534.8582
887.0804
1641.3289
-495.8445
-1198.8127
-904.0644
868.1742
134.22911
761.054
-222.03969
-148.34225
710.0977
-675.4264
-216.38419
116.077095
-853.6025
112.85762
-659.34216
-369.51736
-344.28577
-53.88209
-829.68427
-612.28436
-477.72754
354.03296
-688.742
-997.6789
-110.79663
-871.23785
-1062.8009
-460.38495
70.84632
-968.84955
591.8936
-901.1953
-915.83545
-715.1186
362.1233
-817.0328
-20.608932
-591.3576
-302.4418
-91.309784
836.68774
786.5317
-1083.4572
167.53146
-303.70078
-332.8077
76.9584
-38.906826
585.1945
-932.642
726.5605
952.5518
-432.5372
602.1708
815.85645
209.26352
86.98045
-944.20337
30.470022
-409.2017
967.03796
163.01837
1427.3147
448.61588
1107.457
-324.70355
754.3247
225.80489
94.18551
283.66797
-740.6927
442.22684
96.17315
-563.02246
-44.548687
687.39465
-104.445915
129.99255
-837.38763
-911.8775
373.15585
-674.21674
-267.22537
-68.787186
1592.4689
299.01355
-966.26666
-180.69337
247.32243
695.549
-589.1552
916.1401
1287.7438
275.60233
-1005.1783
233.1624
-553.4604
-655.4276
197.44154
-924.6981
249.16606
-222.33328
-1046.0183
630.0187
578.2493
-417.22275
-706.36096
-785.3571
375.5655
381.21573
192.39583
200.26874
541.2298
-826.73676
277.05896
966.8546
-1285.3083
290.9215
1111.709
-358.73108
-413.2108
-519.22656
-352.06628
-2660.1304
1045.3501
1060.6528
-117.3359
984.06104
412.16577
594.9655
-1038.1843
-531.85046
103.2898
268.3407
-816.1729
501.9495
676.784
763.3964
313.1122
974.7415
109.478035
260.9051
-130.79314
-1099.7373
-590.5785
976.88367
-644.5947
128.91722
-351.9611
83.92025
507.04395
-536.5126
-66.945335
-846.30725
403.40027
-509.93088
933.4836
338.6778
-251.47318
75.74956
-466.17368
-1370.4774
3.059033
495.7474
-397.86884
-605.9145
931.6712
142.6797
230.0437
897.55383
292.76978
-490.73697
528.2098
-56.915924
185.08946
230.77121
-86.47725
242.66989
302.48514
832.1544
118.599625
-2005.5938
753.1922
-340.3126
362.6515
-433.76907
73.40833
225.80641
86.56035
1079.2446
-915.3749
412.35464
1309.893
-1040.012
-1068.039
720.97253
882.4561
-1186.3085
-384.44702
-174.64363
-1073.9425
-844.8778
1230.5115
2153.0657
771.3562
-117.67103
1189.8239
289.67297
458.64273
477.65314
634.35406
351.42154
-448.9782
204.46312
399.0442
125.92908
-1014.1733
-1004.05927
394.77707
-444.02103
232.76436
216.91544
-40.48426
-1295.9183
972.4868
-492.65887
-688.63074
-26.234253
-1069.3878
861.04193
-501.10117
688.1333
-349.5989
1077.972
384.01672
724.08044
231.92392
-1025.5159
-253.56213
89.97165
-791.146
-86.11404
1105.7783
1524.865
977.1605
-1100.9213
502.8464
1889.5773
662.7481
554.4312
-200.61034
589.9456
459.89038
-450.65448
1144.6926
0.9663205
-798.4792
310.79282
-1014.5543
663.80597
1260.3566
-575.758
-346.83704
-1086.8649
420.01556
477.93735
230.16617
-12.307411
-218.40866
-1098.9769
-463.91605
333.68674
599.90875
-619.4167
-306.82587
1145.975
-1361.6998
904.35675
1102.0812
-559.0381
603.8511
336.16794
-1012.75574
571.55383
-214.41428
-163.64407
1499.1619
658.388
503.5736
173.6386
-147.2705
744.86487
-467.90912
-425.32013
784.7253
248.23158
-170.40764
1313.3976
-194.8372
-1549.8693
-641.96533
-1445.6156
-761.32715
-2006.2555
501.2472
562.51556
226.71173
60.95454
-179.2165
-696.83246
1020.9633
-784.4064
-1827.648
-74.56403
73.856575
213.11058
-150.32191
-992.31165
949.7867
-738.9341
198.54796
880.6948
-891.96936
-261.56024
-584.674
909.622
242.13849
904.8847
101.09545
-224.25931
-122.35135
50.697063
595.1839
880.97925
1168.472
-201.74017
-266.76056
409.21848
2.0254915
-1204.345
1035.5447
-665.83777
498.1926
-5.369035
-1144.9271
-1138.5052
-1507.9471
-279.81226
452.4935
863.45514
-795.9043
-40.27148
-714.3584
993.1592
198.0553
-517.5319
252.82448
-958.57495
426.132
579.9546
-1774.1012
470.28027
18.496944
