-696.78815
517.43146
892.88074
197.72557
1303.697
1134.6613
-918.54755
867.29956
-156.1442
376.2035
-863.2848
-1252.5704
-1211.1324
-1207.801
-594.55176
-1860.4596
-1586.6936
458.75012
-107.9065
2311.0652
-478.6174
-905.4418
-353.8345
-90.54695
-1333.4384
-177.28162
-971.56573
-483.85583
-1441.1722
89.638275
578.45087
399.65775
1019.734
2147.6667
1917.008
1152.9438
-319.48337
-458.87085
-158.18684
-452.57697
-639.78827
-970.56744
-589.7428
485.84116
866.849
-336.0808
41.625355
-786.0121
-888.3386
740.542
392.60764
61.43959
-237.8359
-1422.069
1721.9445
-687.13135
2173.5095
-147.0534
860.3574
-525.5121
-178.25755
55.33449
243.78049
-1002.0597
-9.6364155
733.1591
-361.06354
498.10806
1590.4703
272.7596
-1240.7883
-222.89424
319.17664
183.07135
462.50452
-1318.2797
-16.972115
-1217.6727
-223.56767
713.9421
-192.14635
-788.6467
-724.0212
-720.8053
-272.06763
2423.0088
-1210.9064
1188.4473
1407.9431
554.1937
-130.08864
375.32767
994.31134
712.6616
-766.5479
126.31062
1713.0275
932.59595
681.6916
488.94223
-1023.64624
547.92706
-948.18365
-250.72227
-642.8717
70.90522
-104.833496
1378.8246
-94.15978
-969.6695
-1094.3263
1287.4052
154.79002
-615.18585
1101.102
-145.7353
-360.63202
380.20847
-637.69226
-1808.0157
267.81494
687.8867
-284.9056
43.91044
-408.3691
657.28613
-640.6478
-751.2392
848.0001
-937.66864
-240.30476
-147.46262
-272.68954
-658.2648
-395.75073
-1038.2295
-61.54808
776.99475
598.9754
840.21594
-592.67224
116.01397
-1598.1626
-1469.1003
-269.56732
808.6467
-229.66971
1475.1038
-107.316895
-349.1574
821.7765
1417.2256
-252.24866
153.31635
191.63925
-783.21
-765.4048
-617.22076
-2513.542
523.77057
631.1551
-1523.996
255.8718
524.8396
1549.3455
997.51666
155.58824
89.58062
1103.9445
-1936.988
-112.765724
-893.66394
-321.30673
918.7075
640.9978
186.84866
55.305294
549.9635
540.2245
-1291.1298
-171.04865
792.94415
-385.8444
-899.56573
-475.2921
-264.3726
1257.7214
61.0233
-1125.3788
175.68588
175.72095
-921.0308
-84.61476
724.6838
-115.71601
-937.2376
1181.8436
-254.00415
475.40048
532.77856
-467.56653
1884.0283
258.25488
1207.6718
-94.764786
519.2882
915.29224
-328.63297
-1517.1384
-328.2264
-215.45212
476.52115
-346.7782
-1999.1433
576.25616
2424.6826
-424.94864
1201.7213
-215.2436
-99.48694
-527.15936
318.3686
897.58167
-570.83203
-202.91765
294.2378
610.23834
149.96921
475.8897
-606.2642
-390.4086
814.99896
-19.366722
350.61514
808.7817
-1555.9065
-1884.2965
1505.56
-507.44614
-619.8032
37.15272
496.31998
866.198
-387.26953
1401.4816
-195.98387
-335.8706
-984.24097
-1639.6952
-1351.6171
-1070.5472
1592.2412
-36.388657
962.92706
-558.0407
433.23383
870.3667
218.39105
-413.7741
420.7178
233.49187
-480.75876
489.77805
940.2071
-215.96715
-794.38257
-97.73953
60.132977
1081.0145
-1678.6467
271.10565
-1438.0463
-586.4184
-1383.8126
295.08118
69.196236
-1126.6044
1163.9312
1046.6559
1112.3384
-205.1028
158.2855
434.604
928.1952
1224.432
-1634.6965
-1299.9321
-740.00525
1716.4839
-423.6972
-378.84595
341.29718
-908.01904
63.176098
-1004.19525
274.87363
544.1864
-465.3683
-919.1182
-369.8027
-544.96936
-1130.6505
555.042
-993.60187
-708.6996
-283.248
561.4663
-141.39418
-1416.876
320.6608
-305.5884
-1469.8994
-17.09371
405.727
-1018.0446
1895.8812
-1024.9927
-394.0983
-769.9181
1042.8531
-87.54395
59.890656
-1339.8247
-741.06
120.854294
910.56396
1466.7521
-666.4833
617.69525
1.6676421
868.86926
232.08636
-544.8471
630.0884
-1752.9637
823.7154
1160.2411
-94.578445
873.70526
14.239914
207.52829
730.58356
-385.70715
-433.056
-878.5723
90.99903
-225.97878
2492.852
-291.72165
47.44741
290.90808
321.8866
-811.06274
958.2789
16.19591
-1083.3066
550.0226
-271.85657
69.58506
507.03964
1043.0143
593.93567
537.53076
-755.54974
-534.1878
294.8603
-983.896
-35.246506
312.25885
1576.7181
894.3008
-967.437
-130.92316
941.8424
-550.5801
-367.62003
494.1772
1191.9791
-328.19885
-1549.0046
-375.97983
-502.42072
-963.74146
1361.7628
-1049.514
186.57793
202.16719
-1710.7001
1026.6537
583.5905
-1311.5228
-1279.5162
-880.74384
317.6431
-28.965593
344.323
510.34863
1082.5048
-707.35187
-99.48217
588.014
-1350.5713
835.7504
1733.3374
-572.08826
-336.7621
-560.63214
-41.426674
-2915.4685
1711.38
651.79956
-974.0375
1498.0947
241.50806
952.0787
-766.56525
-540.58307
1301.349
587.3439
-812.5075
556.72516
1255.1013
238.37076
120.70186
279.18387
-445.24332
334.65228
-71.76202
-1347.967
-1428.4323
1599.2485
-68.11327
660.74066
-495.8223
-668.76624
239.0796
-105.934425
-58.05131
-1843.2363
-151.84805
-484.60977
1377.7701
-16.142097
-550.32684
-955.808
-1172.667
-1863.1871
322.86603
564.72095
-1316.5028
-1283.0612
1308.7665
512.3513
425.9117
1431.6746
337.64606
260.2568
1065.7878
-809.4228
45.408443
-280.17087
-898.34247
425.85565
140.13434
1574.5438
-123.70613
-1777.4985
1534.0966
-406.12057
-40.2031
54.29711
273.5794
687.9571
301.127
1567.2147
-725.4692
756.4319
2127.9116
-1144.6134
-640.851
523.5467
541.5095
-1323.9768
162.14061
-346.82938
-672.0375
-703.20483
1369.705
1780.8782
1155.1498
505.13647
1573.7509
-55.12421
-456.3999
717.2443
1082.1129
49.375725
-197.78922
485.91528
134.2921
-129.83412
-648.4495
-380.009
991.51733
-84.23289
33.670403
122.50613
-417.00964
-1226.7894
1764.3009
-942.57135
-1016.78107
-466.9444
-345.08087
1644.0576
662.30566
906.24335
-157.3143
816.0642
649.9769
608.6126
1031.0579
-419.90054
-469.11978
372.8112
-563.93536
72.99628
1413.8181
1166.7823
1790.18
-1492.53
779.7713
2296.7488
448.40308
-635.5434
-618.54376
265.10767
776.1646
-951.6603
1842.485
679.74304
-1257.5342
-33.695507
-1817.8457
1084.3389
1789.9259
-1413.1595
144.99936
-1150.7495
-576.22504
545.4326
-164.14954
1.2930415
-771.11755
-798.4821
171.29321
184.63092
1039.3691
-1000.1057
-1004.82935
1118.0068
-2180.512
885.59357
1241.1516
-581.72406
556.15955
204.03076
-408.54526
949.8321
-155.17989
-106.44737
1016.12134
1439.1423
-486.53235
-299.31393
-160.79143
703.60925
-382.91043
-688.3519
1099.9233
13.1312685
-453.95312
1479.3381
-149.02846
-1328.8038
-731.7415
-1558.3839
-753.1832
-1644.8494
343.08908
237.381
367.40726
312.72427
-629.3891
-1195.361
1172.605
-802.9854
-1962.2877
-117.2337
-392.50662
1190.3232
593.8685
-172.69432
750.09357
-686.27924
487.77042
153.25697
-911.398
-97.09458
216.3913
481.32883
-80.69264
528.12616
572.90717
-339.8236
-337.66492
3.9645317
222.28447
829.381
826.2385
-565.14545
-616.26215
577.98145
742.5546
-854.18964
710.0269
-1131.9025
455.84726
798.9895
-1091.663
-173.65422
-2075.6953
-701.7385
597.04285
1018.3482
-1148.7126
185.89182
-799.36456
1387.8191
-47.438953
-738.5916
503.2399
-933.7986
343.49173
1238.0424
-2792.3926
744.2502
405.17212
