-339.76227
409.15707
-28.403894
357.9064
-121.41055
-175.31837
-43.742687
510.75464
441.6979
517.3001
241.74977
-1009.9652
-120.5667
-184.07423
-285.20752
-764.456
-128.76474
211.00218
-5.5660477
430.22153
564.0218
-997.1129
-377.51538
688.73914
-579.62726
-8.055357
-213.61871
-384.07486
-302.30365
10.663345
-187.53902
-32.787376
-339.0711
856.6263
354.20084
305.69604
269.0318
-209.61313
-53.705402
-685.394
-707.6667
-145.94102
-66.315094
-205.42198
89.58071
166.19511
268.1642
-29.9706
-310.6229
-77.0041
-452.2008
245.45105
-309.5269
216.2809
164.4488
323.67017
1213.9323
-557.99884
-786.50684
206.17506
-454.23758
171.86157
615.72577
-135.95187
191.25514
430.5676
363.15182
-274.5527
722.9112
149.66898
-79.430405
239.10562
67.14457
85.38165
5.273918
-23.86621
-372.37607
53.475044
576.8305
259.96423
-245.4799
-153.85452
-314.11365
45.5105
-839.5804
1006.8714
-180.4272
617.84564
685.05273
74.266266
-50.631733
203.94403
857.9666
-1126.2064
-670.3155
716.05457
354.27405
434.60583
279.04202
86.86507
-404.34882
-586.7244
-10.023867
3.5673938
-547.7492
18.353573
1049.8566
372.46075
-252.85094
222.57971
-358.8248
-126.549515
218.29288
-344.3945
408.8972
52.628723
-7.333499
306.07193
375.92044
-907.3328
1167.4662
507.79
370.9459
-625.4131
-378.65756
70.943756
-792.4116
-573.03235
602.57996
-174.63173
72.88878
214.70204
-904.6459
18.064154
-464.53772
273.5691
27.485193
-121.3433
283.03403
-395.78992
-161.91129
-33.932495
-793.7991
-619.82
-35.67344
316.9396
475.81714
608.2726
92.64367
-780.66644
325.30917
676.06134
51.760666
-203.29256
-261.45547
-4.9549265
-546.35034
-562.5448
-1267.6155
401.3282
307.41534
-736.8079
20.209665
345.66324
93.550545
379.32706
-543.8343
380.26108
207.10764
-602.89307
123.27566
504.23953
78.03687
452.40576
-519.0038
125.45675
304.76398
629.11536
277.95377
-706.7596
-194.59355
352.0267
-235.92026
-112.3775
-229.94084
-239.49553
705.1763
-211.01239
-409.50375
964.96594
173.36966
-426.22665
-235.7753
966.55304
650.3298
-346.98074
112.75084
11.292005
-282.8962
-217.16183
-278.78265
831.59216
408.49203
157.25716
-92.28751
240.33371
-145.83809
26.700008
-671.0733
-197.91086
700.21295
-6.4011455
-443.5214
-65.36621
362.90045
867.3139
-562.6939
818.5274
-301.11096
-240.7567
240.45157
442.2576
845.50037
-905.45374
-433.34677
133.52823
-675.8908
69.422325
180.0664
-600.4849
306.32428
315.19763
99.44638
-503.07617
352.57834
-488.74588
32.03608
111.373886
-677.9798
-85.91387
-415.3317
357.19052
-241.65735
-234.23445
924.057
-321.74207
-172.7492
208.87878
-953.7624
26.140554
-694.6842
723.3397
-325.28784
416.5219
375.9387
51.7442
49.36296
20.82421
-440.62057
513.2728
-69.65322
-753.3552
-484.95773
58.184444
-17.897057
-764.2224
-274.8625
-395.8828
114.89457
-339.58035
-206.38043
-1049.2024
453.71155
316.82684
-197.98674
-478.57043
-291.9075
35.14182
815.1994
55.581806
275.5157
-284.8497
-134.7418
219.18405
624.26294
-125.40855
-839.9996
-663.0373
-236.57489
-5.4481544
61.08166
-274.43457
720.9433
510.86496
-265.56183
172.64943
419.13214
-265.52682
-171.04114
-397.63745
-221.76134
314.7038
-843.0006
-688.81506
263.17792
35.541924
481.8036
-77.096596
-272.24698
-284.51248
-211.73636
-114.50652
-207.25302
60.841164
-711.58746
85.971565
83.25657
-287.27625
-710.02826
-143.58177
-216.68846
169.54016
-835.54144
-150.9136
-265.69403
648.611
505.47702
-207.49081
-364.2163
680.7375
-927.2587
-209.55862
-156.88368
1001.46466
-668.3667
561.5522
857.0602
-16.966585
305.8095
1108.8265
312.04044
9.365938
-874.49585
-35.976067
-344.3335
358.1247
-448.69946
613.46326
-140.27626
527.8075
389.27347
223.849
477.7641
120.76781
-88.197876
-203.72577
-55.145905
91.003
-397.28088
-643.47766
-328.07474
-208.83664
24.95363
-512.4504
-1166.6527
524.7039
-761.4887
298.21768
65.35632
712.0593
460.5439
-312.94742
315.57712
387.76437
913.537
-433.64502
-258.8764
162.74304
-327.77036
-922.3198
54.13284
-61.34463
-556.7581
-216.46231
-837.65424
83.17681
-285.7086
-233.82832
412.01007
656.3051
-24.650925
-396.78482
-228.57649
354.37042
-37.580013
-61.077286
447.09988
773.4771
-409.21344
423.64868
610.64435
-572.55316
209.46196
1106.266
-461.19522
406.04044
-602.99554
-78.19796
-1188.6918
809.00006
-109.83225
21.680466
294.70255
610.6587
35.109455
-164.59088
6.9665613
84.34665
-255.37395
-633.08344
58.340553
55.043755
799.1837
98.07309
517.26624
67.965576
-469.25052
60.57942
-640.2032
-328.46686
857.81964
-356.5143
90.29918
-474.35074
571.3412
293.23245
-54.699554
-99.47169
-442.94214
-167.57504
47.6401
274.85794
691.73627
-141.69922
-26.212769
-653.1194
53.440666
-81.84239
885.92377
-187.90082
164.7383
500.76422
-152.0495
204.11131
342.34583
286.79272
-394.13495
679.14105
-101.433754
-320.1685
-158.29784
94.068504
330.68774
698.74554
-284.0996
-536.8201
-706.8671
798.51227
127.44154
115.270164
-737.4891
-646.1703
210.16725
304.73193
373.0177
-343.90707
359.3423
1038.6238
-309.5504
-53.527317
395.11847
170.65979
-707.22754
187.33981
-104.980804
-616.86066
-511.81985
387.9316
823.29816
232.20076
-23.763979
961.1197
-249.54268
-337.69537
301.0384
-424.2688
-134.71152
-187.51814
837.12366
138.19553
369.922
-182.12013
-876.1025
222.7129
-156.92938
217.65019
-214.66165
-153.96759
-418.65945
-236.11006
-283.92892
118.78555
179.70963
-888.4783
215.92772
-23.78098
284.88138
274.2412
466.1028
509.24045
924.7808
147.5964
-323.9081
238.53217
898.87683
-130.28638
85.052124
592.53546
920.61316
34.998386
-656.8756
-176.96826
1364.6866
621.0575
-115.824745
-131.54195
152.22404
613.5804
-782.8412
471.51178
-6.6964645
-448.64804
-210.56108
-413.68317
114.63292
634.04926
3.7010438
-177.58743
-759.0104
180.95471
751.00684
293.90988
-102.537766
-253.39597
-1141.1716
308.43213
139.18956
-31.935633
-173.31512
-122.39092
335.7736
-1444.7706
934.61
628.5643
-169.4775
137.57732
595.78735
-105.42037
670.4544
-70.16554
-355.91486
-0.7394686
622.5884
663.54376
660.5433
-13.843748
-25.573915
274.62643
111.03694
914.68115
648.6948
-423.19547
855.16406
68.38447
-822.65015
171.69464
-634.5997
-588.6071
-1226.7228
739.77954
-235.3818
-3.9562244
745.53723
-119.42993
-814.7562
325.28375
-162.4089
-426.19418
172.49905
123.00477
-174.58618
-272.82266
189.3312
938.2708
-504.04688
-99.63283
297.32355
-243.577
-122.37788
-360.8154
315.05746
120.482895
770.9186
-53.424286
-65.698235
-100.64178
-62.975742
384.5985
1121.426
1142.1642
-328.2041
-429.19257
25.556103
22.447386
-739.0614
288.13376
-216.72723
760.969
-370.6456
-325.58084
244.48875
-275.10437
-439.8786
588.19055
671.01013
-344.2255
345.79932
-687.73425
725.74994
244.42227
-57.18471
-146.51022
-766.3986
-209.52211
259.95355
-1229.1595
275.61188
333.05118
