-1009.20807
645.4428
1140.3712
135.4592
995.1173
1257.5918
-830.1811
690.51276
102.47582
494.91086
-769.9657
-1425.3202
-835.18286
-873.78394
-3.1636505
-2022.5731
-1760.3555
316.1186
-766.95905
1736.524
-886.84985
-890.89435
-335.24408
-563.40393
-923.0008
38.908947
-261.8271
-329.0166
-1789.4711
185.31677
638.2101
361.7364
1441.6461
2139.6394
1611.3904
957.1401
-442.98636
-311.59445
-314.21393
-164.39543
-184.72008
-1781.6208
-390.65967
1673.5748
655.08734
-542.24
-164.20686
-803.10364
-1414.6123
608.47125
809.3055
-118.46221
1.7484202
-1211.4003
1957.1465
-925.8409
1798.6436
-14.759391
708.49817
-521.1504
-544.9309
413.73196
19.866161
-1544.8829
-216.20685
601.03107
-775.6997
169.60944
1824.797
105.0288
-1108.7721
231.12854
201.88817
-196.62892
218.35912
-1205.9906
48.1998
-1148.0424
-745.1253
446.6676
-323.58102
-1079.982
-551.862
-130.78883
-629.71747
2370.721
-1361.4856
792.25433
1720.6295
539.50195
-1021.93115
-30.453396
846.8126
979.10443
-1020.0215
228.82376
1751.0697
456.2078
565.61774
757.84265
-1063.7349
225.74994
-1016.38354
-244.24376
-570.61066
73.68037
-304.10617
1349.0496
63.185616
-655.5516
-1208.9434
1506.0276
-293.94565
-356.52936
1070.0249
-24.18102
-1018.1486
214.31851
-558.43945
-1487.2693
768.90717
305.1724
209.36732
170.72562
-551.5797
6.9216614
-548.67505
-1246.586
548.2169
-625.55035
-724.91235
-108.06326
-649.4293
-612.98676
-197.45628
-1137.0083
-188.40346
1116.7518
268.69547
887.8022
-1122.0205
735.3783
-1528.4718
-1244.703
-432.2935
367.00653
-52.08739
1212.5048
-920.1881
-533.8848
1121.173
1565.0363
-913.5743
46.231426
694.83057
-1021.5758
-1075.6132
-805.4988
-2592.7532
189.80461
588.2258
-1719.9889
-187.42863
717.2377
1896.8738
1084.9324
219.50449
272.06393
1325.7764
-1853.1053
223.85883
-1129.7672
-573.7861
1147.6444
856.14923
-9.909895
-336.21677
261.72028
747.197
-999.43787
-191.56467
636.765
163.70581
-668.2068
-1065.7578
-749.8996
900.5692
627.8624
-1201.5779
51.514843
131.52095
-975.5105
-34.360912
851.3323
-530.26984
-888.1227
1481.9205
299.35715
540.1948
239.3717
-559.06134
1745.2925
498.96463
1173.107
-277.18414
568.52454
1392.4778
-310.47092
-1313.5498
-483.85486
5.5789194
942.31805
-451.649
-2146.4456
41.6336
2730.259
322.67603
1214.8615
-248.85275
-190.657
-425.6547
511.9668
1111.161
-70.65386
311.99698
780.6652
973.715
526.3553
334.71152
-638.37
36.943424
964.2222
-57.401165
156.44519
912.9579
-1273.5061
-2543.8726
1339.0192
-925.046
-822.28357
169.69722
813.29865
617.3058
-797.09485
1207.638
-82.83364
-362.70242
-1135.1936
-2052.8772
-532.6029
-695.78326
1891.1252
93.552666
1711.8969
-849.2615
332.4223
984.95996
132.00418
-322.4786
783.9602
902.0834
-1384.2207
264.10983
1047.6647
-219.04877
-462.726
-291.76587
-83.95128
1065.1061
-1891.1655
241.28508
-1005.6764
-676.6181
-1812.1714
714.4489
-106.122375
-1111.5688
1429.1118
1264.0458
1087.8213
-180.47311
26.426493
469.15494
1083.3993
1122.5908
-1824.5498
-1757.385
-927.5366
1462.4221
-407.292
-361.35828
-183.19127
-866.4164
102.471886
-1199.5532
313.92682
707.7997
-775.40784
-1442.0035
-925.9198
-1407.7095
-1783.0559
90.427315
-1414.6708
-845.9375
-232.60307
769.27466
437.8239
-1381.9822
2.4777708
-378.6309
-1110.1432
-265.18744
881.815
-1275.8302
2156.6482
-747.2242
-341.05582
-1113.3304
506.21112
-17.213266
-184.7324
-700.8592
-631.51447
-231.94574
644.35345
1146.9312
-665.4937
666.8066
274.47348
1089.1829
343.4353
-772.103
730.50116
-1390.381
1041.1893
1451.5573
461.10297
674.8956
-91.287964
139.11731
1115.7034
-583.96515
-504.4539
-1216.5647
-474.23618
-276.17035
1808.7697
-106.11207
352.35718
425.0943
17.495396
-1201.4059
1314.349
-9.927332
-1055.0244
234.13876
-447.04248
377.24637
147.06006
390.76086
441.70358
273.3646
-514.2656
-410.18372
56.781227
-1169.9718
-29.60242
-363.2123
1551.1904
1139.3203
-296.91592
481.8513
1041.6377
-721.206
-792.62964
154.54648
514.81793
-242.16847
-925.068
-612.0602
-402.9809
-1079.6375
1257.6206
-794.63824
469.67877
740.14465
-1221.4044
863.1235
549.455
-1303.7999
-1401.0778
-654.22864
230.09364
-135.72026
374.1197
123.41241
1342.7533
-467.91562
-412.25217
277.23795
-1734.389
633.665
1587.3246
-330.41245
-273.59387
-188.08258
-649.23505
-2748.5205
1726.9788
510.28372
-1229.7742
1033.6288
763.73047
1215.6342
-516.25244
-483.53867
1275.1584
674.62274
-1239.1549
650.23334
1168.368
-372.98706
-63.213703
96.10571
-133.56664
762.6012
86.15592
-1398.0026
-1074.3488
1453.608
-4.02528
700.29755
-422.4025
-212.18831
448.54013
-586.0956
127.88888
-1854.4619
-574.9833
-771.29297
1240.2278
-215.94698
-446.27313
-1263.3354
-576.96
-1822.3108
118.459366
642.3821
-1531.2991
-744.23096
1138.108
582.0887
136.83008
1278.0421
229.49681
95.64451
1067.321
-1011.7669
-264.60104
-9.647829
-1171.9884
537.74805
-608.4529
1406.3617
331.64877
-2237.3125
1418.2957
-663.62445
77.43388
378.63092
-172.26596
588.0052
806.3961
1177.9945
-168.83647
1129.5342
2706.0388
-591.68085
-989.5562
434.08417
-96.13714
-1602.3278
126.16096
-596.14417
-541.75836
-740.61957
1129.0723
2059.931
1514.3811
724.60834
1068.172
-353.301
-618.9452
113.264114
1115.4869
410.36423
128.09404
186.64322
49.42175
-146.05878
-153.26276
-277.94757
975.60516
88.945984
-42.3037
-128.49417
-283.01096
-1097.0188
1646.2448
-1169.6656
-1173.168
-100.59338
-418.069
1310.2277
498.41306
1080.8339
-556.82227
582.09375
645.9149
555.49945
-179.16258
-383.612
-466.99982
1213.9152
-641.02466
949.105
1954.142
1697.0773
1627.7323
-1589.0743
665.7655
2491.855
255.15169
-473.83176
-658.69763
113.63503
497.4854
-1356.1359
1854.5533
1104.5352
-1121.2797
-422.017
-1904.2394
674.19775
1631.7651
-1286.0085
-283.59787
-1147.4014
-13.755291
613.5165
31.024231
351.01532
-1248.155
-666.85364
153.70932
218.39062
1238.2803
-193.81232
-1374.0809
1186.9626
-2050.5896
783.60474
1649.8489
-744.33594
651.6432
107.25439
324.79587
999.75104
-241.6605
-135.56244
665.743
1500.1788
-431.05194
-1039.4022
-296.4487
846.45825
-444.87268
-648.6951
1472.0161
-107.29327
-813.30676
1751.2344
-258.58466
-1534.3547
-244.15904
-1572.1735
-761.20245
-1725.7444
215.81601
449.45612
253.85497
-156.66934
-301.09897
-709.69226
1167.5292
-846.7036
-1072.7142
347.01135
-376.79605
820.26605
-24.871342
-116.49685
795.83575
-523.09064
589.4234
141.19585
-992.34564
-245.32521
522.4885
311.35522
-70.04275
182.12927
121.514404
-174.5294
-243.03271
166.48506
397.37387
833.92773
937.98
-784.9253
-437.731
694.88995
590.355
-1252.4556
703.8002
-1225.1368
1081.941
878.4233
-1557.4781
-213.46268
-2329.8582
-959.9579
385.82077
469.1514
-831.2739
-97.49457
-1150.0594
822.81934
-180.16313
-668.5879
162.27295
-1668.6396
363.74994
1043.4264
-2777.2122
98.210724
348.56793
