-1228.9459
646.1369
1041.0302
110.89436
1052.164
902.3391
-713.99023
811.9162
216.48354
391.65253
-819.86365
-1230.7546
-792.58813
-799.2353
-19.907503
-1829.2784
-1746.7008
148.84534
-587.9098
1653.7969
-747.47034
-838.9644
-382.0779
-578.4428
-1131.8975
233.13791
-401.23566
-301.17944
-1755.8003
194.0787
690.04565
293.69168
1488.6945
2035.2026
1775.7744
1054.595
-502.31995
-495.5339
-437.68893
-458.6088
-395.87793
-1761.9308
-417.14954
1483.8871
724.8494
-564.0854
-143.43584
-919.1722
-1260.7935
606.8291
713.7415
-220.69267
-71.7408
-1315.2788
1879.7242
-660.2553
1813.8901
2.2548974
756.65924
-569.3641
-496.99335
320.8413
41.584873
-1358.114
-256.69995
719.1401
-731.6081
372.0282
1964.7969
102.76677
-1376.57
16.190659
169.31013
-261.15436
370.25726
-1258.2472
27.884682
-1176.6377
-613.3721
596.7124
-304.29648
-906.22845
-509.01978
-276.3698
-506.74704
2388.641
-1340.4567
810.2666
1859.2126
276.53015
-803.7441
42.580753
936.4011
745.6378
-998.5729
53.826
1646.356
674.7384
657.4337
507.69296
-895.4029
323.7791
-1090.8135
-455.48096
-581.71014
196.69383
-261.99582
1313.0198
32.391857
-737.2598
-1308.2753
1570.1932
-276.95007
-329.20563
1041.5802
-76.337425
-1053.0363
278.7886
-172.30528
-1395.1991
659.9096
466.32855
89.18544
69.44234
-552.84186
158.8335
-616.9098
-1243.9834
770.2596
-373.06842
-608.6292
144.09494
-607.7755
-612.438
-163.67996
-1283.2866
-125.06994
1013.6436
126.066696
1001.37067
-868.7542
425.97345
-1380.2872
-1278.0365
-409.81964
469.46823
-128.40135
1275.8992
-671.6276
-591.7281
1138.3378
1575.5724
-674.24426
-70.65394
708.7951
-952.7296
-1379.9058
-798.7586
-2254.0317
293.03537
697.885
-1796.0953
-73.985176
752.8341
1976.7346
1008.2257
48.569946
452.99692
1231.9333
-1959.0386
289.59473
-1203.4014
-473.18555
1015.12286
947.6766
-56.804207
-441.45697
202.96939
629.7502
-1077.4056
-281.44348
680.63104
32.261173
-572.4097
-881.94366
-729.9179
1112.037
600.78986
-1017.39026
163.49445
237.38364
-981.4243
-20.578096
772.3431
-534.2774
-774.1158
1342.4298
161.74028
321.56894
350.05063
-425.46506
1650.3256
348.52115
1257.9509
-204.01007
414.7613
1461.5806
-470.00317
-1102.5768
-412.79614
197.81532
790.3612
-570.62115
-2205.2258
26.560953
2966.716
197.74059
1102.9786
-411.9689
-169.98045
-468.828
446.16132
808.5005
-190.17096
105.59913
676.5812
1093.7115
572.49713
459.05716
-632.53253
167.26694
1063.9843
-196.2181
167.79579
748.36505
-1362.8528
-2339.4175
1316.1863
-840.90814
-897.1986
-14.433821
735.74475
634.3565
-645.8614
1115.6575
183.89009
-365.44882
-1026.6073
-1950.0396
-717.1128
-758.8872
1793.0061
254.75946
1553.946
-733.30817
535.1861
789.8151
-1.731985
-439.77502
851.281
752.1948
-1366.9454
388.5154
1119.3965
-244.34569
-354.24542
-407.38184
-73.87311
1129.2124
-1739.0288
75.66323
-982.2886
-674.2636
-1569.018
727.277
30.815186
-1210.1036
1386.8208
1080.2758
1231.8323
-109.807274
-53.17859
412.8505
1150.5011
1243.6825
-1761.5223
-1651.6967
-895.7808
1340.0693
-377.56152
-400.01538
-118.535995
-781.2324
186.0222
-1321.9587
304.9937
655.97906
-807.1205
-1344.7036
-972.98706
-1103.8518
-1541.1597
220.84715
-1344.5535
-812.79285
-269.66803
699.24634
342.71545
-1344.8342
-273.21054
-271.17706
-1071.863
-309.1946
844.48975
-1351.738
2251.1704
-833.3875
-559.89136
-1007.2476
525.68634
-126.26234
-265.45248
-922.50916
-916.7649
-148.98904
492.61142
1047.8717
-591.9103
617.4961
408.43784
1294.8998
349.60828
-721.66406
784.4636
-1401.7787
1013.68365
1273.9067
369.84247
599.4715
27.484222
88.540436
686.16675
-721.355
-533.979
-1046.1826
-282.43552
-150.67903
1986.6371
-399.99698
382.78738
193.6109
130.57587
-1059.4176
1172.0831
106.77658
-1140.3961
21.295614
-528.6163
331.62143
137.53812
557.1042
516.8903
498.8365
-675.9859
-515.99615
251.55922
-1107.671
-98.12226
-336.84927
1286.9943
930.7375
-348.7982
409.12747
997.4698
-579.37213
-822.29767
125.65985
528.7564
-429.79987
-1002.03015
-593.4839
-265.47485
-1066.3716
1321.9873
-657.87
340.24493
687.80725
-1308.73
790.6067
608.594
-1335.5868
-1523.6223
-724.72925
166.96475
-130.45355
319.60065
-57.682507
1321.4563
-419.4956
-159.98994
292.77484
-1679.3759
553.14966
1587.8745
-497.1976
-154.22069
-80.290436
-628.568
-2911.0974
1636.2379
475.89996
-1070.7899
1239.6796
794.7864
1197.767
-724.24506
-318.32867
1423.7068
685.64764
-1248.3855
575.42444
1154.9758
-186.02475
-154.63106
235.81151
-280.0295
674.16956
-82.76828
-1506.2322
-1373.5126
1485.078
-32.338264
738.60144
-516.0791
-256.51303
457.13452
-653.58167
288.01172
-2212.9778
-637.8909
-837.56537
1177.4741
-115.477066
-505.77762
-1138.0072
-777.43335
-1835.2085
105.3777
492.46915
-1525.8428
-796.3481
1101.1346
547.9851
46.59659
1491.9161
211.38133
211.07042
903.091
-1010.0785
-412.66434
98.179146
-997.06445
334.25848
-465.00467
1580.1611
211.42227
-2229.8193
1349.7217
-500.76498
-52.80366
552.50665
2.992313
318.73367
834.3357
1274.5066
-127.48567
1021.21436
2732.3328
-807.2151
-1034.0845
388.47543
37.321476
-1444.8533
72.85894
-609.66846
-618.58295
-686.5679
1313.1047
2134.783
1601.2506
779.6712
1042.9158
-140.92813
-554.92365
84.53257
1063.6934
445.10944
-168.91747
259.87177
193.80595
-170.64272
-129.35483
-432.63324
966.13416
-66.68093
44.383717
17.704535
-324.51236
-1212.9685
1678.8552
-1268.606
-1207.1849
-36.112015
-369.71793
1359.0599
476.2793
976.09015
-534.1708
601.27686
756.1093
776.1603
-23.113508
-224.9085
-360.1561
1045.2318
-712.4504
796.58923
1778.8586
1584.1934
1696.1016
-1474.5896
484.56012
2397.0625
519.2033
-450.03937
-411.23236
260.36575
362.406
-1194.1255
1850.5062
1098.6642
-1010.2402
-624.72205
-1801.9874
825.4474
1740.6622
-1352.512
-120.10569
-1223.1978
32.025547
692.9781
345.04688
409.521
-1379.243
-709.0471
281.88812
272.43304
1211.1215
-420.0132
-1276.865
1214.3452
-1981.4203
690.1384
1616.684
-949.3705
831.13385
77.149
180.33968
1170.2725
-46.76152
186.43608
737.4491
1348.7192
-509.82654
-804.36475
-354.80453
990.9346
-370.1414
-787.8511
1584.6538
16.487663
-634.12256
1914.043
-518.4674
-1551.1462
-468.1487
-1467.5486
-585.2013
-1454.328
265.28253
447.85587
287.52292
-100.66914
4.903309
-728.53217
1086.8855
-713.0666
-1275.538
34.842766
-369.5117
1084.6722
190.70258
155.23518
698.8495
-686.72894
674.38776
210.51585
-832.7817
-102.19665
397.18378
419.84735
-14.681678
330.91003
455.89832
-445.63254
-394.89407
195.79993
483.96893
867.996
910.5393
-506.09134
-428.76096
702.5976
584.5939
-1181.0895
692.7548
-1272.1704
1059.711
1005.60425
-1563.0991
-312.67596
-2355.2737
-758.96185
558.59076
782.4144
-863.6266
40.127155
-971.40686
1027.0873
-313.59717
-742.5217
266.59866
-1467.7549
188.22627
1230.1277
-2842.9192
344.19116
451.2896
