-73.3696
226.94557
138.26657
-69.00868
-142.90594
-59.83235
-115.964035
14.320437
-79.8523
296.6551
171.58018
-77.1166
-17.295345
-124.09873
-107.37543
111.96895
-105.0686
70.14495
-19.868834
77.4011
49.91523
-96.542404
-122.60118
48.507027
-20.773026
-147.60475
21.157345
-178.34018
-204.78912
-42.14292
138.93048
-270.09647
100.71574
157.84879
151.2254
-149.51045
-86.45252
39.375847
-137.83698
-110.793365
-180.55724
-91.567024
152.64554
-53.96989
40.766006
-28.339476
7.7710133
4.7874713
68.11525
-251.34691
-79.78223
41.801704
71.32663
87.136116
-115.95522
-106.36465
47.890244
-84.13784
55.40953
68.956055
196.56035
232.46132
46.07742
135.39885
40.19604
-211.9995
-78.41571
119.42629
168.07907
175.57896
99.07674
130.338
156.47263
46.139088
33.339035
-233.19669
53.855354
52.999096
243.86409
123.05655
-183.6207
268.63278
69.244934
-55.4715
52.016502
-84.66217
83.05517
-3.882771
74.71418
-32.308014
-73.97882
343.7061
201.81071
-218.41919
165.18515
84.65594
-105.13
-84.2083
43.908737
-58.34934
-376.379
-69.33518
-73.76424
20.75444
-272.05795
51.5177
187.37534
18.63787
-179.41722
86.87114
-313.68964
62.7706
140.9143
169.96371
-115.46647
191.20059
-191.93651
-73.241776
18.686464
185.46124
-122.23959
124.68422
73.39818
48.65535
-94.29742
130.87799
-102.68428
-81.81071
109.51492
116.55764
-130.7464
225.96968
42.142624
44.903343
-132.16364
136.2136
128.10487
129.00449
-46.22387
158.64288
-101.51546
144.34201
43.805656
50.039146
-142.72443
103.73142
235.68478
-199.66072
69.22575
-184.98969
136.6657
-86.20768
345.4638
148.2339
212.07965
78.48144
74.44198
3.7735918
-72.184654
224.35843
28.196121
48.154274
25.389828
159.6288
80.812614
-85.38992
16.41686
-49.096973
128.08392
-125.38413
-251.98026
27.873547
-216.87593
103.27199
7.685151
32.50058
-194.94785
404.00668
202.87285
50.23586
-193.10684
90.329254
392.82214
16.096674
-52.238678
-43.037643
292.3804
70.24915
-30.930397
320.67496
-88.425125
-66.76327
-72.8553
270.2256
168.4049
87.45498
-35.068497
-1.3070977
-249.18077
48.34203
-10.446871
-120.52481
-67.495575
15.68782
177.26216
-69.30262
-133.59625
12.045745
-123.25062
11.936949
12.78525
-3.4971228
-217.91692
48.23347
35.0201
-20.75535
-88.46486
-39.42292
-113.54758
-165.04674
197.78693
-69.665085
262.54785
-310.84473
-53.458668
-106.30401
-172.33838
-208.53496
-59.698486
20.283186
-7.846613
-30.51776
-44.330902
-106.41194
24.704353
121.58915
-51.590363
190.43546
-4.652521
155.15907
29.091644
-176.84525
-79.404755
-58.039486
26.891565
-114.0028
62.580566
-169.69136
-93.26639
55.74606
-22.581049
-37.407127
-150.88353
292.0345
63.13628
180.68648
16.025305
-224.59775
-95.54604
139.47151
-40.913322
-101.75588
221.5124
194.75948
259.99954
-145.53934
-84.05691
-102.7989
76.539825
-118.63957
46.685993
-74.20793
-111.79025
174.40784
42.585373
-104.47763
-53.966137
-26.703678
-17.664223
-11.209574
133.24944
15.271156
-87.14351
127.83736
-18.68051
58.214214
-10.5973
-222.05101
-76.61222
126.147804
196.09564
-153.4175
121.4416
-117.45954
37.86714
-131.79224
103.62578
-116.78744
-35.838104
-16.451836
-104.064804
5.9776707
-52.636383
-307.90753
-123.94499
-243.08496
21.507376
-33.441757
0.42019773
33.837696
-125.81485
-40.537292
66.384384
130.95872
-214.52785
189.66695
63.958767
-16.752447
-66.2915
-43.333347
-43.361996
-146.0486
-153.4267
16.897667
87.249855
-0.73894227
-106.53532
206.13681
-16.601574
-33.11087
-235.8796
-183.96686
-119.68997
-85.47962
-41.606964
111.411026
-35.650368
-191.61551
123.179565
184.41757
-227.99272
-15.5810375
-150.63304
51.49168
-138.21974
-3.6409054
-109.94617
17.923792
-93.085106
34.22419
110.7048
-61.780155
24.68776
87.319275
-113.24052
191.84619
-133.62126
33.706985
-104.59139
-164.1238
33.9926
36.839592
-135.51918
-26.040218
-114.05961
109.98806
21.696217
-47.655334
-110.77444
-103.63765
125.25393
-91.5574
271.0612
122.10568
284.97113
9.302921
-46.031727
152.71977
-75.11063
-50.576805
-54.721355
-299.5111
-313.74902
-42.017742
-90.734436
197.52542
-74.50654
-205.29321
-212.77913
-16.604998
300.67972
-0.18455577
-183.38797
-100.69587
72.91878
120.58777
82.46968
201.27403
81.40437
-95.491
4.4754267
141.98912
-59.96392
-96.18818
-27.405895
-132.68541
136.9366
-37.05669
1.7588031
142.81009
158.09003
-84.91569
-76.49573
261.10855
54.10017
84.96096
19.559698
-65.55528
-17.686659
35.835785
-66.301544
154.4768
-93.90298
-205.723
-270.63382
56.297054
-5.080286
50.60949
110.44088
4.627376
50.640392
-18.968872
78.41878
109.495384
178.40176
89.05918
102.14641
-222.37825
58.456318
-41.84284
46.46037
259.3505
114.3981
-161.00009
-182.16293
20.75282
75.24399
-205.02905
-50.70713
111.27082
89.3747
176.85275
-33.164898
-43.527554
20.23571
47.424526
-30.609148
316.495
-161.49417
-76.620766
-1.7414904
-85.88209
145.86432
-43.66166
-370.31378
-185.54253
-81.68769
333.14798
-198.9789
160.83911
-103.08035
88.76139
56.077114
158.67421
25.23647
-162.40186
1.7771125
23.158327
14.620711
-100.37218
46.51128
-280.18228
-139.1602
25.227747
-20.033993
47.590847
191.70421
166.68912
78.94587
-222.79558
-106.96136
101.79934
-18.940243
99.41212
84.64521
171.33107
101.56738
-30.357576
164.48207
-185.99335
-50.39474
-132.95943
40.20943
-61.660023
-72.24428
-91.36299
-68.750916
308.72507
24.640757
52.664772
-52.310184
-86.04544
68.957535
-35.126118
-43.32207
-296.333
91.122246
-105.05344
17.808596
231.23413
218.19238
24.32088
-150.8205
110.25926
46.991
24.82319
-28.389315
-62.33768
-104.729065
15.493286
-50.482613
-29.436028
15.781362
285.3403
-76.95195
-65.94349
-56.306248
-79.90755
-87.56521
-114.653824
-59.896725
157.91637
176.824
-84.87773
75.85933
-7.907132
48.792454
207.33676
9.980169
78.666534
-161.39563
36.396027
-129.09923
-58.813183
11.034489
-1.784291
-95.6348
63.127964
-64.796814
-52.18474
21.007814
-249.45311
9.534804
-34.541565
62.939144
-130.01947
100.82754
167.68324
20.531734
282.74936
101.898186
-109.79547
206.1528
-163.45575
55.606
57.834175
16.492361
137.23164
-62.059185
-80.52045
-27.50707
-92.268234
198.47476
-107.58392
133.8722
-39.543137
-56.579678
200.59492
-52.77933
-130.10262
115.87077
-119.7992
-112.523994
-45.392643
61.046314
-30.882814
72.664856
-30.457703
36.94659
232.79922
-55.678574
-99.55845
74.07715
-62.969444
214.53117
-59.741936
-169.84358
-18.007542
-210.58965
-191.80582
-67.86964
-161.22446
117.313675
179.26373
-42.06242
-169.94171
20.202679
129.33586
251.62556
289.7915
45.016613
-47.36001
21.564238
146.15051
163.73474
-88.001236
52.185143
43.489124
66.255875
237.3997
-98.86996
-125.69624
-80.07854
-177.46649
0.39955854
-35.048954
117.124054
-63.995266
137.72444
-20.868742
-46.244457
-136.40121
50.557476
81.91226
111.31486
-270.8447
61.241367
22.309288
