-508.7713
752.71497
-96.09028
337.9886
589.5781
264.36536
-223.25058
456.89917
-52.706028
-162.84682
5.9499216
-1575.902
-129.34193
-447.59503
-248.39835
-1012.24194
-97.01833
922.94116
-4.1447053
987.4198
-53.468025
-1347.1643
-72.19982
-36.493156
-447.83542
-245.4301
-7.1951447
-217.28671
-618.7318
261.2104
-152.81265
-444.13498
68.70919
1287.5972
719.1037
814.8129
557.05304
-11.950119
-313.57272
-245.67131
-696.05695
-597.07404
-155.49165
-358.36813
493.21762
152.42476
465.60913
-534.6678
-733.874
376.23083
-135.98138
500.19687
-49.23455
-269.1418
911.4082
323.35135
1761.8778
-765.43634
-138.02602
-411.91922
-175.48038
290.33215
112.04562
-69.35263
-261.4867
1.5458617
-403.86807
50.93557
1527.2191
-3.6886132
-223.83832
30.6735
-357.10776
274.94714
275.04242
-597.5281
-435.53973
-619.1441
150.37532
479.6998
98.292946
-313.72827
-969.3031
-737.1569
-918.43036
897.6439
-1053.831
970.43176
1072.8951
582.44696
-593.4604
511.79605
1230.7332
-443.43585
271.57285
62.410076
618.6643
832.75134
614.1528
584.3295
-795.6638
-438.4867
-722.47064
-352.02615
-1241.0386
62.32528
1104.104
1268.0796
-89.967865
-367.89066
-760.75433
95.78139
341.2881
258.59003
842.8248
191.96559
601.2627
322.08807
240.55037
-1388.9854
1054.2285
56.024094
80.23135
-271.3993
159.17947
289.499
-656.8589
-557.6071
931.1469
-266.35934
-25.12681
474.22748
-867.786
117.925934
-383.74326
31.037449
-319.888
132.11032
495.5358
-76.3063
-178.63235
-102.73691
-1702.2079
-1152.132
-676.85046
1182.258
154.15399
678.3848
318.54736
-365.44885
794.8766
571.247
-240.10457
-414.95184
119.02458
133.30652
-615.2582
363.0335
-1807.38
246.97974
890.08093
-1197.6255
93.51279
-285.54086
801.03894
696.7551
-755.94476
293.90714
520.6117
-1322.4601
-289.85248
86.086105
-117.61326
588.0414
582.89825
256.60934
-190.96834
1020.6809
185.48921
-904.00696
396.17725
317.75378
-529.36725
-248.5398
7.355872
-1089.495
952.08496
-416.68564
-1025.7872
1332.5269
164.14992
-1186.8994
241.47949
1357.7893
525.2687
-489.61896
183.8514
-353.86786
-124.034386
-674.9592
-44.858913
1359.3895
296.05695
320.91116
-162.66933
31.823086
32.075607
-378.1296
-1144.7682
-520.8327
136.15865
-108.04999
-1011.78784
-408.1904
1190.9537
1711.041
-612.565
1259.1135
-87.99312
-143.85478
-42.143246
18.359575
423.81345
-1117.0017
-790.8749
1110.7792
-378.47314
356.44397
1179.1057
-366.8275
-470.20938
1049.5604
-500.8871
-76.0885
54.902164
-718.71625
-224.65639
334.21344
-934.5781
-324.22302
-349.8204
552.5071
658.34326
-474.84366
981.3923
-756.65497
-509.70126
-18.4877
-1328.6719
108.80525
-659.4654
1326.0007
203.23079
658.9615
100.64744
-46.847076
565.4436
-157.67303
-293.24124
655.9853
479.67633
-464.88336
-3.0579262
258.29358
-746.2767
-403.0854
-277.2428
45.053635
-402.5458
-749.6346
-151.94893
-1136.3442
523.39575
-608.5296
3.2242103
-131.45686
-380.67175
496.30627
1148.2738
450.17337
10.081708
400.8669
870.6753
234.81151
782.3451
-264.41196
-1303.2805
-1022.8083
630.38513
-278.86752
649.4978
27.396254
-211.94357
545.2572
-554.99316
-217.97742
581.30994
-529.2887
157.99017
-322.96942
139.97375
65.25969
-354.14972
-1404.0074
-689.8808
-12.891163
717.20917
-730.40173
-849.13934
-548.27905
-686.34656
-639.2866
-180.93913
436.7068
-730.01
409.51022
-678.7777
-972.8945
-643.79047
63.999023
-434.47058
147.58926
-635.02094
352.4376
-166.80537
946.8781
711.5992
-728.74713
-101.14627
383.1371
-606.90314
296.7883
-77.32299
1107.661
-1007.92664
646.97314
768.1714
-417.31247
627.98804
1258.8727
192.7052
-107.29889
-1288.0907
222.78912
-1169.4913
648.8329
21.188137
1417.4908
206.42435
890.0125
102.50443
690.4402
51.220833
-504.64285
302.12402
-248.36931
32.664646
96.86896
-692.0817
225.5201
285.29797
-315.42636
213.22855
-555.52344
-833.0565
108.307106
-980.6916
187.98225
-355.391
1228.555
92.39426
-446.13776
483.24115
278.73355
1197.6476
-748.62476
297.8383
1253.1196
51.980095
-1158.3911
325.70593
-553.6202
-437.0547
-178.36618
-956.70636
246.79327
-276.4474
-1164.6256
378.1508
730.69714
-249.362
-238.40695
-423.09134
440.38815
330.45273
-237.73773
157.88232
704.7802
-1269.2382
491.3246
475.04724
-474.12204
616.49304
887.2116
-112.445175
79.653076
-652.97833
-183.40494
-2525.447
1013.7838
481.7742
-213.15936
319.4472
823.45044
658.1161
-715.02826
61.982456
153.57297
-162.48257
-906.56604
124.59126
173.72008
251.62183
188.02473
932.6786
0.39498854
-36.827057
-550.4468
-857.7023
-762.14844
862.2055
-668.9407
-57.30547
-694.66223
143.09703
745.1671
-843.78186
-57.62374
-513.41113
-201.67673
-323.22537
431.00992
593.95483
-462.43115
-163.53699
-664.91705
-665.0807
51.0212
764.93823
-411.48245
-249.9619
809.0538
-392.92117
466.55377
714.6409
42.578262
-801.11414
279.7886
86.078026
-382.74747
620.6967
-196.94986
-60.649696
1157.8754
639.5173
-127.07646
-1555.4241
490.62857
-150.16946
-45.72554
-687.7475
-268.04028
141.62117
512.0379
827.7979
-680.4144
374.4984
1087.2711
-786.3728
-785.74097
598.99005
720.86316
-872.14264
-143.76378
174.39476
-895.2533
-1011.60443
639.38257
1357.1904
407.56332
-321.00705
1042.0493
513.802
-57.919304
-47.45236
-264.4021
43.938198
-117.84099
225.90718
42.325874
674.17535
-759.82
-1124.7704
549.85754
-443.6248
250.80647
-271.26328
-150.18182
-726.9891
156.00021
-638.2372
-328.8072
-398.02963
-912.4778
799.7416
-699.29535
252.0524
-124.15713
944.61176
390.70358
1224.591
571.17334
-376.36713
-361.78915
287.213
-759.7465
-647.2547
868.0566
1129.1377
675.76794
-1043.9155
507.12985
1587.0947
311.24106
58.00894
259.17484
41.02777
799.6596
-834.6278
1276.6492
-348.54388
-630.45044
-156.64355
-34.463646
402.3274
1214.1163
-378.7631
-310.11154
-1038.573
465.4104
306.68393
770.55884
112.41265
37.759415
-1110.4093
-216.75064
366.67636
439.00598
-408.30026
-249.71095
1381.7291
-1554.2059
658.01404
772.6864
-991.48553
356.12613
362.0469
-752.16864
360.95013
-448.30328
-532.94904
797.49664
397.57822
976.9681
-19.802055
633.0282
425.04816
-246.68794
-81.269615
376.462
415.82343
-48.033787
826.4225
-27.64515
-1461.2782
-512.5269
-1184.5541
-448.42215
-1796.1653
233.50702
-98.32975
342.7807
498.5767
-301.9911
-590.79504
738.0064
-525.4546
-1597.6956
-158.30487
412.4052
-1.8320326
32.843964
-708.4298
964.89154
-878.6677
-193.073
1054.2195
-991.55743
-225.20119
-482.95062
1095.5984
-12.295421
528.3588
348.93433
-459.58444
-493.82153
331.86966
521.33496
930.0463
971.0999
-214.12038
-426.7981
605.3401
67.71485
-933.07086
116.987366
-703.3835
633.5766
-364.39786
-612.8174
-628.42865
-888.436
-621.2592
868.02997
510.4686
-538.02106
348.72614
-802.0555
1029.935
400.87543
-71.487404
42.24432
-422.58414
171.51051
611.91986
-1711.5767
243.5406
-139.34651
