-231.91006
183.17001
215.0238
-61.341305
-70.786194
-69.79929
-1.5664427
20.267263
-152.55328
243.13072
221.31648
-107.83727
-141.09225
-197.38924
-218.74753
105.31325
-140.46776
162.59866
44.71402
-41.967773
-2.4237344
-84.49349
-159.8295
57.17996
-99.40793
-53.507545
1.6631927
-115.01441
-268.82516
-88.98571
150.79549
-254.31448
98.96847
182.57567
152.38214
-116.498405
-41.408653
15.337482
-188.9924
-142.6768
-97.843155
-174.92476
109.54729
32.606655
109.349236
24.572294
65.0626
-119.551025
69.30974
-264.2715
-142.09947
19.599438
-3.151637
136.43849
-88.143036
-138.68576
134.42953
-46.04974
63.21473
92.78882
133.42163
354.6575
71.90855
122.02975
68.23542
-224.69287
-76.61945
121.53415
-37.20458
237.02339
34.324947
84.34427
153.86395
42.135098
16.8165
-239.4385
-23.260246
152.62183
212.04086
164.46088
-101.49385
331.3582
21.373432
-67.58163
131.34247
-81.33059
71.148834
90.36318
47.787186
-51.467693
-136.87965
243.1422
275.89133
-258.61163
209.04126
161.87607
-109.63274
-130.20981
21.684498
-130.80022
-375.51877
-94.931465
-105.284874
65.63163
-301.77075
-2.1223445
226.26968
-64.05349
-157.94923
82.27973
-249.6412
115.38107
178.33815
187.8904
-95.57559
146.39125
-117.93044
-78.00495
-110.913216
135.31058
-177.96799
119.98447
25.175446
-40.722485
-85.924706
108.541985
-184.60545
-92.60579
99.83692
200.95357
-72.55126
196.35405
-28.894165
4.5536556
-146.89133
172.0611
231.63417
75.45117
-67.87995
122.21831
-173.74417
62.45287
168.07079
32.661964
-55.568848
192.3209
149.34879
-95.90499
62.14019
-417.8443
194.25194
-197.53001
409.23694
50.683834
242.08101
-11.239814
87.63035
4.6177034
-147.57805
254.7979
30.83955
7.4776354
58.635014
277.64178
142.21596
-88.389366
73.46388
-33.299015
160.89516
-28.442947
-284.98645
22.396133
-228.04727
119.73277
7.040323
75.16267
-228.93184
384.381
165.32947
33.56292
-204.62057
98.178406
302.83453
-68.36866
-125.16362
-101.10163
324.7976
140.90083
4.3118787
323.47394
-14.433435
-132.55788
-14.680998
212.2824
84.537766
-28.682209
-37.057346
92.620804
-293.3575
68.32588
49.682217
-153.91742
-2.4301608
-7.4629393
215.88824
-27.207129
-141.57552
22.979834
-238.98973
-27.904179
33.642708
-12.21191
-218.79994
28.776299
35.961094
11.248007
0.56608105
-9.246967
-160.84785
-196.65784
197.98103
2.7137723
191.40102
-267.098
-17.88554
-158.64561
-212.92902
-272.6372
-26.132177
36.840057
41.91919
-132.8381
-54.379436
-91.54196
80.23495
128.67137
-74.52783
186.38326
82.15841
93.09997
86.82196
-161.31839
-53.054077
60.47118
60.663654
-119.84048
13.554615
-190.96953
-107.24442
61.083057
-86.585464
-12.59865
-87.84138
327.85226
114.57835
204.62315
-16.42983
-265.8121
-0.14106357
187.67918
-46.06112
-60.601055
156.298
148.94551
154.779
-258.9282
-176.12267
-53.369194
10.552004
-156.27553
23.842363
-126.13218
-157.37306
167.82732
57.326237
-210.34488
-39.556946
-42.057907
57.43841
-69.257385
145.77635
5.380248
-120.63699
116.01521
34.91204
21.162304
-85.07753
-305.63
-123.408745
108.45711
250.85683
-243.92822
130.10182
-44.843697
5.653678
-172.15218
236.1935
-50.85117
13.248212
71.388245
-186.44426
19.805996
-78.760254
-338.2748
-109.58016
-325.36295
-9.4095335
20.163832
-86.030205
-41.088593
-191.115
32.397823
227.29376
158.12611
-266.77637
144.69556
114.617065
19.928728
-1.5692271
-5.836848
-2.4543488
-128.60225
-152.14296
8.255026
85.41039
-39.318394
-143.97382
201.74342
-45.424927
-41.886837
-297.0853
-211.67064
-131.7843
-61.230175
-35.450184
62.932865
5.776154
-134.39287
168.1146
271.3346
-139.51186
-100.89505
-258.086
-105.12108
-119.796524
3.3707585
-39.256668
82.68942
-112.337234
18.87245
193.3431
-53.511593
-14.615506
114.34954
-52.416718
75.386955
-213.4122
-0.14387703
-117.27529
-323.504
-36.344357
130.56705
-172.16435
7.214594
-225.44415
171.45619
-75.59704
-60.95965
-185.32283
-81.30423
116.05322
-227.4122
226.49562
161.48495
322.9787
-2.2578006
-56.321968
161.28905
4.597459
-100.642136
-52.836758
-276.98593
-312.57822
-49.755714
-117.411354
184.70857
-2.0448194
-230.88554
-196.36398
-21.848427
340.26175
-36.561813
-161.82567
-87.86815
77.90241
87.735596
56.42056
369.6558
-23.55966
-139.36531
36.25351
106.86471
-94.80012
-101.58815
52.870537
-140.55132
98.31197
-52.246758
3.4043043
195.5195
186.25008
-64.38498
-64.599915
302.06067
34.31471
90.87909
10.631599
-52.47792
25.961409
-35.669292
-222.54704
114.77753
-115.80604
-201.16257
-244.32884
115.53179
-68.139275
1.6380571
138.90651
7.9782095
-0.9247453
-99.368546
58.645096
79.79692
209.20856
141.13823
99.6678
-260.96274
51.855503
-99.619576
-62.84126
239.77798
145.84056
-155.92662
-92.975266
-16.6325
72.98542
-264.27097
23.004328
22.007877
195.08418
177.9204
9.311475
-102.24378
20.772823
39.182446
-79.80965
311.87125
-217.91101
-84.69049
25.3222
-125.7988
160.3702
-82.29022
-389.28125
-217.58447
70.16524
352.88766
-283.85617
112.96954
-115.65945
65.32238
112.919556
220.5088
34.42821
-196.98608
-71.40916
50.190716
-24.915287
-107.52654
99.27301
-319.69946
-181.34373
121.52009
-164.7501
35.80145
189.99509
196.09335
138.64742
-181.39366
-206.6293
30.560106
20.390379
111.87022
133.66183
220.43968
75.05733
10.73373
223.32535
-255.96341
-6.4798594
-132.81375
-4.753109
-27.344198
25.33664
-104.93848
-20.386486
272.98587
26.13182
70.81507
-56.944542
-111.85397
57.136024
-51.721943
56.125816
-209.49155
-34.800926
-41.382965
-47.84845
221.21075
192.89148
62.80014
-147.97754
120.11094
53.550816
65.21516
-7.3642936
-0.26871264
-11.146442
-40.23178
-92.84901
-54.791916
22.131487
203.44891
-109.84444
-18.813158
-6.0675325
-62.770092
-39.653206
-15.173091
-96.65304
251.71626
173.09688
-158.67346
-37.00029
-54.535786
-43.467678
289.3719
-20.543657
80.2441
-230.5278
-41.11808
-143.06885
3.9858787
6.4248514
54.238834
-48.64686
60.79757
-38.607418
-88.25052
-6.066752
-274.55508
-56.266056
38.576107
69.30846
-136.23
79.64744
181.74211
9.962175
209.52115
118.57585
-166.7986
199.28601
-187.54927
14.892178
81.084206
19.657373
181.02061
100.49571
-82.17536
11.923402
-38.011917
106.438034
-180.55876
117.33953
-0.3717997
-71.53136
158.90257
19.207928
-115.23159
77.43751
-116.49412
-106.73575
-86.079445
53.52817
-78.38338
149.4144
-14.903827
-66.45733
257.68152
-41.132114
-80.11967
78.91877
63.058758
247.89757
-6.1267576
-188.10837
-28.339626
-257.51108
-295.62653
-32.193256
-216.29376
246.65392
270.3659
-14.182857
-270.62262
-24.0805
156.14433
269.90762
289.07797
56.705387
-90.9232
43.753265
63.280167
231.10593
-63.06833
101.19549
0.09342635
52.4176
277.60788
-122.21384
-70.0541
-48.18913
-149.9357
72.27982
-59.239418
120.48591
27.855326
125.90155
-69.723076
0.8490789
-65.70381
-22.5762
120.40171
64.52995
-302.4916
58.33218
29.999123
