-171.74304
-432.0761
25.447166
-53.727028
269.8358
156.83766
197.04321
444.34244
-146.36746
-154.1
273.837
-250.67703
-55.28923
352.40878
-100.357185
-446.9434
339.1195
-149.37138
50.338486
-99.04873
-575.4075
135.40157
179.85825
-473.03687
-90.62942
64.900246
502.93292
235.37314
58.49447
254.37662
-22.916174
-139.40799
-107.03528
-155.75575
46.648045
413.03452
-145.60262
-251.66504
263.35068
108.94232
188.937
-263.1466
376.08597
6.6473627
-158.97575
158.72234
-238.05998
40.034225
274.3324
150.19228
212.16594
-35.26895
-247.4127
-180.02637
442.39786
82.87484
151.3772
-51.410084
-193.71008
-116.061386
-48.60045
-58.61957
-258.14975
290.15063
-262.13043
298.8559
74.016205
43.94422
-204.63745
14.444617
-192.57697
-325.2329
-133.75696
-173.89723
188.12463
294.4272
-340.0605
287.13553
184.27936
-232.24664
96.242325
29.852787
20.270649
146.57298
102.01361
245.11293
299.98447
-392.95178
265.2146
-130.65169
44.20628
-18.675222
387.70212
-196.9479
-121.89129
430.8132
23.739185
-2.1296954
-148.58725
490.62784
-301.19727
29.134829
-44.626835
95.99613
-40.398846
228.07806
-93.327255
-49.484737
334.76776
-383.5442
57.860664
-569.78503
-29.954487
-46.51959
109.13228
-392.7124
266.70435
-29.822447
135.63521
-123.505165
-41.615185
254.14838
-129.51076
295.82214
-177.21295
415.51385
-273.14325
171.17566
88.96531
618.6208
126.8288
-37.039158
21.517508
-93.3843
90.56448
-45.339684
295.69882
32.767452
206.69377
-9.1703415
-353.86276
-296.7819
9.446605
156.77429
97.6722
82.89287
27.445185
-95.33351
-165.06775
193.15723
572.9891
53.249043
-76.33345
-32.518528
119.03158
13.020029
191.0529
162.52419
279.87354
-13.149068
-32.797604
171.21535
538.07434
-44.27861
319.43936
-426.1737
244.21147
374.438
59.82714
-104.34488
196.44804
-131.71436
51.00441
275.5613
2.1197681
-267.7543
410.12317
293.57678
369.32516
-179.15286
378.90305
211.57257
9.009014
43.929302
-149.37895
263.39716
-428.18976
61.77475
124.06025
-86.94639
-126.539505
247.3991
-127.02286
283.8532
14.863857
-122.769196
200.02579
-395.01886
-377.3891
229.12369
-10.754788
-165.50452
-22.937239
246.08989
11.067034
-142.69826
-216.92172
338.9302
53.320084
-14.994937
356.75433
178.51364
-6.963365
-106.339775
188.93983
-7.0339417
-233.01755
-289.7256
85.5073
-151.30528
13.61595
350.55814
-186.35991
426.7022
-339.85855
624.22754
-248.69695
306.68243
-445.1581
313.06155
-157.90921
199.24886
283.6082
120.8586
-356.5125
291.78534
2.764822
-180.44313
282.7356
368.07718
-75.28325
-628.5073
193.40868
456.52042
738.4173
89.106285
-268.57272
0.7835791
335.00305
-218.93959
209.80762
61.025604
240.05795
220.22507
73.282524
136.65524
308.9799
139.66656
-163.6732
-234.3385
374.43646
-198.29585
-66.38484
67.070694
-268.0645
-60.067
285.55832
-135.31288
-3.0976605
286.3256
64.35765
160.19711
-48.193653
-30.7516
-292.60968
-145.43314
118.90839
-33.042744
-47.565056
-254.1012
86.53519
-144.40204
-46.4875
-87.38117
520.59467
-197.74261
267.20544
-353.68506
-13.993782
-344.20267
368.54398
-263.96167
-76.38489
-56.313927
-124.62909
-172.16669
189.64032
-108.15426
116.65114
-149.05122
435.67642
-40.335827
-329.62402
5.1707478
178.45918
-8.257502
-126.05367
-250.47437
203.22244
-33.589348
-95.136116
-170.06879
-39.997097
-375.67633
-221.23776
-111.603165
110.67285
-31.570662
265.62997
268.77118
471.27762
-19.489405
-132.0119
139.7702
30.183735
-115.226906
-74.4813
57.263382
153.11615
196.49666
88.79901
-355.00427
-308.98267
125.2401
-279.15866
-172.28168
69.04645
28.49814
114.75607
-134.98758
-54.003708
-328.34058
-223.2981
358.99332
-209.92581
-11.135269
293.26083
472.69455
-383.57608
-233.9875
-5.132615
-258.5896
-156.7682
-205.23595
-506.07452
-69.89995
-343.88593
65.622116
129.24466
-416.05853
-3.608521
-119.831604
-20.311953
-246.74907
371.401
-358.79266
-166.93489
150.04749
-217.91106
-207.34412
139.00325
6.317393
-266.32394
-149.69206
-96.619156
56.4411
-309.35373
255.48053
11.426726
-2.7646937
-188.51741
228.91608
298.0167
82.08102
73.4273
97.855385
321.18018
433.43616
325.52448
-129.99512
315.3216
24.310963
383.12823
220.7565
-119.74672
-222.4451
307.70834
212.4751
-232.60027
-302.46832
-89.01981
172.44543
274.77402
-47.51013
234.89326
43.1449
-416.99222
-85.89379
-169.8023
177.63245
80.96137
43.216564
77.31768
199.34929
-203.98709
-80.26046
-338.83737
-107.16274
-217.0107
-55.973755
-45.50154
-61.725998
-78.83414
191.6265
-404.84732
-29.29033
-257.35013
-250.80138
-152.75017
37.536285
-37.850323
298.51752
-236.30028
354.84958
-206.71466
143.09065
-38.781666
-50.21572
272.69077
-242.03355
42.54368
56.975185
-83.18751
88.77361
437.5624
-128.98547
-193.7944
141.70432
122.38371
136.16257
-290.72736
-157.57722
-302.516
168.82465
-24.380352
-169.72136
60.832695
-127.516335
-198.45941
-451.48935
51.202255
-407.4054
80.83023
58.559948
-245.93205
392.8706
-179.86258
113.76086
16.487059
-343.4917
-106.99276
135.43813
420.86578
-60.264523
-113.84341
-26.333342
23.945879
-82.324066
45.482235
261.87866
256.58252
226.27077
287.19333
-39.04962
-201.38155
640.466
140.70326
-89.70669
-294.0832
-297.14197
15.983758
-72.58633
313.40604
35.8251
221.34468
-333.06967
-162.2695
-0.65205145
104.57976
205.67958
422.10577
-111.23634
-38.713875
-409.19833
-352.0631
-294.1336
-297.20285
-306.26495
102.78067
374.06677
53.07983
-64.58403
131.51344
-287.13394
-401.7121
162.42073
-43.13766
-261.20886
24.440603
15.159509
-379.60236
-170.30594
152.4529
-6.608404
-167.8869
286.06177
198.25201
39.69573
-107.9249
-7.203749
-271.92798
297.793
-305.4268
19.979712
89.14776
-219.5127
-58.335167
-328.78983
24.509352
-128.82178
-108.0002
-278.4025
184.57947
99.432655
-316.0407
-112.177025
-129.88605
-336.55414
60.10246
12.101845
205.73442
407.7218
-132.6223
-505.6237
-196.26971
231.76543
168.26956
-75.27164
-85.86839
89.87116
361.5651
13.599495
78.11794
330.33783
397.2047
76.12767
-1.0149183
-152.77837
294.53488
-181.19455
-16.786526
-267.2789
-345.33017
-254.47888
29.68814
-232.72461
-110.50056
-57.71227
-342.9741
33.235413
-272.97617
-1.9033976
239.44655
338.87292
-139.41718
-142.58453
-292.49274
307.90573
37.29054
96.98828
-181.87962
29.017603
95.96376
-22.412355
74.24542
5.7157297
-165.74663
-441.10345
295.0845
1.3302379
227.81783
129.9319
201.1051
-39.62849
134.40607
-16.839039
-409.71915
-351.8281
68.98792
101.384926
235.68027
-158.18883
-62.89892
113.593605
426.7687
-121.1363
401.82654
20.1334
-243.44139
-83.58514
-459.14313
330.61475
155.82645
-65.5934
-310.8133
107.93074
203.2481
318.7582
271.90018
246.65714
-76.97927
-140.15997
426.01428
11.361662
-58.323532
176.3274
-44.671772
-66.515335
192.24657
-11.577236
51.408108
145.77248
-216.34647
215.64995
70.68742
120.11432
-502.43448
73.29545
