-98.00248
-301.04318
101.60809
53.812664
222.39403
105.507645
130.34766
428.25714
-183.28491
-121.341965
297.16675
-316.0389
-60.01965
367.68475
-131.30481
-319.5173
218.48969
-133.08296
39.950058
-145.92778
-322.0946
211.56013
115.17819
-452.3588
74.35934
0.5087509
402.80383
318.59967
57.65406
114.944916
-59.33857
27.788177
-177.7233
-155.92809
60.911686
292.22702
38.76351
-261.28754
201.49767
195.89888
201.42482
-278.2829
399.67816
-26.773897
-212.66685
160.23727
-159.29422
5.552166
271.04733
18.874586
187.27972
-105.07415
-91.82327
-131.94608
206.72693
-14.705654
106.6254
67.3173
-77.370316
-90.72688
-123.29472
45.75804
-248.12157
284.131
-330.77527
431.80817
89.55253
217.2905
-180.54674
-26.277365
-117.90252
-298.26425
-73.29263
-117.95108
184.48004
276.0413
-193.47859
373.77747
203.78146
-254.10168
263.7779
58.34993
14.5294485
46.975513
-48.23048
280.55075
227.81499
-482.99857
299.3222
-71.261375
105.3419
69.228035
403.722
-221.66197
-174.63448
420.93723
72.752525
86.10808
-45.610878
503.7508
-73.45523
165.03575
21.070477
14.363827
63.627247
130.70262
-38.990364
-115.42694
313.5889
-286.44873
19.240475
-451.34677
51.116093
17.94784
15.104253
-404.6069
290.407
-86.88858
115.252335
-116.84008
45.43616
166.5657
-232.2735
201.94322
-107.82406
445.10333
-103.31252
197.24538
85.801155
299.29703
236.1907
-42.391983
164.55748
-102.2746
72.15976
-178.01901
222.89148
33.796036
393.87067
22.377342
-279.9287
-322.01895
-16.581041
196.56534
102.28312
-188.69043
-71.60693
-137.88129
-249.43886
146.70491
318.73834
-39.632874
-3.6141596
86.171135
189.03209
130.61671
83.469475
259.49307
91.39286
-77.25299
-224.34608
86.10605
526.36926
-104.68777
265.44855
-184.91306
298.20883
387.98224
16.657827
50.628075
250.91978
-170.06042
43.20492
228.09587
207.47052
-194.85858
256.47223
284.65735
259.02805
-322.7728
298.3049
313.6362
-101.135635
-73.862076
-234.59914
150.33604
-462.22748
-56.201725
219.03056
-52.906578
-57.614162
242.21782
-139.03903
282.43237
-213.65701
7.420532
198.56566
-373.54367
-176.11507
216.89787
-84.506584
-120.1573
-104.22946
31.294641
99.918465
-2.6079273
-312.39023
287.97467
90.10572
-70.25294
329.53152
194.75356
-114.70157
-92.202126
165.24617
-31.939516
-313.86526
-25.327349
44.770927
-119.74383
-68.983086
224.51495
-199.97044
379.62167
-286.6458
599.6111
-332.37823
225.3547
-402.5016
328.3979
-114.01665
70.59772
199.97867
245.02727
-414.7509
244.2102
76.299164
-185.42809
234.7053
315.92233
55.505447
-620.9889
183.1983
500.2365
592.36804
89.14394
-183.97005
67.11992
410.88824
-173.05913
190.31958
-32.093517
144.27544
163.72925
115.49455
-45.974293
171.8397
39.351234
-144.75092
-263.831
259.09784
-91.99396
-94.06577
-33.520687
-215.12128
-39.79492
81.25227
-100.221596
40.04415
249.40164
21.327803
78.506096
-0.82325244
-103.5421
-292.68967
-68.42385
32.121758
-4.9808874
160.37935
-194.46494
8.138534
16.080566
20.423447
-66.9909
614.3004
-129.69395
198.06647
-410.91757
127.89073
-381.39557
454.84317
-224.06671
-194.9513
-116.02116
-159.02104
48.61999
285.03177
-118.32238
132.54774
79.00645
441.10312
-55.311337
-155.78616
-91.34876
170.63495
156.39719
-20.466078
-230.48619
241.93971
-27.010975
-34.20508
-324.5159
54.824375
-345.1228
-181.22864
135.52989
62.378273
104.618996
224.71082
182.71973
315.42905
2.6123288
-171.54594
168.39389
-16.125793
-204.96889
-113.4839
168.2903
28.429556
156.81456
41.113842
-255.12654
-276.12665
33.95836
-159.13301
-147.52193
209.64738
161.41093
-49.30801
-126.31668
-1.9384044
-320.9176
-143.7849
282.37137
-68.63344
-24.140299
324.04
488.79306
-260.71664
-229.62357
113.579544
-267.43564
-4.5505056
-90.18963
-452.3524
-98.215256
-334.39862
15.181293
147.26457
-317.76932
58.93537
-80.01415
-24.411196
-203.62175
346.94513
-124.67005
-81.73323
-66.22853
-22.784855
-166.71269
265.30164
-13.502965
-287.3516
6.7298317
14.101845
1.7205292
-203.06714
181.7974
-37.38653
19.957527
-124.40081
138.75928
279.09106
126.31212
-45.856243
133.60497
80.06112
222.29599
285.8186
-197.7178
355.74808
-42.69204
336.44162
177.07332
-31.084623
-149.97507
272.99466
29.511145
-164.39536
-278.586
-120.80257
150.15083
169.55632
-147.21838
249.66519
-0.37287533
-376.46292
-61.038715
-43.5824
194.7943
14.342234
138.83278
84.74318
181.68489
-224.82253
-214.5763
-174.27649
-113.01461
-213.7989
31.672453
-238.65561
101.36779
-1.1509038
190.22931
-331.69257
75.81574
-332.78113
-152.86917
-324.4019
1.7450402
-156.94638
286.1283
-33.64732
348.65735
-212.88968
-15.833965
-167.09541
-57.457375
32.098755
-32.2056
11.198135
-25.433025
-250.23683
86.12303
227.8773
-134.10738
-163.12766
104.16339
165.4275
34.82084
-342.84695
-14.814063
-234.6178
77.17616
-95.89718
-147.95122
146.21599
-150.83813
-411.34332
-508.81656
47.61623
-125.631386
61.356857
-33.753212
-249.8979
339.86032
-322.51718
99.05754
45.251015
-242.46904
51.000824
55.631744
365.61044
-153.01512
-121.42905
26.203657
-147.45688
-109.55131
-55.869682
351.0091
167.97389
156.16925
285.97546
81.07644
-218.77933
483.79706
58.24208
-141.12619
-302.50372
-372.65234
11.606099
2.8874846
250.72154
97.150696
240.07144
-197.18834
-381.40262
11.915951
-3.0346258
48.720764
342.0563
59.16478
-33.73976
-314.69522
-326.48343
-391.4045
-276.79437
-410.46936
-17.423138
331.00504
34.63445
-174.35925
119.00951
-418.97122
-395.518
164.45119
17.891619
-187.42725
95.46774
-110.78852
-282.35474
-59.037357
17.954422
1.1520355
-222.93196
204.8434
62.490936
-41.55591
-13.138723
-196.7457
-219.73961
177.58626
-297.32538
-18.060766
30.930058
-265.8623
16.644114
-321.88635
9.371059
-105.94154
-50.07631
-211.03741
141.93234
146.85535
-331.05847
-85.64674
-134.77142
-133.27357
218.57458
-29.222435
73.44642
233.11491
-37.072826
-396.6026
-155.8096
172.08658
47.183735
-190.78441
-108.320145
119.69075
342.45868
74.30655
29.542
194.58101
300.854
159.5192
-107.13763
36.392925
221.7071
-182.7954
34.850132
-185.96494
-164.99684
-230.52257
-96.807365
-249.29135
-13.625511
-79.97344
-448.65536
-100.277756
-121.52
203.56097
230.42276
320.70682
-93.28748
-35.86462
-221.46307
192.14154
112.83313
153.24368
-28.927975
-119.57844
66.57458
-60.478527
-29.120502
-43.866734
-34.238
-474.73022
234.13588
-40.537853
174.97928
86.80766
106.00021
-99.722244
175.15034
78.32537
-253.54015
-234.82385
54.404823
109.02454
117.40921
-11.749455
-2.4569545
266.73373
372.1979
-187.30754
499.36484
-104.05059
-209.0359
-158.50662
-414.2637
322.31393
87.45518
-43.83185
-253.17209
111.69531
133.9396
99.02956
222.50282
217.40628
4.860965
-69.75436
332.16635
-203.2826
-93.79666
227.31822
-43.462204
-66.45757
36.872803
2.7005122
81.08597
94.7592
-167.71783
194.58736
67.35876
20.94471
-417.92245
134.83246
