-84.48418
-309.38992
93.86474
87.905106
201.52534
120.00084
58.479923
437.57504
-220.68494
-128.66045
335.51102
-305.64243
-14.6092205
317.3354
-148.83864
-340.8238
180.82108
-106.44134
26.897135
-130.16621
-337.21027
204.25919
90.126854
-460.96072
50.418045
31.524214
348.5408
286.5103
16.57128
135.62881
-51.244152
41.706364
-231.28575
-191.02054
65.83511
262.75076
19.909498
-251.42424
160.13625
181.60167
199.96481
-222.75372
398.44363
0.48706865
-209.0846
157.35068
-185.17967
43.983612
261.71103
-15.61889
160.3972
-93.32214
-75.86986
-90.15925
161.78119
-53.191143
160.62978
79.60483
-97.9846
-109.93393
-134.54121
55.302166
-222.1461
277.2958
-278.9677
398.4982
88.47174
229.39603
-181.46063
-27.032476
-94.10763
-258.51157
-64.439186
-78.13712
136.465
286.03217
-284.59998
314.61044
148.69447
-210.6191
254.79297
65.035515
35.203407
56.854267
-49.976494
293.74405
255.33994
-516.05676
226.92076
-128.3803
133.27162
62.68436
457.3469
-238.93802
-55.250042
455.1251
118.94846
80.10817
-18.015947
497.20657
-112.08577
190.47043
39.001453
16.708666
11.856722
174.46939
-54.163845
-118.989075
353.8843
-287.75507
37.757423
-457.22964
112.36327
-29.079563
-34.246437
-424.11884
273.01733
-130.53618
112.80125
-149.39221
-9.783908
157.86646
-268.14954
205.45885
-112.296165
473.74203
-167.46822
214.35947
107.52726
249.60883
162.36104
-94.89891
147.56403
-59.60505
56.145813
-158.42203
263.66748
46.76826
409.91245
37.05223
-221.04968
-312.66327
-13.839794
195.3863
48.41924
-146.37653
-32.07363
-90.32342
-303.76477
113.68716
261.60828
-32.45754
43.205727
74.19083
201.80025
98.18255
98.21589
280.80652
148.71419
-63.66145
-252.10173
61.666206
563.516
-99.89047
285.9951
-184.8018
267.05994
396.63937
11.960947
133.79326
271.00854
-229.12195
72.639145
184.3459
249.79884
-211.36838
316.01758
253.1055
238.17482
-356.04904
323.32687
329.64767
-116.63055
-112.43495
-254.95648
121.18576
-490.86496
-106.078674
218.16379
-50.974766
-4.9243207
149.17278
-91.16656
228.41109
-177.26253
-28.908867
167.49959
-368.7815
-195.72835
188.591
-175.04106
-71.29743
-28.099117
37.252213
103.335144
-69.01751
-313.64743
256.1001
79.0898
-58.595425
351.11526
252.86035
-106.911644
-49.65645
162.60266
-15.728613
-294.21176
-44.493896
88.02584
-65.60518
-54.590122
208.39359
-239.25217
345.46817
-244.8511
576.18915
-258.46747
235.70554
-402.01898
293.74307
-126.463326
95.723915
218.92152
286.33755
-449.7512
229.06793
18.54728
-168.1533
197.44804
313.80484
74.58935
-630.0831
138.28906
508.93814
596.116
80.24246
-173.59839
73.269615
421.00763
-99.10215
143.27284
-26.357153
187.09175
181.75307
200.60089
-43.540894
185.25716
12.86968
-149.27585
-267.39008
221.98654
-126.63544
-59.162273
-43.862804
-199.16153
-38.736237
82.06802
-140.56883
88.94283
185.47588
-86.110176
61.808605
-37.21739
-107.7129
-304.58435
-91.09825
29.530142
-34.364162
172.98132
-161.58629
5.6341877
28.643225
38.715523
-97.880974
560.27167
-150.74619
263.48428
-438.91577
110.056564
-372.38757
454.4884
-181.50546
-149.58684
-114.58497
-158.02902
-11.363216
298.11566
-177.75334
71.37874
40.64849
419.34402
-56.009354
-166.99551
-107.07074
227.10052
197.43945
-35.25768
-240.78706
198.79199
-38.090916
-7.618018
-300.1988
31.781227
-304.47098
-231.69994
101.266
110.127594
98.3844
178.38724
164.58478
276.87515
20.27885
-187.20128
211.79073
-6.7897205
-183.771
-91.816185
247.22998
-17.801928
159.39314
1.1713877
-247.17378
-305.73502
18.124454
-200.32082
-137.28474
175.3988
190.20885
-83.32991
-73.43661
15.656429
-349.64276
-96.02059
337.4596
-74.98553
19.445301
333.74213
514.81775
-259.2578
-225.7968
118.15467
-251.5997
45.054962
-128.09718
-451.9697
-82.30545
-331.16824
11.898301
150.58853
-247.04337
75.11139
-113.88859
38.76967
-217.5299
357.6187
-121.37219
22.866251
-71.34188
15.119118
-170.98909
243.53471
-64.44538
-247.1714
-2.2804184
-47.908344
48.275352
-216.17256
200.21844
1.5497406
54.900585
-135.6834
149.27892
266.06915
81.93823
-20.148851
142.79208
50.0003
182.55936
287.12427
-122.58706
323.45517
-74.63312
331.54117
207.81395
-77.517395
-157.58623
314.9946
49.93639
-99.55693
-264.55347
-108.65629
114.496086
137.66281
-116.14477
235.29959
39.438732
-365.4156
-89.584274
-36.323227
161.84584
-0.7142769
72.151855
41.526283
182.10278
-222.71951
-192.05695
-170.44417
-64.442276
-167.32072
43.031204
-198.33487
80.45314
40.435505
240.84245
-303.30408
18.137014
-360.1492
-170.38948
-305.8855
-29.012394
-101.212814
306.8808
-88.7115
296.7961
-213.12
19.72908
-153.35815
55.27259
69.81189
-71.92049
14.121616
-55.24746
-242.80986
69.33737
202.55995
-68.37891
-147.16885
124.34179
154.42305
36.322647
-353.434
-39.30616
-202.1908
99.80419
-124.795074
-150.86627
131.45807
-137.17818
-375.75027
-510.17758
9.7817135
-169.11163
42.448254
-5.759082
-272.46442
333.21445
-275.3611
117.19856
142.18286
-242.18968
24.952398
122.50804
349.33606
-145.23141
-119.1248
37.72414
-178.23082
-87.31341
-68.73666
373.48355
144.92374
166.80145
340.28622
129.34465
-165.01372
535.7511
49.195026
-171.27017
-211.00668
-397.2631
-28.47628
1.7540433
236.58536
131.35576
212.69505
-174.7415
-368.2374
22.543167
39.65464
73.749626
364.77405
48.61472
-48.592106
-312.71667
-312.1593
-340.58136
-233.36049
-418.75867
-56.753296
345.44614
44.44498
-147.39574
66.05874
-421.34775
-324.67004
139.58455
40.017365
-128.80228
108.08139
-140.03818
-248.84888
-72.11696
24.748701
-6.347225
-216.35713
211.6852
65.784294
8.95786
-67.27401
-176.14752
-191.65271
101.08506
-271.52127
10.97493
22.614168
-166.05621
37.059155
-329.66708
11.971874
-75.51937
-3.2731316
-184.81873
151.89221
89.00798
-369.5732
-86.31846
-98.28485
-169.39223
154.59007
-54.331123
125.842804
208.50795
-60.06659
-338.23135
-156.29082
169.09525
-16.558506
-194.65387
-108.13042
89.7466
357.2687
63.46146
80.2106
228.9448
268.21576
112.130615
-86.768326
23.794844
162.71902
-207.87413
36.354202
-201.44371
-122.70601
-171.57169
-35.078297
-320.71838
-14.659063
-41.34167
-409.8294
-147.33116
-105.40511
262.70813
272.4535
255.96431
-88.10197
-108.62996
-132.701
201.52779
128.9292
151.75684
-24.028936
-19.802313
55.51697
-34.067284
-56.54855
-63.48691
20.038877
-502.07162
232.33853
-63.832603
146.926
116.330956
180.17308
-22.094204
174.67236
114.227905
-238.13936
-212.80165
68.67222
158.507
94.10373
-2.0828295
39.548965
244.68529
461.53345
-197.47354
436.49768
-94.49748
-177.09521
-124.67447
-364.9639
338.04758
91.969345
-50.19003
-255.37398
97.49299
120.01947
174.6779
265.22064
214.53862
7.6072063
-27.431711
317.83337
-253.87189
-123.54252
204.96101
-84.90244
-83.43684
44.745693
-30.54258
75.58602
98.83282
-114.07522
171.1752
139.02719
19.897644
-376.1643
148.88983
