-3.1461377
-73.47208
-166.769
117.51486
-111.66457
54.897167
-131.8496
211.53316
27.388657
-31.240547
182.28244
-32.71422
160.67545
24.878546
-158.41501
-88.88147
132.30843
-1.8950331
-38.611843
-248.16806
-129.21646
63.344734
258.2011
-121.589645
50.03449
110.07152
198.34799
81.31659
88.914986
-2.4136012
-16.618658
12.007385
12.36145
-63.920097
-41.218174
-30.66516
-180.74167
-183.57814
150.61902
11.663946
57.50381
-3.7117128
396.58347
21.511204
-284.93298
245.28268
-212.87784
213.48529
27.948101
102.499725
236.5393
20.495808
269.00937
-88.30452
114.854095
-244.72058
50.398914
-89.7121
-1.208054
-80.48066
-90.536476
-71.220024
-21.365
-31.114891
-5.526786
176.42444
50.781185
114.465324
-79.53354
-51.168747
-12.072169
-18.959274
44.555073
143.65031
-80.83766
110.82113
85.40308
40.258915
-56.009995
-46.89291
-56.268394
260.40445
128.91339
75.957245
104.49544
4.6891403
-3.3436933
-296.1107
73.40767
-192.82385
8.692766
121.165535
236.11754
-84.87676
98.83273
46.790688
-41.539284
136.71025
53.56365
163.98561
-87.8685
145.25256
68.77905
61.775818
-114.256165
2.126571
-69.712814
-49.27233
189.70749
-94.59626
92.18711
-353.6454
184.19687
-80.21706
-24.256052
-92.99291
137.6958
-64.04693
37.552227
-122.11274
255.27792
45.163033
-42.371758
156.85928
110.319725
245.51234
-47.282955
38.52431
-55.900593
147.16531
-97.654655
-14.451101
-108.83565
-61.810753
-7.069928
-73.93564
134.0098
22.086437
145.32571
-125.74741
-203.68777
-171.8556
89.22476
232.16264
102.92899
-152.7943
-40.07119
20.176182
-160.65149
131.34724
-47.578197
13.964428
58.12356
-54.09422
188.10211
59.199593
101.10305
-46.96046
-11.521626
22.109606
-64.16603
0.12718081
287.39203
-235.52676
108.04558
-47.10909
145.87352
91.5499
28.80714
-113.88064
3.5365887
-223.6845
132.40408
149.70483
258.12982
-228.89783
164.1366
163.88391
63.478615
-64.709206
-21.071432
295.63065
80.97266
-109.4211
-244.885
-187.1543
-153.37354
336.33273
175.82132
43.594257
44.95731
98.53882
-42.103832
91.10592
-56.341774
-106.59337
46.84739
-132.27338
-88.920715
21.39952
88.93087
60.75501
-53.64834
-108.46152
-142.92986
-64.19983
-187.0378
118.27044
-44.98134
-40.677834
6.5568504
94.29043
-154.90894
-74.40583
-68.77274
8.351042
-58.070156
-80.30477
48.8356
93.44894
-0.96348107
210.13872
-19.913488
18.992943
-89.81186
213.88142
-115.2479
189.91058
-72.93495
44.898575
-35.28035
-79.97796
169.64635
295.74957
-159.83234
139.61034
39.09822
7.4545393
12.166033
157.31265
-83.70853
-367.4515
94.60122
189.09044
378.95865
-52.170414
-40.756657
183.33559
279.81198
91.69728
-9.605641
-177.84119
53.791435
-7.3093314
-45.96297
-166.84276
152.63014
-64.63032
-0.9471761
-175.384
39.046337
-0.46954978
-40.91266
181.38962
-93.48871
-59.863857
95.387794
-144.72765
-27.016489
181.76654
-4.1852517
176.042
-109.82137
-93.28498
-185.08562
11.535996
151.07616
-52.098488
113.81871
75.73898
-49.41212
-145.75726
53.44128
-92.870705
321.09525
-140.49399
-75.260994
-253.3521
-48.571774
-244.36504
153.45203
-126.49495
-23.009527
57.052723
-48.031475
13.362812
106.52696
-119.66701
72.66685
-92.945045
87.735016
71.44617
-24.279064
-51.40404
59.718647
122.29221
57.297993
-50.50123
86.95187
-111.35114
117.22947
-116.93862
-73.56959
-30.366152
-186.722
148.26523
124.03328
-59.419296
136.25807
195.63051
49.298523
119.17361
-47.731274
-45.603912
-72.552155
-40.484795
16.254858
3.4244466
147.68315
84.8479
-86.87576
-26.217972
-26.287037
73.72466
90.44806
-125.49955
168.50868
-79.34566
-48.953342
19.309725
-73.21449
-88.64759
-60.289543
105.71386
-78.25885
64.280365
33.140675
252.82098
-137.61629
-80.62497
101.08104
-322.65265
-116.64507
42.12478
-285.19382
32.195076
-249.95349
-191.38602
-41.725407
-152.79181
-10.983802
42.062412
-36.41888
-294.15912
195.92812
-137.0246
-139.39847
50.95962
-110.13079
-143.37263
125.19412
27.963781
-33.38106
-72.19595
-162.6406
-173.89401
-248.93678
182.80121
-35.98844
-99.29662
-75.81026
125.181
-2.270338
-165.8236
8.8360405
9.149518
-0.64907944
93.01849
108.63315
16.524096
-11.626239
-267.5652
249.30263
71.26543
-34.42373
-50.725533
73.00025
183.72905
-74.690765
-187.39952
-67.71766
64.61787
169.92331
-138.40018
206.82565
15.080357
-124.32928
-63.279903
75.49576
74.3927
-62.45908
46.968094
58.604237
74.08146
-162.19775
-118.31693
-49.99368
-75.599724
-21.876938
0.98824984
20.067924
165.20706
-82.64028
215.28107
-179.1179
-158.20427
-116.819244
-165.90906
-91.8415
49.408287
76.35345
239.23743
66.45118
152.0734
-216.28752
-86.16258
-105.21926
3.2585304
104.41251
-2.135427
123.94916
12.774991
-150.56148
-102.52795
224.96153
66.52105
-222.71187
173.58804
70.21175
69.150085
-373.40823
-153.22377
-116.97055
4.403911
-32.097176
-5.019247
4.886833
95.64041
-67.12267
-182.32222
101.43135
116.65123
-118.44172
43.742382
-378.29007
59.34965
-165.33997
62.15824
-47.520996
-117.39124
-166.4404
-99.35659
190.67407
105.09209
-30.10686
116.29712
-211.06862
-31.36519
-93.69414
202.23921
-17.420408
225.06326
252.8636
233.85121
-154.27263
363.2311
-48.715553
115.15876
1.8245907
-120.79801
-2.9928412
64.21516
196.82306
100.272705
152.5868
-210.10434
-51.709583
203.55066
117.310104
196.21573
-19.885475
58.874924
-25.490618
-79.57269
-237.74371
8.437418
-95.34328
-261.0946
-99.23304
218.00795
156.1832
-110.98327
-53.576065
-209.35397
-132.35997
99.72403
170.38405
-106.52298
36.163418
-123.766594
-144.49028
54.3175
-85.20048
-15.466677
-63.49281
88.14992
-40.46342
-52.645473
-106.961784
-153.30492
-71.37887
139.45302
-179.64401
-62.40836
142.4746
-40.553146
32.67451
-11.716855
-16.400846
11.211164
19.951666
-131.12119
85.80808
22.439535
-90.10892
-24.545918
-72.037636
42.88774
133.02272
16.067245
39.09588
152.74718
-73.33122
-115.3327
191.09787
41.625786
-27.375128
-72.1634
-35.314358
233.24455
119.17657
181.73682
178.6807
143.70451
121.17954
197.05469
50.59754
45.699894
37.427437
-12.487349
-52.971035
51.69597
101.50594
-160.14383
-123.80632
36.788097
-210.50064
17.163092
21.988989
-106.80847
13.765865
268.38412
367.97855
200.01634
8.919552
-178.13297
141.49776
-28.491331
214.30956
156.03978
58.026234
56.704086
6.409088
-78.63614
169.52676
-81.50312
118.77983
-175.80898
207.34142
-53.90713
34.30175
33.83053
351.64362
-127.539566
49.845898
-71.13668
-168.00777
-134.80365
101.27986
105.012215
173.90143
65.12094
-88.28115
-96.33321
310.98312
-154.63805
264.678
-178.72227
-54.309875
-90.31197
-97.63968
61.78121
79.19978
-55.914673
-32.867958
60.316975
27.014488
108.013145
214.53413
234.77048
-136.99571
28.04685
129.05937
-347.02432
72.354355
35.5279
-47.88957
83.37491
-19.800045
76.638725
-65.846855
-128.6739
4.7469187
138.79996
-47.862835
71.71132
-155.89967
31.383316
