49.86296
-97.55079
-166.02623
104.28168
-139.74005
51.56478
-194.82996
215.14606
-50.683445
-16.458885
221.28966
-92.10787
217.4232
31.097364
-108.34179
-121.00722
140.41312
14.77107
-59.869713
-237.05101
-242.42479
58.493034
290.1061
-175.46205
70.792725
127.083824
232.74901
96.93646
80.06986
-6.1498938
-46.22248
12.81985
34.2586
-52.820126
-25.003822
-52.911488
-113.54519
-164.84344
155.65198
18.36271
81.471436
25.823298
404.80865
9.09346
-320.8064
183.86102
-203.78746
207.98381
53.40264
80.96038
167.64503
-15.864274
244.68666
-85.76398
122.84947
-274.9609
58.338303
-119.68395
14.2962675
-60.107395
-109.606995
15.844084
30.718311
-10.74987
-57.39983
147.22058
23.127401
146.61285
-57.080067
43.855312
10.947034
-2.9722738
43.311203
151.23668
7.8116965
142.84972
3.3909607
92.39313
-98.13135
-53.683388
-64.51705
191.37367
135.95215
104.27929
57.958668
23.771652
17.236967
-252.34413
66.69842
-171.20148
-29.661795
146.81749
263.90146
-62.777237
88.48241
-15.903941
19.347755
56.864475
65.43382
197.18176
-100.21839
125.64087
77.87151
74.61857
-84.30703
36.516514
-44.802242
-45.40493
168.5398
-116.94247
33.06084
-350.0335
163.56052
-89.75671
-31.243801
-89.947815
152.38594
-57.71246
64.2647
-149.62674
219.08026
79.82656
-18.684566
210.5906
30.61142
291.37897
-52.63888
53.7051
-1.1345983
167.70561
-102.28455
-87.15657
-116.49821
2.781403
-0.24261332
-74.45422
121.5561
-27.993109
131.40598
-152.69717
-188.97958
-101.85191
63.02183
214.62253
128.3533
-174.1943
-7.7337093
22.05455
-91.42234
123.62559
14.30651
32.8173
75.1473
-87.57713
200.56242
44.199764
67.04512
-30.385801
18.507202
-15.320316
-40.17327
38.870888
338.00287
-230.17065
132.57297
-27.62688
189.32591
94.4277
7.6407413
-44.28262
24.468143
-218.89508
139.33633
108.3029
229.49722
-208.14677
186.23987
191.74196
-0.3060555
-81.22842
-11.979059
283.1167
51.059658
-134.86304
-278.67963
-183.71725
-195.81207
336.44498
161.3952
70.900444
82.37905
160.25838
-20.818428
120.71452
-48.26108
-147.2209
63.18799
-162.58058
-136.19905
-51.659126
85.39145
33.006336
-67.965416
-163.60226
-109.20586
-55.147896
-249.22324
170.88672
-64.37201
-49.825344
91.77674
130.03896
-143.03806
-72.57121
-107.89831
67.13936
-66.537796
-83.646515
50.667656
38.39741
-26.177696
278.03925
34.941635
24.422554
-201.29967
243.96222
-134.77473
213.05356
-117.036415
117.87368
-58.513824
-23.181139
167.83269
288.0695
-125.616585
148.67363
68.537964
-40.781292
73.081856
132.21404
-11.783192
-377.9223
127.7387
251.97165
390.73236
-70.16522
27.264109
140.07883
322.94287
143.39731
-14.996237
-208.59755
25.02242
-1.2777133
-14.092342
-168.50337
94.97397
-100.62447
-62.613144
-226.59009
82.17114
-0.068039656
-111.10004
159.77823
-111.5201
-64.79017
70.70045
-157.00964
-3.626957
169.93146
43.714664
135.05826
-84.94367
-173.98195
-289.72333
53.847588
98.61327
-98.71121
169.14294
50.67864
-108.46247
-179.73862
63.442795
-70.50872
369.87808
-114.151054
-2.917306
-292.5367
-79.492165
-243.07585
71.829315
-135.36281
13.595595
66.176895
20.26423
-10.242436
103.82869
-126.58645
124.51021
-26.929865
94.699104
65.74794
-67.15896
-50.47878
23.282188
188.06117
-13.971497
-37.933952
58.55169
-92.79687
142.441
-48.484604
-68.76689
-51.59294
-193.3842
54.33679
111.91723
-21.62723
177.9442
193.77522
119.84136
127.89641
-46.557796
-12.2786875
-39.306
-38.975983
127.25246
24.176695
66.79916
92.38872
-69.810486
-5.921419
-29.16608
80.505295
7.218087
-178.48816
207.02393
-59.050396
-72.38915
68.212234
-67.4186
-142.48227
-80.28536
175.99854
-84.39847
72.58092
47.1012
271.16928
-121.50698
-98.776054
105.11823
-291.32788
-110.45089
-3.6370049
-265.7536
11.924137
-145.39876
-120.5575
-21.60422
-105.805756
-30.216722
96.58443
-52.660023
-289.92206
173.5593
-85.05254
-112.23836
43.821342
-71.8347
-144.70018
76.88741
79.46014
-49.982582
-101.00248
-162.67375
-179.40814
-291.85867
214.52625
-78.843704
-100.48934
-3.8018064
110.28531
33.64113
-176.14355
56.634315
-1.6779073
32.285114
92.16134
119.64386
9.116516
4.0274487
-275.6886
226.74094
120.73466
-23.159548
-10.517684
52.043568
168.97081
-82.99001
-183.33853
-16.303959
94.01358
174.88263
-167.35667
169.10445
-5.3246555
-87.52404
6.4172955
38.48262
86.045746
-103.27677
143.52948
51.27189
76.04717
-153.04184
-73.255745
-81.103325
-73.687386
17.675823
-85.41171
49.262104
219.60147
-82.213326
183.09985
-185.25514
-172.38168
-70.12291
-158.3659
-97.693344
49.05585
95.470764
197.00114
100.63187
159.39241
-153.30827
-122.6282
-72.3831
-9.594212
131.81631
2.0097084
118.09176
11.499747
-146.84721
-84.41559
148.01907
74.95819
-208.53209
174.80002
77.46947
53.52726
-327.34552
-130.44353
-177.0183
-5.679289
-73.54033
-46.841827
-22.988148
127.02087
-45.73319
-162.63197
126.58821
167.42783
-123.298584
89.025345
-399.28552
99.48415
-167.86873
46.526142
24.025076
-57.352783
-138.84665
-131.22108
112.07682
129.5896
-6.3484373
101.10809
-183.1775
-44.40627
-65.32645
232.1049
17.411045
272.2219
260.46994
199.25873
-213.59366
317.25064
-44.409317
103.00875
-21.738863
-69.67369
-8.165136
42.376255
140.38943
-15.459219
207.0437
-235.0573
-87.17159
132.08205
123.92912
214.51695
-43.962734
78.62808
49.874386
-140.81044
-295.24863
30.605385
-82.1159
-305.852
-44.243633
233.38464
189.419
-154.94153
6.005088
-213.45978
-164.78802
139.19794
208.21487
-128.65733
20.29445
-188.81046
-96.08359
76.73369
-59.49803
-37.95488
-69.15041
133.32036
-8.425311
-59.183823
-87.18528
-138.67229
-72.30993
101.703255
-175.15256
-78.23771
213.9898
-31.872469
60.709557
-23.699854
-37.487232
-49.60836
-2.8663616
-148.37547
66.636925
36.32481
-156.18123
-40.33537
-76.383606
0.98846245
80.177185
-18.465807
51.734898
202.83237
-94.34187
-169.74585
171.65114
-19.23588
-23.115383
0.37279177
58.925125
240.26744
134.98073
195.94127
137.52953
161.55124
170.04881
201.9654
-24.924732
121.69035
46.301205
-61.29665
-28.99375
80.846855
48.742203
-145.7492
-112.52166
93.06545
-145.68848
-42.879288
-36.99261
-141.53258
3.113522
302.25345
395.13962
245.11757
48.564526
-166.89268
178.93176
-20.965805
156.1215
166.34332
82.00986
48.187866
37.154434
-55.17626
126.63419
-33.20374
103.73036
-219.7975
125.49898
-51.093147
79.17142
76.05142
365.8175
-88.245895
72.88943
-80.06348
-164.99208
-108.15365
163.15837
66.76095
172.48518
107.753586
-10.541143
-91.75085
264.31424
-185.37874
285.2244
-223.19612
-80.91795
-133.39487
-126.09616
44.71616
102.05585
-91.97132
-41.938095
70.32556
66.719505
57.354515
185.78174
182.70323
-95.011185
58.82049
107.90073
-316.13922
79.918785
60.273205
-34.790897
124.874664
24.393038
54.67539
-86.913506
-94.03121
-16.568972
94.08116
-20.219936
57.084618
-174.74274
45.068924
