-74.05632
-55.99976
-32.25739
30.407835
-133.09084
-26.564573
-132.6621
293.58875
-248.26585
-73.43395
260.09378
-252.67792
97.74003
205.53276
1.9673586
-326.801
163.58667
-68.72789
-40.538868
-253.6868
-318.32138
39.397385
232.85733
-312.45148
-17.477736
175.93333
361.41193
245.26855
8.311122
14.5412245
-129.23799
13.121649
-173.37965
-106.163315
22.84159
16.088055
-26.717735
-106.20647
219.42569
212.89355
157.27193
-164.02765
524.5893
-35.370686
-229.076
145.81773
-138.51178
148.92352
55.940292
-0.03789997
97.02753
-225.87491
48.741684
-152.87634
73.8
-162.88869
54.242455
-0.45711255
-68.04972
-71.97306
-197.63266
-18.728754
-142.00916
59.26916
-218.69888
178.75488
73.84423
202.90291
-13.965126
29.401539
-167.60838
-168.13107
-13.220183
-76.096054
54.603237
312.47903
-107.010506
302.33008
94.70663
-222.89789
110.16627
167.24135
169.69452
15.604204
35.665882
127.89747
115.72785
-481.19193
115.61997
-96.5719
164.91818
37.60649
241.4499
-217.63179
-23.273005
104.22283
28.08232
191.05289
-62.472702
239.05264
-72.40262
159.5911
-82.33233
107.31383
15.259105
-80.477844
-65.37029
-101.16206
184.9722
-158.62784
171.09251
-480.37027
36.34386
-63.77021
47.466442
-204.75827
336.4761
-153.7336
50.687225
-168.56604
144.0653
79.153755
-203.74876
148.30513
-125.71581
325.74725
-90.768906
-26.215136
97.26109
33.434513
-66.273605
-168.2168
37.782173
-65.8648
188.26106
-168.03206
91.87207
14.631772
180.604
-48.223717
-132.72188
-218.447
70.1752
287.8812
44.56165
-99.667015
63.040028
21.675762
-129.58023
239.93336
244.18681
-50.725723
145.85818
-0.75545716
242.3817
-145.09174
174.45341
143.37901
73.646736
-49.509686
-162.79378
90.17529
438.65176
-231.99525
94.42414
-225.19875
155.0215
133.74156
93.7849
16.872627
101.59153
-293.37805
124.074684
61.352707
263.6106
-254.81956
204.70888
77.21623
138.58267
-168.73727
108.84196
362.2203
-119.72018
25.498194
-353.5992
-14.550475
-310.7325
36.88325
253.2652
33.870518
53.799698
34.855797
-71.739334
224.19339
-158.8889
-30.913383
227.7926
-287.42188
-129.75168
6.405801
-16.731167
-166.99875
-64.81505
-139.86394
-35.651398
-48.835484
-291.3823
304.10724
45.429413
-68.859764
177.45694
113.71798
-186.69884
21.360735
25.23987
-1.2573802
37.945183
-89.70176
146.77248
-88.196434
2.7892246
248.14935
-77.874886
275.49115
-114.86816
336.20416
-290.71042
265.15912
-260.20114
342.7552
25.00499
4.652331
231.05693
412.04718
-323.35916
123.412056
-1.1763129
-103.262375
24.88262
263.95975
1.8073044
-658.95264
78.78992
329.86188
349.61203
105.977234
-2.9256163
248.6613
428.40457
37.75988
194.18105
-92.06704
173.98904
56.459385
210.86847
-15.645016
119.42162
22.333038
-172.67584
-255.29514
22.67804
-91.245705
-163.74709
59.360123
-182.601
-53.802612
41.750706
-265.71957
-55.587055
73.22227
-82.83467
54.30061
-111.219574
-93.760864
-223.6795
85.392944
74.05044
-247.56929
139.03769
4.6835084
-58.25947
-108.95055
29.416702
-138.27788
454.00922
-47.46863
-45.85164
-402.1383
-62.900696
-298.4637
388.03296
-285.70514
-206.06177
168.89061
-161.26791
-92.54179
-4.792754
-91.51746
225.44778
-102.01505
255.22488
92.27472
-178.20648
-119.31648
9.922213
148.90295
-119.98644
-150.47154
151.42671
-85.67433
58.45129
-226.93893
33.31073
-158.80734
-162.4626
24.506477
165.35034
38.725613
110.44328
202.19882
209.93314
180.4159
-37.112732
128.25177
47.766586
-145.62256
-19.062757
200.78728
-7.7848816
128.7846
-52.57963
-186.26729
-246.15033
13.491575
-14.218007
-118.833
254.29283
-11.067545
-28.795977
125.034805
-107.816315
-46.254745
-210.8263
345.19586
-9.013431
-50.27432
206.84889
374.8301
-46.595997
-185.61743
117.99634
-263.55234
6.2876654
-34.37626
-269.68857
5.7875595
-209.464
-69.14413
194.55612
-163.63039
49.996243
-5.681836
72.158806
-327.83167
241.27313
-75.65358
43.701504
-4.38249
-119.814835
-265.9878
56.29097
-116.04644
-167.09895
-57.5819
-66.03875
-167.7002
-227.25703
354.0946
37.76115
-15.101996
60.693348
45.118526
206.4105
-175.08397
-69.201324
3.91704
-0.9683471
191.42099
203.50378
17.862465
146.72101
-274.20636
218.92027
153.6261
-127.03134
6.3307853
308.68002
51.9371
-71.76004
-190.435
-115.496124
191.44794
40.852444
-314.30292
163.37915
6.545315
-280.79715
-102.51105
87.23758
106.66058
-88.061066
157.33539
-13.379304
165.60997
-152.68748
-178.47089
-126.72976
9.944513
-225.78656
-222.68727
-173.32878
180.11392
-91.910904
146.29109
-408.39178
-186.12679
-138.62082
-21.266426
-160.29362
57.03737
-19.304178
252.97638
2.6198413
347.32147
-201.57584
-114.16598
-57.447586
32.921318
-25.011677
-48.734287
181.26274
-53.722385
-127.265724
-31.490152
122.57165
98.676765
-225.20647
131.57016
134.88382
-59.909763
-238.97789
-146.0162
-235.9457
44.24848
7.5229616
-257.6433
130.14284
-11.305682
-191.80583
-498.0766
84.904106
-8.777845
-19.983864
137.36449
-255.7622
303.01788
-156.24962
17.133757
76.725296
-39.656868
-93.71759
-23.42914
157.03502
-13.782398
-100.36966
158.23993
-221.4817
-156.35022
-175.59904
384.8956
-48.910606
340.7796
327.65942
170.7623
-110.8451
524.55695
56.35281
-123.82546
-140.63882
-223.43793
-74.78812
30.520052
171.16324
41.7008
307.22455
-149.56792
-145.00542
115.23587
7.1117945
221.7833
177.80563
132.975
81.18181
-297.4543
-239.74478
-127.24119
-194.53235
-356.05826
-5.3369093
338.901
248.75546
-106.96234
-70.685074
-384.6344
-312.88086
130.49959
154.64589
-145.55003
-50.439426
-102.16761
-247.96617
-78.652596
-20.203514
-42.16439
-208.07181
215.69652
56.219414
32.761135
-96.195595
-89.48121
-150.65349
180.90535
-149.82092
-38.957214
34.71862
-17.350786
88.64848
-89.91129
-172.894
-135.68466
30.626345
-382.5536
47.484493
41.27959
-259.70624
8.071158
-169.34595
-156.89519
127.1091
59.21562
165.50902
193.45473
-143.75397
-324.58072
8.185305
18.816006
-224.65569
39.672405
-37.326496
251.6324
133.93333
107.15164
-4.387672
183.19048
193.90536
107.41468
-133.28918
81.1608
111.52606
-233.69496
-39.12787
-95.460625
45.594017
-178.37143
35.503895
-125.81897
-64.08886
-209.93124
-362.63095
-80.32039
30.6889
240.9655
371.04187
304.07077
-113.81911
-39.58085
76.06685
-28.613623
52.85017
124.77277
60.486057
74.61649
7.97757
-52.341953
171.61969
-229.78659
127.52273
-191.85835
154.39468
-132.4771
32.846756
96.60434
254.33266
83.90228
104.43709
-34.094154
-120.47765
-195.50682
101.185
112.46033
94.90619
-1.7810276
2.6770794
119.83705
365.63306
-252.22208
387.02673
-188.2997
-167.40866
-125.556175
-329.5777
151.75232
16.742626
-126.555275
-126.91737
46.38206
134.22002
147.6521
227.06534
253.40215
35.0637
-53.494534
261.115
-308.02228
65.74166
98.31386
13.394127
-110.347694
-47.581276
-20.43427
-93.55389
-44.82172
-61.39552
155.41916
31.62749
102.04602
-173.90535
139.34697
