-61.012943
-26.31091
-67.04874
27.447506
-151.77246
-1.0244846
-137.86942
282.35922
-229.65257
-88.825676
234.83316
-286.34412
90.58728
198.57079
-73.41642
-250.00008
188.83102
-46.378048
-4.8040524
-301.25638
-305.27808
-12.4904585
196.55367
-243.90747
24.962412
120.203026
356.44308
219.30624
25.823875
6.032771
-70.78115
18.593273
-129.79385
-83.03446
-15.998745
34.992264
-17.86749
-104.58169
173.25117
191.26158
126.68477
-96.36949
546.50024
35.458252
-260.73798
235.49097
-143.69394
183.78127
36.387222
-2.4035227
106.997185
-157.19643
63.19406
-165.31407
41.14873
-219.9795
10.83615
-35.582916
45.32158
-83.5314
-172.25269
10.302801
-85.88958
72.22881
-240.18842
168.61308
50.233093
230.6783
-41.26248
23.435001
-114.78934
-170.07568
-78.71726
-77.47069
44.09654
284.6384
-86.31703
310.47043
73.77839
-176.04222
77.53332
152.03354
147.6792
27.864473
61.680454
164.55519
141.81654
-409.77432
82.51992
-92.61923
164.76
99.58697
231.71709
-167.49597
68.86659
74.77035
53.81459
159.30605
14.037849
202.45319
-110.836655
139.24857
-94.30587
126.86137
9.232315
-32.819305
-20.223736
-33.998398
205.1946
-180.76389
208.57887
-476.22748
75.09886
-94.744995
47.5125
-187.5768
345.4608
-134.13248
65.649994
-209.59961
182.65825
139.07085
-183.9245
217.73553
-81.058624
287.58746
-51.385048
9.734869
123.791336
129.66118
-33.78775
-196.80061
-6.722022
-125.81593
116.190674
-147.47392
115.77495
10.7141695
132.74564
-65.97107
-154.10555
-173.08968
74.012405
224.32816
60.35376
-62.753338
61.270058
51.534706
-155.851
231.44044
258.91385
13.164331
162.87929
-18.466686
253.48903
-82.81367
129.9558
135.31323
90.56999
-23.239126
-191.14755
139.54854
401.74194
-240.99994
138.18475
-239.68523
182.16666
186.30127
49.90474
-34.361813
119.89276
-271.0906
139.25134
35.623226
252.90718
-279.55792
148.81866
161.37431
171.65004
-150.01883
114.53425
321.90503
-39.82637
-29.592018
-372.718
-62.912197
-310.36734
115.3856
213.83157
31.827845
62.606705
43.7116
-8.0395
176.39688
-143.30898
-53.81003
211.63365
-222.8555
-129.63199
33.185204
49.23262
-216.8808
10.322568
-135.90977
-69.74602
-32.078564
-279.34213
206.49855
144.53067
-29.514618
106.0248
141.35666
-179.20462
-7.0815916
-0.33508718
48.48298
53.610832
-148.2072
110.80956
-8.726988
-64.579254
269.85403
-152.64624
240.57452
-109.08504
390.99252
-344.63257
273.80862
-214.48924
279.42807
-3.9919388
-52.686954
190.07263
436.07642
-269.4368
143.07828
14.729649
-114.381454
66.70923
239.33862
-53.81637
-658.8327
72.095085
367.9759
332.61945
38.169437
30.705753
213.74757
426.10535
39.83904
122.96824
-108.06695
144.08238
57.91571
180.45375
-81.44472
118.796585
6.5784664
-132.99951
-272.6887
-74.16721
-94.95632
-137.8039
24.504044
-201.11179
-67.79951
101.51524
-273.36783
-18.966806
76.06334
-21.988586
20.53979
-152.39438
-64.95232
-236.74522
53.460155
102.39169
-175.0388
149.16801
-4.9058123
-94.30873
-114.17375
106.3672
-222.69759
428.05502
-56.171173
1.6672001
-342.6348
-37.501797
-292.70105
347.39017
-197.91742
-209.01718
108.33918
-76.35796
-42.281204
55.66566
-18.526497
231.31827
-53.90073
248.19469
100.07256
-105.16844
-99.0437
139.17427
145.54474
-112.60991
-157.2958
156.95624
-76.935196
56.487198
-173.29248
-4.675784
-126.14053
-130.78784
45.969845
152.82982
60.547665
119.078
163.36757
244.14886
115.584305
-50.001225
147.41808
-0.20295215
-164.2786
-20.784378
191.12198
8.245474
185.07336
-29.117756
-112.03334
-293.31906
39.89074
-7.0802746
-124.56564
226.16122
-53.38939
-75.877365
172.89532
-114.02043
-7.9416733
-118.28915
378.9908
-57.24392
10.375309
184.64844
403.40775
-24.117744
-279.84436
118.15382
-305.61673
-7.2820535
9.369074
-282.74835
43.901592
-219.00069
-54.047897
87.66032
-134.58401
35.378643
83.17877
52.93913
-305.9567
243.85426
-67.71925
122.362724
-26.53613
-72.40549
-273.46823
33.368137
-91.23759
-166.48613
-100.33971
-36.364185
-199.3136
-224.87396
319.99728
-8.904863
-28.720144
8.121221
29.69212
209.96106
-145.40437
-49.007652
-25.647472
-28.824875
201.63628
180.88162
15.648304
79.47274
-208.91226
188.15303
134.04614
-123.43148
19.931356
286.06165
51.709625
-120.07704
-229.99611
-137.45491
135.76833
48.128994
-301.17078
160.27083
33.368958
-228.74933
-93.72029
57.8543
108.31703
-115.913666
223.79556
6.460092
155.26624
-133.7066
-158.14476
-151.55821
-56.476013
-203.34148
-170.99394
-234.64047
221.02525
-115.20106
184.95047
-384.21094
-164.42842
-134.90027
-134.84749
-114.63548
51.992607
-22.875227
283.21838
21.422564
361.9735
-166.00209
-252.02638
-109.31824
2.889518
3.9327466
-94.11572
140.49292
-58.863922
-125.04497
-61.799084
81.77365
37.940117
-158.57578
176.44664
234.57715
-64.52766
-345.84766
-134.35703
-234.68872
-21.321888
-36.44754
-267.82825
72.44915
22.59577
-178.7629
-456.60648
144.82774
20.394167
14.072006
185.78918
-262.12088
317.49823
-150.03517
-49.229504
39.651295
-48.2294
-138.46942
-31.230688
123.35592
-66.637146
-35.834103
105.03339
-204.18657
-110.927826
-192.45323
309.41513
-46.23753
320.29214
326.84323
172.18385
-153.48206
462.72852
15.540987
-73.50498
-146.6838
-168.15225
-72.625725
-19.543848
152.3559
3.755097
346.96332
-166.97876
-176.93736
116.61471
-2.689084
266.31937
136.0842
199.09572
83.81938
-275.15945
-265.7524
-76.72103
-163.71489
-286.22455
-22.507483
342.2094
241.30716
-115.031296
21.58019
-315.01886
-298.9168
91.858574
193.98747
-111.48723
28.048586
-125.5456
-253.40643
43.542034
15.1774645
-69.72242
-237.57658
283.5468
30.982187
62.321735
-70.060844
-132.98412
-195.89906
227.6629
-139.29004
-35.634243
36.744267
-59.213478
68.4393
-66.289734
-173.5988
-122.269165
23.373625
-382.7792
106.04726
129.70444
-230.78978
-38.75664
-191.11366
-132.52174
150.90033
7.0152283
122.40952
256.0188
-132.788
-323.33038
11.601806
51.12866
-214.6848
24.47716
-35.46547
323.5127
211.09126
72.85609
59.11511
171.63287
217.76447
107.470146
-111.24888
88.82139
115.60407
-240.78435
-85.32073
-96.526344
16.912756
-136.53693
39.0786
-143.8123
-98.93964
-161.90126
-397.2483
-135.01662
-54.021263
261.52924
384.59808
285.8661
-72.338974
-71.961975
81.06141
-61.290947
94.75277
133.68901
91.19535
23.359024
-10.567448
-52.57586
123.40103
-181.15022
64.471344
-219.48851
119.70661
-141.93779
71.799065
166.3918
289.03143
49.869724
109.93269
-66.26806
-138.1116
-120.18568
85.57989
60.406986
103.25905
-3.4798996
-65.98752
90.04709
363.4026
-244.24413
334.8125
-245.20563
-141.5269
-174.71136
-308.4684
76.879364
40.4903
-89.14252
-120.69358
97.39098
103.56519
76.04448
187.12944
169.22897
50.016987
-48.924427
265.94806
-347.89975
151.11154
51.052532
95.32229
-88.69786
-34.843555
-2.582704
-125.93491
-88.620285
-54.902267
190.04242
20.832876
140.05496
-205.55736
104.81717
