104.12638
-178.64009
-137.56609
132.55605
9.103538
118.62068
-56.177334
113.49316
57.96311
-92.813324
102.592354
-7.988941
254.35751
-42.823376
-194.34752
-66.66321
149.13657
-15.109152
-20.456367
-129.6512
-74.64126
82.514
109.51192
-168.22374
-91.77953
199.20564
161.74036
87.112274
-18.253979
-18.215376
59.255665
-1.013356
56.83976
-85.83824
-13.3053465
91.857956
-146.54118
-252.91153
14.466451
23.173948
100.886314
-78.0708
350.52203
34.691086
-162.0338
220.59282
-137.4326
69.69573
48.93341
138.49283
-39.9953
-73.346245
93.10323
-72.14311
5.7784605
-141.61617
80.118935
5.1962843
69.3283
130.0634
-35.24808
-102.034
88.332344
-26.76784
-32.65314
213.52658
110.67878
51.653744
-45.36128
-57.861248
-16.618063
28.552752
32.296753
245.63792
-16.666729
133.73074
6.425386
49.54847
-26.287746
-1.7433494
-25.07338
116.7255
161.40257
56.06633
69.462654
-78.24654
62.096245
-263.3328
94.63777
-44.935474
-28.257603
32.7663
163.41576
-33.9007
93.15777
100.545074
62.376877
-54.792328
20.448217
77.32636
-65.56426
207.10852
94.8013
-53.202503
-68.70915
1.5229602
-97.16004
-127.62188
131.79
-104.30891
119.04595
-279.56052
74.00389
-61.093494
-23.07058
126.16514
80.688805
-191.73698
-12.734917
-49.33123
171.60245
53.048122
0.71957994
132.2551
147.63272
172.34
-59.751003
143.02686
44.8832
68.753654
-141.92953
52.587753
-7.8210316
13.993129
-5.036299
-24.279572
107.24509
-2.9066987
86.37274
19.8855
-247.47566
-16.96898
61.230244
124.0337
28.728703
-143.27312
-93.18629
38.49194
-246.16313
133.95183
-75.14817
17.939037
6.3253164
-15.942416
114.49465
120.35984
7.703222
20.35477
-12.498385
-114.15309
23.159521
-110.0126
234.00653
-135.89633
75.291
-65.6347
123.55346
28.699509
64.947235
-54.856987
24.525803
-142.8695
150.6438
106.17183
154.33379
-128.94977
112.19473
121.65173
169.62756
-42.482033
-58.510044
205.20828
-5.723431
-71.73134
13.575278
-179.69781
-17.42958
250.82457
56.014305
112.38519
-73.6044
125.361984
-109.666306
202.3926
-143.21477
1.8541471
155.09549
60.40451
28.37627
-30.094448
125.8651
152.69032
-72.32887
-100.57705
-0.83703494
-63.645283
-232.09319
57.24662
19.523525
-45.270798
113.114944
15.608257
-54.585693
-15.780503
-28.7048
103.406586
-31.482754
-29.267181
9.411199
134.89221
9.870205
48.89195
-44.087276
61.81652
-201.31703
151.91325
-77.785515
130.15266
-0.17861933
7.7309036
-18.535614
24.323717
13.324228
227.91924
-97.09154
145.03119
114.61853
64.12858
-111.29918
124.73935
-5.103078
-187.91658
208.91765
129.00368
372.13287
-8.054827
-53.156372
79.13485
243.89462
45.70677
-111.06462
-170.50893
-109.86447
-5.474301
52.94095
-5.0444255
11.759121
-58.692265
-5.541182
-125.91173
-49.138126
72.85482
46.010914
198.52094
-93.7896
-78.62769
70.57122
-127.63336
9.795982
127.64973
-69.7618
82.120766
-136.08215
-5.7741003
-174.28136
-24.639305
224.8578
82.75122
-136.40689
-12.157265
1.1253313
-110.93383
98.24827
-154.91985
169.29124
-125.43195
-81.92818
-218.26549
-3.9260423
-98.68152
209.34737
-41.77834
140.08783
18.267895
-115.53584
70.91386
144.75139
-41.15384
18.323978
-56.895397
186.93063
44.35913
-68.201996
103.37555
43.9851
110.61778
63.06343
51.533325
-28.989267
-164.21028
62.475857
-42.04266
-70.99772
-92.214035
-207.7044
32.83813
30.868048
-57.72443
-74.77357
29.585207
23.129955
33.00771
-140.46727
17.226967
29.266659
-115.166504
17.968815
-8.296684
95.36138
64.925446
-4.133238
-74.7296
-18.20903
120.670906
-3.079799
-6.1197343
87.54661
-145.89882
-27.445522
6.7430944
14.1469345
-36.807228
-15.206289
38.740154
3.6442268
-28.93037
46.776516
175.57256
-53.587288
-82.26652
123.331245
-151.62096
-46.946823
-51.49086
-362.16223
62.001976
-149.59186
-112.303825
54.029617
-59.86032
-90.41388
67.264656
-12.20296
-220.26039
53.764782
-91.15869
8.521654
-9.518376
113.24233
-116.51911
213.91632
43.03944
63.23999
-20.025377
-207.37218
-13.7751
-170.69304
138.81255
-55.099907
-53.10554
-32.55241
-22.961462
-42.86129
-89.084694
-1.4650602
83.63214
7.86201
89.79883
13.038214
-53.326588
-15.254665
-204.18886
218.24045
84.389305
-1.8424842
-10.632113
-90.47846
155.4212
-104.28848
-60.246494
13.59345
50.966415
196.47583
-32.45699
136.17435
60.08844
-97.49509
70.07352
-14.175964
128.0445
-156.73761
15.003706
93.78777
24.603605
-54.88119
32.098064
98.74933
10.430414
4.949619
-89.40257
65.11212
-85.79111
-22.928904
165.54657
-134.26155
-55.172653
-169.07788
-236.00856
-77.76357
152.45097
40.480915
322.32596
17.292656
75.14655
-225.18849
-39.019962
-116.02384
84.64184
6.843481
53.157486
64.88697
88.27465
-88.14145
-228.64825
63.72246
57.54124
-236.302
80.758514
36.34903
-3.1643527
-288.91174
15.326646
-62.336998
84.17147
79.75025
-156.93103
28.665298
187.43983
-132.5505
-124.793274
99.09037
-31.039356
27.365555
-48.68356
-283.57324
44.535362
-131.45673
97.76745
-24.235132
1.3444808
-176.38727
-115.84203
102.714516
85.40757
-173.03943
1.9303942
-132.24028
47.010094
-62.491825
45.68869
-11.65647
203.3025
172.99365
204.18016
-55.609245
205.67711
-130.24731
-55.629166
-33.005455
6.9528475
-100.00157
-69.75291
120.53828
63.04657
62.49419
-104.001526
-67.03491
103.70029
37.68232
129.62468
46.83566
65.20462
-175.92609
-66.3302
-23.242157
-6.5757027
-52.302765
-192.89006
62.80186
87.970375
88.66813
-116.133156
54.32015
-155.75581
-83.49322
115.12984
50.392834
-62.33485
29.49021
51.55478
-55.253822
106.034935
51.05533
-120.72003
-24.477283
83.967
-28.517834
-51.321625
-57.026257
-166.86514
19.27906
111.170815
-175.99237
-162.13782
25.80962
36.24898
-92.19163
37.202446
-84.03008
76.510666
121.18499
-50.455402
114.09776
30.363642
84.44433
29.647297
-57.010044
-43.66933
48.743927
22.405672
59.553307
76.56798
-117.10691
23.695997
174.97664
193.27757
-46.924973
-129.00667
-92.711044
92.331314
147.92493
210.89622
87.73195
178.98312
-13.332514
109.01899
21.933746
-50.79032
111.53208
33.6165
-1.7566671
129.19923
-10.102774
-88.984245
-122.21727
101.5393
-142.62692
-35.20593
-11.263952
-52.573055
34.080166
281.36188
333.8051
237.16345
-69.52588
-33.898277
4.3713584
0.35939097
84.78705
84.75667
37.050262
87.417984
-105.124176
42.47091
56.000023
63.750828
8.459747
-80.88653
-20.781664
-64.86009
18.114096
69.0691
193.33221
43.303234
88.96814
-165.17694
-44.979256
-210.4572
11.477081
97.4934
16.000473
57.817966
-19.798576
-73.49475
124.211205
-60.329247
106.90702
-82.2654
-159.09506
-85.69053
-30.683104
-69.92627
59.911686
-73.339455
-3.30367
47.351437
-0.04022225
33.890987
165.9701
180.06862
37.88974
89.58542
58.537342
-312.742
86.20094
5.4122543
-49.18948
46.338844
-33.99547
-54.25035
-166.96136
-6.505584
-15.380151
104.596275
31.291693
15.935476
-179.86699
39.578117
