-91.6341
-235.9088
53.08174
17.529839
129.14008
11.113856
-15.806499
409.8899
-341.39856
-92.22455
310.07532
-303.08667
-54.260086
274.91626
-114.83843
-384.50272
217.9637
-98.976616
15.808893
-220.04907
-499.25357
235.96678
105.75085
-477.05505
30.207335
132.07437
393.97543
168.50012
30.290947
57.64532
-86.08835
-32.676685
-213.21965
-131.99524
-17.89934
163.37515
23.372702
-251.1843
110.072
127.93518
132.88846
-180.92691
431.0301
-30.540087
-295.63165
155.16608
-263.7949
55.61122
241.38292
7.637279
168.13971
-174.7995
-85.237045
-87.34656
122.53186
-154.28288
81.55854
118.78023
-44.29689
-103.87785
-256.29852
68.89984
-181.22679
220.61942
-258.5988
256.95905
103.711365
213.10329
-156.96883
20.212822
-119.13681
-275.558
-51.630074
-48.22269
124.16611
302.9957
-247.62431
238.98238
226.13835
-239.1976
159.30466
103.796555
55.000694
54.563877
9.000414
298.15
233.81062
-535.18384
127.43662
-108.181
168.65977
42.606686
356.31427
-235.55547
-84.52938
422.0967
65.2894
19.283617
5.2666636
391.26443
-81.89518
38.174263
-13.457214
91.50831
-28.582039
46.659042
-45.58336
-129.94266
302.6989
-250.71234
93.55959
-498.5881
141.47482
37.325928
7.6631846
-439.0948
306.0165
-133.0816
91.4505
-188.1003
36.103447
117.09502
-206.47203
143.76318
-157.15182
436.1651
-140.78816
25.355062
53.274216
110.89314
14.08202
-103.12152
138.18797
-57.640152
108.4487
-167.92615
194.39317
-27.017008
338.31473
-100.66054
-172.22202
-263.12204
33.26525
257.1828
113.67206
-139.74506
16.161673
5.524239
-194.03229
107.64404
313.69342
-96.75923
77.4588
92.26447
31.778824
13.344652
45.84356
163.69742
133.43092
-142.81517
-152.70123
7.891743
587.7166
-156.41583
229.9033
-176.92647
246.03778
371.56735
10.937246
75.46628
277.6985
-239.44807
104.36531
106.758194
229.31845
-213.42749
328.54465
255.37788
222.5679
-271.47614
379.12073
279.67703
-93.69985
-65.40343
-413.19016
96.027695
-531.5958
-111.22627
156.26146
-64.04758
13.780752
102.19345
-77.955444
226.86525
-179.00749
71.64234
116.305046
-395.75122
-140.89449
103.14242
-145.59145
-133.71077
62.865513
-108.970276
72.16036
-72.90805
-330.4851
142.61507
49.213497
-62.61705
313.33362
172.9016
-202.3695
39.722416
75.868454
-33.858227
-201.78929
-135.58185
117.67966
-36.795742
-22.892103
271.21423
-153.91739
213.19266
-97.346886
483.67322
-257.80783
267.0109
-411.38434
327.91046
12.134557
6.6857386
220.65793
279.59677
-455.9517
172.94112
56.524338
-144.82721
160.91895
270.15527
109.02974
-633.1859
56.010128
461.06943
561.4217
12.776497
-134.86662
118.215965
423.11472
-59.09717
190.8971
-69.82355
163.17216
170.45041
297.90976
-7.872946
97.68986
-11.31244
-157.94315
-160.93227
92.7712
-123.73171
-28.003012
1.0249009
-156.93332
-63.32351
21.358479
-158.84236
-6.91483
143.07129
-113.42795
105.0287
-31.005762
-175.65897
-288.3606
-76.315025
122.10492
-147.78926
221.83919
-170.96516
22.677666
-45.896946
39.94307
-74.6871
504.37875
-158.41197
229.48924
-468.2499
73.6123
-334.71863
372.71777
-274.30615
-194.52617
-137.73438
-224.99966
-79.53442
176.17087
-129.0557
116.077484
31.213564
443.02032
-70.53811
-184.14545
-148.14233
160.24042
133.22601
-42.740337
-208.91699
264.41656
20.345205
58.229786
-279.1151
77.92191
-170.06363
-168.71461
105.33419
116.8969
47.679794
210.03654
202.0717
115.661285
183.65892
-81.55836
203.08546
-72.47714
-154.302
-56.181026
216.64
-37.410545
209.45352
-0.693918
-296.54276
-291.87576
-17.656372
-93.12192
-50.804558
171.43375
87.27443
-143.95988
22.261625
-12.634815
-237.02165
-116.26868
245.14705
-43.500313
11.208477
292.43466
503.16928
-167.01053
-201.46655
14.693466
-168.54105
83.58451
-146.01404
-347.40234
-53.270046
-297.11185
14.722994
131.26482
-203.64355
144.73267
-129.59859
56.234978
-343.60834
294.4164
-84.24609
-83.95985
-119.45267
46.386795
-244.5084
164.86581
-54.902218
-212.00438
-85.087494
-91.086365
54.924343
-234.15309
168.16823
-61.938488
70.81109
-40.496017
95.45861
227.24876
67.63487
-1.6097037
50.946655
-28.337397
222.47865
309.70438
-91.20263
281.21677
-110.618004
264.7201
180.58926
-64.254
-89.46322
341.7172
87.797455
-19.405092
-229.04938
-130.81834
65.14503
41.5963
-221.57457
359.7011
48.98528
-273.42892
-143.44495
65.57786
120.02369
11.374872
94.62157
27.436386
140.60104
-316.31207
-190.45592
-163.93036
3.5854375
-155.84431
-20.23011
-176.66954
187.45831
5.991797
192.04196
-263.77197
-60.734516
-337.60983
-139.41547
-253.75522
-5.405363
-135.65326
186.37039
6.081314
301.70084
-145.67151
-30.958155
-133.00967
150.32266
61.744175
-47.6482
66.303925
-124.58441
-183.97963
-16.97454
171.19038
-78.93322
-122.815765
133.4366
228.28975
18.352917
-338.9373
-79.38112
-202.12967
126.85517
-43.043774
-115.06447
91.438194
-138.78656
-345.9789
-499.5522
45.26269
-73.82808
39.446026
40.354023
-299.10992
265.2091
-158.77577
36.54247
171.03139
-253.17754
-26.755848
0.107288
327.14145
-64.216805
-114.209915
46.053165
-256.4148
-88.18882
-41.20065
404.38132
103.82089
191.26645
386.18765
57.115047
-170.85335
573.77673
41.26357
-208.78575
-233.54788
-348.37103
-51.49785
33.729607
240.17009
102.260574
274.5116
-206.74998
-306.03073
-9.673986
-12.11616
112.65953
318.91672
113.32232
75.30423
-303.55
-360.16666
-300.23892
-283.59683
-331.92123
-8.266078
298.0568
44.523155
-100.16933
62.89784
-272.08575
-332.10675
163.33829
99.00927
-126.050415
25.199282
-158.79495
-243.09042
45.808483
-7.1845064
29.092463
-277.72687
188.49449
112.36343
39.956314
-75.05535
-124.90835
-215.21753
185.76833
-201.2976
0.29004502
-13.77382
-176.10397
-47.661633
-238.60945
-37.244423
-78.209854
-83.2682
-256.63556
132.68106
154.31262
-511.59567
-136.3735
-52.66886
-184.46382
102.58547
64.04225
143.89813
248.99454
2.3348238
-308.86154
-90.5412
116.33872
-3.180374
-106.26102
-85.314415
230.1666
383.64948
108.165665
47.394146
243.18013
234.76299
111.89339
13.832875
33.739967
272.9765
-163.67487
-2.8281937
-238.51367
-65.093605
-158.37003
-91.067314
-264.36176
-72.35717
-121.71109
-434.1415
-159.36404
-166.28473
205.13847
315.2263
327.82495
-132.01009
8.775598
-66.58368
148.79097
103.17817
151.38957
-37.948406
105.9182
40.42982
-73.049644
31.790226
-125.33067
52.57543
-362.9358
274.92578
-11.741743
210.18974
155.50528
257.30847
57.975945
282.9816
13.0924835
-293.14154
-258.6894
-0.5135442
44.74857
121.65551
-0.2359755
74.479004
216.4858
384.02548
-295.259
455.03357
-90.09168
-215.51869
-45.141903
-435.1482
254.5596
87.84037
-41.969837
-194.48749
154.89601
122.55622
151.83012
184.89821
206.60132
101.484116
-19.468233
263.77548
-282.09613
-145.29083
236.83423
-124.37842
-8.930762
2.914387
-52.093906
-20.492846
20.826866
-156.917
117.76076
165.22458
26.649662
-259.96735
184.11705
