19.981651
-21.286835
-30.144054
-77.98119
-27.158924
-9.402987
1.945812
12.175063
-21.945988
77.25832
26.909378
-26.3698
15.896862
6.1935763
-4.650338
-78.99682
-23.44645
34.766994
-67.29106
22.60217
7.609148
-54.98174
39.814556
-14.348415
-36.290806
6.36137
0.44985902
-37.059822
-47.89751
-17.64395
-25.785662
-18.9838
-5.5931015
-14.946165
9.045527
35.13667
48.70464
-62.669106
23.933796
-29.528532
34.316532
-38.798775
7.009857
53.73201
-59.46966
86.5603
-63.555244
52.531822
-18.118654
7.251115
-23.35648
45.156918
47.873375
-50.861404
-7.318881
1.8247876
-27.319466
42.219345
-1.1313906
-17.43954
-15.544847
-17.547987
13.093061
-36.439003
-2.2062426
-13.537542
33.80276
-9.349185
-32.594788
8.836856
1.1740985
-4.1005387
17.51079
37.185055
-23.884644
-6.4015427
-2.0236473
-1.7778919
1.1152804
38.076447
-17.128895
-4.1444645
79.88864
7.995616
-24.221615
7.451194
28.665016
-19.662031
27.080343
40.63223
15.995129
58.384525
0.8292854
-13.0852375
-9.113533
-20.164368
21.721886
-22.276596
23.680857
27.67231
-41.89256
69.74714
10.45616
-31.229063
-6.4966316
-55.149864
-47.851444
-50.019848
-20.371391
-52.470474
4.57086
-12.699441
-21.294582
32.500828
53.356834
-29.807
0.15707874
-47.26829
-20.383585
-56.606155
55.172554
-46.95075
-7.9632387
27.227156
30.148716
71.90937
-109.30864
26.984539
13.295229
21.890371
-113.52046
34.04696
5.510872
35.22412
-23.639528
14.924807
-27.916399
-36.187218
-26.06813
-8.347538
-25.200047
25.088266
-8.5124035
40.12139
-23.406372
26.540499
-3.3445911
38.86524
3.0189788
-7.3046446
8.567156
23.509508
-16.066288
17.466549
18.478878
28.543741
27.990334
12.744219
21.233604
-67.71189
-7.6739645
-10.102294
73.09425
30.203981
-57.557007
-48.92315
-26.213531
-54.719772
33.222153
-38.10876
-34.26615
27.419144
33.998657
19.10603
43.77003
-6.609472
23.496841
10.385538
44.020084
19.859398
32.284187
74.86037
67.1696
20.109005
27.601246
17.804245
-48.02307
122.738525
-22.964884
-52.471264
52.111984
42.459553
-7.122394
35.313007
-72.11257
39.944626
91.27282
20.86722
15.537513
-63.79707
39.82666
-6.010031
-37.984097
-48.420193
-32.2846
-33.40315
12.185161
33.524574
-43.25382
30.41612
30.708551
-53.853394
-2.0729663
-23.181015
-11.357105
-11.028533
92.26682
-0.82767653
-31.652441
-61.360588
20.738148
-6.812275
-8.544035
56.00331
-2.764639
-72.60551
-51.494267
9.159745
67.953125
5.5750895
-42.699226
-65.20955
19.22943
2.4238026
-25.405369
0.36353612
25.991982
-28.543636
11.294132
34.50551
-38.19288
4.3378477
-6.736169
12.217566
27.601856
-25.975681
-57.235966
-1.2493476
1.0366789
13.649444
-40.805378
-13.396
75.02062
-26.435774
53.989624
29.321152
-28.538614
-3.1761315
48.468536
-30.869469
-72.87813
-26.259462
48.893227
65.88448
-49.706306
-15.926793
-31.578993
-40.08132
-48.66026
-9.452815
-17.127241
-55.942307
27.67549
27.871935
40.693512
41.293053
2.3375206
-36.95176
39.164215
60.39943
-15.750184
3.7310498
13.748912
-50.51996
0.3624828
-29.54476
7.7971888
33.092262
-10.65562
10.95234
4.165465
21.734093
-17.42561
33.687954
21.736313
27.324966
-5.992593
2.2574937
31.135124
23.10099
64.801865
-1.2620497
38.06228
5.604313
49.956326
15.103585
-19.419392
26.409912
12.777935
19.550196
-64.704926
-53.033417
-21.460049
-45.017254
23.191008
46.410187
-44.36914
-17.730389
-12.969923
28.498486
-10.896893
31.043196
5.6433735
41.171234
-2.498126
69.90953
-16.306295
-84.89786
47.64418
-37.338573
17.416534
-16.18102
12.815041
-0.019415855
-28.820946
19.855896
-4.6147738
49.965675
28.898563
-33.28919
17.667253
13.979493
53.39127
46.866165
0.17719328
-118.95184
45.068005
44.31627
34.86829
59.068695
54.895382
-70.32101
36.028355
5.694713
-54.08961
-16.762154
-19.812746
-33.266335
41.419308
-8.115032
51.740364
28.892157
-16.080906
-35.761013
-43.9078
-69.98624
-26.997934
49.798153
64.01889
-46.062412
37.99779
31.1997
-27.755562
-8.247606
30.242401
18.369772
-3.5287442
30.5622
9.222773
16.302975
-2.8027258
-11.70439
-5.51391
-63.98776
20.020153
53.132187
-39.4112
-1.5001217
33.78795
-1.6662972
-15.379821
-28.981384
-21.880997
-2.8868396
-33.631943
-19.311363
10.954849
-2.1002598
13.429551
58.956036
-2.7932312
27.378931
7.763292
-4.8133354
44.505074
-0.47799474
-64.31945
8.476767
58.849407
22.407318
-14.691289
1.3486516
64.427704
48.581455
33.89592
-30.07273
65.939156
5.8662786
18.970116
-29.641808
-56.39525
-12.310347
-9.171105
0.054010034
-37.995613
0.79980063
47.409237
-111.01142
1.968913
26.64965
84.70551
19.9801
23.296192
5.773583
1.7312438
-8.72168
-12.784539
7.675477
-2.4350183
-3.3693776
80.38969
17.49913
52.501835
32.094654
-7.1866875
-12.147696
-78.422226
1.9143044
10.564212
-2.275334
37.605568
39.079567
23.131197
9.859926
1.1681275
-44.58595
38.419872
57.252537
29.237621
-7.629218
-16.854822
5.53707
19.702076
-27.051107
-1.2577095
49.17916
31.239256
3.651459
32.361168
-50.392353
-12.134226
3.920076
34.374474
-7.265916
7.743905
-33.176674
-75.33367
-2.6223493
-5.161213
-90.50181
-4.3836493
17.344221
-12.542749
15.6334715
-44.513714
-16.129847
38.187206
31.990334
6.427515
25.044453
-7.4525647
-18.281097
119.75704
-16.995007
89.433044
-26.318361
-4.6765127
-9.586245
23.20113
17.86378
10.960054
-1.6255326
-4.700988
21.338537
10.346481
16.154186
-5.6935244
-55.85345
3.0509474
-3.398707
59.373047
-6.0554833
56.127552
-37.88873
-13.899555
20.943163
51.820526
38.974087
3.9985166
-50.72738
-0.13263726
-63.703995
22.84863
4.5230517
1.5913148
30.627518
-8.917644
23.209879
-52.851357
10.591748
41.593292
9.083633
-29.573233
-12.714657
37.936577
-1.5150752
-67.39772
-18.517336
-30.33043
-39.33263
38.095863
-1.7785001
-50.140587
78.18837
-44.93728
12.269281
17.103983
6.4761767
26.650557
16.920954
23.134985
-3.705743
19.67694
-22.748823
18.725273
-3.4435964
24.094591
10.4978695
-31.533464
5.2637453
85.94677
-18.704151
0.24426174
-16.066341
20.94494
31.273455
19.046183
17.3411
-25.846697
22.686876
1.0955353
-7.533427
-28.650118
11.6852255
-6.4877696
6.4456377
-11.494346
39.024673
-38.074688
30.244974
10.9602165
14.869734
32.881283
42.88272
-25.823755
5.9336987
21.668655
2.354757
14.6444435
48.96986
-56.34509
-7.565005
20.185497
-40.31502
-17.938887
-7.2726774
15.65422
-9.948478
51.395702
-23.064466
-6.332393
39.729584
63.610016
-48.860878
-4.098437
1.852699
-41.58206
26.97888
-2.2746787
-11.326431
-13.660571
-27.254906
-52.47672
15.610842
13.375244
-7.800926
-21.377674
26.705181
8.429476
7.339842
-2.4502678
-31.599245
-22.205603
-52.027424
24.816875
-12.578868
-15.377927
4.070462
-41.83919
7.395074
7.654434
-75.24354
-1.6478817
-48.895668
24.071186
-14.492229
-15.26433
46.35164
49.141445
-1.5187306
-15.00037
27.913145
-29.308514
18.568727
-16.007017
-23.05167
-19.602024
-10.967107
